UNITID,CSTOTLT,CSTOTLM,CSTOTLW,CSAIANT,CSAIANM,CSAIANW,CSASIAT,CSASIAM,CSASIAW,CSBKAAT,CSBKAAM,CSBKAAW,CSHISPT,CSHISPM,CSHISPW,CSNHPIT,CSNHPIM,CSNHPIW,CSWHITT,CSWHITM,CSWHITW,CS2MORT,CS2MORM,CS2MORW,CSUNKNT,CSUNKNM,CSUNKNW,CSNRALT,CSNRALM,CSNRALW
100654,821,264,557,2,0,2,1,1,0,679,219,460,6,4,2,1,0,1,24,10,14,11,4,7,77,17,60,20,9,11
100663,6039,2109,3930,16,4,12,374,139,235,1158,322,836,213,73,140,0,0,0,3622,1274,2348,205,59,146,98,45,53,353,193,160
100690,217,83,134,1,0,1,1,0,1,119,27,92,4,1,3,0,0,0,86,52,34,0,0,0,6,3,3,0,0,0
100706,2222,1145,1077,24,9,15,95,49,46,181,68,113,87,44,43,2,2,0,1637,878,759,38,20,18,64,12,52,94,63,31
100724,652,216,436,0,0,0,5,3,2,552,173,379,10,3,7,1,0,1,54,21,33,9,4,5,11,5,6,10,7,3
100751,9315,3810,5505,26,8,18,107,40,67,854,261,593,445,174,271,9,3,6,7223,2982,4241,308,122,186,56,25,31,287,195,92
100760,238,89,149,1,0,1,1,0,1,40,13,27,6,1,5,0,0,0,184,73,111,4,1,3,1,1,0,1,0,1
100812,813,263,550,8,1,7,9,3,6,115,30,85,23,7,16,2,0,2,623,216,407,16,4,12,17,2,15,0,0,0
100830,1048,359,689,4,0,4,15,10,5,348,88,260,14,4,10,0,0,0,507,176,331,28,5,23,26,12,14,106,64,42
100858,7612,3736,3876,20,11,9,175,99,76,409,160,249,269,145,124,4,1,3,5815,2756,3059,153,74,79,23,11,12,744,479,265
100937,261,113,148,0,0,0,3,2,1,17,5,12,7,7,0,0,0,0,230,96,134,0,0,0,1,1,0,3,2,1
101028,420,127,293,2,2,0,5,1,4,156,46,110,31,9,22,0,0,0,205,64,141,17,4,13,4,1,3,0,0,0
101116,107,23,84,0,0,0,2,2,0,61,12,49,0,0,0,0,0,0,43,9,34,0,0,0,1,0,1,0,0,0
101143,203,86,117,1,0,1,0,0,0,31,12,19,13,5,8,0,0,0,146,64,82,8,3,5,4,2,2,0,0,0
101161,1272,542,730,33,15,18,17,10,7,217,72,145,40,21,19,1,0,1,910,398,512,45,21,24,9,5,4,0,0,0
101189,878,308,570,5,3,2,3,3,0,379,91,288,24,13,11,3,3,0,422,180,242,11,3,8,20,4,16,11,8,3
101240,876,342,534,5,1,4,6,2,4,125,48,77,38,15,23,0,0,0,642,256,386,32,9,23,14,6,8,14,5,9
101277,50,0,50,0,0,0,0,0,0,1,0,1,8,0,8,0,0,0,41,0,41,0,0,0,0,0,0,0,0,0
101286,862,267,595,4,1,3,10,2,8,228,42,186,30,11,19,3,0,3,569,204,365,11,2,9,6,5,1,1,0,1
101295,1494,495,999,10,5,5,16,5,11,63,21,42,89,35,54,3,1,2,1271,414,857,17,3,14,17,7,10,8,4,4
101301,317,107,210,0,0,0,2,1,1,265,91,174,2,0,2,0,0,0,44,15,29,2,0,2,2,0,2,0,0,0
101365,280,78,202,1,0,1,4,3,1,160,14,146,4,2,2,2,1,1,103,54,49,2,1,1,4,3,1,0,0,0
101435,244,103,141,2,0,2,2,2,0,38,19,19,12,6,6,0,0,0,176,70,106,10,5,5,4,1,3,0,0,0
101453,13,12,1,0,0,0,0,0,0,0,0,0,1,1,0,0,0,0,12,11,1,0,0,0,0,0,0,0,0,0
101462,133,46,87,1,1,0,1,0,1,69,19,50,7,3,4,0,0,0,41,19,22,8,2,6,1,0,1,5,2,3
101471,196,150,46,1,1,0,0,0,0,119,106,13,2,2,0,0,0,0,74,41,33,0,0,0,0,0,0,0,0,0
101480,2014,689,1325,8,5,3,14,5,9,336,108,228,0,0,0,1,0,1,1475,503,972,0,0,0,123,42,81,57,26,31
101505,1046,334,712,2,1,1,18,6,12,213,52,161,50,16,34,0,0,0,700,234,466,32,12,20,8,4,4,23,9,14
101514,1918,890,1028,31,16,15,62,28,34,224,96,128,116,47,69,1,1,0,1323,635,688,99,38,61,44,18,26,18,11,7
101569,566,261,305,4,2,2,4,2,2,424,162,262,26,15,11,0,0,0,92,73,19,9,3,6,6,4,2,1,0,1
101587,1769,406,1363,21,3,18,3,1,2,517,125,392,22,5,17,1,0,1,999,228,771,35,6,29,146,23,123,25,15,10
101602,469,203,266,0,0,0,2,0,2,91,22,69,12,3,9,0,0,0,329,156,173,15,7,8,20,15,5,0,0,0
101648,86,54,32,1,1,0,2,2,0,14,8,6,2,1,1,1,1,0,61,36,25,5,5,0,0,0,0,0,0,0
101675,204,80,124,0,0,0,0,0,0,184,66,118,3,1,2,0,0,0,12,10,2,4,2,2,1,1,0,0,0,0
101693,326,98,228,4,0,4,8,4,4,56,11,45,5,1,4,0,0,0,190,68,122,8,1,7,44,8,36,11,5,6
101709,559,163,396,4,1,3,5,3,2,82,22,60,22,8,14,1,1,0,383,100,283,24,10,14,15,1,14,23,17,6
101736,1454,623,831,16,6,10,8,3,5,126,44,82,83,39,44,0,0,0,1154,495,659,16,5,11,37,22,15,14,9,5
101879,1853,683,1170,10,4,6,33,13,20,233,88,145,57,14,43,0,0,0,1365,494,871,50,21,29,15,8,7,90,41,49
101897,920,374,546,22,11,11,9,2,7,21,7,14,121,35,86,0,0,0,734,313,421,13,6,7,0,0,0,0,0,0
101912,280,104,176,1,0,1,2,0,2,210,81,129,19,9,10,0,0,0,7,1,6,11,1,10,7,2,5,23,10,13
101994,135,33,102,3,0,3,0,0,0,81,9,72,1,1,0,0,0,0,49,23,26,1,0,1,0,0,0,0,0,0
102030,539,204,335,5,1,4,8,5,3,362,134,228,8,3,5,0,0,0,131,51,80,8,4,4,7,2,5,10,4,6
102049,1629,539,1090,5,0,5,33,9,24,146,52,94,50,20,30,1,0,1,1301,426,875,37,13,24,34,8,26,22,11,11
102067,645,284,361,3,1,2,6,3,3,179,60,119,7,2,5,0,0,0,410,202,208,14,5,9,24,11,13,2,0,2
102076,434,149,285,8,1,7,4,2,2,35,10,25,84,22,62,0,0,0,282,105,177,3,1,2,17,8,9,1,0,1
102094,3657,1026,2631,33,12,21,96,31,65,667,139,528,123,31,92,3,0,3,2440,686,1754,99,35,64,87,30,57,109,62,47
102234,294,118,176,0,0,0,4,2,2,32,9,23,11,3,8,2,1,1,208,84,124,6,1,5,12,5,7,19,13,6
102270,121,43,78,0,0,0,0,0,0,111,38,73,0,0,0,0,0,0,10,5,5,0,0,0,0,0,0,0,0,0
102298,147,56,91,0,0,0,0,0,0,133,48,85,1,1,0,1,0,1,2,0,2,3,1,2,0,0,0,7,6,1
102313,252,104,148,1,0,1,3,1,2,149,52,97,11,2,9,0,0,0,83,47,36,1,1,0,4,1,3,0,0,0
102368,3865,1382,2483,14,6,8,40,18,22,1038,257,781,147,65,82,2,0,2,1913,742,1171,119,45,74,434,166,268,158,83,75
102377,654,222,432,3,2,1,9,8,1,539,164,375,12,3,9,1,0,1,12,4,8,10,5,5,68,36,32,0,0,0
102395,63,42,21,1,1,0,3,2,1,5,2,3,4,1,3,0,0,0,43,32,11,2,1,1,4,3,1,1,0,1
102429,1020,502,518,1,1,0,6,1,5,258,142,116,16,11,5,0,0,0,715,334,381,18,12,6,6,1,5,0,0,0
102553,2005,801,1204,66,20,46,138,49,89,53,19,34,164,59,105,35,11,24,1165,477,688,234,98,136,113,52,61,37,16,21
102580,5,3,2,0,0,0,0,0,0,0,0,0,1,0,1,0,0,0,4,3,1,0,0,0,0,0,0,0,0,0
102614,1247,506,741,129,26,103,30,9,21,31,12,19,104,45,59,8,3,5,695,297,398,95,34,61,114,57,57,41,23,18
102632,544,225,319,42,12,30,17,7,10,4,1,3,43,14,29,10,8,2,345,147,198,34,15,19,42,18,24,7,3,4
102669,130,37,93,35,9,26,1,0,1,5,1,4,6,1,5,2,1,1,59,19,40,13,3,10,9,3,6,0,0,0
102711,90,71,19,14,10,4,1,0,1,1,1,0,3,2,1,0,0,0,53,42,11,13,12,1,5,4,1,0,0,0
102845,1315,303,1012,86,9,77,20,5,15,56,16,40,275,65,210,63,18,45,462,103,359,205,50,155,148,37,111,0,0,0
103501,237,25,212,43,3,40,45,4,41,17,3,14,21,1,20,6,0,6,75,13,62,25,1,24,5,0,5,0,0,0
103741,64,2,62,2,1,1,1,0,1,3,0,3,36,0,36,0,0,0,18,1,17,1,0,1,3,0,3,0,0,0
103893,477,63,414,19,2,17,19,3,16,38,6,32,244,30,214,1,0,1,125,15,110,15,3,12,11,3,8,5,1,4
103909,299,39,260,29,2,27,9,1,8,12,1,11,110,20,90,2,0,2,111,13,98,19,1,18,6,1,5,1,0,1
103927,178,22,156,1,0,1,2,0,2,10,2,8,111,12,99,0,0,0,51,8,43,1,0,1,1,0,1,1,0,1
103954,28,0,28,0,0,0,0,0,0,3,0,3,11,0,11,0,0,0,11,0,11,3,0,3,0,0,0,0,0,0
103963,223,203,20,23,17,6,0,0,0,15,15,0,84,79,5,2,2,0,82,76,6,12,9,3,5,5,0,0,0,0
104090,649,109,540,44,2,42,30,10,20,98,15,83,187,36,151,2,0,2,179,30,149,17,2,15,91,14,77,1,0,1
104151,18833,9359,9474,222,87,135,1299,648,651,692,303,389,3910,1612,2298,42,22,20,8916,4359,4557,709,294,415,116,67,49,2927,1967,960
104160,922,302,620,7,0,7,13,4,9,12,6,6,682,216,466,3,1,2,140,51,89,15,5,10,19,10,9,31,9,22
104179,10782,4848,5934,122,38,84,604,260,344,403,170,233,2705,1097,1608,14,8,6,5282,2361,2921,455,197,258,307,143,164,890,574,316
104346,774,253,521,45,11,34,19,8,11,40,14,26,235,70,165,3,1,2,343,123,220,22,5,17,50,16,34,17,5,12
104391,16,0,16,0,0,0,1,0,1,0,0,0,6,0,6,0,0,0,8,0,8,0,0,0,1,0,1,0,0,0
104425,1711,1052,659,5,4,1,49,37,12,135,93,42,518,250,268,11,8,3,890,592,298,70,44,26,23,18,5,10,6,4
104443,27,4,23,2,0,2,1,0,1,4,1,3,9,2,7,0,0,0,10,1,9,0,0,0,1,0,1,0,0,0
104568,213,1,212,3,0,3,3,0,3,9,1,8,77,0,77,0,0,0,95,0,95,12,0,12,14,0,14,0,0,0
104577,656,250,406,44,9,35,10,3,7,10,6,4,169,67,102,3,1,2,376,145,231,14,5,9,15,7,8,15,7,8
104586,621,439,182,1,1,0,35,31,4,7,6,1,72,41,31,2,2,0,413,292,121,31,18,13,21,15,6,39,33,6
104665,7,2,5,0,0,0,0,0,0,1,1,0,1,0,1,0,0,0,4,1,3,0,0,0,1,0,1,0,0,0
104708,2042,797,1245,26,9,17,95,37,58,97,42,55,749,265,484,6,5,1,936,382,554,61,25,36,56,26,30,16,6,10
104717,28957,6837,22120,217,58,159,1426,304,1122,5581,1178,4403,5154,1303,3851,142,44,98,13711,3198,10513,861,246,615,1549,381,1168,316,125,191
105145,1029,325,704,13,4,9,48,13,35,115,38,77,461,169,292,2,0,2,338,87,251,36,10,26,14,4,10,2,0,2
105154,1748,711,1037,48,14,34,79,20,59,88,37,51,454,162,292,5,2,3,902,391,511,77,35,42,62,32,30,33,18,15
105206,635,231,404,13,4,9,10,4,6,6,3,3,143,57,86,3,1,2,434,151,283,16,7,9,6,2,4,4,2,2
105215,489,461,28,14,11,3,5,5,0,16,15,1,60,56,4,2,2,0,312,295,17,56,53,3,22,22,0,2,2,0
105297,126,37,89,125,36,89,0,0,0,0,0,0,1,1,0,0,0,0,0,0,0,0,0,0,0,0,0,0,0,0
105330,7739,2634,5105,199,57,142,190,59,131,256,90,166,1932,552,1380,16,7,9,4317,1472,2845,405,150,255,272,144,128,152,103,49
105349,401,203,198,87,30,57,4,3,1,3,2,1,59,36,23,1,0,1,228,122,106,7,4,3,12,6,6,0,0,0
105367,313,99,214,4,1,3,87,49,38,20,4,16,51,8,43,0,0,0,136,33,103,2,0,2,13,4,9,0,0,0
105428,1214,326,888,28,4,24,42,12,30,100,30,70,631,148,483,0,0,0,350,110,240,36,13,23,25,8,17,2,1,1
105525,2704,1099,1605,56,19,37,76,32,44,94,38,56,1183,442,741,16,9,7,1116,484,632,50,19,31,74,35,39,39,21,18
105534,1227,210,1017,24,7,17,51,11,40,87,15,72,569,86,483,5,0,5,420,81,339,60,8,52,11,2,9,0,0,0
105543,493,66,427,71,4,67,3,1,2,8,2,6,300,42,258,1,0,1,93,16,77,13,1,12,4,0,4,0,0,0
105589,326,88,238,3,0,3,2,0,2,7,1,6,8,4,4,2,1,1,212,53,159,18,8,10,71,20,51,3,1,2
105659,645,602,43,86,70,16,11,11,0,42,40,2,207,198,9,3,3,0,250,237,13,28,26,2,18,17,1,0,0,0
105668,3366,1906,1460,61,23,38,59,32,27,261,126,135,1223,775,448,15,9,6,1439,766,673,128,73,55,180,102,78,0,0,0
105677,38,38,0,0,0,0,1,1,0,0,0,0,1,1,0,0,0,0,36,36,0,0,0,0,0,0,0,0,0,0
105747,916,335,581,34,10,24,27,12,15,30,9,21,202,66,136,0,0,0,544,212,332,41,13,28,24,9,15,14,4,10
105792,375,161,214,10,4,6,8,3,5,54,19,35,221,91,130,1,0,1,57,32,25,9,5,4,14,7,7,1,0,1
105899,130,72,58,1,1,0,2,0,2,15,13,2,32,16,16,1,0,1,68,33,35,5,4,1,3,3,0,3,2,1
106041,856,821,35,42,40,2,17,17,0,22,22,0,252,244,8,13,12,1,373,357,16,83,79,4,53,49,4,1,1,0
106111,20,0,20,0,0,0,0,0,0,3,0,3,4,0,4,0,0,0,0,0,0,0,0,0,13,0,13,0,0,0
106148,1371,553,818,17,6,11,9,4,5,11,4,7,291,103,188,3,0,3,803,333,470,35,15,20,200,86,114,2,2,0
106245,2238,738,1500,16,5,11,60,30,30,480,99,381,61,15,46,0,0,0,1264,445,819,173,60,113,24,9,15,160,75,85
106263,950,287,663,8,2,6,63,18,45,92,19,73,49,13,36,2,0,2,664,215,449,24,8,16,30,6,24,18,6,12
106306,26,23,3,0,0,0,0,0,0,16,14,2,1,1,0,1,1,0,7,7,0,0,0,0,0,0,0,1,0,1
106315,73,4,69,0,0,0,0,0,0,66,3,63,1,0,1,0,0,0,5,1,4,0,0,0,1,0,1,0,0,0
106324,11,0,11,0,0,0,0,0,0,0,0,0,2,0,2,0,0,0,9,0,9,0,0,0,0,0,0,0,0,0
106342,144,71,73,0,0,0,3,1,2,11,9,2,10,5,5,0,0,0,69,28,41,5,3,2,36,16,20,10,9,1
106351,15,10,5,0,0,0,0,0,0,13,9,4,0,0,0,0,0,0,2,1,1,0,0,0,0,0,0,0,0,0
106360,14,1,13,0,0,0,0,0,0,0,0,0,3,1,2,0,0,0,11,0,11,0,0,0,0,0,0,0,0,0
106397,6845,3079,3766,51,18,33,163,79,84,313,144,169,594,235,359,2,0,2,5022,2255,2767,269,116,153,61,27,34,370,205,165
106412,401,147,254,0,0,0,3,2,1,356,124,232,11,5,6,0,0,0,17,8,9,5,2,3,0,0,0,9,6,3
106449,790,305,485,4,0,4,5,2,3,40,13,27,37,12,25,1,1,0,673,260,413,21,13,8,8,4,4,1,0,1
106458,5022,1704,3318,17,4,13,47,28,19,594,166,428,160,54,106,2,1,1,3826,1265,2561,104,41,63,95,40,55,177,105,72
106467,2793,1094,1699,16,6,10,54,18,36,145,59,86,250,94,156,5,3,2,2124,818,1306,118,48,70,0,0,0,81,48,33
106485,944,383,561,0,0,0,2,1,1,238,81,157,57,25,32,1,0,1,591,256,335,44,14,30,3,0,3,8,6,2
106494,14,2,12,0,0,0,0,0,0,2,0,2,0,0,0,0,0,0,11,1,10,1,1,0,0,0,0,0,0,0
106546,335,32,303,0,0,0,6,2,4,92,8,84,14,2,12,0,0,0,213,19,194,6,1,5,2,0,2,2,0,2
106625,649,281,368,0,0,0,2,1,1,26,10,16,21,6,15,1,0,1,584,260,324,9,1,8,6,3,3,0,0,0
106704,2587,910,1677,13,6,7,50,27,23,320,114,206,131,46,85,1,1,0,1842,613,1229,82,34,48,10,4,6,138,65,73
106713,139,62,77,0,0,0,1,1,0,18,8,10,8,5,3,0,0,0,102,44,58,1,1,0,5,2,3,4,1,3
106795,465,251,214,6,2,4,2,2,0,23,13,10,160,115,45,0,0,0,252,106,146,22,13,9,0,0,0,0,0,0
106810,40,16,24,0,0,0,0,0,0,5,4,1,1,0,1,0,0,0,34,12,22,0,0,0,0,0,0,0,0,0
106883,279,116,163,0,0,0,2,1,1,131,60,71,6,1,5,0,0,0,137,53,84,1,1,0,0,0,0,2,0,2
106892,161,4,157,0,0,0,0,0,0,133,3,130,6,0,6,0,0,0,22,1,21,0,0,0,0,0,0,0,0,0
106908,163,13,150,2,0,2,1,0,1,44,5,39,11,4,7,0,0,0,99,4,95,2,0,2,4,0,4,0,0,0
106980,511,173,338,7,2,5,9,6,3,49,16,33,46,16,30,0,0,0,392,128,264,1,0,1,2,0,2,5,5,0
106999,425,122,303,2,0,2,4,1,3,10,5,5,27,13,14,1,0,1,341,89,252,30,8,22,0,0,0,10,6,4
107044,1254,517,737,4,1,3,19,7,12,49,26,23,49,18,31,2,2,0,1034,407,627,33,15,18,1,1,0,63,40,23
107071,770,257,513,4,2,2,7,3,4,131,36,95,41,17,24,1,1,0,538,174,364,27,13,14,9,3,6,12,8,4
107080,245,105,140,0,0,0,13,3,10,17,8,9,12,3,9,0,0,0,164,76,88,18,6,12,20,9,11,1,0,1
107099,29,0,29,1,0,1,1,0,1,3,0,3,0,0,0,0,0,0,22,0,22,2,0,2,0,0,0,0,0,0
107123,25,1,24,0,0,0,0,0,0,1,0,1,0,0,0,0,0,0,24,1,23,0,0,0,0,0,0,0,0,0
107141,537,210,327,11,4,7,5,1,4,19,6,13,37,12,25,1,0,1,406,158,248,25,11,14,10,5,5,23,13,10
107220,136,7,129,7,0,7,6,0,6,6,0,6,25,2,23,0,0,0,92,5,87,0,0,0,0,0,0,0,0,0
107293,40,0,40,2,0,2,0,0,0,2,0,2,7,0,7,0,0,0,27,0,27,2,0,2,0,0,0,0,0,0
107318,381,185,196,6,3,3,4,2,2,200,71,129,9,8,1,0,0,0,159,99,60,0,0,0,0,0,0,3,2,1
107327,353,139,214,0,0,0,2,1,1,101,38,63,28,14,14,0,0,0,217,82,135,4,4,0,1,0,1,0,0,0
107442,10,6,4,0,0,0,0,0,0,9,6,3,0,0,0,0,0,0,1,0,1,0,0,0,0,0,0,0,0,0
107460,445,167,278,2,1,1,6,2,4,9,4,5,39,11,28,0,0,0,357,140,217,23,5,18,2,1,1,7,3,4
107488,124,76,48,1,0,1,3,3,0,6,4,2,37,25,12,1,1,0,73,40,33,2,2,0,1,1,0,0,0,0
107512,364,136,228,0,0,0,1,1,0,17,12,5,22,8,14,0,0,0,304,107,197,12,5,7,0,0,0,8,3,5
107521,418,111,307,0,0,0,4,2,2,107,16,91,27,15,12,1,0,1,259,75,184,20,3,17,0,0,0,0,0,0
107549,444,105,339,5,1,4,5,0,5,7,1,6,9,3,6,0,0,0,418,100,318,0,0,0,0,0,0,0,0,0
107558,155,75,80,1,0,1,3,0,3,12,8,4,19,9,10,0,0,0,63,37,26,7,2,5,11,3,8,39,16,23
107585,764,303,461,0,0,0,8,2,6,39,14,25,67,32,35,0,0,0,602,239,363,33,10,23,4,2,2,11,4,7
107600,146,43,103,0,0,0,0,0,0,141,43,98,3,0,3,0,0,0,0,0,0,2,0,2,0,0,0,0,0,0
107619,310,127,183,1,1,0,2,2,0,144,57,87,12,5,7,0,0,0,145,58,87,5,3,2,1,1,0,0,0,0
107637,405,128,277,0,0,0,6,3,3,214,50,164,87,32,55,0,0,0,95,43,52,3,0,3,0,0,0,0,0,0
107655,16,0,16,0,0,0,0,0,0,9,0,9,0,0,0,0,0,0,7,0,7,0,0,0,0,0,0,0,0,0
107664,1157,422,735,6,2,4,28,15,13,408,116,292,47,17,30,1,1,0,582,235,347,34,13,21,37,18,19,14,5,9
107725,377,117,260,1,1,0,2,0,2,107,19,88,41,17,24,1,0,1,217,76,141,6,3,3,2,1,1,0,0,0
107743,284,109,175,4,0,4,1,0,1,1,1,0,8,3,5,3,0,3,241,93,148,4,0,4,7,0,7,15,12,3
107789,63,1,62,2,0,2,0,0,0,0,0,0,9,0,9,0,0,0,52,1,51,0,0,0,0,0,0,0,0,0
107831,17,0,17,0,0,0,0,0,0,0,0,0,0,0,0,0,0,0,17,0,17,0,0,0,0,0,0,0,0,0
107840,32,6,26,0,0,0,0,0,0,29,5,24,1,1,0,0,0,0,1,0,1,0,0,0,1,0,1,0,0,0
107877,93,43,50,1,0,1,0,0,0,5,5,0,1,0,1,0,0,0,76,30,46,3,2,1,0,0,0,7,6,1
107974,546,194,352,0,0,0,1,0,1,142,30,112,54,31,23,0,0,0,327,125,202,14,3,11,5,3,2,3,2,1
107983,1211,460,751,8,3,5,13,6,7,203,83,120,42,13,29,0,0,0,810,294,516,34,10,24,13,7,6,88,44,44
107992,518,347,171,1,1,0,5,2,3,123,60,63,25,18,7,1,1,0,339,243,96,20,18,2,4,4,0,0,0,0
108065,3,0,3,0,0,0,0,0,0,3,0,3,0,0,0,0,0,0,0,0,0,0,0,0,0,0,0,0,0,0
108092,1309,573,736,18,9,9,69,40,29,45,14,31,173,77,96,3,1,2,875,366,509,115,63,52,0,0,0,11,3,8
108232,1729,631,1098,9,4,5,105,46,59,70,27,43,113,48,65,1,0,1,250,77,173,33,14,19,380,146,234,768,269,499
108269,16,3,13,0,0,0,8,2,6,0,0,0,1,0,1,0,0,0,7,1,6,0,0,0,0,0,0,0,0,0
108667,332,136,196,0,0,0,131,53,78,40,11,29,74,33,41,2,2,0,51,22,29,15,9,6,10,1,9,9,5,4
108807,1957,721,1236,6,3,3,72,23,49,31,17,14,1244,399,845,2,1,1,489,224,265,61,26,35,51,28,23,1,0,1
108852,159,47,112,1,1,0,2,1,1,16,8,8,23,8,15,1,0,1,52,18,34,10,1,9,0,0,0,54,10,44
108861,21,15,6,0,0,0,4,2,2,8,5,3,2,2,0,0,0,0,6,5,1,0,0,0,0,0,0,1,1,0
108870,82,35,47,1,1,0,3,0,3,6,2,4,7,4,3,0,0,0,24,11,13,5,2,3,2,2,0,34,13,21
108977,52,10,42,0,0,0,0,0,0,6,0,6,35,8,27,0,0,0,11,2,9,0,0,0,0,0,0,0,0,0
109040,947,182,765,2,1,1,115,36,79,99,19,80,620,99,521,14,5,9,65,15,50,30,7,23,2,0,2,0,0,0
109086,12,7,5,0,0,0,0,0,0,3,2,1,0,0,0,0,0,0,5,3,2,2,0,2,1,1,0,1,1,0
109208,2515,902,1613,17,2,15,367,159,208,171,63,108,570,194,376,23,8,15,1144,388,756,152,61,91,56,22,34,15,5,10
109350,1638,618,1020,3,1,2,58,27,31,165,44,121,966,375,591,2,0,2,331,130,201,73,26,47,36,12,24,4,3,1
109651,586,257,329,0,0,0,189,71,118,7,5,2,63,31,32,3,0,3,84,45,39,18,7,11,3,1,2,219,97,122
109721,134,36,98,0,0,0,2,1,1,48,22,26,38,9,29,0,0,0,32,1,31,7,1,6,7,2,5,0,0,0
109730,36,30,6,0,0,0,0,0,0,11,10,1,12,9,3,1,1,0,9,7,2,0,0,0,3,3,0,0,0,0
109785,2543,775,1768,11,3,8,293,93,200,178,60,118,825,217,608,21,5,16,831,265,566,110,45,65,186,48,138,88,39,49
109819,2651,868,1783,6,2,4,118,35,83,70,24,46,1819,589,1230,1,0,1,532,178,354,86,32,54,3,1,2,16,7,9
109907,546,154,392,4,1,3,13,7,6,72,18,54,271,68,203,2,1,1,149,46,103,22,9,13,13,4,9,0,0,0
109934,222,38,184,3,0,3,13,2,11,24,4,20,135,22,113,4,1,3,14,0,14,26,8,18,3,1,2,0,0,0
110060,85,51,34,1,1,0,19,8,11,1,1,0,5,3,2,0,0,0,4,4,0,0,0,0,0,0,0,55,34,21
110097,1350,551,799,5,1,4,219,112,107,28,11,17,234,70,164,8,4,4,566,242,324,120,47,73,68,28,40,102,36,66
110194,142,141,1,0,0,0,11,11,0,4,4,0,87,87,0,1,1,0,38,37,1,0,0,0,1,1,0,0,0,0
110219,692,259,433,5,1,4,5,3,2,144,64,80,37,14,23,2,1,1,304,101,203,64,23,41,131,52,79,0,0,0
110246,1874,844,1030,17,7,10,116,38,78,27,14,13,504,219,285,7,1,6,1031,482,549,108,51,57,40,17,23,24,15,9
110316,444,105,339,1,1,0,38,12,26,24,4,20,49,10,39,5,1,4,254,55,199,27,11,16,17,3,14,29,8,21
110334,1256,439,817,3,1,2,39,12,27,9,5,4,627,202,425,0,0,0,490,183,307,68,30,38,12,5,7,8,1,7
110361,3296,1160,2136,12,5,7,196,83,113,284,93,191,1142,342,800,24,12,12,1218,462,756,154,47,107,129,48,81,137,68,69
110370,450,161,289,1,0,1,54,13,41,16,5,11,56,25,31,1,1,0,89,32,57,16,6,10,15,8,7,202,71,131
110398,306,129,177,2,1,1,65,23,42,9,2,7,59,30,29,2,2,0,137,55,82,0,0,0,17,11,6,15,5,10
110404,523,319,204,0,0,0,129,61,68,7,4,3,40,31,9,0,0,0,158,104,54,27,12,15,1,1,0,161,106,55
110413,1303,504,799,6,0,6,55,21,34,36,21,15,456,144,312,7,6,1,489,193,296,94,34,60,36,16,20,124,69,55
110422,5763,2779,2984,11,6,5,739,365,374,32,18,14,1013,476,537,7,2,5,3126,1500,1626,415,191,224,292,149,143,128,72,56
110468,1070,317,753,1,0,1,117,47,70,82,28,54,257,65,192,1,1,0,460,123,337,46,11,35,85,31,54,21,11,10
110486,2978,978,2000,10,3,7,176,68,108,123,42,81,1706,497,1209,1,0,1,519,188,331,65,24,41,263,102,161,115,54,61
110495,2831,885,1946,3,3,0,278,108,170,61,18,43,1434,401,1033,16,7,9,693,227,466,98,32,66,151,56,95,97,33,64
110510,4670,1753,2917,13,5,8,281,130,151,246,93,153,2795,943,1852,8,3,5,677,273,404,107,39,68,194,82,112,349,185,164
110529,6976,3489,3487,11,7,4,1589,870,719,216,107,109,3095,1399,1696,14,9,5,1079,611,468,245,119,126,240,134,106,487,233,254
110538,4436,1904,2532,30,14,16,226,98,128,102,46,56,1406,541,865,8,3,5,2049,909,1140,222,87,135,272,124,148,121,82,39
110547,4526,1481,3045,4,2,2,436,196,240,531,148,383,2603,777,1826,14,5,9,448,176,272,131,44,87,159,58,101,200,75,125
110556,5960,2239,3721,23,12,11,649,250,399,154,68,86,3088,1067,2021,8,3,5,1278,521,757,165,56,109,235,88,147,360,174,186
110565,11391,4623,6768,14,5,9,2291,1021,1270,266,101,165,4614,1641,2973,23,9,14,2515,1079,1436,427,162,265,405,177,228,836,428,408
110574,5347,1962,3385,6,3,3,1256,524,732,473,135,338,1591,518,1073,46,14,32,980,378,602,252,94,158,280,114,166,463,182,281
110583,10622,4362,6260,15,6,9,2015,889,1126,422,135,287,4616,1751,2865,24,8,16,2080,894,1186,462,195,267,343,172,171,645,312,333
110592,6946,2671,4275,7,3,4,965,458,507,250,95,155,4361,1568,2793,9,3,6,524,206,318,122,38,84,212,91,121,496,209,287
110608,11164,4494,6670,9,4,5,1095,562,533,464,168,296,4820,1743,3077,15,9,6,2861,1219,1642,317,142,175,787,289,498,796,358,438
110617,8571,3401,5170,24,9,15,1548,715,833,429,165,264,2676,930,1746,76,31,45,2607,1040,1567,510,211,299,415,172,243,286,128,158
110635,13059,6302,6757,15,8,7,3870,1873,1997,283,126,157,1779,696,1083,16,6,10,3576,1724,1852,685,294,391,533,299,234,2302,1276,1026
110644,10871,4429,6442,25,8,17,2705,1111,1594,216,61,155,2171,695,1476,38,13,25,2877,1159,1718,614,225,389,170,81,89,2055,1076,979
110653,11323,5330,5993,7,5,2,3774,1761,2013,222,89,133,2527,984,1543,17,12,5,1933,942,991,484,209,275,258,131,127,2101,1197,904
110662,14011,6278,7733,21,10,11,3402,1560,1842,438,135,303,2789,939,1850,27,8,19,4033,1938,2095,730,292,438,383,175,208,2188,1221,967
110671,7138,3343,3795,8,2,6,2089,1048,1041,271,94,177,2699,1064,1635,26,14,12,1051,541,510,244,116,128,82,40,42,668,424,244
110680,11422,5845,5577,10,6,4,3265,1603,1662,164,67,97,1896,814,1082,23,11,12,2531,1340,1191,501,244,257,190,100,90,2842,1660,1182
110699,1048,338,710,1,1,0,397,127,270,60,21,39,153,63,90,5,3,2,301,93,208,36,10,26,49,8,41,46,12,34
110705,7160,3280,3880,14,4,10,1188,542,646,168,62,106,1626,656,970,11,6,5,2446,1136,1310,510,216,294,180,102,78,1017,556,461
110714,5449,2749,2700,2,1,1,1097,619,478,86,34,52,1430,622,808,5,1,4,1751,882,869,456,221,235,106,60,46,516,309,207
110778,673,355,318,0,0,0,7,4,3,2,1,1,2,0,2,1,1,0,6,3,3,0,0,0,9,4,5,646,342,304
110875,45,0,45,1,0,1,2,0,2,2,0,2,21,0,21,0,0,0,18,0,18,1,0,1,0,0,0,0,0,0
110918,7,6,1,0,0,0,2,2,0,2,1,1,2,2,0,0,0,0,1,1,0,0,0,0,0,0,0,0,0,0
111045,4,1,3,0,0,0,1,0,1,2,0,2,0,0,0,0,0,0,0,0,0,0,0,0,0,0,0,1,1,0
111054,64,5,59,0,0,0,7,2,5,5,0,5,20,1,19,0,0,0,26,2,24,5,0,5,1,0,1,0,0,0
111081,345,145,200,0,0,0,26,9,17,17,10,7,40,20,20,0,0,0,144,73,71,17,6,11,9,3,6,92,24,68
111188,156,123,33,1,1,0,17,14,3,2,1,1,32,20,12,3,3,0,58,49,9,23,19,4,19,15,4,1,1,0
111391,310,142,168,0,0,0,9,4,5,7,2,5,66,26,40,4,1,3,101,46,55,10,4,6,109,58,51,4,1,3
111434,487,138,349,0,0,0,44,13,31,4,1,3,252,68,184,9,1,8,119,29,90,21,8,13,14,7,7,24,11,13
111461,2383,929,1454,5,2,3,288,119,169,99,37,62,1106,406,700,9,3,6,744,300,444,77,34,43,27,13,14,28,15,13
111513,164,2,162,2,0,2,28,1,27,6,0,6,68,1,67,0,0,0,56,0,56,4,0,4,0,0,0,0,0,0
111638,90,30,60,0,0,0,9,2,7,8,3,5,30,9,21,0,0,0,43,16,27,0,0,0,0,0,0,0,0,0
111708,179,160,19,0,0,0,76,72,4,14,11,3,58,46,12,3,3,0,26,26,0,2,2,0,0,0,0,0,0,0
111717,133,88,45,1,1,0,6,3,3,4,4,0,100,65,35,0,0,0,14,10,4,8,5,3,0,0,0,0,0,0
111726,134,97,37,0,0,0,0,0,0,0,0,0,129,92,37,0,0,0,5,5,0,0,0,0,0,0,0,0,0,0
111744,90,85,5,0,0,0,2,2,0,11,11,0,63,61,2,1,0,1,12,10,2,1,1,0,0,0,0,0,0,0
111762,91,38,53,0,0,0,0,0,0,1,1,0,89,36,53,0,0,0,1,1,0,0,0,0,0,0,0,0,0,0
111799,130,20,110,1,0,1,1,0,1,0,0,0,127,20,107,0,0,0,1,0,1,0,0,0,0,0,0,0,0,0
111887,2392,827,1565,5,0,5,220,80,140,120,42,78,1659,559,1100,12,3,9,224,83,141,72,25,47,63,23,40,17,12,5
111896,469,193,276,8,3,5,24,9,15,29,15,14,157,66,91,3,0,3,209,74,135,25,13,12,13,13,0,1,0,1
111920,1496,531,965,2,0,2,420,183,237,115,40,75,648,200,448,23,10,13,176,57,119,94,34,60,7,4,3,11,3,8
111939,2780,974,1806,10,2,8,212,104,108,186,57,129,1786,595,1191,4,1,3,436,160,276,70,28,42,68,24,44,8,3,5
111948,2638,1008,1630,4,0,4,417,156,261,56,21,35,468,177,291,3,1,2,1247,479,768,160,55,105,142,51,91,141,68,73
111966,393,125,268,0,0,0,120,41,79,114,33,81,89,25,64,4,2,2,25,8,17,16,7,9,22,8,14,3,1,2
112075,1615,617,998,6,4,2,126,39,87,103,53,50,381,125,256,8,2,6,801,312,489,83,32,51,73,29,44,34,21,13
112084,166,67,99,0,0,0,5,2,3,13,9,4,38,16,22,4,2,2,93,33,60,8,3,5,2,0,2,3,2,1
112127,19,6,13,0,0,0,1,0,1,1,0,1,1,1,0,0,0,0,16,5,11,0,0,0,0,0,0,0,0,0
112172,1928,724,1204,2,0,2,169,71,98,62,25,37,1252,450,802,7,2,5,299,115,184,44,19,25,30,12,18,63,30,33
112181,65,0,65,0,0,0,4,0,4,1,0,1,13,0,13,2,0,2,43,0,43,0,0,0,2,0,2,0,0,0
112190,2960,933,2027,8,4,4,1171,323,848,183,56,127,725,218,507,18,8,10,510,218,292,115,40,75,120,35,85,110,31,79
112251,553,239,314,10,1,9,59,22,37,50,20,30,95,32,63,3,1,2,151,71,80,6,2,4,40,13,27,139,77,62
112260,309,162,147,1,1,0,35,15,20,11,6,5,47,21,26,0,0,0,128,76,52,19,8,11,16,7,9,52,28,24
112288,188,14,174,5,0,5,4,1,3,5,0,5,134,11,123,0,0,0,31,2,29,7,0,7,2,0,2,0,0,0
112367,159,16,143,1,0,1,25,4,21,7,0,7,75,8,67,10,0,10,30,4,26,10,0,10,1,0,1,0,0,0
112385,1295,767,528,9,8,1,194,105,89,205,126,79,335,194,141,12,7,5,419,252,167,67,37,30,52,37,15,2,1,1
112394,111,71,40,2,1,1,26,18,8,7,4,3,15,9,6,0,0,0,40,26,14,4,3,1,14,8,6,3,2,1
112455,44,6,38,0,0,0,5,0,5,2,1,1,31,5,26,0,0,0,3,0,3,0,0,0,3,0,3,0,0,0
112525,1070,410,660,3,1,2,308,140,168,36,14,22,166,53,113,6,4,2,345,124,221,130,45,85,53,20,33,23,9,14
112561,339,158,181,2,0,2,6,4,2,9,9,0,70,32,38,2,0,2,245,110,135,2,2,0,3,1,2,0,0,0
112570,226,139,87,2,2,0,13,10,3,37,23,14,47,28,19,0,0,0,96,62,34,9,4,5,14,6,8,8,4,4
112686,449,98,351,0,0,0,17,5,12,92,20,72,301,70,231,2,0,2,6,1,5,12,0,12,19,2,17,0,0,0
112826,665,215,450,2,0,2,160,54,106,83,28,55,322,100,222,2,2,0,58,18,40,25,7,18,6,4,2,7,2,5
113096,1149,391,758,3,2,1,401,157,244,95,23,72,271,81,190,23,6,17,248,90,158,72,23,49,23,5,18,13,4,9
113111,852,390,462,2,0,2,51,24,27,27,13,14,383,172,211,1,1,0,324,156,168,54,19,35,9,5,4,1,0,1
113193,2915,1146,1769,14,7,7,103,33,70,63,44,19,815,298,517,6,2,4,1673,662,1011,184,70,114,45,23,22,12,7,5
113218,601,242,359,2,1,1,19,9,10,20,10,10,158,79,79,0,0,0,350,126,224,39,11,28,9,3,6,4,3,1
113236,1773,698,1075,0,0,0,499,228,271,59,18,41,784,281,503,6,3,3,270,112,158,71,21,50,44,19,25,40,16,24
113333,2536,1098,1438,2,1,1,999,428,571,53,23,30,681,263,418,7,6,1,465,235,230,109,53,56,11,6,5,209,83,126
113449,115,17,98,1,0,1,10,2,8,3,1,2,69,11,58,0,0,0,29,1,28,1,0,1,2,2,0,0,0,0
113537,5,3,2,0,0,0,0,0,0,0,0,0,3,1,2,0,0,0,2,2,0,0,0,0,0,0,0,0,0,0
113573,1486,531,955,2,2,0,48,18,30,33,10,23,1070,362,708,2,1,1,249,106,143,48,19,29,16,5,11,18,8,10
113582,18,4,14,0,0,0,1,1,0,1,0,1,2,1,1,1,0,1,12,2,10,0,0,0,0,0,0,1,0,1
113634,2585,1024,1561,3,2,1,518,220,298,100,42,58,652,242,410,10,4,6,819,321,498,203,74,129,33,14,19,247,105,142
113698,494,129,365,0,0,0,124,29,95,10,4,6,108,19,89,1,1,0,189,50,139,28,8,20,20,12,8,14,6,8
113704,22,21,1,0,0,0,4,4,0,1,1,0,2,2,0,1,1,0,11,10,1,0,0,0,0,0,0,3,3,0
113856,3363,1190,2173,6,2,4,427,140,287,54,28,26,2462,833,1629,1,1,0,131,70,61,23,11,12,147,60,87,112,45,67
113980,2637,1051,1586,6,3,3,413,177,236,273,83,190,1337,517,820,10,2,8,361,160,201,110,47,63,30,18,12,97,44,53
114114,69,20,49,0,0,0,11,5,6,1,0,1,4,1,3,0,0,0,24,8,16,3,0,3,19,4,15,7,2,5
114123,163,37,126,3,0,3,4,3,1,5,2,3,66,11,55,3,1,2,69,17,52,1,0,1,12,3,9,0,0,0
114266,971,308,663,7,2,5,401,140,261,19,3,16,399,109,290,5,1,4,61,20,41,32,16,16,31,11,20,16,6,10
114354,871,135,736,3,0,3,94,17,77,61,12,49,185,26,159,9,3,6,278,35,243,8,1,7,57,17,40,176,24,152
114390,65,7,58,0,0,0,16,3,13,4,0,4,12,1,11,4,0,4,18,3,15,1,0,1,5,0,5,5,0,5
114433,160,82,78,1,0,1,5,5,0,11,9,2,29,20,9,1,0,1,99,39,60,1,1,0,12,7,5,1,1,0
114460,232,15,217,1,0,1,24,0,24,22,1,21,76,9,67,0,0,0,96,5,91,13,0,13,0,0,0,0,0,0
114549,353,78,275,4,1,3,14,4,10,41,12,29,38,3,35,2,0,2,187,42,145,23,2,21,40,13,27,4,1,3
114585,117,33,84,1,1,0,65,17,48,3,0,3,7,2,5,0,0,0,31,8,23,0,0,0,1,0,1,9,5,4
114637,35,4,31,0,0,0,29,3,26,2,1,1,1,0,1,0,0,0,2,0,2,0,0,0,1,0,1,0,0,0
114716,1490,669,821,0,0,0,330,130,200,45,23,22,418,197,221,9,2,7,465,210,255,88,35,53,22,8,14,113,64,49
114734,8,3,5,0,0,0,1,1,0,0,0,0,2,0,2,0,0,0,5,2,3,0,0,0,0,0,0,0,0,0
114761,43,5,38,8,2,6,4,0,4,2,1,1,2,1,1,1,0,1,23,1,22,2,0,2,0,0,0,1,0,1
114789,2811,910,1901,12,4,8,493,151,342,111,39,72,1510,496,1014,5,3,2,570,180,390,87,25,62,22,11,11,1,1,0
114813,1445,355,1090,14,3,11,76,19,57,60,20,40,742,151,591,6,0,6,444,126,318,7,3,4,82,22,60,14,11,3
114840,578,313,265,0,0,0,57,27,30,29,16,13,26,14,12,0,0,0,273,143,130,62,27,35,22,14,8,109,72,37
114859,2613,958,1655,7,3,4,361,150,211,46,19,27,1505,505,1000,3,1,2,496,213,283,90,31,59,65,19,46,40,17,23
114938,805,374,431,1,1,0,65,37,28,15,14,1,467,177,290,4,3,1,207,112,95,34,21,13,12,9,3,0,0,0
114947,107,62,45,3,2,1,23,7,16,0,0,0,11,7,4,0,0,0,60,40,20,3,3,0,7,3,4,0,0,0
115001,1283,494,789,0,0,0,104,43,61,25,16,9,338,127,211,1,0,1,686,254,432,37,14,23,35,18,17,57,22,35
115010,242,72,170,0,0,0,37,16,21,7,1,6,123,38,85,1,0,1,49,11,38,24,6,18,1,0,1,0,0,0
115083,849,403,446,7,5,2,122,59,63,93,35,58,116,53,63,12,2,10,251,135,116,9,7,2,119,73,46,120,34,86
115126,2452,947,1505,4,3,1,754,312,442,30,12,18,753,246,507,6,4,2,693,286,407,118,50,68,24,10,14,70,24,46
115214,36,22,14,0,0,0,3,3,0,0,0,0,0,0,0,0,0,0,18,11,7,1,1,0,3,1,2,11,6,5
115296,1476,554,922,4,2,2,125,52,73,69,28,41,482,153,329,6,4,2,623,241,382,90,36,54,13,5,8,64,33,31
115357,82,14,68,0,0,0,6,0,6,4,0,4,58,8,50,0,0,0,13,6,7,0,0,0,1,0,1,0,0,0
115393,1056,324,732,2,1,1,52,16,36,12,7,5,879,261,618,3,0,3,72,31,41,19,5,14,17,3,14,0,0,0
115409,188,91,97,0,0,0,27,6,21,9,5,4,40,26,14,1,1,0,58,26,32,28,17,11,10,6,4,15,4,11
115658,56,6,50,0,0,0,14,3,11,4,0,4,35,3,32,0,0,0,0,0,0,1,0,1,2,0,2,0,0,0
115728,249,73,176,0,0,0,31,9,22,57,13,44,76,24,52,1,0,1,51,17,34,7,4,3,20,2,18,6,4,2
115746,215,54,161,0,0,0,3,1,2,4,1,3,26,12,14,3,1,2,116,26,90,10,1,9,45,10,35,8,2,6
115755,1873,753,1120,22,7,15,58,19,39,54,24,30,585,239,346,2,2,0,886,362,524,119,39,80,119,47,72,28,14,14
115773,221,76,145,2,0,2,13,0,13,11,1,10,71,20,51,5,1,4,67,21,46,3,2,1,19,8,11,30,23,7
115861,1364,530,834,2,2,0,11,2,9,20,15,5,1268,483,785,0,0,0,40,17,23,9,6,3,13,5,8,1,0,1
115931,465,346,119,1,1,0,50,41,9,24,18,6,295,214,81,9,7,2,52,39,13,6,6,0,28,20,8,0,0,0
116226,55,5,50,0,0,0,7,0,7,1,0,1,9,1,8,0,0,0,31,4,27,4,0,4,0,0,0,3,0,3
116350,71,10,61,0,0,0,10,4,6,6,1,5,21,2,19,1,0,1,29,2,27,2,0,2,2,1,1,0,0,0
116439,1975,887,1088,1,0,1,613,289,324,35,9,26,370,170,200,1,0,1,631,272,359,107,50,57,64,27,37,153,70,83
116563,175,4,171,2,0,2,11,1,10,13,0,13,69,1,68,1,0,1,56,1,55,21,1,20,2,0,2,0,0,0
116846,50,12,38,1,0,1,1,0,1,0,0,0,3,1,2,0,0,0,16,3,13,0,0,0,29,8,21,0,0,0
117052,1438,581,857,6,3,3,46,18,28,12,3,9,1110,440,670,2,1,1,229,105,124,27,10,17,6,1,5,0,0,0
117104,137,66,71,0,0,0,8,3,5,7,3,4,43,22,21,0,0,0,70,33,37,7,5,2,1,0,1,1,0,1
117140,2354,859,1495,5,3,2,131,53,78,129,37,92,1085,348,737,8,5,3,474,174,300,79,26,53,144,62,82,299,151,148
117168,160,50,110,1,0,1,27,10,17,1,0,1,30,10,20,2,1,1,79,25,54,9,1,8,1,0,1,10,3,7
117195,168,74,94,3,1,2,6,2,4,8,8,0,55,20,35,0,0,0,86,39,47,6,2,4,4,2,2,0,0,0
117238,37,14,23,0,0,0,2,0,2,7,3,4,17,8,9,2,1,1,7,0,7,0,0,0,2,2,0,0,0,0
117247,609,253,356,1,0,1,186,75,111,122,46,76,134,52,82,5,5,0,66,38,28,37,14,23,21,9,12,37,14,23
117274,238,145,93,11,4,7,14,10,4,32,28,4,48,32,16,1,1,0,112,58,54,9,6,3,9,5,4,2,1,1
117283,16,10,6,1,1,0,0,0,0,0,0,0,15,9,6,0,0,0,0,0,0,0,0,0,0,0,0,0,0,0
117520,137,72,65,2,0,2,30,19,11,1,0,1,9,4,5,2,1,1,67,34,33,13,7,6,5,3,2,8,4,4
117557,97,52,45,0,0,0,7,6,1,3,1,2,0,0,0,0,0,0,1,0,1,0,0,0,0,0,0,86,45,41
117575,32,18,14,0,0,0,6,1,5,4,1,3,5,3,2,0,0,0,13,11,2,2,1,1,0,0,0,2,1,1
117627,435,174,261,3,2,1,58,27,31,35,17,18,195,60,135,4,3,1,68,31,37,15,6,9,0,0,0,57,28,29
117636,1534,508,1026,2,0,2,429,164,265,76,21,55,395,103,292,7,2,5,432,160,272,71,21,50,0,0,0,122,37,85
117645,2809,1072,1737,4,0,4,349,137,212,233,80,153,1579,585,994,20,8,12,434,184,250,162,63,99,3,0,3,25,15,10
117672,248,92,156,0,0,0,47,18,29,12,4,8,58,15,43,2,2,0,93,44,49,5,1,4,28,7,21,3,1,2
117690,1015,341,674,4,1,3,132,57,75,99,22,77,608,193,415,7,3,4,89,35,54,37,15,22,28,7,21,11,8,3
117706,1191,471,720,1,0,1,170,59,111,34,12,22,439,169,270,1,0,1,428,175,253,56,24,32,42,23,19,20,9,11
117715,564,126,438,0,0,0,2,0,2,249,59,190,278,58,220,0,0,0,6,3,3,8,1,7,20,5,15,1,0,1
117724,924,424,500,2,0,2,48,27,21,147,47,100,615,290,325,1,0,1,45,31,14,18,9,9,38,15,23,10,5,5
117733,1463,504,959,2,1,1,118,47,71,60,26,34,667,234,433,2,1,1,494,161,333,45,14,31,65,17,48,10,3,7
117751,441,267,174,1,0,1,30,22,8,12,10,2,44,35,9,0,0,0,266,154,112,24,11,13,47,21,26,17,14,3
117788,1677,584,1093,4,3,1,261,95,166,119,39,80,836,289,547,0,0,0,302,105,197,38,12,26,56,20,36,61,21,40
117803,75,24,51,0,0,0,16,5,11,8,3,5,36,12,24,0,0,0,13,4,9,1,0,1,1,0,1,0,0,0
117867,797,220,577,0,0,0,32,11,21,20,4,16,615,163,452,1,0,1,77,22,55,13,4,9,32,10,22,7,6,1
117894,1147,407,740,2,0,2,138,61,77,128,45,83,511,165,346,7,0,7,265,102,163,80,26,54,11,4,7,5,4,1
117946,2854,1152,1702,2,0,2,277,117,160,182,54,128,761,278,483,4,1,3,1192,505,687,158,63,95,7,4,3,271,130,141
117955,133,15,118,1,0,1,1,0,1,4,0,4,85,10,75,2,0,2,35,4,31,1,0,1,2,0,2,2,1,1
118134,61,0,61,0,0,0,1,0,1,0,0,0,46,0,46,0,0,0,13,0,13,0,0,0,1,0,1,0,0,0
118143,59,2,57,1,0,1,7,1,6,2,0,2,29,1,28,1,0,1,16,0,16,1,0,1,0,0,0,2,0,2
118161,43,1,42,0,0,0,1,0,1,1,0,1,12,1,11,0,0,0,29,0,29,0,0,0,0,0,0,0,0,0
118198,383,68,315,2,1,1,52,10,42,34,4,30,108,20,88,4,0,4,158,29,129,23,3,20,2,1,1,0,0,0
118347,363,102,261,1,0,1,34,7,27,7,4,3,132,27,105,1,0,1,147,53,94,22,7,15,9,3,6,10,1,9
118541,239,114,125,1,0,1,20,10,10,13,5,8,102,43,59,1,0,1,53,28,25,17,8,9,8,3,5,24,17,7
118684,371,105,266,25,7,18,12,6,6,4,1,3,145,37,108,1,0,1,178,49,129,2,2,0,3,3,0,1,0,1
118693,174,100,74,1,1,0,17,12,5,12,7,5,37,15,22,5,3,2,36,19,17,10,7,3,4,2,2,52,34,18
118718,1469,542,927,6,2,4,114,47,67,27,10,17,846,293,553,5,1,4,253,95,158,42,19,23,161,68,93,15,7,8
118772,632,129,503,0,0,0,129,22,107,118,25,93,201,30,171,2,0,2,108,35,73,29,9,20,35,7,28,10,1,9
118888,337,35,302,5,0,5,39,7,32,40,2,38,64,5,59,0,0,0,133,18,115,29,2,27,27,1,26,0,0,0
118912,2072,638,1434,12,7,5,145,39,106,64,27,37,732,219,513,10,2,8,861,269,592,146,42,104,60,17,43,42,16,26
118930,616,250,366,1,1,0,245,102,143,22,4,18,170,56,114,1,0,1,107,54,53,34,15,19,5,3,2,31,15,16
118958,19,5,14,0,0,0,0,0,0,1,1,0,12,2,10,0,0,0,0,0,0,0,0,0,0,0,0,6,2,4
118976,2061,633,1428,18,4,14,139,45,94,60,15,45,949,290,659,29,16,13,829,249,580,5,1,4,24,10,14,8,3,5
118994,78,32,46,0,0,0,0,0,0,12,7,5,7,4,3,1,1,0,2,0,2,3,1,2,53,19,34,0,0,0
119058,304,105,199,0,0,0,16,2,14,12,5,7,25,7,18,0,0,0,133,56,77,10,2,8,20,10,10,88,23,65
119067,894,401,493,3,2,1,77,38,39,27,14,13,392,162,230,4,1,3,290,133,157,47,21,26,46,24,22,8,6,2
119137,2250,868,1382,5,3,2,191,84,107,34,17,17,752,272,480,6,3,3,1033,399,634,138,59,79,81,27,54,10,4,6
119164,3719,1490,2229,4,1,3,686,315,371,147,63,84,2311,848,1463,9,5,4,387,186,201,119,47,72,8,3,5,48,22,26
119173,731,70,661,4,0,4,92,16,76,40,5,35,434,27,407,5,2,3,88,15,73,13,0,13,51,4,47,4,1,3
119216,2138,702,1436,7,3,4,178,73,105,84,23,61,1061,318,743,7,2,5,640,219,421,121,51,70,40,13,27,0,0,0
119270,221,161,60,1,1,0,9,8,1,13,9,4,25,23,2,1,1,0,67,45,22,10,8,2,17,10,7,78,56,22
119331,693,236,457,2,0,2,120,45,75,34,8,26,286,97,189,4,3,1,189,66,123,41,14,27,12,1,11,5,2,3
119553,801,230,571,6,2,4,95,28,67,86,21,65,185,51,134,4,3,1,217,60,157,118,38,80,90,27,63,0,0,0
119605,6932,2575,4357,24,7,17,600,220,380,601,249,352,2116,744,1372,58,30,28,2358,868,1490,371,129,242,742,297,445,62,31,31
119678,1891,1490,401,3,3,0,103,74,29,90,65,25,175,135,40,6,6,0,1332,1051,281,34,29,5,51,38,13,97,89,8
119775,127,79,48,0,0,0,5,0,5,7,5,2,31,20,11,0,0,0,40,23,17,3,2,1,13,10,3,28,19,9
119951,70,11,59,0,0,0,3,1,2,3,0,3,45,9,36,0,0,0,14,1,13,5,0,5,0,0,0,0,0,0
120069,161,17,144,2,0,2,11,3,8,10,1,9,115,10,105,2,0,2,16,2,14,5,1,4,0,0,0,0,0,0
120078,346,50,296,10,1,9,34,10,24,20,3,17,229,33,196,3,0,3,31,1,30,15,2,13,4,0,4,0,0,0
120087,140,17,123,0,0,0,5,1,4,5,1,4,107,10,97,1,0,1,14,3,11,1,0,1,7,2,5,0,0,0
120166,17,9,8,0,0,0,2,2,0,0,0,0,0,0,0,0,0,0,0,0,0,0,0,0,0,0,0,15,7,8
120184,431,130,301,3,1,2,56,19,37,21,6,15,147,35,112,8,3,5,115,35,80,16,6,10,36,11,25,29,14,15
120254,440,164,276,0,0,0,76,22,54,16,6,10,62,23,39,1,0,1,220,89,131,36,14,22,9,4,5,20,6,14
120290,569,243,326,1,0,1,240,109,131,8,2,6,139,54,85,6,2,4,91,40,51,39,16,23,14,7,7,31,13,18
120342,2654,1165,1489,6,3,3,618,291,327,32,17,15,717,280,437,7,3,4,842,390,452,123,47,76,28,13,15,281,121,160
120403,227,78,149,0,0,0,39,9,30,7,4,3,42,12,30,2,0,2,53,20,33,15,5,10,7,4,3,62,24,38
120421,1266,536,730,3,2,1,62,22,40,18,10,8,938,360,578,3,2,1,183,110,73,27,13,14,32,17,15,0,0,0
120537,344,121,223,4,1,3,23,5,18,19,7,12,79,23,56,4,3,1,163,66,97,26,8,18,24,7,17,2,1,1
120661,460,94,366,1,1,0,18,3,15,14,6,8,140,28,112,1,0,1,21,1,20,1,0,1,264,55,209,0,0,0
120698,340,67,273,1,0,1,24,8,16,20,6,14,21,3,18,2,1,1,155,30,125,84,13,71,18,4,14,15,2,13
120768,387,41,346,2,1,1,17,2,15,51,3,48,185,23,162,2,0,2,95,7,88,12,3,9,22,2,20,1,0,1
120795,30,13,17,0,0,0,0,0,0,7,3,4,3,3,0,1,1,0,14,3,11,0,0,0,2,1,1,3,2,1
120838,8,5,3,0,0,0,0,0,0,0,0,0,0,0,0,0,0,0,0,0,0,0,0,0,0,0,0,8,5,3
120865,283,98,185,1,0,1,66,30,36,13,3,10,61,22,39,2,1,1,69,14,55,26,12,14,32,11,21,13,5,8
120883,1880,733,1147,1,1,0,601,225,376,77,24,53,391,139,252,6,2,4,547,213,334,88,35,53,58,29,29,111,65,46
120953,351,281,70,5,5,0,10,8,2,34,33,1,197,145,52,0,0,0,93,81,12,3,3,0,9,6,3,0,0,0
120971,2528,1152,1376,11,6,5,191,60,131,62,31,31,1053,466,587,12,8,4,962,477,485,139,58,81,55,27,28,43,19,24
121044,4484,1903,2581,0,0,0,1416,706,710,111,44,67,1947,731,1216,7,2,5,604,236,368,145,71,74,47,17,30,207,96,111
121150,3231,1129,2102,10,4,6,284,108,176,231,74,157,477,149,328,20,7,13,1346,463,883,133,37,96,224,89,135,506,198,308
121257,205,82,123,0,0,0,25,9,16,19,8,11,31,15,16,1,1,0,88,33,55,18,6,12,7,3,4,16,7,9
121275,84,56,28,1,0,1,15,10,5,9,6,3,23,18,5,2,1,1,25,14,11,3,2,1,6,5,1,0,0,0
121309,1346,427,919,5,2,3,93,28,65,41,10,31,424,140,284,7,4,3,631,195,436,90,31,59,30,11,19,25,6,19
121345,347,161,186,0,0,0,55,24,31,38,17,21,72,30,42,2,0,2,92,48,44,24,10,14,15,5,10,49,27,22
121363,700,269,431,4,2,2,25,9,16,2,1,1,559,207,352,1,0,1,95,46,49,11,3,8,0,0,0,3,1,2
121433,21,0,21,0,0,0,0,0,0,0,0,0,18,0,18,0,0,0,0,0,0,0,0,0,0,0,0,3,0,3
121619,2858,1239,1619,6,4,2,370,180,190,30,15,15,1857,716,1141,9,5,4,356,230,126,62,34,28,109,43,66,59,12,47
121628,25,17,8,0,0,0,3,1,2,0,0,0,0,0,0,0,0,0,14,10,4,1,1,0,0,0,0,7,5,2
121637,52,3,49,5,1,4,1,0,1,1,0,1,16,1,15,0,0,0,28,1,27,0,0,0,1,0,1,0,0,0
121691,1719,610,1109,8,2,6,107,43,64,98,39,59,718,225,493,5,2,3,616,221,395,64,30,34,46,17,29,57,31,26
121707,557,196,361,26,6,20,24,10,14,11,6,5,99,33,66,2,1,1,326,116,210,49,14,35,20,10,10,0,0,0
121859,150,5,145,3,0,3,7,0,7,17,3,14,80,2,78,2,0,2,37,0,37,0,0,0,4,0,4,0,0,0
121868,136,3,133,0,0,0,6,0,6,10,1,9,70,2,68,2,0,2,39,0,39,4,0,4,5,0,5,0,0,0
121886,1777,783,994,3,2,1,146,69,77,18,10,8,1460,609,851,1,0,1,103,66,37,27,18,9,8,4,4,11,5,6
121901,3308,1128,2180,6,1,5,219,81,138,197,63,134,2049,666,1383,12,5,7,710,266,444,67,22,45,5,2,3,43,22,21
122117,20,11,9,0,0,0,10,6,4,0,0,0,1,0,1,0,0,0,1,1,0,1,0,1,0,0,0,7,4,3
122180,1660,605,1055,9,3,6,339,125,214,122,39,83,534,183,351,19,5,14,461,189,272,114,34,80,33,12,21,29,15,14
122205,3403,1374,2029,9,1,8,312,122,190,45,25,20,879,351,528,12,4,8,1757,726,1031,213,80,133,140,52,88,36,13,23
122296,918,215,703,3,1,2,302,79,223,57,8,49,185,32,153,6,2,4,254,70,184,49,9,40,62,14,48,0,0,0
122339,1033,384,649,3,3,0,83,33,50,108,51,57,534,176,358,4,2,2,231,95,136,46,17,29,22,7,15,2,0,2
122375,1721,696,1025,4,1,3,254,90,164,100,53,47,632,239,393,5,5,0,544,230,314,120,48,72,24,14,10,38,16,22
122384,1269,552,717,3,1,2,357,152,205,46,19,27,330,133,197,6,1,5,404,190,214,101,48,53,21,8,13,1,0,1
122409,10327,4254,6073,36,14,22,1219,540,679,387,156,231,3287,1234,2053,32,10,22,3500,1387,2113,581,240,341,477,224,253,808,449,359
122436,2951,1218,1733,10,4,6,229,80,149,122,56,66,610,252,358,6,4,2,1488,604,884,153,59,94,123,53,70,210,106,104
122454,54,15,39,1,0,1,7,1,6,2,1,1,9,3,6,0,0,0,19,3,16,2,0,2,5,3,2,9,4,5
122506,132,62,70,0,0,0,17,10,7,2,1,1,8,5,3,0,0,0,39,21,18,2,2,0,0,0,0,64,23,41
122597,7633,3098,4535,13,5,8,2037,907,1130,378,141,237,2163,781,1382,37,7,30,1648,674,974,403,146,257,380,184,196,574,253,321
122612,3460,1208,2252,6,0,6,666,226,440,179,62,117,772,238,534,20,7,13,967,330,637,233,75,158,60,16,44,557,254,303
122649,33,17,16,1,1,0,4,2,2,0,0,0,10,5,5,1,1,0,17,8,9,0,0,0,0,0,0,0,0,0
122658,1992,675,1317,7,3,4,416,160,256,98,15,83,910,295,615,8,1,7,423,156,267,98,40,58,31,5,26,1,0,1
122685,964,249,715,12,1,11,58,23,35,49,11,38,495,122,373,8,3,5,264,66,198,23,4,19,54,19,35,1,0,1
122694,403,142,261,6,1,5,18,9,9,21,6,15,243,92,151,1,0,1,96,30,66,12,1,11,4,2,2,2,1,1
122728,481,185,296,3,0,3,26,11,15,17,6,11,67,19,48,4,1,3,254,90,164,6,4,2,22,7,15,82,47,35
122746,949,318,631,1,0,1,227,95,132,50,19,31,474,129,345,4,4,0,125,47,78,25,8,17,25,10,15,18,6,12
122755,10139,4530,5609,11,3,8,3277,1610,1667,262,105,157,2530,948,1582,40,15,25,1872,776,1096,421,175,246,448,213,235,1278,685,593
122791,853,385,468,2,0,2,186,85,101,25,13,12,253,100,153,23,15,8,209,98,111,59,25,34,21,8,13,75,41,34
122834,127,27,100,1,1,0,9,3,6,8,2,6,84,14,70,4,2,2,19,5,14,0,0,0,1,0,1,1,0,1
122852,32,1,31,0,0,0,1,0,1,1,0,1,17,1,16,1,0,1,12,0,12,0,0,0,0,0,0,0,0,0
122889,1749,621,1128,8,1,7,77,26,51,35,16,19,710,234,476,5,1,4,639,236,403,76,33,43,101,31,70,98,43,55
122931,2599,1243,1356,0,0,0,459,230,229,66,27,39,424,188,236,7,3,4,1059,527,532,174,72,102,63,31,32,347,165,182
122977,5275,2034,3241,8,0,8,575,241,334,305,115,190,1883,664,1219,8,4,4,1349,529,820,213,81,132,296,118,178,638,282,356
123013,3397,1433,1964,25,7,18,147,59,88,58,20,38,1071,400,671,6,1,5,1642,750,892,157,64,93,265,121,144,26,11,15
123095,73,17,56,0,0,0,2,1,1,7,3,4,8,1,7,1,1,0,41,10,31,4,0,4,7,1,6,3,0,3
123165,281,9,272,0,0,0,59,3,56,6,0,6,42,2,40,1,0,1,141,4,137,12,0,12,9,0,9,11,0,11
123217,2199,844,1355,6,1,5,91,32,59,50,21,29,1478,566,912,1,1,0,475,183,292,66,24,42,31,15,16,1,1,0
123280,10,4,6,0,0,0,0,0,0,2,1,1,0,0,0,0,0,0,8,3,5,0,0,0,0,0,0,0,0,0
123299,1023,342,681,23,8,15,50,20,30,16,7,9,165,52,113,0,0,0,682,219,463,60,26,34,27,10,17,0,0,0
123341,2831,1055,1776,7,3,4,234,93,141,73,25,48,765,269,496,10,4,6,1514,566,948,168,71,97,41,14,27,19,10,9
123350,58,18,40,0,0,0,8,0,8,1,0,1,39,17,22,0,0,0,7,1,6,1,0,1,2,0,2,0,0,0
123448,105,30,75,1,0,1,7,4,3,37,6,31,19,3,16,0,0,0,31,13,18,7,3,4,3,1,2,0,0,0
123457,264,76,188,8,3,5,13,5,8,8,4,4,47,12,35,0,0,0,171,46,125,0,0,0,17,6,11,0,0,0
123484,242,125,117,3,1,2,6,3,3,6,5,1,40,21,19,3,3,0,155,75,80,20,11,9,7,5,2,2,1,1
123493,86,28,58,2,1,1,30,13,17,10,3,7,17,2,15,2,0,2,25,9,16,0,0,0,0,0,0,0,0,0
123509,895,305,590,2,1,1,367,139,228,22,5,17,266,69,197,10,5,5,121,43,78,50,22,28,12,6,6,45,15,30
123527,1053,363,690,9,2,7,45,19,26,118,50,68,565,178,387,4,1,3,109,30,79,185,77,108,17,6,11,1,0,1
123554,1037,423,614,4,2,2,94,35,59,41,18,23,260,97,163,14,8,6,399,149,250,57,23,34,127,63,64,41,28,13
123563,1147,328,819,2,1,1,211,69,142,99,27,72,368,98,270,5,1,4,322,89,233,100,33,67,35,9,26,5,1,4
123572,2164,750,1414,9,3,6,100,35,65,39,11,28,676,215,461,2,0,2,1023,381,642,129,37,92,124,46,78,62,22,40
123633,67,21,46,0,0,0,40,13,27,0,0,0,3,0,3,0,0,0,3,0,3,0,0,0,1,0,1,20,8,12
123642,19,4,15,0,0,0,0,0,0,2,2,0,6,0,6,0,0,0,7,1,6,3,1,2,1,0,1,0,0,0
123651,582,178,404,2,0,2,35,11,24,20,5,15,230,69,161,9,3,6,232,75,157,17,4,13,37,11,26,0,0,0
123679,431,129,302,3,0,3,78,28,50,15,2,13,170,41,129,13,4,9,18,6,12,12,5,7,122,43,79,0,0,0
123800,2227,799,1428,3,1,2,293,121,172,62,27,35,1530,522,1008,11,7,4,214,83,131,89,33,56,20,5,15,5,0,5
123916,23,8,15,0,0,0,0,0,0,4,2,2,2,0,2,0,0,0,16,6,10,1,0,1,0,0,0,0,0,0
123943,185,64,121,0,0,0,100,33,67,3,1,2,13,5,8,0,0,0,51,17,34,12,6,6,5,2,3,1,0,1
123952,156,98,58,0,0,0,10,7,3,2,2,0,14,9,5,1,0,1,31,22,9,2,2,0,1,0,1,95,56,39
123961,16443,7503,8940,34,14,20,2711,1153,1558,864,288,576,2382,880,1502,40,22,18,4810,2229,2581,527,226,301,731,283,448,4344,2408,1936
123970,231,98,133,0,0,0,21,8,13,10,2,8,61,24,37,0,0,0,115,53,62,11,4,7,8,5,3,5,2,3
124113,418,106,312,3,1,2,7,2,5,14,5,9,232,61,171,0,0,0,146,32,114,14,4,10,2,1,1,0,0,0
124283,91,51,40,0,0,0,12,5,7,14,10,4,7,4,3,6,1,5,31,17,14,1,0,1,4,1,3,16,13,3
124292,79,36,43,0,0,0,1,1,0,1,0,1,15,5,10,1,1,0,56,25,31,3,3,0,0,0,0,2,1,1
124487,28,15,13,0,0,0,1,0,1,7,4,3,4,2,2,0,0,0,12,6,6,2,1,1,0,0,0,2,2,0
124681,735,208,527,1,0,1,0,0,0,17,5,12,170,44,126,0,0,0,0,0,0,3,1,2,544,158,386,0,0,0
124706,500,86,414,4,1,3,13,3,10,40,3,37,209,38,171,4,3,1,34,5,29,0,0,0,195,33,162,1,0,1
124937,379,102,277,2,0,2,12,5,7,4,2,2,197,36,161,3,2,1,6,4,2,0,0,0,155,53,102,0,0,0
125028,2139,743,1396,3,1,2,108,33,75,33,15,18,1332,435,897,6,2,4,539,216,323,68,22,46,44,16,28,6,3,3
125037,38,9,29,0,0,0,6,1,5,4,0,4,12,3,9,0,0,0,12,4,8,2,0,2,2,1,1,0,0,0
125082,21,2,19,1,0,1,1,1,0,0,0,0,17,1,16,0,0,0,2,0,2,0,0,0,0,0,0,0,0,0
125091,1854,762,1092,5,3,2,59,29,30,121,35,86,1043,401,642,5,3,2,511,242,269,86,35,51,24,14,10,0,0,0
125170,408,156,252,0,0,0,79,38,41,52,16,36,113,37,76,1,1,0,83,38,45,30,10,20,18,7,11,32,9,23
125231,12698,2446,10252,46,10,36,447,125,322,4352,848,3504,729,173,556,48,14,34,5249,863,4386,189,37,152,1371,322,1049,267,54,213
125310,20,2,18,0,0,0,3,0,3,1,0,1,14,2,12,0,0,0,1,0,1,1,0,1,0,0,0,0,0,0
125462,554,172,382,5,0,5,7,4,3,8,5,3,470,137,333,0,0,0,49,23,26,4,1,3,9,2,7,2,0,2
125471,1003,447,556,0,0,0,50,27,23,225,93,132,500,205,295,2,2,0,135,80,55,34,12,22,45,21,24,12,7,5
125499,897,350,547,2,2,0,132,37,95,16,9,7,275,113,162,1,1,0,379,148,231,59,30,29,21,9,12,12,1,11
125532,1011,89,922,28,2,26,139,21,118,96,9,87,339,33,306,28,2,26,296,17,279,44,1,43,34,3,31,7,1,6
125718,32,29,3,0,0,0,9,9,0,0,0,0,2,2,0,0,0,0,14,12,2,1,1,0,1,0,1,5,5,0
125727,306,125,181,0,0,0,23,7,16,9,6,3,58,25,33,0,0,0,167,65,102,21,10,11,24,10,14,4,2,2
125763,407,162,245,1,0,1,29,9,20,13,9,4,224,80,144,1,0,1,88,37,51,36,16,20,3,1,2,12,10,2
125897,289,132,157,0,0,0,30,16,14,8,7,1,76,36,40,1,1,0,125,41,84,7,4,3,1,1,0,41,26,15
126012,165,31,134,2,0,2,20,5,15,6,1,5,9,1,8,0,0,0,98,19,79,21,4,17,0,0,0,9,1,8
126049,54,22,32,3,3,0,9,3,6,5,2,3,14,6,8,0,0,0,22,8,14,0,0,0,0,0,0,1,0,1
126076,19,19,0,0,0,0,0,0,0,0,0,0,0,0,0,0,0,0,19,19,0,0,0,0,0,0,0,0,0,0
126119,911,338,573,3,1,2,165,65,100,26,9,17,312,105,207,7,5,2,325,125,200,46,16,30,27,12,15,0,0,0
126164,32,0,32,0,0,0,0,0,0,1,0,1,14,0,14,0,0,0,15,0,15,0,0,0,2,0,2,0,0,0
126182,895,377,518,10,4,6,18,9,9,42,29,13,232,92,140,0,0,0,509,199,310,26,13,13,49,27,22,9,4,5
126207,1249,556,693,7,1,6,26,7,19,29,15,14,396,152,244,2,1,1,731,355,376,25,12,13,16,5,11,17,8,9
126289,633,230,403,6,3,3,21,9,12,16,7,9,79,32,47,9,7,2,428,144,284,23,5,18,34,15,19,17,8,9
126359,93,6,87,2,1,1,2,0,2,0,0,0,9,1,8,0,0,0,72,3,69,8,1,7,0,0,0,0,0,0
126562,5503,2124,3379,13,6,7,452,153,299,208,95,113,858,301,557,8,1,7,3014,1170,1844,265,95,170,183,84,99,502,219,283
126580,2665,1173,1492,4,1,3,91,34,57,93,41,52,454,186,268,1,0,1,1744,771,973,185,83,102,44,23,21,49,34,15
126605,150,138,12,1,1,0,3,3,0,2,2,0,20,16,4,4,3,1,105,98,7,12,12,0,3,3,0,0,0,0
126614,8940,4897,4043,20,11,9,465,244,221,135,77,58,1031,511,520,5,1,4,5875,3206,2669,492,244,248,110,61,49,807,542,265
126669,1310,378,932,6,0,6,28,10,18,108,40,68,195,44,151,3,1,2,895,262,633,42,8,34,32,13,19,1,0,1
126678,497,213,284,1,0,1,23,9,14,9,4,5,42,13,29,1,0,1,335,152,183,42,19,23,7,2,5,37,14,23
126687,522,67,455,7,1,6,16,3,13,49,4,45,132,17,115,1,0,1,74,9,65,0,0,0,243,33,210,0,0,0
126711,1303,603,700,3,3,0,15,6,9,9,3,6,342,131,211,0,0,0,851,419,432,35,15,20,48,26,22,0,0,0
126748,184,56,128,2,0,2,3,1,2,0,0,0,35,13,22,0,0,0,134,39,95,3,1,2,3,0,3,4,2,2
126775,1606,1125,481,8,5,3,74,41,33,22,15,7,132,97,35,1,0,1,1121,779,342,68,43,25,20,16,4,160,129,31
126784,70,69,1,0,0,0,0,0,0,0,0,0,5,5,0,0,0,0,50,49,1,0,0,0,15,15,0,0,0,0
126818,7426,3403,4023,27,13,14,202,60,142,143,70,73,931,401,530,12,8,4,5243,2410,2833,269,104,165,128,55,73,471,282,189
126827,6834,2560,4274,69,28,41,162,87,75,1566,485,1081,67,30,37,47,21,26,2296,981,1315,250,76,174,2374,851,1523,3,1,2
126863,789,254,535,3,2,1,47,15,32,120,36,84,237,64,173,2,1,1,284,112,172,33,12,21,27,4,23,36,8,28
126915,253,99,154,0,0,0,1,0,1,0,0,0,47,13,34,0,0,0,195,84,111,10,2,8,0,0,0,0,0,0
126942,1020,297,723,11,5,6,55,9,46,116,28,88,334,75,259,3,0,3,368,135,233,43,10,33,24,12,12,66,23,43
126951,766,709,57,18,14,4,4,4,0,43,39,4,236,220,16,2,2,0,405,377,28,29,27,2,29,26,3,0,0,0
126979,180,82,98,1,0,1,7,5,2,8,3,5,4,3,1,0,0,0,150,66,84,9,5,4,1,0,1,0,0,0
127060,4685,1737,2948,11,5,6,186,60,126,179,62,117,578,177,401,7,2,5,3142,1157,1985,202,81,121,92,34,58,288,159,129
127158,609,246,363,3,2,1,21,7,14,54,16,38,280,119,161,1,1,0,126,54,72,16,5,11,80,31,49,28,11,17
127185,567,228,339,147,42,105,4,0,4,1,1,0,58,15,43,1,1,0,279,137,142,53,19,34,21,12,9,3,1,2
127200,4876,2206,2670,29,9,20,178,68,110,72,33,39,1060,443,617,8,5,3,3111,1451,1660,165,68,97,180,95,85,73,34,39
127273,42,21,21,0,0,0,0,0,0,3,1,2,2,1,1,0,0,0,36,18,18,1,1,0,0,0,0,0,0,0
127316,158,19,139,0,0,0,2,0,2,34,9,25,35,3,32,2,0,2,69,7,62,16,0,16,0,0,0,0,0,0
127389,215,79,136,2,1,1,2,0,2,6,5,1,76,33,43,0,0,0,115,35,80,4,2,2,3,1,2,7,2,5
127556,1741,760,981,14,7,7,24,7,17,26,16,10,319,125,194,4,1,3,1212,542,670,58,19,39,57,30,27,27,13,14
127565,3511,1429,2082,18,5,13,141,59,82,198,71,127,874,320,554,4,3,1,1991,830,1161,154,60,94,95,58,37,36,23,13
127617,290,98,192,1,1,0,1,1,0,26,16,10,100,35,65,0,0,0,148,40,108,4,1,3,3,2,1,7,2,5
127653,215,47,168,0,0,0,2,2,0,1,0,1,22,3,19,0,0,0,164,39,125,11,1,10,12,2,10,3,0,3
127714,69,37,32,0,0,0,7,3,4,5,2,3,5,2,3,0,0,0,49,29,20,3,1,2,0,0,0,0,0,0
127732,361,172,189,1,0,1,5,2,3,9,7,2,56,23,33,0,0,0,255,122,133,15,7,8,8,1,7,12,10,2
127741,2921,854,2067,7,4,3,68,23,45,109,46,63,506,136,370,9,2,7,2039,577,1462,105,38,67,37,10,27,41,18,23
127778,340,124,216,1,1,0,6,2,4,17,5,12,125,34,91,0,0,0,160,70,90,13,3,10,9,5,4,9,4,5
127820,2784,1079,1705,18,4,14,82,25,57,174,63,111,506,171,335,18,6,12,1711,700,1011,150,55,95,97,44,53,28,11,17
127884,2008,974,1034,62,25,37,23,7,16,121,84,37,576,245,331,3,2,1,1057,509,548,47,16,31,109,80,29,10,6,4
127909,1864,878,986,12,8,4,71,29,42,39,15,24,345,135,210,9,4,5,1219,589,630,55,30,25,98,61,37,16,7,9
127918,2273,759,1514,6,4,2,114,50,64,105,47,58,361,111,250,4,0,4,1347,417,930,56,15,41,216,85,131,64,30,34
127945,207,64,143,3,2,1,9,3,6,11,4,7,18,6,12,0,0,0,135,38,97,5,1,4,26,10,16,0,0,0
127954,35,4,31,0,0,0,2,0,2,0,0,0,3,0,3,0,0,0,30,4,26,0,0,0,0,0,0,0,0,0
128106,853,319,534,4,3,1,15,7,8,39,13,26,274,89,185,2,0,2,427,162,265,43,17,26,24,13,11,25,15,10
128151,451,219,232,6,2,4,8,2,6,65,34,31,237,110,127,1,1,0,117,61,56,9,6,3,1,1,0,7,2,5
128179,264,178,86,2,1,1,6,3,3,45,31,14,45,22,23,0,0,0,162,118,44,0,0,0,4,3,1,0,0,0
128188,487,166,321,24,16,8,4,0,4,17,8,9,173,59,114,1,1,0,263,81,182,0,0,0,5,1,4,0,0,0
128258,462,207,255,8,3,5,2,1,1,10,10,0,187,56,131,3,2,1,202,110,92,7,4,3,22,8,14,21,13,8
128328,1030,738,292,4,2,2,58,37,21,56,39,17,102,72,30,8,3,5,683,501,182,65,45,20,39,27,12,15,12,3
128337,45,3,42,1,0,1,1,0,1,0,0,0,17,1,16,1,0,1,16,1,15,3,0,3,6,1,5,0,0,0
128391,460,227,233,1,1,0,1,1,0,11,8,3,44,22,22,1,1,0,355,170,185,15,7,8,28,16,12,4,1,3
128498,361,109,252,3,3,0,4,2,2,122,33,89,60,14,46,0,0,0,121,40,81,5,0,5,39,17,22,7,0,7
128577,260,136,124,2,1,1,6,4,2,33,19,14,38,22,16,1,0,1,166,83,83,7,5,2,6,2,4,1,0,1
128744,1356,416,940,8,1,7,75,25,50,295,74,221,207,46,161,0,0,0,549,145,404,0,0,0,55,15,40,167,110,57
128771,2544,1157,1387,4,3,1,143,73,70,276,126,150,344,159,185,4,1,3,1599,729,870,60,19,41,64,30,34,50,17,33
128780,628,189,439,3,2,1,18,6,12,105,25,80,84,22,62,2,1,1,370,121,249,12,3,9,26,8,18,8,1,7
128896,67,16,51,0,0,0,0,0,0,3,0,3,4,1,3,0,0,0,13,4,9,13,0,13,34,11,23,0,0,0
128902,375,134,241,1,0,1,15,3,12,19,10,9,22,13,9,0,0,0,272,90,182,19,2,17,4,2,2,23,14,9
129002,143,84,59,0,0,0,3,1,2,46,18,28,33,24,9,0,0,0,48,33,15,8,4,4,5,4,1,0,0,0
129020,8490,3826,4664,9,2,7,824,361,463,549,237,312,835,316,519,4,2,2,4632,2116,2516,269,113,156,193,101,92,1175,578,597
129154,976,227,749,1,1,0,35,11,24,169,41,128,198,42,156,2,0,2,542,122,420,17,4,13,10,5,5,2,1,1
129181,427,394,33,4,4,0,9,7,2,55,51,4,86,83,3,0,0,0,222,205,17,21,17,4,29,26,3,1,1,0
129215,1051,372,679,3,1,2,34,13,21,71,24,47,119,43,76,1,0,1,719,262,457,38,14,24,54,9,45,12,6,6
129242,1400,529,871,3,2,1,34,12,22,49,12,37,111,49,62,0,0,0,1071,380,691,17,8,9,59,32,27,56,34,22
129349,122,2,120,1,0,1,3,0,3,19,0,19,24,1,23,0,0,0,66,1,65,1,0,1,8,0,8,0,0,0
129367,344,125,219,3,0,3,19,12,7,99,28,71,77,26,51,1,1,0,117,48,69,7,2,5,12,4,8,9,4,5
129428,46,39,7,0,0,0,4,4,0,1,0,1,2,2,0,0,0,0,37,32,5,0,0,0,2,1,1,0,0,0
129482,132,6,126,0,0,0,2,1,1,33,0,33,57,2,55,0,0,0,31,1,30,7,1,6,2,1,1,0,0,0
129491,31,14,17,0,0,0,1,0,1,7,1,6,1,0,1,0,0,0,18,10,8,0,0,0,0,0,0,4,3,1
129525,1895,839,1056,2,0,2,86,40,46,196,88,108,185,78,107,0,0,0,1166,523,643,58,18,40,68,23,45,134,69,65
129534,165,107,58,0,0,0,6,4,2,5,3,2,11,5,6,0,0,0,97,69,28,4,3,1,4,3,1,38,20,18
129543,438,158,280,0,0,0,22,13,9,132,36,96,156,52,104,0,0,0,112,49,63,11,5,6,2,1,1,3,2,1
129695,671,255,416,3,1,2,25,8,17,94,35,59,115,38,77,3,1,2,376,150,226,22,10,12,22,8,14,11,4,7
129729,713,274,439,0,0,0,29,13,16,60,19,41,166,63,103,1,0,1,393,155,238,12,5,7,30,8,22,22,11,11
129756,339,123,216,1,1,0,13,4,9,21,6,15,59,21,38,1,0,1,225,81,144,11,6,5,5,4,1,3,0,3
129774,133,66,67,1,0,1,2,0,2,8,3,5,9,5,4,2,1,1,84,40,44,19,12,7,8,5,3,0,0,0
129808,422,155,267,5,1,4,16,9,7,27,9,18,65,28,37,1,1,0,277,90,187,14,8,6,11,7,4,6,2,4
129923,261,132,129,0,0,0,5,3,2,60,26,34,80,33,47,0,0,0,85,52,33,22,12,10,9,6,3,0,0,0
129932,520,464,56,0,0,0,2,2,0,188,165,23,162,145,17,0,0,0,163,147,16,0,0,0,4,4,0,1,1,0
129941,2057,957,1100,5,3,2,86,35,51,208,86,122,221,75,146,2,1,1,1085,474,611,19,6,13,46,24,22,385,253,132
130004,584,198,386,3,3,0,31,12,19,69,17,52,181,56,125,3,1,2,225,90,135,4,2,2,17,8,9,51,9,42
130040,161,50,111,0,0,0,2,1,1,3,0,3,22,8,14,0,0,0,129,40,89,0,0,0,4,1,3,1,0,1
130110,11,3,8,0,0,0,0,0,0,2,0,2,0,0,0,0,0,0,8,3,5,0,0,0,0,0,0,1,0,1
130174,1087,651,436,4,1,3,18,8,10,207,102,105,278,135,143,4,2,2,486,353,133,69,37,32,21,13,8,0,0,0
130183,2186,912,1274,9,2,7,19,10,9,386,121,265,161,59,102,4,0,4,782,303,479,500,264,236,297,135,162,28,18,10
130217,242,100,142,3,1,2,6,2,4,5,3,2,19,7,12,0,0,0,195,82,113,5,2,3,9,3,6,0,0,0
130226,3050,1065,1985,2,0,2,129,48,81,140,56,84,266,87,179,5,3,2,2286,799,1487,118,34,84,86,30,56,18,8,10
130253,2607,820,1787,4,1,3,46,12,34,155,54,101,267,94,173,2,1,1,1807,530,1277,53,17,36,151,42,109,122,69,53
130314,831,119,712,1,0,1,52,9,43,89,18,71,86,11,75,2,2,0,553,67,486,18,2,16,20,6,14,10,4,6
130396,645,228,417,2,0,2,35,13,22,116,35,81,148,50,98,0,0,0,314,116,198,15,7,8,6,3,3,9,4,5
130493,2172,711,1461,7,2,5,66,31,35,297,93,204,250,65,185,0,0,0,1323,423,900,99,37,62,97,45,52,33,15,18
130509,131,7,124,0,0,0,2,0,2,83,5,78,23,0,23,1,0,1,12,1,11,0,0,0,10,1,9,0,0,0
130590,540,253,287,1,0,1,28,9,19,43,20,23,38,18,20,0,0,0,338,159,179,13,8,5,12,7,5,67,32,35
130606,432,144,288,2,1,1,10,2,8,40,17,23,96,27,69,0,0,0,261,88,173,12,6,6,5,2,3,6,1,5
130624,251,166,85,2,2,0,12,6,6,16,14,2,32,20,12,1,1,0,156,102,54,25,16,9,0,0,0,7,5,2
130697,778,344,434,0,0,0,67,25,42,49,18,31,95,32,63,0,0,0,408,187,221,46,23,23,13,5,8,100,54,46
130776,1209,508,701,3,2,1,60,28,32,104,43,61,222,79,143,0,0,0,767,331,436,25,14,11,27,11,16,1,0,1
130794,3867,1883,1984,10,4,6,557,224,333,236,100,136,343,163,180,3,1,2,1538,794,744,196,82,114,63,26,37,921,489,432
130837,28,4,24,0,0,0,0,0,0,1,0,1,1,0,1,0,0,0,21,3,18,5,1,4,0,0,0,0,0,0
130873,483,174,309,4,0,4,10,4,6,268,115,153,59,19,40,0,0,0,108,24,84,34,12,22,0,0,0,0,0,0
130907,1953,626,1327,3,0,3,83,32,51,349,100,249,219,63,156,4,2,2,1165,384,781,55,17,38,47,20,27,28,8,20
130934,776,208,568,4,0,4,8,1,7,532,140,392,83,23,60,6,2,4,88,25,63,31,7,24,0,0,0,24,10,14
130943,5815,2376,3439,5,3,2,316,144,172,331,129,202,491,200,291,2,1,1,3843,1469,2374,178,76,102,105,50,55,544,304,240
130989,456,193,263,2,1,1,19,8,11,62,31,31,34,6,28,0,0,0,145,63,82,10,4,6,2,0,2,182,80,102
131061,92,12,80,0,0,0,1,0,1,37,3,34,19,3,16,0,0,0,29,6,23,6,0,6,0,0,0,0,0,0
131098,270,87,183,2,1,1,5,1,4,111,44,67,0,0,0,1,0,1,138,40,98,5,0,5,8,1,7,0,0,0
131113,3823,1200,2623,21,7,14,88,31,57,751,210,541,251,90,161,12,1,11,2177,629,1548,82,21,61,103,37,66,338,174,164
131159,4180,1536,2644,3,1,2,239,74,165,381,98,283,449,150,299,1,0,1,1992,782,1210,200,66,134,378,134,244,537,231,306
131283,1589,708,881,2,1,1,65,25,40,126,44,82,157,57,100,0,0,0,918,407,511,82,40,42,65,32,33,174,102,72
131399,752,311,441,0,0,0,22,8,14,423,152,271,108,56,52,0,0,0,61,25,36,24,7,17,37,18,19,77,45,32
131405,36,29,7,0,0,0,0,0,0,0,0,0,1,1,0,0,0,0,33,26,7,0,0,0,0,0,0,2,2,0
131450,370,117,253,0,0,0,24,9,15,37,14,23,41,15,26,1,0,1,208,62,146,15,6,9,32,6,26,12,5,7
131469,9176,3582,5594,22,13,9,975,339,636,876,254,622,687,245,442,16,6,10,4344,1661,2683,285,98,187,505,213,292,1466,753,713
131496,6683,3080,3603,6,0,6,594,266,328,505,190,315,589,264,325,9,5,4,3146,1527,1619,196,88,108,375,193,182,1263,547,716
131520,2287,646,1641,1,0,1,91,21,70,1724,472,1252,134,33,101,8,3,5,69,22,47,75,20,55,17,3,14,168,72,96
131803,161,56,105,1,0,1,5,4,1,122,43,79,13,3,10,0,0,0,8,1,7,9,5,4,2,0,2,1,0,1
131830,17,8,9,0,0,0,0,0,0,5,3,2,1,0,1,0,0,0,7,4,3,1,0,1,1,1,0,2,0,2
131876,367,30,337,1,0,1,7,1,6,198,16,182,93,2,91,0,0,0,22,5,17,8,1,7,33,5,28,5,0,5
131973,134,72,62,0,0,0,11,8,3,40,20,20,6,4,2,0,0,0,48,22,26,5,1,4,6,5,1,18,12,6
132374,576,323,253,4,1,3,16,11,5,296,151,145,116,64,52,2,0,2,89,73,16,13,8,5,0,0,0,40,15,25
132408,70,37,33,0,0,0,1,0,1,4,3,1,2,1,1,0,0,0,57,28,29,1,1,0,5,4,1,0,0,0
132471,1956,618,1338,7,2,5,92,29,63,540,142,398,620,171,449,5,3,2,475,198,277,30,9,21,46,10,36,141,54,87
132602,556,195,361,3,2,1,1,0,1,454,159,295,5,1,4,0,0,0,15,6,9,0,0,0,78,27,51,0,0,0
132657,846,365,481,1,0,1,13,7,6,96,36,60,121,54,67,1,0,1,307,127,180,9,4,5,146,62,84,152,75,77
132675,97,50,47,0,0,0,0,0,0,32,20,12,5,1,4,0,0,0,58,28,30,2,1,1,0,0,0,0,0,0
132693,3260,1253,2007,10,4,6,91,32,59,279,80,199,504,178,326,7,4,3,2140,857,1283,140,50,90,47,23,24,42,25,17
132709,9520,3829,5691,12,6,6,307,144,163,2612,837,1775,3457,1441,2016,17,7,10,1630,784,846,427,163,264,324,119,205,734,328,406
132842,238,34,204,1,1,0,0,0,0,8,1,7,192,25,167,0,0,0,18,5,13,2,0,2,7,1,6,10,1,9
132851,1888,661,1227,7,3,4,47,15,32,199,53,146,349,114,235,3,1,2,1165,423,742,71,34,37,17,5,12,30,13,17
132879,28,17,11,0,0,0,1,1,0,3,3,0,3,0,3,1,0,1,19,12,7,0,0,0,0,0,0,1,1,0
132903,18725,7524,11201,21,9,12,1173,526,647,1984,659,1325,4892,1845,3047,28,16,12,9028,3693,5335,720,282,438,121,57,64,758,437,321
132976,254,124,130,0,0,0,6,1,5,28,15,13,46,21,25,1,0,1,166,86,80,7,1,6,0,0,0,0,0,0
133021,550,219,331,4,1,3,2,0,2,77,33,44,27,7,20,0,0,0,390,159,231,15,5,10,24,7,17,11,7,4
133155,495,197,298,1,0,1,3,2,1,86,31,55,253,96,157,0,0,0,121,63,58,8,4,4,0,0,0,23,1,22
133386,3499,1322,2177,9,3,6,93,43,50,377,115,262,600,213,387,3,2,1,2209,863,1346,153,54,99,50,26,24,5,3,2
133465,199,27,172,0,0,0,11,0,11,106,15,91,42,7,35,1,0,1,35,4,31,0,0,0,3,1,2,1,0,1
133492,423,142,281,3,2,1,6,5,1,10,4,6,43,12,31,0,0,0,326,106,220,15,3,12,2,0,2,18,10,8
133508,3024,1029,1995,9,1,8,73,18,55,295,84,211,981,335,646,10,2,8,1384,488,896,70,25,45,145,58,87,57,18,39
133526,128,66,62,0,0,0,1,0,1,107,54,53,5,4,1,0,0,0,8,4,4,3,2,1,3,2,1,1,0,1
133553,1521,1135,386,5,4,1,72,55,17,65,50,15,183,132,51,1,1,0,816,611,205,56,41,15,36,27,9,287,214,73
133650,2084,682,1402,0,0,0,21,8,13,1737,544,1193,104,38,66,2,2,0,136,60,76,72,25,47,0,0,0,12,5,7
133669,8050,3136,4914,10,5,5,346,136,210,1556,484,1072,2194,837,1357,7,1,6,3279,1382,1897,290,107,183,44,20,24,324,164,160
133702,8264,3066,5198,25,11,14,364,154,210,2143,667,1476,1016,364,652,30,14,16,4074,1604,2470,311,133,178,235,96,139,66,23,43
133711,736,232,504,1,1,0,9,2,7,31,13,18,58,21,37,0,0,0,550,164,386,22,5,17,29,10,19,36,16,20
133809,144,57,87,0,0,0,3,0,3,6,1,5,9,5,4,0,0,0,119,47,72,3,1,2,4,3,1,0,0,0
133845,298,30,268,0,0,0,2,1,1,69,2,67,17,1,16,1,0,1,15,2,13,0,0,0,194,24,170,0,0,0
133854,252,43,209,0,0,0,3,0,3,68,5,63,37,13,24,0,0,0,8,1,7,0,0,0,136,24,112,0,0,0
133863,274,23,251,0,0,0,5,0,5,44,4,40,108,10,98,2,0,2,28,1,27,0,0,0,87,8,79,0,0,0
133872,528,89,439,0,0,0,39,12,27,84,13,71,149,23,126,3,2,1,180,27,153,11,0,11,47,9,38,15,3,12
133881,2004,1098,906,1,1,0,70,35,35,143,64,79,225,103,122,5,4,1,995,516,479,53,24,29,63,37,26,449,314,135
133942,43,2,41,0,0,0,0,0,0,2,0,2,4,0,4,0,0,0,37,2,35,0,0,0,0,0,0,0,0,0
133951,16917,6792,10125,11,2,9,450,199,251,2091,716,1375,10531,4154,6377,8,2,6,1683,686,997,330,138,192,65,27,38,1748,868,880
133960,296,148,148,1,1,0,3,0,3,27,16,11,101,52,49,0,0,0,142,66,76,5,3,2,12,7,5,5,3,2
133979,197,61,136,0,0,0,0,0,0,137,39,98,18,12,6,2,0,2,2,0,2,2,0,2,15,5,10,21,5,16
133997,264,102,162,1,1,0,3,2,1,44,13,31,121,47,74,0,0,0,4,1,3,2,1,1,89,37,52,0,0,0
134079,804,257,547,9,3,6,21,6,15,58,17,41,87,34,53,0,0,0,587,178,409,7,1,6,13,5,8,22,13,9
134097,11953,4972,6981,19,6,13,289,116,173,1090,348,742,2281,934,1347,13,4,9,7183,3058,4125,449,169,280,114,60,54,515,277,238
134130,15459,6812,8647,27,11,16,1142,529,613,810,274,536,2969,1225,1744,24,13,11,7967,3399,4568,526,205,321,477,221,256,1517,935,582
134228,14,7,7,0,0,0,0,0,0,7,3,4,3,2,1,0,0,0,4,2,2,0,0,0,0,0,0,0,0,0
134237,6095,4109,1986,39,27,12,163,107,56,1394,915,479,1088,758,330,17,8,9,2462,1717,745,321,188,133,598,377,221,13,12,1
134291,304,240,64,1,1,0,1,1,0,37,34,3,22,19,3,0,0,0,223,168,55,20,17,3,0,0,0,0,0,0
134307,176,165,11,0,0,0,0,0,0,15,14,1,111,104,7,1,1,0,40,37,3,0,0,0,0,0,0,9,9,0
134343,1037,408,629,10,2,8,22,8,14,101,30,71,63,20,43,1,1,0,760,315,445,39,19,20,33,12,21,8,1,7
134422,2,0,2,0,0,0,0,0,0,1,0,1,0,0,0,0,0,0,1,0,1,0,0,0,0,0,0,0,0,0
134495,5506,2406,3100,8,3,5,206,77,129,730,277,453,1777,748,1029,9,3,6,2235,1042,1193,203,86,117,196,106,90,142,64,78
134510,31,14,17,0,0,0,0,0,0,1,1,0,3,0,3,0,0,0,24,11,13,0,0,0,2,2,0,1,0,1
134529,283,25,258,0,0,0,3,0,3,158,14,144,82,9,73,7,0,7,21,1,20,5,0,5,7,1,6,0,0,0
134574,125,29,96,0,0,0,5,1,4,21,5,16,22,4,18,0,0,0,53,12,41,5,3,2,19,4,15,0,0,0
134608,4034,1424,2610,11,0,11,70,35,35,578,189,389,1118,356,762,10,4,6,1998,727,1271,102,39,63,102,56,46,45,18,27
134714,72,5,67,0,0,0,0,0,0,24,2,22,3,1,2,0,0,0,42,2,40,2,0,2,1,0,1,0,0,0
134811,218,71,147,2,0,2,4,0,4,23,10,13,68,31,37,1,0,1,33,15,18,2,0,2,12,2,10,73,13,60
134945,1144,365,779,5,1,4,39,13,26,195,58,137,129,30,99,5,1,4,648,199,449,39,13,26,17,5,12,67,45,22
135081,5866,1704,4162,37,9,28,234,121,113,891,224,667,1821,544,1277,14,4,10,1898,524,1374,102,29,73,811,216,595,58,33,25
135142,310,4,306,0,0,0,1,0,1,8,0,8,301,4,297,0,0,0,0,0,0,0,0,0,0,0,0,0,0,0
135160,953,321,632,2,0,2,15,8,7,155,39,116,69,25,44,1,1,0,696,242,454,12,4,8,2,2,0,1,0,1
135179,598,352,246,2,2,0,7,3,4,84,36,48,100,59,41,2,1,1,388,246,142,13,4,9,0,0,0,2,1,1
135188,1027,369,658,3,1,2,54,17,37,71,21,50,222,76,146,3,1,2,591,222,369,29,13,16,44,13,31,10,5,5
135267,591,383,208,0,0,0,3,2,1,96,42,54,199,136,63,1,1,0,283,195,88,6,5,1,0,0,0,3,2,1
135276,410,229,181,0,0,0,5,1,4,165,60,105,36,24,12,0,0,0,190,134,56,14,10,4,0,0,0,0,0,0
135294,284,97,187,0,0,0,1,0,1,150,40,110,77,36,41,1,0,1,19,10,9,4,2,2,0,0,0,32,9,23
135337,78,4,74,0,0,0,3,0,3,23,1,22,10,1,9,0,0,0,37,2,35,1,0,1,4,0,4,0,0,0
135364,171,115,56,0,0,0,4,3,1,66,30,36,3,1,2,0,0,0,91,77,14,0,0,0,7,4,3,0,0,0
135391,2311,816,1495,5,0,5,56,21,35,135,45,90,397,130,267,3,0,3,1258,439,819,44,13,31,379,156,223,34,12,22
135407,701,373,328,0,0,0,10,6,4,63,20,43,218,108,110,0,0,0,350,212,138,33,13,20,0,0,0,27,14,13
135522,202,102,100,0,0,0,8,4,4,34,12,22,54,28,26,0,0,0,97,54,43,6,2,4,0,0,0,3,2,1
135559,51,7,44,0,0,0,0,0,0,4,1,3,30,3,27,0,0,0,17,3,14,0,0,0,0,0,0,0,0,0
135610,57,15,42,0,0,0,1,0,1,23,6,17,24,6,18,0,0,0,8,3,5,0,0,0,1,0,1,0,0,0
135647,73,35,38,0,0,0,0,0,0,45,22,23,24,12,12,0,0,0,3,1,2,0,0,0,0,0,0,1,0,1
135717,16125,6372,9753,8,3,5,180,72,108,2218,712,1506,11301,4547,6754,8,3,5,825,359,466,126,56,70,313,120,193,1146,500,646
135726,5285,2330,2955,8,4,4,265,111,154,433,131,302,1432,574,858,8,3,5,1964,928,1036,155,65,90,233,112,121,787,402,385
135735,414,375,39,3,2,1,13,11,2,81,68,13,131,117,14,2,2,0,177,170,7,3,2,1,0,0,0,4,3,1
136109,106,4,102,0,0,0,0,0,0,24,1,23,11,0,11,1,0,1,67,3,64,2,0,2,1,0,1,0,0,0
136145,393,124,269,1,0,1,3,0,3,102,21,81,32,12,20,0,0,0,250,90,160,4,1,3,0,0,0,1,0,1
136172,4634,1765,2869,4,1,3,247,93,154,451,148,303,573,196,377,10,4,6,3002,1181,1821,214,78,136,22,9,13,111,55,56
136215,5972,1633,4339,6,0,6,486,168,318,1103,215,888,1867,471,1396,9,2,7,1821,532,1289,141,42,99,274,86,188,265,117,148
136233,1179,431,748,7,1,6,29,9,20,85,27,58,108,43,65,8,5,3,700,243,457,72,33,39,154,68,86,16,2,14
136303,306,34,272,1,0,1,11,1,10,128,12,116,104,12,92,0,0,0,46,6,40,3,0,3,0,0,0,13,3,10
136330,773,247,526,0,0,0,13,2,11,82,17,65,137,32,105,2,2,0,439,150,289,24,2,22,41,18,23,35,24,11
136358,6734,2548,4186,11,2,9,215,93,122,1760,540,1220,2024,765,1259,14,9,5,2225,938,1287,158,56,102,208,85,123,119,60,59
136400,2001,757,1244,7,5,2,68,27,41,112,45,67,434,150,284,7,5,2,1220,474,746,71,21,50,70,24,46,12,6,6
136473,2222,742,1480,10,1,9,38,14,24,331,85,246,160,50,110,14,4,10,1485,532,953,143,46,97,1,0,1,40,10,30
136491,430,207,223,2,2,0,13,4,9,90,31,59,68,30,38,1,0,1,245,136,109,8,4,4,1,0,1,2,0,2
136516,2584,890,1694,6,1,5,75,32,43,370,117,253,589,206,383,4,3,1,1386,478,908,88,30,58,37,13,24,29,10,19
136659,115,81,34,1,1,0,1,1,0,12,5,7,2,2,0,0,0,0,93,68,25,6,4,2,0,0,0,0,0,0
136701,33,33,0,0,0,0,1,1,0,1,1,0,13,13,0,0,0,0,12,12,0,0,0,0,0,0,0,6,6,0
136765,239,118,121,0,0,0,3,1,2,46,15,31,109,58,51,0,0,0,71,40,31,9,3,6,0,0,0,1,1,0
136774,306,76,230,0,0,0,30,5,25,11,5,6,51,13,38,0,0,0,148,37,111,17,5,12,7,2,5,42,9,33
136826,159,84,75,0,0,0,3,1,2,36,17,19,96,52,44,0,0,0,18,11,7,0,0,0,0,0,0,6,3,3
136950,785,305,480,0,0,0,18,8,10,36,10,26,173,64,109,0,0,0,416,166,250,27,11,16,49,16,33,66,30,36
137023,344,181,163,0,0,0,3,2,1,47,10,37,28,12,16,1,0,1,258,156,102,6,1,5,0,0,0,1,0,1
137032,3366,1241,2125,12,4,8,55,24,31,935,305,630,449,168,281,8,4,4,1218,464,754,55,20,35,551,214,337,83,38,45
137078,6494,2380,4114,14,2,12,253,99,154,698,207,491,989,353,636,18,7,11,4141,1571,2570,198,65,133,123,51,72,60,25,35
137087,505,221,284,1,1,0,18,11,7,171,65,106,65,25,40,0,0,0,235,112,123,11,5,6,0,0,0,4,2,2
137096,3337,1502,1835,1,1,0,148,71,77,306,104,202,686,317,369,5,3,2,1881,853,1028,146,55,91,54,30,24,110,68,42
137120,604,327,277,0,0,0,4,0,4,65,30,35,117,58,59,0,0,0,396,233,163,15,6,9,0,0,0,7,0,7
137209,5524,2229,3295,9,4,5,223,81,142,759,249,510,1486,555,931,7,4,3,2601,1168,1433,222,81,141,89,40,49,128,47,81
137245,939,382,557,3,0,3,19,11,8,509,179,330,219,97,122,4,3,1,145,74,71,14,7,7,0,0,0,26,11,15
137272,16,16,0,0,0,0,1,1,0,2,2,0,4,4,0,0,0,0,5,5,0,0,0,0,0,0,0,4,4,0
137281,1455,537,918,2,1,1,21,6,15,121,32,89,164,68,96,4,2,2,1047,390,657,58,22,36,35,15,20,3,1,2
137315,671,259,412,0,0,0,15,8,7,62,22,40,233,85,148,2,1,1,319,125,194,14,5,9,15,9,6,11,4,7
137351,14498,5748,8750,32,16,16,919,378,541,1327,409,918,2636,969,1667,23,14,9,7189,2773,4416,513,198,315,510,218,292,1349,773,576
137476,875,323,552,2,1,1,12,5,7,239,67,172,365,146,219,0,0,0,105,43,62,27,11,16,37,9,28,88,41,47
137546,1054,442,612,0,0,0,16,8,8,75,32,43,165,76,89,0,0,0,676,265,411,46,20,26,10,6,4,66,35,31
137564,1580,575,1005,3,3,0,31,9,22,178,65,113,281,100,181,9,1,8,995,364,631,26,8,18,27,8,19,30,17,13
137591,198,28,170,0,0,0,1,0,1,20,5,15,39,12,27,0,0,0,128,11,117,10,0,10,0,0,0,0,0,0
137713,57,14,43,0,0,0,0,0,0,13,2,11,3,1,2,0,0,0,40,11,29,1,0,1,0,0,0,0,0,0
137759,2921,1296,1625,7,4,3,41,18,23,722,229,493,434,223,211,1,1,0,1530,743,787,104,42,62,49,21,28,33,15,18
137777,9,9,0,0,0,0,0,0,0,0,0,0,0,0,0,0,0,0,8,8,0,0,0,0,0,0,0,1,1,0
137801,249,138,111,1,0,1,7,1,6,55,26,29,97,59,38,0,0,0,76,48,28,4,1,3,9,3,6,0,0,0
137847,2329,926,1403,3,1,2,44,14,30,103,34,69,254,93,161,6,3,3,1319,526,793,45,13,32,301,101,200,254,141,113
137856,152,82,70,0,0,0,0,0,0,20,5,15,5,4,1,0,0,0,122,70,52,5,3,2,0,0,0,0,0,0
137865,153,105,48,0,0,0,1,1,0,13,9,4,12,8,4,0,0,0,117,78,39,8,7,1,0,0,0,2,2,0
137953,72,38,34,0,0,0,2,2,0,11,5,6,6,4,2,0,0,0,48,25,23,2,1,1,2,1,1,1,0,1
137962,34,15,19,1,1,0,0,0,0,5,0,5,5,3,2,0,0,0,13,5,8,0,0,0,8,4,4,2,2,0
138187,13968,5901,8067,37,13,24,634,304,330,2070,800,1270,4883,1965,2918,36,11,25,3947,1847,2100,326,147,179,1328,492,836,707,322,385
138275,302,146,156,3,1,2,2,1,1,89,43,46,41,19,22,1,0,1,153,76,77,3,0,3,0,0,0,10,6,4
138284,229,100,129,1,1,0,0,0,0,40,12,28,8,4,4,0,0,0,171,80,91,9,3,6,0,0,0,0,0,0
138293,168,99,69,1,0,1,2,2,0,32,23,9,18,12,6,2,0,2,63,29,34,3,1,2,11,9,2,36,23,13
138309,4114,541,3573,13,1,12,120,28,92,708,84,624,636,98,538,14,1,13,1771,260,1511,98,11,87,754,58,696,0,0,0
138354,4223,1497,2726,20,9,11,109,46,63,459,168,291,403,128,275,14,7,7,2814,986,1828,196,78,118,58,18,40,150,57,93
138372,270,104,166,2,0,2,5,1,4,86,26,60,85,29,56,0,0,0,88,47,41,0,0,0,0,0,0,4,1,3
138479,583,350,233,0,0,0,22,9,13,153,77,76,220,141,79,0,0,0,165,111,54,11,6,5,0,0,0,12,6,6
138488,235,51,184,0,0,0,15,2,13,80,13,67,86,18,68,1,0,1,46,17,29,7,1,6,0,0,0,0,0,0
138497,325,194,131,0,0,0,2,1,1,17,5,12,37,19,18,0,0,0,247,155,92,22,14,8,0,0,0,0,0,0
138558,623,236,387,3,0,3,7,5,2,57,18,39,43,16,27,0,0,0,495,191,304,10,2,8,0,0,0,8,4,4
138600,214,1,213,0,0,0,12,0,12,76,1,75,29,0,29,1,0,1,68,0,68,15,0,15,3,0,3,10,0,10
138655,189,106,83,0,0,0,15,8,7,79,55,24,59,27,32,0,0,0,36,16,20,0,0,0,0,0,0,0,0,0
138664,18,8,10,0,0,0,3,3,0,13,4,9,2,1,1,0,0,0,0,0,0,0,0,0,0,0,0,0,0,0
138682,1149,423,726,3,1,2,3,3,0,885,301,584,28,13,15,0,0,0,211,99,112,18,6,12,0,0,0,1,0,1
138716,1070,232,838,3,0,3,12,2,10,755,150,605,43,10,33,0,0,0,207,52,155,11,5,6,30,7,23,9,6,3
138761,75,35,40,0,0,0,1,1,0,37,8,29,2,1,1,1,1,0,31,22,9,1,0,1,1,1,0,1,1,0
138813,133,66,67,1,0,1,3,1,2,72,29,43,15,10,5,2,2,0,26,16,10,0,0,0,10,8,2,4,0,4
138822,364,10,354,1,0,1,3,0,3,227,7,220,19,1,18,1,0,1,112,2,110,0,0,0,0,0,0,1,0,1
138840,1940,697,1243,4,2,2,22,14,8,1672,564,1108,108,53,55,4,3,1,67,35,32,39,16,23,4,1,3,20,9,11
138868,250,106,144,2,1,1,1,1,0,87,32,55,12,5,7,0,0,0,110,43,67,12,5,7,14,7,7,12,12,0
138901,206,58,148,0,0,0,2,1,1,180,52,128,12,1,11,0,0,0,3,1,2,5,2,3,3,0,3,1,1,0
138929,76,28,48,1,0,1,6,1,5,26,5,21,8,1,7,0,0,0,29,17,12,0,0,0,5,4,1,1,0,1
138938,234,18,216,0,0,0,5,0,5,114,9,105,23,0,23,0,0,0,76,7,69,10,2,8,6,0,6,0,0,0
138947,804,201,603,0,0,0,0,0,0,722,161,561,2,1,1,0,0,0,1,1,0,0,0,0,49,14,35,30,24,6
138956,1323,693,630,1,0,1,22,10,12,555,283,272,84,57,27,5,5,0,582,309,273,43,14,29,27,15,12,4,0,4
139144,510,205,305,1,0,1,11,5,6,34,18,16,24,10,14,0,0,0,403,152,251,25,15,10,5,0,5,7,5,2
139153,75,35,40,0,0,0,14,9,5,38,16,22,2,1,1,0,0,0,9,2,7,0,0,0,12,7,5,0,0,0
139199,776,120,656,4,0,4,18,6,12,253,37,216,55,5,50,0,0,0,362,55,307,13,2,11,23,4,19,48,11,37
139205,61,21,40,0,0,0,0,0,0,19,8,11,4,2,2,0,0,0,33,10,23,2,0,2,0,0,0,3,1,2
139250,735,208,527,1,0,1,12,4,8,122,23,99,43,11,32,0,0,0,495,146,349,41,12,29,13,6,7,8,6,2
139278,1810,818,992,5,3,2,16,9,7,486,175,311,157,75,82,1,1,0,1071,525,546,50,23,27,18,5,13,6,2,4
139311,1297,295,1002,3,0,3,72,20,52,861,169,692,100,26,74,1,0,1,173,49,124,31,8,23,24,4,20,32,19,13
139348,59,27,32,0,0,0,3,0,3,12,5,7,2,1,1,1,1,0,30,12,18,0,0,0,1,1,0,10,7,3
139357,1435,553,882,8,2,6,20,9,11,650,207,443,115,58,57,8,4,4,545,233,312,44,19,25,37,16,21,8,5,3
139366,1643,586,1057,4,1,3,34,18,16,572,148,424,104,38,66,1,1,0,866,350,516,23,11,12,3,0,3,36,19,17
139384,1835,770,1065,7,3,4,13,7,6,131,30,101,336,184,152,2,0,2,1293,523,770,38,16,22,1,1,0,14,6,8
139393,236,104,132,1,0,1,4,0,4,6,3,3,6,5,1,0,0,0,204,86,118,10,6,4,0,0,0,5,4,1
139463,779,267,512,3,1,2,13,3,10,28,10,18,214,81,133,1,0,1,485,156,329,9,4,5,8,3,5,18,9,9
139506,25,10,15,0,0,0,0,0,0,25,10,15,0,0,0,0,0,0,0,0,0,0,0,0,0,0,0,0,0,0
139579,355,103,252,1,0,1,19,6,13,102,21,81,21,7,14,1,1,0,204,64,140,0,0,0,4,1,3,3,3,0
139621,303,83,220,0,0,0,1,0,1,137,35,102,14,5,9,0,0,0,138,40,98,9,2,7,2,0,2,2,1,1
139630,128,63,65,0,0,0,0,0,0,17,11,6,9,1,8,0,0,0,83,39,44,4,2,2,0,0,0,15,10,5
139658,4474,1636,2838,5,2,3,730,287,443,502,118,384,347,127,220,3,2,1,1956,697,1259,160,52,108,100,44,56,671,307,364
139700,986,321,665,3,0,3,12,4,8,148,38,110,130,41,89,0,0,0,650,223,427,31,11,20,3,1,2,9,3,6
139719,481,162,319,0,0,0,1,0,1,444,151,293,7,2,5,0,0,0,15,2,13,11,5,6,0,0,0,3,2,1
139746,45,8,37,0,0,0,4,1,3,25,5,20,1,0,1,0,0,0,15,2,13,0,0,0,0,0,0,0,0,0
139755,9064,6165,2899,3,2,1,1665,1107,558,395,219,176,473,301,172,1,1,0,3719,2587,1132,275,174,101,134,81,53,2399,1693,706
139764,695,162,533,1,0,1,12,7,5,146,31,115,33,10,23,0,0,0,467,98,369,22,10,12,1,0,1,13,6,7
139861,1770,612,1158,1,0,1,18,13,5,210,74,136,98,28,70,0,0,0,1390,472,918,41,16,25,1,1,0,11,8,3
139931,5636,2088,3548,17,8,9,133,66,67,1307,415,892,342,114,228,2,1,1,3481,1329,2152,185,66,119,31,15,16,138,74,64
139940,7812,2913,4899,6,1,5,962,421,541,2693,825,1868,785,285,500,3,0,3,2211,917,1294,426,142,284,80,31,49,646,291,355
139959,10781,4439,6342,10,2,8,927,421,506,915,278,637,607,256,351,8,3,5,7285,3051,4234,435,179,256,121,49,72,473,200,273
139968,546,151,395,0,0,0,3,3,0,188,51,137,27,7,20,0,0,0,309,83,226,17,6,11,1,1,0,1,0,1
139986,2873,763,2110,6,2,4,32,7,25,1282,265,1017,182,57,125,0,0,0,1300,412,888,57,16,41,11,3,8,3,1,2
139995,121,40,81,0,0,0,2,1,1,60,20,40,9,2,7,0,0,0,49,17,32,0,0,0,0,0,0,1,0,1
140003,65,7,58,0,0,0,2,0,2,41,6,35,13,0,13,0,0,0,9,1,8,0,0,0,0,0,0,0,0,0
140012,2447,1120,1327,4,2,2,259,125,134,696,275,421,413,212,201,3,1,2,894,437,457,67,26,41,76,31,45,35,11,24
140146,53,34,19,0,0,0,0,0,0,52,33,19,0,0,0,0,0,0,0,0,0,0,0,0,0,0,0,1,1,0
140234,253,95,158,1,1,0,2,1,1,58,23,35,6,4,2,0,0,0,177,63,114,6,2,4,0,0,0,3,1,2
140243,1393,576,817,8,3,5,44,15,29,128,43,85,273,98,175,2,0,2,890,398,492,23,6,17,0,0,0,25,13,12
140252,602,285,317,3,1,2,19,11,8,76,28,48,132,57,75,0,0,0,301,154,147,0,0,0,26,13,13,45,21,24
140331,3013,1433,1580,15,7,8,75,31,44,670,276,394,424,194,230,2,0,2,1649,851,798,98,41,57,29,13,16,51,20,31
140340,244,54,190,2,0,2,20,11,9,164,32,132,11,2,9,1,0,1,36,8,28,3,0,3,7,1,6,0,0,0
140447,2631,877,1754,3,2,1,242,92,150,775,183,592,135,47,88,4,0,4,1228,473,755,52,18,34,110,29,81,82,33,49
140553,426,426,0,0,0,0,0,0,0,383,383,0,1,1,0,0,0,0,2,2,0,25,25,0,8,8,0,7,7,0
140562,150,59,91,0,0,0,21,11,10,108,39,69,9,3,6,0,0,0,6,3,3,2,2,0,4,1,3,0,0,0
140678,775,361,414,2,2,0,6,1,5,41,13,28,57,29,28,0,0,0,638,304,334,21,8,13,9,4,5,1,0,1
140696,291,116,175,2,1,1,14,4,10,73,28,45,36,14,22,0,0,0,131,59,72,5,2,3,12,1,11,18,7,11
140720,20,8,12,0,0,0,0,0,0,18,7,11,0,0,0,0,0,0,1,1,0,1,0,1,0,0,0,0,0,0
140818,1021,201,820,2,0,2,12,1,11,112,30,82,45,14,31,2,0,2,787,148,639,1,0,1,60,8,52,0,0,0
140827,30,8,22,0,0,0,1,1,0,11,3,8,2,0,2,0,0,0,16,4,12,0,0,0,0,0,0,0,0,0
140872,351,187,164,1,1,0,7,4,3,54,36,18,32,19,13,0,0,0,221,109,112,6,5,1,22,6,16,8,7,1
140942,1719,756,963,5,0,5,32,13,19,809,305,504,175,99,76,3,1,2,616,301,315,62,29,33,0,0,0,17,8,9
140951,3284,1032,2252,21,6,15,145,35,110,319,94,225,201,69,132,9,1,8,1572,513,1059,0,0,0,104,28,76,913,286,627
140960,613,206,407,0,0,0,3,1,2,490,164,326,54,19,35,0,0,0,20,10,10,21,5,16,5,0,5,20,7,13
140988,314,125,189,0,0,0,4,2,2,74,27,47,10,5,5,1,1,0,204,79,125,8,4,4,6,1,5,7,6,1
141006,1012,559,453,5,4,1,8,8,0,474,201,273,35,16,19,0,0,0,474,326,148,6,2,4,3,1,2,7,1,6
141015,58,16,42,0,0,0,4,2,2,8,3,5,1,0,1,0,0,0,34,9,25,7,1,6,4,1,3,0,0,0
141060,485,0,485,8,0,8,0,0,0,473,0,473,0,0,0,0,0,0,0,0,0,1,0,1,0,0,0,3,0,3
141167,378,105,273,1,0,1,4,0,4,82,10,72,9,5,4,0,0,0,130,45,85,0,0,0,151,44,107,1,1,0
141185,174,75,99,0,0,0,10,9,1,9,2,7,8,5,3,0,0,0,144,58,86,3,1,2,0,0,0,0,0,0
141237,162,62,100,1,0,1,0,0,0,4,3,1,9,4,5,0,0,0,143,53,90,0,0,0,3,0,3,2,2,0
141255,1574,676,898,9,2,7,9,7,2,539,244,295,125,43,82,0,0,0,868,374,494,17,5,12,5,1,4,2,0,2
141264,2577,753,1824,3,2,1,38,14,24,755,206,549,158,51,107,0,0,0,1488,431,1057,85,32,53,3,1,2,47,16,31
141325,177,6,171,1,0,1,2,0,2,56,2,54,5,0,5,0,0,0,67,3,64,5,0,5,1,1,0,40,0,40
141334,2889,812,2077,2,0,2,35,7,28,913,264,649,163,37,126,1,1,0,1615,451,1164,85,25,60,41,14,27,34,13,21
141361,190,85,105,1,0,1,0,0,0,19,11,8,10,5,5,1,0,1,137,56,81,6,3,3,7,4,3,9,6,3
141486,636,189,447,3,2,1,179,48,131,25,12,13,34,8,26,116,30,86,103,33,70,31,8,23,107,35,72,38,13,25
141565,635,217,418,2,1,1,144,49,95,10,5,5,92,33,59,48,17,31,118,40,78,198,62,136,2,2,0,21,8,13
141574,4151,1664,2487,7,3,4,1472,634,838,47,22,25,428,142,286,108,40,68,824,329,495,978,372,606,8,5,3,279,117,162
141608,45,28,17,0,0,0,17,6,11,7,6,1,3,3,0,10,9,1,1,0,1,7,4,3,0,0,0,0,0,0
141644,771,305,466,6,3,3,148,59,89,49,34,15,105,40,65,20,4,16,227,90,137,123,37,86,23,10,13,70,28,42
141680,641,458,183,0,0,0,279,209,70,10,6,4,69,47,22,39,25,14,31,24,7,190,130,60,19,15,4,4,2,2
141796,965,370,595,2,0,2,414,166,248,8,2,6,94,35,59,17,6,11,72,30,42,213,84,129,1,0,1,144,47,97
141802,174,66,108,0,0,0,52,19,33,0,0,0,31,10,21,10,3,7,21,11,10,54,19,35,3,1,2,3,3,0
141811,1128,454,674,1,0,1,436,194,242,20,10,10,169,60,109,51,17,34,89,39,50,340,126,214,0,0,0,22,8,14
141839,440,131,309,2,1,1,137,42,95,3,1,2,58,15,43,19,6,13,73,19,54,136,41,95,2,1,1,10,5,5
141981,671,222,449,1,0,1,262,91,171,16,9,7,73,22,51,20,6,14,63,30,33,232,62,170,1,0,1,3,2,1
141990,257,86,171,0,0,0,39,14,25,1,0,1,51,9,42,13,6,7,42,12,30,109,44,65,1,1,0,1,0,1
142054,343,45,298,3,0,3,32,14,18,4,1,3,91,9,82,3,0,3,200,21,179,2,0,2,8,0,8,0,0,0
142090,22,13,9,0,0,0,1,0,1,0,0,0,1,1,0,0,0,0,19,12,7,0,0,0,0,0,0,1,0,1
142115,5126,2044,3082,11,2,9,142,55,87,107,54,53,606,238,368,16,8,8,3815,1496,2319,176,67,109,154,69,85,99,55,44
142179,330,121,209,2,0,2,5,1,4,4,2,2,43,16,27,4,1,3,266,100,166,2,0,2,4,1,3,0,0,0
142276,2538,1033,1505,34,10,24,43,16,27,26,15,11,236,102,134,4,2,2,1936,743,1193,74,38,36,75,32,43,110,75,35
142285,2284,1184,1100,23,9,14,24,14,10,27,21,6,193,84,109,6,4,2,1715,871,844,85,44,41,45,34,11,166,103,63
142294,233,118,115,1,0,1,4,2,2,7,6,1,28,12,16,1,1,0,143,68,75,13,7,6,7,3,4,29,19,10
142328,756,234,522,7,2,5,7,3,4,8,3,5,59,14,45,1,1,0,603,184,419,35,11,24,23,9,14,13,7,6
142407,64,7,57,2,0,2,0,0,0,0,0,0,26,5,21,0,0,0,35,2,33,1,0,1,0,0,0,0,0,0
142416,12,1,11,0,0,0,0,0,0,0,0,0,0,0,0,0,0,0,12,1,11,0,0,0,0,0,0,0,0,0
142443,921,360,561,15,5,10,12,0,12,4,3,1,56,19,37,2,0,2,740,298,442,40,12,28,47,19,28,5,4,1
142461,574,201,373,2,0,2,8,4,4,11,5,6,56,19,37,0,0,0,464,156,308,13,5,8,11,4,7,9,8,1
142489,14,0,14,0,0,0,0,0,0,1,0,1,3,0,3,0,0,0,9,0,9,1,0,1,0,0,0,0,0,0
142522,7508,3025,4483,20,8,12,76,32,44,37,14,23,231,89,142,25,7,18,5719,2282,3437,530,193,337,239,93,146,631,307,324
142559,1106,389,717,3,1,2,19,8,11,23,11,12,301,91,210,3,0,3,700,261,439,20,6,14,19,3,16,18,8,10
142832,470,86,384,2,0,2,42,8,34,49,9,40,50,12,38,0,0,0,244,45,199,9,1,8,71,10,61,3,1,2
142887,34,8,26,0,0,0,0,0,0,3,1,2,10,3,7,0,0,0,19,4,15,2,0,2,0,0,0,0,0,0
142957,2,2,0,0,0,0,2,2,0,0,0,0,0,0,0,0,0,0,0,0,0,0,0,0,0,0,0,0,0,0
143048,844,214,630,3,2,1,76,13,63,38,19,19,76,27,49,1,0,1,299,82,217,25,3,22,39,12,27,287,56,231
143084,611,258,353,0,0,0,12,3,9,24,12,12,63,28,35,2,2,0,428,179,249,20,4,16,1,1,0,61,29,32
143118,2146,616,1530,2,1,1,55,19,36,172,43,129,512,146,366,0,0,0,1237,350,887,65,21,44,96,36,60,7,0,7
143215,2017,1024,993,2,1,1,32,10,22,301,100,201,105,50,55,1,1,0,1386,760,626,87,45,42,96,53,43,7,4,3
143233,23,10,13,0,0,0,0,0,0,3,2,1,0,0,0,0,0,0,12,6,6,0,0,0,6,1,5,2,1,1
143279,681,234,447,1,0,1,14,0,14,55,13,42,111,33,78,0,0,0,461,177,284,20,3,17,16,7,9,3,1,2
143288,95,39,56,0,0,0,1,0,1,6,2,4,5,2,3,0,0,0,82,34,48,1,1,0,0,0,0,0,0,0
143297,83,12,71,0,0,0,0,0,0,1,0,1,0,0,0,0,0,0,75,11,64,1,0,1,6,1,5,0,0,0
143358,1547,664,883,4,0,4,57,24,33,122,38,84,144,61,83,0,0,0,1090,469,621,30,17,13,32,9,23,68,46,22
143376,97,5,92,0,0,0,0,0,0,32,3,29,5,0,5,0,0,0,57,1,56,0,0,0,3,1,2,0,0,0
143464,21,2,19,0,0,0,0,0,0,6,1,5,6,1,5,0,0,0,7,0,7,1,0,1,1,0,1,0,0,0
143473,20,0,20,0,0,0,0,0,0,0,0,0,18,0,18,0,0,0,0,0,0,0,0,0,2,0,2,0,0,0
143482,18,0,18,0,0,0,1,0,1,12,0,12,4,0,4,0,0,0,0,0,0,0,0,0,1,0,1,0,0,0
143491,27,0,27,0,0,0,0,0,0,1,0,1,24,0,24,0,0,0,0,0,0,0,0,0,2,0,2,0,0,0
143552,30,0,30,0,0,0,0,0,0,10,0,10,4,0,4,0,0,0,16,0,16,0,0,0,0,0,0,0,0,0
143613,553,205,348,2,1,1,6,1,5,29,10,19,43,19,24,0,0,0,443,162,281,20,6,14,10,6,4,0,0,0
143659,52,32,20,0,0,0,2,1,1,0,0,0,7,3,4,0,0,0,13,9,4,0,0,0,9,7,2,21,12,9
143853,910,345,565,0,0,0,229,115,114,13,4,9,45,8,37,1,0,1,556,190,366,31,15,16,20,7,13,15,6,9
143978,393,70,323,0,0,0,23,5,18,57,12,45,55,9,46,2,0,2,204,36,168,17,3,14,16,4,12,19,1,18
144005,511,147,364,0,0,0,20,9,11,332,78,254,50,17,33,2,1,1,41,22,19,1,0,1,41,9,32,24,11,13
144014,49,21,28,0,0,0,1,1,0,17,5,12,2,1,1,0,0,0,28,14,14,1,0,1,0,0,0,0,0,0
144050,5521,2998,2523,9,5,4,721,381,340,221,102,119,492,262,230,1,1,0,2138,1187,951,196,102,94,141,94,47,1602,864,738
144157,461,198,263,1,0,1,5,3,2,303,100,203,110,66,44,0,0,0,26,24,2,15,4,11,1,1,0,0,0,0
144166,1511,318,1193,0,0,0,55,17,38,426,57,369,786,164,622,2,1,1,188,64,124,30,4,26,5,3,2,19,8,11
144175,381,155,226,1,1,0,1,1,0,281,104,177,71,33,38,0,0,0,10,7,3,12,7,5,3,1,2,2,1,1
144184,624,237,387,1,0,1,68,17,51,165,47,118,230,96,134,0,0,0,112,57,55,20,8,12,3,0,3,25,12,13
144193,688,342,346,0,0,0,6,4,2,110,43,67,430,178,252,0,0,0,130,108,22,6,4,2,6,5,1,0,0,0
144209,1700,601,1099,0,0,0,114,38,76,394,103,291,863,325,538,0,0,0,235,101,134,41,15,26,4,1,3,49,18,31
144218,1196,476,720,1,0,1,100,47,53,72,26,46,707,266,441,2,0,2,260,112,148,32,13,19,0,0,0,22,12,10
144281,1409,557,852,1,0,1,78,32,46,196,71,125,229,85,144,3,2,1,747,316,431,59,18,41,44,14,30,52,19,33
144351,1876,641,1235,3,1,2,151,71,80,215,76,139,270,90,180,1,0,1,1153,376,777,32,9,23,51,18,33,0,0,0
144485,284,217,67,1,1,0,7,7,0,92,52,40,141,120,21,0,0,0,27,25,2,15,11,4,1,1,0,0,0,0
144564,433,164,269,1,0,1,4,0,4,57,21,36,18,11,7,0,0,0,324,116,208,4,1,3,25,15,10,0,0,0
144573,87,5,82,0,0,0,1,0,1,25,3,22,3,0,3,0,0,0,51,2,49,7,0,7,0,0,0,0,0,0
144740,6382,2878,3504,7,3,4,706,364,342,606,222,384,992,404,588,10,7,3,3227,1480,1747,203,79,124,260,142,118,371,177,194
144795,153,24,129,1,0,1,8,0,8,10,4,6,56,11,45,0,0,0,69,7,62,7,2,5,2,0,2,0,0,0
144865,3028,1240,1788,0,0,0,315,127,188,182,71,111,711,262,449,0,0,0,1636,718,918,101,37,64,45,15,30,38,10,28
144883,62,34,28,0,0,0,0,0,0,24,12,12,16,8,8,0,0,0,3,2,1,0,0,0,0,0,0,19,12,7
144892,1868,683,1185,4,1,3,31,13,18,205,76,129,107,49,58,0,0,0,1246,417,829,35,13,22,31,10,21,209,104,105
144944,1713,758,955,5,2,3,125,52,73,52,20,32,597,245,352,1,1,0,811,379,432,65,31,34,45,24,21,12,4,8
144962,946,307,639,1,1,0,48,12,36,35,18,17,212,59,153,3,1,2,596,197,399,25,11,14,20,7,13,6,1,5
144971,123,54,69,0,0,0,2,0,2,12,7,5,2,2,0,0,0,0,102,43,59,2,1,1,2,0,2,1,1,0
145099,140,3,137,0,0,0,1,0,1,10,0,10,72,1,71,0,0,0,55,2,53,0,0,0,2,0,2,0,0,0
145239,297,44,253,0,0,0,21,6,15,26,5,21,87,15,72,2,0,2,149,18,131,9,0,9,3,0,3,0,0,0
145275,68,35,33,0,0,0,6,3,3,12,6,6,3,1,2,0,0,0,33,13,20,0,0,0,2,1,1,12,11,1
145309,20,10,10,0,0,0,0,0,0,1,1,0,0,0,0,0,0,0,19,9,10,0,0,0,0,0,0,0,0,0
145336,1238,396,842,0,0,0,32,16,16,378,75,303,179,49,130,0,0,0,454,159,295,25,8,17,82,34,48,88,55,33
145354,10,0,10,0,0,0,0,0,0,0,0,0,0,0,0,0,0,0,10,0,10,0,0,0,0,0,0,0,0,0
145372,288,128,160,1,0,1,0,0,0,33,23,10,25,13,12,0,0,0,208,83,125,7,2,5,6,1,5,8,6,2
145406,350,2,348,5,0,5,23,0,23,49,0,49,105,1,104,5,0,5,147,1,146,16,0,16,0,0,0,0,0,0
145424,16,1,15,0,0,0,0,0,0,2,1,1,1,0,1,0,0,0,13,0,13,0,0,0,0,0,0,0,0,0
145433,35,1,34,0,0,0,2,1,1,2,0,2,8,0,8,0,0,0,22,0,22,1,0,1,0,0,0,0,0,0
145497,37,11,26,0,0,0,0,0,0,0,0,0,0,0,0,0,0,0,36,11,25,0,0,0,0,0,0,1,0,1
145521,419,158,261,1,1,0,4,1,3,32,17,15,18,4,14,1,0,1,337,129,208,14,2,12,10,2,8,2,2,0
145558,629,277,352,1,0,1,152,75,77,27,9,18,43,23,20,0,0,0,335,136,199,16,7,9,45,21,24,10,6,4
145600,8564,3832,4732,3,2,1,1535,721,814,625,217,408,1914,754,1160,3,1,2,2952,1281,1671,239,106,133,132,71,61,1161,679,482
145619,1550,479,1071,7,3,4,193,62,131,153,30,123,163,60,103,5,2,3,613,189,424,0,0,0,394,124,270,22,9,13
145628,126,44,82,1,0,1,31,9,22,2,1,1,6,3,3,0,0,0,64,25,39,2,1,1,0,0,0,20,5,15
145637,13973,7413,6560,3,1,2,2115,1199,916,714,263,451,1300,592,708,7,6,1,5790,2914,2876,385,188,197,282,202,80,3377,2048,1329
145646,353,158,195,0,0,0,22,8,14,25,12,13,43,15,28,0,0,0,241,113,128,10,6,4,3,2,1,9,2,7
145682,1188,498,690,3,2,1,20,4,16,92,31,61,70,25,45,1,1,0,931,406,525,42,14,28,5,2,3,24,13,11
145691,236,108,128,0,0,0,6,4,2,21,10,11,10,7,3,1,1,0,168,69,99,6,4,2,8,3,5,16,10,6
145707,356,109,247,0,0,0,0,0,0,9,5,4,4,1,3,0,0,0,334,99,235,9,4,5,0,0,0,0,0,0
145725,1877,1131,746,1,1,0,166,87,79,63,34,29,144,91,53,0,0,0,498,315,183,27,15,12,49,31,18,929,557,372
145813,5357,2225,3132,4,3,1,125,48,77,359,137,222,503,206,297,5,3,2,3903,1614,2289,179,77,102,56,26,30,223,111,112
145831,698,278,420,3,0,3,10,0,10,13,7,6,107,46,61,0,0,0,532,211,321,13,4,9,20,10,10,0,0,0
145886,19,3,16,0,0,0,0,0,0,5,1,4,0,0,0,0,0,0,14,2,12,0,0,0,0,0,0,0,0,0
146205,659,209,450,2,1,1,6,2,4,45,11,34,6,2,4,0,0,0,546,173,373,5,2,3,49,18,31,0,0,0
146278,481,166,315,2,1,1,4,1,3,22,12,10,7,5,2,0,0,0,432,142,290,7,2,5,7,3,4,0,0,0
146296,1868,757,1111,3,2,1,54,19,35,148,56,92,430,168,262,1,1,0,1134,466,668,59,31,28,33,10,23,6,4,2
146339,297,106,191,0,0,0,9,5,4,36,12,24,59,24,35,1,0,1,147,50,97,5,1,4,28,7,21,12,7,5
146348,571,184,387,1,0,1,3,0,3,49,9,40,98,32,66,0,0,0,393,133,260,19,7,12,7,2,5,1,1,0
146366,738,194,544,1,0,1,7,2,5,35,12,23,15,5,10,0,0,0,664,171,493,15,3,12,1,1,0,0,0,0
146418,623,228,395,3,1,2,9,4,5,47,12,35,114,40,74,0,0,0,418,161,257,24,7,17,7,3,4,1,0,1
146427,261,115,146,0,0,0,9,5,4,20,8,12,25,7,18,2,2,0,125,52,73,12,5,7,12,4,8,56,32,24
146454,24,0,24,0,0,0,0,0,0,1,0,1,3,0,3,0,0,0,19,0,19,0,0,0,1,0,1,0,0,0
146472,2874,1126,1748,4,2,2,147,57,90,150,47,103,1078,390,688,5,4,1,1257,537,720,113,38,75,106,47,59,14,4,10
146481,362,158,204,3,1,2,22,7,15,16,8,8,50,17,33,0,0,0,197,88,109,18,8,10,28,15,13,28,14,14
146490,122,57,65,2,0,2,25,16,9,7,3,4,3,1,2,0,0,0,77,31,46,4,4,0,4,2,2,0,0,0
146506,1067,510,557,2,2,0,9,2,7,96,82,14,46,27,19,0,0,0,877,375,502,18,7,11,9,9,0,10,6,4
146533,61,6,55,1,0,1,3,1,2,5,0,5,2,0,2,0,0,0,47,4,43,3,1,2,0,0,0,0,0,0
146603,1094,410,684,12,3,9,3,1,2,78,28,50,27,10,17,5,2,3,887,335,552,5,1,4,77,30,47,0,0,0
146612,1781,717,1064,2,1,1,120,56,64,116,39,77,301,122,179,1,0,1,1085,428,657,29,14,15,72,23,49,55,34,21
146667,184,117,67,0,0,0,2,2,0,11,8,3,3,3,0,0,0,0,153,96,57,2,1,1,2,1,1,11,6,5
146676,208,69,139,3,0,3,0,0,0,69,25,44,15,7,8,0,0,0,78,25,53,9,1,8,29,7,22,5,4,1
146685,1379,576,803,9,2,7,19,4,15,120,48,72,50,15,35,2,1,1,1047,447,600,59,22,37,73,37,36,0,0,0
146700,433,260,173,1,1,0,4,4,0,110,54,56,245,142,103,0,0,0,60,53,7,7,3,4,6,3,3,0,0,0
146719,4886,1534,3352,7,2,5,566,187,379,287,80,207,692,208,484,11,4,7,2670,841,1829,165,39,126,233,71,162,255,102,153
146728,45,15,30,0,0,0,0,0,0,2,1,1,2,1,1,0,0,0,29,8,21,0,0,0,2,1,1,10,4,6
146755,85,5,80,1,0,1,3,0,3,5,0,5,4,0,4,1,0,1,65,5,60,5,0,5,1,0,1,0,0,0
146807,19,3,16,0,0,0,0,0,0,1,0,1,6,1,5,0,0,0,12,2,10,0,0,0,0,0,0,0,0,0
146816,45,10,35,0,0,0,1,0,1,24,7,17,8,1,7,0,0,0,10,2,8,2,0,2,0,0,0,0,0,0
146977,49,25,24,0,0,0,10,7,3,20,8,12,8,5,3,0,0,0,9,3,6,0,0,0,0,0,0,2,2,0
147004,1107,477,630,2,1,1,26,7,19,15,8,7,177,66,111,0,0,0,787,348,439,40,18,22,60,29,31,0,0,0
147013,638,247,391,1,0,1,4,3,1,59,27,32,20,7,13,0,0,0,465,166,299,22,11,11,40,14,26,27,19,8
147031,14,4,10,0,0,0,0,0,0,2,1,1,1,0,1,0,0,0,11,3,8,0,0,0,0,0,0,0,0,0
147129,213,26,187,3,0,3,8,2,6,37,4,33,5,0,5,0,0,0,155,19,136,4,1,3,1,0,1,0,0,0
147244,483,188,295,0,0,0,9,3,6,46,22,24,21,7,14,1,0,1,363,134,229,22,11,11,5,2,3,16,9,7
147341,201,99,102,0,0,0,1,0,1,16,12,4,13,6,7,0,0,0,138,67,71,5,3,2,22,7,15,6,4,2
147369,716,407,309,2,1,1,25,16,9,56,32,24,44,32,12,0,0,0,431,253,178,18,10,8,88,37,51,52,26,26
147378,2251,955,1296,6,2,4,70,36,34,160,52,108,512,216,296,4,2,2,1234,540,694,54,24,30,180,67,113,31,16,15
147396,26,26,0,0,0,0,0,0,0,0,0,0,1,1,0,0,0,0,25,25,0,0,0,0,0,0,0,0,0,0
147411,585,177,408,2,0,2,6,4,2,12,4,8,488,150,338,1,0,1,46,12,34,2,1,1,28,6,22,0,0,0
147536,2175,474,1701,2,1,1,66,10,56,451,75,376,610,136,474,3,2,1,748,176,572,51,14,37,205,40,165,39,20,19
147590,165,82,83,2,0,2,14,6,8,17,8,9,15,5,10,2,1,1,105,57,48,3,0,3,5,3,2,2,2,0
147642,20,1,19,0,0,0,1,0,1,0,0,0,4,0,4,0,0,0,15,1,14,0,0,0,0,0,0,0,0,0
147660,757,286,471,1,0,1,23,12,11,20,8,12,122,47,75,1,0,1,512,192,320,23,7,16,34,10,24,21,10,11
147679,685,232,453,1,0,1,49,16,33,52,24,28,154,40,114,3,2,1,317,103,214,18,7,11,64,23,41,27,17,10
147697,63,41,22,0,0,0,0,0,0,17,7,10,2,2,0,1,1,0,38,27,11,1,1,0,0,0,0,4,3,1
147703,4420,2039,2381,2,0,2,299,154,145,425,157,268,697,308,389,3,2,1,2527,1162,1365,139,63,76,29,16,13,299,177,122
147767,7465,3692,3773,5,2,3,982,484,498,377,154,223,566,258,308,5,3,2,3162,1600,1562,242,100,142,626,248,378,1500,843,657
147776,1822,652,1170,5,3,2,171,76,95,160,54,106,626,196,430,3,1,2,606,237,369,26,6,20,180,66,114,45,13,32
147800,1347,563,784,3,0,3,278,105,173,81,32,49,234,89,145,5,4,1,640,281,359,41,23,18,46,21,25,19,8,11
147819,18,0,18,0,0,0,0,0,0,1,0,1,0,0,0,0,0,0,17,0,17,0,0,0,0,0,0,0,0,0
147828,1264,390,874,3,1,2,32,6,26,101,28,73,72,19,53,1,1,0,944,305,639,36,13,23,69,14,55,6,3,3
147916,1339,557,782,3,1,2,47,17,30,134,43,91,128,50,78,1,0,1,874,375,499,74,27,47,56,29,27,22,15,7
148007,690,256,434,0,0,0,10,5,5,360,103,257,122,46,76,1,0,1,159,87,72,15,6,9,19,7,12,4,2,2
148016,84,45,39,0,0,0,5,1,4,1,0,1,1,1,0,1,0,1,58,34,24,1,1,0,1,1,0,16,7,9
148098,14,0,14,0,0,0,0,0,0,5,0,5,3,0,3,0,0,0,6,0,6,0,0,0,0,0,0,0,0,0
148131,247,118,129,0,0,0,0,0,0,17,16,1,9,7,2,0,0,0,198,85,113,0,0,0,18,7,11,5,3,2
148256,595,263,332,0,0,0,3,1,2,23,11,12,13,7,6,0,0,0,549,241,308,5,2,3,2,1,1,0,0,0
148292,653,236,417,2,0,2,11,2,9,89,30,59,25,9,16,0,0,0,499,183,316,15,7,8,9,3,6,3,2,1
148380,1241,512,729,4,2,2,41,18,23,81,34,47,222,73,149,0,0,0,808,342,466,29,11,18,50,30,20,6,2,4
148405,332,113,219,1,0,1,6,1,5,18,8,10,44,15,29,0,0,0,224,69,155,7,2,5,5,3,2,27,15,12
148487,1580,537,1043,3,0,3,128,46,82,268,72,196,315,93,222,2,0,2,664,257,407,39,13,26,83,25,58,78,31,47
148496,817,209,608,0,0,0,31,7,24,57,5,52,349,93,256,0,0,0,314,83,231,7,3,4,37,8,29,22,10,12
148511,815,204,611,1,1,0,76,33,43,60,16,44,98,24,74,1,1,0,488,111,377,11,4,7,67,11,56,13,3,10
148575,163,23,140,0,0,0,4,3,1,9,1,8,5,1,4,0,0,0,139,18,121,6,0,6,0,0,0,0,0,0
148584,1048,275,773,1,1,0,38,7,31,101,27,74,164,44,120,0,0,0,685,166,519,17,6,11,9,2,7,33,22,11
148593,57,10,47,0,0,0,2,1,1,2,1,1,2,1,1,0,0,0,51,7,44,0,0,0,0,0,0,0,0,0
148627,899,294,605,0,0,0,35,15,20,88,19,69,262,77,185,1,0,1,444,158,286,20,11,9,49,14,35,0,0,0
148654,1065,513,552,1,1,0,50,27,23,110,47,63,73,36,37,0,0,0,672,319,353,31,13,18,11,9,2,117,61,56
148672,438,156,282,1,1,0,3,2,1,10,3,7,60,22,38,0,0,0,349,116,233,3,1,2,11,10,1,1,1,0
148821,368,114,254,6,1,5,1,0,1,48,15,33,11,2,9,0,0,0,294,92,202,0,0,0,8,4,4,0,0,0
148876,193,34,159,0,0,0,5,2,3,6,1,5,176,29,147,0,0,0,2,1,1,0,0,0,1,1,0,3,0,3
148885,41,40,1,0,0,0,3,3,0,0,0,0,4,4,0,0,0,0,27,26,1,0,0,0,0,0,0,7,7,0
148937,253,112,141,1,1,0,5,1,4,6,2,4,5,3,2,0,0,0,223,101,122,6,1,5,7,3,4,0,0,0
148955,4,0,4,0,0,0,0,0,0,0,0,0,4,0,4,0,0,0,0,0,0,0,0,0,0,0,0,0,0,0
148982,28,14,14,0,0,0,0,0,0,0,0,0,0,0,0,0,0,0,28,14,14,0,0,0,0,0,0,0,0,0
148991,392,183,209,4,2,2,2,0,2,16,6,10,5,2,3,0,0,0,362,172,190,3,1,2,0,0,0,0,0,0
149028,93,14,79,0,0,0,0,0,0,7,2,5,9,2,7,0,0,0,76,10,66,1,0,1,0,0,0,0,0,0
149204,35,2,33,0,0,0,0,0,0,1,1,0,2,0,2,0,0,0,32,1,31,0,0,0,0,0,0,0,0,0
149222,3357,1747,1610,7,2,5,88,47,41,421,184,237,256,146,110,2,2,0,2250,1181,1069,70,34,36,9,6,3,254,145,109
149231,3166,1261,1905,7,2,5,78,28,50,352,117,235,125,49,76,6,3,3,2296,926,1370,104,33,71,65,31,34,133,72,61
149310,83,43,40,0,0,0,0,0,0,13,1,12,1,0,1,0,0,0,0,0,0,0,0,0,0,0,0,69,42,27
149329,3,3,0,0,0,0,0,0,0,0,0,0,0,0,0,0,0,0,3,3,0,0,0,0,0,0,0,0,0,0
149365,441,124,317,0,0,0,5,3,2,244,54,190,91,27,64,0,0,0,77,34,43,23,6,17,1,0,1,0,0,0
149499,2,0,2,0,0,0,0,0,0,0,0,0,0,0,0,0,0,0,2,0,2,0,0,0,0,0,0,0,0,0
149505,315,91,224,1,1,0,2,1,1,42,6,36,47,12,35,0,0,0,200,64,136,1,0,1,12,3,9,10,4,6
149514,320,208,112,0,0,0,26,17,9,30,15,15,13,4,9,0,0,0,179,117,62,11,11,0,14,11,3,47,33,14
149532,1247,516,731,3,1,2,39,14,25,154,40,114,560,211,349,0,0,0,377,184,193,22,6,16,77,53,24,15,7,8
149550,103,7,96,0,0,0,0,0,0,22,2,20,3,0,3,1,0,1,75,4,71,2,1,1,0,0,0,0,0,0
149639,52,32,20,0,0,0,2,1,1,1,1,0,3,2,1,1,0,1,42,27,15,1,1,0,1,0,1,1,0,1
149727,1435,629,806,1,0,1,55,26,29,80,18,62,447,172,275,4,3,1,791,387,404,41,18,23,8,2,6,8,3,5
149763,495,74,421,4,2,2,83,17,66,110,16,94,148,19,129,3,0,3,125,15,110,10,2,8,11,2,9,1,1,0
149772,2147,942,1205,3,2,1,30,13,17,321,124,197,220,86,134,0,0,0,1326,590,736,54,22,32,41,25,16,152,80,72
149781,761,308,453,1,0,1,56,28,28,21,8,13,39,14,25,1,1,0,530,222,308,34,10,24,10,2,8,69,23,46
149842,3109,1253,1856,7,2,5,416,161,255,111,35,76,798,285,513,1,0,1,1614,707,907,87,36,51,42,18,24,33,9,24
150066,310,134,176,0,0,0,4,1,3,27,20,7,5,2,3,0,0,0,240,94,146,10,4,6,15,8,7,9,5,4
150136,6018,1884,4134,6,0,6,106,25,81,437,150,287,411,116,295,8,3,5,4654,1456,3198,172,59,113,78,21,57,146,54,92
150145,328,113,215,0,0,0,2,1,1,35,10,25,32,15,17,0,0,0,226,77,149,29,8,21,0,0,0,4,2,2
150163,1332,501,831,3,0,3,41,16,25,44,16,28,52,21,31,0,0,0,1139,426,713,31,12,19,13,4,9,9,6,3
150172,160,85,75,0,0,0,0,0,0,42,22,20,35,19,16,0,0,0,79,43,36,3,0,3,1,1,0,0,0,0
150215,32,18,14,2,2,0,1,1,0,4,1,3,0,0,0,1,0,1,24,14,10,0,0,0,0,0,0,0,0,0
150251,6,0,6,0,0,0,1,0,1,0,0,0,0,0,0,0,0,0,5,0,5,0,0,0,0,0,0,0,0,0
150288,75,59,16,0,0,0,1,1,0,1,1,0,0,0,0,0,0,0,60,45,15,1,0,1,0,0,0,12,12,0
150303,188,5,183,1,0,1,0,0,0,91,4,87,30,0,30,1,0,1,56,1,55,7,0,7,2,0,2,0,0,0
150400,497,238,259,2,2,0,21,7,14,29,14,15,45,16,29,0,0,0,325,160,165,8,4,4,8,2,6,59,33,26
150428,14,2,12,0,0,0,0,0,0,5,0,5,2,0,2,0,0,0,6,1,5,1,1,0,0,0,0,0,0,0
150455,210,92,118,0,0,0,11,2,9,14,7,7,25,10,15,0,0,0,112,50,62,9,7,2,6,2,4,33,14,19
150534,495,187,308,1,1,0,18,6,12,14,3,11,13,3,10,1,1,0,337,119,218,10,4,6,45,11,34,56,39,17
150604,211,83,128,2,0,2,0,0,0,10,6,4,7,3,4,0,0,0,187,72,115,3,1,2,2,1,1,0,0,0
150668,231,78,153,0,0,0,3,2,1,9,3,6,37,13,24,1,1,0,159,52,107,9,3,6,2,0,2,11,4,7
150677,517,221,296,1,0,1,11,8,3,20,10,10,29,10,19,0,0,0,403,159,244,13,4,9,17,8,9,23,22,1
150756,218,89,129,1,0,1,3,0,3,6,3,3,8,0,8,2,2,0,156,66,90,6,2,4,32,15,17,4,1,3
150765,59,2,57,0,0,0,1,0,1,6,0,6,4,0,4,0,0,0,44,2,42,4,0,4,0,0,0,0,0,0
150774,126,74,52,1,1,0,1,1,0,9,8,1,24,11,13,0,0,0,64,36,28,7,4,3,9,6,3,11,7,4
150853,67,1,66,0,0,0,1,0,1,9,1,8,2,0,2,0,0,0,53,0,53,2,0,2,0,0,0,0,0,0
150941,317,92,225,0,0,0,4,1,3,6,1,5,13,4,9,0,0,0,270,75,195,13,5,8,0,0,0,11,6,5
150987,22633,9000,13633,77,38,39,520,217,303,1937,592,1345,963,360,603,33,7,26,17390,7117,10273,878,281,597,835,388,447,0,0,0
151102,1339,625,714,1,1,0,51,24,27,69,24,45,87,43,44,0,0,0,985,452,533,48,19,29,7,4,3,91,58,33
151111,7599,2892,4707,7,1,6,456,182,274,679,205,474,510,166,344,2,2,0,5116,1924,3192,291,104,187,32,11,21,506,297,209
151263,1446,468,978,1,0,1,34,12,22,110,33,77,59,22,37,3,0,3,1001,294,707,40,17,23,40,11,29,158,79,79
151290,559,321,238,2,2,0,7,5,2,93,38,55,25,16,9,1,1,0,295,159,136,12,5,7,18,12,6,106,83,23
151306,2363,864,1499,4,0,4,44,18,26,101,31,70,83,34,49,3,0,3,2020,733,1287,48,16,32,12,6,6,48,26,22
151324,2482,1027,1455,4,2,2,43,10,33,289,111,178,108,51,57,1,1,0,1814,733,1081,86,35,51,19,9,10,118,75,43
151333,666,201,465,1,0,1,5,0,5,34,12,22,41,14,27,1,1,0,520,150,370,21,9,12,17,6,11,26,9,17
151342,898,287,611,2,1,1,12,2,10,60,18,42,92,29,63,1,1,0,668,217,451,34,7,27,5,3,2,24,9,15
151351,10879,5635,5244,15,9,6,630,319,311,476,185,291,668,329,339,3,0,3,7095,3723,3372,375,189,186,48,30,18,1569,851,718
151360,670,167,503,1,1,0,25,9,16,106,23,83,152,38,114,0,0,0,361,88,273,17,6,11,3,1,2,5,1,4
151379,954,346,608,2,0,2,9,4,5,35,15,20,29,10,19,3,2,1,832,300,532,33,12,21,4,1,3,7,2,5
151388,840,259,581,0,0,0,12,2,10,41,17,24,32,14,18,0,0,0,681,198,483,29,8,21,32,12,20,13,8,5
151467,153,19,134,0,0,0,3,1,2,7,1,6,16,1,15,0,0,0,117,15,102,8,1,7,2,0,2,0,0,0
151564,16,0,16,0,0,0,0,0,0,0,0,0,0,0,0,0,0,0,15,0,15,1,0,1,0,0,0,0,0,0
151607,48,1,47,0,0,0,1,0,1,9,1,8,3,0,3,0,0,0,29,0,29,6,0,6,0,0,0,0,0,0
151652,120,2,118,0,0,0,4,0,4,37,2,35,7,0,7,1,0,1,63,0,63,8,0,8,0,0,0,0,0,0
151661,373,350,23,1,1,0,16,16,0,65,59,6,42,39,3,0,0,0,231,218,13,15,14,1,3,3,0,0,0,0
151777,294,124,170,0,0,0,10,4,6,17,5,12,14,4,10,0,0,0,208,92,116,7,5,2,31,8,23,7,6,1
151786,1011,327,684,3,2,1,45,17,28,114,34,80,51,20,31,1,1,0,714,220,494,40,14,26,19,5,14,24,14,10
151801,720,213,507,1,0,1,13,6,7,41,5,36,32,10,22,1,0,1,585,180,405,21,4,17,20,6,14,6,2,4
151810,54,14,40,0,0,0,1,0,1,51,13,38,0,0,0,0,0,0,1,1,0,0,0,0,1,0,1,0,0,0
151865,21,13,8,0,0,0,0,0,0,1,0,1,0,0,0,0,0,0,14,8,6,0,0,0,0,0,0,6,5,1
151962,61,28,33,0,0,0,0,0,0,12,7,5,0,0,0,0,0,0,49,21,28,0,0,0,0,0,0,0,0,0
152044,24,10,14,0,0,0,1,1,0,8,5,3,3,1,2,0,0,0,8,3,5,4,0,4,0,0,0,0,0,0
152080,3633,1948,1685,6,2,4,170,84,86,108,59,49,356,176,180,1,1,0,2385,1289,1096,167,88,79,34,23,11,406,226,180
152099,238,95,143,0,0,0,1,1,0,22,9,13,6,2,4,0,0,0,198,81,117,5,1,4,5,1,4,1,0,1
152150,26,0,26,0,0,0,0,0,0,1,0,1,1,0,1,2,0,2,22,0,22,0,0,0,0,0,0,0,0,0
152275,66,11,55,0,0,0,4,1,3,23,4,19,9,3,6,0,0,0,26,2,24,4,1,3,0,0,0,0,0,0
152309,53,18,35,0,0,0,3,2,1,8,3,5,0,0,0,0,0,0,40,13,27,1,0,1,1,0,1,0,0,0
152318,452,349,103,0,0,0,32,25,7,11,5,6,27,16,11,0,0,0,295,237,58,18,13,5,2,1,1,67,52,15
152336,715,185,530,2,0,2,12,3,9,53,20,33,36,13,23,0,0,0,548,134,414,21,5,16,38,6,32,5,4,1
152381,293,33,260,0,0,0,2,0,2,13,2,11,7,2,5,1,0,1,242,27,215,9,0,9,19,2,17,0,0,0
152390,349,2,347,0,0,0,7,0,7,9,0,9,44,1,43,0,0,0,272,1,271,7,0,7,10,0,10,0,0,0
152451,55,45,10,0,0,0,1,0,1,0,0,0,3,2,1,0,0,0,41,33,8,0,0,0,0,0,0,10,10,0
152497,35,0,35,0,0,0,0,0,0,1,0,1,1,0,1,0,0,0,32,0,32,1,0,1,0,0,0,0,0,0
152530,410,175,235,2,1,1,15,4,11,15,8,7,19,9,10,2,0,2,337,144,193,1,0,1,0,0,0,19,9,10
152567,513,302,211,3,1,2,8,2,6,13,9,4,23,13,10,0,0,0,427,252,175,18,10,8,6,4,2,15,11,4
152600,934,391,543,1,0,1,23,7,16,52,27,25,79,28,51,1,0,1,618,237,381,21,11,10,52,22,30,87,59,28
152628,2,0,2,0,0,0,0,0,0,0,0,0,0,0,0,0,0,0,2,0,2,0,0,0,0,0,0,0,0,0
152637,2017,1034,983,8,7,1,38,14,24,163,73,90,257,116,141,2,2,0,1432,763,669,51,27,24,47,25,22,19,7,12
152673,178,178,0,0,0,0,2,2,0,10,10,0,10,10,0,0,0,0,142,142,0,6,6,0,0,0,0,8,8,0
152798,276,33,243,1,0,1,5,1,4,6,3,3,4,1,3,0,0,0,235,23,212,7,2,5,18,3,15,0,0,0
152992,254,75,179,1,1,0,8,2,6,26,11,15,27,9,18,2,2,0,178,44,134,1,0,1,0,0,0,11,6,5
153001,500,134,366,0,0,0,6,5,1,12,9,3,16,7,9,0,0,0,379,98,281,40,0,40,47,15,32,0,0,0
153074,81,4,77,0,0,0,0,0,0,7,1,6,3,0,3,0,0,0,70,3,67,1,0,1,0,0,0,0,0,0
153083,73,1,72,1,0,1,1,0,1,4,0,4,6,0,6,0,0,0,58,1,57,3,0,3,0,0,0,0,0,0
153108,233,113,120,1,0,1,2,2,0,3,3,0,17,11,6,1,1,0,197,92,105,6,2,4,6,2,4,0,0,0
153126,208,70,138,1,0,1,2,1,1,6,2,4,17,11,6,0,0,0,172,54,118,0,0,0,8,2,6,2,0,2
153144,267,108,159,0,0,0,15,7,8,13,6,7,25,8,17,0,0,0,189,77,112,5,2,3,14,6,8,6,2,4
153162,244,115,129,3,1,2,7,3,4,16,9,7,12,3,9,0,0,0,173,81,92,7,4,3,6,4,2,20,10,10
153214,3288,1315,1973,10,6,4,126,54,72,182,61,121,236,98,138,1,0,1,2284,898,1386,96,32,64,338,158,180,15,8,7
153241,18,12,6,0,0,0,5,5,0,0,0,0,0,0,0,0,0,0,0,0,0,0,0,0,0,0,0,13,7,6
153250,372,202,170,1,1,0,3,1,2,4,3,1,11,6,5,0,0,0,301,161,140,3,2,1,16,10,6,33,18,15
153269,1263,466,797,3,2,1,46,20,26,47,18,29,76,30,46,0,0,0,1016,369,647,32,11,21,5,0,5,38,16,22
153278,517,252,265,0,0,0,7,2,5,46,26,20,32,11,21,1,1,0,345,157,188,13,8,5,38,18,20,35,29,6
153296,161,56,105,0,0,0,1,0,1,15,13,2,9,4,5,0,0,0,118,32,86,5,1,4,5,3,2,8,3,5
153302,86,44,42,1,0,1,2,0,2,3,3,0,5,2,3,0,0,0,72,37,35,2,1,1,0,0,0,1,1,0
153311,1127,434,693,4,2,2,27,11,16,72,24,48,117,50,67,2,0,2,824,320,504,37,9,28,42,17,25,2,1,1
153320,65,26,39,0,0,0,3,0,3,0,0,0,1,0,1,0,0,0,58,25,33,3,1,2,0,0,0,0,0,0
153366,453,134,319,5,0,5,8,3,5,33,18,15,29,20,9,1,1,0,312,67,245,15,4,11,29,8,21,21,13,8
153375,481,205,276,0,0,0,25,12,13,33,21,12,32,10,22,0,0,0,329,134,195,14,4,10,36,13,23,12,11,1
153384,363,154,209,0,0,0,26,8,18,17,2,15,35,9,26,0,0,0,185,86,99,13,5,8,14,9,5,73,35,38
153427,89,37,52,0,0,0,0,0,0,11,6,5,14,6,8,0,0,0,59,24,35,5,1,4,0,0,0,0,0,0
153445,948,466,482,1,1,0,9,3,6,38,15,23,39,22,17,0,0,0,835,413,422,20,8,12,0,0,0,6,4,2
153463,10,1,9,0,0,0,0,0,0,1,0,1,0,0,0,0,0,0,7,0,7,1,1,0,1,0,1,0,0,0
153472,687,324,363,4,2,2,4,1,3,51,32,19,44,22,22,1,0,1,509,213,296,28,16,12,23,20,3,23,18,5
153524,986,413,573,4,1,3,12,6,6,72,47,25,74,23,51,4,3,1,688,261,427,35,19,16,49,25,24,48,28,20
153533,342,157,185,2,1,1,0,0,0,15,11,4,16,6,10,0,0,0,290,126,164,14,9,5,5,4,1,0,0,0
153542,10,1,9,0,0,0,0,0,0,0,0,0,0,0,0,0,0,0,10,1,9,0,0,0,0,0,0,0,0,0
153597,68,1,67,1,0,1,1,0,1,8,1,7,11,0,11,2,0,2,41,0,41,4,0,4,0,0,0,0,0,0
153603,7911,4282,3629,18,8,10,272,150,122,208,105,103,413,184,229,4,2,2,5664,3022,2642,171,89,82,395,218,177,766,504,262
153621,152,80,72,0,0,0,1,1,0,18,11,7,10,5,5,1,1,0,76,30,46,12,3,9,7,5,2,27,24,3
153630,1159,464,695,14,8,6,26,12,14,96,52,44,75,24,51,1,1,0,891,336,555,4,1,3,23,14,9,29,16,13
153658,7786,3614,4172,14,4,10,328,151,177,229,105,124,536,231,305,4,2,2,5595,2571,3024,259,81,178,187,103,84,634,366,268
153737,2033,891,1142,12,6,6,36,16,20,139,74,65,145,61,84,3,1,2,1552,667,885,55,23,32,67,31,36,24,12,12
153746,10,0,10,0,0,0,0,0,0,2,0,2,0,0,0,0,0,0,8,0,8,0,0,0,0,0,0,0,0,0
153764,28,1,27,0,0,0,3,0,3,2,1,1,0,0,0,0,0,0,23,0,23,0,0,0,0,0,0,0,0,0
153773,38,2,36,0,0,0,0,0,0,0,0,0,5,1,4,0,0,0,33,1,32,0,0,0,0,0,0,0,0,0
153782,17,0,17,0,0,0,0,0,0,4,0,4,1,0,1,0,0,0,11,0,11,1,0,1,0,0,0,0,0,0
153825,309,152,157,0,0,0,4,1,3,8,7,1,21,14,7,0,0,0,261,121,140,2,2,0,8,4,4,5,3,2
153834,398,156,242,0,0,0,9,2,7,2,1,1,24,11,13,2,0,2,313,118,195,12,4,8,1,1,0,35,19,16
153861,600,387,213,1,0,1,12,5,7,71,52,19,17,3,14,0,0,0,98,41,57,4,1,3,90,30,60,307,255,52
153922,324,138,186,4,1,3,12,4,8,9,2,7,70,21,49,0,0,0,194,86,108,10,4,6,6,5,1,19,15,4
153977,420,76,344,0,0,0,23,3,20,38,9,29,38,4,34,0,0,0,294,55,239,8,0,8,19,5,14,0,0,0
154004,557,139,418,2,1,1,9,3,6,9,3,6,19,4,15,1,0,1,484,109,375,7,4,3,19,8,11,7,7,0
154013,528,158,370,4,1,3,7,4,3,34,18,16,8,2,6,3,2,1,420,111,309,9,2,7,28,10,18,15,8,7
154022,10241,3257,6984,74,21,53,305,134,171,3115,785,2330,1575,504,1071,71,24,47,4370,1556,2814,360,116,244,354,109,245,17,8,9
154059,732,298,434,2,0,2,7,1,6,20,9,11,46,19,27,0,0,0,628,248,380,12,7,5,0,0,0,17,14,3
154095,2674,1024,1650,4,0,4,39,10,29,72,33,39,103,38,65,3,1,2,2160,808,1352,53,21,32,88,31,57,152,82,70
154101,341,108,233,0,0,0,2,2,0,4,1,3,7,1,6,0,0,0,280,89,191,5,3,2,37,8,29,6,4,2
154110,625,195,430,2,1,1,7,1,6,16,3,13,18,2,16,2,1,1,551,176,375,7,3,4,21,8,13,1,0,1
154129,361,193,168,4,3,1,6,2,4,21,5,16,34,14,20,0,0,0,279,157,122,5,3,2,12,9,3,0,0,0
154156,453,221,232,0,0,0,56,32,24,9,4,5,19,10,9,0,0,0,341,161,180,15,5,10,13,9,4,0,0,0
154165,14,0,14,0,0,0,0,0,0,1,0,1,0,0,0,0,0,0,13,0,13,0,0,0,0,0,0,0,0,0
154174,608,348,260,4,3,1,37,23,14,18,9,9,69,38,31,1,1,0,463,264,199,14,9,5,2,1,1,0,0,0
154208,94,0,94,0,0,0,0,0,0,5,0,5,2,0,2,0,0,0,84,0,84,0,0,0,3,0,3,0,0,0
154235,822,296,526,1,1,0,12,2,10,23,7,16,60,25,35,0,0,0,643,217,426,19,8,11,33,12,21,31,24,7
154262,113,8,105,2,0,2,3,1,2,5,0,5,11,4,7,0,0,0,90,3,87,1,0,1,1,0,1,0,0,0
154332,45,2,43,0,0,0,1,0,1,11,1,10,6,1,5,0,0,0,24,0,24,2,0,2,1,0,1,0,0,0
154350,270,119,151,0,0,0,6,2,4,7,2,5,14,4,10,0,0,0,221,103,118,8,1,7,9,4,5,5,3,2
154378,626,216,410,12,7,5,8,1,7,27,15,12,25,10,15,2,0,2,232,67,165,14,5,9,291,101,190,15,10,5
154396,368,166,202,0,0,0,4,2,2,9,5,4,15,10,5,0,0,0,315,139,176,4,2,2,6,2,4,15,6,9
154448,81,2,79,1,0,1,1,0,1,13,0,13,5,0,5,0,0,0,55,2,53,2,0,2,3,0,3,1,0,1
154457,13,0,13,1,0,1,0,0,0,0,0,0,7,0,7,0,0,0,5,0,5,0,0,0,0,0,0,0,0,0
154466,20,3,17,0,0,0,0,0,0,7,3,4,2,0,2,0,0,0,11,0,11,0,0,0,0,0,0,0,0,0
154493,1298,472,826,0,0,0,23,9,14,245,73,172,90,42,48,3,0,3,861,308,553,27,14,13,14,7,7,35,19,16
154518,959,599,360,2,1,1,12,7,5,78,50,28,41,27,14,2,1,1,275,157,118,7,4,3,537,348,189,5,4,1
154527,258,93,165,1,0,1,3,0,3,6,3,3,18,3,15,0,0,0,201,77,124,4,0,4,4,1,3,21,9,12
154536,36,14,22,0,0,0,0,0,0,0,0,0,3,2,1,0,0,0,33,12,21,0,0,0,0,0,0,0,0,0
154545,26,21,5,0,0,0,1,1,0,5,4,1,5,4,1,0,0,0,12,9,3,3,3,0,0,0,0,0,0,0
154572,1361,497,864,20,12,8,36,15,21,51,18,33,260,89,171,3,1,2,844,303,541,40,17,23,26,15,11,81,27,54
154590,228,105,123,2,0,2,2,0,2,26,18,8,22,12,10,1,0,1,144,62,82,6,1,5,7,0,7,18,12,6
154642,380,115,265,6,2,4,5,2,3,23,11,12,24,12,12,0,0,0,311,85,226,10,3,7,1,0,1,0,0,0
154688,677,240,437,5,3,2,16,6,10,53,19,34,46,19,27,1,1,0,521,177,344,17,6,11,12,5,7,6,4,2
154697,960,412,548,10,4,6,12,7,5,147,83,64,130,51,79,3,3,0,590,234,356,24,9,15,43,21,22,1,0,1
154712,415,184,231,1,1,0,4,2,2,10,9,1,31,12,19,1,1,0,339,146,193,2,0,2,14,5,9,13,8,5
154721,134,54,80,1,0,1,1,1,0,9,6,3,32,16,16,1,0,1,72,26,46,7,1,6,0,0,0,11,4,7
154749,74,25,49,0,0,0,2,0,2,7,6,1,2,0,2,0,0,0,60,19,41,1,0,1,2,0,2,0,0,0
154800,1391,469,922,20,10,10,75,22,53,79,36,43,148,53,95,1,0,1,915,286,629,0,0,0,115,43,72,38,19,19
154855,169,86,83,2,0,2,2,1,1,26,13,13,20,10,10,0,0,0,102,54,48,6,1,5,5,1,4,6,6,0
154907,389,146,243,4,4,0,2,0,2,21,6,15,26,15,11,0,0,0,257,87,170,14,3,11,43,16,27,22,15,7
154925,357,170,187,20,4,16,3,0,3,48,29,19,32,17,15,3,2,1,205,97,108,27,10,17,8,4,4,11,7,4
154934,398,100,298,1,1,0,0,0,0,16,11,5,23,9,14,0,0,0,290,56,234,38,7,31,3,0,3,27,16,11
154952,740,281,459,15,7,8,11,3,8,30,16,14,74,28,46,1,1,0,532,194,338,35,13,22,7,2,5,35,17,18
154998,307,87,220,0,0,0,4,3,1,19,15,4,163,31,132,2,1,1,102,30,72,12,6,6,5,1,4,0,0,0
155007,88,19,69,1,1,0,7,1,6,28,2,26,36,11,25,1,0,1,11,3,8,2,0,2,0,0,0,2,1,1
155025,1838,556,1282,9,2,7,34,15,19,71,34,37,49,16,33,0,0,0,1364,397,967,60,12,48,157,52,105,94,28,66
155052,297,159,138,2,1,1,5,3,2,5,4,1,71,35,36,1,0,1,207,111,96,6,5,1,0,0,0,0,0,0
155061,4215,1563,2652,16,7,9,48,20,28,131,71,60,250,83,167,2,0,2,2162,742,1420,69,27,42,26,9,17,1511,604,907
155070,38,18,20,2,0,2,0,0,0,7,5,2,1,1,0,0,0,0,27,12,15,0,0,0,1,0,1,0,0,0
155089,482,182,300,4,0,4,14,6,8,36,19,17,43,18,25,3,2,1,322,112,210,0,0,0,60,25,35,0,0,0
155098,436,157,279,5,1,4,1,0,1,18,14,4,36,12,24,0,0,0,355,123,232,20,6,14,0,0,0,1,1,0
155104,529,200,329,3,2,1,13,4,9,40,28,12,264,84,180,2,0,2,180,73,107,4,1,3,7,0,7,16,8,8
155140,154,50,104,154,50,104,0,0,0,0,0,0,0,0,0,0,0,0,0,0,0,0,0,0,0,0,0,0,0,0
155159,46,0,46,0,0,0,0,0,0,0,0,0,3,0,3,0,0,0,40,0,40,3,0,3,0,0,0,0,0,0
155177,128,43,85,1,0,1,4,1,3,5,2,3,22,7,15,0,0,0,72,22,50,3,0,3,0,0,0,21,11,10
155186,599,170,429,9,3,6,12,5,7,69,35,34,14,4,10,3,1,2,435,101,334,30,12,18,27,9,18,0,0,0
155195,1429,567,862,13,6,7,10,3,7,79,55,24,169,49,120,2,1,1,972,375,597,43,18,25,128,55,73,13,5,8
155201,197,74,123,4,1,3,1,0,1,40,38,2,23,10,13,2,2,0,99,17,82,12,4,8,14,2,12,2,0,2
155210,2500,1009,1491,10,1,9,119,37,82,137,42,95,277,100,177,8,2,6,1617,685,932,115,32,83,142,79,63,75,31,44
155283,306,22,284,4,0,4,7,1,6,73,2,71,36,2,34,2,1,1,90,6,84,1,0,1,93,10,83,0,0,0
155292,1110,445,665,11,6,5,24,11,13,161,41,120,233,107,126,3,3,0,477,196,281,64,19,45,40,15,25,97,47,50
155308,27,13,14,1,0,1,0,0,0,8,5,3,2,2,0,0,0,0,10,3,7,2,1,1,2,0,2,2,2,0
155317,6743,3009,3734,33,13,20,314,136,178,265,119,146,560,227,333,11,8,3,4761,2080,2681,294,128,166,56,24,32,449,274,175
155335,465,157,308,10,2,8,21,7,14,20,11,9,47,11,36,0,0,0,331,112,219,4,2,2,18,4,14,14,8,6
155353,49,42,7,0,0,0,1,1,0,21,19,2,8,6,2,0,0,0,13,10,3,2,2,0,4,4,0,0,0,0
155399,5249,2426,2823,32,14,18,100,43,57,152,75,77,339,154,185,4,2,2,4062,1843,2219,158,69,89,68,34,34,334,192,142
155414,173,93,80,2,0,2,2,1,1,14,11,3,33,21,12,0,0,0,111,55,56,8,5,3,0,0,0,3,0,3
155423,738,376,362,14,4,10,5,2,3,46,12,34,93,33,60,1,0,1,407,222,185,51,18,33,121,85,36,0,0,0
155450,202,82,120,7,3,4,0,0,0,10,3,7,15,7,8,0,0,0,156,65,91,9,3,6,5,1,4,0,0,0
155487,326,136,190,2,0,2,4,3,1,19,6,13,45,20,25,1,1,0,236,101,135,16,5,11,2,0,2,1,0,1
155496,33,16,17,0,0,0,1,1,0,1,0,1,2,1,1,0,0,0,27,13,14,0,0,0,2,1,1,0,0,0
155511,161,100,61,6,4,2,3,1,2,13,10,3,23,16,7,0,0,0,93,57,36,4,1,3,5,3,2,14,8,6
155520,579,162,417,8,3,5,15,6,9,58,24,34,3,1,2,0,0,0,375,99,276,11,3,8,96,23,73,13,3,10
155566,673,237,436,7,2,5,11,1,10,33,10,23,62,24,38,0,0,0,518,179,339,26,9,17,3,3,0,13,9,4
155593,409,182,227,3,3,0,3,0,3,9,2,7,16,3,13,0,0,0,364,168,196,14,6,8,0,0,0,0,0,0
155618,270,177,93,2,2,0,0,0,0,24,18,6,50,34,16,0,0,0,178,116,62,9,5,4,0,0,0,7,2,5
155627,105,54,51,2,0,2,2,1,1,10,5,5,12,7,5,3,2,1,65,34,31,3,2,1,8,3,5,0,0,0
155636,158,58,100,5,2,3,33,20,13,10,2,8,7,3,4,0,0,0,95,28,67,1,1,0,7,2,5,0,0,0
155681,1751,797,954,14,6,8,18,10,8,53,28,25,73,33,40,4,1,3,1410,606,804,86,40,46,8,4,4,85,69,16
155715,319,120,199,3,1,2,3,1,2,18,7,11,35,13,22,1,0,1,242,89,153,11,5,6,0,0,0,6,4,2
155812,378,152,226,2,2,0,9,6,3,29,15,14,53,29,24,2,1,1,203,74,129,13,7,6,59,13,46,8,5,3
155830,362,120,242,1,1,0,9,2,7,10,1,9,58,14,44,4,2,2,264,95,169,12,3,9,4,2,2,0,0,0
155858,368,138,230,3,0,3,4,2,2,8,5,3,232,91,141,1,1,0,90,28,62,6,1,5,8,4,4,16,6,10
155900,484,325,159,2,2,0,8,5,3,43,34,9,44,30,14,4,3,1,204,132,72,20,15,5,147,95,52,12,9,3
155937,123,70,53,2,0,2,0,0,0,21,18,3,15,8,7,0,0,0,74,34,40,1,1,0,2,1,1,8,8,0
155973,120,58,62,0,0,0,1,0,1,9,6,3,12,10,2,1,1,0,81,34,47,12,4,8,0,0,0,4,3,1
156082,1422,499,923,11,6,5,13,2,11,58,30,28,127,41,86,1,0,1,983,326,657,52,14,38,128,48,80,49,32,17
156107,1099,463,636,11,4,7,62,29,33,80,22,58,219,80,139,2,2,0,608,285,323,61,19,42,39,18,21,17,4,13
156125,3420,1417,2003,27,10,17,211,105,106,159,55,104,375,132,243,1,0,1,2120,826,1294,119,32,87,68,28,40,340,229,111
156134,627,323,304,20,14,6,10,5,5,80,42,38,89,36,53,0,0,0,396,211,185,28,13,15,4,2,2,0,0,0
156189,74,39,35,0,0,0,0,0,0,0,0,0,0,0,0,0,0,0,71,37,34,0,0,0,0,0,0,3,2,1
156213,405,158,247,1,1,0,7,3,4,15,7,8,19,4,15,0,0,0,336,124,212,3,3,0,12,6,6,12,10,2
156222,326,201,125,0,0,0,14,11,3,17,10,7,26,17,9,0,0,0,174,96,78,6,6,0,46,29,17,43,32,11
156231,876,377,499,1,1,0,6,2,4,8,3,5,16,6,10,1,0,1,826,360,466,14,5,9,4,0,4,0,0,0
156277,16,1,15,0,0,0,0,0,0,6,0,6,1,0,1,0,0,0,7,1,6,2,0,2,0,0,0,0,0,0
156286,882,297,585,1,0,1,25,9,16,59,15,44,39,12,27,1,0,1,670,224,446,29,11,18,32,11,21,26,15,11
156295,277,108,169,0,0,0,8,1,7,47,16,31,32,14,18,0,0,0,150,61,89,17,7,10,1,1,0,22,8,14
156310,190,3,187,2,0,2,12,0,12,45,0,45,10,0,10,7,0,7,97,2,95,16,1,15,1,0,1,0,0,0
156338,1099,467,632,1,1,0,25,8,17,79,27,52,57,26,31,0,0,0,893,389,504,33,13,20,10,3,7,1,0,1
156356,201,40,161,0,0,0,3,0,3,22,3,19,16,3,13,2,0,2,121,28,93,0,0,0,36,5,31,1,1,0
156365,3458,2151,1307,4,2,2,12,3,9,121,49,72,39,13,26,2,1,1,787,253,534,18,11,7,42,12,30,2433,1807,626
156392,3282,1457,1825,4,0,4,77,39,38,312,118,194,153,61,92,6,3,3,2549,1148,1401,124,54,70,47,29,18,10,5,5
156408,339,156,183,0,0,0,17,8,9,10,2,8,25,11,14,0,0,0,245,111,134,10,6,4,7,4,3,25,14,11
156417,16,12,4,1,1,0,0,0,0,0,0,0,0,0,0,0,0,0,14,10,4,1,1,0,0,0,0,0,0,0
156426,80,0,80,0,0,0,1,0,1,8,0,8,2,0,2,0,0,0,65,0,65,1,0,1,2,0,2,1,0,1
156471,1006,94,912,4,1,3,19,2,17,139,9,130,67,4,63,2,0,2,709,70,639,50,4,46,16,4,12,0,0,0
156541,4005,1748,2257,4,1,3,39,26,13,40,19,21,32,12,20,0,0,0,705,210,495,2,0,2,2374,897,1477,809,583,226
156620,3515,1409,2106,4,2,2,31,15,16,185,76,109,109,50,59,1,0,1,2943,1131,1812,91,38,53,99,63,36,52,34,18
156648,1594,908,686,4,2,2,15,9,6,60,28,32,58,28,30,2,1,1,1405,819,586,44,16,28,6,5,1,0,0,0
156727,901,52,849,3,0,3,23,1,22,91,4,87,53,3,50,1,0,1,679,42,637,31,1,30,20,1,19,0,0,0
156745,348,117,231,0,0,0,1,0,1,17,9,8,13,8,5,1,0,1,276,84,192,6,4,2,30,9,21,4,3,1
156754,17,2,15,0,0,0,0,0,0,2,0,2,0,0,0,1,0,1,14,2,12,0,0,0,0,0,0,0,0,0
156790,815,388,427,0,0,0,2,1,1,6,4,2,6,1,5,0,0,0,789,377,412,7,4,3,5,1,4,0,0,0
156842,98,7,91,1,0,1,0,0,0,10,1,9,1,0,1,0,0,0,76,6,70,0,0,0,10,0,10,0,0,0
156851,317,88,229,0,0,0,4,0,4,22,7,15,12,4,8,0,0,0,263,72,191,14,5,9,2,0,2,0,0,0
156860,621,174,447,0,0,0,12,3,9,113,25,88,63,18,45,3,2,1,393,117,276,28,6,22,9,3,6,0,0,0
156921,2916,1455,1461,5,4,1,110,55,55,406,152,254,190,85,105,3,2,1,2038,1067,971,108,59,49,50,27,23,6,4,2
156967,63,0,63,0,0,0,2,0,2,9,0,9,3,0,3,0,0,0,44,0,44,3,0,3,2,0,2,0,0,0
157021,44,4,40,0,0,0,0,0,0,0,0,0,2,0,2,0,0,0,17,2,15,0,0,0,25,2,23,0,0,0
157030,7,1,6,0,0,0,0,0,0,0,0,0,0,0,0,0,0,0,7,1,6,0,0,0,0,0,0,0,0,0
157058,202,91,111,1,0,1,1,1,0,123,63,60,11,5,6,1,1,0,44,18,26,6,1,5,10,0,10,5,2,3
157076,160,70,90,0,0,0,0,0,0,14,9,5,6,1,5,0,0,0,121,49,72,0,0,0,19,11,8,0,0,0
157085,7107,2939,4168,12,7,5,204,81,123,467,173,294,301,127,174,6,2,4,5240,2119,3121,224,82,142,264,128,136,389,220,169
157100,120,57,63,1,1,0,0,0,0,10,9,1,2,0,2,0,0,0,92,39,53,0,0,0,11,6,5,4,2,2
157207,18,5,13,0,0,0,0,0,0,2,0,2,0,0,0,0,0,0,16,5,11,0,0,0,0,0,0,0,0,0
157216,645,159,486,0,0,0,4,1,3,47,19,28,2,1,1,0,0,0,437,88,349,8,3,5,145,47,98,2,0,2
157289,5110,2368,2742,8,5,3,230,109,121,543,196,347,250,113,137,2,1,1,3665,1731,1934,221,94,127,16,13,3,175,106,69
157298,34,13,21,0,0,0,1,1,0,9,4,5,1,1,0,0,0,0,22,6,16,0,0,0,0,0,0,1,1,0
157304,1114,401,713,3,0,3,5,2,3,46,10,36,45,17,28,2,0,2,944,343,601,26,8,18,43,21,22,0,0,0
157331,1343,575,768,3,1,2,6,1,5,20,6,14,38,16,22,1,1,0,1237,532,705,18,5,13,20,13,7,0,0,0
157377,318,93,225,1,0,1,4,2,2,24,8,16,17,8,9,1,0,1,241,63,178,13,3,10,13,6,7,4,3,1
157386,1520,551,969,0,0,0,4,0,4,50,28,22,27,11,16,1,0,1,1354,460,894,27,6,21,12,7,5,45,39,6
157401,2236,808,1428,3,1,2,14,2,12,120,32,88,33,11,22,1,0,1,1877,668,1209,40,11,29,58,28,30,90,55,35
157438,1689,925,764,1,1,0,20,9,11,109,55,54,83,43,40,3,2,1,1395,777,618,55,24,31,23,14,9,0,0,0
157447,3477,1190,2287,8,4,4,53,23,30,289,83,206,98,42,56,3,1,2,2818,929,1889,74,22,52,45,22,23,89,64,25
157483,1563,581,982,7,2,5,13,6,7,81,22,59,79,35,44,1,1,0,1320,497,823,50,14,36,12,4,8,0,0,0
157535,430,208,222,5,2,3,30,15,15,29,21,8,8,3,5,1,1,0,346,159,187,0,0,0,4,2,2,7,5,2
157553,673,268,405,1,1,0,0,0,0,2,1,1,15,8,7,0,0,0,633,244,389,6,3,3,16,11,5,0,0,0
157614,33,1,32,0,0,0,0,0,0,8,0,8,2,1,1,0,0,0,23,0,23,0,0,0,0,0,0,0,0,0
157650,46,3,43,0,0,0,2,0,2,7,1,6,1,0,1,0,0,0,35,2,33,1,0,1,0,0,0,0,0,0
157669,35,0,35,0,0,0,1,0,1,18,0,18,1,0,1,0,0,0,10,0,10,1,0,1,4,0,4,0,0,0
157678,52,0,52,0,0,0,1,0,1,4,0,4,1,0,1,0,0,0,42,0,42,1,0,1,3,0,3,0,0,0
157711,1153,423,730,2,0,2,6,2,4,21,15,6,25,11,14,0,0,0,1078,385,693,16,7,9,4,3,1,1,0,1
157739,438,131,307,0,0,0,2,1,1,9,3,6,3,1,2,0,0,0,411,121,290,6,0,6,7,5,2,0,0,0
157748,644,537,107,1,0,1,25,22,3,15,13,2,13,12,1,3,2,1,520,436,84,0,0,0,2,2,0,65,50,15
157757,627,126,501,1,0,1,11,5,6,105,20,85,14,5,9,0,0,0,448,87,361,28,7,21,19,2,17,1,0,1
157793,904,285,619,3,0,3,51,27,24,127,39,88,45,17,28,1,0,1,519,157,362,66,17,49,89,26,63,3,2,1
157809,407,186,221,0,0,0,3,2,1,38,17,21,12,3,9,1,1,0,321,150,171,10,3,7,22,10,12,0,0,0
157818,207,76,131,1,0,1,3,2,1,8,5,3,4,0,4,0,0,0,164,62,102,9,3,6,18,4,14,0,0,0
157863,303,122,181,1,0,1,0,0,0,24,12,12,5,3,2,0,0,0,232,88,144,10,4,6,8,4,4,23,11,12
157951,3911,1543,2368,6,2,4,44,23,21,309,127,182,147,82,65,12,7,5,3153,1170,1983,104,38,66,22,13,9,114,81,33
158088,916,556,360,27,20,7,2,1,1,300,173,127,20,17,3,6,5,1,530,325,205,19,12,7,12,3,9,0,0,0
158246,108,36,72,1,1,0,0,0,0,67,17,50,3,1,2,0,0,0,37,17,20,0,0,0,0,0,0,0,0,0
158325,13,4,9,0,0,0,0,0,0,3,0,3,0,0,0,0,0,0,10,4,6,0,0,0,0,0,0,0,0,0
158343,43,24,19,0,0,0,0,0,0,17,9,8,0,0,0,0,0,0,26,15,11,0,0,0,0,0,0,0,0,0
158431,1044,327,717,11,4,7,11,3,8,293,72,221,49,12,37,8,0,8,601,209,392,41,17,24,19,7,12,11,3,8
158477,125,54,71,0,0,0,5,5,0,22,6,16,13,6,7,0,0,0,80,35,45,3,1,2,0,0,0,2,1,1
158538,17,0,17,0,0,0,0,0,0,5,0,5,1,0,1,0,0,0,10,0,10,1,0,1,0,0,0,0,0,0
158617,252,95,157,0,0,0,37,17,20,99,24,75,29,12,17,0,0,0,70,38,32,0,0,0,17,4,13,0,0,0
158662,2846,779,2067,14,8,6,116,48,68,1071,213,858,326,104,222,41,9,32,1074,328,746,120,43,77,33,14,19,51,12,39
158778,18,0,18,0,0,0,0,0,0,9,0,9,0,0,0,0,0,0,8,0,8,1,0,1,0,0,0,0,0,0
158787,27,0,27,0,0,0,1,0,1,0,0,0,0,0,0,0,0,0,26,0,26,0,0,0,0,0,0,0,0,0
158802,194,46,148,0,0,0,0,0,0,149,36,113,2,1,1,0,0,0,1,1,0,3,0,3,37,8,29,2,0,2
158884,409,171,238,0,0,0,4,3,1,149,41,108,33,15,18,9,2,7,187,99,88,13,4,9,6,2,4,8,5,3
159009,732,219,513,0,0,0,1,0,1,649,185,464,18,8,10,0,0,0,12,6,6,7,1,6,0,0,0,45,19,26
159027,36,1,35,2,0,2,0,0,0,14,0,14,2,0,2,0,0,0,17,1,16,1,0,1,0,0,0,0,0,0
159197,263,214,49,0,0,0,5,3,2,108,83,25,6,3,3,0,0,0,137,120,17,5,3,2,2,2,0,0,0,0
159328,78,3,75,0,0,0,4,0,4,15,0,15,5,0,5,0,0,0,51,3,48,1,0,1,2,0,2,0,0,0
159373,860,248,612,3,2,1,69,28,41,82,14,68,44,15,29,0,0,0,629,180,449,18,2,16,8,5,3,7,2,5
159382,583,128,455,60,11,49,9,0,9,99,26,73,9,1,8,0,0,0,382,83,299,11,3,8,13,4,9,0,0,0
159391,6678,2947,3731,21,6,15,243,125,118,818,263,555,445,192,253,10,3,7,4572,2054,2518,118,42,76,96,42,54,355,220,135
159407,352,72,280,2,0,2,3,2,1,46,7,39,11,4,7,0,0,0,277,58,219,3,1,2,8,0,8,2,0,2
159416,3706,1582,2124,10,4,6,119,55,64,696,179,517,230,101,129,7,4,3,1765,809,956,113,47,66,606,298,308,160,85,75
159513,92,6,86,0,0,0,2,0,2,47,3,44,2,1,1,0,0,0,38,2,36,3,0,3,0,0,0,0,0,0
159522,135,3,132,3,0,3,1,0,1,23,1,22,2,0,2,1,0,1,103,1,102,1,0,1,1,1,0,0,0,0
159531,18,0,18,0,0,0,0,0,0,2,0,2,0,0,0,0,0,0,16,0,16,0,0,0,0,0,0,0,0,0
159568,246,98,148,2,0,2,4,1,3,63,23,40,6,2,4,1,0,1,161,67,94,5,2,3,0,0,0,4,3,1
159601,25,5,20,0,0,0,1,1,0,17,3,14,0,0,0,0,0,0,7,1,6,0,0,0,0,0,0,0,0,0
159647,2041,1010,1031,9,3,6,27,16,11,211,95,116,68,35,33,0,0,0,1484,714,770,47,30,17,77,44,33,118,73,45
159656,1056,328,728,8,3,5,39,13,26,152,33,119,151,51,100,2,1,1,551,182,369,34,9,25,96,31,65,23,5,18
159717,1361,514,847,5,0,5,18,11,7,210,66,144,46,13,33,2,1,1,934,330,604,25,11,14,4,2,2,117,80,37
159939,1609,759,850,5,2,3,108,55,53,273,87,186,167,82,85,0,0,0,874,428,446,56,25,31,23,9,14,103,71,32
159948,598,418,180,0,0,0,26,14,12,44,25,19,17,11,6,0,0,0,345,240,105,2,2,0,160,122,38,4,4,0
159966,1368,433,935,30,6,24,16,4,12,235,81,154,47,15,32,2,2,0,971,300,671,33,12,21,14,7,7,20,6,14
159993,1849,527,1322,8,1,7,46,15,31,375,87,288,42,16,26,1,1,0,1193,325,868,46,13,33,44,13,31,94,56,38
160010,578,405,173,8,6,2,1,0,1,165,83,82,23,20,3,10,5,5,342,267,75,19,16,3,8,7,1,2,1,1
160038,1981,506,1475,26,7,19,21,7,14,513,119,394,119,35,84,1,0,1,1165,292,873,81,22,59,23,6,17,32,18,14
160065,214,35,179,0,0,0,8,1,7,60,7,53,21,5,16,0,0,0,113,21,92,6,0,6,6,1,5,0,0,0
160074,317,65,252,4,2,2,9,1,8,26,1,25,19,1,18,0,0,0,247,57,190,0,0,0,12,3,9,0,0,0
160117,103,2,101,0,0,0,0,0,0,80,0,80,2,0,2,0,0,0,21,2,19,0,0,0,0,0,0,0,0,0
160126,10,2,8,0,0,0,0,0,0,10,2,8,0,0,0,0,0,0,0,0,0,0,0,0,0,0,0,0,0,0
160199,23,0,23,0,0,0,0,0,0,0,0,0,1,0,1,0,0,0,20,0,20,2,0,2,0,0,0,0,0,0
160320,1811,42,1769,1,0,1,25,1,24,423,11,412,250,8,242,5,0,5,853,16,837,30,0,30,222,6,216,2,0,2
160409,19,19,0,0,0,0,0,0,0,0,0,0,7,7,0,0,0,0,12,12,0,0,0,0,0,0,0,0,0,0
160472,86,3,83,0,0,0,0,0,0,23,1,22,19,2,17,0,0,0,44,0,44,0,0,0,0,0,0,0,0,0
160481,517,200,317,19,7,12,8,1,7,93,39,54,25,12,13,3,1,2,323,120,203,36,12,24,10,8,2,0,0,0
160524,138,25,113,0,0,0,0,0,0,78,16,62,3,1,2,0,0,0,53,8,45,4,0,4,0,0,0,0,0,0
160579,793,398,395,9,4,5,6,3,3,159,57,102,31,13,18,5,2,3,538,302,236,32,13,19,4,2,2,9,2,7
160597,22,6,16,0,0,0,0,0,0,22,6,16,0,0,0,0,0,0,0,0,0,0,0,0,0,0,0,0,0,0
160612,2175,768,1407,6,3,3,23,9,14,366,108,258,133,64,69,1,1,0,1457,498,959,96,39,57,22,12,10,71,34,37
160621,1187,393,794,3,1,2,23,15,8,1024,313,711,14,4,10,0,0,0,87,44,43,23,10,13,7,3,4,6,3,3
160630,351,89,262,0,0,0,0,0,0,288,71,217,2,0,2,1,0,1,11,5,6,3,0,3,43,13,30,3,0,3
160649,235,41,194,0,0,0,1,0,1,205,35,170,2,0,2,0,0,0,23,3,20,3,2,1,0,0,0,1,1,0
160658,3573,1434,2139,12,4,8,95,42,53,644,200,444,203,80,123,1,1,0,2338,960,1378,92,45,47,91,42,49,97,60,37
160667,962,558,404,3,2,1,5,3,2,280,131,149,34,29,5,7,2,5,580,360,220,18,11,7,29,17,12,6,3,3
160755,4080,1614,2466,9,6,3,231,94,137,310,88,222,303,107,196,2,1,1,2431,931,1500,108,38,70,109,43,66,577,306,271
160904,566,134,432,0,0,0,67,27,40,386,69,317,18,7,11,0,0,0,38,12,26,18,3,15,26,10,16,13,6,7
160959,86,25,61,0,0,0,3,2,1,2,0,2,4,0,4,0,0,0,51,18,33,3,1,2,5,1,4,18,3,15
160977,466,232,234,0,0,0,22,10,12,26,15,11,24,8,16,0,0,0,337,173,164,21,12,9,1,0,1,35,14,21
160995,173,28,145,0,0,0,0,0,0,5,2,3,3,2,1,0,0,0,161,23,138,3,1,2,1,0,1,0,0,0
161004,448,210,238,1,0,1,45,21,24,39,20,19,44,21,23,0,0,0,256,123,133,32,8,24,3,2,1,28,15,13
161022,68,5,63,0,0,0,1,0,1,2,0,2,2,1,1,0,0,0,59,4,55,2,0,2,2,0,2,0,0,0
161077,385,174,211,2,0,2,2,0,2,29,10,19,6,4,2,1,1,0,311,145,166,10,2,8,16,7,9,8,5,3
161086,523,246,277,0,0,0,43,17,26,21,11,10,43,21,22,0,0,0,344,158,186,27,12,15,8,6,2,37,21,16
161138,397,172,225,8,2,6,3,1,2,3,3,0,6,2,4,1,0,1,349,151,198,10,4,6,13,7,6,4,2,2
161192,440,154,286,1,0,1,2,0,2,7,4,3,13,4,9,0,0,0,399,135,264,8,4,4,10,7,3,0,0,0
161208,42,38,4,0,0,0,0,0,0,1,1,0,1,0,1,0,0,0,39,36,3,0,0,0,0,0,0,1,1,0
161217,543,152,391,7,4,3,4,0,4,12,5,7,13,4,9,2,1,1,465,117,348,17,9,8,23,12,11,0,0,0
161226,389,101,288,0,0,0,2,1,1,6,2,4,8,3,5,0,0,0,343,87,256,9,2,7,18,6,12,3,0,3
161235,243,57,186,1,0,1,3,1,2,10,1,9,8,1,7,1,1,0,171,37,134,14,3,11,22,6,16,13,7,6
161253,2427,1139,1288,27,9,18,40,21,19,35,25,10,83,40,43,0,0,0,1952,901,1051,71,37,34,102,40,62,117,66,51
161299,203,169,34,0,0,0,3,3,0,1,1,0,3,1,2,0,0,0,171,146,25,0,0,0,25,18,7,0,0,0
161341,196,77,119,0,0,0,3,2,1,4,2,2,8,3,5,0,0,0,161,59,102,3,2,1,5,3,2,12,6,6
161457,1563,448,1115,5,2,3,90,33,57,72,21,51,21,6,15,1,0,1,1244,333,911,17,6,11,102,39,63,11,8,3
161484,153,67,86,2,0,2,0,0,0,3,0,3,2,1,1,0,0,0,143,65,78,1,1,0,1,0,1,1,0,1
161493,68,4,64,0,0,0,2,0,2,1,0,1,1,0,1,0,0,0,62,4,58,0,0,0,2,0,2,0,0,0
161509,112,31,81,0,0,0,1,1,0,1,0,1,5,1,4,0,0,0,81,23,58,1,0,1,23,6,17,0,0,0
161518,538,189,349,2,1,1,8,4,4,5,3,2,18,8,10,1,1,0,350,132,218,2,1,1,152,39,113,0,0,0
161527,219,24,195,0,0,0,7,1,6,6,1,5,7,3,4,0,0,0,195,18,177,3,0,3,1,1,0,0,0,0
161545,775,330,445,2,0,2,16,9,7,52,23,29,27,8,19,1,1,0,621,265,356,25,8,17,26,14,12,5,2,3
161554,1831,569,1262,11,3,8,36,10,26,97,34,63,39,16,23,0,0,0,1523,464,1059,41,8,33,66,24,42,18,10,8
161563,223,102,121,0,0,0,1,1,0,11,8,3,3,1,2,0,0,0,192,84,108,5,3,2,5,2,3,6,3,3
161572,197,82,115,2,1,1,4,2,2,4,3,1,1,0,1,0,0,0,177,75,102,8,1,7,1,0,1,0,0,0
161581,79,45,34,3,2,1,1,1,0,2,2,0,1,0,1,0,0,0,67,39,28,1,0,1,2,1,1,2,0,2
161688,534,129,405,1,0,1,4,1,3,30,11,19,13,3,10,0,0,0,461,110,351,16,3,13,5,1,4,4,0,4
161767,2022,742,1280,6,3,3,100,38,62,304,111,193,161,51,110,1,0,1,1177,432,745,109,32,77,127,61,66,37,14,23
161800,40,17,23,0,0,0,0,0,0,25,11,14,3,2,1,0,0,0,12,4,8,0,0,0,0,0,0,0,0,0
161855,26,1,25,0,0,0,0,0,0,26,1,25,0,0,0,0,0,0,0,0,0,0,0,0,0,0,0,0,0,0
161864,520,172,348,0,0,0,3,1,2,308,80,228,15,4,11,1,0,1,29,14,15,12,5,7,11,5,6,141,63,78
161873,1167,468,699,5,1,4,76,29,47,431,140,291,77,33,44,2,1,1,449,200,249,43,22,21,48,26,22,36,16,20
162007,1175,391,784,1,0,1,20,7,13,897,292,605,57,10,47,1,0,1,43,13,30,36,5,31,31,12,19,89,52,37
162061,177,137,40,0,0,0,13,11,2,53,36,17,16,10,6,1,0,1,75,65,10,7,5,2,11,9,2,1,1,0
162104,277,96,181,0,0,0,0,0,0,12,3,9,20,10,10,1,0,1,222,76,146,15,5,10,7,2,5,0,0,0
162122,1121,382,739,8,3,5,47,20,27,215,70,145,79,25,54,4,4,0,664,230,434,81,23,58,13,4,9,10,3,7
162168,296,84,212,1,0,1,3,1,2,32,5,27,17,3,14,0,0,0,223,66,157,5,2,3,11,5,6,4,2,2
162210,261,72,189,0,0,0,10,1,9,123,23,100,31,9,22,0,0,0,18,7,11,6,0,6,32,16,16,41,16,25
162283,396,80,316,1,0,1,2,0,2,306,47,259,7,3,4,0,0,0,9,5,4,7,5,2,11,4,7,53,16,37
162335,16,1,15,0,0,0,0,0,0,9,0,9,2,1,1,0,0,0,5,0,5,0,0,0,0,0,0,0,0,0
162371,458,423,35,1,1,0,6,5,1,316,293,23,7,6,1,0,0,0,127,118,9,0,0,0,1,0,1,0,0,0
162557,957,393,564,2,0,2,39,17,22,132,50,82,136,41,95,1,0,1,590,261,329,39,19,20,1,0,1,17,5,12
162584,1280,510,770,0,0,0,32,10,22,245,105,140,46,19,27,0,0,0,711,293,418,46,15,31,24,10,14,176,58,118
162609,110,58,52,0,0,0,0,0,0,3,1,2,3,2,1,0,0,0,100,52,48,3,2,1,0,0,0,1,1,0
162654,523,125,398,0,0,0,16,3,13,65,15,50,28,8,20,0,0,0,253,59,194,16,4,12,140,33,107,5,3,2
162690,747,236,511,3,1,2,23,8,15,80,32,48,49,7,42,0,0,0,530,160,370,31,13,18,21,7,14,10,8,2
162706,871,317,554,2,0,2,31,16,15,102,32,70,47,17,30,1,0,1,640,237,403,30,12,18,3,0,3,15,3,12
162760,549,212,337,1,0,1,19,7,12,57,19,38,39,12,27,3,0,3,338,132,206,21,4,17,16,6,10,55,32,23
162779,1275,503,772,4,0,4,162,69,93,337,103,234,122,53,69,2,1,1,456,202,254,67,27,40,36,16,20,89,32,57
162830,145,2,143,0,0,0,6,0,6,55,0,55,11,0,11,1,0,1,68,1,67,2,1,1,2,0,2,0,0,0
162928,9479,4187,5292,11,3,8,1211,534,677,697,211,486,723,334,389,4,1,3,3635,1688,1947,345,156,189,297,147,150,2556,1113,1443
163028,386,355,31,1,1,0,17,17,0,181,166,15,77,75,2,3,3,0,78,70,8,10,9,1,19,14,5,0,0,0
163046,1573,522,1051,1,0,1,63,15,48,129,43,86,127,43,84,0,0,0,1184,403,781,38,10,28,6,1,5,25,7,18
163204,14796,7667,7129,60,24,36,865,481,384,4159,1921,2238,1833,986,847,88,41,47,5513,3144,2369,608,286,322,1457,693,764,213,91,122
163259,2464,616,1848,2,0,2,349,100,249,414,84,330,190,44,146,0,0,0,1263,317,946,90,22,68,58,18,40,98,31,67
163268,3480,1775,1705,1,1,0,653,324,329,585,261,324,281,121,160,4,2,2,1319,731,588,134,65,69,94,48,46,409,222,187
163286,10965,5537,5428,10,3,7,1656,820,836,1230,497,733,931,435,496,7,6,1,4858,2549,2309,389,183,206,391,197,194,1493,847,646
163295,606,177,429,3,1,2,50,15,35,79,36,43,62,10,52,1,0,1,216,66,150,23,4,19,12,4,8,160,41,119
163338,506,209,297,0,0,0,10,6,4,303,109,194,36,18,18,0,0,0,66,35,31,40,16,24,23,11,12,28,14,14
163347,275,8,267,0,0,0,3,0,3,203,6,197,14,1,13,0,0,0,36,1,35,13,0,13,6,0,6,0,0,0
163408,43,8,35,0,0,0,0,0,0,21,7,14,22,1,21,0,0,0,0,0,0,0,0,0,0,0,0,0,0,0
163426,2999,1183,1816,9,3,6,442,192,250,729,245,484,729,279,450,12,7,5,657,291,366,95,36,59,3,1,2,323,129,194
163453,1473,599,874,3,2,1,22,11,11,1133,407,726,48,17,31,1,1,0,39,23,16,33,11,22,13,4,9,181,123,58
163462,564,274,290,5,4,1,13,9,4,79,32,47,59,29,30,2,1,1,369,178,191,20,10,10,6,3,3,11,8,3
163532,91,91,0,0,0,0,0,0,0,0,0,0,0,0,0,0,0,0,88,88,0,0,0,0,0,0,0,3,3,0
163541,105,35,70,0,0,0,0,0,0,101,34,67,2,0,2,0,0,0,2,1,1,0,0,0,0,0,0,0,0,0
163578,591,80,511,0,0,0,33,3,30,124,13,111,50,7,43,1,0,1,326,50,276,23,2,21,31,4,27,3,1,2
163657,1267,404,863,15,3,12,101,43,58,841,257,584,179,48,131,0,0,0,55,24,31,13,7,6,14,5,9,49,17,32
163815,27,1,26,0,0,0,0,0,0,9,0,9,2,0,2,0,0,0,14,1,13,0,0,0,2,0,2,0,0,0
163851,2163,856,1307,13,5,8,56,21,35,295,100,195,62,24,38,3,1,2,1554,619,935,74,31,43,65,32,33,41,23,18
163912,351,137,214,0,0,0,15,7,8,26,7,19,21,10,11,0,0,0,254,100,154,22,6,16,11,6,5,2,1,1
163976,101,52,49,0,0,0,3,1,2,3,0,3,5,2,3,0,0,0,58,32,26,5,4,1,6,5,1,21,8,13
164076,5704,2057,3647,3,0,3,390,168,222,1147,372,775,420,156,264,4,2,2,3187,1172,2015,309,91,218,102,30,72,142,66,76
164085,302,14,288,3,0,3,13,2,11,47,1,46,5,0,5,1,0,1,200,8,192,5,1,4,16,1,15,12,1,11
164155,1099,788,311,1,1,0,81,46,35,63,47,16,124,88,36,7,6,1,683,498,185,113,77,36,14,13,1,13,12,1
164173,1022,309,713,3,1,2,32,8,24,252,78,174,59,19,40,1,1,0,604,176,428,43,14,29,23,9,14,5,3,2
164216,297,104,193,0,0,0,12,2,10,36,8,28,20,9,11,0,0,0,201,75,126,1,0,1,14,3,11,13,7,6
164270,845,268,577,3,1,2,22,6,16,115,43,72,45,13,32,0,0,0,559,175,384,15,7,8,86,23,63,0,0,0
164313,497,175,322,0,0,0,9,4,5,112,34,78,26,8,18,3,1,2,325,120,205,13,5,8,6,2,4,3,1,2
164368,1339,754,585,1,0,1,14,4,10,19,8,11,34,10,24,0,0,0,22,12,10,4,2,2,43,20,23,1202,698,504
164447,927,265,662,2,1,1,19,3,16,91,39,52,93,20,73,3,1,2,621,156,465,26,13,13,53,20,33,19,12,7
164465,395,198,197,5,3,2,55,25,30,40,13,27,50,23,27,0,0,0,178,95,83,23,12,11,4,2,2,40,25,15
164492,444,265,179,2,1,1,7,2,5,34,17,17,32,11,21,0,0,0,296,180,116,2,0,2,69,54,15,2,0,2
164535,31,9,22,0,0,0,0,0,0,16,5,11,2,1,1,0,0,0,13,3,10,0,0,0,0,0,0,0,0,0
164562,611,236,375,1,1,0,14,8,6,29,19,10,48,12,36,0,0,0,473,181,292,16,6,10,22,7,15,8,2,6
164580,1070,569,501,1,1,0,93,34,59,43,26,17,117,63,54,1,1,0,438,242,196,21,16,5,60,33,27,296,153,143
164599,42,8,34,0,0,0,2,0,2,3,1,2,1,1,0,0,0,0,35,5,30,1,1,0,0,0,0,0,0,0
164614,6,3,3,0,0,0,0,0,0,0,0,0,0,0,0,0,0,0,6,3,3,0,0,0,0,0,0,0,0,0
164632,1214,74,1140,3,0,3,36,10,26,124,10,114,163,4,159,1,0,1,765,39,726,23,1,22,86,8,78,13,2,11
164641,157,53,104,0,0,0,9,7,2,33,9,24,18,7,11,0,0,0,76,19,57,12,9,3,9,2,7,0,0,0
164739,1453,787,666,2,0,2,115,58,57,42,23,19,77,37,40,0,0,0,811,471,340,30,13,17,71,39,32,305,146,159
164748,1565,905,660,2,2,0,65,28,37,106,62,44,159,88,71,1,1,0,651,398,253,53,27,26,55,41,14,473,258,215
164775,240,69,171,2,1,1,6,2,4,28,9,19,18,3,15,0,0,0,169,50,119,7,3,4,10,1,9,0,0,0
164845,55,3,52,0,0,0,0,0,0,24,1,23,4,0,4,0,0,0,16,2,14,0,0,0,11,0,11,0,0,0
164872,198,79,119,1,0,1,11,1,10,6,3,3,25,17,8,0,0,0,84,28,56,4,2,2,14,6,8,53,22,31
164915,33,9,24,0,0,0,3,0,3,3,2,1,4,1,3,0,0,0,12,3,9,0,0,0,8,3,5,3,0,3
164924,4197,1833,2364,2,1,1,355,171,184,158,73,85,381,137,244,1,1,0,2400,1070,1330,113,41,72,273,121,152,514,218,296
164988,10867,4376,6491,3,1,2,1283,485,798,470,156,314,891,325,566,4,1,3,4207,1561,2646,314,109,205,588,265,323,3107,1473,1634
165015,1737,713,1024,4,2,2,174,55,119,84,33,51,101,40,61,1,0,1,712,297,415,52,17,35,57,27,30,552,242,310
165024,2469,857,1612,2,1,1,54,26,28,233,73,160,170,59,111,1,0,1,1854,635,1219,94,33,61,31,13,18,30,17,13
165033,1173,373,800,1,0,1,34,11,23,105,32,73,89,21,68,1,0,1,856,279,577,55,16,39,32,14,18,0,0,0
165060,110,10,100,0,0,0,1,0,1,13,1,12,4,0,4,0,0,0,90,9,81,1,0,1,1,0,1,0,0,0
165112,1452,553,899,5,1,4,178,76,102,315,125,190,356,109,247,0,0,0,319,142,177,17,7,10,117,42,75,145,51,94
165167,964,233,731,3,0,3,154,40,114,136,33,103,301,60,241,1,0,1,256,69,187,21,4,17,26,11,15,66,16,50
165194,446,123,323,5,2,3,10,5,5,37,11,26,36,6,30,0,0,0,334,91,243,18,7,11,6,1,5,0,0,0
165255,231,2,229,0,0,0,8,0,8,7,0,7,41,0,41,1,0,1,161,2,159,11,0,11,2,0,2,0,0,0
165264,423,43,380,0,0,0,23,2,21,123,12,111,54,2,52,0,0,0,199,25,174,5,0,5,19,2,17,0,0,0
165334,1264,546,718,0,0,0,46,15,31,32,13,19,71,24,47,0,0,0,542,218,324,23,3,20,33,12,21,517,261,256
165529,703,258,445,1,0,1,9,3,6,99,29,70,32,12,20,1,0,1,472,174,298,16,8,8,63,26,37,10,6,4
165556,305,23,282,0,0,0,4,1,3,55,11,44,138,2,136,0,0,0,40,5,35,3,0,3,65,4,61,0,0,0
165574,292,133,159,1,1,0,4,1,3,20,7,13,20,10,10,1,0,1,186,84,102,4,3,1,34,18,16,22,9,13
165608,40,2,38,0,0,0,2,0,2,1,0,1,11,2,9,0,0,0,25,0,25,1,0,1,0,0,0,0,0,0
165635,176,167,9,0,0,0,9,9,0,43,40,3,24,23,1,0,0,0,82,79,3,17,15,2,0,0,0,1,1,0
165644,191,69,122,3,0,3,5,2,3,27,11,16,29,11,18,0,0,0,100,33,67,14,4,10,1,0,1,12,8,4
165662,1453,488,965,5,1,4,63,19,44,56,14,42,192,63,129,0,0,0,883,320,563,42,13,29,59,10,49,153,48,105
165671,466,122,344,0,0,0,27,11,16,28,5,23,43,9,34,1,0,1,323,88,235,10,3,7,29,4,25,5,2,3
165699,1339,428,911,1,1,0,33,7,26,32,13,19,50,12,38,0,0,0,1083,337,746,16,6,10,95,31,64,29,21,8
165750,29,18,11,0,0,0,0,0,0,6,4,2,4,3,1,0,0,0,19,11,8,0,0,0,0,0,0,0,0,0
165802,337,121,216,2,2,0,3,1,2,33,11,22,32,13,19,0,0,0,92,22,70,9,0,9,128,47,81,38,25,13
165820,1781,659,1122,2,0,2,55,28,27,138,59,79,171,71,100,2,1,1,1287,447,840,35,11,24,34,17,17,57,25,32
165866,1239,406,833,1,0,1,81,24,57,107,45,62,188,45,143,0,0,0,787,266,521,26,13,13,35,11,24,14,2,12
165884,203,181,22,2,2,0,14,10,4,70,62,8,37,33,4,0,0,0,47,43,4,3,3,0,24,22,2,6,6,0
165936,490,157,333,0,0,0,19,7,12,18,10,8,33,9,24,0,0,0,368,110,258,8,2,6,2,2,0,42,17,25
165945,353,225,128,1,0,1,42,27,15,38,19,19,58,39,19,1,1,0,123,84,39,0,0,0,52,31,21,38,24,14
165981,276,96,180,0,0,0,12,5,7,10,2,8,16,6,10,0,0,0,224,76,148,8,4,4,6,3,3,0,0,0
166018,226,88,138,1,1,0,4,0,4,21,10,11,33,12,21,0,0,0,127,47,80,16,5,11,12,6,6,12,7,5
166027,8866,4238,4628,22,8,14,1163,523,640,567,246,321,774,378,396,12,1,11,3357,1647,1710,292,121,171,425,218,207,2254,1096,1158
166045,30,9,21,0,0,0,0,0,0,0,0,0,2,1,1,0,0,0,28,8,20,0,0,0,0,0,0,0,0,0
166054,29,24,5,0,0,0,0,0,0,0,0,0,2,1,1,0,0,0,24,20,4,0,0,0,3,3,0,0,0,0
166124,730,342,388,0,0,0,25,10,15,26,9,17,78,34,44,1,1,0,542,261,281,26,14,12,10,3,7,22,10,12
166133,781,256,525,2,1,1,29,11,18,40,10,30,148,44,104,2,1,1,513,173,340,19,4,15,22,11,11,6,1,5
166391,600,250,350,1,0,1,9,3,6,51,27,24,51,23,28,0,0,0,351,134,217,13,5,8,83,37,46,41,21,20
166407,113,9,104,0,0,0,5,0,5,16,1,15,24,2,22,0,0,0,62,6,56,4,0,4,2,0,2,0,0,0
166452,1207,216,991,2,1,1,55,10,45,90,18,72,139,27,112,3,0,3,738,126,612,30,5,25,89,16,73,61,13,48
166489,90,29,61,0,0,0,0,0,0,2,0,2,1,1,0,1,0,1,17,7,10,1,0,1,0,0,0,68,21,47
166498,25,2,23,0,0,0,5,1,4,1,0,1,4,1,3,0,0,0,13,0,13,0,0,0,2,0,2,0,0,0
166513,4802,2793,2009,4,3,1,482,273,209,291,142,149,495,248,247,1,0,1,2813,1695,1118,137,72,65,240,153,87,339,207,132
166629,8107,3964,4143,6,3,3,747,384,363,373,155,218,531,222,309,4,3,1,4827,2336,2491,225,103,122,547,243,304,847,515,332
166638,3732,1441,2291,3,2,1,430,181,249,587,206,381,490,154,336,0,0,0,1587,616,971,101,22,79,140,56,84,394,204,190
166647,562,262,300,0,0,0,31,11,20,88,37,51,108,41,67,0,0,0,293,159,134,12,5,7,11,4,7,19,5,14
166656,2487,696,1791,4,2,2,492,166,326,201,68,133,158,32,126,1,0,1,1049,246,803,70,23,47,197,39,158,315,120,195
166674,485,138,347,1,0,1,41,12,29,20,10,10,48,20,28,3,2,1,298,77,221,9,1,8,31,8,23,34,8,26
166683,3272,1985,1287,9,5,4,578,260,318,113,72,41,268,174,94,0,0,0,993,620,373,118,58,60,125,87,38,1068,709,359
166692,416,352,64,2,1,1,8,6,2,7,5,2,12,10,2,0,0,0,360,307,53,11,10,1,8,6,2,8,7,1
166708,273,100,173,1,1,0,49,18,31,12,3,9,13,2,11,2,1,1,177,69,108,0,0,0,11,3,8,8,3,5
166717,264,53,211,1,1,0,12,1,11,29,6,23,29,4,25,0,0,0,161,32,129,9,1,8,23,8,15,0,0,0
166805,46,30,16,0,0,0,0,0,0,4,1,3,6,5,1,0,0,0,33,21,12,2,2,0,1,1,0,0,0,0
166823,804,317,487,1,0,1,10,5,5,188,68,120,73,21,52,2,1,1,473,193,280,24,8,16,33,21,12,0,0,0
166850,1460,565,895,0,0,0,33,17,16,65,45,20,100,38,62,0,0,0,1143,408,735,28,9,19,56,27,29,35,21,14
166869,570,100,470,1,0,1,83,27,56,28,9,19,51,9,42,0,0,0,351,46,305,26,6,20,30,3,27,0,0,0
166887,1005,379,626,1,0,1,132,52,80,67,24,43,165,49,116,1,0,1,592,231,361,23,13,10,2,1,1,22,9,13
166911,52,17,35,0,0,0,1,0,1,1,1,0,9,4,5,0,0,0,34,10,24,0,0,0,7,2,5,0,0,0
166939,551,8,543,0,0,0,41,0,41,26,0,26,44,1,43,0,0,0,255,6,249,33,1,32,13,0,13,139,0,139
166957,573,209,364,4,1,3,12,7,5,35,12,23,76,21,55,0,0,0,421,158,263,15,4,11,7,4,3,3,2,1
167039,5,0,5,0,0,0,0,0,0,1,0,1,0,0,0,0,0,0,4,0,4,0,0,0,0,0,0,0,0,0
167057,240,115,125,0,0,0,25,11,14,8,5,3,6,4,2,0,0,0,68,42,26,6,6,0,8,2,6,119,45,74
167093,138,34,104,0,0,0,29,8,21,1,0,1,6,1,5,0,0,0,53,13,40,4,1,3,3,1,2,42,10,32
167215,154,55,99,0,0,0,8,1,7,10,4,6,14,4,10,0,0,0,110,41,69,4,2,2,6,2,4,2,1,1
167260,466,258,208,0,0,0,7,4,3,25,14,11,30,13,17,1,0,1,374,207,167,14,9,5,8,6,2,7,5,2
167288,292,92,200,0,0,0,7,2,5,19,10,9,26,11,15,0,0,0,226,66,160,5,0,5,9,3,6,0,0,0
167297,98,72,26,0,0,0,4,2,2,0,0,0,2,0,2,0,0,0,85,65,20,4,2,2,2,2,0,1,1,0
167312,841,273,568,6,2,4,37,15,22,67,19,48,178,47,131,1,1,0,495,169,326,48,16,32,6,3,3,3,1,2
167358,7893,4111,3782,1,0,1,843,357,486,211,73,138,412,174,238,2,0,2,2814,1359,1455,235,102,133,283,150,133,3092,1896,1196
167376,651,223,428,1,0,1,22,7,15,21,8,13,243,52,191,0,0,0,342,149,193,12,3,9,5,2,3,5,2,3
167394,442,109,333,1,0,1,18,9,9,46,18,28,44,11,33,0,0,0,203,43,160,9,2,7,114,25,89,7,1,6
167455,73,29,44,1,0,1,0,0,0,19,10,9,15,5,10,0,0,0,18,10,8,9,1,8,8,3,5,3,0,3
167464,17,17,0,0,0,0,0,0,0,2,2,0,2,2,0,0,0,0,13,13,0,0,0,0,0,0,0,0,0,0
167525,498,147,351,1,0,1,47,16,31,84,17,67,45,15,30,1,0,1,246,73,173,12,2,10,41,15,26,21,9,12
167534,1317,519,798,3,2,1,77,39,38,151,60,91,234,66,168,0,0,0,745,306,439,32,12,20,61,31,30,14,3,11
167598,1197,175,1022,1,0,1,32,3,29,111,17,94,89,18,71,0,0,0,391,58,333,9,0,9,555,78,477,9,1,8
167631,154,35,119,1,0,1,0,0,0,103,23,80,28,5,23,0,0,0,11,3,8,6,1,5,4,2,2,1,1,0
167677,32,31,1,0,0,0,2,2,0,0,0,0,1,1,0,0,0,0,19,18,1,0,0,0,0,0,0,10,10,0
167729,1907,589,1318,6,2,4,54,15,39,141,48,93,283,79,204,0,0,0,1263,387,876,36,13,23,60,26,34,64,19,45
167783,2325,210,2115,0,0,0,154,13,141,199,19,180,192,17,175,1,0,1,1459,130,1329,66,6,60,211,25,186,43,0,43
167792,119,44,75,0,0,0,7,3,4,9,4,5,9,2,7,4,2,2,58,19,39,2,0,2,16,7,9,14,7,7
167835,768,24,744,2,0,2,62,0,62,65,1,64,71,2,69,1,0,1,399,16,383,31,0,31,39,2,37,98,3,95
167871,102,35,67,0,0,0,3,0,3,15,7,8,11,3,8,0,0,0,68,23,45,5,2,3,0,0,0,0,0,0
167899,891,346,545,3,3,0,22,3,19,68,24,44,79,25,54,1,0,1,614,239,375,19,10,9,45,21,24,40,21,19
167905,941,372,569,0,0,0,50,25,25,105,43,62,237,70,167,0,0,0,418,185,233,20,6,14,100,39,61,11,4,7
167987,1909,919,990,3,1,2,66,34,32,186,79,107,156,78,78,0,0,0,1224,581,643,65,32,33,66,33,33,143,81,62
167996,599,234,365,0,0,0,8,3,5,15,10,5,25,8,17,0,0,0,518,199,319,16,8,8,14,4,10,3,2,1
168005,2022,866,1156,2,0,2,140,60,80,117,45,72,200,79,121,1,1,0,1036,419,617,39,15,24,71,29,42,416,218,198
168032,23,2,21,0,0,0,2,0,2,3,1,2,2,1,1,0,0,0,16,0,16,0,0,0,0,0,0,0,0,0
168148,3591,1556,2035,4,1,3,492,209,283,159,55,104,259,91,168,1,0,1,1856,803,1053,133,63,70,147,76,71,540,258,282
168218,579,0,579,2,0,2,137,0,137,36,0,36,68,0,68,0,0,0,219,0,219,40,0,40,3,0,3,74,0,74
168227,1024,786,238,0,0,0,70,51,19,36,25,11,77,61,16,1,0,1,697,542,155,27,21,6,47,38,9,69,48,21
168254,964,519,445,4,2,2,37,16,21,44,19,25,73,38,35,1,0,1,700,393,307,21,10,11,58,26,32,26,15,11
168263,1265,479,786,2,1,1,22,9,13,67,25,42,135,43,92,1,0,1,942,359,583,48,13,35,43,24,19,5,5,0
168281,385,151,234,0,0,0,27,6,21,16,8,8,37,14,23,0,0,0,251,96,155,15,8,7,10,4,6,29,15,14
168342,470,261,209,0,0,0,58,35,23,55,28,27,69,36,33,0,0,0,211,119,92,23,13,10,20,10,10,34,20,14
168421,1856,1165,691,4,3,1,102,57,45,43,25,18,137,71,66,1,1,0,1034,652,382,37,28,9,96,54,42,402,274,128
168430,1420,433,987,1,0,1,52,19,33,93,39,54,137,41,96,2,0,2,1035,297,738,29,8,21,55,23,32,16,6,10
168528,392,178,214,2,1,1,1,1,0,24,18,6,18,11,7,1,0,1,271,107,164,11,4,7,40,23,17,24,13,11
168546,317,143,174,0,0,0,8,1,7,42,28,14,33,10,23,0,0,0,201,84,117,13,8,5,17,10,7,3,2,1
168555,9,0,9,0,0,0,0,0,0,0,0,0,0,0,0,0,0,0,9,0,9,0,0,0,0,0,0,0,0,0
168573,492,479,13,0,0,0,3,3,0,110,106,4,4,4,0,0,0,0,318,309,9,0,0,0,57,57,0,0,0,0
168591,298,109,189,1,1,0,5,1,4,5,3,2,16,9,7,0,0,0,243,84,159,13,5,8,10,3,7,5,3,2
168607,281,136,145,3,1,2,3,2,1,1,1,0,4,2,2,0,0,0,263,126,137,0,0,0,7,4,3,0,0,0
168740,836,442,394,1,1,0,125,79,46,205,108,97,146,77,69,5,4,1,229,116,113,25,10,15,42,13,29,58,34,24
168786,338,117,221,1,0,1,6,1,5,9,3,6,32,13,19,1,0,1,234,77,157,6,2,4,40,15,25,9,6,3
168847,1894,570,1324,5,3,2,43,15,28,181,55,126,76,38,38,5,1,4,1460,424,1036,109,27,82,15,7,8,0,0,0
168883,268,96,172,8,2,6,2,0,2,2,2,0,5,0,5,0,0,0,241,90,151,10,2,8,0,0,0,0,0,0
168892,29,1,28,0,0,0,0,0,0,1,0,1,1,0,1,0,0,0,23,1,22,4,0,4,0,0,0,0,0,0
169080,881,378,503,3,0,3,49,19,30,36,22,14,46,22,24,0,0,0,608,251,357,21,11,10,8,3,5,110,50,60
169099,91,61,30,0,0,0,7,4,3,1,1,0,19,9,10,0,0,0,26,15,11,0,0,0,9,9,0,29,23,6
169187,81,15,66,1,0,1,1,0,1,13,0,13,3,1,2,1,0,1,62,14,48,0,0,0,0,0,0,0,0,0
169220,72,16,56,0,0,0,1,0,1,12,1,11,2,0,2,0,0,0,54,14,40,3,1,2,0,0,0,0,0,0
169248,5194,2128,3066,32,8,24,102,44,58,574,204,370,235,95,140,2,0,2,3751,1520,2231,156,55,101,102,44,58,240,158,82
169275,956,366,590,4,2,2,7,1,6,105,44,61,62,22,40,0,0,0,729,273,456,32,16,16,13,6,7,4,2,2
169284,81,10,71,1,1,0,0,0,0,7,3,4,10,2,8,0,0,0,45,2,43,12,1,11,6,1,5,0,0,0
169327,201,87,114,0,0,0,7,5,2,30,6,24,4,2,2,0,0,0,131,57,74,0,0,0,29,17,12,0,0,0
169363,204,86,118,1,0,1,1,0,1,25,11,14,0,0,0,0,0,0,160,67,93,7,2,5,8,4,4,2,2,0
169424,65,26,39,0,0,0,2,1,1,4,2,2,3,2,1,0,0,0,41,14,27,2,0,2,2,0,2,11,7,4
169442,256,97,159,1,1,0,12,9,3,19,8,11,14,5,9,0,0,0,142,44,98,8,2,6,37,12,25,23,16,7
169479,1556,639,917,11,3,8,54,24,30,182,57,125,68,31,37,2,1,1,1041,437,604,39,16,23,105,41,64,54,29,25
169503,141,2,139,2,0,2,2,0,2,75,1,74,7,0,7,0,0,0,48,1,47,6,0,6,1,0,1,0,0,0
169521,1024,351,673,3,1,2,7,3,4,65,14,51,72,30,42,1,0,1,835,291,544,19,6,13,22,6,16,0,0,0
169576,44,4,40,0,0,0,2,0,2,31,3,28,0,0,0,0,0,0,7,1,6,4,0,4,0,0,0,0,0,0
169655,619,572,47,2,2,0,17,16,1,73,66,7,152,141,11,0,0,0,245,227,18,19,17,2,111,103,8,0,0,0
169716,1546,621,925,3,0,3,114,44,70,165,46,119,66,34,32,1,1,0,863,313,550,32,12,20,61,26,35,241,145,96
169761,308,20,288,1,0,1,11,0,11,230,15,215,9,0,9,0,0,0,37,4,33,16,1,15,4,0,4,0,0,0
169798,4198,1482,2716,15,3,12,168,59,109,594,185,409,249,79,170,5,4,1,2757,1006,1751,148,44,104,136,44,92,126,58,68
169813,40,2,38,0,0,0,0,0,0,26,1,25,0,0,0,0,0,0,13,1,12,1,0,1,0,0,0,0,0,0
169910,3196,1502,1694,7,2,5,38,17,21,193,69,124,161,70,91,1,0,1,2553,1225,1328,104,39,65,92,47,45,47,33,14
169974,220,77,143,1,0,1,1,0,1,6,2,4,34,10,24,0,0,0,166,62,104,9,2,7,2,1,1,1,0,1
169983,609,460,149,1,0,1,30,24,6,21,9,12,33,25,8,0,0,0,427,319,108,22,19,3,29,24,5,46,40,6
169992,156,64,92,1,0,1,0,0,0,1,1,0,3,1,2,0,0,0,144,58,86,3,2,1,4,2,2,0,0,0
170000,201,104,97,2,0,2,0,0,0,43,23,20,16,11,5,0,0,0,118,57,61,7,4,3,15,9,6,0,0,0
170037,556,224,332,3,2,1,6,2,4,63,23,40,28,6,22,0,0,0,404,163,241,7,2,5,3,2,1,42,24,18
170055,1569,648,921,7,1,6,66,31,35,107,45,62,175,72,103,0,0,0,1065,433,632,39,16,23,92,43,49,18,7,11
170082,5601,2036,3565,21,8,13,137,52,85,220,78,142,306,94,212,4,1,3,4626,1690,2936,161,55,106,24,10,14,102,48,54
170091,15,9,6,0,0,0,1,0,1,2,2,0,2,1,1,0,0,0,10,6,4,0,0,0,0,0,0,0,0,0
170240,1339,503,836,6,3,3,39,15,24,192,64,128,23,7,16,1,1,0,807,305,502,59,24,35,185,73,112,27,11,16
170286,339,170,169,0,0,0,0,0,0,0,0,0,0,0,0,0,0,0,0,0,0,0,0,0,339,170,169,0,0,0
170301,671,244,427,0,0,0,8,4,4,17,5,12,34,13,21,0,0,0,580,209,371,15,5,10,7,4,3,10,4,6
170444,548,172,376,1,0,1,7,3,4,24,7,17,25,8,17,2,0,2,410,122,288,19,7,12,58,23,35,2,2,0
170532,384,160,224,0,0,0,24,9,15,37,15,22,61,20,41,0,0,0,209,93,116,16,6,10,14,5,9,23,12,11
170541,858,346,512,3,1,2,18,8,10,55,20,35,39,15,24,1,0,1,670,273,397,42,15,27,18,8,10,12,6,6
170550,728,209,519,2,1,1,12,5,7,40,14,26,40,13,27,1,1,0,545,148,397,38,12,26,50,15,35,0,0,0
170587,303,109,194,9,4,5,1,0,1,5,1,4,7,1,6,0,0,0,280,102,178,0,0,0,0,0,0,1,1,0
170611,39,1,38,0,0,0,1,0,1,4,0,4,7,0,7,0,0,0,24,0,24,2,1,1,1,0,1,0,0,0
170620,358,137,221,0,0,0,4,2,2,39,13,26,39,14,25,0,0,0,254,98,156,12,4,8,10,6,4,0,0,0
170639,401,174,227,30,14,16,5,0,5,3,1,2,5,2,3,0,0,0,326,138,188,0,0,0,9,2,7,23,17,6
170657,1828,759,1069,4,0,4,58,25,33,121,43,78,137,52,85,4,1,3,1336,568,768,70,27,43,85,42,43,13,1,12
170675,643,441,202,0,0,0,24,15,9,32,19,13,15,10,5,0,0,0,363,240,123,7,4,3,24,18,6,178,135,43
170736,16,1,15,0,0,0,0,0,0,0,0,0,0,0,0,0,0,0,16,1,15,0,0,0,0,0,0,0,0,0
170790,2390,1054,1336,13,5,8,112,48,64,217,87,130,72,30,42,2,1,1,1709,768,941,56,22,34,157,66,91,52,27,25
170806,902,249,653,2,0,2,26,6,20,90,26,64,32,7,25,0,0,0,571,139,432,21,7,14,48,8,40,112,56,56
170967,242,75,167,1,0,1,4,1,3,38,9,29,8,4,4,1,1,0,177,57,120,5,1,4,7,2,5,1,0,1
170976,14153,7004,7149,29,16,13,1708,837,871,647,242,405,858,387,471,12,6,6,7342,3505,3837,506,219,287,596,314,282,2455,1478,977
171012,31,27,4,0,0,0,0,0,0,25,21,4,2,2,0,0,0,0,3,3,0,0,0,0,1,1,0,0,0,0
171100,13125,5999,7126,39,15,24,770,346,424,848,304,544,582,249,333,9,3,6,8822,3992,4830,375,157,218,135,77,58,1545,856,689
171128,1686,1203,483,3,0,3,24,11,13,15,9,6,18,10,8,0,0,0,1271,911,360,47,26,21,23,18,5,285,218,67
171137,2245,1200,1045,1,1,0,188,122,66,134,47,87,98,43,55,6,1,5,1428,751,677,65,33,32,53,22,31,272,180,92
171146,1591,502,1089,14,6,8,42,10,32,166,40,126,81,20,61,0,0,0,1135,358,777,47,14,33,37,12,25,69,42,27
171155,359,128,231,1,1,0,1,0,1,11,7,4,10,4,6,0,0,0,314,104,210,8,3,5,14,9,5,0,0,0
171225,335,115,220,1,1,0,2,0,2,4,0,4,11,3,8,0,0,0,297,100,197,4,2,2,16,9,7,0,0,0
171234,237,87,150,2,2,0,1,0,1,1,0,1,1,0,1,1,1,0,200,70,130,4,2,2,26,12,14,1,0,1
171304,586,189,397,3,1,2,8,1,7,32,10,22,28,7,21,0,0,0,463,151,312,22,10,12,26,7,19,4,2,2
171395,290,77,213,7,1,6,3,1,2,1,0,1,8,1,7,2,0,2,247,67,180,11,2,9,9,3,6,2,2,0
171456,1607,645,962,20,7,13,8,2,6,20,14,6,52,29,23,1,1,0,1396,547,849,68,24,44,17,8,9,25,13,12
171483,719,392,327,2,0,2,5,2,3,2,1,1,22,6,16,0,0,0,513,234,279,17,6,11,25,11,14,133,132,1
171492,957,484,473,2,2,0,12,5,7,90,44,46,66,27,39,3,2,1,668,346,322,14,5,9,77,40,37,25,13,12
171535,1996,849,1147,4,2,2,60,32,28,285,98,187,83,34,49,2,0,2,1208,549,659,69,27,42,87,41,46,198,66,132
171571,4605,1809,2796,14,7,7,252,111,141,293,75,218,176,69,107,3,0,3,3317,1300,2017,103,37,66,182,76,106,265,134,131
171599,192,89,103,0,0,0,1,0,1,26,18,8,9,3,6,1,0,1,139,65,74,5,2,3,10,1,9,1,0,1
171775,34,2,32,0,0,0,2,0,2,6,2,4,4,0,4,0,0,0,21,0,21,1,0,1,0,0,0,0,0,0
171881,38,15,23,0,0,0,0,0,0,0,0,0,2,0,2,0,0,0,30,13,17,0,0,0,4,1,3,2,1,1
171988,76,4,72,0,0,0,0,0,0,8,1,7,7,0,7,0,0,0,41,2,39,5,0,5,15,1,14,0,0,0
171997,105,4,101,0,0,0,2,0,2,50,1,49,5,0,5,0,0,0,37,2,35,7,0,7,4,1,3,0,0,0
172015,118,6,112,0,0,0,1,0,1,41,3,38,6,0,6,1,1,0,53,1,52,4,1,3,12,0,12,0,0,0
172033,82,51,31,0,0,0,2,2,0,2,1,1,12,12,0,0,0,0,58,29,29,2,2,0,1,1,0,5,4,1
172051,1539,514,1025,0,0,0,10,3,7,88,29,59,65,21,44,0,0,0,1178,359,819,42,12,30,45,19,26,111,71,40
172200,1228,501,727,5,4,1,47,15,32,157,38,119,52,15,37,1,0,1,852,383,469,26,10,16,59,21,38,29,15,14
172264,737,257,480,6,2,4,11,4,7,77,35,42,43,14,29,1,0,1,483,159,324,16,5,11,96,35,61,4,3,1
172291,594,192,402,12,5,7,5,3,2,12,4,8,23,5,18,0,0,0,477,147,330,8,6,2,56,21,35,1,1,0
172307,272,98,174,3,2,1,1,1,0,17,7,10,14,4,10,0,0,0,207,73,134,9,4,5,21,7,14,0,0,0
172334,1076,217,859,16,2,14,19,7,12,117,19,98,12,5,7,4,1,3,804,153,651,30,9,21,72,19,53,2,2,0
172422,189,137,52,2,1,1,2,2,0,20,17,3,14,9,5,0,0,0,141,98,43,10,10,0,0,0,0,0,0,0
172440,60,25,35,1,1,0,1,0,1,2,2,0,3,0,3,0,0,0,33,11,22,3,3,0,17,8,9,0,0,0
172477,437,171,266,0,0,0,12,3,9,90,25,65,19,7,12,2,1,1,229,101,128,56,23,33,16,5,11,13,6,7
172495,89,3,86,2,0,2,2,0,2,9,1,8,15,1,14,0,0,0,56,0,56,5,1,4,0,0,0,0,0,0
172608,662,333,329,0,0,0,32,16,16,53,24,29,25,12,13,2,1,1,508,264,244,7,3,4,6,3,3,29,10,19
172617,2481,1046,1435,7,3,4,103,38,65,258,102,156,174,75,99,5,3,2,1684,729,955,155,55,100,48,21,27,47,20,27
172635,902,274,628,1,0,1,4,2,2,606,168,438,24,6,18,1,0,1,171,48,123,38,11,27,52,37,15,5,2,3
172644,6873,2738,4135,10,3,7,638,267,371,884,257,627,293,106,187,3,2,1,4257,1735,2522,254,89,165,192,87,105,342,192,150
172671,188,53,135,2,0,2,2,0,2,1,1,0,19,4,15,0,0,0,150,44,106,7,4,3,4,0,4,3,0,3
172680,68,2,66,2,0,2,0,0,0,0,0,0,7,2,5,0,0,0,57,0,57,1,0,1,1,0,1,0,0,0
172699,4901,2176,2725,17,8,9,98,41,57,469,186,283,252,101,151,5,3,2,3355,1437,1918,132,59,73,37,17,20,536,324,212
172705,59,29,30,0,0,0,0,0,0,2,1,1,10,5,5,0,0,0,42,22,20,0,0,0,2,0,2,3,1,2
172866,12,9,3,0,0,0,1,1,0,2,1,1,2,2,0,0,0,0,7,5,2,0,0,0,0,0,0,0,0,0
172918,633,331,302,4,2,2,4,4,0,3,1,2,26,11,15,0,0,0,575,298,277,17,12,5,2,2,0,2,1,1
172954,723,319,404,1,1,0,38,16,22,62,20,42,29,13,16,0,0,0,518,239,279,44,20,24,31,10,21,0,0,0
172963,1073,332,741,3,0,3,70,27,43,62,25,37,43,11,32,0,0,0,827,247,580,51,15,36,9,4,5,8,3,5
173045,852,312,540,5,1,4,78,21,57,122,42,80,70,31,39,0,0,0,474,176,298,35,14,21,51,25,26,17,2,15
173063,602,235,367,0,0,0,20,9,11,28,17,11,98,36,62,1,1,0,429,161,268,12,5,7,4,2,2,10,4,6
173115,199,48,151,5,1,4,4,1,3,4,0,4,4,1,3,1,1,0,173,41,132,5,2,3,3,1,2,0,0,0
173124,1157,442,715,29,5,24,13,6,7,30,16,14,32,15,17,1,0,1,980,375,605,42,14,28,8,3,5,22,8,14
173142,106,45,61,0,0,0,0,0,0,3,3,0,1,0,1,0,0,0,89,34,55,3,2,1,2,1,1,8,5,3
173160,1078,362,716,10,4,6,54,14,40,43,15,28,41,14,27,3,1,2,797,259,538,38,20,18,73,28,45,19,7,12
173203,777,361,416,4,2,2,4,2,2,15,7,8,17,7,10,0,0,0,707,333,374,20,4,16,9,5,4,1,1,0
173258,458,204,254,0,0,0,38,20,18,20,7,13,36,17,19,0,0,0,281,123,158,26,10,16,7,2,5,50,25,25
173300,410,148,262,1,0,1,6,1,5,7,2,5,5,2,3,0,0,0,362,127,235,2,1,1,9,4,5,18,11,7
173328,2076,650,1426,3,0,3,140,34,106,153,60,93,109,36,73,6,2,4,1443,434,1009,70,14,56,73,23,50,79,47,32
173416,732,415,317,5,4,1,21,9,12,60,25,35,63,26,37,1,0,1,528,321,207,27,14,13,25,15,10,2,1,1
173452,225,102,123,0,0,0,1,0,1,3,2,1,1,0,1,0,0,0,216,98,118,1,1,0,1,1,0,2,0,2
173461,851,376,475,9,4,5,18,12,6,21,10,11,25,10,15,1,1,0,710,315,395,45,14,31,13,5,8,9,5,4
173470,16,0,16,1,0,1,0,0,0,0,0,0,0,0,0,0,0,0,14,0,14,0,0,0,1,0,1,0,0,0
173559,1090,474,616,10,3,7,15,5,10,89,55,34,41,17,24,0,0,0,887,379,508,36,10,26,6,3,3,6,2,4
173638,777,277,500,9,6,3,21,6,15,67,23,44,79,29,50,1,0,1,545,202,343,14,4,10,32,3,29,9,4,5
173647,368,121,247,0,0,0,26,7,19,8,3,5,20,8,12,1,0,1,284,91,193,18,8,10,1,0,1,10,4,6
173665,991,300,691,1,0,1,49,12,37,59,29,30,56,19,37,1,0,1,717,204,513,32,6,26,62,23,39,14,7,7
173683,49,11,38,0,0,0,0,0,0,1,0,1,1,0,1,0,0,0,45,10,35,2,1,1,0,0,0,0,0,0
173708,1053,695,358,5,2,3,155,115,40,161,91,70,81,40,41,1,1,0,598,414,184,37,23,14,8,6,2,7,3,4
173735,247,102,145,3,3,0,3,2,1,10,4,6,7,3,4,1,0,1,211,85,126,11,4,7,1,1,0,0,0,0
173744,316,11,305,2,0,2,20,1,19,25,1,24,17,0,17,2,0,2,222,9,213,23,0,23,3,0,3,2,0,2
173799,637,192,445,4,2,2,33,8,25,72,16,56,55,20,35,1,0,1,427,136,291,27,6,21,10,3,7,8,1,7
173805,214,87,127,1,1,0,0,0,0,5,5,0,1,0,1,1,0,1,188,76,112,10,2,8,2,0,2,6,3,3
173896,128,50,78,0,0,0,1,1,0,1,1,0,4,1,3,0,0,0,104,33,71,0,0,0,2,2,0,16,12,4
173902,447,155,292,0,0,0,34,15,19,22,7,15,50,10,40,0,0,0,255,83,172,28,13,15,0,0,0,58,27,31
173911,503,220,283,3,2,1,9,4,5,35,16,19,60,26,34,0,0,0,375,165,210,12,3,9,3,1,2,6,3,3
173920,3246,1290,1956,8,4,4,113,46,67,136,56,80,126,46,80,1,0,1,2429,906,1523,92,36,56,49,19,30,292,177,115
173957,459,154,305,0,0,0,54,19,35,23,8,15,33,12,21,2,1,1,281,89,192,4,3,1,36,7,29,26,15,11
173993,261,113,148,3,1,2,1,1,0,12,9,3,10,6,4,0,0,0,217,91,126,14,3,11,4,2,2,0,0,0
174020,2120,834,1286,8,3,5,326,118,208,455,185,270,142,45,97,3,0,3,1031,425,606,105,38,67,8,3,5,42,17,25
174066,13116,5888,7228,32,15,17,1119,481,638,584,239,345,626,266,360,14,5,9,8356,3626,4730,500,203,297,233,123,110,1652,930,722
174075,421,183,238,6,1,5,14,4,10,23,12,11,15,4,11,0,0,0,306,127,179,13,8,5,19,15,4,25,12,13
174127,177,46,131,2,1,1,14,7,7,8,5,3,16,4,12,2,1,1,112,26,86,1,0,1,12,1,11,10,1,9
174136,1079,441,638,8,5,3,65,18,47,235,92,143,145,49,96,1,0,1,515,235,280,70,24,46,12,5,7,28,13,15
174154,231,22,209,2,0,2,27,6,21,49,5,44,7,0,7,0,0,0,111,9,102,13,1,12,22,1,21,0,0,0
174190,119,3,116,2,0,2,16,1,15,19,0,19,8,0,8,0,0,0,68,2,66,2,0,2,4,0,4,0,0,0
174233,2207,1110,1097,31,16,15,75,34,41,40,25,15,75,40,35,3,3,0,1827,913,914,72,32,40,20,10,10,64,37,27
174251,247,103,144,16,8,8,9,4,5,5,3,2,17,9,8,0,0,0,158,61,97,28,10,18,0,0,0,14,8,6
174321,89,3,86,0,0,0,3,0,3,9,1,8,6,2,4,0,0,0,66,0,66,5,0,5,0,0,0,0,0,0
174358,1351,480,871,12,1,11,25,10,15,54,28,26,40,15,25,1,1,0,1077,356,721,53,11,42,7,5,2,82,53,29
174376,951,400,551,4,3,1,148,60,88,179,71,108,69,27,42,1,0,1,488,221,267,40,11,29,2,0,2,20,7,13
174428,1264,478,786,6,3,3,131,53,78,140,49,91,127,49,78,3,0,3,765,288,477,69,26,43,11,5,6,12,5,7
174437,236,94,142,0,0,0,8,2,6,21,6,15,17,6,11,2,1,1,161,65,96,11,6,5,16,8,8,0,0,0
174473,742,271,471,10,2,8,14,5,9,42,14,28,21,9,12,1,0,1,619,230,389,23,9,14,7,2,5,5,0,5
174491,547,211,336,1,0,1,12,5,7,15,11,4,21,6,15,0,0,0,450,178,272,26,5,21,15,4,11,7,2,5
174507,264,106,158,1,1,0,4,1,3,2,1,1,1,0,1,0,0,0,93,36,57,0,0,0,139,55,84,24,12,12
174525,18,12,6,0,0,0,1,1,0,1,0,1,0,0,0,0,0,0,15,10,5,1,1,0,0,0,0,0,0,0
174570,262,98,164,1,0,1,2,2,0,8,2,6,10,3,7,0,0,0,237,89,148,2,0,2,2,2,0,0,0,0
174604,28,13,15,0,0,0,0,0,0,2,2,0,5,4,1,0,0,0,18,5,13,1,1,0,2,1,1,0,0,0
174738,842,294,548,1,0,1,38,12,26,66,27,39,55,12,43,0,0,0,639,224,415,33,13,20,3,2,1,7,4,3
174747,456,0,456,6,0,6,17,0,17,12,0,12,34,0,34,0,0,0,372,0,372,0,0,0,0,0,0,15,0,15
174756,954,395,559,3,1,2,11,6,5,89,35,54,46,19,27,0,0,0,759,316,443,37,15,22,4,2,2,5,1,4
174783,2496,1109,1387,4,1,3,133,65,68,178,93,85,87,40,47,3,2,1,1607,674,933,60,25,35,93,29,64,331,180,151
174792,400,389,11,3,3,0,17,17,0,18,18,0,26,25,1,2,2,0,308,299,9,0,0,0,0,0,0,26,25,1
174817,1797,585,1212,13,3,10,61,19,42,120,48,72,83,33,50,5,1,4,1269,389,880,2,1,1,214,77,137,30,14,16
174844,675,241,434,1,0,1,54,14,40,19,8,11,39,11,28,1,1,0,452,164,288,21,4,17,9,4,5,79,35,44
174862,363,182,181,1,0,1,32,26,6,19,6,13,21,12,9,3,0,3,276,130,146,6,4,2,0,0,0,5,4,1
174899,1363,320,1043,12,2,10,65,18,47,58,17,41,45,11,34,1,0,1,1086,236,850,36,15,21,50,13,37,10,8,2
174914,2731,1345,1386,3,0,3,160,71,89,135,66,69,147,58,89,0,0,0,1814,915,899,92,44,48,201,92,109,179,99,80
174978,87,2,85,1,0,1,5,0,5,17,1,16,10,1,9,2,0,2,31,0,31,6,0,6,15,0,15,0,0,0
175005,1432,100,1332,1,0,1,120,10,110,113,11,102,138,9,129,4,3,1,966,60,906,40,3,37,41,4,37,9,0,9
175014,1861,284,1577,8,4,4,71,11,60,331,71,260,100,18,82,2,0,2,948,147,801,52,7,45,349,26,323,0,0,0
175041,1345,549,796,7,3,4,244,110,134,346,110,236,120,38,82,1,1,0,544,260,284,65,21,44,10,4,6,8,2,6
175078,623,194,429,2,0,2,11,5,6,38,17,21,19,8,11,0,0,0,480,124,356,13,5,8,8,2,6,52,33,19
175120,355,223,132,3,1,2,30,23,7,149,82,67,25,16,9,0,0,0,91,62,29,46,33,13,10,6,4,1,0,1
175139,19,3,16,0,0,0,0,0,0,0,0,0,1,0,1,1,0,1,16,3,13,0,0,0,1,0,1,0,0,0
175157,118,67,51,0,0,0,0,0,0,2,1,1,4,3,1,0,0,0,105,60,45,5,2,3,2,1,1,0,0,0
175227,408,344,64,3,2,1,24,20,4,16,13,3,25,21,4,2,2,0,322,273,49,11,8,3,4,4,0,1,1,0
175236,853,336,517,4,4,0,14,3,11,28,12,16,62,26,36,0,0,0,711,274,437,25,13,12,8,3,5,1,1,0
175263,425,219,206,1,1,0,11,5,6,12,3,9,22,11,11,0,0,0,364,188,176,8,5,3,4,4,0,3,2,1
175272,1771,554,1217,7,2,5,36,13,23,68,32,36,76,29,47,1,1,0,1489,434,1055,46,20,26,9,3,6,39,20,19
175281,322,146,176,3,0,3,19,6,13,20,5,15,18,9,9,3,2,1,238,111,127,6,3,3,11,8,3,4,2,2
175315,1551,621,930,2,0,2,263,99,164,103,40,63,115,46,69,3,0,3,961,385,576,60,28,32,12,8,4,32,15,17
175342,693,219,474,1,0,1,2,0,2,610,184,426,5,0,5,0,0,0,27,11,16,0,0,0,0,0,0,48,24,24
175421,1683,516,1167,4,0,4,8,2,6,679,149,530,37,10,27,2,1,1,339,114,225,34,9,25,576,229,347,4,2,2
175430,198,78,120,0,0,0,0,0,0,22,9,13,6,2,4,0,0,0,162,63,99,4,1,3,0,0,0,4,3,1
175494,56,11,45,0,0,0,10,1,9,16,4,12,2,1,1,0,0,0,27,4,23,1,1,0,0,0,0,0,0,0
175519,346,111,235,0,0,0,1,0,1,324,103,221,1,0,1,0,0,0,13,6,7,1,0,1,5,2,3,1,0,1
175573,687,258,429,1,0,1,4,1,3,279,95,184,13,4,9,0,0,0,366,145,221,3,3,0,21,10,11,0,0,0
175607,1,0,1,0,0,0,0,0,0,1,0,1,0,0,0,0,0,0,0,0,0,0,0,0,0,0,0,0,0,0
175616,919,342,577,1,0,1,6,2,4,297,96,201,54,20,34,0,0,0,499,186,313,9,3,6,9,6,3,44,29,15
175643,549,221,328,26,8,18,2,1,1,151,56,95,21,10,11,2,2,0,324,131,193,8,6,2,6,2,4,9,5,4
175652,947,414,533,7,6,1,5,2,3,412,127,285,4,4,0,0,0,0,514,271,243,0,0,0,5,4,1,0,0,0
175698,16,11,5,0,0,0,0,0,0,11,8,3,1,1,0,0,0,0,4,2,2,0,0,0,0,0,0,0,0,0
175722,17,0,17,0,0,0,0,0,0,5,0,5,0,0,0,0,0,0,12,0,12,0,0,0,0,0,0,0,0,0
175786,2852,1283,1569,3,1,2,21,8,13,1468,605,863,60,23,37,0,0,0,887,382,505,106,36,70,307,228,79,0,0,0
175810,1514,531,983,2,1,1,13,5,8,651,185,466,31,12,19,0,0,0,787,313,474,9,6,3,20,9,11,1,0,1
175829,1323,577,746,3,2,1,11,2,9,303,113,190,38,18,20,0,0,0,939,423,516,21,15,6,8,4,4,0,0,0
175856,1465,376,1089,4,0,4,3,1,2,1307,314,993,9,5,4,0,0,0,55,16,39,20,6,14,10,2,8,57,32,25
175883,1110,450,660,9,4,5,8,2,6,334,123,211,6,4,2,0,0,0,733,309,424,19,7,12,1,1,0,0,0,0
175935,684,209,475,8,2,6,6,1,5,305,78,227,11,6,5,0,0,0,319,108,211,7,3,4,28,11,17,0,0,0
175980,190,93,97,1,1,0,8,2,6,36,17,19,11,3,8,0,0,0,118,59,59,0,0,0,8,5,3,8,6,2
176008,493,203,290,0,0,0,2,1,1,304,118,186,9,6,3,0,0,0,166,72,94,0,0,0,12,6,6,0,0,0
176017,6103,2491,3612,14,7,7,136,53,83,757,222,535,197,82,115,5,4,1,4629,1927,2702,135,55,80,17,8,9,213,133,80
176035,990,139,851,11,1,10,9,0,9,386,41,345,2,0,2,0,0,0,569,95,474,0,0,0,0,0,0,13,2,11
176044,378,109,269,1,0,1,3,0,3,363,105,258,1,0,1,1,0,1,5,2,3,2,2,0,2,0,2,0,0,0
176053,1455,483,972,9,5,4,57,20,37,333,93,240,53,17,36,0,0,0,923,315,608,11,6,5,23,9,14,46,18,28
176062,14,1,13,0,0,0,0,0,0,1,0,1,0,0,0,0,0,0,13,1,12,0,0,0,0,0,0,0,0,0
176071,2227,877,1350,7,2,5,59,28,31,520,179,341,113,40,73,3,1,2,1348,544,804,104,41,63,73,42,31,0,0,0
176080,5524,2652,2872,29,9,20,82,47,35,879,320,559,135,59,76,3,2,1,4025,2008,2017,87,37,50,47,25,22,237,145,92
176169,716,257,459,0,0,0,4,1,3,109,51,58,9,3,6,0,0,0,580,196,384,10,5,5,4,1,3,0,0,0
176178,1470,548,922,4,1,3,10,4,6,480,150,330,65,32,33,1,0,1,874,347,527,24,9,15,12,5,7,0,0,0
176239,1235,422,813,8,4,4,8,4,4,337,88,249,26,7,19,0,0,0,813,301,512,0,0,0,42,18,24,1,0,1
176318,104,39,65,0,0,0,1,1,0,103,38,65,0,0,0,0,0,0,0,0,0,0,0,0,0,0,0,0,0,0
176336,3,3,0,0,0,0,0,0,0,0,0,0,0,0,0,0,0,0,3,3,0,0,0,0,0,0,0,0,0,0
176354,553,223,330,2,0,2,0,0,0,218,83,135,6,3,3,0,0,0,308,126,182,5,2,3,10,6,4,4,3,1
176372,3485,1193,2292,18,5,13,69,32,37,834,254,580,130,47,83,5,4,1,2247,778,1469,100,30,70,0,0,0,82,43,39
176390,62,2,60,0,0,0,1,0,1,54,2,52,1,0,1,1,0,1,3,0,3,0,0,0,2,0,2,0,0,0
176406,137,35,102,0,0,0,0,0,0,131,30,101,1,1,0,0,0,0,0,0,0,0,0,0,0,0,0,5,4,1
176433,14,0,14,0,0,0,0,0,0,8,0,8,0,0,0,0,0,0,6,0,6,0,0,0,0,0,0,0,0,0
176451,25,15,10,0,0,0,0,0,0,9,3,6,2,2,0,0,0,0,14,10,4,0,0,0,0,0,0,0,0,0
176479,1325,369,956,2,0,2,37,20,17,337,78,259,26,10,16,0,0,0,870,241,629,0,0,0,17,3,14,36,17,19
176600,32,9,23,0,0,0,2,0,2,0,0,0,1,0,1,0,0,0,20,6,14,0,0,0,1,1,0,8,2,6
176628,405,139,266,2,1,1,8,2,6,77,31,46,35,8,27,1,0,1,235,65,170,7,2,5,0,0,0,40,30,10
176664,58,36,22,1,0,1,2,1,1,3,3,0,3,1,2,0,0,0,49,31,18,0,0,0,0,0,0,0,0,0
176716,106,0,106,1,0,1,3,0,3,42,0,42,7,0,7,1,0,1,48,0,48,2,0,2,2,0,2,0,0,0
176770,353,42,311,0,0,0,7,1,6,5,2,3,5,1,4,0,0,0,299,32,267,0,0,0,37,6,31,0,0,0
176789,58,28,30,1,0,1,4,2,2,1,1,0,0,0,0,1,1,0,47,21,26,2,1,1,2,2,0,0,0,0
176798,125,44,81,0,0,0,1,0,1,13,2,11,1,1,0,0,0,0,107,41,66,3,0,3,0,0,0,0,0,0
176910,35,18,17,0,0,0,0,0,0,3,3,0,1,0,1,0,0,0,28,12,16,1,1,0,1,1,0,1,1,0
176947,211,91,120,0,0,0,2,0,2,17,10,7,10,4,6,0,0,0,168,70,98,3,2,1,0,0,0,11,5,6
176965,2803,1114,1689,6,2,4,28,9,19,190,72,118,112,40,72,7,3,4,1836,678,1158,96,24,72,16,4,12,512,282,230
176983,55,41,14,0,0,0,0,0,0,0,0,0,2,1,1,0,0,0,52,39,13,1,1,0,0,0,0,0,0,0
177038,160,70,90,1,1,0,3,1,2,5,3,2,5,2,3,0,0,0,119,51,68,4,2,2,23,10,13,0,0,0
177065,2654,1130,1524,13,2,11,61,40,21,542,203,339,287,122,165,10,5,5,1479,638,841,139,56,83,46,27,19,77,37,40
177083,17,17,0,0,0,0,0,0,0,0,0,0,5,5,0,0,0,0,12,12,0,0,0,0,0,0,0,0,0,0
177092,125,117,8,0,0,0,1,1,0,0,0,0,6,3,3,0,0,0,96,92,4,7,6,1,8,8,0,7,7,0
177117,67,0,67,0,0,0,0,0,0,5,0,5,7,0,7,0,0,0,43,0,43,3,0,3,0,0,0,9,0,9
177126,112,71,41,0,0,0,1,1,0,5,4,1,2,2,0,0,0,0,92,57,35,4,1,3,2,2,0,6,4,2
177135,978,495,483,11,3,8,8,4,4,12,3,9,68,35,33,1,0,1,670,284,386,26,12,14,178,153,25,4,1,3
177144,239,111,128,1,0,1,1,0,1,32,21,11,9,5,4,0,0,0,180,75,105,6,1,5,0,0,0,10,9,1
177214,412,157,255,5,2,3,6,2,4,14,7,7,9,4,5,0,0,0,334,118,216,18,8,10,4,3,1,22,13,9
177250,504,211,293,2,1,1,4,2,2,9,3,6,11,6,5,1,0,1,460,190,270,12,6,6,5,3,2,0,0,0
177278,33,15,18,0,0,0,0,0,0,9,5,4,1,1,0,0,0,0,20,8,12,1,0,1,0,0,0,2,1,1
177302,302,182,120,5,4,1,6,3,3,44,13,31,60,41,19,1,1,0,170,109,61,10,7,3,6,4,2,0,0,0
177339,562,241,321,5,2,3,9,2,7,23,18,5,62,13,49,1,1,0,439,196,243,14,5,9,9,4,5,0,0,0
177418,309,115,194,1,1,0,3,3,0,32,9,23,0,0,0,0,0,0,227,84,143,7,2,5,11,3,8,28,13,15
177436,26,0,26,0,0,0,0,0,0,1,0,1,1,0,1,0,0,0,23,0,23,1,0,1,0,0,0,0,0,0
177472,2235,887,1348,15,4,11,41,16,25,35,9,26,99,34,65,3,0,3,1815,737,1078,187,64,123,40,23,17,0,0,0
177542,198,50,148,0,0,0,1,1,0,8,2,6,2,1,1,2,1,1,166,37,129,4,0,4,5,0,5,10,8,2
177551,201,59,142,2,2,0,1,1,0,153,39,114,5,0,5,0,0,0,12,7,5,7,1,6,17,6,11,4,3,1
177588,10,0,10,0,0,0,0,0,0,8,0,8,0,0,0,0,0,0,2,0,2,0,0,0,0,0,0,0,0,0
177603,63,1,62,1,0,1,0,0,0,14,0,14,5,0,5,2,0,2,37,1,36,3,0,3,1,0,1,0,0,0
177676,705,270,435,0,0,0,11,3,8,15,7,8,27,9,18,0,0,0,584,221,363,14,7,7,53,22,31,1,1,0
177685,58,2,56,0,0,0,0,0,0,10,1,9,2,0,2,0,0,0,45,1,44,0,0,0,1,0,1,0,0,0
177719,405,55,350,0,0,0,16,2,14,31,5,26,3,0,3,0,0,0,330,41,289,15,4,11,10,3,7,0,0,0
177746,160,46,114,0,0,0,7,1,6,10,5,5,20,6,14,0,0,0,107,32,75,6,1,5,8,1,7,2,0,2
177816,18,18,0,0,0,0,1,1,0,0,0,0,1,1,0,0,0,0,16,16,0,0,0,0,0,0,0,0,0,0
177834,1308,515,793,6,2,4,195,81,114,94,32,62,120,43,77,2,1,1,714,284,430,49,22,27,75,32,43,53,18,35
177870,10,10,0,0,0,0,0,0,0,0,0,0,0,0,0,0,0,0,10,10,0,0,0,0,0,0,0,0,0,0
177931,23,2,21,0,0,0,0,0,0,3,0,3,0,0,0,0,0,0,20,2,18,0,0,0,0,0,0,0,0,0
177940,304,96,208,1,0,1,2,1,1,117,44,73,7,3,4,1,1,0,133,35,98,11,1,10,16,7,9,16,4,12
177968,2041,764,1277,8,2,6,16,6,10,294,95,199,78,28,50,10,5,5,1293,480,813,54,19,35,131,43,88,157,86,71
177977,703,576,127,1,0,1,2,2,0,4,2,2,15,14,1,1,1,0,669,549,120,9,6,3,2,2,0,0,0,0
177986,493,216,277,3,3,0,12,5,7,42,13,29,18,8,10,0,0,0,305,125,180,18,6,12,92,56,36,3,0,3
177995,2205,920,1285,5,4,1,76,33,43,217,73,144,229,97,132,4,1,3,1457,622,835,151,61,90,48,21,27,18,8,10
178004,39,7,32,0,0,0,1,1,0,13,0,13,1,0,1,0,0,0,24,6,18,0,0,0,0,0,0,0,0,0
178059,2963,805,2158,11,2,9,137,45,92,372,93,279,135,46,89,0,0,0,2004,504,1500,91,26,65,131,38,93,82,51,31
178077,36,1,35,0,0,0,0,0,0,1,0,1,1,0,1,0,0,0,32,1,31,1,0,1,1,0,1,0,0,0
178183,104,3,101,0,0,0,2,0,2,31,2,29,2,0,2,1,0,1,64,1,63,4,0,4,0,0,0,0,0,0
178208,596,477,119,6,5,1,64,39,25,25,16,9,72,59,13,0,0,0,366,304,62,4,3,1,39,32,7,20,19,1
178217,576,189,387,2,0,2,1,0,1,7,5,2,9,6,3,0,0,0,533,162,371,7,2,5,8,8,0,9,6,3
178244,717,242,475,5,2,3,9,6,3,63,27,36,10,7,3,3,2,1,588,176,412,6,4,2,10,4,6,23,14,9
178341,1097,437,660,37,15,22,20,9,11,48,25,23,88,36,52,1,1,0,830,318,512,19,8,11,18,9,9,36,16,20
178369,238,114,124,1,1,0,4,2,2,31,24,7,28,12,16,0,0,0,129,48,81,8,2,6,6,6,0,31,19,12
178387,805,304,501,3,2,1,16,5,11,60,22,38,11,6,5,1,0,1,643,238,405,35,16,19,17,6,11,19,9,10
178396,7020,3042,3978,18,8,10,138,77,61,443,178,265,310,142,168,7,3,4,5369,2270,3099,235,92,143,102,51,51,398,221,177
178402,3540,1495,2045,4,1,3,343,143,200,290,96,194,261,108,153,2,1,1,2042,836,1206,102,41,61,150,65,85,346,204,142
178411,2032,1522,510,5,2,3,83,64,19,80,54,26,91,70,21,0,0,0,1499,1135,364,57,36,21,20,16,4,197,145,52
178420,2789,1048,1741,9,6,3,110,41,69,374,83,291,91,32,59,2,0,2,1848,727,1121,75,25,50,149,61,88,131,73,58
178448,878,293,585,1,0,1,12,6,6,62,25,37,44,19,25,0,0,0,719,229,490,27,7,20,11,5,6,2,2,0
178518,67,46,21,0,0,0,1,1,0,4,1,3,5,4,1,0,0,0,57,40,17,0,0,0,0,0,0,0,0,0
178527,23,2,21,0,0,0,1,0,1,0,0,0,2,0,2,0,0,0,20,2,18,0,0,0,0,0,0,0,0,0
178615,1230,490,740,3,1,2,40,14,26,39,16,23,37,13,24,0,0,0,987,377,610,31,12,19,8,3,5,85,54,31
178624,1999,734,1265,1,0,1,8,6,2,78,34,44,49,21,28,4,4,0,1634,545,1089,42,15,27,19,6,13,164,103,61
178679,140,63,77,2,1,1,2,1,1,2,2,0,5,1,4,0,0,0,118,51,67,6,4,2,4,2,2,1,1,0
178697,309,146,163,3,0,3,2,1,1,3,2,1,16,9,7,0,0,0,262,125,137,5,3,2,14,5,9,4,1,3
178721,2555,1256,1299,15,7,8,58,36,22,415,201,214,549,243,306,9,7,2,1150,565,585,173,91,82,134,73,61,52,33,19
178767,32,4,28,0,0,0,0,0,0,19,1,18,1,0,1,0,0,0,12,3,9,0,0,0,0,0,0,0,0,0
178828,21,6,15,0,0,0,0,0,0,0,0,0,1,0,1,0,0,0,19,6,13,1,0,1,0,0,0,0,0,0
178891,677,633,44,2,2,0,3,2,1,68,60,8,15,15,0,3,3,0,467,443,24,13,10,3,105,97,8,1,1,0
178989,203,24,179,2,0,2,5,1,4,12,3,9,4,0,4,0,0,0,169,18,151,1,0,1,10,2,8,0,0,0
179043,1076,334,742,7,2,5,48,16,32,64,24,40,76,33,43,3,1,2,787,234,553,12,3,9,68,13,55,11,8,3
179052,55,14,41,0,0,0,0,0,0,0,0,0,3,1,2,0,0,0,51,13,38,0,0,0,0,0,0,1,0,1
179159,3171,1196,1975,4,1,3,316,130,186,193,69,124,157,74,83,0,0,0,2163,760,1403,99,42,57,21,10,11,218,110,108
179195,14,1,13,0,0,0,0,0,0,0,0,0,1,0,1,0,0,0,13,1,12,0,0,0,0,0,0,0,0,0
179229,20,2,18,0,0,0,1,0,1,3,2,1,0,0,0,0,0,0,15,0,15,1,0,1,0,0,0,0,0,0
179256,22,14,8,0,0,0,1,1,0,8,4,4,0,0,0,0,0,0,12,8,4,0,0,0,0,0,0,1,1,0
179265,341,134,207,1,1,0,83,36,47,29,11,18,6,3,3,1,1,0,186,70,116,6,2,4,16,5,11,13,5,8
179308,2250,763,1487,5,1,4,110,50,60,487,112,375,86,24,62,3,1,2,1404,518,886,104,35,69,33,12,21,18,10,8
179317,18,6,12,0,0,0,1,0,1,1,1,0,0,0,0,0,0,0,14,4,10,0,0,0,2,1,1,0,0,0
179326,745,214,531,5,0,5,8,4,4,25,7,18,18,4,14,1,0,1,622,180,442,6,2,4,44,10,34,16,7,9
179344,251,72,179,2,1,1,1,0,1,4,2,2,6,3,3,0,0,0,228,61,167,5,4,1,3,1,2,2,0,2
179511,108,6,102,0,0,0,2,0,2,95,4,91,1,0,1,0,0,0,9,2,7,1,0,1,0,0,0,0,0,0
179539,716,220,496,1,0,1,4,1,3,24,10,14,30,10,20,0,0,0,620,186,434,32,10,22,2,1,1,3,2,1
179548,181,15,166,2,0,2,1,1,0,23,2,21,10,1,9,0,0,0,130,10,120,11,1,10,3,0,3,1,0,1
179557,2238,836,1402,2,0,2,22,14,8,159,56,103,40,18,22,1,0,1,1756,608,1148,33,15,18,12,3,9,213,122,91
179566,5116,1944,3172,19,5,14,90,40,50,180,78,102,190,78,112,6,2,4,4043,1470,2573,138,52,86,57,34,23,393,185,208
179645,569,160,409,3,1,2,2,1,1,33,6,27,11,3,8,0,0,0,461,118,343,0,0,0,56,28,28,3,3,0
179715,383,100,283,0,0,0,1,0,1,3,3,0,16,5,11,0,0,0,338,80,258,15,5,10,2,1,1,8,6,2
179812,348,191,157,0,0,0,91,46,45,13,4,9,32,22,10,2,1,1,173,101,72,12,6,6,17,7,10,8,4,4
179867,4725,2160,2565,8,2,6,502,231,271,344,118,226,295,137,158,1,1,0,1946,871,1075,146,69,77,124,66,58,1359,665,694
179894,3252,1402,1850,13,7,6,119,61,58,947,351,596,255,117,138,4,2,2,1557,710,847,86,38,48,172,71,101,99,45,54
179946,139,74,65,3,2,1,2,1,1,7,5,2,3,1,2,0,0,0,109,58,51,4,3,1,6,4,2,5,0,5
179955,191,75,116,0,0,0,7,3,4,17,7,10,11,9,2,0,0,0,139,48,91,12,4,8,1,0,1,4,4,0
179964,649,197,452,6,3,3,4,0,4,29,9,20,16,5,11,2,0,2,536,160,376,14,3,11,27,9,18,15,8,7
179991,22,1,21,0,0,0,0,0,0,0,0,0,1,0,1,0,0,0,21,1,20,0,0,0,0,0,0,0,0,0
180054,69,14,55,65,14,51,0,0,0,0,0,0,1,0,1,0,0,0,3,0,3,0,0,0,0,0,0,0,0,0
180063,14,0,14,0,0,0,0,0,0,0,0,0,0,0,0,0,0,0,14,0,14,0,0,0,0,0,0,0,0,0
180081,109,95,14,2,2,0,1,1,0,1,1,0,1,1,0,0,0,0,93,80,13,1,0,1,10,10,0,0,0,0
180090,55,2,53,2,0,2,0,0,0,1,0,1,1,0,1,2,0,2,46,2,44,3,0,3,0,0,0,0,0,0
180106,263,94,169,0,0,0,2,2,0,0,0,0,11,3,8,1,0,1,220,76,144,5,2,3,18,5,13,6,6,0
180151,73,31,42,4,2,2,0,0,0,2,2,0,6,6,0,0,0,0,51,14,37,1,0,1,2,1,1,7,6,1
180160,8,5,3,7,4,3,0,0,0,0,0,0,0,0,0,0,0,0,1,1,0,0,0,0,0,0,0,0,0,0
180179,762,264,498,31,10,21,10,2,8,7,3,4,48,17,31,1,0,1,614,204,410,24,10,14,11,5,6,16,13,3
180197,297,118,179,7,2,5,2,1,1,2,2,0,7,4,3,1,1,0,236,86,150,5,1,4,35,20,15,2,1,1
180203,26,14,12,25,14,11,0,0,0,0,0,0,0,0,0,0,0,0,1,0,1,0,0,0,0,0,0,0,0,0
180212,63,23,40,52,18,34,0,0,0,0,0,0,0,0,0,0,0,0,11,5,6,0,0,0,0,0,0,0,0,0
180249,281,74,207,9,3,6,0,0,0,1,0,1,18,6,12,0,0,0,230,64,166,21,1,20,2,0,2,0,0,0
180258,353,77,276,10,2,8,25,9,16,20,7,13,15,3,12,3,2,1,252,50,202,0,0,0,28,4,24,0,0,0
180276,191,85,106,4,1,3,2,0,2,0,0,0,9,3,6,1,1,0,155,70,85,9,5,4,11,5,6,0,0,0
180328,31,5,26,29,5,24,0,0,0,0,0,0,0,0,0,0,0,0,2,0,2,0,0,0,0,0,0,0,0,0
180373,123,53,70,4,1,3,0,0,0,3,3,0,3,1,2,2,2,0,106,44,62,5,2,3,0,0,0,0,0,0
180416,352,221,131,3,3,0,0,0,0,3,2,1,9,8,1,0,0,0,266,162,104,3,0,3,35,18,17,33,28,5
180461,3234,1532,1702,36,6,30,25,12,13,12,7,5,123,50,73,5,4,1,2770,1307,1463,147,71,76,35,17,18,81,58,23
180489,2634,1064,1570,60,22,38,163,52,111,30,21,9,101,43,58,4,4,0,1886,761,1125,89,46,43,114,42,72,187,73,114
180522,223,106,117,18,6,12,2,0,2,3,3,0,12,6,6,1,1,0,166,79,87,17,10,7,2,1,1,2,0,2
180595,204,86,118,1,1,0,2,0,2,3,1,2,6,1,5,1,1,0,175,77,98,9,3,6,3,1,2,4,1,3
180647,185,52,133,136,35,101,2,2,0,0,0,0,2,0,2,0,0,0,45,15,30,0,0,0,0,0,0,0,0,0
180692,315,94,221,16,5,11,2,1,1,1,1,0,8,2,6,1,1,0,263,70,193,6,2,4,17,12,5,1,0,1
180717,9,6,3,0,0,0,0,0,0,1,0,1,2,1,1,0,0,0,6,5,1,0,0,0,0,0,0,0,0,0
180814,3517,1660,1857,18,7,11,140,70,70,347,156,191,425,191,234,12,7,5,1933,918,1015,81,32,49,550,272,278,11,7,4
180832,316,38,278,1,1,0,12,1,11,9,2,7,18,1,17,1,0,1,243,28,215,5,1,4,27,4,23,0,0,0
180878,160,21,139,1,0,1,6,1,5,1,0,1,1,1,0,0,0,0,144,17,127,7,2,5,0,0,0,0,0,0
180902,1640,793,847,14,7,7,12,2,10,45,28,17,358,191,167,1,0,1,1208,564,644,2,1,1,0,0,0,0,0,0
180948,483,192,291,4,2,2,3,2,1,13,10,3,34,16,18,0,0,0,393,147,246,19,10,9,2,1,1,15,4,11
180957,44,30,14,0,0,0,0,0,0,5,4,1,23,14,9,0,0,0,12,8,4,2,2,0,2,2,0,0,0,0
180984,1234,293,941,6,1,5,20,2,18,126,24,102,74,27,47,5,1,4,702,183,519,23,6,17,270,46,224,8,3,5
181002,2544,966,1578,9,5,4,202,80,122,93,37,56,162,57,105,13,4,9,1869,698,1171,89,34,55,37,11,26,70,40,30
181020,653,240,413,1,0,1,13,5,8,19,13,6,30,13,17,1,1,0,545,196,349,16,6,10,21,3,18,7,3,4
181127,231,115,116,0,0,0,4,0,4,10,8,2,23,8,15,0,0,0,176,84,92,4,3,1,6,5,1,8,7,1
181145,7,2,5,0,0,0,0,0,0,0,0,0,2,0,2,0,0,0,5,2,3,0,0,0,0,0,0,0,0,0
181190,54,3,51,1,0,1,2,1,1,3,0,3,18,1,17,0,0,0,28,1,27,2,0,2,0,0,0,0,0,0
181215,1393,487,906,0,0,0,13,7,6,19,12,7,106,47,59,0,0,0,1171,378,793,24,6,18,4,2,2,56,35,21
181297,373,44,329,2,1,1,6,2,4,18,5,13,15,0,15,0,0,0,313,33,280,7,2,5,10,0,10,2,1,1
181303,1670,749,921,7,2,5,74,32,42,154,58,96,195,84,111,2,0,2,995,447,548,50,20,30,179,101,78,14,5,9
181312,375,147,228,1,0,1,6,3,3,8,4,4,36,8,28,2,1,1,292,119,173,12,4,8,2,0,2,16,8,8
181330,385,142,243,0,0,0,5,4,1,17,11,6,40,18,22,1,0,1,252,81,171,3,1,2,66,26,40,1,1,0
181394,3341,1385,1956,6,2,4,116,49,67,166,66,100,144,52,92,3,2,1,2315,950,1365,358,129,229,39,21,18,194,114,80
181419,11,2,9,9,1,8,0,0,0,0,0,0,1,1,0,0,0,0,1,0,1,0,0,0,0,0,0,0,0,0
181428,1190,313,877,2,0,2,58,21,37,26,13,13,51,11,40,0,0,0,963,235,728,26,13,13,11,5,6,53,15,38
181446,460,174,286,3,0,3,8,5,3,15,5,10,31,11,20,0,0,0,366,138,228,15,4,11,15,9,6,7,2,5
181464,5692,2882,2810,12,8,4,133,61,72,96,39,57,316,159,157,1,1,0,4144,2060,2084,172,66,106,60,38,22,758,450,308
181491,885,423,462,5,3,2,5,3,2,15,12,3,103,45,58,3,2,1,702,331,371,14,5,9,9,4,5,29,18,11
181534,347,125,222,2,0,2,2,1,1,15,6,9,26,14,12,0,0,0,296,101,195,6,3,3,0,0,0,0,0,0
181543,7,6,1,0,0,0,0,0,0,0,0,0,1,1,0,0,0,0,5,4,1,0,0,0,0,0,0,1,1,0
181604,295,9,286,2,0,2,8,0,8,20,0,20,24,0,24,1,1,0,221,8,213,13,0,13,4,0,4,2,0,2
181640,1309,691,618,4,1,3,39,18,21,40,24,16,120,60,60,2,1,1,1074,579,495,30,8,22,0,0,0,0,0,0
181738,175,58,117,0,0,0,12,6,6,14,7,7,36,15,21,0,0,0,102,27,75,4,3,1,1,0,1,6,0,6
181765,61,20,41,0,0,0,0,0,0,0,0,0,6,5,1,0,0,0,54,15,39,1,0,1,0,0,0,0,0,0
181783,839,345,494,16,6,10,4,2,2,18,15,3,55,19,36,0,0,0,691,281,410,26,9,17,8,4,4,21,9,12
181817,249,122,127,5,3,2,6,6,0,3,2,1,55,22,33,0,0,0,167,82,85,0,0,0,13,7,6,0,0,0
181853,78,35,43,0,0,0,0,0,0,8,6,2,11,2,9,0,0,0,51,21,30,0,0,0,2,1,1,6,5,1
181880,179,12,167,0,0,0,7,3,4,37,4,33,64,3,61,7,0,7,42,1,41,15,1,14,7,0,7,0,0,0
181941,162,101,61,3,1,2,8,6,2,4,3,1,61,33,28,2,1,1,81,56,25,1,0,1,2,1,1,0,0,0
182005,4472,1750,2722,19,2,17,498,205,293,391,118,273,1501,601,900,46,23,23,1438,575,863,314,117,197,199,82,117,66,27,39
182148,150,19,131,0,0,0,10,2,8,31,3,28,38,6,32,18,1,17,39,5,34,6,1,5,8,1,7,0,0,0
182281,6511,2598,3913,16,7,9,978,400,578,461,149,312,1711,618,1093,42,14,28,2266,980,1286,594,248,346,105,41,64,338,141,197
182290,4879,2092,2787,38,13,25,408,184,224,153,66,87,978,348,630,19,12,7,2721,1226,1495,332,121,211,86,40,46,144,82,62
182306,685,270,415,28,9,19,21,6,15,16,3,13,165,72,93,6,2,4,411,160,251,11,5,6,26,13,13,1,0,1
182458,205,71,134,5,1,4,1,0,1,5,2,3,5,0,5,2,1,1,158,60,98,0,0,0,29,7,22,0,0,0
182500,2184,1028,1156,20,11,9,123,49,74,47,22,25,631,281,350,1,1,0,1225,596,629,90,44,46,34,19,15,13,5,8
182564,992,451,541,22,6,16,23,8,15,14,8,6,247,108,139,2,1,1,606,285,321,39,17,22,39,18,21,0,0,0
182634,188,58,130,3,0,3,8,2,6,6,1,5,3,2,1,0,0,0,144,46,98,0,0,0,17,2,15,7,5,2
182652,15,0,15,0,0,0,0,0,0,0,0,0,1,0,1,0,0,0,12,0,12,1,0,1,1,0,1,0,0,0
182670,2005,1073,932,28,10,18,279,133,146,112,59,53,172,103,69,5,2,3,961,531,430,82,33,49,63,33,30,303,169,134
182704,36,0,36,0,0,0,0,0,0,0,0,0,0,0,0,0,0,0,35,0,35,1,0,1,0,0,0,0,0,0
182722,82,6,76,0,0,0,4,1,3,3,1,2,3,0,3,1,0,1,67,4,63,3,0,3,1,0,1,0,0,0
182795,526,205,321,2,1,1,19,5,14,24,13,11,29,11,18,0,0,0,380,145,235,13,4,9,42,13,29,17,13,4
182829,101,54,47,0,0,0,4,2,2,2,0,2,6,2,4,0,0,0,68,35,33,4,2,2,12,10,2,5,3,2
182892,14,0,14,0,0,0,0,0,0,0,0,0,0,0,0,0,0,0,9,0,9,0,0,0,5,0,5,0,0,0
182917,12,4,8,0,0,0,0,0,0,0,0,0,0,0,0,0,0,0,11,4,7,0,0,0,1,0,1,0,0,0
182953,71,0,71,0,0,0,0,0,0,1,0,1,8,0,8,0,0,0,60,0,60,2,0,2,0,0,0,0,0,0
182980,1061,623,438,4,1,3,16,9,7,67,31,36,42,20,22,0,0,0,362,156,206,15,8,7,100,46,54,455,352,103
182999,12,0,12,0,0,0,0,0,0,0,0,0,0,0,0,0,0,0,12,0,12,0,0,0,0,0,0,0,0,0
183026,26766,9509,17257,120,37,83,658,281,377,3769,1140,2629,2511,824,1687,76,23,53,16323,5941,10382,482,147,335,2568,993,1575,259,123,136
183035,16,1,15,0,0,0,0,0,0,1,0,1,0,0,0,0,0,0,15,1,14,0,0,0,0,0,0,0,0,0
183044,3883,1613,2270,3,0,3,98,42,56,47,23,24,98,34,64,1,0,1,3190,1274,1916,71,26,45,149,69,80,226,145,81
183062,737,316,421,2,1,1,10,6,4,12,8,4,35,18,17,1,0,1,606,249,357,11,5,6,57,29,28,3,0,3
183071,188,82,106,0,0,0,11,7,4,2,1,1,12,3,9,0,0,0,134,52,82,5,1,4,22,16,6,2,2,0
183080,1082,472,610,3,0,3,12,4,8,14,10,4,25,12,13,0,0,0,917,397,520,21,11,10,73,27,46,17,11,6
183099,570,208,362,2,1,1,10,5,5,14,10,4,25,6,19,1,0,1,484,171,313,11,3,8,23,12,11,0,0,0
183105,200,103,97,1,1,0,1,0,1,1,1,0,0,0,0,0,0,0,189,96,93,0,0,0,8,5,3,0,0,0
183114,166,27,139,0,0,0,3,1,2,4,0,4,0,0,0,0,0,0,146,24,122,0,0,0,13,2,11,0,0,0
183123,106,60,46,0,0,0,1,0,1,1,0,1,2,1,1,0,0,0,86,48,38,2,1,1,14,10,4,0,0,0
183132,405,179,226,1,0,1,13,4,9,17,8,9,22,10,12,2,1,1,303,133,170,11,5,6,36,18,18,0,0,0
183141,270,138,132,0,0,0,7,4,3,10,4,6,20,8,12,4,0,4,222,117,105,6,4,2,1,1,0,0,0,0
183150,306,126,180,0,0,0,9,3,6,3,3,0,14,7,7,2,2,0,271,108,163,0,0,0,7,3,4,0,0,0
183202,35,3,32,0,0,0,0,0,0,0,0,0,2,1,1,0,0,0,33,2,31,0,0,0,0,0,0,0,0,0
183211,593,114,479,1,1,0,55,25,30,48,12,36,20,3,17,0,0,0,420,68,352,10,3,7,39,2,37,0,0,0
183239,469,188,281,1,1,0,6,2,4,8,7,1,17,1,16,1,0,1,410,162,248,12,7,5,11,6,5,3,2,1
183248,40,8,32,0,0,0,0,0,0,6,1,5,3,0,3,0,0,0,29,7,22,2,0,2,0,0,0,0,0,0
183257,591,189,402,3,1,2,7,2,5,22,9,13,21,10,11,1,0,1,507,153,354,10,5,5,20,9,11,0,0,0
183275,13,7,6,0,0,0,0,0,0,0,0,0,0,0,0,0,0,0,13,7,6,0,0,0,0,0,0,0,0,0
183488,214,16,198,0,0,0,8,2,6,42,5,37,80,4,76,0,0,0,80,5,75,0,0,0,0,0,0,4,0,4
183600,14,0,14,0,0,0,3,0,3,0,0,0,2,0,2,0,0,0,2,0,2,0,0,0,0,0,0,7,0,7
183655,605,196,409,2,2,0,37,11,26,67,20,47,125,37,88,1,1,0,301,100,201,12,3,9,27,11,16,33,11,22
183725,335,120,215,0,0,0,9,1,8,50,22,28,182,70,112,1,0,1,71,16,55,14,8,6,7,3,4,1,0,1
183743,2316,1039,1277,5,3,2,247,116,131,99,34,65,634,254,380,11,6,5,855,414,441,27,9,18,309,142,167,129,61,68
183789,1018,239,779,0,0,0,19,6,13,163,37,126,421,89,332,1,0,1,109,31,78,3,0,3,285,63,222,17,13,4
183804,943,943,0,0,0,0,0,0,0,0,0,0,0,0,0,0,0,0,934,934,0,0,0,0,0,0,0,9,9,0
183822,279,97,182,1,0,1,11,2,9,116,37,79,86,27,59,1,0,1,31,17,14,4,0,4,21,11,10,8,3,5
183859,1716,782,934,6,2,4,74,37,37,103,40,63,259,120,139,4,2,2,1169,541,628,18,8,10,56,26,30,27,6,21
183877,1329,428,901,6,2,4,63,18,45,188,46,142,151,54,97,0,0,0,797,271,526,52,15,37,41,12,29,31,10,21
183910,427,126,301,0,0,0,12,0,12,42,15,27,88,26,62,0,0,0,180,49,131,2,0,2,42,4,38,61,32,29
183938,1578,640,938,6,3,3,76,30,46,259,89,170,251,104,147,1,0,1,802,337,465,66,21,45,21,14,7,96,42,54
183974,473,164,309,0,0,0,7,3,4,40,15,25,35,13,22,0,0,0,294,93,201,13,7,6,83,33,50,1,0,1
183983,61,56,5,0,0,0,3,3,0,11,7,4,15,14,1,0,0,0,32,32,0,0,0,0,0,0,0,0,0,0
184056,254,84,170,0,0,0,10,4,6,93,29,64,87,23,64,1,0,1,43,19,24,10,5,5,10,4,6,0,0,0
184092,242,21,221,2,0,2,5,0,5,35,1,34,170,16,154,0,0,0,25,2,23,4,1,3,1,1,0,0,0,0
184180,1224,632,592,3,3,0,71,45,26,38,18,20,254,108,146,1,1,0,733,391,342,30,12,18,73,47,26,21,7,14
184205,524,154,370,3,2,1,8,4,4,74,18,56,149,36,113,0,0,0,252,84,168,26,5,21,12,5,7,0,0,0
184278,64,63,1,0,0,0,0,0,0,4,4,0,5,5,0,0,0,0,53,52,1,0,0,0,2,2,0,0,0,0
184348,557,234,323,3,1,2,28,10,18,56,21,35,55,19,36,1,0,1,253,88,165,7,3,4,53,26,27,101,66,35
184427,246,234,12,3,3,0,4,4,0,32,28,4,72,70,2,1,1,0,116,111,5,4,3,1,14,14,0,0,0,0
184481,1100,398,702,0,0,0,34,18,16,465,146,319,306,109,197,2,2,0,86,40,46,17,9,8,57,25,32,133,49,84
184506,67,3,64,0,0,0,0,0,0,47,1,46,13,1,12,0,0,0,2,1,1,0,0,0,5,0,5,0,0,0
184603,1448,655,793,2,1,1,71,20,51,127,44,83,382,115,267,3,1,2,574,332,242,19,5,14,159,93,66,111,44,67
184612,535,135,400,1,0,1,36,5,31,84,20,64,114,33,81,3,1,2,193,41,152,8,6,2,77,18,59,19,11,8
184694,972,368,604,2,2,0,66,24,42,61,22,39,145,51,94,1,0,1,621,236,385,17,4,13,48,24,24,11,5,6
184746,94,87,7,0,0,0,2,2,0,23,21,2,45,40,5,0,0,0,24,24,0,0,0,0,0,0,0,0,0,0
184773,612,126,486,3,1,2,13,3,10,46,11,35,70,9,61,0,0,0,440,92,348,4,2,2,27,3,24,9,5,4
184782,5170,2538,2632,7,3,4,350,176,174,456,175,281,489,204,285,8,6,2,3523,1806,1717,181,85,96,49,21,28,107,62,45
184791,1121,441,680,3,0,3,30,13,17,93,37,56,77,17,60,6,2,4,776,313,463,34,13,21,99,45,54,3,1,2
184816,43,5,38,0,0,0,0,0,0,24,3,21,8,2,6,0,0,0,3,0,3,1,0,1,7,0,7,0,0,0
184959,298,47,251,0,0,0,31,11,20,59,15,44,74,4,70,2,1,1,127,15,112,0,0,0,0,0,0,5,1,4
184968,60,11,49,0,0,0,9,4,5,8,1,7,14,3,11,0,0,0,14,2,12,14,1,13,1,0,1,0,0,0
184995,1087,421,666,3,2,1,112,52,60,138,54,84,585,207,378,4,3,1,146,58,88,31,12,19,60,30,30,8,3,5
185129,1784,601,1183,4,0,4,140,55,85,321,85,236,643,203,440,7,2,5,502,185,317,47,26,21,77,26,51,43,19,24
185174,65,50,15,0,0,0,2,2,0,11,9,2,17,13,4,0,0,0,30,21,9,0,0,0,0,0,0,5,5,0
185262,3221,1099,2122,5,2,3,202,85,117,590,196,394,802,244,558,8,1,7,1197,433,764,61,20,41,260,77,183,96,41,55
185396,728,706,22,0,0,0,28,27,1,231,222,9,247,242,5,2,2,0,177,172,5,41,39,2,2,2,0,0,0,0
185466,202,1,201,0,0,0,8,0,8,29,0,29,27,0,27,0,0,0,133,1,132,3,0,3,2,0,2,0,0,0
185509,821,379,442,1,0,1,62,34,28,111,50,61,165,65,100,1,0,1,377,187,190,16,6,10,47,20,27,41,17,24
185536,1833,756,1077,6,3,3,333,159,174,170,67,103,572,198,374,3,1,2,570,243,327,60,29,31,80,41,39,39,15,24
185572,1728,587,1141,1,1,0,51,14,37,85,29,56,211,65,146,2,0,2,1237,435,802,34,6,28,73,22,51,34,15,19
185590,5399,1885,3514,5,1,4,311,131,180,652,191,461,1385,426,959,8,4,4,2526,932,1594,125,45,80,254,94,160,133,61,72
185679,177,22,155,1,0,1,19,4,15,49,6,43,43,5,38,1,0,1,56,6,50,6,1,5,2,0,2,0,0,0
185721,186,74,112,1,1,0,8,3,5,33,13,20,83,29,54,1,1,0,57,25,32,0,0,0,0,0,0,3,2,1
185758,27,12,15,0,0,0,6,1,5,16,8,8,0,0,0,0,0,0,5,3,2,0,0,0,0,0,0,0,0,0
185767,129,13,116,0,0,0,2,0,2,12,0,12,57,8,49,0,0,0,56,5,51,2,0,2,0,0,0,0,0,0
185828,2941,2131,810,5,3,2,600,435,165,187,124,63,477,332,145,0,0,0,878,699,179,92,62,30,81,54,27,621,422,199
185873,1555,621,934,0,0,0,36,21,15,55,18,37,220,84,136,0,0,0,1098,436,662,40,12,28,62,28,34,44,22,22
185970,60,0,60,0,0,0,0,0,0,4,0,4,10,0,10,1,0,1,42,0,42,2,0,2,1,0,1,0,0,0
186016,301,14,287,1,0,1,6,0,6,35,3,32,175,7,168,1,1,0,67,2,65,12,1,11,1,0,1,3,0,3
186034,666,201,465,2,0,2,48,23,25,61,12,49,347,105,242,1,1,0,148,41,107,6,3,3,51,16,35,2,0,2
186052,480,387,93,0,0,0,7,7,0,109,85,24,113,91,22,1,1,0,246,200,46,4,3,1,0,0,0,0,0,0
186122,108,53,55,0,0,0,10,7,3,11,6,5,6,2,4,0,0,0,68,33,35,2,0,2,0,0,0,11,5,6
186131,2056,1106,950,1,1,0,380,171,209,128,39,89,188,99,89,2,2,0,703,402,301,78,34,44,46,24,22,530,334,196
186186,20,20,0,0,0,0,0,0,0,0,0,0,0,0,0,0,0,0,17,17,0,0,0,0,0,0,0,3,3,0
186201,1527,603,924,5,2,3,121,46,75,74,28,46,248,83,165,1,0,1,984,397,587,3,1,2,59,25,34,32,21,11
186274,101,14,87,1,0,1,1,0,1,16,2,14,58,11,47,0,0,0,22,1,21,3,0,3,0,0,0,0,0,0
186283,1385,539,846,2,1,1,57,24,33,141,52,89,181,57,124,1,1,0,849,335,514,38,14,24,54,19,35,62,36,26
186371,1975,756,1219,4,2,2,194,77,117,282,85,197,284,96,188,4,3,1,1029,416,613,76,31,45,25,9,16,77,37,40
186380,13327,5843,7484,10,2,8,3185,1508,1677,1048,322,726,1706,625,1081,24,16,8,5182,2287,2895,372,146,226,255,102,153,1545,835,710
186399,3909,1749,2160,4,1,3,604,279,325,554,183,371,809,297,512,5,2,3,1013,562,451,87,39,48,111,55,56,722,331,391
186405,16,1,15,0,0,0,0,0,0,1,0,1,1,0,1,0,0,0,13,1,12,0,0,0,1,0,1,0,0,0
186423,33,4,29,0,0,0,4,1,3,9,2,7,4,0,4,0,0,0,16,1,15,0,0,0,0,0,0,0,0,0
186432,862,288,574,2,0,2,67,23,44,162,51,111,347,108,239,6,1,5,143,62,81,15,5,10,60,15,45,60,23,37
186469,208,67,141,1,0,1,5,2,3,29,4,25,18,4,14,1,0,1,123,43,80,5,1,4,26,13,13,0,0,0
186584,2751,1145,1606,1,1,0,329,139,190,211,81,130,356,141,215,2,2,0,1333,574,759,100,39,61,307,130,177,112,38,74
186593,85,11,74,1,0,1,4,2,2,9,1,8,24,8,16,1,0,1,44,0,44,1,0,1,1,0,1,0,0,0
186618,361,68,293,0,0,0,16,2,14,53,11,42,78,11,67,2,1,1,157,33,124,5,0,5,47,10,37,3,0,3
186645,1161,545,616,2,2,0,102,46,56,89,41,48,228,103,125,4,2,2,597,291,306,26,11,15,81,41,40,32,8,24
186867,2559,1815,744,6,5,1,249,162,87,49,33,16,109,77,32,0,0,0,896,646,250,0,0,0,116,75,41,1134,817,317
186876,2600,928,1672,8,4,4,177,80,97,188,64,124,336,124,212,5,1,4,1770,615,1155,70,22,48,29,10,19,17,8,9
186900,2,2,0,0,0,0,0,0,0,0,0,0,0,0,0,0,0,0,2,2,0,0,0,0,0,0,0,0,0,0
187000,133,132,1,0,0,0,0,0,0,4,4,0,10,9,1,0,0,0,0,0,0,2,2,0,117,117,0,0,0,0
187046,2411,1367,1044,6,3,3,120,64,56,256,123,133,265,143,122,10,6,4,1228,749,479,76,45,31,414,220,194,36,14,22
187134,2200,790,1410,3,2,1,225,82,143,120,47,73,245,88,157,2,1,1,1389,502,887,12,2,10,198,62,136,6,4,2
187198,1757,621,1136,4,1,3,90,39,51,455,154,301,663,223,440,10,3,7,366,135,231,44,18,26,101,37,64,24,11,13
187444,2216,893,1323,3,1,2,175,88,87,299,118,181,654,249,405,0,0,0,980,396,584,52,19,33,31,12,19,22,10,12
187505,404,70,334,3,1,2,4,1,3,67,5,62,167,44,123,0,0,0,83,10,73,5,0,5,75,9,66,0,0,0
187532,6659,2250,4409,398,102,296,189,61,128,153,71,82,3380,1098,2282,10,2,8,2018,753,1265,172,66,106,330,94,236,9,3,6
187596,110,46,64,107,45,62,0,0,0,2,1,1,0,0,0,0,0,0,0,0,0,0,0,0,0,0,0,1,0,1
187620,1092,457,635,9,5,4,12,3,9,8,5,3,772,314,458,1,0,1,224,102,122,15,8,7,14,7,7,37,13,24
187639,625,145,480,1,0,1,8,1,7,18,6,12,315,75,240,2,0,2,236,53,183,21,7,14,24,3,21,0,0,0
187648,1243,416,827,21,4,17,16,3,13,39,23,16,479,139,340,5,2,3,580,195,385,36,12,24,31,17,14,36,21,15
187666,316,132,184,6,1,5,6,3,3,13,6,7,150,49,101,0,0,0,122,65,57,7,1,6,12,7,5,0,0,0
187745,87,30,57,50,15,35,0,0,0,1,1,0,11,2,9,0,0,0,10,3,7,11,5,6,4,4,0,0,0,0
187897,752,198,554,69,9,60,8,3,5,23,12,11,414,99,315,0,0,0,178,55,123,16,5,11,17,6,11,27,9,18
187903,280,90,190,5,4,1,2,0,2,27,10,17,130,38,92,0,0,0,103,35,68,0,0,0,13,3,10,0,0,0
187912,109,81,28,5,2,3,4,4,0,5,5,0,46,34,12,3,1,2,35,27,8,3,2,1,0,0,0,8,6,2
187958,245,73,172,162,47,115,13,6,7,0,0,0,40,12,28,1,1,0,15,2,13,13,5,8,0,0,0,1,0,1
187967,335,225,110,6,1,5,20,12,8,5,4,1,112,77,35,1,0,1,149,103,46,10,3,7,1,0,1,31,25,6
187976,51,16,35,5,1,4,1,0,1,1,1,0,29,8,21,0,0,0,13,5,8,0,0,0,1,1,0,1,0,1
187985,5427,2199,3228,246,85,161,230,97,133,127,58,69,2363,859,1504,13,8,5,1925,809,1116,162,76,86,77,37,40,284,170,114
187994,115,39,76,3,2,1,1,0,1,4,0,4,45,14,31,0,0,0,56,21,35,4,1,3,1,0,1,1,1,0
188003,145,28,117,2,1,1,0,0,0,1,0,1,84,14,70,0,0,0,54,12,42,2,1,1,0,0,0,2,0,2
188021,65,13,52,22,7,15,1,0,1,0,0,0,25,4,21,0,0,0,14,2,12,1,0,1,2,0,2,0,0,0
188030,3040,1255,1785,65,24,41,47,19,28,84,49,35,1616,587,1029,3,2,1,908,389,519,59,33,26,26,8,18,232,144,88
188049,102,17,85,1,0,1,0,0,0,1,0,1,76,14,62,0,0,0,22,3,19,0,0,0,1,0,1,1,0,1
188058,212,48,164,22,6,16,2,0,2,7,3,4,157,31,126,0,0,0,21,6,15,0,0,0,1,0,1,2,2,0
188100,1175,491,684,264,125,139,10,4,6,13,5,8,235,105,130,2,0,2,465,183,282,18,3,15,159,61,98,9,5,4
188137,535,165,370,25,11,14,9,3,6,8,5,3,280,71,209,1,0,1,156,58,98,8,3,5,15,7,8,33,7,26
188182,306,104,202,5,1,4,18,5,13,41,23,18,88,29,59,0,0,0,124,35,89,0,0,0,30,11,19,0,0,0
188207,57,8,49,0,0,0,0,0,0,0,0,0,5,2,3,0,0,0,41,3,38,3,1,2,6,2,4,2,0,2
188216,57,23,34,57,23,34,0,0,0,0,0,0,0,0,0,0,0,0,0,0,0,0,0,0,0,0,0,0,0,0
188225,130,42,88,6,1,5,1,1,0,0,0,0,64,18,46,0,0,0,54,20,34,3,1,2,1,0,1,1,1,0
188261,330,292,38,2,2,0,9,9,0,29,27,2,109,92,17,0,0,0,147,135,12,0,0,0,34,27,7,0,0,0
188289,43,2,41,2,0,2,1,0,1,0,0,0,31,1,30,0,0,0,5,0,5,0,0,0,3,1,2,1,0,1
188304,639,212,427,25,9,16,12,3,9,37,13,24,268,86,182,3,3,0,243,72,171,10,4,6,21,11,10,20,11,9
188340,314,273,41,1,1,0,34,29,5,41,31,10,87,71,16,1,1,0,37,34,3,1,1,0,55,51,4,57,54,3
188429,2511,716,1795,5,0,5,228,67,161,286,75,211,349,96,253,3,0,3,1237,328,909,47,12,35,149,30,119,207,108,99
188438,537,206,331,2,1,1,6,4,2,11,6,5,21,6,15,0,0,0,484,184,300,11,3,8,1,1,0,1,1,0
188517,100,32,68,5,0,5,5,2,3,23,10,13,11,6,5,1,0,1,48,13,35,5,1,4,2,0,2,0,0,0
188526,248,102,146,0,0,0,40,19,21,14,2,12,12,7,5,0,0,0,148,54,94,5,1,4,14,10,4,15,9,6
188535,195,89,106,0,0,0,12,5,7,11,3,8,14,8,6,0,0,0,137,64,73,4,2,2,15,6,9,2,1,1
188580,213,93,120,0,0,0,44,21,23,14,5,9,14,8,6,0,0,0,128,53,75,7,2,5,4,3,1,2,1,1
188641,522,212,310,2,1,1,12,2,10,60,23,37,38,11,27,0,0,0,294,119,175,9,5,4,62,18,44,45,33,12
188650,343,14,329,3,0,3,4,0,4,225,11,214,86,1,85,0,0,0,2,0,2,13,0,13,10,2,8,0,0,0
188669,5,1,4,0,0,0,0,0,0,1,0,1,0,0,0,0,0,0,0,0,0,1,0,1,1,0,1,2,1,1
188678,100,33,67,0,0,0,2,1,1,7,0,7,8,3,5,0,0,0,36,14,22,7,1,6,4,1,3,36,13,23
188687,83,35,48,2,1,1,0,0,0,17,9,8,10,1,9,1,0,1,46,22,24,0,0,0,7,2,5,0,0,0
188696,16,2,14,0,0,0,1,0,1,0,0,0,0,0,0,0,0,0,7,1,6,0,0,0,0,0,0,8,1,7
188854,476,116,360,1,0,1,15,6,9,84,26,58,103,23,80,2,1,1,161,35,126,47,7,40,12,6,6,51,12,39
188890,949,922,27,13,12,1,50,49,1,241,229,12,228,222,6,0,0,0,77,77,0,0,0,0,340,333,7,0,0,0
188915,16,1,15,0,0,0,0,0,0,0,0,0,0,0,0,0,0,0,16,1,15,0,0,0,0,0,0,0,0,0
188942,130,0,130,0,0,0,0,0,0,0,0,0,0,0,0,0,0,0,126,0,126,0,0,0,0,0,0,4,0,4
189015,464,75,389,0,0,0,19,2,17,103,20,83,75,15,60,0,0,0,181,26,155,10,2,8,76,10,66,0,0,0
189088,661,294,367,1,1,0,31,14,17,103,54,49,84,39,45,0,0,0,302,129,173,37,13,24,40,18,22,63,26,37
189097,592,0,592,1,0,1,86,0,86,27,0,27,63,0,63,1,0,1,311,0,311,38,0,38,2,0,2,63,0,63
189219,133,117,16,0,0,0,7,6,1,42,37,5,44,40,4,0,0,0,35,31,4,1,1,0,4,2,2,0,0,0
189228,848,263,585,2,0,2,22,8,14,180,48,132,174,56,118,0,0,0,49,11,38,2,1,1,329,108,221,90,31,59
189255,81,0,81,0,0,0,4,0,4,9,0,9,12,0,12,0,0,0,56,0,56,0,0,0,0,0,0,0,0,0
189273,32,32,0,0,0,0,0,0,0,0,0,0,0,0,0,0,0,0,32,32,0,0,0,0,0,0,0,0,0,0
189282,167,18,149,0,0,0,20,2,18,32,2,30,20,2,18,0,0,0,58,6,52,4,0,4,33,6,27,0,0,0
189404,116,0,116,1,0,1,1,0,1,49,0,49,32,0,32,0,0,0,24,0,24,7,0,7,1,0,1,1,0,1
189413,193,29,164,0,0,0,0,0,0,44,8,36,140,20,120,0,0,0,9,1,8,0,0,0,0,0,0,0,0,0
189468,136,1,135,0,0,0,6,0,6,25,0,25,48,0,48,0,0,0,53,1,52,4,0,4,0,0,0,0,0,0
189477,56,1,55,0,0,0,0,0,0,18,0,18,31,1,30,0,0,0,3,0,3,1,0,1,3,0,3,0,0,0
189501,369,154,215,0,0,0,26,5,21,13,2,11,35,17,18,0,0,0,226,98,128,10,5,5,21,14,7,38,13,25
189547,935,339,596,1,0,1,46,15,31,63,29,34,80,32,48,0,0,0,713,252,461,24,5,19,8,6,2,0,0,0
189565,169,38,131,0,0,0,6,2,4,41,11,30,12,3,9,0,0,0,105,21,84,5,1,4,0,0,0,0,0,0
189583,239,57,182,2,1,1,4,1,3,69,14,55,26,4,22,1,0,1,130,35,95,5,2,3,1,0,1,1,0,1
189592,86,16,70,1,0,1,0,0,0,16,3,13,5,1,4,0,0,0,60,12,48,2,0,2,2,0,2,0,0,0
189705,910,430,480,2,0,2,21,11,10,65,33,32,46,18,28,1,0,1,668,324,344,30,10,20,46,17,29,31,17,14
189714,260,8,252,0,0,0,0,0,0,45,3,42,63,2,61,0,0,0,143,2,141,4,0,4,3,0,3,2,1,1
189811,257,81,176,2,0,2,42,8,34,82,23,59,49,13,36,3,1,2,42,9,33,6,3,3,31,24,7,0,0,0
189839,345,126,219,2,0,2,1,0,1,10,3,7,9,2,7,0,0,0,291,103,188,3,0,3,24,13,11,5,5,0
189848,187,49,138,1,0,1,2,0,2,15,8,7,13,3,10,0,0,0,140,36,104,4,1,3,12,1,11,0,0,0
189857,185,185,0,0,0,0,0,0,0,0,0,0,0,0,0,0,0,0,153,153,0,0,0,0,0,0,0,32,32,0
189990,803,13,790,4,0,4,33,1,32,234,4,230,298,4,294,1,0,1,136,1,135,68,2,66,8,0,8,21,1,20
190008,10,3,7,0,0,0,1,0,1,2,1,1,2,0,2,0,0,0,4,2,2,0,0,0,0,0,0,1,0,1
190044,1117,680,437,4,1,3,59,26,33,27,11,16,39,18,21,1,0,1,812,515,297,35,19,16,42,27,15,98,63,35
190053,130,55,75,0,0,0,2,0,2,3,2,1,3,1,2,0,0,0,102,41,61,0,0,0,20,11,9,0,0,0
190071,42,5,37,0,0,0,3,1,2,15,2,13,14,1,13,1,0,1,9,1,8,0,0,0,0,0,0,0,0,0
190080,11,6,5,0,0,0,0,0,0,5,4,1,0,0,0,0,0,0,4,2,2,0,0,0,2,0,2,0,0,0
190099,699,296,403,2,0,2,31,17,14,28,14,14,64,24,40,0,0,0,444,189,255,25,9,16,34,13,21,71,30,41
190114,420,109,311,1,0,1,12,3,9,235,50,185,94,15,79,0,0,0,39,24,15,11,4,7,7,2,5,21,11,10
190150,12850,5806,7044,21,8,13,1466,599,867,563,195,368,883,371,512,12,5,7,3572,1627,1945,273,92,181,663,309,354,5397,2600,2797
190169,212,64,148,0,0,0,6,1,5,14,7,7,16,7,9,0,0,0,165,46,119,8,1,7,3,2,1,0,0,0
190239,81,5,76,0,0,0,5,0,5,37,2,35,23,0,23,0,0,0,8,1,7,4,0,4,4,2,2,0,0,0
190318,274,19,255,0,0,0,11,0,11,80,2,78,46,3,43,0,0,0,134,14,120,3,0,3,0,0,0,0,0,0
190372,213,141,72,0,0,0,48,33,15,4,1,3,20,14,6,0,0,0,73,49,24,14,10,4,16,12,4,38,22,16
190415,7514,3755,3759,20,10,10,1257,549,708,371,166,205,709,385,324,8,5,3,2459,1271,1188,239,108,131,470,205,265,1981,1056,925
190424,352,140,212,2,1,1,73,21,52,16,5,11,28,13,15,1,1,0,112,45,67,6,2,4,37,21,16,77,31,46
190442,512,176,336,3,1,2,3,1,2,19,4,15,15,2,13,0,0,0,380,130,250,10,2,8,81,35,46,1,1,0
190451,104,13,91,0,0,0,3,2,1,9,1,8,3,0,3,0,0,0,60,7,53,5,0,5,24,3,21,0,0,0
190503,1076,537,539,1,1,0,86,48,38,53,24,29,174,79,95,7,4,3,493,249,244,37,16,21,49,22,27,176,94,82
190512,5516,2639,2877,6,5,1,1718,807,911,466,217,249,1153,529,624,8,4,4,1279,724,555,87,40,47,0,0,0,799,313,486
190521,4487,1567,2920,16,6,10,590,236,354,1077,359,718,1869,642,1227,7,1,6,453,169,284,96,27,69,0,0,0,379,127,252
190530,1568,562,1006,5,3,2,73,38,35,437,156,281,947,324,623,0,0,0,42,18,24,20,8,12,0,0,0,44,15,29
190549,4294,1539,2755,12,6,6,806,344,462,928,257,671,963,310,653,5,1,4,1330,533,797,104,30,74,0,0,0,146,58,88
190558,2726,1038,1688,3,1,2,314,148,166,297,124,173,707,232,475,4,2,2,1278,479,799,52,22,30,0,0,0,71,30,41
190567,3695,1501,2194,5,1,4,761,372,389,589,187,402,1297,459,838,11,4,7,679,325,354,70,26,44,0,0,0,283,127,156
190576,2797,968,1829,3,0,3,285,107,178,473,111,362,549,150,399,5,3,2,1033,396,637,63,24,39,0,0,0,386,177,209
190585,1033,297,736,0,0,0,33,7,26,266,77,189,648,180,468,2,1,1,22,6,16,14,6,8,0,0,0,48,20,28
190594,5880,1577,4303,9,1,8,1215,385,830,739,178,561,1705,419,1286,11,4,7,1808,480,1328,123,32,91,0,0,0,270,78,192
190600,4080,1709,2371,21,4,17,446,236,210,731,253,478,1828,666,1162,11,7,4,795,440,355,95,43,52,0,0,0,153,60,93
190619,2164,844,1320,6,2,4,320,159,161,608,208,400,438,158,280,1,1,0,624,239,385,63,28,35,0,0,0,104,49,55
190628,3114,1220,1894,15,7,8,685,286,399,440,164,276,1260,478,782,13,7,6,333,137,196,64,25,39,0,0,0,304,116,188
190637,3850,1114,2736,8,1,7,280,92,188,1046,286,760,2032,565,1467,6,1,5,349,132,217,35,12,23,0,0,0,94,25,69
190646,1213,276,937,3,3,0,40,10,30,939,216,723,164,36,128,1,1,0,22,1,21,17,4,13,0,0,0,27,5,22
190655,3003,1555,1448,9,5,4,718,412,306,777,378,399,938,467,471,8,4,4,359,185,174,45,21,24,0,0,0,149,83,66
190664,4754,1783,2971,20,3,17,1264,528,736,375,115,260,1281,446,835,18,4,14,1459,551,908,102,43,59,0,0,0,235,93,142
190673,2376,972,1404,24,12,12,607,283,324,492,172,320,724,279,445,15,6,9,287,137,150,69,25,44,0,0,0,158,58,100
190682,188,78,110,0,0,0,18,5,13,20,6,14,50,21,29,1,0,1,92,43,49,4,3,1,0,0,0,3,0,3
190691,1393,408,985,21,3,18,338,109,229,494,142,352,339,84,255,13,4,9,100,34,66,28,11,17,0,0,0,60,21,39
190707,10,1,9,0,0,0,0,0,0,1,0,1,1,0,1,0,0,0,8,1,7,0,0,0,0,0,0,0,0,0
190716,754,212,542,2,0,2,40,14,26,57,14,43,35,11,24,0,0,0,521,139,382,17,6,11,33,11,22,49,17,32
190725,906,215,691,0,0,0,13,2,11,51,16,35,29,10,19,1,0,1,775,174,601,6,2,4,20,6,14,11,5,6
190752,5,5,0,0,0,0,0,0,0,0,0,0,0,0,0,0,0,0,5,5,0,0,0,0,0,0,0,0,0,0
190761,552,150,402,0,0,0,58,22,36,78,18,60,130,24,106,1,0,1,208,57,151,10,5,5,45,10,35,22,14,8
190840,977,376,601,1,0,1,22,10,12,97,32,65,223,79,144,1,0,1,569,231,338,43,17,26,14,5,9,7,2,5
190956,49,3,46,0,0,0,5,1,4,2,0,2,6,1,5,0,0,0,36,1,35,0,0,0,0,0,0,0,0,0
190983,225,65,160,0,0,0,5,1,4,9,3,6,10,2,8,1,0,1,173,46,127,9,4,5,13,5,8,5,4,1
191083,1661,820,841,6,3,3,80,37,43,219,104,115,84,36,48,0,0,0,1129,566,563,55,24,31,72,42,30,16,8,8
191126,3689,550,3139,2,0,2,449,78,371,298,53,245,756,131,625,3,1,2,1501,203,1298,151,18,133,65,9,56,464,57,407
191199,604,234,370,1,0,1,6,4,2,21,6,15,33,14,19,1,1,0,489,190,299,14,3,11,39,16,23,0,0,0
191205,136,94,42,0,0,0,6,3,3,30,22,8,24,17,7,0,0,0,67,46,21,8,6,2,0,0,0,1,0,1
191241,5303,1974,3329,6,2,4,387,151,236,463,107,356,779,251,528,8,1,7,2536,968,1568,148,49,99,115,48,67,861,397,464
191302,300,121,179,1,1,0,3,1,2,8,3,5,39,17,22,1,0,1,211,79,132,8,0,8,17,11,6,12,9,3
191311,43,17,26,0,0,0,14,6,8,0,0,0,8,4,4,0,0,0,15,6,9,1,0,1,2,1,1,3,0,3
191320,20,8,12,0,0,0,0,0,0,5,2,3,0,0,0,0,0,0,12,4,8,0,0,0,0,0,0,3,2,1
191339,617,180,437,3,1,2,6,0,6,41,12,29,31,7,24,0,0,0,460,128,332,23,7,16,17,8,9,36,17,19
191515,473,204,269,0,0,0,33,8,25,25,8,17,49,16,33,0,0,0,286,132,154,24,13,11,27,12,15,29,15,14
191533,185,71,114,4,1,3,7,5,2,20,13,7,10,3,7,0,0,0,123,43,80,0,0,0,15,4,11,6,2,4
191597,396,31,365,3,1,2,30,8,22,258,17,241,51,1,50,0,0,0,53,4,49,1,0,1,0,0,0,0,0,0
191612,364,140,224,0,0,0,9,2,7,29,9,20,17,2,15,0,0,0,278,110,168,8,3,5,11,7,4,12,7,5
191621,159,68,91,2,1,1,1,1,0,8,1,7,7,1,6,1,0,1,118,58,60,8,2,6,13,4,9,1,0,1
191630,517,234,283,3,2,1,12,4,8,26,14,12,16,7,9,0,0,0,406,181,225,6,4,2,24,10,14,24,12,12
191649,3178,1305,1873,14,6,8,327,148,179,279,98,181,341,123,218,9,2,7,1728,710,1018,67,25,42,156,58,98,257,135,122
191676,231,99,132,1,1,0,12,3,9,13,5,8,1,1,0,0,0,0,170,72,98,11,7,4,12,6,6,11,4,7
191719,1689,834,855,13,4,9,113,58,55,138,61,77,114,55,59,2,2,0,1233,618,615,54,23,31,5,2,3,17,11,6
191728,917,175,742,5,1,4,26,8,18,148,26,122,239,30,209,2,0,2,427,102,325,41,7,34,29,1,28,0,0,0
191931,1002,451,551,0,0,0,29,15,14,103,48,55,226,88,138,2,1,1,539,244,295,17,7,10,60,31,29,26,17,9
191940,242,20,222,0,0,0,1,0,1,139,11,128,27,6,21,0,0,0,67,3,64,8,0,8,0,0,0,0,0,0
191959,38,34,4,0,0,0,0,0,0,4,3,1,8,8,0,0,0,0,19,17,2,2,2,0,5,4,1,0,0,0
191968,1566,566,1000,1,0,1,74,22,52,78,31,47,139,59,80,1,0,1,1147,412,735,42,18,24,58,17,41,26,7,19
191986,588,220,368,8,2,6,4,2,2,16,8,8,24,12,12,0,0,0,501,181,320,12,3,9,11,6,5,12,6,6
192004,111,26,85,10,2,8,0,0,0,5,0,5,22,6,16,1,0,1,69,18,51,4,0,4,0,0,0,0,0,0
192022,448,145,303,3,1,2,9,5,4,31,13,18,44,12,32,3,1,2,326,102,224,22,8,14,7,1,6,3,2,1
192040,72,26,46,0,0,0,0,0,0,0,0,0,2,0,2,0,0,0,44,14,30,0,0,0,23,11,12,3,1,2
192110,251,135,116,0,0,0,30,13,17,16,10,6,20,13,7,2,1,1,90,54,36,12,9,3,6,4,2,75,31,44
192165,18,18,0,0,0,0,0,0,0,0,0,0,0,0,0,0,0,0,18,18,0,0,0,0,0,0,0,0,0,0
192192,546,119,427,4,1,3,5,1,4,31,12,19,25,7,18,2,1,1,443,87,356,7,1,6,25,8,17,4,1,3
192271,580,48,532,4,0,4,41,4,37,110,10,100,60,5,55,3,0,3,208,12,196,3,0,3,54,5,49,97,12,85
192323,881,331,550,2,1,1,32,11,21,41,14,27,38,19,19,0,0,0,684,256,428,21,7,14,52,16,36,11,7,4
192448,3542,908,2634,10,3,7,352,94,258,491,108,383,466,100,366,3,1,2,1390,361,1029,77,17,60,561,149,412,192,75,117
192484,53,1,52,0,0,0,2,1,1,31,0,31,10,0,10,0,0,0,4,0,4,3,0,3,3,0,3,0,0,0
192509,256,54,202,0,0,0,145,38,107,38,6,32,50,6,44,0,0,0,11,4,7,1,0,1,1,0,1,10,0,10
192624,40,40,0,0,0,0,0,0,0,0,0,0,0,0,0,0,0,0,40,40,0,0,0,0,0,0,0,0,0,0
192688,182,28,154,0,0,0,13,5,8,89,16,73,63,6,57,0,0,0,12,1,11,2,0,2,3,0,3,0,0,0
192703,1017,532,485,0,0,0,53,39,14,51,22,29,228,99,129,0,0,0,517,271,246,26,13,13,98,60,38,44,28,16
192712,271,111,160,0,0,0,17,5,12,10,8,2,11,7,4,0,0,0,63,31,32,7,1,6,11,6,5,152,53,99
192749,621,205,416,0,0,0,11,5,6,48,17,31,112,30,82,2,0,2,337,104,233,12,4,8,76,29,47,23,16,7
192785,241,27,214,0,0,0,17,6,11,21,2,19,16,5,11,1,0,1,162,12,150,2,0,2,22,2,20,0,0,0
192800,6,0,6,0,0,0,0,0,0,1,0,1,0,0,0,0,0,0,5,0,5,0,0,0,0,0,0,0,0,0
192819,1695,667,1028,2,1,1,55,19,36,89,37,52,183,65,118,0,0,0,1265,490,775,44,21,23,19,9,10,38,25,13
192864,388,69,319,0,0,0,10,1,9,44,7,37,68,14,54,1,1,0,222,41,181,14,1,13,18,2,16,11,2,9
192925,579,128,451,8,0,8,12,4,8,80,12,68,18,4,14,2,0,2,425,103,322,0,0,0,34,5,29,0,0,0
192961,62,9,53,0,0,0,8,1,7,14,1,13,4,1,3,0,0,0,36,6,30,0,0,0,0,0,0,0,0,0
192970,9,1,8,0,0,0,2,0,2,1,1,0,0,0,0,0,0,0,6,0,6,0,0,0,0,0,0,0,0,0
193016,2701,682,2019,10,3,7,143,43,100,717,159,558,850,198,652,6,0,6,683,192,491,51,9,42,201,59,142,40,19,21
193052,111,111,0,0,0,0,0,0,0,0,0,0,0,0,0,0,0,0,111,111,0,0,0,0,0,0,0,0,0,0
193061,16,16,0,0,0,0,0,0,0,0,0,0,0,0,0,0,0,0,16,16,0,0,0,0,0,0,0,0,0,0
193070,9,9,0,0,0,0,0,0,0,0,0,0,0,0,0,0,0,0,9,9,0,0,0,0,0,0,0,0,0,0
193122,14,2,12,0,0,0,0,0,0,6,0,6,4,2,2,0,0,0,2,0,2,0,0,0,2,0,2,0,0,0
193186,20,0,20,0,0,0,0,0,0,5,0,5,14,0,14,0,0,0,1,0,1,0,0,0,0,0,0,0,0,0
193201,143,25,118,0,0,0,1,1,0,7,1,6,1,0,1,0,0,0,16,1,15,0,0,0,118,22,96,0,0,0
193247,34,34,0,0,0,0,0,0,0,0,0,0,0,0,0,0,0,0,34,34,0,0,0,0,0,0,0,0,0,0
193265,85,76,9,1,1,0,0,0,0,3,2,1,1,1,0,0,0,0,80,72,8,0,0,0,0,0,0,0,0,0
193283,925,415,510,3,0,3,53,24,29,51,22,29,71,32,39,0,0,0,711,321,390,28,11,17,1,0,1,7,5,2
193292,1232,289,943,4,1,3,96,26,70,153,31,122,168,40,128,5,1,4,758,181,577,26,3,23,13,3,10,9,3,6
193308,2458,736,1722,10,2,8,59,26,33,982,299,683,920,251,669,8,1,7,85,30,55,0,0,0,27,7,20,367,120,247
193326,1753,767,986,11,5,6,91,50,41,250,79,171,155,61,94,2,0,2,1167,545,622,57,18,39,4,1,3,16,8,8
193353,537,146,391,1,0,1,16,3,13,27,5,22,78,23,55,2,1,1,315,92,223,4,0,4,92,22,70,2,0,2
193380,50,7,43,0,0,0,5,2,3,19,2,17,13,2,11,0,0,0,5,1,4,0,0,0,8,0,8,0,0,0
193399,614,138,476,0,0,0,42,10,32,103,21,82,211,48,163,2,1,1,167,41,126,28,8,20,56,7,49,5,2,3
193405,322,133,189,4,1,3,67,31,36,32,12,20,24,10,14,0,0,0,136,60,76,9,4,5,22,2,20,28,13,15
193478,2576,1093,1483,8,5,3,178,84,94,495,166,329,738,289,449,6,2,4,973,475,498,50,17,33,107,48,59,21,7,14
193584,865,182,683,0,0,0,36,8,28,46,10,36,36,8,28,0,0,0,666,134,532,20,2,18,35,8,27,26,12,14
193609,18,9,9,0,0,0,0,0,0,2,1,1,2,1,1,1,1,0,7,3,4,0,0,0,0,0,0,6,3,3
193654,2590,643,1947,3,2,1,212,36,176,151,46,105,283,60,223,3,2,1,855,249,606,83,21,62,89,27,62,911,200,711
193672,26,23,3,0,0,0,1,1,0,11,9,2,0,0,0,0,0,0,14,13,1,0,0,0,0,0,0,0,0,0
193751,240,112,128,0,0,0,19,11,8,13,6,7,9,4,5,0,0,0,134,61,73,15,9,6,4,2,2,46,19,27
193821,314,136,178,0,0,0,20,8,12,14,3,11,47,18,29,0,0,0,191,89,102,11,3,8,21,10,11,10,5,5
193830,485,180,305,1,0,1,88,39,49,42,11,31,39,15,24,2,0,2,181,74,107,13,5,8,52,7,45,67,29,38
193858,218,16,202,0,0,0,14,0,14,39,3,36,118,5,113,3,2,1,38,5,33,1,1,0,5,0,5,0,0,0
193894,59,26,33,0,0,0,2,0,2,34,13,21,20,12,8,0,0,0,2,0,2,0,0,0,0,0,0,1,1,0
193900,16935,7215,9720,21,3,18,2290,996,1294,993,318,675,1669,581,1088,10,5,5,4981,2059,2922,517,152,365,858,450,408,5596,2651,2945
193946,779,302,477,9,3,6,15,6,9,71,23,48,30,10,20,0,0,0,601,238,363,30,12,18,17,6,11,6,4,2
193973,1141,386,755,7,4,3,24,6,18,43,16,27,51,20,31,0,0,0,705,258,447,22,8,14,29,8,21,260,66,194
193991,30,1,29,0,0,0,0,0,0,1,0,1,8,0,8,0,0,0,8,1,7,0,0,0,13,0,13,0,0,0
194028,249,75,174,6,1,5,3,2,1,14,13,1,13,8,5,4,2,2,201,47,154,3,0,3,3,2,1,2,0,2
194073,72,43,29,0,0,0,32,16,16,2,0,2,2,2,0,0,0,0,30,20,10,3,2,1,2,2,0,1,1,0
194091,2016,1037,979,2,1,1,448,221,227,130,60,70,204,102,102,6,3,3,548,279,269,67,38,29,160,69,91,451,264,187
194116,172,19,153,1,0,1,13,1,12,4,0,4,24,2,22,0,0,0,82,5,77,4,1,3,7,0,7,37,10,27
194161,462,176,286,4,1,3,52,27,25,162,47,115,106,37,69,2,1,1,80,42,38,6,2,4,15,5,10,35,14,21
194189,11,11,0,0,0,0,0,0,0,0,0,0,0,0,0,0,0,0,11,11,0,0,0,0,0,0,0,0,0,0
194222,1040,472,568,6,5,1,53,28,25,114,50,64,64,31,33,0,0,0,719,318,401,47,22,25,32,15,17,5,3,2
194240,804,288,516,2,1,1,16,6,10,105,34,71,233,80,153,1,0,1,415,156,259,22,4,18,9,6,3,1,1,0
194259,21,1,20,0,0,0,0,0,0,0,0,0,3,0,3,0,0,0,18,1,17,0,0,0,0,0,0,0,0,0
194310,3839,1395,2444,6,4,2,307,96,211,403,123,280,431,136,295,1,0,1,1834,669,1165,122,38,84,184,61,123,551,268,283
194392,178,117,61,3,1,2,3,2,1,4,2,2,4,2,2,0,0,0,153,101,52,0,0,0,11,9,2,0,0,0
194435,108,0,108,0,0,0,3,0,3,19,0,19,6,0,6,0,0,0,73,0,73,5,0,5,2,0,2,0,0,0
194499,323,57,266,0,0,0,33,4,29,112,18,94,115,23,92,0,0,0,44,9,35,19,3,16,0,0,0,0,0,0
194569,12,7,5,0,0,0,0,0,0,1,1,0,0,0,0,0,0,0,10,5,5,0,0,0,0,0,0,1,1,0
194578,1431,396,1035,0,0,0,122,34,88,55,19,36,137,43,94,0,0,0,477,140,337,40,8,32,13,4,9,587,148,439
194657,47,47,0,0,0,0,0,0,0,0,0,0,0,0,0,0,0,0,43,43,0,0,0,0,0,0,0,4,4,0
194666,66,66,0,0,0,0,0,0,0,0,0,0,0,0,0,0,0,0,66,66,0,0,0,0,0,0,0,0,0,0
194693,12,12,0,0,0,0,0,0,0,0,0,0,0,0,0,0,0,0,12,12,0,0,0,0,0,0,0,0,0,0
194718,3,3,0,0,0,0,0,0,0,0,0,0,0,0,0,0,0,0,3,3,0,0,0,0,0,0,0,0,0,0
194736,2,2,0,0,0,0,0,0,0,0,0,0,0,0,0,0,0,0,2,2,0,0,0,0,0,0,0,0,0,0
194763,87,87,0,0,0,0,0,0,0,0,0,0,0,0,0,0,0,0,87,87,0,0,0,0,0,0,0,0,0,0
194824,2156,1464,692,3,3,0,283,180,103,71,49,22,172,129,43,1,0,1,1001,681,320,91,58,33,35,25,10,499,339,160
194958,606,149,457,1,0,1,11,5,6,68,12,56,25,9,16,1,0,1,463,109,354,19,5,14,2,0,2,16,9,7
195003,3580,2189,1391,4,3,1,269,158,111,127,64,63,240,152,88,1,0,1,2088,1284,804,115,68,47,48,34,14,688,426,262
195030,3483,1582,1901,1,0,1,264,119,145,163,64,99,185,83,102,3,3,0,1446,625,821,78,31,47,142,73,69,1201,584,617
195049,33,19,14,0,0,0,5,4,1,2,1,1,4,3,1,0,0,0,11,4,7,0,0,0,0,0,0,11,7,4
195058,863,356,507,1,1,0,59,24,35,151,52,99,77,31,46,5,1,4,412,182,230,22,7,15,115,50,65,21,8,13
195067,156,10,146,0,0,0,2,1,1,96,5,91,35,4,31,0,0,0,3,0,3,7,0,7,13,0,13,0,0,0
195128,717,127,590,4,1,3,33,8,25,61,16,45,60,15,45,2,0,2,434,69,365,28,4,24,89,14,75,6,0,6
195155,25,20,5,0,0,0,0,0,0,1,0,1,1,1,0,0,0,0,22,18,4,0,0,0,0,0,0,1,1,0
195164,597,274,323,1,1,0,20,4,16,22,10,12,37,20,17,0,0,0,462,205,257,12,7,5,25,12,13,18,15,3
195173,492,180,312,2,2,0,32,11,21,90,30,60,106,29,77,4,0,4,188,85,103,18,4,14,21,4,17,31,15,16
195191,167,18,149,2,0,2,6,1,5,7,2,5,3,0,3,0,0,0,135,15,120,4,0,4,10,0,10,0,0,0
195216,554,248,306,1,0,1,5,3,2,15,7,8,28,7,21,0,0,0,433,201,232,13,5,8,5,1,4,54,24,30
195234,1470,355,1115,1,0,1,54,11,43,218,44,174,98,24,74,4,0,4,814,200,614,148,31,117,93,26,67,40,19,21
195243,325,146,179,0,0,0,10,7,3,17,9,8,73,30,43,0,0,0,196,87,109,6,3,3,10,4,6,13,6,7
195289,71,15,56,0,0,0,2,1,1,11,4,7,3,1,2,0,0,0,54,9,45,0,0,0,1,0,1,0,0,0
195304,390,97,293,0,0,0,24,6,18,24,5,19,37,10,27,0,0,0,218,59,159,24,3,21,9,2,7,54,12,42
195322,482,207,275,4,2,2,50,24,26,63,20,43,42,15,27,4,1,3,306,141,165,7,4,3,2,0,2,4,0,4
195438,26,26,0,0,0,0,0,0,0,0,0,0,0,0,0,0,0,0,25,25,0,0,0,0,0,0,0,1,1,0
195474,807,335,472,2,2,0,31,8,23,25,10,15,55,21,34,0,0,0,653,279,374,20,9,11,5,1,4,16,5,11
195526,564,220,344,0,0,0,30,11,19,37,13,24,49,22,27,0,0,0,349,139,210,26,10,16,14,8,6,59,17,42
195544,1420,405,1015,3,0,3,46,17,29,138,36,102,238,69,169,4,1,3,824,229,595,29,5,24,137,48,89,1,0,1
195580,18,16,2,0,0,0,2,1,1,0,0,0,1,1,0,0,0,0,11,10,1,0,0,0,0,0,0,4,4,0
195702,67,5,62,0,0,0,5,0,5,1,0,1,0,0,0,0,0,0,57,5,52,2,0,2,0,0,0,2,0,2
195720,1057,369,688,1,0,1,55,23,32,55,14,41,32,12,20,0,0,0,866,300,566,15,4,11,29,13,16,4,3,1
195784,267,36,231,0,0,0,7,1,6,76,10,66,32,3,29,1,0,1,111,13,98,9,3,6,31,6,25,0,0,0
195809,4279,1695,2584,18,4,14,525,195,330,581,214,367,483,186,297,11,2,9,1984,836,1148,217,83,134,191,59,132,269,116,153
195988,208,79,129,0,0,0,3,2,1,34,14,20,58,22,36,0,0,0,90,29,61,8,3,5,13,8,5,2,1,1
196006,1122,745,377,1,1,0,15,8,7,119,75,44,86,54,32,1,1,0,873,589,284,22,13,9,0,0,0,5,4,1
196015,733,296,437,12,3,9,8,3,5,76,29,47,72,29,43,1,0,1,513,209,304,16,7,9,20,6,14,15,10,5
196024,939,417,522,3,1,2,24,3,21,131,44,87,130,63,67,1,1,0,585,273,312,20,9,11,41,20,21,4,3,1
196033,561,261,300,1,1,0,12,8,4,39,22,17,47,20,27,0,0,0,420,186,234,13,6,7,13,6,7,16,12,4
196042,2362,1317,1045,6,4,2,227,136,91,205,104,101,494,258,236,4,2,2,1319,758,561,60,33,27,5,3,2,42,19,23
196051,578,209,369,1,1,0,4,4,0,78,24,54,40,21,19,1,1,0,429,146,283,9,3,6,7,4,3,9,5,4
196060,4797,2098,2699,10,5,5,383,171,212,779,283,496,607,242,365,2,1,1,2370,1054,1316,142,54,88,118,66,52,386,222,164
196079,5148,2484,2664,2,1,1,633,277,356,249,96,153,488,230,258,1,1,0,2885,1364,1521,127,59,68,70,35,35,693,421,272
196088,8508,4406,4102,23,12,11,1021,535,486,523,214,309,420,204,216,2,2,0,3999,2067,1932,174,76,98,446,233,213,1900,1063,837
196097,7975,3679,4296,4,2,2,1479,710,769,507,160,347,923,373,550,5,2,3,2967,1234,1733,174,72,102,528,241,287,1388,885,503
196103,549,297,252,1,0,1,17,6,11,5,2,3,21,12,9,0,0,0,416,234,182,15,4,11,20,11,9,54,28,26
196112,874,462,412,0,0,0,62,26,36,40,23,17,53,32,21,5,3,2,610,310,300,23,13,10,3,1,2,78,54,24
196121,2210,840,1370,4,2,2,44,16,28,203,62,141,149,49,100,1,0,1,1627,643,984,57,20,37,110,40,70,15,8,7
196130,2156,765,1391,3,3,0,91,34,57,505,180,325,184,63,121,1,1,0,1135,406,729,56,22,34,148,35,113,33,21,12
196149,1908,784,1124,4,1,3,16,5,11,93,44,49,214,83,131,1,0,1,1468,602,866,43,12,31,53,29,24,16,8,8
196158,976,350,626,7,2,5,22,12,10,49,17,32,70,31,39,0,0,0,755,254,501,28,13,15,13,7,6,32,14,18
196167,1256,438,818,2,1,1,64,20,44,30,11,19,86,29,57,2,0,2,976,339,637,40,17,23,34,11,23,22,10,12
196176,2216,806,1410,3,2,1,107,48,59,90,32,58,393,135,258,2,2,0,1409,503,906,62,24,38,72,29,43,78,31,47
196185,1627,533,1094,9,3,6,30,5,25,68,25,43,204,69,135,0,0,0,1235,406,829,27,7,20,44,16,28,10,2,8
196194,1974,895,1079,3,1,2,49,20,29,176,78,98,191,82,109,0,0,0,1455,672,783,46,17,29,10,6,4,44,19,25
196200,731,257,474,25,4,21,13,8,5,70,31,39,88,25,63,0,0,0,487,175,312,11,2,9,28,9,19,9,3,6
196219,867,356,511,2,1,1,43,18,25,105,36,69,189,68,121,0,0,0,462,203,259,39,20,19,7,3,4,20,7,13
196228,93,29,64,0,0,0,42,15,27,4,1,3,5,1,4,0,0,0,34,8,26,1,0,1,0,0,0,7,4,3
196237,1226,471,755,4,3,1,111,49,62,291,84,207,302,111,191,5,3,2,447,198,249,31,7,24,25,11,14,10,5,5
196246,1321,490,831,4,1,3,32,12,20,102,37,65,136,57,79,4,0,4,898,326,572,20,6,14,48,13,35,77,38,39
196255,651,213,438,0,0,0,171,66,105,144,30,114,66,20,46,1,1,0,229,81,148,11,1,10,26,12,14,3,2,1
196264,2846,949,1897,8,2,6,77,31,46,379,112,267,313,118,195,5,3,2,1667,524,1143,59,18,41,319,131,188,19,10,9
196291,250,218,32,0,0,0,9,8,1,14,13,1,32,27,5,0,0,0,162,145,17,8,6,2,12,9,3,13,10,3
196307,501,179,322,1,0,1,44,25,19,36,10,26,34,12,22,0,0,0,337,115,222,15,9,6,22,3,19,12,5,7
196389,268,50,218,2,0,2,16,4,12,118,20,98,60,9,51,0,0,0,26,7,19,9,1,8,37,9,28,0,0,0
196413,6406,3117,3289,25,7,18,352,171,181,474,182,292,546,234,312,3,2,1,3326,1578,1748,170,78,92,161,92,69,1349,773,576
196431,51,51,0,0,0,0,0,0,0,0,0,0,0,0,0,0,0,0,45,45,0,0,0,0,0,0,0,6,6,0
196468,1844,386,1458,1,0,1,204,41,163,144,52,92,192,41,151,2,0,2,693,161,532,41,4,37,40,6,34,527,81,446
196565,508,175,333,0,0,0,16,4,12,33,12,21,48,11,37,0,0,0,349,116,233,19,10,9,7,3,4,36,19,17
196583,9,9,0,0,0,0,0,0,0,0,0,0,0,0,0,0,0,0,9,9,0,0,0,0,0,0,0,0,0,0
196592,3678,1046,2632,4,1,3,322,120,202,404,77,327,393,68,325,2,0,2,2156,646,1510,62,22,40,198,45,153,137,67,70
196653,459,61,398,8,1,7,8,4,4,83,6,77,26,4,22,2,0,2,292,40,252,12,2,10,28,4,24,0,0,0
196680,5840,2803,3037,25,12,13,169,95,74,933,400,533,649,401,248,27,15,12,3813,1748,2065,181,110,71,43,22,21,0,0,0
196699,372,161,211,2,2,0,8,3,5,16,6,10,70,29,41,0,0,0,257,115,142,10,4,6,8,2,6,1,0,1
196866,490,245,245,1,1,0,27,10,17,17,10,7,42,19,23,0,0,0,352,180,172,19,8,11,1,1,0,31,16,15
196884,93,44,49,1,1,0,5,2,3,14,5,9,7,4,3,0,0,0,45,20,25,4,2,2,2,1,1,15,9,6
197018,376,376,0,0,0,0,0,0,0,0,0,0,0,0,0,0,0,0,376,376,0,0,0,0,0,0,0,0,0,0
197027,215,178,37,2,1,1,16,11,5,5,4,1,14,11,3,0,0,0,172,146,26,0,0,0,3,3,0,3,2,1
197036,1020,774,246,11,7,4,79,57,22,127,91,36,106,74,32,0,0,0,629,495,134,38,27,11,15,9,6,15,14,1
197045,1614,603,1011,9,2,7,123,47,76,126,54,72,129,36,93,4,1,3,1047,391,656,0,0,0,168,66,102,8,6,2
197133,547,194,353,1,1,0,64,21,43,22,6,16,50,19,31,0,0,0,312,110,202,53,17,36,1,0,1,44,20,24
197142,101,31,70,2,0,2,1,0,1,13,6,7,9,5,4,0,0,0,73,17,56,3,3,0,0,0,0,0,0,0
197151,1044,305,739,0,0,0,119,34,85,41,15,26,94,37,57,0,0,0,233,82,151,0,0,0,20,7,13,537,130,407
197197,639,176,463,1,1,0,45,12,33,32,17,15,65,16,49,3,0,3,412,111,301,21,8,13,37,4,33,23,7,16
197221,22,17,5,0,0,0,1,0,1,0,0,0,0,0,0,0,0,0,21,17,4,0,0,0,0,0,0,0,0,0
197230,75,20,55,0,0,0,0,0,0,7,2,5,7,0,7,0,0,0,57,18,39,3,0,3,1,0,1,0,0,0
197285,260,67,193,1,0,1,8,3,5,103,25,78,107,25,82,1,0,1,32,11,21,0,0,0,8,3,5,0,0,0
197294,1767,764,1003,4,2,2,71,36,35,303,119,184,753,296,457,0,0,0,505,259,246,36,18,18,55,24,31,40,10,30
197337,32,1,31,0,0,0,2,0,2,11,0,11,6,0,6,0,0,0,11,1,10,0,0,0,0,0,0,2,0,2
197531,282,98,184,0,0,0,7,2,5,3,2,1,19,8,11,1,0,1,190,64,126,9,3,6,13,6,7,40,13,27
197601,21,21,0,0,0,0,0,0,0,0,0,0,0,0,0,0,0,0,21,21,0,0,0,0,0,0,0,0,0,0
197647,9,9,0,0,0,0,0,0,0,0,0,0,0,0,0,0,0,0,9,9,0,0,0,0,0,0,0,0,0,0
197674,32,32,0,0,0,0,0,0,0,0,0,0,0,0,0,0,0,0,31,31,0,0,0,0,0,0,0,1,1,0
197692,5,5,0,0,0,0,0,0,0,0,0,0,0,0,0,0,0,0,5,5,0,0,0,0,0,0,0,0,0,0
197708,1547,607,940,2,2,0,33,10,23,36,5,31,76,20,56,0,0,0,1017,450,567,11,5,6,211,44,167,161,71,90
197735,196,196,0,0,0,0,0,0,0,0,0,0,0,0,0,0,0,0,191,191,0,0,0,0,0,0,0,5,5,0
197744,67,67,0,0,0,0,0,0,0,0,0,0,0,0,0,0,0,0,59,59,0,0,0,0,2,2,0,6,6,0
197814,550,195,355,3,2,1,1,0,1,41,17,24,23,4,19,3,0,3,393,138,255,23,8,15,40,17,23,23,9,14
197850,468,160,308,2,0,2,13,6,7,80,17,63,58,15,43,0,0,0,277,108,169,8,2,6,27,9,18,3,3,0
197869,4971,2030,2941,11,4,7,70,20,50,159,63,96,319,135,184,0,0,0,4194,1724,2470,153,55,98,34,14,20,31,15,16
197887,1038,405,633,3,1,2,16,4,12,34,12,22,93,29,64,0,0,0,827,334,493,33,8,25,21,12,9,11,5,6
197911,244,76,168,5,2,3,3,1,2,55,17,38,14,6,8,1,0,1,138,36,102,6,3,3,5,2,3,17,9,8
197966,256,66,190,1,1,0,0,0,0,49,5,44,32,7,25,0,0,0,163,53,110,5,0,5,6,0,6,0,0,0
197984,315,149,166,2,1,1,4,3,1,30,14,16,9,6,3,0,0,0,194,89,105,0,0,0,72,32,40,4,4,0
197993,37,0,37,0,0,0,0,0,0,33,0,33,1,0,1,0,0,0,0,0,0,2,0,2,1,0,1,0,0,0
198011,320,128,192,48,12,36,1,0,1,60,11,49,35,21,14,0,0,0,155,77,78,13,3,10,8,4,4,0,0,0
198039,479,207,272,2,1,1,3,0,3,14,6,8,62,21,41,0,0,0,371,166,205,0,0,0,14,5,9,13,8,5
198066,128,60,68,1,1,0,1,0,1,16,8,8,9,4,5,0,0,0,86,40,46,11,4,7,0,0,0,4,3,1
198084,369,147,222,1,0,1,1,0,1,37,15,22,30,12,18,0,0,0,276,113,163,15,4,11,9,3,6,0,0,0
198109,165,15,150,0,0,0,3,0,3,18,3,15,8,1,7,0,0,0,133,10,123,3,1,2,0,0,0,0,0,0
198118,1080,402,678,17,9,8,18,6,12,40,8,32,73,26,47,2,2,0,872,329,543,23,12,11,24,8,16,11,2,9
198136,1546,683,863,4,3,1,62,30,32,184,82,102,112,41,71,1,1,0,993,426,567,48,21,27,120,64,56,22,15,7
198154,1915,857,1058,11,5,6,23,8,15,162,60,102,148,67,81,4,3,1,1439,655,784,76,33,43,44,23,21,8,3,5
198190,29,20,9,0,0,0,0,0,0,18,14,4,0,0,0,0,0,0,11,6,5,0,0,0,0,0,0,0,0,0
198206,442,162,280,3,1,2,5,0,5,37,12,25,26,6,20,0,0,0,349,137,212,13,3,10,7,3,4,2,0,2
198215,255,101,154,3,0,3,3,1,2,34,14,20,29,16,13,0,0,0,173,66,107,6,0,6,7,4,3,0,0,0
198233,1126,516,610,0,0,0,84,38,46,54,18,36,147,66,81,0,0,0,777,367,410,35,15,20,21,11,10,8,1,7
198251,981,366,615,7,1,6,19,6,13,104,19,85,208,89,119,0,0,0,575,220,355,31,12,19,37,19,18,0,0,0
198260,3142,1322,1820,14,5,9,192,78,114,690,220,470,429,174,255,5,3,2,1434,686,748,94,39,55,100,48,52,184,69,115
198303,199,77,122,2,1,1,2,1,1,116,38,78,6,1,5,0,0,0,51,23,28,3,0,3,5,4,1,14,9,5
198321,620,227,393,3,1,2,5,4,1,84,22,62,35,12,23,1,0,1,469,179,290,12,5,7,10,4,6,1,0,1
198330,966,383,583,19,7,12,36,8,28,169,61,108,118,46,72,6,2,4,603,251,352,9,4,5,0,0,0,6,4,2
198367,590,257,333,1,0,1,21,10,11,101,31,70,51,27,24,0,0,0,384,172,212,21,9,12,8,6,2,3,2,1
198376,1066,365,701,6,4,2,14,8,6,136,40,96,86,17,69,1,0,1,753,269,484,28,6,22,37,19,18,5,2,3
198385,500,257,243,0,0,0,30,17,13,31,15,16,37,23,14,1,0,1,345,177,168,25,13,12,3,1,2,28,11,17
198419,5631,2638,2993,14,4,10,668,323,345,391,136,255,398,174,224,6,3,3,2493,1114,1379,153,66,87,228,113,115,1280,705,575
198455,1168,435,733,7,3,4,50,16,34,332,96,236,186,68,118,1,0,1,406,187,219,33,16,17,61,24,37,92,25,67
198464,6851,2707,4144,44,23,21,178,73,105,1016,386,630,418,172,246,11,7,4,4720,1849,2871,234,92,142,178,75,103,52,30,22
198491,307,76,231,2,0,2,1,0,1,136,19,117,19,10,9,0,0,0,140,47,93,3,0,3,6,0,6,0,0,0
198507,320,126,194,1,1,0,2,1,1,210,81,129,14,2,12,0,0,0,73,31,42,8,4,4,7,3,4,5,3,2
198516,1715,659,1056,1,0,1,25,8,17,126,43,83,123,43,80,0,0,0,1323,522,801,53,17,36,23,9,14,41,17,24
198534,2339,1012,1327,59,14,45,41,20,21,825,295,530,313,142,171,10,5,5,952,478,474,110,41,69,29,17,12,0,0,0
198543,1369,402,967,29,3,26,32,12,20,698,173,525,115,28,87,1,0,1,391,147,244,40,10,30,48,22,26,15,7,8
198552,2080,853,1227,8,5,3,43,20,23,397,128,269,282,118,164,4,2,2,1247,544,703,47,16,31,31,11,20,21,9,12
198561,1127,321,806,6,3,3,17,4,13,256,73,183,41,14,27,0,0,0,703,189,514,12,6,6,90,32,58,2,0,2
198570,1774,547,1227,10,2,8,14,9,5,221,41,180,122,28,94,0,0,0,1222,413,809,45,10,35,88,33,55,52,11,41
198598,235,89,146,0,0,0,5,2,3,46,17,29,45,15,30,0,0,0,96,45,51,10,3,7,33,7,26,0,0,0
198613,267,120,147,1,1,0,11,2,9,49,23,26,23,9,14,0,0,0,167,80,87,14,5,9,2,0,2,0,0,0
198622,2466,1131,1335,18,8,10,151,72,79,684,233,451,281,144,137,4,1,3,1161,589,572,38,17,21,103,53,50,26,14,12
198640,226,68,158,7,1,6,2,1,1,114,40,74,6,2,4,0,0,0,90,22,68,3,1,2,4,1,3,0,0,0
198668,403,145,258,4,2,2,2,0,2,33,1,32,20,7,13,0,0,0,337,131,206,1,1,0,5,2,3,1,1,0
198677,10,3,7,0,0,0,0,0,0,8,2,6,0,0,0,0,0,0,2,1,1,0,0,0,0,0,0,0,0,0
198695,1153,448,705,3,0,3,33,12,21,74,20,54,60,22,38,0,0,0,875,347,528,60,23,37,32,15,17,16,9,7
198710,770,297,473,5,1,4,5,1,4,65,15,50,54,25,29,1,1,0,594,239,355,17,4,13,20,6,14,9,5,4
198729,218,68,150,1,0,1,1,1,0,51,10,41,51,10,41,0,0,0,102,42,60,4,1,3,2,0,2,6,4,2
198756,260,71,189,0,0,0,0,0,0,227,66,161,7,2,5,0,0,0,3,0,3,0,0,0,22,3,19,1,0,1
198774,854,329,525,8,4,4,10,5,5,91,33,58,136,43,93,2,1,1,564,223,341,15,5,10,26,14,12,2,1,1
198808,206,57,149,0,0,0,0,0,0,9,3,6,13,6,7,0,0,0,164,37,127,2,1,1,10,2,8,8,8,0
198817,672,266,406,2,0,2,8,4,4,144,40,104,78,38,40,0,0,0,409,170,239,17,6,11,0,0,0,14,8,6
198835,629,199,430,2,1,1,9,4,5,49,23,26,32,9,23,0,0,0,471,138,333,18,9,9,27,5,22,21,10,11
198844,129,4,125,5,1,4,0,0,0,16,0,16,11,0,11,0,0,0,92,3,89,0,0,0,4,0,4,1,0,1
198862,116,40,76,0,0,0,0,0,0,105,39,66,0,0,0,2,0,2,1,0,1,1,0,1,7,1,6,0,0,0
198871,90,50,40,2,1,1,1,1,0,51,25,26,0,0,0,0,0,0,29,21,8,3,0,3,4,2,2,0,0,0
198899,263,97,166,6,1,5,1,1,0,47,29,18,18,4,14,1,1,0,172,52,120,9,4,5,1,0,1,8,5,3
198905,189,66,123,2,1,1,1,1,0,63,25,38,2,0,2,1,1,0,99,33,66,0,0,0,21,5,16,0,0,0
198914,222,112,110,3,1,2,1,0,1,0,0,0,10,3,7,0,0,0,185,96,89,1,0,1,22,12,10,0,0,0
198923,242,87,155,0,0,0,5,2,3,8,2,6,25,7,18,0,0,0,200,74,126,2,1,1,2,1,1,0,0,0
198950,499,14,485,1,0,1,26,1,25,48,2,46,35,2,33,1,0,1,318,5,313,9,0,9,55,4,51,6,0,6
198969,362,164,198,2,0,2,8,2,6,50,24,26,29,6,23,1,0,1,171,84,87,7,2,5,60,29,31,34,17,17
198978,476,43,433,3,1,2,2,1,1,220,23,197,16,1,15,1,0,1,166,10,156,62,6,56,6,1,5,0,0,0
198987,695,275,420,11,6,5,29,13,16,63,18,45,89,40,49,0,0,0,469,186,283,18,7,11,13,5,8,3,0,3
199005,8,0,8,0,0,0,0,0,0,4,0,4,1,0,1,0,0,0,3,0,3,0,0,0,0,0,0,0,0,0
199023,252,126,126,0,0,0,2,0,2,39,4,35,24,11,13,0,0,0,179,107,72,4,3,1,3,0,3,1,1,0
199032,171,78,93,2,2,0,1,0,1,21,7,14,9,6,3,1,1,0,119,49,70,5,3,2,7,6,1,6,4,2
199069,764,238,526,1,0,1,5,3,2,175,45,130,51,15,36,0,0,0,420,145,275,23,7,16,59,10,49,30,13,17
199078,51,12,39,0,0,0,0,0,0,9,1,8,3,1,2,0,0,0,37,9,28,1,1,0,0,0,0,1,0,1
199087,526,250,276,13,8,5,7,2,5,152,50,102,40,19,21,0,0,0,290,158,132,11,6,5,6,4,2,7,3,4
199102,2545,973,1572,4,3,1,36,18,18,1972,710,1262,103,38,65,1,1,0,171,81,90,100,33,67,69,28,41,89,61,28
199111,723,291,432,4,2,2,11,3,8,33,12,21,45,19,26,2,0,2,549,222,327,40,16,24,33,12,21,6,5,1
199120,8338,3486,4852,28,8,20,812,332,480,630,227,403,646,252,394,1,0,1,5068,2154,2914,367,134,233,313,126,187,473,253,220
199139,8219,3906,4313,20,5,15,555,280,275,1297,447,850,760,305,455,8,6,2,4416,2198,2218,348,160,188,132,74,58,683,431,252
199148,4765,1476,3289,22,3,19,205,76,129,1198,288,910,424,114,310,2,1,1,2479,840,1639,197,60,137,52,11,41,186,83,103
199157,1586,417,1169,3,1,2,29,13,16,1140,294,846,106,24,82,0,0,0,196,57,139,80,17,63,19,6,13,13,5,8
199184,244,102,142,3,0,3,6,2,4,22,12,10,15,5,10,0,0,0,172,73,99,10,5,5,5,0,5,11,5,6
199193,9872,5156,4716,26,10,16,651,316,335,606,238,368,490,242,248,5,3,2,6047,3113,2934,312,141,171,325,171,154,1410,922,488
199209,434,158,276,2,0,2,2,1,1,160,41,119,18,7,11,0,0,0,153,57,96,10,3,7,53,28,25,36,21,15
199218,5087,1659,3428,24,7,17,93,40,53,292,83,209,307,97,210,8,5,3,4004,1290,2714,182,60,122,91,33,58,86,44,42
199263,114,73,41,1,1,0,0,0,0,48,38,10,5,2,3,1,1,0,54,27,27,0,0,0,5,4,1,0,0,0
199272,215,89,126,2,1,1,6,5,1,40,14,26,26,10,16,0,0,0,120,51,69,8,3,5,11,3,8,2,2,0
199281,1855,601,1254,255,72,183,39,18,21,540,155,385,108,31,77,2,2,0,792,284,508,64,22,42,21,8,13,34,9,25
199306,329,110,219,1,1,0,7,2,5,92,29,63,17,9,8,0,0,0,197,60,137,7,4,3,0,0,0,8,5,3
199324,258,106,152,2,0,2,1,0,1,69,21,48,13,6,7,1,0,1,163,73,90,3,3,0,4,3,1,2,0,2
199333,1617,601,1016,8,3,5,22,6,16,459,134,325,143,56,87,3,1,2,884,371,513,42,12,30,45,12,33,11,6,5
199412,841,237,604,5,1,4,19,4,15,180,36,144,66,17,49,0,0,0,462,140,322,7,1,6,58,17,41,44,21,23
199421,726,290,436,2,2,0,6,3,3,35,10,25,113,52,61,1,1,0,482,184,298,8,2,6,67,32,35,12,4,8
199449,590,211,379,65,24,41,14,8,6,145,31,114,26,14,12,1,0,1,239,85,154,17,3,14,74,43,31,9,3,6
199458,33,17,16,0,0,0,0,0,0,5,3,2,1,0,1,0,0,0,24,13,11,1,0,1,0,0,0,2,1,1
199467,98,32,66,3,2,1,3,2,1,65,13,52,0,0,0,0,0,0,25,14,11,0,0,0,1,0,1,1,1,0
199476,329,119,210,139,53,86,3,1,2,48,13,35,51,26,25,0,0,0,62,15,47,0,0,0,22,9,13,4,2,2
199485,426,195,231,1,1,0,2,0,2,60,19,41,34,16,18,0,0,0,296,142,154,10,4,6,16,11,5,7,2,5
199494,1448,560,888,9,3,6,24,10,14,257,67,190,143,61,82,3,1,2,919,387,532,32,10,22,35,13,22,26,8,18
199582,108,40,68,0,0,0,0,0,0,93,30,63,1,1,0,0,0,0,0,0,0,0,0,0,6,5,1,8,4,4
199607,142,8,134,0,0,0,2,0,2,20,0,20,19,0,19,0,0,0,83,3,80,6,1,5,7,3,4,5,1,4
199625,443,152,291,9,2,7,2,1,1,65,13,52,117,41,76,2,1,1,219,82,137,10,5,5,7,2,5,12,5,7
199634,778,307,471,19,7,12,8,4,4,108,28,80,98,34,64,1,0,1,467,206,261,26,8,18,35,14,21,16,6,10
199643,193,68,125,0,0,0,3,1,2,143,54,89,7,2,5,2,0,2,6,1,5,6,3,3,19,4,15,7,3,4
199689,73,5,68,1,0,1,0,0,0,22,1,21,8,0,8,0,0,0,36,3,33,5,1,4,1,0,1,0,0,0
199698,113,54,59,2,1,1,1,1,0,16,11,5,3,2,1,0,0,0,49,20,29,4,3,1,21,3,18,17,13,4
199722,374,146,228,18,3,15,0,0,0,44,12,32,18,6,12,0,0,0,266,113,153,16,8,8,10,3,7,2,1,1
199731,575,219,356,71,22,49,8,3,5,6,2,4,47,18,29,1,1,0,426,165,261,11,6,5,2,1,1,3,1,2
199740,710,184,526,3,0,3,14,6,8,126,15,111,26,9,17,0,0,0,471,133,338,13,3,10,47,18,29,10,0,10
199759,629,491,138,3,2,1,23,20,3,27,23,4,60,48,12,0,0,0,499,384,115,0,0,0,12,9,3,5,5,0
199768,521,179,342,2,2,0,2,1,1,12,5,7,95,34,61,0,0,0,396,132,264,10,3,7,3,1,2,1,1,0
199786,1064,383,681,5,2,3,16,5,11,178,39,139,171,60,111,0,0,0,596,240,356,26,10,16,33,15,18,39,12,27
199795,212,80,132,4,1,3,2,0,2,2,0,2,5,2,3,0,0,0,190,73,117,6,1,5,2,2,0,1,1,0
199838,574,174,400,11,4,7,8,2,6,167,40,127,48,12,36,0,0,0,278,94,184,13,5,8,37,14,23,12,3,9
199847,2637,1224,1413,6,3,3,130,54,76,221,89,132,171,64,107,3,2,1,1731,834,897,65,29,36,43,24,19,267,125,142
199856,5771,2675,3096,27,13,14,321,131,190,1012,341,671,754,314,440,12,3,9,3144,1646,1498,150,62,88,193,104,89,158,61,97
199865,137,38,99,0,0,0,0,0,0,4,2,2,13,6,7,0,0,0,113,27,86,4,2,2,2,0,2,1,1,0
199883,68,5,63,1,0,1,1,0,1,18,0,18,3,0,3,0,0,0,45,5,40,0,0,0,0,0,0,0,0,0
199892,937,382,555,3,1,2,23,8,15,165,46,119,146,58,88,2,0,2,559,253,306,20,7,13,11,7,4,8,2,6
199908,394,146,248,2,0,2,30,9,21,15,6,9,35,10,25,2,1,1,303,117,186,0,0,0,0,0,0,7,3,4
199926,754,366,388,2,1,1,0,0,0,20,8,12,69,35,34,0,0,0,623,301,322,15,4,11,20,15,5,5,2,3
199953,379,129,250,1,1,0,9,2,7,122,30,92,53,24,29,0,0,0,167,65,102,8,1,7,8,3,5,11,3,8
199962,843,315,528,4,1,3,35,11,24,110,50,60,30,6,24,1,0,1,542,196,346,51,17,34,45,20,25,25,14,11
199971,11,6,5,0,0,0,0,0,0,11,6,5,0,0,0,0,0,0,0,0,0,0,0,0,0,0,0,0,0,0
199980,52,45,7,0,0,0,0,0,0,30,25,5,6,5,1,0,0,0,14,13,1,0,0,0,2,2,0,0,0,0
199999,1159,287,872,3,2,1,24,7,17,707,189,518,52,15,37,0,0,0,184,42,142,20,3,17,138,20,118,31,9,22
200004,2883,1183,1700,26,6,20,36,16,20,151,64,87,176,73,103,1,1,0,2315,960,1355,96,28,68,27,9,18,55,26,29
200013,321,50,271,6,1,5,9,3,6,34,12,22,16,1,15,0,0,0,202,28,174,9,1,8,45,4,41,0,0,0
200022,947,605,342,17,12,5,4,3,1,20,18,2,37,23,14,0,0,0,833,524,309,27,18,9,6,5,1,3,2,1
200059,297,98,199,1,0,1,3,2,1,7,3,4,12,3,9,0,0,0,248,83,165,11,2,9,3,1,2,12,4,8
200086,26,4,22,21,2,19,0,0,0,0,0,0,0,0,0,0,0,0,5,2,3,0,0,0,0,0,0,0,0,0
200110,33,0,33,1,0,1,2,0,2,2,0,2,0,0,0,0,0,0,28,0,28,0,0,0,0,0,0,0,0,0
200156,224,97,127,0,0,0,0,0,0,7,5,2,16,10,6,0,0,0,174,66,108,2,1,1,8,3,5,17,12,5
200192,357,158,199,7,0,7,3,1,2,5,2,3,22,11,11,1,0,1,276,117,159,21,13,8,3,1,2,19,13,6
200208,27,5,22,24,5,19,0,0,0,0,0,0,0,0,0,0,0,0,3,0,3,0,0,0,0,0,0,0,0,0
200217,1068,397,671,38,6,32,13,6,7,27,11,16,41,19,22,2,1,1,809,293,516,28,9,19,107,49,58,3,3,0
200226,245,74,171,4,1,3,1,1,0,8,6,2,11,7,4,0,0,0,207,52,155,8,4,4,1,1,0,5,2,3
200253,638,221,417,12,1,11,16,8,8,27,13,14,38,20,18,2,0,2,395,118,277,27,10,17,8,4,4,113,47,66
200280,2935,1285,1650,43,13,30,41,19,22,59,27,32,123,60,63,0,0,0,2356,1000,1356,110,50,60,48,25,23,155,91,64
200305,504,292,212,5,3,2,3,0,3,9,7,2,9,3,6,0,0,0,459,265,194,14,10,4,2,2,0,3,2,1
200314,154,39,115,5,0,5,0,0,0,9,4,5,10,4,6,0,0,0,109,22,87,9,1,8,1,1,0,11,7,4
200332,3122,1568,1554,14,5,9,61,30,31,84,45,39,63,25,38,5,3,2,2616,1305,1311,85,35,50,24,14,10,170,106,64
200341,189,57,132,2,0,2,2,1,1,7,3,4,20,9,11,0,0,0,135,37,98,12,1,11,0,0,0,11,6,5
200466,54,16,38,51,16,35,0,0,0,1,0,1,0,0,0,0,0,0,2,0,2,0,0,0,0,0,0,0,0,0
200484,46,25,21,0,0,0,0,0,0,0,0,0,2,2,0,0,0,0,37,18,19,2,0,2,5,5,0,0,0,0
200527,119,49,70,114,49,65,0,0,0,0,0,0,0,0,0,0,0,0,5,0,5,0,0,0,0,0,0,0,0,0
200554,88,35,53,85,34,51,0,0,0,0,0,0,0,0,0,0,0,0,2,0,2,0,0,0,0,0,0,1,1,0
200572,335,105,230,1,1,0,4,0,4,2,2,0,12,5,7,0,0,0,294,89,205,9,3,6,6,2,4,7,3,4
200590,76,37,39,0,0,0,0,0,0,22,7,15,0,0,0,0,0,0,54,30,24,0,0,0,0,0,0,0,0,0
200697,567,482,85,1,1,0,34,27,7,23,18,5,32,25,7,3,2,1,409,350,59,18,15,3,38,35,3,9,9,0
200785,150,28,122,0,0,0,2,0,2,44,2,42,8,5,3,0,0,0,87,21,66,1,0,1,8,0,8,0,0,0
200800,3830,1903,1927,4,3,1,111,54,57,299,121,178,89,42,47,0,0,0,2893,1431,1462,160,71,89,44,22,22,230,159,71
200846,75,36,39,0,0,0,2,0,2,9,3,6,3,1,2,0,0,0,57,29,28,3,2,1,0,0,0,1,1,0
200873,5,2,3,0,0,0,0,0,0,0,0,0,0,0,0,0,0,0,5,2,3,0,0,0,0,0,0,0,0,0
201034,599,260,339,1,0,1,1,1,0,78,25,53,15,4,11,3,2,1,472,223,249,27,5,22,2,0,2,0,0,0
201061,29,9,20,0,0,0,0,0,0,4,1,3,4,2,2,0,0,0,18,5,13,0,0,0,3,1,2,0,0,0
201098,32,20,12,0,0,0,0,0,0,0,0,0,0,0,0,0,0,0,30,19,11,2,1,1,0,0,0,0,0,0
201104,1301,519,782,10,4,6,29,9,20,148,76,72,48,14,34,2,2,0,932,356,576,17,6,11,37,13,24,78,39,39
201131,79,23,56,1,1,0,0,0,0,2,1,1,2,0,2,0,0,0,70,21,49,4,0,4,0,0,0,0,0,0
201140,20,15,5,0,0,0,0,0,0,0,0,0,0,0,0,0,0,0,19,14,5,0,0,0,0,0,0,1,1,0
201159,102,80,22,0,0,0,0,0,0,7,2,5,1,1,0,0,0,0,92,75,17,2,2,0,0,0,0,0,0,0
201177,85,9,76,0,0,0,0,0,0,3,0,3,3,1,2,0,0,0,76,8,68,1,0,1,2,0,2,0,0,0
201195,957,384,573,0,0,0,17,2,15,65,30,35,39,13,26,0,0,0,785,315,470,46,22,24,0,0,0,5,2,3
201283,195,73,122,2,0,2,0,0,0,1,0,1,1,1,0,0,0,0,184,70,114,7,2,5,0,0,0,0,0,0
201371,186,73,113,2,2,0,2,1,1,15,8,7,10,5,5,0,0,0,146,52,94,7,3,4,2,0,2,2,2,0
201432,322,102,220,0,0,0,1,0,1,21,5,16,26,5,21,0,0,0,263,85,178,7,4,3,4,3,1,0,0,0
201441,4184,1675,2509,8,5,3,48,20,28,247,102,145,161,65,96,4,2,2,3346,1290,2056,112,43,69,87,38,49,171,110,61
201469,230,32,198,1,0,1,5,0,5,60,10,50,14,1,13,2,0,2,132,18,114,14,2,12,2,1,1,0,0,0
201478,141,50,91,0,0,0,0,0,0,1,1,0,0,0,0,0,0,0,139,49,90,1,0,1,0,0,0,0,0,0
201496,618,302,316,1,0,1,34,14,20,91,34,57,24,9,15,0,0,0,453,243,210,15,2,13,0,0,0,0,0,0
201539,82,8,74,0,0,0,0,0,0,23,4,19,1,0,1,0,0,0,38,3,35,10,1,9,10,0,10,0,0,0
201548,745,271,474,0,0,0,12,3,9,50,17,33,21,8,13,0,0,0,600,217,383,33,14,19,13,6,7,16,6,10
201645,3419,1611,1808,3,3,0,509,217,292,216,84,132,205,102,103,0,0,0,1548,699,849,106,48,58,70,29,41,762,429,333
201654,862,372,490,1,1,0,30,9,21,21,5,16,18,9,9,0,0,0,738,324,414,26,13,13,14,5,9,14,6,8
201672,620,158,462,2,2,0,16,4,12,55,10,45,13,3,10,0,0,0,466,115,351,33,12,21,33,12,21,2,0,2
201681,29,1,28,0,0,0,0,0,0,22,1,21,1,0,1,0,0,0,6,0,6,0,0,0,0,0,0,0,0,0
201690,266,105,161,0,0,0,2,0,2,225,88,137,3,1,2,0,0,0,10,4,6,6,4,2,0,0,0,20,8,12
201751,25,3,22,0,0,0,0,0,0,7,0,7,0,0,0,0,0,0,18,3,15,0,0,0,0,0,0,0,0,0
201803,54,6,48,0,0,0,0,0,0,17,3,14,1,0,1,0,0,0,36,3,33,0,0,0,0,0,0,0,0,0
201821,326,21,305,0,0,0,5,1,4,36,1,35,3,0,3,1,0,1,260,18,242,8,0,8,13,1,12,0,0,0
201867,82,15,67,0,0,0,0,0,0,3,1,2,3,1,2,1,0,1,72,13,59,3,0,3,0,0,0,0,0,0
201885,10438,4423,6015,12,3,9,458,180,278,784,267,517,411,166,245,5,3,2,7109,2970,4139,335,126,209,260,103,157,1064,605,459
201928,1108,511,597,4,0,4,37,18,19,216,64,152,29,15,14,1,1,0,661,336,325,34,13,21,83,43,40,43,21,22
201946,478,196,282,0,0,0,3,0,3,19,4,15,14,10,4,0,0,0,395,169,226,13,4,9,32,7,25,2,2,0
201955,812,292,520,2,0,2,39,13,26,101,32,69,39,15,24,1,1,0,582,210,372,26,10,16,16,7,9,6,4,2
201964,616,229,387,3,0,3,7,4,3,134,43,91,29,11,18,0,0,0,385,153,232,14,2,12,42,14,28,2,2,0
201973,1166,435,731,2,0,2,11,4,7,156,29,127,29,10,19,1,0,1,898,361,537,43,15,28,22,14,8,4,2,2
202046,132,35,97,0,0,0,5,0,5,10,3,7,9,3,6,0,0,0,93,26,67,8,1,7,0,0,0,7,2,5
202073,83,38,45,0,0,0,9,3,6,0,0,0,3,2,1,0,0,0,30,17,13,5,2,3,5,4,1,31,10,21
202134,3969,1622,2347,5,3,2,137,57,80,469,133,336,228,83,145,6,1,5,2659,1082,1577,105,42,63,56,25,31,304,196,108
202152,81,5,76,0,0,0,1,0,1,9,1,8,0,0,0,0,0,0,71,4,67,0,0,0,0,0,0,0,0,0
202170,229,66,163,0,0,0,3,0,3,19,8,11,17,6,11,1,0,1,159,46,113,13,2,11,4,3,1,13,1,12
202222,5094,2286,2808,14,3,11,248,104,144,842,315,527,303,121,182,2,0,2,3065,1454,1611,162,68,94,401,200,201,57,21,36
202356,3591,1353,2238,6,3,3,102,49,53,683,186,497,230,70,160,0,0,0,2190,909,1281,139,45,94,160,62,98,81,29,52
202435,25,2,23,0,0,0,0,0,0,11,0,11,2,0,2,0,0,0,8,1,7,1,0,1,2,0,2,1,1,0
202453,23,19,4,0,0,0,0,0,0,12,10,2,3,2,1,0,0,0,8,7,1,0,0,0,0,0,0,0,0,0
202480,3180,1638,1542,3,2,1,40,13,27,132,58,74,127,67,60,2,1,1,2309,1127,1182,67,33,34,48,27,21,452,310,142
202514,93,53,40,1,1,0,1,1,0,4,3,1,10,4,6,0,0,0,74,44,30,2,0,2,0,0,0,1,0,1
202523,488,196,292,0,0,0,19,8,11,32,14,18,47,26,21,0,0,0,297,110,187,10,3,7,22,10,12,61,25,36
202648,532,228,304,0,0,0,7,4,3,9,2,7,14,8,6,1,0,1,488,211,277,9,2,7,4,1,3,0,0,0
202657,242,92,150,0,0,0,1,0,1,9,0,9,6,2,4,0,0,0,217,88,129,9,2,7,0,0,0,0,0,0
202763,868,307,561,1,0,1,25,9,16,25,9,16,21,9,12,2,1,1,659,226,433,11,7,4,44,10,34,80,36,44
202806,1814,781,1033,20,8,12,54,29,25,272,107,165,41,21,20,1,0,1,881,368,513,41,21,20,473,210,263,31,17,14
202888,66,1,65,0,0,0,18,0,18,18,0,18,0,0,0,0,0,0,30,1,29,0,0,0,0,0,0,0,0,0
202903,39,24,15,0,0,0,1,1,0,1,1,0,0,0,0,0,0,0,34,21,13,0,0,0,0,0,0,3,1,2
202912,109,7,102,0,0,0,4,0,4,11,0,11,1,0,1,0,0,0,86,6,80,4,1,3,3,0,3,0,0,0
202949,218,172,46,1,1,0,2,1,1,31,19,12,2,2,0,0,0,0,166,136,30,11,8,3,5,5,0,0,0,0
202985,47,3,44,1,0,1,1,0,1,17,2,15,3,0,3,0,0,0,25,1,24,0,0,0,0,0,0,0,0,0
203030,79,6,73,0,0,0,1,0,1,70,6,64,2,0,2,0,0,0,5,0,5,1,0,1,0,0,0,0,0,0
203067,137,46,91,0,0,0,1,0,1,0,0,0,4,3,1,0,0,0,122,36,86,4,3,1,4,2,2,2,2,0
203085,253,120,133,0,0,0,2,1,1,10,8,2,10,4,6,0,0,0,214,100,114,12,4,8,1,0,1,4,3,1
203128,203,81,122,2,1,1,3,1,2,35,12,23,15,6,9,0,0,0,131,53,78,4,2,2,9,5,4,4,1,3
203146,336,313,23,1,1,0,1,1,0,3,3,0,12,10,2,0,0,0,316,295,21,3,3,0,0,0,0,0,0,0
203155,493,265,228,3,1,2,2,2,0,25,13,12,7,3,4,0,0,0,433,232,201,14,10,4,7,4,3,2,0,2
203234,57,3,54,0,0,0,0,0,0,24,3,21,2,0,2,0,0,0,20,0,20,1,0,1,10,0,10,0,0,0
203289,38,28,10,0,0,0,0,0,0,10,5,5,1,1,0,0,0,0,24,20,4,3,2,1,0,0,0,0,0,0
203331,3874,1203,2671,17,4,13,75,30,45,691,180,511,524,146,378,15,4,11,2345,785,1560,169,48,121,38,6,32,0,0,0
203368,838,378,460,0,0,0,17,9,8,21,8,13,29,11,18,0,0,0,733,334,399,17,7,10,3,2,1,18,7,11
203386,835,56,779,1,0,1,21,2,19,296,16,280,15,1,14,0,0,0,449,33,416,0,0,0,53,4,49,0,0,0
203438,60,2,58,0,0,0,0,0,0,7,1,6,2,0,2,0,0,0,50,1,49,1,0,1,0,0,0,0,0,0
203447,231,75,156,0,0,0,7,3,4,10,4,6,14,7,7,0,0,0,184,56,128,5,1,4,11,4,7,0,0,0
203456,103,20,83,0,0,0,1,0,1,0,0,0,2,1,1,0,0,0,95,18,77,4,1,3,1,0,1,0,0,0
203465,788,294,494,4,1,3,13,2,11,50,18,32,24,5,19,1,1,0,609,228,381,28,9,19,22,11,11,37,19,18
203474,238,111,127,1,0,1,2,0,2,9,3,6,5,4,1,1,1,0,207,97,110,7,3,4,6,3,3,0,0,0
203483,319,123,196,1,0,1,5,2,3,11,4,7,9,2,7,0,0,0,274,105,169,11,5,6,6,3,3,2,2,0
203492,157,21,136,0,0,0,1,0,1,3,1,2,3,2,1,0,0,0,143,15,128,0,0,0,7,3,4,0,0,0
203517,6698,2285,4413,11,3,8,134,46,88,423,128,295,244,90,154,10,1,9,5091,1687,3404,205,55,150,187,76,111,393,199,194
203526,234,71,163,0,0,0,5,2,3,40,10,30,6,0,6,0,0,0,173,55,118,5,2,3,5,2,3,0,0,0
203535,328,121,207,0,0,0,11,5,6,11,7,4,26,12,14,0,0,0,221,74,147,23,9,14,9,3,6,27,11,16
203544,264,36,228,2,0,2,8,1,7,9,2,7,1,0,1,0,0,0,226,29,197,6,1,5,10,2,8,2,1,1
203580,231,104,127,0,0,0,3,0,3,19,16,3,7,3,4,0,0,0,186,78,108,6,3,3,5,1,4,5,3,2
203599,938,323,615,1,0,1,14,7,7,104,26,78,32,11,21,0,0,0,745,261,484,26,12,14,13,5,8,3,1,2
203614,294,81,213,0,0,0,0,0,0,4,1,3,2,0,2,0,0,0,288,80,208,0,0,0,0,0,0,0,0,0
203678,557,208,349,1,1,0,5,1,4,36,12,24,4,1,3,0,0,0,496,187,309,6,1,5,9,5,4,0,0,0
203720,174,116,58,0,0,0,0,0,0,51,31,20,46,32,14,0,0,0,69,47,22,2,2,0,6,4,2,0,0,0
203739,62,5,57,0,0,0,0,0,0,10,0,10,6,3,3,0,0,0,42,2,40,3,0,3,1,0,1,0,0,0
203748,1926,643,1283,6,3,3,35,11,24,168,44,124,230,69,161,3,3,0,1364,461,903,76,32,44,29,14,15,15,6,9
203757,250,76,174,1,0,1,5,4,1,42,11,31,0,0,0,1,0,1,190,58,132,0,0,0,11,3,8,0,0,0
203775,402,144,258,1,1,0,2,0,2,32,14,18,11,2,9,0,0,0,324,114,210,16,9,7,13,4,9,3,0,3
203845,209,102,107,0,0,0,1,0,1,3,3,0,7,4,3,0,0,0,160,66,94,3,1,2,7,6,1,28,22,6
203881,346,129,217,2,1,1,4,0,4,18,9,9,8,7,1,0,0,0,296,105,191,6,1,5,12,6,6,0,0,0
203942,51,24,27,1,1,0,0,0,0,3,1,2,1,0,1,0,0,0,46,22,24,0,0,0,0,0,0,0,0,0
203960,381,55,326,1,0,1,9,5,4,31,2,29,12,1,11,2,1,1,311,45,266,13,1,12,2,0,2,0,0,0
203997,38,17,21,0,0,0,1,1,0,6,4,2,1,0,1,0,0,0,27,11,16,2,0,2,0,0,0,1,1,0
204006,433,219,214,0,0,0,4,1,3,35,21,14,14,8,6,1,0,1,329,159,170,17,8,9,7,5,2,26,17,9
204015,234,108,126,1,0,1,4,1,3,8,4,4,9,1,8,0,0,0,147,67,80,6,0,6,2,1,1,57,34,23
204024,4812,2165,2647,4,2,2,111,48,63,180,62,118,252,110,142,5,3,2,3474,1528,1946,161,60,101,44,23,21,581,329,252
204121,30,0,30,0,0,0,0,0,0,20,0,20,0,0,0,0,0,0,10,0,10,0,0,0,0,0,0,0,0,0
204158,129,37,92,0,0,0,1,1,0,27,6,21,1,0,1,0,0,0,96,30,66,4,0,4,0,0,0,0,0,0
204176,460,48,412,0,0,0,16,4,12,72,9,63,10,0,10,2,1,1,343,32,311,11,0,11,6,2,4,0,0,0
204185,467,211,256,1,0,1,6,2,4,23,14,9,15,12,3,0,0,0,392,171,221,13,6,7,10,3,7,7,3,4
204194,588,223,365,1,0,1,1,1,0,37,13,24,18,11,7,0,0,0,501,190,311,17,5,12,13,3,10,0,0,0
204200,524,145,379,0,0,0,2,1,1,42,9,33,10,3,7,0,0,0,397,112,285,8,3,5,64,17,47,1,0,1
204255,300,119,181,1,1,0,4,1,3,2,1,1,6,3,3,1,1,0,264,105,159,4,0,4,18,7,11,0,0,0
204264,418,143,275,2,0,2,6,3,3,12,7,5,8,3,5,0,0,0,327,102,225,11,2,9,31,10,21,21,16,5
204334,80,5,75,0,0,0,2,2,0,17,1,16,1,0,1,0,0,0,59,2,57,1,0,1,0,0,0,0,0,0
204422,409,163,246,0,0,0,1,0,1,13,8,5,6,4,2,0,0,0,372,146,226,13,4,9,4,1,3,0,0,0
204431,56,18,38,0,0,0,0,0,0,19,7,12,18,11,7,0,0,0,19,0,19,0,0,0,0,0,0,0,0,0
204440,326,158,168,1,0,1,1,0,1,5,3,2,39,23,16,0,0,0,248,112,136,6,4,2,23,14,9,3,2,1
204459,37,9,28,0,0,0,0,0,0,31,5,26,2,2,0,0,0,0,4,2,2,0,0,0,0,0,0,0,0,0
204468,269,115,154,0,0,0,2,1,1,49,21,28,16,9,7,1,1,0,160,65,95,20,8,12,12,4,8,9,6,3
204477,235,103,132,0,0,0,62,24,38,19,11,8,12,5,7,0,0,0,123,59,64,12,2,10,7,2,5,0,0,0
204486,914,759,155,2,2,0,6,4,2,30,18,12,27,24,3,2,1,1,629,523,106,0,0,0,191,167,24,27,20,7
204501,560,234,326,0,0,0,27,8,19,29,17,12,47,19,28,0,0,0,342,137,205,44,19,25,7,2,5,64,32,32
204608,172,155,17,1,0,1,1,1,0,16,16,0,12,8,4,0,0,0,136,125,11,6,5,1,0,0,0,0,0,0
204617,394,156,238,3,1,2,7,2,5,54,22,32,9,2,7,0,0,0,269,108,161,12,5,7,22,7,15,18,9,9
204635,572,292,280,0,0,0,11,3,8,19,9,10,6,2,4,0,0,0,436,223,213,14,7,7,69,38,31,17,10,7
204662,178,85,93,1,1,0,1,1,0,2,1,1,5,2,3,0,0,0,162,74,88,3,2,1,3,3,0,1,1,0
204671,211,67,144,0,0,0,3,1,2,10,4,6,10,0,10,0,0,0,178,56,122,7,4,3,2,1,1,1,1,0
204680,175,66,109,0,0,0,4,0,4,8,3,5,6,2,4,0,0,0,146,57,89,5,2,3,6,2,4,0,0,0
204699,190,74,116,0,0,0,6,3,3,7,6,1,5,0,5,0,0,0,163,61,102,6,3,3,3,1,2,0,0,0
204705,654,254,400,0,0,0,39,15,24,76,23,53,29,9,20,0,0,0,466,188,278,30,14,16,14,5,9,0,0,0
204714,25,1,24,0,0,0,0,0,0,1,0,1,2,0,2,0,0,0,21,1,20,1,0,1,0,0,0,0,0,0
204723,131,111,20,0,0,0,1,1,0,69,58,11,2,2,0,0,0,0,50,41,9,2,2,0,7,7,0,0,0,0
204769,127,4,123,0,0,0,8,0,8,51,1,50,3,0,3,2,0,2,61,3,58,0,0,0,2,0,2,0,0,0
204778,48,1,47,0,0,0,4,1,3,17,0,17,0,0,0,1,0,1,26,0,26,0,0,0,0,0,0,0,0,0
204796,15859,7485,8374,13,6,7,1037,505,532,932,370,562,765,335,430,9,6,3,10257,4772,5485,580,223,357,601,343,258,1665,925,740
204802,4,1,3,0,0,0,0,0,0,0,0,0,0,0,0,0,0,0,4,1,3,0,0,0,0,0,0,0,0,0
204820,116,43,73,0,0,0,1,0,1,1,1,0,4,0,4,0,0,0,103,37,66,3,2,1,3,2,1,1,1,0
204839,121,31,90,0,0,0,1,0,1,1,1,0,0,0,0,0,0,0,112,29,83,5,1,4,2,0,2,0,0,0
204848,68,37,31,2,1,1,0,0,0,1,1,0,2,1,1,0,0,0,60,33,27,3,1,2,0,0,0,0,0,0
204857,8798,3325,5473,19,5,14,179,73,106,525,189,336,298,113,185,5,2,3,6951,2594,4357,300,115,185,169,70,99,352,164,188
204866,71,11,60,0,0,0,0,0,0,3,2,1,0,0,0,0,0,0,60,7,53,6,1,5,0,0,0,2,1,1
204884,91,6,85,0,0,0,0,0,0,3,0,3,0,0,0,0,0,0,86,6,80,2,0,2,0,0,0,0,0,0
204893,35,6,29,0,0,0,0,0,0,1,0,1,1,0,1,0,0,0,33,6,27,0,0,0,0,0,0,0,0,0
204909,290,118,172,0,0,0,9,3,6,23,12,11,17,5,12,1,0,1,212,85,127,12,8,4,3,2,1,13,3,10
204936,674,238,436,2,0,2,24,8,16,37,14,23,19,6,13,0,0,0,528,188,340,28,9,19,35,13,22,1,0,1
204945,1181,505,676,1,1,0,16,9,7,86,29,57,85,34,51,2,1,1,940,405,535,27,11,16,14,9,5,10,6,4
204963,31,1,30,0,0,0,2,1,1,2,0,2,0,0,0,0,0,0,27,0,27,0,0,0,0,0,0,0,0,0
204981,107,37,70,1,1,0,3,1,2,41,4,37,8,6,2,1,1,0,52,24,28,1,0,1,0,0,0,0,0,0
204990,40,24,16,0,0,0,0,0,0,39,23,16,0,0,0,0,0,0,0,0,0,0,0,0,0,0,0,1,1,0
205027,20,20,0,0,0,0,0,0,0,0,0,0,5,5,0,0,0,0,14,14,0,0,0,0,0,0,0,1,1,0
205054,162,44,118,0,0,0,4,2,2,64,16,48,6,0,6,0,0,0,72,18,54,6,0,6,10,8,2,0,0,0
205090,32,2,30,0,0,0,0,0,0,0,0,0,1,0,1,0,0,0,30,2,28,1,0,1,0,0,0,0,0,0
205124,11,11,0,0,0,0,0,0,0,0,0,0,0,0,0,0,0,0,11,11,0,0,0,0,0,0,0,0,0,0
205142,79,25,54,0,0,0,0,0,0,13,3,10,4,1,3,0,0,0,55,20,35,6,1,5,1,0,1,0,0,0
205179,160,57,103,2,1,1,3,2,1,54,25,29,1,0,1,0,0,0,95,27,68,4,1,3,1,1,0,0,0,0
205203,378,117,261,0,0,0,0,0,0,8,2,6,3,1,2,0,0,0,299,88,211,2,1,1,62,22,40,4,3,1
205391,70,17,53,0,0,0,3,1,2,5,3,2,0,0,0,0,0,0,56,11,45,3,1,2,3,1,2,0,0,0
205443,705,265,440,1,1,0,5,4,1,24,14,10,0,0,0,1,0,1,634,228,406,0,0,0,40,18,22,0,0,0
205470,7821,4819,3002,49,38,11,91,45,46,1708,1297,411,242,142,100,6,2,4,5142,2963,2179,220,114,106,262,180,82,101,38,63
205559,15,1,14,0,0,0,0,0,0,8,1,7,0,0,0,0,0,0,7,0,7,0,0,0,0,0,0,0,0,0
205841,1679,837,842,5,3,2,40,17,23,136,38,98,21,12,9,3,1,2,1406,731,675,41,18,23,26,17,9,1,0,1
205887,292,39,253,1,0,1,0,0,0,67,8,59,7,2,5,0,0,0,210,27,183,7,2,5,0,0,0,0,0,0
205957,734,299,435,2,1,1,18,6,12,11,7,4,78,28,50,0,0,0,569,233,336,14,4,10,15,6,9,27,14,13
205966,293,78,215,2,0,2,1,0,1,4,1,3,3,1,2,0,0,0,276,74,202,3,2,1,4,0,4,0,0,0
206011,279,149,130,2,2,0,1,1,0,9,3,6,17,7,10,0,0,0,238,130,108,1,1,0,9,3,6,2,2,0
206039,6,1,5,0,0,0,0,0,0,0,0,0,1,0,1,0,0,0,5,1,4,0,0,0,0,0,0,0,0,0
206048,707,308,399,0,0,0,8,4,4,92,34,58,32,16,16,0,0,0,411,159,252,18,6,12,93,47,46,53,42,11
206084,4645,2142,2503,9,7,2,173,75,98,346,119,227,193,78,115,3,2,1,3084,1394,1690,139,53,86,162,78,84,536,336,200
206154,8,4,4,0,0,0,0,0,0,5,1,4,0,0,0,0,0,0,3,3,0,0,0,0,0,0,0,0,0,0
206172,30,1,29,0,0,0,1,0,1,0,0,0,0,0,0,0,0,0,29,1,28,0,0,0,0,0,0,0,0,0
206181,107,38,69,0,0,0,2,0,2,2,0,2,3,1,2,0,0,0,97,35,62,3,2,1,0,0,0,0,0,0
206279,403,231,172,1,1,0,10,8,2,50,24,26,113,58,55,2,0,2,160,99,61,15,9,6,52,32,20,0,0,0
206288,108,74,34,1,1,0,1,0,1,32,19,13,1,0,1,0,0,0,30,23,7,1,1,0,35,24,11,7,6,1
206321,58,31,27,0,0,0,0,0,0,4,2,2,0,0,0,0,0,0,52,27,25,2,2,0,0,0,0,0,0,0
206349,368,33,335,0,0,0,17,2,15,73,5,68,5,1,4,0,0,0,240,22,218,21,1,20,4,1,3,8,1,7
206394,11,4,7,0,0,0,0,0,0,2,0,2,3,2,1,0,0,0,6,2,4,0,0,0,0,0,0,0,0,0
206437,698,254,444,0,0,0,4,2,2,25,12,13,19,10,9,0,0,0,442,166,276,9,5,4,162,37,125,37,22,15
206446,322,113,209,1,1,0,1,1,0,4,0,4,4,2,2,1,0,1,300,104,196,6,4,2,5,1,4,0,0,0
206491,80,26,54,0,0,0,0,0,0,75,25,50,0,0,0,0,0,0,2,0,2,0,0,0,3,1,2,0,0,0
206507,268,114,154,2,0,2,3,2,1,20,9,11,9,6,3,0,0,0,210,89,121,12,4,8,9,3,6,3,1,2
206516,14,8,6,0,0,0,0,0,0,2,1,1,1,1,0,0,0,0,10,6,4,1,0,1,0,0,0,0,0,0
206525,357,173,184,0,0,0,7,1,6,31,21,10,8,4,4,0,0,0,286,135,151,17,9,8,5,1,4,3,2,1
206589,408,170,238,0,0,0,12,4,8,31,16,15,28,12,16,0,0,0,255,102,153,18,6,12,3,1,2,61,29,32
206604,2959,1320,1639,2,0,2,111,40,71,285,102,183,105,38,67,5,2,3,2144,988,1156,96,37,59,15,9,6,196,104,92
206613,230,95,135,0,0,0,1,1,0,2,2,0,3,2,1,0,0,0,218,90,128,3,0,3,3,0,3,0,0,0
206622,1968,770,1198,4,2,2,73,28,45,164,60,104,90,37,53,1,1,0,1510,592,918,60,18,42,35,17,18,31,15,16
206695,2461,1084,1377,2,1,1,39,18,21,182,72,110,85,27,58,0,0,0,1837,791,1046,79,30,49,89,39,50,148,106,42
206817,35,14,21,15,5,10,0,0,0,5,3,2,2,2,0,0,0,0,7,3,4,0,0,0,5,0,5,1,1,0
206835,251,74,177,19,4,15,0,0,0,21,5,16,15,7,8,0,0,0,169,49,120,14,4,10,0,0,0,13,5,8
206862,661,313,348,23,10,13,6,0,6,84,35,49,77,35,42,0,0,0,419,209,210,40,16,24,0,0,0,12,8,4
206905,179,94,85,13,6,7,0,0,0,5,1,4,7,5,2,0,0,0,111,62,49,43,20,23,0,0,0,0,0,0
206914,651,224,427,46,11,35,10,6,4,58,20,38,73,29,44,3,1,2,359,123,236,53,8,45,17,6,11,32,20,12
206923,356,102,254,48,11,37,0,0,0,11,3,8,33,15,18,1,1,0,191,49,142,68,21,47,0,0,0,4,2,2
206932,286,17,269,7,0,7,2,0,2,83,9,74,17,2,15,0,0,0,144,4,140,23,0,23,10,2,8,0,0,0
206941,2765,1030,1735,104,39,65,91,42,49,188,61,127,277,85,192,6,3,3,1582,591,991,239,81,158,73,31,42,205,97,108
206996,403,107,296,93,27,66,1,0,1,15,3,12,19,7,12,1,0,1,198,55,143,70,11,59,2,2,0,4,2,2
207041,754,274,480,109,35,74,4,2,2,22,15,7,9,4,5,3,2,1,424,132,292,43,11,32,32,8,24,108,65,43
207050,210,74,136,51,22,29,2,0,2,10,2,8,8,4,4,0,0,0,132,43,89,4,1,3,2,1,1,1,1,0
207069,249,86,163,28,12,16,2,0,2,20,9,11,17,5,12,1,1,0,171,56,115,5,2,3,3,1,2,2,0,2
207087,17,0,17,2,0,2,0,0,0,1,0,1,3,0,3,0,0,0,11,0,11,0,0,0,0,0,0,0,0,0
207102,57,6,51,7,0,7,1,0,1,7,3,4,6,1,5,1,0,1,31,1,30,4,1,3,0,0,0,0,0,0
207157,50,23,27,3,2,1,1,1,0,1,0,1,17,5,12,0,0,0,23,12,11,1,1,0,0,0,0,4,2,2
207209,320,80,240,15,3,12,6,1,5,227,65,162,3,1,2,0,0,0,27,5,22,35,4,31,5,0,5,2,1,1
207236,378,103,275,21,6,15,3,1,2,9,0,9,34,8,26,0,0,0,221,67,154,64,15,49,3,1,2,23,5,18
207254,356,323,33,16,12,4,5,4,1,24,22,2,70,62,8,0,0,0,137,131,6,21,19,2,52,43,9,31,30,1
207263,1902,624,1278,333,98,235,46,16,30,79,33,46,104,36,68,2,1,1,995,297,698,280,103,177,11,4,7,52,36,16
207281,565,203,362,84,28,56,6,1,5,18,8,10,66,31,35,0,0,0,362,125,237,23,8,15,3,1,2,3,1,2
207290,403,151,252,64,20,44,3,1,2,20,17,3,23,8,15,0,0,0,217,66,151,59,27,32,0,0,0,17,12,5
207306,372,132,240,23,11,12,1,0,1,27,17,10,27,6,21,1,0,1,237,85,152,5,2,3,44,8,36,7,3,4
207315,393,181,212,26,11,15,23,8,15,15,5,10,34,17,17,0,0,0,258,122,136,28,11,17,2,2,0,7,5,2
207324,502,263,239,11,5,6,38,22,16,72,34,38,37,20,17,0,0,0,313,170,143,26,10,16,5,2,3,0,0,0
207342,1116,279,837,32,7,25,110,38,72,40,6,34,80,15,65,0,0,0,708,178,530,37,10,27,86,17,69,23,8,15
207351,328,105,223,32,5,27,4,1,3,12,6,6,63,26,37,1,1,0,204,60,144,6,2,4,1,0,1,5,4,1
207388,5894,2871,3023,234,97,137,132,71,61,225,95,130,385,180,205,6,2,4,3964,1929,2035,503,233,270,33,12,21,412,252,160
207397,892,315,577,39,13,26,20,6,14,88,24,64,113,33,80,2,1,1,529,202,327,75,28,47,24,8,16,2,0,2
207403,385,138,247,14,3,11,3,1,2,12,8,4,8,4,4,1,0,1,269,99,170,59,14,45,7,1,6,12,8,4
207449,1927,668,1259,71,30,41,75,38,37,111,38,73,290,104,186,8,3,5,1064,342,722,145,51,94,0,0,0,163,62,101
207458,796,266,530,31,11,20,42,13,29,47,12,35,74,27,47,0,0,0,466,154,312,64,21,43,3,1,2,69,27,42
207500,6810,3226,3584,275,95,180,403,204,199,337,182,155,679,294,385,5,2,3,4011,1933,2078,550,236,314,167,70,97,383,210,173
207564,648,448,200,87,59,28,3,2,1,22,12,10,52,39,13,0,0,0,321,232,89,150,93,57,3,3,0,10,8,2
207582,775,322,453,17,4,13,32,14,18,137,55,82,68,33,35,3,1,2,350,153,197,35,13,22,104,37,67,29,12,17
207661,606,214,392,75,19,56,14,4,10,25,12,13,36,15,21,0,0,0,342,125,217,98,30,68,6,3,3,10,6,4
207670,813,284,529,41,17,24,22,10,12,104,37,67,72,22,50,1,1,0,460,156,304,76,25,51,37,16,21,0,0,0
207704,120,2,118,7,0,7,7,0,7,30,1,29,11,0,11,0,0,0,62,1,61,3,0,3,0,0,0,0,0,0
207722,143,51,92,10,3,7,0,0,0,5,2,3,17,9,8,0,0,0,81,20,61,15,5,10,5,3,2,10,9,1
207740,329,86,243,78,15,63,1,0,1,13,6,7,23,4,19,0,0,0,196,57,139,10,1,9,6,1,5,2,2,0
207786,15,0,15,3,0,3,0,0,0,0,0,0,0,0,0,0,0,0,12,0,12,0,0,0,0,0,0,0,0,0
207847,1621,686,935,154,46,108,41,20,21,99,60,39,88,36,52,1,1,0,968,406,562,235,100,135,1,0,1,34,17,17
207856,80,42,38,3,1,2,1,0,1,14,8,6,8,3,5,2,1,1,40,22,18,1,0,1,0,0,0,11,7,4
207865,1170,402,768,54,18,36,37,13,24,53,26,27,71,21,50,1,0,1,770,248,522,96,28,68,40,15,25,48,33,15
207935,2569,760,1809,160,46,114,128,47,81,193,42,151,261,77,184,3,0,3,1384,410,974,273,75,198,87,35,52,80,28,52
207962,606,543,63,74,60,14,2,2,0,58,51,7,114,107,7,1,1,0,306,279,27,28,24,4,23,19,4,0,0,0
207971,1067,575,492,42,16,26,56,28,28,53,33,20,62,32,30,2,0,2,588,301,287,76,41,35,47,22,25,141,102,39
208035,255,64,191,1,1,0,2,0,2,18,5,13,50,12,38,0,0,0,146,34,112,28,10,18,10,2,8,0,0,0
208044,20,1,19,3,1,2,0,0,0,0,0,0,4,0,4,0,0,0,13,0,13,0,0,0,0,0,0,0,0,0
208053,100,55,45,0,0,0,0,0,0,0,0,0,16,9,7,0,0,0,80,46,34,4,0,4,0,0,0,0,0,0
208275,271,92,179,8,4,4,3,3,0,2,0,2,80,18,62,0,0,0,169,63,106,0,0,0,9,4,5,0,0,0
208318,774,289,485,13,6,7,12,4,8,3,3,0,101,24,77,3,3,0,587,223,364,30,14,16,25,12,13,0,0,0
208390,1549,537,1012,23,5,18,31,10,21,12,5,7,444,143,301,6,3,3,633,211,422,49,20,29,343,137,206,8,3,5
208406,761,290,471,4,1,3,31,10,21,11,9,2,82,33,49,7,3,4,554,203,351,42,17,25,25,11,14,5,3,2
208415,100,39,61,0,0,0,0,0,0,0,0,0,21,6,15,0,0,0,73,33,40,5,0,5,1,0,1,0,0,0
208433,36,0,36,0,0,0,0,0,0,0,0,0,10,0,10,0,0,0,24,0,24,2,0,2,0,0,0,0,0,0
208479,302,37,265,2,0,2,9,3,6,8,0,8,76,11,65,4,0,4,84,3,81,0,0,0,117,19,98,2,1,1
208512,281,52,229,1,0,1,16,2,14,50,17,33,23,4,19,1,0,1,190,29,161,0,0,0,0,0,0,0,0,0
208637,108,28,80,2,0,2,4,0,4,2,0,2,11,3,8,2,0,2,76,20,56,11,5,6,0,0,0,0,0,0
208646,688,247,441,12,6,6,14,5,9,11,6,5,73,27,46,22,8,14,491,170,321,31,11,20,24,9,15,10,5,5
208725,8,2,6,0,0,0,0,0,0,0,0,0,0,0,0,1,0,1,3,0,3,2,1,1,2,1,1,0,0,0
208822,1108,411,697,5,2,3,46,22,24,26,11,15,106,46,60,6,5,1,812,290,522,73,21,52,20,7,13,14,7,7
208859,29,5,24,0,0,0,0,0,0,1,1,0,0,0,0,0,0,0,27,4,23,0,0,0,1,0,1,0,0,0
209038,1266,497,769,10,3,7,22,7,15,6,2,4,166,66,100,8,5,3,867,343,524,79,33,46,41,17,24,67,21,46
209056,825,284,541,4,1,3,30,6,24,20,5,15,81,20,61,5,4,1,571,202,369,48,21,27,38,14,24,28,11,17
209065,251,100,151,2,1,1,12,3,9,4,4,0,47,14,33,2,1,1,144,57,87,24,10,14,8,3,5,8,7,1
209074,790,323,467,8,4,4,21,4,17,7,3,4,86,34,52,3,0,3,566,230,336,35,16,19,49,18,31,15,14,1
209083,44,8,36,1,0,1,5,2,3,0,0,0,13,3,10,2,1,1,16,1,15,4,0,4,3,1,2,0,0,0
209153,27,5,22,0,0,0,0,0,0,0,0,0,3,1,2,0,0,0,21,2,19,2,1,1,1,1,0,0,0,0
209205,34,6,28,1,0,1,1,1,0,4,0,4,6,1,5,0,0,0,15,1,14,6,2,4,1,1,0,0,0,0
209241,28,26,2,0,0,0,5,5,0,0,0,0,9,9,0,0,0,0,11,9,2,1,1,0,0,0,0,2,2,0
209250,1125,418,707,5,2,3,104,46,58,34,10,24,148,47,101,2,0,2,691,254,437,91,31,60,36,20,16,14,8,6
209287,149,75,74,2,1,1,6,4,2,2,1,1,12,6,6,2,1,1,108,53,55,8,4,4,4,3,1,5,2,3
209296,149,18,131,1,0,1,9,3,6,1,0,1,11,1,10,1,0,1,99,11,88,5,1,4,21,2,19,1,0,1
209409,261,103,158,5,2,3,9,4,5,6,3,3,18,11,7,1,1,0,190,66,124,22,9,13,4,1,3,6,6,0
209490,1080,310,770,5,1,4,120,38,82,21,9,12,96,16,80,2,0,2,729,209,520,67,21,46,21,6,15,19,10,9
209506,781,414,367,10,4,6,58,34,24,9,4,5,76,33,43,5,4,1,533,280,253,43,23,20,21,14,7,26,18,8
209542,7732,3878,3854,33,16,17,562,309,253,97,57,40,688,312,376,17,11,6,4678,2205,2473,498,224,274,213,117,96,946,627,319
209551,5673,2512,3161,44,21,23,355,147,208,123,57,66,634,258,376,23,12,11,3523,1539,1984,391,168,223,79,32,47,501,278,223
209603,124,36,88,1,0,1,3,0,3,1,0,1,6,3,3,0,0,0,78,23,55,4,0,4,26,8,18,5,2,3
209612,1236,351,885,5,1,4,136,41,95,15,5,10,126,25,101,4,0,4,572,175,397,83,25,58,250,63,187,45,16,29
209667,39,0,39,1,0,1,1,0,1,1,0,1,5,0,5,0,0,0,27,0,27,4,0,4,0,0,0,0,0,0
209676,74,15,59,2,0,2,0,0,0,1,0,1,4,1,3,0,0,0,58,11,47,5,3,2,4,0,4,0,0,0
209694,45,9,36,1,0,1,0,0,0,2,1,1,14,3,11,0,0,0,18,3,15,7,1,6,3,1,2,0,0,0
209700,85,19,66,0,0,0,4,0,4,8,4,4,19,7,12,0,0,0,54,8,46,0,0,0,0,0,0,0,0,0
209719,48,2,46,0,0,0,1,0,1,2,1,1,10,0,10,0,0,0,35,1,34,0,0,0,0,0,0,0,0,0
209746,3952,1644,2308,32,11,21,295,109,186,131,58,73,490,188,302,21,8,13,2304,992,1312,306,114,192,253,128,125,120,36,84
209807,6731,2844,3887,57,20,37,526,221,305,227,107,120,955,362,593,38,15,23,3801,1568,2233,412,152,260,212,112,100,503,287,216
209825,941,400,541,3,0,3,118,49,69,13,8,5,99,38,61,16,5,11,508,225,283,65,24,41,72,35,37,47,16,31
209922,329,165,164,0,0,0,17,10,7,5,4,1,30,11,19,0,0,0,197,99,98,21,8,13,10,4,6,49,29,20
209940,692,210,482,7,3,4,11,2,9,6,3,3,132,38,94,2,2,0,492,148,344,22,7,15,19,6,13,1,1,0
210146,1184,389,795,18,1,17,23,10,13,15,7,8,129,46,83,3,1,2,742,234,508,96,33,63,116,41,75,42,16,26
210155,361,129,232,8,3,5,6,2,4,2,1,1,41,17,24,1,0,1,260,89,171,25,11,14,12,2,10,6,4,2
210234,345,125,220,3,0,3,2,1,1,3,3,0,95,27,68,1,1,0,213,84,129,19,6,13,6,2,4,3,1,2
210270,567,206,361,8,5,3,13,5,8,6,1,5,8,2,6,3,0,3,474,172,302,29,12,17,26,9,17,0,0,0
210304,146,57,89,1,1,0,4,0,4,16,9,7,38,18,20,2,0,2,66,20,46,16,8,8,2,0,2,1,1,0
210331,305,127,178,2,0,2,7,2,5,6,4,2,37,16,21,2,1,1,214,88,126,13,3,10,12,4,8,12,9,3
210340,37,3,34,4,1,3,0,0,0,0,0,0,7,0,7,0,0,0,21,2,19,5,0,5,0,0,0,0,0,0
210368,160,96,64,0,0,0,16,10,6,3,1,2,13,7,6,0,0,0,116,71,45,3,1,2,8,6,2,1,0,1
210401,535,238,297,2,0,2,39,19,20,9,4,5,67,30,37,4,2,2,324,146,178,34,13,21,46,19,27,10,5,5
210429,1163,387,776,12,5,7,47,11,36,31,16,15,192,64,128,25,15,10,746,242,504,18,10,8,38,10,28,54,14,40
210438,522,212,310,5,4,1,20,8,12,13,5,8,10,4,6,2,0,2,244,102,142,50,18,32,35,10,25,143,61,82
210492,66,23,43,0,0,0,3,0,3,6,3,3,2,0,2,0,0,0,44,17,27,0,0,0,8,1,7,3,2,1
210508,2,1,1,0,0,0,0,0,0,0,0,0,0,0,0,0,0,0,0,0,0,0,0,0,0,0,0,2,1,1
210571,413,153,260,0,0,0,8,3,5,79,28,51,55,17,38,0,0,0,243,96,147,13,4,9,13,4,9,2,1,1
210599,501,336,165,2,2,0,8,8,0,361,254,107,38,26,12,0,0,0,68,32,36,10,6,4,12,6,6,2,2,0
210605,2583,1222,1361,9,4,5,92,29,63,296,100,196,66,18,48,1,1,0,1688,769,919,68,31,37,362,270,92,1,0,1
210669,361,146,215,0,0,0,11,4,7,31,9,22,24,10,14,0,0,0,265,108,157,17,6,11,4,3,1,9,6,3
210711,43,2,41,0,0,0,0,0,0,11,1,10,15,1,14,0,0,0,12,0,12,3,0,3,2,0,2,0,0,0
210739,927,318,609,1,0,1,33,8,25,47,14,33,83,28,55,0,0,0,694,242,452,19,6,13,50,20,30,0,0,0
210748,64,1,63,0,0,0,0,0,0,3,0,3,0,0,0,0,0,0,60,1,59,1,0,1,0,0,0,0,0,0
210775,641,161,480,0,0,0,8,3,5,52,13,39,65,17,48,0,0,0,485,122,363,11,1,10,18,4,14,2,1,1
210784,148,1,147,0,0,0,2,0,2,43,0,43,23,0,23,0,0,0,71,1,70,5,0,5,4,0,4,0,0,0
210809,3450,2496,954,17,8,9,88,61,27,118,81,37,18,12,6,8,3,5,1948,1418,530,41,34,7,1212,879,333,0,0,0
211006,137,132,5,0,0,0,1,1,0,10,10,0,44,42,2,1,1,0,77,75,2,4,3,1,0,0,0,0,0,0
211024,212,121,91,0,0,0,5,3,2,10,10,0,7,3,4,0,0,0,180,97,83,5,4,1,1,1,0,4,3,1
211079,289,86,203,1,1,0,1,0,1,18,6,12,3,2,1,0,0,0,242,72,170,9,0,9,15,5,10,0,0,0
211088,1048,285,763,1,1,0,73,18,55,74,22,52,54,18,36,2,1,1,548,140,408,17,4,13,200,43,157,79,38,41
211130,48,24,24,0,0,0,6,5,1,7,3,4,0,0,0,0,0,0,23,6,17,0,0,0,2,0,2,10,10,0
211158,2007,795,1212,4,1,3,25,10,15,120,51,69,138,54,84,1,0,1,1631,640,991,51,20,31,37,19,18,0,0,0
211273,414,30,384,0,0,0,37,3,34,23,2,21,38,3,35,0,0,0,199,18,181,22,2,20,21,1,20,74,1,73
211291,899,451,448,0,0,0,51,19,32,29,17,12,61,28,33,0,0,0,659,332,327,46,24,22,4,1,3,49,30,19
211307,1006,417,589,5,3,2,61,37,24,42,16,26,67,28,39,1,1,0,737,303,434,18,5,13,69,24,45,6,0,6
211316,57,0,57,0,0,0,1,0,1,5,0,5,5,0,5,0,0,0,46,0,46,0,0,0,0,0,0,0,0,0
211334,27,1,26,0,0,0,0,0,0,0,0,0,1,0,1,0,0,0,26,1,25,0,0,0,0,0,0,0,0,0
211343,437,154,283,0,0,0,3,1,2,7,1,6,7,2,5,0,0,0,403,143,260,7,1,6,6,4,2,4,2,2
211352,465,149,316,0,0,0,6,2,4,61,18,43,33,6,27,1,0,1,298,106,192,11,3,8,32,7,25,23,7,16
211361,2179,802,1377,1,0,1,32,15,17,182,74,108,94,32,62,5,1,4,1728,625,1103,65,27,38,61,20,41,11,8,3
211431,586,84,502,3,0,3,9,3,6,72,6,66,9,1,8,0,0,0,427,65,362,12,0,12,53,9,44,1,0,1
211440,4883,2820,2063,0,0,0,803,381,422,129,78,51,202,117,85,2,2,0,1065,652,413,101,45,56,212,134,78,2369,1411,958
211468,372,27,345,0,0,0,13,1,12,29,4,25,36,1,35,1,1,0,245,12,233,4,0,4,36,2,34,8,6,2
211477,295,111,184,5,1,4,4,2,2,29,10,19,13,6,7,0,0,0,217,78,139,9,4,5,12,7,5,6,3,3
211556,754,162,592,2,0,2,29,11,18,63,8,55,33,7,26,1,0,1,540,113,427,13,2,11,55,10,45,18,11,7
211583,404,113,291,0,0,0,13,4,9,117,27,90,39,6,33,0,0,0,179,58,121,12,2,10,31,10,21,13,6,7
211608,96,35,61,0,0,0,0,0,0,77,26,51,4,1,3,0,0,0,0,0,0,8,4,4,6,4,2,1,0,1
211635,58,4,54,0,0,0,2,0,2,2,0,2,1,0,1,0,0,0,53,4,49,0,0,0,0,0,0,0,0,0
211644,1373,334,1039,2,2,0,14,4,10,70,18,52,35,5,30,3,2,1,1149,278,871,27,11,16,71,13,58,2,1,1
211802,69,13,56,0,0,0,0,0,0,0,0,0,0,0,0,0,0,0,69,13,56,0,0,0,0,0,0,0,0,0
211893,19,8,11,0,0,0,1,0,1,0,0,0,0,0,0,0,0,0,8,4,4,0,0,0,0,0,0,10,4,6
211927,1599,647,952,4,2,2,95,45,50,366,119,247,37,12,25,2,0,2,927,404,523,80,27,53,88,38,50,0,0,0
211981,480,164,316,1,0,1,3,1,2,18,9,9,31,11,20,1,0,1,344,122,222,2,0,2,80,21,59,0,0,0
212009,486,183,303,1,0,1,21,7,14,26,11,15,51,20,31,0,0,0,292,109,183,21,5,16,2,1,1,72,30,42
212045,199,79,120,0,0,0,0,0,0,16,6,10,2,0,2,1,1,0,167,64,103,13,8,5,0,0,0,0,0,0
212054,6217,2575,3642,8,3,5,890,389,501,524,147,377,367,152,215,5,2,3,3226,1255,1971,230,87,143,203,73,130,764,467,297
212106,2554,841,1713,3,0,3,78,25,53,107,46,61,96,42,54,3,2,1,2036,648,1388,63,20,43,30,10,20,138,48,90
212115,1286,508,778,3,2,1,25,14,11,168,63,105,138,63,75,2,1,1,848,324,524,50,16,34,33,15,18,19,10,9
212133,798,220,578,1,0,1,20,7,13,150,35,115,101,26,75,0,0,0,403,105,298,16,3,13,82,34,48,25,10,15
212160,1212,387,825,5,3,2,9,4,5,69,20,49,31,10,21,0,0,0,1037,326,711,0,0,0,48,16,32,13,8,5
212197,503,160,343,0,0,0,12,3,9,14,2,12,18,6,12,1,0,1,447,145,302,4,1,3,2,0,2,5,3,2
212230,22,1,21,0,0,0,1,0,1,3,0,3,5,1,4,0,0,0,13,0,13,0,0,0,0,0,0,0,0,0
212267,34,1,33,0,0,0,0,0,0,10,0,10,7,1,6,0,0,0,11,0,11,4,0,4,2,0,2,0,0,0
212276,24,2,22,0,0,0,2,0,2,4,0,4,3,1,2,0,0,0,12,1,11,2,0,2,1,0,1,0,0,0
212294,48,1,47,0,0,0,0,0,0,1,0,1,4,0,4,0,0,0,38,1,37,1,0,1,4,0,4,0,0,0
212300,23,2,21,0,0,0,0,0,0,2,0,2,3,2,1,0,0,0,17,0,17,1,0,1,0,0,0,0,0,0
212328,43,0,43,0,0,0,0,0,0,6,0,6,10,0,10,0,0,0,13,0,13,2,0,2,12,0,12,0,0,0
212337,28,2,26,0,0,0,0,0,0,22,2,20,3,0,3,0,0,0,0,0,0,1,0,1,2,0,2,0,0,0
212355,92,3,89,0,0,0,0,0,0,7,1,6,6,0,6,0,0,0,75,2,73,2,0,2,2,0,2,0,0,0
212382,88,4,84,0,0,0,8,0,8,18,1,17,13,1,12,0,0,0,34,2,32,8,0,8,7,0,7,0,0,0
212391,56,1,55,0,0,0,1,0,1,6,1,5,27,0,27,0,0,0,16,0,16,3,0,3,3,0,3,0,0,0
212434,170,138,32,0,0,0,9,9,0,13,6,7,7,7,0,0,0,0,141,116,25,0,0,0,0,0,0,0,0,0
212443,48,26,22,0,0,0,2,1,1,1,1,0,1,0,1,0,0,0,40,22,18,0,0,0,2,0,2,2,2,0
212577,592,245,347,0,0,0,25,2,23,44,13,31,71,34,37,0,0,0,346,152,194,16,5,11,14,5,9,76,34,42
212601,1075,393,682,0,0,0,20,5,15,42,16,26,31,10,21,1,1,0,800,254,546,18,4,14,49,22,27,114,81,33
212656,298,135,163,2,0,2,5,1,4,22,5,17,4,1,3,0,0,0,241,118,123,11,5,6,8,5,3,5,0,5
212674,583,266,317,0,0,0,8,3,5,20,7,13,53,24,29,0,0,0,449,209,240,15,5,10,10,6,4,28,12,16
212753,55,2,53,0,0,0,0,0,0,6,1,5,3,1,2,0,0,0,8,0,8,1,0,1,37,0,37,0,0,0
212771,125,9,116,0,0,0,2,0,2,3,0,3,2,2,0,0,0,0,110,5,105,2,2,0,6,0,6,0,0,0
212805,541,292,249,0,0,0,2,0,2,3,1,2,1,1,0,0,0,0,511,277,234,21,11,10,0,0,0,3,2,1
212832,766,173,593,5,1,4,26,6,20,116,24,92,32,2,30,0,0,0,426,112,314,10,4,6,151,24,127,0,0,0
212869,339,45,294,1,0,1,12,1,11,132,19,113,42,5,37,0,0,0,129,17,112,14,1,13,6,1,5,3,1,2
212878,2117,762,1355,8,3,5,79,35,44,148,56,92,201,75,126,1,0,1,1532,532,1000,63,22,41,41,18,23,44,21,23
212911,326,159,167,0,0,0,43,21,22,18,9,9,32,13,19,0,0,0,166,89,77,19,6,13,8,3,5,40,18,22
212975,110,80,30,0,0,0,3,1,2,15,12,3,5,3,2,0,0,0,75,56,19,1,1,0,11,7,4,0,0,0
212984,887,161,726,2,1,1,44,4,40,94,18,76,22,3,19,2,0,2,610,117,493,1,0,1,112,18,94,0,0,0
212993,29,16,13,1,0,1,2,1,1,16,9,7,5,3,2,0,0,0,4,3,1,0,0,0,1,0,1,0,0,0
213011,551,120,431,0,0,0,14,4,10,72,14,58,36,8,28,1,0,1,397,87,310,12,3,9,11,2,9,8,2,6
213020,2527,996,1531,3,1,2,31,11,20,204,81,123,77,30,47,0,0,0,1940,727,1213,82,29,53,59,37,22,131,80,51
213163,37,4,33,0,0,0,0,0,0,2,0,2,0,0,0,0,0,0,32,4,28,2,0,2,1,0,1,0,0,0
213181,206,11,195,1,0,1,14,1,13,19,2,17,21,1,20,0,0,0,147,7,140,3,0,3,1,0,1,0,0,0
213233,165,120,45,1,1,0,2,2,0,6,5,1,7,4,3,0,0,0,145,104,41,0,0,0,4,4,0,0,0,0
213251,291,119,172,0,0,0,7,1,6,10,7,3,11,1,10,0,0,0,225,93,132,6,2,4,11,7,4,21,8,13
213303,241,86,155,1,0,1,3,0,3,15,9,6,18,8,10,0,0,0,180,62,118,4,0,4,20,7,13,0,0,0
213321,590,275,315,0,0,0,16,8,8,14,8,6,26,8,18,0,0,0,426,189,237,14,6,8,43,14,29,51,42,9
213330,22,1,21,0,0,0,0,0,0,1,0,1,0,0,0,0,0,0,21,1,20,0,0,0,0,0,0,0,0,0
213349,1847,750,1097,2,0,2,39,15,24,114,66,48,140,63,77,2,1,1,1415,556,859,59,22,37,61,19,42,15,8,7
213358,356,150,206,1,0,1,4,3,1,19,9,10,10,3,7,0,0,0,242,89,153,10,5,5,22,5,17,48,36,12
213367,1371,462,909,1,0,1,71,18,53,173,50,123,172,45,127,1,1,0,843,310,533,33,12,21,46,8,38,31,18,13
213376,561,256,305,1,1,0,6,2,4,55,42,13,54,18,36,2,1,1,338,132,206,9,3,6,96,57,39,0,0,0
213385,573,257,316,0,0,0,23,10,13,23,9,14,38,14,24,0,0,0,374,167,207,21,8,13,38,18,20,56,31,25
213400,515,277,238,1,0,1,14,8,6,126,63,63,15,6,9,2,0,2,209,118,91,107,63,44,41,19,22,0,0,0
213446,31,13,18,0,0,0,0,0,0,10,4,6,4,3,1,0,0,0,17,6,11,0,0,0,0,0,0,0,0,0
213455,150,6,144,0,0,0,4,0,4,18,2,16,19,1,18,1,0,1,80,3,77,11,0,11,17,0,17,0,0,0
213473,47,8,39,0,0,0,4,0,4,12,3,9,3,0,3,0,0,0,28,5,23,0,0,0,0,0,0,0,0,0
213491,32,0,32,0,0,0,0,0,0,2,0,2,1,0,1,0,0,0,27,0,27,2,0,2,0,0,0,0,0,0
213507,566,223,343,0,0,0,11,2,9,10,7,3,25,13,12,0,0,0,499,192,307,8,2,6,5,3,2,8,4,4
213525,926,287,639,1,0,1,23,11,12,53,16,37,196,56,140,1,0,1,585,178,407,51,18,33,14,8,6,2,0,2
213534,225,83,142,2,2,0,4,2,2,14,4,10,114,41,73,0,0,0,72,28,44,17,4,13,2,2,0,0,0,0
213543,1857,956,901,1,0,1,111,52,59,54,31,23,143,79,64,3,1,2,1120,551,569,47,25,22,68,31,37,310,186,124
213570,314,48,266,0,0,0,4,2,2,54,7,47,114,11,103,0,0,0,101,22,79,10,2,8,31,4,27,0,0,0
213589,141,127,14,0,0,0,5,5,0,57,50,7,31,28,3,0,0,0,24,22,2,10,8,2,14,14,0,0,0,0
213598,505,135,370,1,0,1,0,0,0,420,104,316,24,9,15,0,0,0,2,1,1,7,1,6,24,8,16,27,12,15
213613,703,251,452,2,0,2,12,3,9,38,23,15,23,7,16,0,0,0,597,210,387,15,4,11,11,3,8,5,1,4
213622,60,5,55,0,0,0,1,0,1,1,0,1,0,0,0,0,0,0,56,5,51,2,0,2,0,0,0,0,0,0
213631,54,29,25,0,0,0,0,0,0,8,5,3,1,1,0,0,0,0,45,23,22,0,0,0,0,0,0,0,0,0
213659,623,238,385,2,1,1,12,6,6,17,7,10,77,20,57,2,1,1,451,182,269,6,1,5,56,20,36,0,0,0
213668,189,95,94,0,0,0,3,0,3,20,13,7,21,11,10,0,0,0,123,57,66,4,4,0,10,6,4,8,4,4
213774,132,18,114,1,1,0,4,1,3,32,10,22,23,0,23,0,0,0,65,4,61,4,1,3,3,1,2,0,0,0
213783,347,138,209,1,0,1,2,1,1,34,16,18,0,0,0,0,0,0,283,108,175,11,5,6,13,6,7,3,2,1
213826,735,199,536,1,1,0,21,7,14,14,7,7,38,6,32,0,0,0,582,147,435,6,1,5,48,13,35,25,17,8
213914,163,15,148,0,0,0,1,0,1,4,0,4,4,0,4,0,0,0,147,15,132,7,0,7,0,0,0,0,0,0
213932,75,11,64,0,0,0,5,1,4,19,0,19,4,2,2,0,0,0,42,6,36,5,2,3,0,0,0,0,0,0
213987,817,296,521,13,6,7,15,5,10,35,16,19,21,8,13,0,0,0,673,237,436,1,0,1,20,5,15,39,19,20
213996,886,305,581,1,0,1,29,7,22,29,17,12,49,20,29,0,0,0,725,237,488,21,8,13,4,2,2,28,14,14
214023,1,0,1,0,0,0,0,0,0,1,0,1,0,0,0,0,0,0,0,0,0,0,0,0,0,0,0,0,0,0
214041,1632,563,1069,4,3,1,47,13,34,94,42,52,143,40,103,0,0,0,1285,444,841,20,7,13,17,6,11,22,8,14
214069,698,181,517,1,0,1,14,4,10,20,5,15,25,5,20,1,0,1,593,153,440,19,7,12,25,7,18,0,0,0
214111,1394,556,838,2,0,2,106,53,53,147,41,106,92,30,62,3,1,2,904,372,532,42,18,24,70,30,40,28,11,17
214148,101,0,101,0,0,0,6,0,6,10,0,10,5,0,5,0,0,0,70,0,70,6,0,6,3,0,3,1,0,1
214157,678,231,447,3,0,3,18,2,16,19,8,11,69,21,48,1,0,1,482,165,317,12,4,8,46,14,32,28,17,11
214166,362,104,258,1,1,0,7,6,1,10,7,3,4,1,3,0,0,0,298,76,222,0,0,0,32,6,26,10,7,3
214175,521,208,313,0,0,0,17,4,13,22,11,11,50,22,28,0,0,0,373,150,223,10,6,4,34,10,24,15,5,10
214272,479,156,323,1,0,1,7,5,2,87,14,73,25,11,14,0,0,0,296,105,191,21,13,8,38,8,30,4,0,4
214290,376,354,22,0,0,0,1,1,0,31,28,3,5,5,0,0,0,0,337,318,19,0,0,0,2,2,0,0,0,0
214379,1431,486,945,3,0,3,26,8,18,137,48,89,279,86,193,1,0,1,907,308,599,20,10,10,26,9,17,32,17,15
214476,24,3,21,0,0,0,0,0,0,1,0,1,0,0,0,0,0,0,23,3,20,0,0,0,0,0,0,0,0,0
214528,229,215,14,0,0,0,9,8,1,84,75,9,28,27,1,1,1,0,53,52,1,5,5,0,49,47,2,0,0,0
214564,431,73,358,0,0,0,69,14,55,18,2,16,17,2,15,1,0,1,285,44,241,9,1,8,2,0,2,30,10,20
214582,102,20,82,0,0,0,3,1,2,55,7,48,1,0,1,0,0,0,27,8,19,4,0,4,12,4,8,0,0,0
214883,309,84,225,1,1,0,8,6,2,164,38,126,33,10,23,1,1,0,71,23,48,3,2,1,27,3,24,1,0,1
214892,232,98,134,0,0,0,4,0,4,25,9,16,2,0,2,0,0,0,195,88,107,5,1,4,1,0,1,0,0,0
214944,362,281,81,1,1,0,10,10,0,82,64,18,57,39,18,2,2,0,195,155,40,15,10,5,0,0,0,0,0,0
214971,72,18,54,0,0,0,4,0,4,3,1,2,6,2,4,0,0,0,46,14,32,2,0,2,5,1,4,6,0,6
215008,38,38,0,0,0,0,1,1,0,2,2,0,0,0,0,0,0,0,35,35,0,0,0,0,0,0,0,0,0,0
215044,90,19,71,0,0,0,2,0,2,21,4,17,7,3,4,0,0,0,29,5,24,9,0,9,22,7,15,0,0,0
215053,58,23,35,0,0,0,2,2,0,6,4,2,2,2,0,0,0,0,42,11,31,4,3,1,2,1,1,0,0,0
215062,7981,3430,4551,12,5,7,1183,510,673,503,192,311,593,267,326,3,2,1,3387,1399,1988,293,117,176,158,72,86,1849,866,983
215105,439,155,284,0,0,0,15,4,11,79,31,48,46,14,32,0,0,0,233,83,150,8,3,5,43,15,28,15,5,10
215114,253,96,157,1,0,1,15,3,12,25,9,16,4,2,2,0,0,0,184,72,112,11,4,7,4,3,1,9,3,6
215123,855,304,551,1,0,1,92,40,52,106,25,81,19,8,11,0,0,0,465,176,289,118,42,76,54,13,41,0,0,0
215132,586,205,381,1,1,0,174,67,107,33,9,24,25,9,16,0,0,0,293,101,192,22,8,14,30,7,23,8,3,5
215239,2076,700,1376,3,1,2,202,92,110,768,212,556,290,82,208,5,0,5,589,226,363,63,23,40,88,35,53,68,29,39
215266,250,94,156,1,0,1,6,2,4,25,11,14,15,5,10,0,0,0,186,67,119,8,6,2,7,2,5,2,1,1
215275,249,106,143,0,0,0,9,6,3,11,2,9,15,6,9,0,0,0,202,86,116,9,4,5,3,2,1,0,0,0
215284,465,251,214,0,0,0,11,6,5,16,4,12,16,7,9,0,0,0,384,211,173,17,8,9,14,8,6,7,7,0
215293,7712,3449,4263,1,1,0,637,272,365,364,139,225,293,110,183,3,2,1,5034,2262,2772,281,98,183,217,87,130,882,478,404
215309,12,1,11,0,0,0,0,0,0,2,0,2,1,0,1,0,0,0,9,1,8,0,0,0,0,0,0,0,0,0
215336,11,0,11,0,0,0,0,0,0,4,0,4,0,0,0,0,0,0,7,0,7,0,0,0,0,0,0,0,0,0
215381,661,604,57,3,3,0,2,2,0,42,35,7,9,7,2,1,1,0,434,396,38,23,22,1,133,124,9,14,14,0
215390,157,55,102,0,0,0,1,0,1,5,4,1,5,1,4,0,0,0,143,50,93,3,0,3,0,0,0,0,0,0
215415,593,321,272,1,1,0,4,4,0,38,11,27,5,2,3,0,0,0,322,181,141,23,12,11,199,110,89,1,0,1
215424,62,25,37,0,0,0,0,0,0,19,11,8,0,0,0,0,0,0,37,12,25,2,0,2,0,0,0,4,2,2
215442,980,371,609,1,0,1,12,6,6,120,48,72,53,20,33,0,0,0,725,263,462,27,6,21,4,2,2,38,26,12
215479,27,4,23,0,0,0,0,0,0,0,0,0,1,1,0,0,0,0,26,3,23,0,0,0,0,0,0,0,0,0
215530,56,3,53,0,0,0,0,0,0,1,0,1,0,0,0,0,0,0,52,2,50,3,1,2,0,0,0,0,0,0
215585,458,174,284,2,2,0,9,5,4,43,21,22,156,47,109,1,1,0,227,91,136,18,6,12,1,0,1,1,1,0
215594,158,48,110,0,0,0,1,0,1,20,10,10,20,4,16,1,0,1,105,29,76,3,1,2,8,4,4,0,0,0
215619,6,1,5,0,0,0,0,0,0,0,0,0,0,0,0,0,0,0,6,1,5,0,0,0,0,0,0,0,0,0
215637,66,15,51,0,0,0,5,2,3,16,5,11,5,2,3,0,0,0,32,5,27,7,1,6,1,0,1,0,0,0
215655,1420,735,685,0,0,0,26,13,13,73,50,23,35,12,23,1,0,1,1071,514,557,39,19,20,44,22,22,131,105,26
215682,267,257,10,1,1,0,1,1,0,33,33,0,12,12,0,0,0,0,217,207,10,3,3,0,0,0,0,0,0,0
215691,207,60,147,0,0,0,5,1,4,72,14,58,14,6,8,0,0,0,84,24,60,3,0,3,24,11,13,5,4,1
215743,669,217,452,0,0,0,14,2,12,32,19,13,32,14,18,2,0,2,529,162,367,9,3,6,48,14,34,3,3,0
215770,2175,888,1287,2,1,1,67,21,46,190,59,131,126,53,73,2,1,1,1489,656,833,50,20,30,140,37,103,109,40,69
215798,452,225,227,2,2,0,8,6,2,26,16,10,15,6,9,1,1,0,374,182,192,13,6,7,8,3,5,5,3,2
215813,9,9,0,0,0,0,0,0,0,0,0,0,0,0,0,0,0,0,8,8,0,0,0,0,0,0,0,1,1,0
215886,54,21,33,0,0,0,0,0,0,0,0,0,3,3,0,0,0,0,51,18,33,0,0,0,0,0,0,0,0,0
215929,1380,524,856,2,1,1,46,16,30,47,22,25,116,44,72,4,0,4,1048,385,663,25,16,9,66,26,40,26,14,12
215947,565,169,396,1,0,1,13,1,12,34,16,18,27,7,20,0,0,0,457,133,324,14,5,9,19,7,12,0,0,0
215974,144,22,122,0,0,0,4,1,3,14,0,14,3,0,3,0,0,0,116,19,97,5,2,3,2,0,2,0,0,0
215983,20,1,19,0,0,0,0,0,0,1,0,1,0,0,0,0,0,0,19,1,18,0,0,0,0,0,0,0,0,0
215992,94,25,69,0,0,0,0,0,0,9,4,5,0,0,0,0,0,0,82,21,61,2,0,2,1,0,1,0,0,0
216010,1177,480,697,0,0,0,21,9,12,72,34,38,69,31,38,0,0,0,929,369,560,44,14,30,11,6,5,31,17,14
216038,2148,784,1364,1,1,0,24,6,18,75,32,43,59,22,37,0,0,0,1858,664,1194,69,29,40,41,19,22,21,11,10
216047,60,57,3,0,0,0,2,2,0,0,0,0,3,3,0,0,0,0,46,43,3,1,1,0,0,0,0,8,8,0
216074,322,5,317,1,0,1,5,0,5,110,2,108,4,0,4,0,0,0,184,3,181,10,0,10,8,0,8,0,0,0
216083,234,70,164,1,0,1,4,1,3,4,2,2,6,1,5,0,0,0,214,65,149,5,1,4,0,0,0,0,0,0
216162,123,14,109,0,0,0,1,1,0,7,1,6,18,3,15,0,0,0,97,9,88,0,0,0,0,0,0,0,0,0
216223,45,2,43,0,0,0,0,0,0,12,0,12,11,1,10,0,0,0,16,1,15,4,0,4,2,0,2,0,0,0
216278,530,224,306,3,0,3,13,4,9,17,12,5,40,20,20,1,1,0,428,180,248,12,5,7,13,0,13,3,2,1
216287,342,163,179,1,0,1,50,21,29,29,7,22,34,19,15,0,0,0,131,64,67,27,13,14,21,11,10,49,28,21
216296,449,401,48,0,0,0,8,7,1,37,31,6,47,41,6,0,0,0,343,310,33,13,11,2,1,1,0,0,0,0
216311,25,25,0,0,0,0,0,0,0,0,0,0,0,0,0,0,0,0,23,23,0,0,0,0,0,0,0,2,2,0
216339,9749,4329,5420,13,5,8,1140,525,615,1061,339,722,657,270,387,6,3,3,5455,2534,2921,307,117,190,359,156,203,751,380,371
216348,5,3,2,0,0,0,0,0,0,3,1,2,0,0,0,0,0,0,2,2,0,0,0,0,0,0,0,0,0,0
216357,114,57,57,0,0,0,2,2,0,12,9,3,3,1,2,0,0,0,90,43,47,5,1,4,2,1,1,0,0,0
216366,2764,724,2040,5,1,4,292,87,205,231,43,188,207,60,147,4,1,3,1643,402,1241,74,20,54,115,26,89,193,84,109
216436,71,66,5,0,0,0,1,1,0,22,20,2,3,3,0,0,0,0,45,42,3,0,0,0,0,0,0,0,0,0
216445,108,105,3,0,0,0,1,1,0,1,1,0,3,3,0,0,0,0,103,100,3,0,0,0,0,0,0,0,0,0
216454,83,75,8,1,1,0,0,0,0,0,0,0,0,0,0,0,0,0,81,73,8,1,1,0,0,0,0,0,0,0
216463,33,21,12,0,0,0,1,0,1,1,0,1,2,1,1,0,0,0,25,16,9,0,0,0,0,0,0,4,4,0
216524,321,149,172,0,0,0,12,6,6,19,11,8,20,10,10,1,0,1,253,113,140,8,3,5,5,5,0,3,1,2
216542,123,62,61,0,0,0,3,1,2,18,11,7,16,9,7,0,0,0,73,36,37,5,0,5,3,2,1,5,3,2
216551,42,37,5,0,0,0,3,3,0,3,3,0,5,3,2,0,0,0,26,24,2,4,3,1,0,0,0,1,1,0
216579,48,2,46,0,0,0,0,0,0,12,0,12,2,0,2,1,0,1,33,2,31,0,0,0,0,0,0,0,0,0
216597,3408,1572,1836,3,2,1,174,86,88,164,74,90,232,104,128,2,1,1,2481,1136,1345,102,46,56,92,48,44,158,75,83
216630,44,7,37,0,0,0,0,0,0,1,1,0,0,0,0,0,0,0,43,6,37,0,0,0,0,0,0,0,0,0
216667,246,112,134,0,0,0,4,1,3,10,4,6,16,8,8,0,0,0,187,80,107,7,4,3,15,9,6,7,6,1
216694,423,168,255,1,1,0,6,4,2,14,7,7,7,2,5,0,0,0,369,148,221,6,0,6,20,6,14,0,0,0
216746,62,57,5,0,0,0,1,1,0,5,5,0,3,2,1,0,0,0,52,48,4,0,0,0,1,1,0,0,0,0
216764,4437,1566,2871,6,3,3,115,37,78,481,136,345,215,81,134,2,0,2,3370,1216,2154,145,56,89,65,24,41,38,13,25
216773,50,13,37,0,0,0,0,0,0,2,1,1,0,0,0,0,0,0,42,12,30,6,0,6,0,0,0,0,0,0
216782,99,13,86,0,0,0,3,0,3,31,5,26,5,2,3,0,0,0,55,5,50,4,1,3,1,0,1,0,0,0
216807,263,106,157,4,2,2,0,0,0,5,3,2,2,2,0,0,0,0,182,68,114,3,1,2,67,30,37,0,0,0
216816,163,114,49,0,0,0,22,17,5,3,3,0,3,3,0,0,0,0,81,49,32,1,1,0,15,9,6,38,32,6
216825,606,204,402,0,0,0,2,1,1,19,4,15,13,6,7,0,0,0,544,184,360,21,6,15,1,1,0,6,2,4
216852,1713,554,1159,6,1,5,58,22,36,248,55,193,92,29,63,1,0,1,1111,375,736,55,18,37,83,23,60,59,31,28
216931,1281,453,828,0,0,0,46,12,34,52,17,35,54,21,33,1,1,0,1022,352,670,36,10,26,35,11,24,35,29,6
216940,62,62,0,0,0,0,1,1,0,4,4,0,1,1,0,0,0,0,54,54,0,2,2,0,0,0,0,0,0,0
217013,354,49,305,0,0,0,4,0,4,17,3,14,14,0,14,0,0,0,283,37,246,3,2,1,27,4,23,6,3,3
217040,3,3,0,0,0,0,0,0,0,0,0,0,0,0,0,0,0,0,3,3,0,0,0,0,0,0,0,0,0,0
217059,886,400,486,0,0,0,17,7,10,42,17,25,52,27,25,0,0,0,719,322,397,23,10,13,26,12,14,7,5,2
217077,367,127,240,1,0,1,10,4,6,15,2,13,58,16,42,1,0,1,259,97,162,20,7,13,3,1,2,0,0,0
217156,2576,1223,1353,6,2,4,379,168,211,165,69,96,251,99,152,1,1,0,1034,525,509,109,32,77,124,56,68,507,271,236
217165,1044,581,463,0,0,0,35,13,22,35,22,13,63,24,39,0,0,0,796,462,334,12,9,3,11,7,4,92,44,48
217235,1602,575,1027,5,3,2,45,13,32,174,59,115,188,57,131,0,0,0,913,318,595,51,23,28,84,32,52,142,70,72
217305,1086,650,436,2,1,1,16,9,7,44,26,18,91,52,39,1,0,1,672,380,292,28,17,11,217,154,63,15,11,4
217323,444,439,5,0,0,0,2,2,0,112,112,0,148,146,2,0,0,0,149,146,3,7,7,0,26,26,0,0,0,0
217402,1237,572,665,4,1,3,19,6,13,37,16,21,101,43,58,2,1,1,992,471,521,17,5,12,44,23,21,21,6,15
217420,1705,481,1224,5,2,3,50,15,35,145,35,110,320,80,240,2,0,2,1017,302,715,39,15,24,125,32,93,2,0,2
217475,2286,872,1414,4,1,3,76,33,43,146,61,85,391,140,251,0,0,0,1427,543,884,136,45,91,102,48,54,4,1,3
217484,4168,1684,2484,7,4,3,145,58,87,188,80,108,330,122,208,4,0,4,2984,1206,1778,87,43,44,292,103,189,131,68,63
217493,613,190,423,0,0,0,74,21,53,14,4,10,43,10,33,0,0,0,182,74,108,30,7,23,20,9,11,250,65,185
217518,1153,532,621,1,0,1,12,4,8,30,12,18,63,25,38,0,0,0,865,416,449,30,12,18,130,53,77,22,10,12
217536,765,276,489,1,0,1,13,5,8,13,3,10,67,20,47,0,0,0,578,215,363,17,4,13,62,22,40,14,7,7
217581,63,0,63,1,0,1,3,0,3,9,0,9,19,0,19,0,0,0,23,0,23,6,0,6,2,0,2,0,0,0
217606,54,30,24,0,0,0,0,0,0,0,0,0,6,2,4,0,0,0,43,24,19,1,1,0,2,1,1,2,2,0
217615,329,124,205,3,0,3,4,2,2,86,27,59,24,3,21,1,0,1,207,89,118,2,2,0,2,1,1,0,0,0
217624,64,30,34,0,0,0,0,0,0,63,30,33,1,0,1,0,0,0,0,0,0,0,0,0,0,0,0,0,0,0
217633,921,284,637,2,0,2,8,0,8,86,31,55,34,10,24,0,0,0,755,228,527,16,5,11,9,1,8,11,9,2
217688,708,247,461,3,1,2,16,6,10,112,43,69,31,11,20,3,2,1,444,149,295,18,9,9,68,20,48,13,6,7
217712,247,71,176,0,0,0,1,0,1,68,15,53,34,11,23,0,0,0,129,38,91,12,6,6,3,1,2,0,0,0
217721,154,57,97,1,0,1,3,0,3,139,51,88,3,2,1,0,0,0,2,1,1,0,0,0,5,3,2,1,0,1
217749,619,265,354,0,0,0,16,7,9,17,4,13,35,11,24,3,2,1,466,199,267,13,6,7,27,12,15,42,24,18
217776,382,121,261,1,0,1,2,1,1,79,25,54,14,5,9,0,0,0,269,85,184,12,3,9,1,0,1,4,2,2
217794,53,4,49,1,0,1,3,1,2,31,0,31,4,1,3,0,0,0,11,0,11,3,2,1,0,0,0,0,0,0
217819,2193,726,1467,9,5,4,39,17,22,161,45,116,150,49,101,6,2,4,1686,555,1131,84,27,57,34,16,18,24,10,14
217828,13,1,12,0,0,0,0,0,0,6,1,5,0,0,0,0,0,0,7,0,7,0,0,0,0,0,0,0,0,0
217837,303,71,232,7,1,6,2,0,2,115,16,99,6,1,5,0,0,0,160,49,111,11,4,7,2,0,2,0,0,0
217864,1020,760,260,7,7,0,23,16,7,89,60,29,65,41,24,3,3,0,775,583,192,41,37,4,10,7,3,7,6,1
217873,446,123,323,6,2,4,10,5,5,402,110,292,5,2,3,0,0,0,21,4,17,0,0,0,0,0,0,2,0,2
217882,7156,3425,3731,11,7,4,176,95,81,438,200,238,267,126,141,1,0,1,5504,2493,3011,199,107,92,51,27,24,509,370,139
217891,26,13,13,0,0,0,0,0,0,26,13,13,0,0,0,0,0,0,0,0,0,0,0,0,0,0,0,0,0,0
217907,242,96,146,2,0,2,2,1,1,74,22,52,4,3,1,0,0,0,144,64,80,13,5,8,0,0,0,3,1,2
217925,410,190,220,0,0,0,9,7,2,52,29,23,15,3,12,0,0,0,197,103,94,4,3,1,40,13,27,93,32,61
217934,451,79,372,2,1,1,2,0,2,137,7,130,22,5,17,0,0,0,208,44,164,12,1,11,66,21,45,2,0,2
217961,340,35,305,1,0,1,6,0,6,36,3,33,14,2,12,1,1,0,223,17,206,14,0,14,15,2,13,30,10,20
217989,96,20,76,0,0,0,1,0,1,81,17,64,2,0,2,0,0,0,11,2,9,1,1,0,0,0,0,0,0,0
217998,98,40,58,2,2,0,1,1,0,7,4,3,4,2,2,1,0,1,71,28,43,0,0,0,12,3,9,0,0,0
218025,545,248,297,6,3,3,8,4,4,169,51,118,19,13,6,0,0,0,268,138,130,8,4,4,67,35,32,0,0,0
218061,757,191,566,1,0,1,12,5,7,258,42,216,18,4,14,0,0,0,431,123,308,18,3,15,10,6,4,9,8,1
218070,723,272,451,2,1,1,15,6,9,52,22,30,45,18,27,0,0,0,559,204,355,24,11,13,9,4,5,17,6,11
218113,1783,792,991,5,5,0,45,18,27,242,81,161,182,92,90,3,1,2,1210,561,649,66,23,43,30,11,19,0,0,0
218140,1432,533,899,8,2,6,16,10,6,212,65,147,81,29,52,2,2,0,1044,398,646,50,19,31,14,7,7,5,1,4
218159,59,5,54,0,0,0,0,0,0,21,3,18,2,0,2,0,0,0,36,2,34,0,0,0,0,0,0,0,0,0
218195,43,2,41,0,0,0,0,0,0,25,0,25,0,0,0,1,1,0,17,1,16,0,0,0,0,0,0,0,0,0
218229,576,171,405,1,0,1,1,0,1,124,24,100,8,3,5,1,0,1,399,122,277,14,3,11,14,7,7,14,12,2
218238,441,192,249,2,1,1,2,1,1,177,69,108,13,5,8,1,1,0,216,98,118,3,0,3,4,2,2,23,15,8
218335,1011,318,693,2,2,0,55,17,38,83,18,65,53,14,39,0,0,0,727,235,492,39,14,25,33,9,24,19,9,10
218353,1617,522,1095,6,3,3,40,15,25,484,109,375,106,35,71,2,2,0,852,315,537,65,17,48,62,26,36,0,0,0
218399,90,26,64,1,0,1,0,0,0,85,26,59,0,0,0,0,0,0,0,0,0,0,0,0,4,0,4,0,0,0
218414,265,128,137,1,0,1,0,0,0,62,34,28,4,1,3,2,1,1,153,70,83,0,0,0,25,13,12,18,9,9
218441,508,238,270,0,0,0,4,1,3,34,19,15,20,9,11,0,0,0,340,161,179,15,6,9,91,38,53,4,4,0
218487,651,216,435,4,2,2,5,2,3,294,73,221,9,3,6,0,0,0,328,132,196,6,2,4,5,2,3,0,0,0
218520,1267,494,773,13,7,6,12,4,8,337,83,254,3,2,1,1,1,0,868,385,483,33,12,21,0,0,0,0,0,0
218539,202,72,130,2,1,1,4,2,2,23,10,13,5,3,2,0,0,0,156,52,104,6,2,4,1,0,1,5,2,3
218645,714,222,492,0,0,0,6,3,3,165,33,132,27,9,18,2,1,1,448,151,297,37,9,28,11,5,6,18,11,7
218654,402,121,281,2,0,2,7,2,5,89,20,69,37,13,24,1,1,0,243,83,160,18,1,17,3,1,2,2,0,2
218663,9355,3974,5381,14,3,11,302,145,157,907,309,598,401,169,232,7,5,2,6858,2890,3968,331,133,198,86,46,40,449,274,175
218672,126,46,80,0,0,0,2,0,2,19,3,16,4,2,2,0,0,0,95,38,57,4,2,2,1,0,1,1,1,0
218681,80,25,55,1,0,1,0,0,0,32,8,24,4,3,1,0,0,0,39,10,29,0,0,0,0,0,0,4,4,0
218690,154,63,91,0,0,0,3,0,3,39,14,25,5,3,2,1,0,1,93,38,55,8,5,3,1,0,1,4,3,1
218706,93,45,48,0,0,0,0,0,0,15,5,10,2,1,1,0,0,0,68,34,34,8,5,3,0,0,0,0,0,0
218724,2155,889,1266,6,1,5,15,5,10,314,144,170,95,38,57,2,0,2,1533,608,925,102,44,58,37,21,16,51,28,23
218733,439,144,295,1,0,1,1,0,1,410,137,273,0,0,0,0,0,0,24,7,17,0,0,0,3,0,3,0,0,0
218742,1244,387,857,3,1,2,55,17,38,295,65,230,69,25,44,2,1,1,719,235,484,52,19,33,16,9,7,33,15,18
218751,105,56,49,0,0,0,4,1,3,7,3,4,28,13,15,0,0,0,59,34,25,6,5,1,0,0,0,1,0,1
218821,263,136,127,1,1,0,2,0,2,87,42,45,20,11,9,0,0,0,144,77,67,7,3,4,0,0,0,2,2,0
218830,729,320,409,1,0,1,29,10,19,121,38,83,68,31,37,1,1,0,470,220,250,26,9,17,13,11,2,0,0,0
218858,518,213,305,1,0,1,2,1,1,186,58,128,9,3,6,0,0,0,300,140,160,14,8,6,6,3,3,0,0,0
218885,1968,774,1194,3,2,1,25,11,14,165,33,132,118,50,68,1,0,1,1558,636,922,78,34,44,20,8,12,0,0,0
218894,1896,683,1213,5,0,5,35,10,25,431,122,309,48,21,27,3,1,2,1187,454,733,81,29,52,106,46,60,0,0,0
218919,75,30,45,0,0,0,0,0,0,71,29,42,0,0,0,0,0,0,2,1,1,0,0,0,0,0,0,2,0,2
218955,86,18,68,0,0,0,1,0,1,59,13,46,0,0,0,0,0,0,26,5,21,0,0,0,0,0,0,0,0,0
218964,1343,366,977,3,0,3,17,9,8,344,94,250,58,20,38,3,1,2,823,202,621,47,15,32,1,1,0,47,24,23
218973,387,180,207,1,0,1,3,0,3,27,16,11,14,5,9,0,0,0,320,146,174,15,8,7,0,0,0,7,5,2
218991,1054,397,657,6,5,1,17,5,12,231,55,176,82,28,54,1,0,1,641,286,355,76,18,58,0,0,0,0,0,0
219000,520,161,359,4,0,4,9,3,6,10,4,6,17,4,13,1,1,0,448,136,312,6,1,5,1,0,1,24,12,12
219037,49,1,48,2,0,2,0,0,0,1,0,1,1,0,1,0,0,0,41,1,40,3,0,3,1,0,1,0,0,0
219046,546,189,357,10,2,8,7,0,7,6,4,2,29,12,17,0,0,0,452,156,296,21,8,13,15,3,12,6,4,2
219082,521,360,161,3,1,2,18,15,3,18,17,1,22,16,6,0,0,0,415,280,135,10,6,4,6,5,1,29,20,9
219091,214,95,119,3,1,2,1,0,1,7,5,2,12,5,7,0,0,0,183,77,106,5,4,1,1,1,0,2,2,0
219125,47,3,44,5,0,5,3,0,3,1,0,1,2,0,2,0,0,0,34,3,31,2,0,2,0,0,0,0,0,0
219143,845,441,404,18,9,9,5,3,2,5,2,3,12,4,8,0,0,0,769,401,368,0,0,0,34,21,13,2,1,1
219170,12,2,10,0,0,0,1,0,1,0,0,0,0,0,0,0,0,0,11,2,9,0,0,0,0,0,0,0,0,0
219189,469,338,131,12,8,4,11,9,2,2,1,1,12,9,3,1,1,0,419,301,118,11,8,3,1,1,0,0,0,0
219198,206,97,109,3,0,3,1,1,0,6,5,1,16,8,8,0,0,0,167,73,94,5,5,0,4,2,2,4,3,1
219204,538,222,316,9,4,5,14,7,7,123,46,77,73,26,47,0,0,0,268,114,154,34,15,19,17,10,7,0,0,0
219240,54,35,19,0,0,0,1,1,0,1,1,0,0,0,0,2,2,0,49,30,19,0,0,0,0,0,0,1,1,0
219259,336,127,209,2,1,1,7,3,4,6,3,3,10,3,7,4,2,2,288,110,178,6,1,5,1,0,1,12,4,8
219277,154,32,122,148,30,118,0,0,0,0,0,0,1,1,0,0,0,0,5,1,4,0,0,0,0,0,0,0,0,0
219295,173,50,123,5,1,4,4,0,4,15,9,6,8,1,7,0,0,0,134,35,99,5,4,1,2,0,2,0,0,0
219338,5,0,5,1,0,1,0,0,0,0,0,0,0,0,0,0,0,0,4,0,4,0,0,0,0,0,0,0,0,0
219347,480,368,112,4,4,0,10,7,3,7,7,0,17,11,6,0,0,0,369,284,85,20,14,6,3,2,1,50,39,11
219356,2404,1029,1375,13,2,11,38,21,17,34,22,12,50,17,33,1,0,1,2034,834,1200,30,10,20,12,6,6,192,117,75
219374,6,2,4,5,2,3,0,0,0,0,0,0,0,0,0,0,0,0,1,0,1,0,0,0,0,0,0,0,0,0
219383,463,168,295,0,0,0,6,2,4,10,9,1,21,6,15,0,0,0,405,141,264,7,4,3,11,6,5,3,0,3
219392,13,3,10,0,0,0,2,2,0,0,0,0,1,0,1,1,0,1,9,1,8,0,0,0,0,0,0,0,0,0
219408,22,11,11,20,9,11,0,0,0,2,2,0,0,0,0,0,0,0,0,0,0,0,0,0,0,0,0,0,0,0
219426,788,339,449,9,4,5,22,7,15,27,9,18,24,9,15,1,1,0,674,291,383,9,2,7,21,16,5,1,0,1
219453,100,1,99,3,0,3,8,1,7,4,0,4,12,0,12,0,0,0,71,0,71,0,0,0,2,0,2,0,0,0
219471,2045,725,1320,22,6,16,29,14,15,48,28,20,57,13,44,2,0,2,1749,610,1139,63,14,49,12,8,4,63,32,31
219480,377,159,218,46,15,31,3,2,1,4,1,3,19,9,10,0,0,0,298,127,171,3,2,1,4,3,1,0,0,0
219505,2,1,1,0,0,0,0,0,0,2,1,1,0,0,0,0,0,0,0,0,0,0,0,0,0,0,0,0,0,0
219587,37,0,37,0,0,0,0,0,0,0,0,0,2,0,2,0,0,0,34,0,34,1,0,1,0,0,0,0,0,0
219596,108,67,41,1,0,1,1,1,0,5,2,3,3,3,0,0,0,0,96,60,36,2,1,1,0,0,0,0,0,0
219602,3074,1131,1943,5,1,4,63,23,40,595,219,376,215,90,125,10,5,5,1909,686,1223,173,56,117,56,21,35,48,30,18
219639,156,16,140,0,0,0,4,1,3,46,5,41,9,0,9,0,0,0,97,10,87,0,0,0,0,0,0,0,0,0
219709,2107,668,1439,5,3,2,48,14,34,112,33,79,139,40,99,1,1,0,1678,533,1145,59,18,41,47,16,31,18,10,8
219718,792,346,446,0,0,0,5,1,4,253,89,164,18,9,9,0,0,0,475,227,248,23,10,13,7,4,3,11,6,5
219790,275,117,158,1,0,1,3,1,2,20,10,10,7,4,3,0,0,0,223,89,134,6,3,3,7,3,4,8,7,1
219806,733,246,487,2,1,1,3,2,1,62,26,36,24,6,18,0,0,0,597,185,412,8,2,6,3,2,1,34,22,12
219824,1325,465,860,3,1,2,30,9,21,113,41,72,73,28,45,2,0,2,1041,368,673,54,14,40,5,2,3,4,2,2
219833,442,196,246,1,0,1,18,6,12,87,23,64,29,11,18,1,0,1,173,86,87,13,5,8,68,28,40,52,37,15
219842,83,49,34,0,0,0,2,1,1,16,8,8,21,8,13,0,0,0,23,15,8,1,1,0,18,15,3,2,1,1
219851,82,0,82,0,0,0,0,0,0,54,0,54,4,0,4,0,0,0,21,0,21,3,0,3,0,0,0,0,0,0
219879,668,307,361,3,3,0,7,2,5,33,11,22,38,20,18,1,0,1,585,271,314,1,0,1,0,0,0,0,0,0
219888,1025,422,603,3,1,2,16,6,10,48,16,32,68,29,39,0,0,0,856,358,498,18,6,12,13,6,7,3,0,3
219903,758,61,697,7,0,7,5,1,4,343,19,324,28,6,22,0,0,0,65,9,56,0,0,0,309,26,283,1,0,1
219921,177,88,89,0,0,0,0,0,0,36,9,27,1,0,1,0,0,0,134,75,59,6,4,2,0,0,0,0,0,0
219949,670,276,394,4,1,3,10,3,7,59,33,26,32,13,19,0,0,0,428,169,259,0,0,0,111,46,65,26,11,15
219976,1437,488,949,2,1,1,49,7,42,149,41,108,60,23,37,0,0,0,1077,382,695,40,10,30,28,9,19,32,15,17
219994,454,226,228,0,0,0,5,4,1,57,19,38,35,21,14,0,0,0,328,168,160,27,13,14,2,1,1,0,0,0
220002,23,4,19,1,1,0,0,0,0,11,2,9,0,0,0,0,0,0,8,1,7,3,0,3,0,0,0,0,0,0
220057,476,170,306,3,0,3,3,1,2,64,20,44,20,10,10,0,0,0,375,137,238,7,1,6,3,1,2,1,0,1
220075,3630,1254,2376,3,1,2,66,33,33,230,85,145,78,35,43,2,2,0,2969,982,1987,98,40,58,72,28,44,112,48,64
220118,117,2,115,0,0,0,1,0,1,37,0,37,7,0,7,0,0,0,72,2,70,0,0,0,0,0,0,0,0,0
220127,377,185,192,0,0,0,1,0,1,28,13,15,18,8,10,0,0,0,314,156,158,5,2,3,5,4,1,6,2,4
220163,25,0,25,0,0,0,0,0,0,3,0,3,3,0,3,0,0,0,19,0,19,0,0,0,0,0,0,0,0,0
220181,105,36,69,0,0,0,0,0,0,89,28,61,2,0,2,0,0,0,1,1,0,0,0,0,4,0,4,9,7,2
220206,82,23,59,0,0,0,1,0,1,3,0,3,4,1,3,0,0,0,70,22,48,2,0,2,0,0,0,2,0,2
220215,444,199,245,3,1,2,0,0,0,39,8,31,3,1,2,0,0,0,336,157,179,3,3,0,48,17,31,12,12,0
220251,163,95,68,1,1,0,0,0,0,5,4,1,9,5,4,1,0,1,138,80,58,6,4,2,2,1,1,1,0,1
220279,219,119,100,0,0,0,2,1,1,16,4,12,7,7,0,0,0,0,182,102,80,7,2,5,5,3,2,0,0,0
220321,199,93,106,1,1,0,0,0,0,9,4,5,9,2,7,0,0,0,170,80,90,6,4,2,4,2,2,0,0,0
220394,175,95,80,1,0,1,0,0,0,3,2,1,1,0,1,1,0,1,163,88,75,3,3,0,2,2,0,1,0,1
220400,640,201,439,0,0,0,3,2,1,112,24,88,20,3,17,0,0,0,483,167,316,11,1,10,11,4,7,0,0,0
220464,52,30,22,0,0,0,0,0,0,5,4,1,1,0,1,0,0,0,46,26,20,0,0,0,0,0,0,0,0,0
220473,260,147,113,1,0,1,1,1,0,15,10,5,7,2,5,0,0,0,215,121,94,5,2,3,13,9,4,3,2,1
220491,149,4,145,0,0,0,2,0,2,45,0,45,12,1,11,0,0,0,81,2,79,4,1,3,4,0,4,1,0,1
220516,738,228,510,5,1,4,6,3,3,37,16,21,3,2,1,5,2,3,648,186,462,8,4,4,10,3,7,16,11,5
220552,1845,317,1528,17,2,15,52,17,35,414,40,374,83,14,69,3,1,2,1158,227,931,29,4,25,15,1,14,74,11,63
220598,128,53,75,0,0,0,1,1,0,113,45,68,1,1,0,0,0,0,2,0,2,0,0,0,11,6,5,0,0,0
220604,114,28,86,0,0,0,0,0,0,110,26,84,0,0,0,0,0,0,0,0,0,0,0,0,0,0,0,4,2,2
220613,1009,368,641,7,2,5,6,2,4,45,19,26,21,9,12,1,1,0,826,288,538,30,15,15,36,14,22,37,18,19
220631,1526,473,1053,8,4,4,88,38,50,91,25,66,68,19,49,2,0,2,1150,326,824,0,0,0,93,44,49,26,17,9
220640,202,119,83,0,0,0,0,0,0,0,0,0,8,5,3,0,0,0,186,111,75,5,2,3,3,1,2,0,0,0
220701,157,63,94,0,0,0,1,1,0,14,4,10,3,0,3,0,0,0,114,49,65,4,1,3,12,1,11,9,7,2
220710,210,83,127,3,2,1,1,1,0,12,10,2,5,3,2,0,0,0,180,64,116,6,1,5,2,2,0,1,0,1
220756,102,82,20,0,0,0,0,0,0,3,2,1,3,2,1,0,0,0,92,74,18,2,2,0,2,2,0,0,0,0
220765,178,21,157,0,0,0,2,0,2,75,12,63,12,2,10,0,0,0,87,7,80,0,0,0,2,0,2,0,0,0
220792,315,120,195,1,1,0,13,5,8,271,101,170,4,0,4,0,0,0,26,13,13,0,0,0,0,0,0,0,0,0
220853,343,210,133,0,0,0,1,1,0,249,149,100,19,11,8,0,0,0,48,35,13,9,5,4,14,8,6,3,1,2
220862,4538,1663,2875,9,5,4,215,92,123,1335,358,977,232,83,149,4,1,3,2391,969,1422,140,44,96,51,17,34,161,94,67
220871,44,28,16,0,0,0,2,2,0,26,13,13,1,1,0,0,0,0,15,12,3,0,0,0,0,0,0,0,0,0
220978,4667,1973,2694,8,4,4,253,109,144,763,272,491,272,107,165,7,4,3,3144,1375,1769,156,61,95,16,11,5,48,30,18
220996,94,39,55,0,0,0,4,2,2,6,2,4,0,0,0,1,0,1,76,32,44,2,0,2,5,3,2,0,0,0
221050,377,271,106,0,0,0,0,0,0,6,4,2,23,20,3,0,0,0,328,230,98,13,11,2,0,0,0,7,6,1
221096,1242,436,806,3,2,1,29,6,23,111,34,77,101,43,58,2,1,1,954,331,623,34,14,20,8,5,3,0,0,0
221102,372,227,145,3,2,1,11,8,3,66,36,30,34,19,15,2,2,0,236,148,88,18,11,7,2,1,1,0,0,0
221148,650,607,43,1,1,0,9,8,1,183,178,5,73,68,5,1,0,1,370,342,28,8,5,3,5,5,0,0,0,0
221184,1148,422,726,3,1,2,46,19,27,246,87,159,112,41,71,2,1,1,675,248,427,48,17,31,8,4,4,8,4,4
221236,274,187,87,0,0,0,0,0,0,36,19,17,16,9,7,1,1,0,200,141,59,13,10,3,7,6,1,1,1,0
221281,160,76,84,0,0,0,1,1,0,14,4,10,6,2,4,0,0,0,133,65,68,5,4,1,1,0,1,0,0,0
221333,192,113,79,0,0,0,1,1,0,22,6,16,6,5,1,2,2,0,151,91,60,10,8,2,0,0,0,0,0,0
221351,452,180,272,0,0,0,34,14,20,42,16,26,25,11,14,0,0,0,308,127,181,18,2,16,7,1,6,18,9,9
221388,125,36,89,3,1,2,0,0,0,57,16,41,2,0,2,0,0,0,53,17,36,7,1,6,2,1,1,1,0,1
221397,1081,370,711,2,1,1,12,4,8,25,11,14,45,19,26,1,0,1,961,318,643,19,11,8,15,6,9,1,0,1
221430,103,63,40,0,0,0,0,0,0,4,3,1,3,3,0,0,0,0,94,56,38,0,0,0,1,0,1,1,1,0
221485,1139,359,780,4,4,0,29,8,21,620,160,460,82,21,61,2,2,0,372,154,218,23,8,15,1,0,1,6,2,4
221494,263,194,69,0,0,0,0,0,0,23,17,6,19,13,6,0,0,0,206,150,56,5,4,1,8,8,0,2,2,0
221519,424,199,225,0,0,0,5,1,4,24,14,10,22,10,12,0,0,0,348,162,186,9,3,6,0,0,0,16,9,7
221582,121,69,52,1,1,0,0,0,0,0,0,0,3,2,1,0,0,0,115,64,51,1,1,0,1,1,0,0,0,0
221591,279,182,97,0,0,0,1,0,1,4,1,3,6,3,3,0,0,0,255,169,86,5,3,2,6,6,0,2,0,2
221607,134,95,39,0,0,0,1,1,0,4,2,2,6,4,2,0,0,0,120,85,35,1,1,0,2,2,0,0,0,0
221616,481,277,204,0,0,0,3,2,1,156,68,88,21,16,5,0,0,0,277,172,105,11,7,4,10,9,1,3,3,0
221625,452,220,232,0,0,0,3,1,2,37,2,35,6,0,6,0,0,0,390,213,177,5,0,5,7,3,4,4,1,3
221643,2027,950,1077,3,1,2,38,14,24,106,45,61,109,49,60,3,2,1,1669,795,874,76,33,43,9,5,4,14,6,8
221661,701,235,466,0,0,0,67,31,36,75,23,52,145,45,100,4,1,3,335,111,224,35,13,22,0,0,0,40,11,29
221670,134,45,89,0,0,0,18,6,12,4,0,4,1,1,0,0,0,0,102,34,68,6,1,5,2,2,0,1,1,0
221731,282,88,194,1,0,1,4,1,3,24,12,12,12,5,7,0,0,0,216,61,155,10,1,9,6,2,4,9,6,3
221740,2571,1071,1500,5,4,1,63,25,38,234,75,159,120,46,74,3,2,1,1946,802,1144,67,36,31,59,23,36,74,58,16
221759,7344,3343,4001,19,9,10,287,159,128,431,175,256,297,116,181,6,2,4,5740,2596,3144,231,97,134,95,38,57,238,151,87
221768,1269,476,793,5,1,4,7,2,5,149,53,96,37,18,19,0,0,0,1033,385,648,25,12,13,0,0,0,13,5,8
221829,204,5,199,0,0,0,4,2,2,7,0,7,6,0,6,1,0,1,186,3,183,0,0,0,0,0,0,0,0,0
221838,1451,501,950,1,0,1,34,12,22,910,285,625,25,6,19,0,0,0,381,134,247,25,10,15,1,0,1,74,54,20
221847,2321,1139,1182,4,3,1,36,18,18,64,31,33,59,37,22,0,0,0,2028,970,1058,60,30,30,15,6,9,55,44,11
221892,1260,399,861,4,1,3,23,4,19,317,77,240,38,14,24,0,0,0,761,262,499,22,6,16,34,9,25,61,26,35
221908,1045,466,579,5,3,2,6,2,4,16,6,10,35,18,17,1,0,1,955,422,533,23,13,10,4,2,2,0,0,0
221953,497,190,307,1,0,1,0,0,0,39,22,17,13,8,5,2,1,1,396,135,261,1,0,1,29,15,14,16,9,7
221971,970,284,686,8,4,4,20,7,13,222,35,187,15,3,12,0,0,0,668,221,447,0,0,0,26,7,19,11,7,4
221999,3923,1678,2245,14,12,2,359,181,178,369,135,234,293,118,175,10,5,5,2176,880,1296,176,69,107,135,67,68,391,211,180
222053,1481,581,900,2,2,0,21,10,11,88,27,61,85,29,56,4,0,4,1201,485,716,41,11,30,38,17,21,1,0,1
222062,1241,554,687,5,3,2,8,6,2,31,15,16,62,25,37,1,0,1,1107,493,614,24,9,15,0,0,0,3,3,0
222105,132,123,9,0,0,0,0,0,0,44,41,3,11,10,1,0,0,0,69,64,5,0,0,0,8,8,0,0,0,0
222178,1262,434,828,3,0,3,21,6,15,158,58,100,220,59,161,1,1,0,759,267,492,37,12,25,23,7,16,40,24,16
222567,1022,433,589,4,3,1,70,29,41,112,54,58,365,147,218,3,3,0,409,174,235,0,0,0,30,14,16,29,9,20
222576,1674,598,1076,7,3,4,45,18,27,92,31,61,719,241,478,2,1,1,749,276,473,31,14,17,29,14,15,0,0,0
222628,315,115,200,3,0,3,25,14,11,57,13,44,32,12,20,0,0,0,147,45,102,0,0,0,2,2,0,49,29,20
222822,656,220,436,3,0,3,8,2,6,68,13,55,211,76,135,0,0,0,342,118,224,18,7,11,1,0,1,5,4,1
222831,1757,668,1089,11,5,6,26,11,15,153,61,92,523,195,328,1,1,0,934,347,587,53,23,30,5,1,4,51,24,27
222877,23,12,11,0,0,0,0,0,0,12,6,6,0,0,0,0,0,0,11,6,5,0,0,0,0,0,0,0,0,0
222886,252,23,229,0,0,0,8,3,5,90,6,84,88,7,81,1,0,1,64,7,57,0,0,0,0,0,0,1,0,1
222938,91,36,55,1,1,0,7,3,4,28,12,16,28,9,19,0,0,0,19,8,11,0,0,0,2,2,0,6,1,5
222983,261,120,141,0,0,0,34,18,16,23,11,12,57,22,35,0,0,0,132,61,71,9,5,4,0,0,0,6,3,3
222992,5524,2274,3250,28,8,20,372,152,220,373,121,252,2050,843,1207,4,1,3,2378,1033,1345,200,76,124,38,17,21,81,23,58
223001,29,14,15,0,0,0,0,0,0,2,0,2,0,0,0,0,0,0,27,14,13,0,0,0,0,0,0,0,0,0
223056,31,3,28,0,0,0,1,0,1,1,0,1,12,1,11,2,2,0,14,0,14,1,0,1,0,0,0,0,0,0
223083,370,55,315,0,0,0,6,1,5,21,2,19,131,23,108,1,0,1,103,15,88,105,14,91,3,0,3,0,0,0
223117,24,18,6,0,0,0,0,0,0,4,1,3,2,2,0,0,0,0,14,12,2,0,0,0,0,0,0,4,3,1
223223,369,157,212,2,0,2,101,48,53,13,5,8,45,19,26,1,1,0,175,65,110,0,0,0,3,2,1,29,17,12
223232,4738,1869,2869,19,7,12,298,105,193,299,103,196,697,260,437,3,2,1,2952,1175,1777,198,85,113,62,26,36,210,106,104
223320,546,167,379,1,0,1,6,2,4,10,4,6,415,129,286,0,0,0,100,22,78,6,2,4,8,8,0,0,0,0
223427,2971,1260,1711,11,4,7,71,38,33,191,71,120,660,255,405,2,0,2,1929,844,1085,85,38,47,22,10,12,0,0,0
223463,309,47,262,4,1,3,8,4,4,108,16,92,131,20,111,2,0,2,47,5,42,9,1,8,0,0,0,0,0,0
223472,129,9,120,0,0,0,1,1,0,11,1,10,63,6,57,0,0,0,44,1,43,6,0,6,4,0,4,0,0,0
223506,691,358,333,4,3,1,8,4,4,38,26,12,277,140,137,1,1,0,338,175,163,19,7,12,6,2,4,0,0,0
223816,2097,924,1173,11,6,5,69,30,39,543,235,308,566,243,323,31,13,18,677,316,361,122,44,78,67,33,34,11,4,7
223852,21,1,20,0,0,0,1,0,1,4,0,4,5,1,4,0,0,0,11,0,11,0,0,0,0,0,0,0,0,0
223898,503,170,333,0,0,0,4,2,2,51,31,20,142,32,110,2,0,2,286,95,191,15,7,8,1,1,0,2,2,0
223922,335,147,188,1,0,1,2,0,2,34,18,16,85,29,56,0,0,0,181,84,97,0,0,0,26,12,14,6,4,2
224004,735,218,517,4,2,2,36,6,30,125,40,85,233,69,164,3,0,3,297,86,211,18,7,11,19,8,11,0,0,0
224013,13,1,12,0,0,0,0,0,0,0,0,0,5,0,5,0,0,0,8,1,7,0,0,0,0,0,0,0,0,0
224110,1436,611,825,7,5,2,43,20,23,107,28,79,307,121,186,1,0,1,882,393,489,47,17,30,4,2,2,38,25,13
224147,2718,1041,1677,7,3,4,112,46,66,159,59,100,1258,442,816,3,3,0,1014,406,608,43,11,32,17,8,9,105,63,42
224156,155,6,149,0,0,0,2,0,2,39,0,39,42,3,39,1,0,1,60,3,57,10,0,10,1,0,1,0,0,0
224226,1096,403,693,3,2,1,26,13,13,135,44,91,155,52,103,5,3,2,584,217,367,10,2,8,2,0,2,176,70,106
224244,38,16,22,1,1,0,0,0,0,9,3,6,4,2,2,0,0,0,21,9,12,3,1,2,0,0,0,0,0,0
224271,100,27,73,2,0,2,0,0,0,12,2,10,8,2,6,0,0,0,69,22,47,8,1,7,1,0,1,0,0,0
224305,433,265,168,2,1,1,35,22,13,42,24,18,36,27,9,0,0,0,249,143,106,11,7,4,20,14,6,38,27,11
224323,643,344,299,0,0,0,53,29,24,67,31,36,115,56,59,1,0,1,309,173,136,20,14,6,10,4,6,68,37,31
224350,1552,638,914,2,1,1,38,11,27,30,11,19,1101,436,665,2,2,0,352,165,187,9,1,8,11,4,7,7,7,0
224527,384,149,235,1,0,1,2,1,1,45,23,22,55,20,35,0,0,0,264,95,169,14,7,7,1,1,0,2,2,0
224545,479,167,312,3,1,2,7,4,3,61,19,42,60,21,39,1,1,0,299,94,205,17,6,11,16,9,7,15,12,3
224554,3453,1260,2193,12,5,7,162,84,78,552,218,334,692,219,473,6,2,4,1588,521,1067,178,70,108,39,19,20,224,122,102
224615,11412,4292,7120,29,12,17,863,393,470,2217,686,1531,5174,1822,3352,9,5,4,2091,926,1165,211,72,139,444,190,254,374,186,188
224642,3863,1446,2417,19,9,10,28,12,16,74,36,38,3299,1198,2101,5,2,3,282,128,154,9,6,3,93,36,57,54,19,35
224660,220,116,104,4,2,2,2,0,2,20,13,7,143,71,72,0,0,0,34,18,16,15,10,5,2,2,0,0,0,0
224679,986,850,136,7,6,1,1,1,0,30,28,2,770,660,110,5,4,1,118,106,12,50,41,9,5,4,1,0,0,0
224712,38,11,27,1,0,1,0,0,0,3,0,3,2,1,1,0,0,0,29,9,20,2,0,2,0,0,0,1,1,0
224758,12,0,12,0,0,0,0,0,0,1,0,1,4,0,4,0,0,0,7,0,7,0,0,0,0,0,0,0,0,0
224776,76,35,41,1,0,1,2,0,2,17,8,9,19,10,9,1,0,1,30,14,16,4,3,1,2,0,2,0,0,0
224828,69,2,67,0,0,0,4,0,4,3,0,3,15,0,15,0,0,0,45,2,43,1,0,1,1,0,1,0,0,0
224891,242,95,147,5,4,1,2,2,0,6,3,3,95,31,64,0,0,0,117,51,66,0,0,0,4,0,4,13,4,9
224961,554,239,315,5,4,1,17,7,10,83,34,49,199,77,122,1,0,1,223,109,114,14,3,11,10,4,6,2,1,1
225070,1034,349,685,37,11,26,19,4,15,100,29,71,142,46,96,2,1,1,708,246,462,0,0,0,16,10,6,10,2,8
225201,344,236,108,3,1,2,10,7,3,36,24,12,151,99,52,3,2,1,120,91,29,15,10,5,6,2,4,0,0,0
225247,532,223,309,2,2,0,8,4,4,47,26,21,102,34,68,0,0,0,336,138,198,23,11,12,5,2,3,9,6,3
225308,1450,550,900,12,4,8,7,4,3,197,100,97,360,135,225,4,2,2,740,232,508,37,10,27,84,59,25,9,4,5
225371,815,407,408,5,1,4,2,2,0,26,7,19,247,120,127,0,0,0,501,258,243,21,10,11,9,7,2,4,2,2
225399,962,267,695,4,1,3,67,21,46,233,49,184,264,70,194,1,0,1,272,91,181,29,7,22,44,12,32,48,16,32
225414,2467,874,1593,5,2,3,221,92,129,228,61,167,817,249,568,1,0,1,901,332,569,81,35,46,29,16,13,184,87,97
225423,6420,2266,4154,9,3,6,592,260,332,1637,477,1160,2265,791,1474,5,2,3,731,303,428,121,35,86,106,48,58,954,347,607
225432,3657,1266,2391,7,1,6,385,187,198,805,241,564,1513,480,1033,3,0,3,625,241,384,86,29,57,37,11,26,196,76,120
225502,1349,399,950,0,0,0,135,43,92,236,72,164,466,133,333,2,1,1,418,109,309,25,6,19,7,2,5,60,33,27
225511,11467,5204,6263,11,3,8,2312,1079,1233,1039,375,664,3598,1540,2058,12,3,9,2909,1369,1540,293,134,159,291,131,160,1002,570,432
225520,705,229,476,1,0,1,9,5,4,20,7,13,341,97,244,2,1,1,302,110,192,20,6,14,0,0,0,10,3,7
225548,215,111,104,1,0,1,1,0,1,20,13,7,52,21,31,0,0,0,121,65,56,6,1,5,14,11,3,0,0,0
225575,223,72,151,1,0,1,2,1,1,138,44,94,67,21,46,0,0,0,9,6,3,0,0,0,1,0,1,5,0,5
225627,2164,922,1242,9,3,6,145,52,93,224,112,112,1017,373,644,7,3,4,521,251,270,50,25,25,126,63,63,65,40,25
225876,75,30,45,0,0,0,1,0,1,4,2,2,32,11,21,0,0,0,24,11,13,1,0,1,7,4,3,6,2,4
225885,90,21,69,1,0,1,0,0,0,73,17,56,12,4,8,0,0,0,2,0,2,1,0,1,0,0,0,1,0,1
225991,47,28,19,0,0,0,1,1,0,11,8,3,11,7,4,0,0,0,22,11,11,0,0,0,2,1,1,0,0,0
226019,920,324,596,5,2,3,5,1,4,174,45,129,214,87,127,0,0,0,464,166,298,25,6,19,3,1,2,30,16,14
226091,5380,1563,3817,18,7,11,174,65,109,1166,283,883,1123,321,802,0,0,0,2667,761,1906,50,20,30,37,14,23,145,92,53
226107,432,133,299,3,2,1,5,3,2,81,17,64,28,10,18,0,0,0,314,101,213,0,0,0,1,0,1,0,0,0
226116,474,134,340,3,0,3,30,11,19,127,32,95,153,43,110,0,0,0,150,41,109,7,3,4,4,4,0,0,0,0
226125,66,4,62,0,0,0,0,0,0,0,0,0,66,4,62,0,0,0,0,0,0,0,0,0,0,0,0,0,0,0
226134,1604,660,944,0,0,0,5,2,3,0,0,0,1575,647,928,1,0,1,17,8,9,0,0,0,6,3,3,0,0,0
226152,1807,615,1192,1,0,1,15,6,9,19,5,14,1563,516,1047,0,0,0,99,39,60,15,4,11,2,2,0,93,43,50
226204,3683,2612,1071,12,4,8,36,20,16,744,608,136,1367,852,515,0,0,0,1411,1059,352,69,42,27,42,25,17,2,2,0
226231,458,225,233,5,3,2,6,4,2,62,14,48,27,12,15,0,0,0,279,143,136,37,14,23,33,29,4,9,6,3
226277,686,654,32,4,4,0,5,5,0,119,114,5,291,278,13,1,1,0,219,206,13,10,10,0,37,36,1,0,0,0
226383,359,101,258,1,0,1,3,0,3,20,6,14,77,15,62,0,0,0,238,73,165,0,0,0,10,0,10,10,7,3
226408,1194,480,714,5,3,2,26,9,17,209,66,143,404,147,257,2,2,0,506,238,268,17,4,13,17,5,12,8,6,2
226471,853,257,596,4,1,3,19,9,10,88,23,65,166,50,116,0,0,0,504,141,363,17,5,12,28,14,14,27,14,13
226578,1654,467,1187,7,3,4,27,15,12,186,44,142,569,142,427,1,1,0,813,242,571,38,16,22,13,4,9,0,0,0
226587,232,102,130,4,1,3,5,1,4,24,10,14,53,24,29,0,0,0,122,51,71,10,4,6,1,0,1,13,11,2
226675,190,24,166,2,1,1,6,2,4,17,0,17,70,6,64,1,0,1,77,13,64,3,1,2,14,1,13,0,0,0
226806,720,290,430,2,1,1,14,6,8,56,23,33,407,151,256,2,0,2,202,96,106,13,3,10,3,0,3,21,10,11
226833,1345,452,893,10,2,8,35,15,20,162,51,111,224,82,142,0,0,0,709,228,481,50,14,36,13,5,8,142,55,87
226860,40,2,38,0,0,0,0,0,0,1,0,1,18,1,17,0,0,0,21,1,20,0,0,0,0,0,0,0,0,0
226879,54,7,47,1,0,1,3,0,3,13,1,12,14,3,11,0,0,0,23,3,20,0,0,0,0,0,0,0,0,0
226903,653,299,354,10,4,6,15,8,7,106,57,49,283,99,184,4,0,4,212,121,91,21,8,13,2,2,0,0,0,0
227058,58,1,57,1,0,1,0,0,0,25,0,25,20,1,19,0,0,0,8,0,8,0,0,0,0,0,0,4,0,4
227146,1288,491,797,5,3,2,16,7,9,178,63,115,238,77,161,2,2,0,778,312,466,38,12,26,11,4,7,22,11,11
227182,10085,3773,6312,16,7,9,774,322,452,1233,390,843,4014,1488,2526,0,0,0,3062,1209,1853,333,115,218,173,61,112,480,181,299
227216,10600,4479,6121,36,14,22,644,291,353,1246,447,799,2485,963,1522,9,4,5,4751,2071,2680,423,174,249,91,45,46,915,470,445
227225,562,179,383,3,0,3,5,3,2,43,11,32,205,67,138,0,0,0,283,85,198,6,4,2,3,2,1,14,7,7
227289,30,28,2,0,0,0,2,2,0,1,1,0,11,11,0,0,0,0,5,5,0,1,1,0,0,0,0,10,8,2
227298,169,161,8,0,0,0,1,1,0,23,19,4,54,54,0,0,0,0,81,78,3,10,9,1,0,0,0,0,0,0
227304,1291,415,876,9,2,7,13,4,9,69,22,47,850,272,578,1,1,0,305,96,209,5,1,4,20,8,12,19,9,10
227313,256,2,254,4,0,4,6,1,5,124,1,123,64,0,64,1,0,1,39,0,39,18,0,18,0,0,0,0,0,0
227322,306,7,299,2,0,2,4,0,4,55,2,53,100,3,97,0,0,0,132,2,130,11,0,11,2,0,2,0,0,0
227331,820,165,655,2,0,2,7,4,3,127,16,111,482,103,379,1,0,1,116,30,86,10,1,9,68,6,62,7,5,2
227368,6957,2494,4463,2,1,1,165,84,81,121,42,79,6155,2161,3994,2,1,1,330,124,206,12,9,3,108,38,70,62,34,28
227377,978,369,609,2,1,1,1,0,1,2,1,1,927,345,582,0,0,0,22,8,14,1,0,1,17,11,6,6,3,3
227386,618,241,377,2,0,2,5,3,2,82,21,61,92,37,55,0,0,0,410,166,244,16,9,7,0,0,0,11,5,6
227401,1542,620,922,18,9,9,22,7,15,104,37,67,309,133,176,3,0,3,1033,416,617,32,11,21,11,4,7,10,3,7
227429,91,39,52,0,0,0,0,0,0,71,32,39,14,4,10,0,0,0,3,1,2,0,0,0,1,0,1,2,2,0
227526,1756,619,1137,3,2,1,57,33,24,1400,458,942,149,57,92,2,1,1,39,13,26,30,10,20,8,3,5,68,42,26
227687,454,171,283,4,0,4,1,0,1,15,7,8,128,49,79,0,0,0,268,93,175,11,6,5,6,4,2,21,12,9
227748,103,99,4,0,0,0,9,9,0,18,16,2,41,40,1,2,2,0,30,29,1,3,3,0,0,0,0,0,0,0
227757,2193,1250,943,2,1,1,438,202,236,106,50,56,251,139,112,3,2,1,751,467,284,77,40,37,46,34,12,519,315,204
227845,1023,368,655,9,2,7,25,9,16,59,20,39,443,143,300,4,1,3,383,140,243,25,13,12,25,12,13,50,28,22
227854,1582,696,886,4,3,1,35,10,25,214,78,136,983,434,549,0,0,0,318,155,163,19,11,8,9,5,4,0,0,0
227863,972,294,678,2,0,2,74,30,44,128,28,100,404,102,302,2,1,1,221,78,143,13,4,9,23,8,15,105,43,62
227881,5288,1786,3502,28,9,19,123,43,80,750,227,523,1317,376,941,4,2,2,2731,1012,1719,154,46,108,83,18,65,98,53,45
227924,3519,1285,2234,11,6,5,124,43,81,295,118,177,2154,753,1401,3,1,2,864,337,527,59,24,35,4,1,3,5,2,3
227979,5906,2075,3831,11,6,5,370,156,214,474,136,338,3418,1139,2279,6,2,4,1368,531,837,89,32,57,94,37,57,76,36,40
228042,345,128,217,1,1,0,5,2,3,10,2,8,127,49,78,1,1,0,192,68,124,7,3,4,0,0,0,2,2,0
228088,23,2,21,0,0,0,0,0,0,1,0,1,14,2,12,0,0,0,8,0,8,0,0,0,0,0,0,0,0,0
228149,927,414,513,3,0,3,26,11,15,41,21,20,532,219,313,0,0,0,209,104,105,14,5,9,41,20,21,61,34,27
228158,1396,573,823,13,5,8,17,7,10,67,25,42,716,255,461,0,0,0,558,270,288,0,0,0,5,1,4,20,10,10
228185,8,7,1,0,0,0,0,0,0,0,0,0,8,7,1,0,0,0,0,0,0,0,0,0,0,0,0,0,0,0
228194,277,125,152,1,1,0,15,4,11,25,5,20,75,32,43,1,1,0,141,70,71,3,1,2,16,11,5,0,0,0
228200,245,127,118,0,0,0,0,0,0,1,1,0,232,119,113,0,0,0,8,4,4,4,3,1,0,0,0,0,0,0
228219,347,142,205,0,0,0,0,0,0,3,2,1,266,121,145,0,0,0,77,19,58,1,0,1,0,0,0,0,0,0
228246,3689,1913,1776,9,4,5,263,130,133,231,102,129,444,196,248,4,2,2,2107,1125,982,129,53,76,19,11,8,483,290,193
228282,39,7,32,0,0,0,1,0,1,1,0,1,34,6,28,0,0,0,3,1,2,0,0,0,0,0,0,0,0,0
228316,1315,575,740,4,1,3,4,2,2,10,7,3,1180,504,676,0,0,0,102,57,45,5,3,2,10,1,9,0,0,0
228325,413,192,221,10,6,4,8,3,5,49,27,22,64,26,38,0,0,0,250,119,131,28,9,19,0,0,0,4,2,2
228343,308,122,186,0,0,0,10,4,6,14,7,7,73,37,36,0,0,0,196,71,125,9,2,7,2,0,2,4,1,3
228431,2880,940,1940,21,6,15,32,8,24,400,112,288,489,139,350,0,0,0,1791,618,1173,93,33,60,20,7,13,34,17,17
228459,9071,3577,5494,20,12,8,275,104,171,723,280,443,3291,1210,2081,13,3,10,4210,1761,2449,314,117,197,45,19,26,180,71,109
228468,137,44,93,0,0,0,3,0,3,15,6,9,60,18,42,0,0,0,38,9,29,3,1,2,16,8,8,2,2,0
228486,18,6,12,0,0,0,0,0,0,18,6,12,0,0,0,0,0,0,0,0,0,0,0,0,0,0,0,0,0,0
228501,564,185,379,4,1,3,3,2,1,18,10,8,373,103,270,0,0,0,143,57,86,10,4,6,6,4,2,7,4,3
228529,3512,1266,2246,13,2,11,55,24,31,279,115,164,692,207,485,2,1,1,2322,852,1470,101,43,58,19,8,11,29,14,15
228547,7050,2614,4436,33,10,23,468,197,271,1185,377,808,2408,801,1607,7,2,5,2495,1041,1454,211,91,120,120,46,74,123,49,74
228608,735,210,525,3,3,0,25,10,15,102,24,78,186,53,133,5,1,4,380,112,268,11,1,10,22,6,16,1,0,1
228635,628,313,315,1,0,1,99,45,54,28,9,19,55,27,28,0,0,0,191,92,99,17,8,9,62,29,33,175,103,72
228644,1330,504,826,2,2,0,131,53,78,64,20,44,542,199,343,3,1,2,500,195,305,30,10,20,24,10,14,34,14,20
228653,1235,279,956,1,0,1,260,77,183,87,15,72,239,54,185,3,0,3,573,117,456,37,11,26,22,1,21,13,4,9
228699,682,258,424,3,3,0,3,0,3,199,61,138,63,26,37,0,0,0,387,155,232,17,7,10,4,4,0,6,2,4
228705,1753,835,918,3,1,2,30,13,17,62,40,22,1067,407,660,2,1,1,259,133,126,8,5,3,7,2,5,315,233,82
228723,17990,9003,8987,46,27,19,1258,676,582,515,221,294,3729,1714,2015,11,5,6,10149,5011,5138,509,223,286,171,97,74,1602,1029,573
228769,13690,4652,9038,39,6,33,1317,544,773,1748,370,1378,3261,971,2290,17,4,13,4833,1339,3494,397,119,278,102,32,70,1976,1267,709
228778,14268,6624,7644,21,12,9,2693,1321,1372,563,202,361,3024,1224,1800,12,6,6,5991,2823,3168,478,228,250,196,88,108,1290,720,570
228787,8192,4359,3833,8,6,2,2064,1000,1064,361,167,194,1026,505,521,8,3,5,2262,1214,1048,281,144,137,220,109,111,1962,1211,751
228796,5236,2245,2991,10,5,5,71,33,38,158,88,70,4094,1653,2441,4,2,2,440,201,239,25,10,15,36,12,24,398,241,157
228802,3003,1089,1914,9,5,4,148,62,86,324,111,213,579,210,369,2,1,1,1747,605,1142,95,37,58,23,9,14,76,49,27
228866,85,41,44,0,0,0,13,7,6,4,3,1,18,9,9,1,0,1,41,18,23,0,0,0,8,4,4,0,0,0
228875,2821,1156,1665,16,6,10,104,38,66,146,65,81,429,170,259,8,2,6,1908,767,1141,43,17,26,50,27,23,117,64,53
228884,94,46,48,0,0,0,0,0,0,87,41,46,6,4,2,0,0,0,1,1,0,0,0,0,0,0,0,0,0,0
228909,808,299,509,2,2,0,237,87,150,62,22,40,121,57,64,0,0,0,330,117,213,25,7,18,18,4,14,13,3,10
228981,303,118,185,1,0,1,3,1,2,20,14,6,121,37,84,1,0,1,144,63,81,2,0,2,9,2,7,2,1,1
229018,1359,534,825,5,1,4,37,14,23,89,37,52,326,121,205,2,2,0,778,308,470,27,7,20,60,26,34,35,18,17
229027,7720,3550,4170,16,8,8,432,207,225,566,213,353,4336,1910,2426,14,6,8,1789,899,890,237,118,119,83,40,43,247,149,98
229063,1417,541,876,2,0,2,87,46,41,1025,340,685,123,46,77,0,0,0,61,33,28,16,5,11,0,0,0,103,71,32
229115,8861,4244,4617,25,17,8,320,166,154,522,267,255,2221,957,1264,7,5,2,4836,2307,2529,287,131,156,53,27,26,590,367,223
229160,621,238,383,8,5,3,24,9,15,94,40,54,161,52,109,2,0,2,244,90,154,27,8,19,16,7,9,45,27,18
229179,4139,422,3717,10,0,10,398,70,328,708,45,663,1088,110,978,2,1,1,1656,155,1501,133,10,123,28,4,24,116,27,89
229267,663,295,368,1,0,1,48,22,26,31,17,14,149,52,97,0,0,0,374,174,200,24,13,11,12,6,6,24,11,13
229300,1742,465,1277,2,0,2,365,98,267,198,27,171,322,77,245,0,0,0,635,195,440,53,17,36,59,14,45,108,37,71
229337,2368,524,1844,26,5,21,214,68,146,212,46,166,536,125,411,0,0,0,1289,253,1036,0,0,0,63,17,46,28,10,18
229355,2273,738,1535,2,2,0,35,13,22,332,94,238,620,187,433,3,1,2,1137,387,750,99,31,68,15,6,9,30,17,13
229416,634,603,31,1,1,0,12,10,2,64,60,4,291,281,10,5,5,0,158,148,10,42,40,2,61,58,3,0,0,0
229425,58,0,58,0,0,0,0,0,0,0,0,0,58,0,58,0,0,0,0,0,0,0,0,0,0,0,0,0,0,0
229504,523,165,358,2,0,2,13,5,8,36,10,26,137,44,93,2,0,2,316,103,213,13,3,10,2,0,2,2,0,2
229522,38,5,33,0,0,0,0,0,0,5,1,4,27,4,23,0,0,0,4,0,4,1,0,1,1,0,1,0,0,0
229540,491,179,312,2,1,1,11,6,5,26,7,19,222,72,150,1,1,0,220,88,132,5,3,2,3,1,2,1,0,1
229656,148,6,142,0,0,0,0,0,0,3,0,3,135,6,129,0,0,0,3,0,3,2,0,2,5,0,5,0,0,0
229780,1316,653,663,9,5,4,41,20,21,290,151,139,352,153,199,44,17,27,481,249,232,56,29,27,26,19,7,17,10,7
229799,907,278,629,7,1,6,8,1,7,30,6,24,170,51,119,0,0,0,656,200,456,25,13,12,11,6,5,0,0,0
229814,2514,991,1523,13,7,6,76,35,41,125,60,65,609,201,408,4,2,2,1485,592,893,73,26,47,24,10,14,105,58,47
229832,284,182,102,2,2,0,0,0,0,25,19,6,117,71,46,0,0,0,119,75,44,5,4,1,0,0,0,16,11,5
229841,731,322,409,2,0,2,53,22,31,90,40,50,325,129,196,2,1,1,259,130,129,0,0,0,0,0,0,0,0,0
229887,131,53,78,1,1,0,0,0,0,110,40,70,1,1,0,0,0,0,6,5,1,1,0,1,0,0,0,12,6,6
230010,836,413,423,5,5,0,5,3,2,5,3,2,86,37,49,4,2,2,681,332,349,9,3,6,41,28,13,0,0,0
230038,7594,3758,3836,16,8,8,181,94,87,27,12,15,495,236,259,41,21,20,6202,3076,3126,275,129,146,70,35,35,287,147,140
230047,643,253,390,2,0,2,20,12,8,1,0,1,28,10,18,50,24,26,174,60,114,50,15,35,13,3,10,305,129,176
230056,78,18,60,0,0,0,2,1,1,2,1,1,15,2,13,1,1,0,57,12,45,1,1,0,0,0,0,0,0,0
230065,209,2,207,2,0,2,8,1,7,4,0,4,74,0,74,2,0,2,112,1,111,1,0,1,4,0,4,2,0,2
230144,48,3,45,0,0,0,0,0,0,1,0,1,6,1,5,0,0,0,27,1,26,0,0,0,14,1,13,0,0,0
230162,1418,505,913,5,2,3,25,9,16,18,7,11,166,50,116,12,4,8,1105,399,706,29,13,16,58,21,37,0,0,0
230171,2500,939,1561,21,6,15,27,6,21,36,16,20,281,96,185,3,1,2,1974,748,1226,64,25,39,56,21,35,38,20,18
230199,25,1,24,0,0,0,0,0,0,0,0,0,1,0,1,0,0,0,24,1,23,0,0,0,0,0,0,0,0,0
230205,37,7,30,0,0,0,0,0,0,0,0,0,4,1,3,0,0,0,33,6,27,0,0,0,0,0,0,0,0,0
230214,105,13,92,0,0,0,1,0,1,1,1,0,24,3,21,1,0,1,60,8,52,2,1,1,14,0,14,2,0,2
230366,75,10,65,1,0,1,3,0,3,4,1,3,16,1,15,1,0,1,46,8,38,2,0,2,2,0,2,0,0,0
230418,455,228,227,0,0,0,9,4,5,3,3,0,74,44,30,0,0,0,177,79,98,17,4,13,0,0,0,175,94,81
230490,937,404,533,3,2,1,16,5,11,20,11,9,247,94,153,4,2,2,632,284,348,15,6,9,0,0,0,0,0,0
230597,1389,514,875,11,2,9,8,3,5,9,5,4,74,28,46,6,5,1,1221,439,782,15,3,12,11,4,7,34,25,9
230603,2619,1094,1525,30,10,20,43,19,24,57,33,24,166,67,99,25,15,10,2025,802,1223,17,6,11,100,47,53,156,95,61
230676,689,422,267,22,12,10,5,0,5,3,2,1,50,24,26,2,0,2,603,382,221,4,2,2,0,0,0,0,0,0
230728,6527,2807,3720,96,34,62,93,36,57,52,28,24,365,139,226,22,10,12,5333,2296,3037,145,64,81,348,148,200,73,52,21
230737,10311,5346,4965,37,21,16,185,92,93,77,45,32,1043,485,558,57,26,31,8377,4385,3992,324,153,171,109,79,30,102,60,42
230746,4658,2036,2622,34,15,19,207,84,123,96,50,46,882,369,513,19,6,13,3097,1373,1724,178,71,107,69,34,35,76,34,42
230764,8070,4046,4024,21,10,11,425,204,221,101,41,60,889,363,526,26,16,10,5469,2806,2663,338,148,190,221,135,86,580,323,257
230782,5788,2385,3403,29,8,21,112,44,68,62,31,31,535,197,338,20,9,11,4479,1864,2615,175,65,110,293,123,170,83,44,39
230807,655,237,418,2,0,2,18,8,10,18,8,10,73,21,52,4,2,2,459,166,293,28,9,19,32,10,22,21,13,8
230816,179,46,133,0,0,0,3,0,3,3,1,2,18,4,14,0,0,0,115,32,83,3,0,3,6,0,6,31,9,22
230834,415,168,247,0,0,0,4,2,2,15,11,4,7,2,5,0,0,0,359,141,218,8,2,6,13,5,8,9,5,4
230852,1382,698,684,6,2,4,54,30,24,121,49,72,111,53,58,3,2,1,940,492,448,37,17,20,108,53,55,2,0,2
230861,486,124,362,2,0,2,4,2,2,11,2,9,12,4,8,0,0,0,421,101,320,22,10,12,6,1,5,8,4,4
230889,142,39,103,5,2,3,1,1,0,9,2,7,1,0,1,0,0,0,68,18,50,12,2,10,45,14,31,1,0,1
230913,509,179,330,2,0,2,2,0,2,14,9,5,18,10,8,1,1,0,418,142,276,19,7,12,32,10,22,3,0,3
230959,712,332,380,1,0,1,51,16,35,24,9,15,69,32,37,1,0,1,441,207,234,32,16,16,20,12,8,73,40,33
230995,1192,867,325,13,9,4,36,27,9,77,55,22,83,58,25,6,4,2,857,623,234,43,32,11,77,59,18,0,0,0
231004,52,4,48,1,0,1,0,0,0,1,0,1,1,0,1,0,0,0,45,3,42,4,1,3,0,0,0,0,0,0
231059,405,166,239,1,0,1,9,4,5,5,3,2,23,14,9,1,0,1,326,127,199,4,0,4,18,6,12,18,12,6
231068,50,18,32,2,1,1,1,0,1,2,2,0,5,1,4,0,0,0,29,7,22,0,0,0,6,4,2,5,3,2
231095,32,11,21,0,0,0,0,0,0,1,1,0,0,0,0,0,0,0,21,7,14,0,0,0,6,3,3,4,0,4
231147,317,141,176,2,2,0,15,10,5,23,10,13,20,8,12,0,0,0,214,97,117,12,7,5,19,7,12,12,0,12
231165,573,211,362,0,0,0,8,3,5,11,4,7,9,2,7,0,0,0,509,190,319,21,4,17,3,2,1,12,6,6
231174,3344,1284,2060,1,1,0,107,38,69,53,21,32,149,57,92,0,0,0,2661,1003,1658,115,36,79,94,33,61,164,95,69
231280,49,1,48,0,0,0,0,0,0,6,0,6,2,0,2,0,0,0,38,1,37,1,0,1,2,0,2,0,0,0
231411,297,272,25,1,1,0,9,8,1,121,110,11,25,23,2,3,2,1,132,122,10,3,3,0,3,3,0,0,0,0
231420,353,133,220,2,2,0,3,2,1,81,34,47,8,1,7,3,1,2,221,78,143,9,2,7,13,4,9,13,9,4
231536,732,248,484,2,1,1,18,8,10,26,8,18,95,32,63,1,1,0,558,188,370,15,3,12,13,5,8,4,2,2
231554,374,120,254,2,1,1,5,1,4,45,18,27,11,6,5,0,0,0,159,46,113,12,5,7,134,37,97,6,6,0
231581,347,127,220,0,0,0,4,1,3,45,16,29,28,14,14,0,0,0,241,82,159,14,3,11,8,6,2,7,5,2
231624,2558,1174,1384,7,4,3,146,77,69,179,68,111,194,74,120,3,2,1,1599,741,858,123,46,77,99,54,45,208,108,100
231651,2282,821,1461,14,3,11,94,40,54,682,208,474,155,61,94,4,2,2,1179,458,721,110,31,79,30,13,17,14,5,9
231688,11,1,10,0,0,0,0,0,0,6,1,5,0,0,0,0,0,0,5,0,5,0,0,0,0,0,0,0,0,0
231697,698,310,388,3,1,2,19,9,10,99,30,69,27,11,16,2,1,1,498,235,263,28,9,19,18,11,7,4,3,1
231712,1185,496,689,2,1,1,42,14,28,63,20,43,88,40,48,1,1,0,905,380,525,65,30,35,16,8,8,3,2,1
231721,1,1,0,0,0,0,0,0,0,1,1,0,0,0,0,0,0,0,0,0,0,0,0,0,0,0,0,0,0,0
231785,434,52,382,4,0,4,18,1,17,243,27,216,24,1,23,1,0,1,125,21,104,16,1,15,3,1,2,0,0,0
231873,185,56,129,1,0,1,2,1,1,6,2,4,4,3,1,0,0,0,165,48,117,5,0,5,2,2,0,0,0,0
231882,602,289,313,1,1,0,13,4,9,138,32,106,30,11,19,0,0,0,393,226,167,17,11,6,8,4,4,2,0,2
231970,488,184,304,2,0,2,91,49,42,82,21,61,4,3,1,0,0,0,264,96,168,18,8,10,27,7,20,0,0,0
232016,71,13,58,1,1,0,2,1,1,39,7,32,5,2,3,1,0,1,12,1,11,9,0,9,2,1,1,0,0,0
232025,305,112,193,0,0,0,4,2,2,11,6,5,10,8,2,0,0,0,205,72,133,8,1,7,66,22,44,1,1,0
232043,341,94,247,2,1,1,5,3,2,23,12,11,17,6,11,0,0,0,264,63,201,11,2,9,10,3,7,9,4,5
232052,69,21,48,0,0,0,1,0,1,23,4,19,11,5,6,0,0,0,31,10,21,1,0,1,1,1,0,1,1,0
232089,163,80,83,1,0,1,1,0,1,41,25,16,10,4,6,1,1,0,95,43,52,10,5,5,3,1,2,1,1,0
232186,10615,4477,6138,18,9,9,1774,772,1002,1075,370,705,1308,506,802,21,7,14,4680,2042,2638,362,151,211,397,155,242,980,465,515
232195,1193,396,797,1,1,0,56,22,34,153,42,111,160,49,111,5,0,5,723,254,469,72,21,51,19,7,12,4,0,4
232256,212,210,2,2,2,0,0,0,0,13,13,0,10,10,0,0,0,0,179,178,1,8,7,1,0,0,0,0,0,0
232265,866,276,590,1,0,1,7,1,6,813,255,558,9,3,6,1,0,1,22,9,13,0,0,0,0,0,0,13,8,5
232308,200,15,185,0,0,0,4,0,4,19,3,16,18,3,15,0,0,0,124,6,118,11,1,10,10,1,9,14,1,13
232414,1305,442,863,2,1,1,86,39,47,397,96,301,99,24,75,2,1,1,617,249,368,50,13,37,32,14,18,20,5,15
232423,5574,2113,3461,2,1,1,235,92,143,280,117,163,368,141,227,5,1,4,4202,1556,2646,243,106,137,150,53,97,89,46,43
232450,1173,477,696,2,0,2,55,22,33,220,69,151,139,53,86,4,1,3,669,304,365,57,21,36,19,7,12,8,0,8
232557,23987,9746,14241,124,42,82,365,161,204,3387,1203,2184,1314,541,773,39,16,23,12618,5256,7362,660,240,420,5159,2141,3018,321,146,175
232566,960,251,709,0,0,0,5,1,4,92,28,64,44,11,33,0,0,0,751,195,556,44,10,34,16,2,14,8,4,4
232575,1277,420,857,1,1,0,25,9,16,41,13,28,133,47,86,3,1,2,991,328,663,44,13,31,34,7,27,5,1,4
232609,932,342,590,2,1,1,27,10,17,101,37,64,50,17,33,1,1,0,655,244,411,17,3,14,67,24,43,12,5,7
232618,158,13,145,0,0,0,1,0,1,5,0,5,0,0,0,0,0,0,90,6,84,0,0,0,62,7,55,0,0,0
232672,421,56,365,2,0,2,7,2,5,47,5,42,13,0,13,1,0,1,228,23,205,8,1,7,115,25,90,0,0,0
232681,1180,355,825,2,1,1,36,9,27,79,19,60,106,35,71,2,0,2,830,250,580,60,19,41,52,16,36,13,6,7
232706,1027,308,719,1,0,1,82,25,57,142,43,99,179,41,138,2,0,2,396,111,285,20,6,14,37,9,28,168,73,95
232724,10,0,10,0,0,0,0,0,0,2,0,2,1,0,1,0,0,0,7,0,7,0,0,0,0,0,0,0,0,0
232788,635,202,433,1,1,0,3,0,3,7,6,1,3,0,3,0,0,0,610,194,416,11,1,10,0,0,0,0,0,0
232797,248,30,218,2,0,2,11,9,2,67,4,63,9,0,9,0,0,0,67,6,61,15,3,12,73,6,67,4,2,2
232867,609,278,331,5,2,3,6,3,3,20,11,9,17,8,9,0,0,0,528,239,289,10,3,7,11,7,4,12,5,7
232885,141,10,131,1,0,1,11,1,10,8,2,6,6,0,6,1,0,1,98,7,91,11,0,11,5,0,5,0,0,0
232919,438,384,54,0,0,0,6,6,0,219,193,26,34,28,6,5,5,0,142,125,17,29,24,5,3,3,0,0,0,0
232937,835,280,555,1,0,1,7,3,4,657,205,452,32,13,19,1,1,0,42,17,25,45,15,30,40,19,21,10,7,3
232946,7799,3514,4285,13,4,9,1435,675,760,1154,480,674,1864,749,1115,30,22,8,2553,1258,1295,350,155,195,159,76,83,241,95,146
232982,5211,2091,3120,10,3,7,259,120,139,1213,404,809,401,154,247,8,1,7,2724,1128,1596,339,127,212,87,42,45,170,112,58
233019,526,204,322,0,0,0,6,3,3,90,23,67,50,25,25,0,0,0,362,146,216,15,5,10,1,0,1,2,2,0
233037,157,33,124,0,0,0,2,1,1,69,5,64,4,2,2,0,0,0,74,21,53,3,0,3,5,4,1,0,0,0
233082,65,3,62,1,0,1,1,0,1,12,0,12,2,0,2,0,0,0,46,3,43,2,0,2,1,0,1,0,0,0
233116,846,287,559,3,1,2,37,16,21,67,20,47,70,17,53,1,0,1,596,206,390,41,13,28,20,10,10,11,4,7
233277,2263,761,1502,4,1,3,48,17,31,291,88,203,135,47,88,1,1,0,1587,532,1055,63,22,41,121,44,77,13,9,4
233286,102,7,95,0,0,0,1,0,1,34,4,30,6,1,5,0,0,0,60,2,58,1,0,1,0,0,0,0,0,0
233295,341,152,189,2,1,1,5,2,3,28,13,15,17,8,9,0,0,0,270,119,151,9,4,5,6,4,2,4,1,3
233301,127,53,74,0,0,0,5,3,2,19,8,11,11,8,3,0,0,0,82,28,54,9,5,4,0,0,0,1,1,0
233310,508,136,372,6,3,3,9,4,5,92,17,75,24,7,17,0,0,0,328,90,238,38,11,27,11,4,7,0,0,0
233329,163,16,147,2,0,2,1,0,1,112,9,103,7,0,7,0,0,0,29,4,25,7,3,4,5,0,5,0,0,0
233338,191,75,116,0,0,0,1,1,0,65,19,46,13,7,6,0,0,0,85,32,53,5,3,2,6,3,3,16,10,6
233356,184,11,173,0,0,0,12,0,12,15,0,15,2,0,2,1,0,1,147,10,137,6,1,5,1,0,1,0,0,0
233374,1084,494,590,0,0,0,80,37,43,86,31,55,82,27,55,0,0,0,671,326,345,46,20,26,46,22,24,73,31,42
233408,169,11,158,0,0,0,5,1,4,24,1,23,13,0,13,2,0,2,111,6,105,12,2,10,2,1,1,0,0,0
233426,413,161,252,1,0,1,2,1,1,18,8,10,18,9,9,1,1,0,344,130,214,18,5,13,0,0,0,11,7,4
233480,15,2,13,0,0,0,1,0,1,1,0,1,0,0,0,0,0,0,12,2,10,1,0,1,0,0,0,0,0,0
233541,1227,350,877,3,1,2,68,19,49,107,32,75,59,19,40,8,1,7,642,203,439,15,5,10,321,69,252,4,1,3
233602,13,6,7,0,0,0,0,0,0,0,0,0,1,0,1,0,0,0,12,6,6,0,0,0,0,0,0,0,0,0
233611,198,82,116,0,0,0,0,0,0,6,4,2,11,6,5,3,0,3,160,65,95,10,3,7,2,1,1,6,3,3
233639,780,259,521,1,1,0,9,3,6,233,51,182,37,13,24,0,0,0,455,177,278,28,8,20,14,6,8,3,0,3
233648,524,152,372,1,0,1,2,2,0,5,1,4,3,2,1,0,0,0,503,143,360,7,3,4,3,1,2,0,0,0
233666,12,0,12,0,0,0,0,0,0,0,0,0,0,0,0,0,0,0,11,0,11,1,0,1,0,0,0,0,0,0
233684,1276,493,783,7,2,5,64,36,28,619,187,432,110,50,60,2,1,1,358,169,189,48,18,30,25,12,13,43,18,25
233718,62,0,62,1,0,1,0,0,0,8,0,8,7,0,7,0,0,0,43,0,43,2,0,2,1,0,1,0,0,0
233754,948,345,603,3,1,2,36,16,20,238,70,168,96,30,66,3,1,2,492,192,300,68,30,38,12,5,7,0,0,0
233772,2963,1138,1825,15,7,8,160,66,94,759,253,506,244,77,167,14,7,7,1561,651,910,166,58,108,30,12,18,14,7,7
233842,36,13,23,0,0,0,1,1,0,6,2,4,1,0,1,0,0,0,27,9,18,0,0,0,1,1,0,0,0,0
233897,226,104,122,1,0,1,0,0,0,16,11,5,0,0,0,0,0,0,182,80,102,0,0,0,27,13,14,0,0,0
233903,428,161,267,1,0,1,5,3,2,3,2,1,9,5,4,0,0,0,401,148,253,7,3,4,2,0,2,0,0,0
233921,9402,5168,4234,12,7,5,834,434,400,398,193,205,594,312,282,4,3,1,5953,3182,2771,384,206,178,240,136,104,983,695,288
233949,984,420,564,2,0,2,31,16,15,84,25,59,45,18,27,2,1,1,783,344,439,26,9,17,7,6,1,4,1,3
234030,7376,2760,4616,9,4,5,973,371,602,1203,392,811,637,220,417,4,3,1,3617,1406,2211,429,171,258,275,74,201,229,119,110
234076,7534,3528,4006,7,3,4,968,443,525,452,185,267,460,208,252,4,1,3,4352,2023,2329,309,152,157,265,138,127,717,375,342
234085,402,360,42,0,0,0,15,13,2,20,17,3,36,30,6,0,0,0,315,286,29,9,8,1,0,0,0,7,6,1
234119,41,9,32,0,0,0,0,0,0,37,8,29,3,1,2,0,0,0,1,0,1,0,0,0,0,0,0,0,0,0
234155,724,281,443,1,1,0,5,2,3,648,236,412,1,0,1,0,0,0,33,20,13,0,0,0,10,4,6,26,18,8
234164,278,121,157,0,0,0,0,0,0,255,110,145,5,2,3,0,0,0,4,3,1,5,2,3,2,0,2,7,4,3
234173,334,138,196,1,0,1,10,3,7,65,27,38,35,9,26,2,1,1,192,88,104,19,7,12,7,2,5,3,1,2
234207,562,292,270,0,0,0,29,12,17,13,4,9,33,14,19,1,1,0,440,241,199,17,8,9,9,5,4,20,7,13
234377,531,131,400,0,0,0,3,2,1,29,6,23,16,3,13,0,0,0,475,118,357,7,1,6,1,1,0,0,0,0
234669,2608,1093,1515,14,5,9,463,194,269,89,41,48,250,95,155,10,6,4,991,397,594,264,119,145,252,124,128,275,112,163
234696,869,456,413,7,5,2,27,13,14,8,4,4,85,41,44,3,1,2,581,302,279,76,46,30,82,44,38,0,0,0
234711,597,238,359,2,0,2,13,5,8,2,1,1,244,78,166,0,0,0,284,124,160,28,15,13,24,15,9,0,0,0
234827,3093,1297,1796,12,3,9,195,98,97,98,51,47,491,165,326,16,7,9,1554,675,879,216,93,123,423,177,246,88,28,60
234845,614,245,369,4,1,3,15,5,10,15,11,4,74,24,50,2,1,1,434,166,268,32,12,20,34,21,13,4,4,0
234915,644,245,399,2,0,2,46,14,32,39,18,21,39,13,26,1,1,0,279,103,176,24,8,16,92,26,66,122,62,60
234924,147,17,130,1,1,0,0,0,0,4,1,3,55,3,52,1,0,1,41,1,40,8,0,8,37,11,26,0,0,0
234933,1720,610,1110,5,1,4,105,52,53,15,6,9,194,65,129,8,4,4,1177,402,775,100,28,72,103,45,58,13,7,6
234951,1149,577,572,7,2,5,92,49,43,121,51,70,115,55,60,10,2,8,582,314,268,139,58,81,75,42,33,8,4,4
234979,1671,555,1116,7,0,7,42,10,32,11,4,7,702,211,491,2,0,2,759,282,477,88,32,56,60,16,44,0,0,0
235024,128,42,86,0,0,0,9,3,6,5,2,3,23,9,14,0,0,0,61,23,38,9,1,8,17,3,14,4,1,3
235088,240,229,11,4,4,0,2,2,0,7,6,1,15,14,1,4,4,0,153,147,6,47,44,3,8,8,0,0,0,0
235097,3170,1252,1918,30,8,22,94,37,57,91,48,43,432,141,291,6,0,6,2061,792,1269,228,87,141,115,45,70,113,94,19
235103,1380,599,781,5,2,3,178,73,105,104,43,61,134,50,84,5,3,2,544,235,309,79,27,52,111,61,50,220,105,115
235149,1587,576,1011,8,2,6,127,54,73,39,16,23,155,44,111,5,1,4,945,342,603,104,33,71,133,45,88,71,39,32
235158,90,17,73,4,1,3,7,0,7,3,2,1,17,3,14,1,0,1,47,9,38,9,1,8,2,1,1,0,0,0
235167,758,303,455,23,7,16,16,9,7,46,22,24,101,35,66,4,1,3,479,188,291,52,23,29,34,16,18,3,2,1
235237,1750,589,1161,8,1,7,143,55,88,104,40,64,266,85,181,22,4,18,892,294,598,198,69,129,66,21,45,51,20,31
235307,76,5,71,0,0,0,4,0,4,0,0,0,2,0,2,0,0,0,55,4,51,8,0,8,7,1,6,0,0,0
235316,2091,925,1166,17,8,9,84,37,47,47,18,29,187,79,108,9,4,5,1497,668,829,124,54,70,76,40,36,50,17,33
235334,392,171,221,9,5,4,6,4,2,15,12,3,52,22,30,1,0,1,258,102,156,33,15,18,18,11,7,0,0,0
235343,2201,1038,1163,11,6,5,278,141,137,104,39,65,223,102,121,14,4,10,951,444,507,213,89,124,152,61,91,255,152,103
235352,45,10,35,0,0,0,5,1,4,0,0,0,8,1,7,2,0,2,28,8,20,0,0,0,2,0,2,0,0,0
235422,276,83,193,8,3,5,15,4,11,3,2,1,140,30,110,0,0,0,76,29,47,8,4,4,25,10,15,1,1,0
235431,1029,359,670,2,1,1,215,75,140,111,30,81,127,40,87,14,1,13,293,106,187,110,35,75,84,35,49,73,36,37
235501,409,199,210,6,3,3,8,2,6,70,27,43,48,14,34,6,4,2,119,59,60,4,2,2,148,88,60,0,0,0
235547,310,48,262,2,0,2,32,7,25,20,3,17,35,6,29,2,0,2,175,25,150,17,0,17,20,4,16,7,3,4
235583,66,4,62,2,0,2,6,0,6,3,0,3,5,1,4,1,0,1,35,2,33,11,1,10,2,0,2,1,0,1
235671,616,283,333,2,1,1,38,10,28,47,19,28,79,36,43,3,1,2,298,159,139,46,15,31,103,42,61,0,0,0
235699,858,262,596,2,0,2,103,20,83,25,7,18,101,30,71,2,1,1,412,122,290,56,23,33,116,45,71,41,14,27
235750,567,173,394,6,1,5,9,1,8,5,2,3,65,16,49,2,0,2,428,134,294,29,9,20,16,7,9,7,3,4
236018,51,17,34,0,0,0,1,0,1,23,13,10,6,1,5,3,0,3,12,2,10,6,1,5,0,0,0,0,0,0
236072,965,389,576,6,4,2,111,42,69,69,24,45,117,39,78,2,2,0,362,168,194,69,28,41,149,47,102,80,35,45
236133,363,117,246,6,5,1,40,10,30,12,4,8,35,16,19,3,1,2,229,68,161,25,9,16,0,0,0,13,4,9
236188,1869,881,988,18,9,9,126,67,59,48,22,26,175,67,108,17,13,4,1213,575,638,170,80,90,82,41,41,20,7,13
236212,444,370,74,3,2,1,3,2,1,3,3,0,213,166,47,4,2,2,195,176,19,13,12,1,6,3,3,4,4,0
236230,727,233,494,1,1,0,87,24,63,33,11,22,66,20,46,11,6,5,426,128,298,72,27,45,11,5,6,20,11,9
236258,373,146,227,13,2,11,11,4,7,8,6,2,33,9,24,1,0,1,232,93,139,20,4,16,27,11,16,28,17,11
236328,592,212,380,4,1,3,52,15,37,14,3,11,59,17,42,2,2,0,388,143,245,46,19,27,24,10,14,3,2,1
236382,621,276,345,5,0,5,126,59,67,87,29,58,87,35,52,8,4,4,227,115,112,34,12,22,44,22,22,3,0,3
236452,555,313,242,4,0,4,65,45,20,30,21,9,66,34,32,11,7,4,292,156,136,31,20,11,29,11,18,27,19,8
236504,476,207,269,2,0,2,79,34,45,46,12,34,52,22,30,1,1,0,146,77,69,38,14,24,29,17,12,83,30,53
236513,1285,481,804,3,0,3,205,60,145,177,69,108,118,40,78,3,0,3,344,125,219,109,36,73,75,31,44,251,120,131
236577,1212,359,853,7,0,7,129,46,83,44,13,31,118,31,87,3,0,3,700,203,497,86,27,59,63,18,45,62,21,41
236595,2274,832,1442,9,2,7,308,102,206,104,33,71,238,79,159,10,6,4,961,346,615,142,47,95,177,60,117,325,157,168
236610,1347,558,789,1,0,1,136,42,94,67,26,41,111,51,60,4,2,2,549,216,333,107,37,70,98,35,63,274,149,125
236638,1115,404,711,10,3,7,43,12,31,17,15,2,229,60,169,8,0,8,686,263,423,83,31,52,19,10,9,20,10,10
236656,1298,448,850,10,2,8,106,32,74,36,14,22,137,49,88,9,4,5,734,249,485,154,48,106,66,30,36,46,20,26
236692,1375,606,769,16,6,10,35,15,20,26,15,11,103,59,44,3,1,2,968,399,569,64,26,38,143,75,68,17,10,7
236708,1135,413,722,17,5,12,27,12,15,10,4,6,91,29,62,2,1,1,742,261,481,64,21,43,127,54,73,55,26,29
236744,19,1,18,0,0,0,0,0,0,0,0,0,2,0,2,0,0,0,17,1,16,0,0,0,0,0,0,0,0,0
236753,1345,382,963,8,2,6,100,22,78,91,26,65,157,35,122,17,5,12,673,203,470,115,35,80,123,28,95,61,26,35
236887,806,380,426,15,13,2,17,11,6,24,21,3,199,85,114,1,1,0,450,208,242,56,19,37,38,20,18,6,2,4
236896,433,177,256,4,1,3,23,11,12,8,4,4,81,33,48,0,0,0,271,110,161,32,11,21,0,0,0,14,7,7
236939,7803,3473,4330,40,17,23,473,230,243,205,108,97,1044,434,610,21,11,10,4613,2001,2612,460,181,279,379,178,201,568,313,255
236948,13830,6136,7694,56,15,41,2774,1152,1622,411,179,232,1083,429,654,46,16,30,5835,2678,3157,912,369,543,269,119,150,2444,1179,1265
236975,729,250,479,10,3,7,11,5,6,4,3,1,280,90,190,0,0,0,379,134,245,27,7,20,16,7,9,2,1,1
237011,3737,1477,2260,10,6,4,201,75,126,36,14,22,377,140,237,7,2,5,2713,1074,1639,265,108,157,72,30,42,56,28,28
237039,1123,413,710,8,3,5,57,24,33,16,10,6,140,39,101,3,1,2,703,259,444,74,28,46,78,27,51,44,22,22
237057,315,130,185,0,0,0,22,9,13,4,3,1,26,9,17,1,1,0,193,79,114,24,11,13,17,6,11,28,12,16
237066,669,253,416,2,1,1,31,9,22,12,8,4,71,31,40,3,2,1,480,169,311,51,25,26,3,0,3,16,8,8
237109,1019,245,774,7,1,6,17,7,10,6,2,4,584,120,464,3,2,1,329,90,239,33,8,25,36,13,23,4,2,2
237118,180,75,105,1,0,1,6,2,4,31,21,10,8,3,5,1,0,1,125,46,79,3,1,2,0,0,0,5,2,3
237127,24,0,24,0,0,0,0,0,0,0,0,0,0,0,0,0,0,0,24,0,24,0,0,0,0,0,0,0,0,0
237136,56,28,28,1,1,0,1,0,1,1,1,0,1,1,0,0,0,0,46,22,24,0,0,0,0,0,0,6,3,3
237145,14,0,14,0,0,0,0,0,0,1,0,1,0,0,0,0,0,0,13,0,13,0,0,0,0,0,0,0,0,0
237172,22,18,4,0,0,0,0,0,0,0,0,0,0,0,0,0,0,0,22,18,4,0,0,0,0,0,0,0,0,0
237181,98,52,46,0,0,0,1,1,0,14,12,2,1,1,0,0,0,0,71,33,38,5,2,3,5,2,3,1,1,0
237215,261,90,171,0,0,0,0,0,0,16,14,2,5,2,3,0,0,0,232,71,161,7,3,4,1,0,1,0,0,0
237242,61,37,24,0,0,0,0,0,0,2,1,1,1,1,0,0,0,0,57,34,23,1,1,0,0,0,0,0,0,0
237303,33,5,28,1,0,1,0,0,0,2,2,0,0,0,0,0,0,0,28,3,25,2,0,2,0,0,0,0,0,0
237312,972,606,366,13,5,8,26,15,11,90,55,35,45,38,7,3,2,1,495,251,244,0,0,0,262,208,54,38,32,6
237321,19,4,15,0,0,0,0,0,0,0,0,0,0,0,0,0,0,0,19,4,15,0,0,0,0,0,0,0,0,0
237330,441,148,293,1,0,1,4,1,3,25,12,13,7,7,0,1,1,0,364,108,256,8,3,5,7,3,4,24,13,11
237358,176,64,112,0,0,0,1,0,1,13,5,8,5,3,2,0,0,0,90,25,65,0,0,0,56,23,33,11,8,3
237367,855,326,529,2,2,0,3,0,3,31,21,10,13,9,4,1,1,0,749,261,488,27,12,15,3,1,2,26,19,7
237385,296,148,148,2,1,1,2,2,0,35,25,10,7,5,2,0,0,0,235,108,127,0,0,0,12,7,5,3,0,3
237437,49,8,41,0,0,0,0,0,0,4,2,2,0,0,0,0,0,0,45,6,39,0,0,0,0,0,0,0,0,0
237473,99,67,32,0,0,0,1,1,0,5,4,1,5,4,1,1,0,1,85,57,28,1,1,0,1,0,1,0,0,0
237491,19,2,17,0,0,0,0,0,0,0,0,0,0,0,0,0,0,0,19,2,17,0,0,0,0,0,0,0,0,0
237525,2638,1058,1580,13,8,5,32,18,14,116,51,65,60,28,32,2,1,1,2148,805,1343,49,21,28,87,37,50,131,89,42
237543,57,19,38,0,0,0,0,0,0,6,3,3,0,0,0,0,0,0,49,16,33,2,0,2,0,0,0,0,0,0
237561,48,13,35,0,0,0,1,0,1,2,0,2,0,0,0,0,0,0,45,13,32,0,0,0,0,0,0,0,0,0
237570,93,4,89,1,0,1,5,2,3,7,0,7,1,0,1,0,0,0,75,2,73,2,0,2,2,0,2,0,0,0
237598,2,0,2,0,0,0,0,0,0,0,0,0,0,0,0,0,0,0,2,0,2,0,0,0,0,0,0,0,0,0
237686,622,204,418,1,1,0,6,4,2,12,6,6,4,2,2,1,0,1,574,186,388,21,5,16,3,0,3,0,0,0
237701,288,134,154,1,0,1,1,1,0,14,7,7,5,1,4,1,1,0,247,117,130,13,5,8,5,2,3,1,0,1
237729,150,70,80,0,0,0,1,0,1,9,3,6,0,0,0,0,0,0,137,66,71,3,1,2,0,0,0,0,0,0
237783,349,148,201,0,0,0,1,1,0,50,24,26,16,5,11,0,0,0,155,60,95,5,3,2,69,25,44,53,30,23
237792,611,245,366,2,1,1,6,2,4,43,26,17,33,15,18,0,0,0,486,189,297,17,5,12,15,4,11,9,3,6
237817,320,100,220,0,0,0,0,0,0,5,1,4,0,0,0,0,0,0,312,98,214,3,1,2,0,0,0,0,0,0
237844,118,59,59,0,0,0,0,0,0,2,1,1,0,0,0,0,0,0,116,58,58,0,0,0,0,0,0,0,0,0
237880,178,78,100,0,0,0,34,12,22,7,4,3,6,1,5,2,0,2,120,58,62,0,0,0,9,3,6,0,0,0
237899,404,156,248,7,2,5,1,1,0,47,21,26,9,3,6,0,0,0,281,111,170,28,8,20,15,6,9,16,4,12
237905,36,6,30,0,0,0,1,0,1,0,0,0,0,0,0,0,0,0,35,6,29,0,0,0,0,0,0,0,0,0
237932,568,192,376,1,0,1,3,2,1,13,8,5,7,4,3,0,0,0,462,152,310,13,3,10,68,23,45,1,0,1
237950,209,116,93,0,0,0,0,0,0,13,9,4,8,5,3,0,0,0,162,88,74,7,3,4,2,2,0,17,9,8
237969,233,99,134,1,1,0,2,1,1,12,11,1,11,3,8,0,0,0,179,68,111,12,6,6,2,0,2,14,9,5
237987,130,13,117,0,0,0,0,0,0,19,2,17,0,0,0,0,0,0,110,11,99,1,0,1,0,0,0,0,0,0
237996,336,43,293,2,1,1,1,0,1,15,2,13,0,0,0,0,0,0,312,39,273,5,0,5,0,0,0,1,1,0
238005,74,4,70,0,0,0,6,2,4,17,0,17,4,0,4,0,0,0,47,2,45,0,0,0,0,0,0,0,0,0
238014,366,107,259,0,0,0,1,0,1,10,4,6,7,3,4,0,0,0,334,96,238,12,4,8,1,0,1,1,0,1
238032,6454,3042,3412,10,5,5,129,59,70,249,134,115,224,109,115,5,2,3,5101,2273,2828,222,108,114,27,19,8,487,333,154
238078,213,80,133,1,0,1,5,3,2,23,15,8,8,3,5,4,2,2,153,47,106,0,0,0,18,9,9,1,1,0
238096,25,3,22,0,0,0,0,0,0,2,0,2,0,0,0,0,0,0,23,3,20,0,0,0,0,0,0,0,0,0
238175,82,1,81,2,0,2,4,0,4,6,0,6,16,0,16,0,0,0,48,1,47,6,0,6,0,0,0,0,0,0
238193,543,42,501,3,0,3,23,4,19,79,7,72,99,4,95,0,0,0,320,24,296,16,2,14,1,0,1,2,1,1
238263,2998,1075,1923,11,5,6,145,43,102,149,46,103,286,97,189,2,0,2,2142,775,1367,125,42,83,101,57,44,37,10,27
238324,199,41,158,2,1,1,2,1,1,1,0,1,4,0,4,0,0,0,160,20,140,1,0,1,29,19,10,0,0,0
238333,243,95,148,2,1,1,3,0,3,21,6,15,32,12,20,2,1,1,127,53,74,7,1,6,8,3,5,41,18,23
238397,674,163,511,0,0,0,6,3,3,21,3,18,71,17,54,0,0,0,504,119,385,23,5,18,41,13,28,8,3,5
238430,474,143,331,2,0,2,17,4,13,79,23,56,51,16,35,0,0,0,256,76,180,5,1,4,3,1,2,61,22,39
238458,900,286,614,3,0,3,37,11,26,9,2,7,57,21,36,1,1,0,736,236,500,18,3,15,24,3,21,15,9,6
238476,601,241,360,3,2,1,11,3,8,35,21,14,71,31,40,2,0,2,415,158,257,15,5,10,35,15,20,14,6,8
238616,1290,414,876,4,0,4,32,11,21,82,26,56,58,24,34,1,0,1,857,249,608,25,10,15,69,21,48,162,73,89
238661,478,136,342,2,0,2,11,2,9,14,4,10,36,10,26,0,0,0,376,109,267,14,3,11,17,4,13,8,4,4
238722,3021,1520,1501,16,6,10,117,42,75,41,19,22,127,56,71,5,1,4,2299,1153,1146,16,5,11,375,227,148,25,11,14
238759,2304,868,1436,4,1,3,30,12,18,217,60,157,471,149,322,0,0,0,1468,605,863,72,29,43,34,9,25,8,3,5
238810,15,0,15,0,0,0,0,0,0,0,0,0,1,0,1,0,0,0,14,0,14,0,0,0,0,0,0,0,0,0
238980,647,221,426,14,0,14,29,13,16,34,17,17,32,12,20,1,1,0,491,157,334,2,1,1,19,8,11,25,12,13
239008,749,306,443,1,0,1,57,24,33,12,3,9,45,21,24,0,0,0,611,251,360,14,3,11,9,4,5,0,0,0
239017,274,121,153,0,0,0,12,5,7,25,15,10,28,14,14,0,0,0,170,72,98,12,4,8,1,0,1,26,11,15
239071,212,92,120,1,1,0,5,2,3,1,0,1,6,2,4,0,0,0,182,78,104,11,5,6,6,4,2,0,0,0
239080,364,89,275,1,0,1,6,3,3,12,2,10,21,3,18,0,0,0,286,70,216,7,2,5,23,3,20,8,6,2
239105,3117,1345,1772,6,2,4,197,71,126,112,51,61,346,151,195,3,1,2,2154,938,1216,92,40,52,106,28,78,101,63,38
239169,398,179,219,0,0,0,47,21,26,19,7,12,33,15,18,1,1,0,255,117,138,10,3,7,15,5,10,18,10,8
239220,879,320,559,3,0,3,16,5,11,7,5,2,42,12,30,1,1,0,786,287,499,14,2,12,10,8,2,0,0,0
239248,2639,1045,1594,17,7,10,192,81,111,535,137,398,447,160,287,2,0,2,1187,510,677,93,32,61,156,115,41,10,3,7
239309,158,42,116,0,0,0,6,1,5,6,2,4,22,9,13,0,0,0,117,27,90,6,3,3,0,0,0,1,0,1
239318,615,429,186,1,1,0,31,22,9,16,5,11,43,28,15,0,0,0,427,307,120,14,9,5,40,25,15,43,32,11
239372,1325,419,906,7,4,3,15,2,13,71,54,17,54,24,30,1,0,1,1132,317,815,28,10,18,5,3,2,12,5,7
239390,341,15,326,0,0,0,19,1,18,25,1,24,52,3,49,0,0,0,231,8,223,5,1,4,6,1,5,3,0,3
239424,16,12,4,0,0,0,0,0,0,0,0,0,0,0,0,0,0,0,15,11,4,0,0,0,1,1,0,0,0,0
239442,434,142,292,17,4,13,2,0,2,3,1,2,13,2,11,0,0,0,385,129,256,14,6,8,0,0,0,0,0,0
239460,1784,700,1084,19,6,13,90,41,49,14,9,5,51,20,31,4,1,3,1500,572,928,28,12,16,78,39,39,0,0,0
239488,2814,924,1890,51,13,38,91,22,69,64,18,46,209,73,136,5,3,2,2334,780,1554,60,15,45,0,0,0,0,0,0
239512,113,50,63,3,1,2,3,3,0,1,1,0,2,1,1,0,0,0,99,43,56,4,1,3,1,0,1,0,0,0
239628,148,45,103,0,0,0,3,1,2,5,3,2,14,5,9,0,0,0,117,33,84,4,1,3,0,0,0,5,2,3
239637,16,12,4,0,0,0,0,0,0,0,0,0,1,1,0,0,0,0,8,5,3,1,0,1,0,0,0,6,6,0
239716,447,187,260,3,2,1,6,4,2,4,2,2,13,5,8,0,0,0,409,167,242,4,2,2,2,0,2,6,5,1
239877,35,2,33,0,0,0,2,0,2,0,0,0,4,1,3,0,0,0,29,1,28,0,0,0,0,0,0,0,0,0
239910,821,284,537,1,0,1,3,2,1,12,4,8,26,6,20,0,0,0,760,269,491,15,1,14,4,2,2,0,0,0
240107,971,254,717,0,0,0,12,2,10,63,16,47,38,10,28,0,0,0,791,187,604,16,4,12,17,7,10,34,28,6
240116,2290,948,1342,18,13,5,85,31,54,27,14,13,13,2,11,1,0,1,2009,817,1192,56,17,39,81,54,27,0,0,0
240125,1996,875,1121,5,3,2,47,19,28,113,43,70,168,76,92,3,0,3,1494,657,837,47,23,24,119,54,65,0,0,0
240170,1179,514,665,8,3,5,44,19,25,25,12,13,20,13,7,1,1,0,979,422,557,71,27,44,31,17,14,0,0,0
240189,2796,1342,1454,6,2,4,57,26,31,81,43,38,180,78,102,0,0,0,2363,1130,1233,77,42,35,3,2,1,29,19,10
240198,1075,445,630,39,10,29,9,3,6,8,4,4,18,6,12,2,1,1,975,412,563,11,4,7,13,5,8,0,0,0
240213,25,5,20,0,0,0,1,0,1,0,0,0,2,1,1,0,0,0,21,3,18,0,0,0,1,1,0,0,0,0
240268,2394,857,1537,4,2,2,87,27,60,21,7,14,73,26,47,0,0,0,2082,749,1333,61,20,41,2,0,2,64,26,38
240277,1613,540,1073,19,3,16,65,27,38,28,13,15,77,23,54,1,0,1,1364,454,910,44,11,33,5,3,2,10,6,4
240329,2554,1051,1503,5,3,2,50,19,31,26,16,10,74,33,41,1,1,0,2294,918,1376,68,32,36,1,1,0,35,28,7
240338,273,115,158,1,1,0,4,0,4,13,3,10,18,8,10,0,0,0,224,94,130,8,7,1,3,1,2,2,1,1
240365,2337,830,1507,11,4,7,71,20,51,46,20,26,121,37,84,1,1,0,1999,715,1284,67,24,43,9,2,7,12,7,5
240374,813,363,450,2,0,2,36,21,15,52,19,33,138,62,76,3,1,2,524,231,293,26,10,16,0,0,0,32,19,13
240392,862,141,721,6,2,4,38,13,25,270,24,246,66,15,51,2,0,2,430,77,353,16,2,14,34,8,26,0,0,0
240417,1727,867,860,4,1,3,64,25,39,25,14,11,47,26,21,1,1,0,1511,762,749,35,13,22,4,2,2,36,23,13
240426,641,202,439,5,1,4,9,1,8,9,5,4,12,7,5,0,0,0,558,167,391,10,3,7,4,1,3,34,17,17
240444,11842,5606,6236,21,7,14,680,313,367,250,112,138,615,294,321,7,4,3,7760,3509,4251,333,151,182,265,142,123,1911,1074,837
240453,5538,2416,3122,15,4,11,328,162,166,314,95,219,532,230,302,3,1,2,3783,1630,2153,195,77,118,49,20,29,319,197,122
240462,1734,1076,658,5,0,5,28,15,13,31,12,19,84,54,30,2,2,0,1513,949,564,22,13,9,10,8,2,39,23,16
240471,1412,504,908,1,1,0,30,17,13,23,13,10,48,14,34,1,0,1,1251,443,808,33,6,27,2,1,1,23,9,14
240480,1728,708,1020,8,3,5,44,23,21,24,15,9,59,27,32,0,0,0,1524,607,917,34,14,20,10,4,6,25,15,10
240505,644,246,398,10,2,8,7,3,4,14,10,4,53,21,32,2,0,2,519,198,321,13,5,8,13,3,10,13,4,9
240514,255,82,173,15,3,12,4,1,3,2,1,1,35,12,23,0,0,0,146,45,101,16,5,11,32,14,18,5,1,4
240596,208,74,134,1,1,0,0,0,0,1,1,0,17,7,10,0,0,0,178,62,116,3,0,3,1,0,1,7,3,4
240620,647,229,418,3,0,3,3,0,3,10,6,4,85,30,55,0,0,0,466,161,305,14,6,8,61,24,37,5,2,3
240657,274,98,176,1,0,1,1,0,1,3,1,2,10,6,4,0,0,0,235,79,156,3,0,3,0,0,0,21,12,9
240666,684,292,392,8,5,3,3,1,2,4,3,1,60,23,37,1,0,1,581,247,334,21,9,12,1,0,1,5,4,1
240693,311,120,191,1,0,1,2,0,2,5,2,3,44,15,29,0,0,0,229,94,135,12,2,10,1,0,1,17,7,10
240709,29,5,24,0,0,0,0,0,0,1,1,0,10,3,7,0,0,0,18,1,17,0,0,0,0,0,0,0,0,0
240718,492,474,18,7,6,1,5,5,0,5,5,0,78,75,3,6,6,0,382,370,12,1,0,1,7,6,1,1,1,0
240727,2870,1277,1593,11,4,7,40,17,23,20,14,6,181,87,94,2,0,2,2117,925,1192,93,39,54,265,103,162,141,88,53
240736,169,44,125,0,0,0,2,0,2,0,0,0,0,0,0,154,39,115,0,0,0,0,0,0,0,0,0,13,5,8
240745,281,100,181,0,0,0,149,57,92,0,0,0,0,0,0,123,38,85,5,4,1,2,1,1,2,0,2,0,0,0
240754,632,241,391,0,0,0,282,112,170,4,1,3,4,3,1,304,110,194,17,6,11,0,0,0,15,7,8,6,2,4
240790,242,87,155,0,0,0,121,53,68,0,0,0,3,2,1,80,21,59,2,0,2,12,6,6,0,0,0,24,5,19
240879,115,26,89,0,0,0,0,0,0,0,0,0,115,26,89,0,0,0,0,0,0,0,0,0,0,0,0,0,0,0
240985,34,11,23,0,0,0,0,0,0,0,0,0,34,11,23,0,0,0,0,0,0,0,0,0,0,0,0,0,0,0
241100,89,41,48,0,0,0,0,0,0,0,0,0,89,41,48,0,0,0,0,0,0,0,0,0,0,0,0,0,0,0
241128,122,52,70,0,0,0,0,0,0,0,0,0,122,52,70,0,0,0,0,0,0,0,0,0,0,0,0,0,0,0
241146,138,33,105,0,0,0,0,0,0,0,0,0,138,33,105,0,0,0,0,0,0,0,0,0,0,0,0,0,0,0
241182,147,28,119,0,0,0,0,0,0,0,0,0,147,28,119,0,0,0,0,0,0,0,0,0,0,0,0,0,0,0
241191,207,79,128,0,0,0,0,0,0,5,2,3,199,76,123,0,0,0,3,1,2,0,0,0,0,0,0,0,0,0
241216,239,155,84,0,0,0,0,0,0,0,0,0,239,155,84,0,0,0,0,0,0,0,0,0,0,0,0,0,0,0
241225,248,63,185,0,0,0,0,0,0,0,0,0,245,62,183,0,0,0,0,0,0,0,0,0,0,0,0,3,1,2
241304,1125,249,876,0,0,0,0,0,0,0,0,0,1125,249,876,0,0,0,0,0,0,0,0,0,0,0,0,0,0,0
241331,446,59,387,0,0,0,0,0,0,1,0,1,435,56,379,0,0,0,1,0,1,0,0,0,8,2,6,1,1,0
241377,203,63,140,0,0,0,0,0,0,0,0,0,203,63,140,0,0,0,0,0,0,0,0,0,0,0,0,0,0,0
241386,59,6,53,0,0,0,0,0,0,0,0,0,59,6,53,0,0,0,0,0,0,0,0,0,0,0,0,0,0,0
241395,132,32,100,0,0,0,0,0,0,0,0,0,128,30,98,0,0,0,0,0,0,0,0,0,4,2,2,0,0,0
241410,1091,352,739,0,0,0,0,0,0,1,0,1,1084,349,735,0,0,0,1,0,1,0,0,0,3,1,2,2,2,0
241517,108,29,79,0,0,0,0,0,0,0,0,0,108,29,79,0,0,0,0,0,0,0,0,0,0,0,0,0,0,0
241614,59,30,29,0,0,0,0,0,0,0,0,0,59,30,29,0,0,0,0,0,0,0,0,0,0,0,0,0,0,0
241720,299,98,201,0,0,0,0,0,0,0,0,0,299,98,201,0,0,0,0,0,0,0,0,0,0,0,0,0,0,0
241739,1923,577,1346,0,0,0,0,0,0,0,0,0,1923,577,1346,0,0,0,0,0,0,0,0,0,0,0,0,0,0,0
241766,56,38,18,0,0,0,0,0,0,0,0,0,52,34,18,0,0,0,0,0,0,0,0,0,0,0,0,4,4,0
241793,60,28,32,0,0,0,0,0,0,0,0,0,60,28,32,0,0,0,0,0,0,0,0,0,0,0,0,0,0,0
241836,286,87,199,0,0,0,0,0,0,0,0,0,286,87,199,0,0,0,0,0,0,0,0,0,0,0,0,0,0,0
241906,138,32,106,0,0,0,0,0,0,0,0,0,138,32,106,0,0,0,0,0,0,0,0,0,0,0,0,0,0,0
241951,79,18,61,0,0,0,0,0,0,0,0,0,79,18,61,0,0,0,0,0,0,0,0,0,0,0,0,0,0,0
242042,122,55,67,0,0,0,0,0,0,0,0,0,122,55,67,0,0,0,0,0,0,0,0,0,0,0,0,0,0,0
242112,198,102,96,0,0,0,0,0,0,0,0,0,198,102,96,0,0,0,0,0,0,0,0,0,0,0,0,0,0,0
242121,114,37,77,0,0,0,0,0,0,0,0,0,114,37,77,0,0,0,0,0,0,0,0,0,0,0,0,0,0,0
242130,150,38,112,0,0,0,0,0,0,0,0,0,150,38,112,0,0,0,0,0,0,0,0,0,0,0,0,0,0,0
242149,157,43,114,0,0,0,0,0,0,0,0,0,157,43,114,0,0,0,0,0,0,0,0,0,0,0,0,0,0,0
242413,81,28,53,0,0,0,0,0,0,48,0,48,28,28,0,0,0,0,5,0,5,0,0,0,0,0,0,0,0,0
242556,128,54,74,0,0,0,0,0,0,0,0,0,128,54,74,0,0,0,0,0,0,0,0,0,0,0,0,0,0,0
242565,41,18,23,0,0,0,0,0,0,0,0,0,41,18,23,0,0,0,0,0,0,0,0,0,0,0,0,0,0,0
242583,86,48,38,0,0,0,0,0,0,0,0,0,86,48,38,0,0,0,0,0,0,0,0,0,0,0,0,0,0,0
242617,654,248,406,2,0,2,0,0,0,0,0,0,650,247,403,0,0,0,2,1,1,0,0,0,0,0,0,0,0,0
242626,627,208,419,0,0,0,0,0,0,0,0,0,626,207,419,0,0,0,1,1,0,0,0,0,0,0,0,0,0,0
242635,551,174,377,4,2,2,1,0,1,4,3,1,541,169,372,0,0,0,1,0,1,0,0,0,0,0,0,0,0,0
242644,237,68,169,0,0,0,0,0,0,1,1,0,236,67,169,0,0,0,0,0,0,0,0,0,0,0,0,0,0,0
242653,1461,490,971,3,1,2,4,0,4,17,6,11,1425,479,946,1,1,0,11,3,8,0,0,0,0,0,0,0,0,0
242662,703,201,502,2,0,2,1,1,0,0,0,0,697,199,498,0,0,0,3,1,2,0,0,0,0,0,0,0,0,0
242680,273,102,171,0,0,0,0,0,0,1,0,1,271,101,170,0,0,0,1,1,0,0,0,0,0,0,0,0,0,0
242699,298,64,234,0,0,0,0,0,0,1,0,1,296,64,232,0,0,0,1,0,1,0,0,0,0,0,0,0,0,0
242705,559,266,293,4,1,3,1,1,0,2,1,1,546,262,284,1,1,0,5,0,5,0,0,0,0,0,0,0,0,0
242723,183,69,114,0,0,0,0,0,0,4,2,2,177,67,110,0,0,0,2,0,2,0,0,0,0,0,0,0,0,0
242750,43,11,32,0,0,0,0,0,0,0,0,0,43,11,32,0,0,0,0,0,0,0,0,0,0,0,0,0,0,0
242820,534,422,112,0,0,0,0,0,0,0,0,0,534,422,112,0,0,0,0,0,0,0,0,0,0,0,0,0,0,0
242945,254,73,181,0,0,0,0,0,0,0,0,0,254,73,181,0,0,0,0,0,0,0,0,0,0,0,0,0,0,0
242954,95,31,64,0,0,0,0,0,0,0,0,0,95,31,64,0,0,0,0,0,0,0,0,0,0,0,0,0,0,0
242972,10955,3945,7010,36,16,20,32,11,21,476,166,310,9792,3528,6264,16,7,9,488,184,304,74,21,53,38,10,28,3,2,1
243081,174,73,101,0,0,0,2,1,1,0,0,0,167,69,98,0,0,0,5,3,2,0,0,0,0,0,0,0,0,0
243106,431,200,231,0,0,0,0,0,0,6,2,4,403,189,214,0,0,0,19,7,12,1,0,1,2,2,0,0,0,0
243115,605,228,377,0,0,0,0,0,0,0,0,0,605,228,377,0,0,0,0,0,0,0,0,0,0,0,0,0,0,0
243133,499,219,280,0,0,0,0,0,0,0,0,0,499,219,280,0,0,0,0,0,0,0,0,0,0,0,0,0,0,0
243142,645,232,413,3,0,3,0,0,0,19,7,12,612,221,391,0,0,0,5,2,3,6,2,4,0,0,0,0,0,0
243151,491,152,339,0,0,0,0,0,0,0,0,0,491,152,339,0,0,0,0,0,0,0,0,0,0,0,0,0,0,0
243179,546,176,370,1,0,1,0,0,0,7,1,6,499,163,336,0,0,0,5,2,3,3,0,3,31,10,21,0,0,0
243188,96,44,52,0,0,0,0,0,0,4,2,2,77,35,42,0,0,0,0,0,0,0,0,0,15,7,8,0,0,0
243197,2013,973,1040,0,0,0,0,0,0,0,0,0,1887,913,974,0,0,0,0,0,0,0,0,0,88,39,49,38,21,17
243203,679,189,490,0,0,0,1,1,0,0,0,0,677,187,490,0,0,0,1,1,0,0,0,0,0,0,0,0,0,0
243212,489,187,302,0,0,0,0,0,0,0,0,0,489,187,302,0,0,0,0,0,0,0,0,0,0,0,0,0,0,0
243221,2178,736,1442,5,1,4,2,1,1,23,7,16,1653,556,1097,0,0,0,16,9,7,7,2,5,472,160,312,0,0,0
243346,1559,443,1116,0,0,0,0,0,0,0,0,0,1559,443,1116,0,0,0,0,0,0,0,0,0,0,0,0,0,0,0
243443,857,293,564,0,0,0,0,0,0,0,0,0,857,293,564,0,0,0,0,0,0,0,0,0,0,0,0,0,0,0
243498,30,20,10,0,0,0,0,0,0,0,0,0,30,20,10,0,0,0,0,0,0,0,0,0,0,0,0,0,0,0
243568,111,53,58,0,0,0,0,0,0,0,0,0,101,47,54,0,0,0,2,1,1,0,0,0,8,5,3,0,0,0
243577,636,438,198,0,0,0,0,0,0,0,0,0,622,427,195,0,0,0,2,1,1,0,0,0,12,10,2,0,0,0
243586,213,59,154,0,0,0,0,0,0,0,0,0,211,58,153,0,0,0,0,0,0,0,0,0,2,1,1,0,0,0
243601,2654,928,1726,0,0,0,0,0,0,0,0,0,2654,928,1726,0,0,0,0,0,0,0,0,0,0,0,0,0,0,0
243638,300,114,186,0,0,0,0,0,0,0,0,0,0,0,0,300,114,186,0,0,0,0,0,0,0,0,0,0,0,0
243647,89,30,59,0,0,0,1,1,0,0,0,0,0,0,0,88,29,59,0,0,0,0,0,0,0,0,0,0,0,0
243665,273,72,201,0,0,0,3,1,2,209,50,159,25,8,17,0,0,0,12,6,6,2,1,1,8,2,6,14,4,10
243744,4337,2332,2005,16,7,9,825,394,431,167,76,91,452,236,216,5,2,3,1490,831,659,255,115,140,31,23,8,1096,648,448
243780,10998,6095,4903,14,8,6,803,451,352,292,133,159,547,267,280,7,4,3,6492,3446,3046,318,165,153,186,93,93,2339,1528,811
243799,17,4,13,0,0,0,0,0,0,11,2,9,0,0,0,0,0,0,5,1,4,1,1,0,0,0,0,0,0,0
243823,426,197,229,3,1,2,17,10,7,63,19,44,82,33,49,1,0,1,239,127,112,8,4,4,11,2,9,2,1,1
243832,405,127,278,0,0,0,0,0,0,1,1,0,404,126,278,0,0,0,0,0,0,0,0,0,0,0,0,0,0,0
243841,208,50,158,0,0,0,0,0,0,0,0,0,208,50,158,0,0,0,0,0,0,0,0,0,0,0,0,0,0,0
244233,35,13,22,0,0,0,0,0,0,21,7,14,9,4,5,0,0,0,4,2,2,1,0,1,0,0,0,0,0,0
244279,73,2,71,0,0,0,0,0,0,25,1,24,13,0,13,1,0,1,33,1,32,0,0,0,1,0,1,0,0,0
244437,2535,783,1752,5,0,5,237,98,139,1185,305,880,341,111,230,1,0,1,470,174,296,134,41,93,8,3,5,154,51,103
244446,1147,479,668,1,1,0,41,31,10,857,310,547,68,36,32,0,0,0,136,77,59,23,11,12,12,9,3,9,4,5
244613,284,269,15,2,2,0,4,4,0,62,57,5,103,101,2,0,0,0,108,100,8,2,2,0,3,3,0,0,0,0
245281,33,23,10,0,0,0,0,0,0,33,23,10,0,0,0,0,0,0,0,0,0,0,0,0,0,0,0,0,0,0
245625,149,52,97,2,1,1,3,0,3,7,1,6,22,9,13,0,0,0,97,37,60,14,2,12,0,0,0,4,2,2
245652,97,57,40,0,0,0,3,3,0,2,0,2,9,4,5,0,0,0,53,32,21,3,2,1,9,6,3,18,10,8
245777,1,1,0,0,0,0,0,0,0,0,0,0,0,0,0,0,0,0,1,1,0,0,0,0,0,0,0,0,0,0
245838,296,82,214,0,0,0,13,3,10,19,4,15,42,8,34,1,0,1,160,51,109,8,1,7,50,13,37,3,2,1
245847,127,27,100,1,0,1,2,1,1,2,1,1,32,3,29,1,1,0,54,11,43,3,0,3,16,7,9,16,3,13
245865,324,56,268,2,1,1,8,2,6,9,5,4,12,0,12,0,0,0,216,33,183,8,2,6,54,9,45,15,4,11
245883,236,45,191,0,0,0,12,1,11,9,1,8,18,1,17,0,0,0,132,25,107,4,2,2,58,14,44,3,1,2
245892,104,23,81,1,0,1,2,0,2,17,3,14,7,0,7,0,0,0,56,14,42,3,1,2,17,5,12,1,0,1
245953,487,184,303,23,8,15,1,0,1,79,27,52,118,44,74,0,0,0,209,79,130,8,2,6,30,10,20,19,14,5
245962,107,23,84,7,2,5,1,0,1,37,7,30,13,3,10,0,0,0,41,10,31,8,1,7,0,0,0,0,0,0
245980,19,1,18,1,0,1,0,0,0,0,0,0,3,1,2,0,0,0,13,0,13,1,0,1,1,0,1,0,0,0
245999,770,324,446,20,8,12,52,29,23,121,38,83,169,61,108,1,1,0,341,158,183,57,24,33,9,5,4,0,0,0
246017,590,331,259,106,60,46,2,1,1,33,20,13,36,25,11,2,1,1,346,191,155,29,12,17,36,21,15,0,0,0
246035,215,20,195,4,0,4,11,2,9,14,1,13,80,7,73,8,2,6,85,6,79,10,2,8,1,0,1,2,0,2
246071,53,7,46,0,0,0,1,0,1,3,1,2,8,1,7,1,0,1,39,5,34,1,0,1,0,0,0,0,0,0
246345,24,10,14,0,0,0,0,0,0,14,5,9,1,1,0,0,0,0,6,3,3,0,0,0,0,0,0,3,1,2
246354,1427,459,968,4,1,3,7,1,6,36,19,17,1208,379,829,0,0,0,162,55,107,9,4,5,1,0,1,0,0,0
246406,10,1,9,0,0,0,0,0,0,1,0,1,3,0,3,0,0,0,6,1,5,0,0,0,0,0,0,0,0,0
246415,32,2,30,0,0,0,0,0,0,4,1,3,26,0,26,0,0,0,2,1,1,0,0,0,0,0,0,0,0,0
246789,30,17,13,0,0,0,3,3,0,6,1,5,0,0,0,0,0,0,9,6,3,2,0,2,0,0,0,10,7,3
246813,1382,586,796,4,0,4,35,12,23,247,73,174,151,81,70,4,0,4,886,395,491,12,5,7,31,17,14,12,3,9
246895,611,226,385,9,4,5,17,5,12,25,6,19,332,114,218,0,0,0,193,83,110,29,10,19,6,4,2,0,0,0
246974,160,18,142,2,1,1,14,4,10,23,1,22,82,4,78,4,1,3,11,2,9,3,0,3,18,4,14,3,1,2
247010,27,1,26,2,0,2,0,0,0,0,0,0,0,0,0,1,0,1,24,1,23,0,0,0,0,0,0,0,0,0
247047,73,1,72,1,0,1,1,0,1,1,0,1,39,0,39,0,0,0,31,1,30,0,0,0,0,0,0,0,0,0
247065,216,9,207,0,0,0,1,0,1,35,2,33,0,0,0,1,0,1,173,7,166,4,0,4,2,0,2,0,0,0
247153,154,30,124,0,0,0,1,0,1,104,13,91,5,0,5,0,0,0,35,14,21,5,1,4,4,2,2,0,0,0
247162,19,7,12,0,0,0,0,0,0,16,5,11,0,0,0,0,0,0,3,2,1,0,0,0,0,0,0,0,0,0
247409,75,2,73,1,0,1,0,0,0,7,0,7,10,1,9,0,0,0,52,1,51,4,0,4,1,0,1,0,0,0
247603,466,215,251,1,1,0,6,3,3,9,4,5,59,26,33,0,0,0,359,162,197,11,4,7,1,0,1,20,15,5
247649,89,50,39,0,0,0,0,0,0,1,0,1,4,2,2,0,0,0,68,39,29,3,3,0,13,6,7,0,0,0
247773,24,24,0,0,0,0,0,0,0,0,0,0,0,0,0,0,0,0,24,24,0,0,0,0,0,0,0,0,0,0
247825,6,3,3,0,0,0,0,0,0,0,0,0,1,1,0,0,0,0,5,2,3,0,0,0,0,0,0,0,0,0
247834,5019,2186,2833,18,6,12,595,277,318,542,201,341,1040,420,620,11,5,6,2399,1087,1312,225,102,123,94,40,54,95,48,47
247940,806,345,461,0,0,0,7,4,3,19,8,11,22,12,10,0,0,0,726,309,417,28,8,20,4,4,0,0,0,0
248192,12,1,11,0,0,0,0,0,0,0,0,0,0,0,0,0,0,0,12,1,11,0,0,0,0,0,0,0,0,0
248527,40,3,37,0,0,0,0,0,0,19,1,18,2,0,2,0,0,0,18,2,16,0,0,0,1,0,1,0,0,0
248606,551,281,270,20,9,11,12,5,7,36,18,18,94,37,57,0,0,0,325,177,148,41,19,22,23,16,7,0,0,0
248624,46,3,43,0,0,0,0,0,0,0,0,0,0,0,0,0,0,0,45,3,42,1,0,1,0,0,0,0,0,0
248633,41,2,39,0,0,0,0,0,0,1,0,1,1,0,1,0,0,0,39,2,37,0,0,0,0,0,0,0,0,0
248660,63,9,54,0,0,0,1,0,1,7,2,5,0,0,0,0,0,0,45,5,40,2,0,2,8,2,6,0,0,0
248703,174,4,170,3,0,3,8,0,8,32,0,32,47,2,45,1,0,1,69,2,67,8,0,8,6,0,6,0,0,0
248925,512,267,245,1,0,1,6,6,0,134,39,95,36,20,16,0,0,0,302,183,119,15,5,10,11,9,2,7,5,2
248934,4388,1596,2792,23,8,15,177,70,107,1645,454,1191,490,163,327,17,11,6,1841,820,1021,155,55,100,35,13,22,5,2,3
249061,17,0,17,0,0,0,0,0,0,12,0,12,3,0,3,0,0,0,2,0,2,0,0,0,0,0,0,0,0,0
249238,169,13,156,6,1,5,5,1,4,38,5,33,61,5,56,0,0,0,59,1,58,0,0,0,0,0,0,0,0,0
249609,126,75,51,0,0,0,1,1,0,22,12,10,19,9,10,0,0,0,77,47,30,5,4,1,2,2,0,0,0,0
250027,176,52,124,0,0,0,0,0,0,13,2,11,1,1,0,0,0,0,157,49,108,2,0,2,3,0,3,0,0,0
250285,119,107,12,1,1,0,3,1,2,41,37,4,20,18,2,0,0,0,36,33,3,15,15,0,2,1,1,1,1,0
250744,253,26,227,0,0,0,1,0,1,191,12,179,3,0,3,1,0,1,41,11,30,13,2,11,3,1,2,0,0,0
250902,53,0,53,0,0,0,25,0,25,18,0,18,0,0,0,0,0,0,9,0,9,1,0,1,0,0,0,0,0,0
250993,259,110,149,10,4,6,2,1,1,4,3,1,39,19,20,0,0,0,172,70,102,32,13,19,0,0,0,0,0,0
251260,1022,453,569,2,1,1,4,1,3,180,69,111,32,18,14,0,0,0,761,348,413,21,5,16,17,10,7,5,1,4
251312,229,50,179,0,0,0,5,0,5,153,37,116,10,4,6,1,0,1,58,9,49,0,0,0,2,0,2,0,0,0
260336,15,1,14,0,0,0,0,0,0,1,0,1,0,0,0,0,0,0,14,1,13,0,0,0,0,0,0,0,0,0
260363,9,1,8,0,0,0,0,0,0,0,0,0,0,0,0,2,0,2,7,1,6,0,0,0,0,0,0,0,0,0
260372,56,8,48,34,6,28,0,0,0,13,2,11,1,0,1,0,0,0,8,0,8,0,0,0,0,0,0,0,0,0
260664,689,554,135,6,6,0,1,1,0,528,422,106,9,6,3,0,0,0,104,90,14,41,29,12,0,0,0,0,0,0
260691,536,110,426,28,4,24,20,8,12,22,6,16,192,38,154,2,1,1,248,51,197,21,2,19,2,0,2,1,0,1
260789,406,87,319,1,0,1,38,16,22,12,5,7,238,51,187,2,0,2,55,8,47,18,2,16,42,5,37,0,0,0
260813,68,12,56,0,0,0,8,3,5,3,1,2,13,2,11,1,0,1,38,5,33,3,0,3,2,1,1,0,0,0
260929,206,14,192,0,0,0,1,0,1,0,0,0,32,4,28,0,0,0,127,6,121,4,2,2,42,2,40,0,0,0
260965,32,1,31,0,0,0,1,0,1,4,0,4,4,0,4,0,0,0,22,1,21,1,0,1,0,0,0,0,0,0
260992,181,13,168,0,0,0,5,3,2,69,2,67,63,6,57,3,0,3,33,2,31,3,0,3,5,0,5,0,0,0
261436,766,29,737,4,0,4,13,1,12,122,5,117,34,1,33,1,0,1,538,19,519,30,2,28,23,1,22,1,0,1
261676,44,5,39,0,0,0,0,0,0,0,0,0,4,0,4,0,0,0,36,5,31,3,0,3,1,0,1,0,0,0
261685,38,2,36,1,0,1,2,1,1,14,1,13,2,0,2,0,0,0,14,0,14,0,0,0,5,0,5,0,0,0
261719,176,3,173,2,0,2,4,0,4,91,0,91,35,1,34,0,0,0,28,0,28,11,2,9,5,0,5,0,0,0
261773,25,8,17,0,0,0,0,0,0,3,0,3,0,0,0,0,0,0,22,8,14,0,0,0,0,0,0,0,0,0
261861,38,0,38,0,0,0,0,0,0,0,0,0,0,0,0,0,0,0,37,0,37,1,0,1,0,0,0,0,0,0
262022,18,4,14,0,0,0,3,0,3,0,0,0,4,0,4,0,0,0,6,3,3,1,0,1,2,0,2,2,1,1
262031,904,320,584,4,2,2,20,4,16,38,13,25,40,13,27,0,0,0,717,248,469,40,20,20,27,11,16,18,9,9
262086,3368,1068,2300,23,8,15,162,63,99,383,139,244,706,196,510,17,6,11,1807,579,1228,109,44,65,161,33,128,0,0,0
262129,170,67,103,0,0,0,6,1,5,4,1,3,20,7,13,0,0,0,130,55,75,2,1,1,1,0,1,7,2,5
262165,12,6,6,0,0,0,1,0,1,0,0,0,0,0,0,0,0,0,2,0,2,0,0,0,9,6,3,0,0,0
262341,355,318,37,4,3,1,8,7,1,50,41,9,70,65,5,1,1,0,198,182,16,23,18,5,0,0,0,1,1,0
262369,50,0,50,0,0,0,2,0,2,1,0,1,25,0,25,0,0,0,17,0,17,5,0,5,0,0,0,0,0,0
262457,293,47,246,3,2,1,9,1,8,6,2,4,103,16,87,1,0,1,35,5,30,3,1,2,132,20,112,1,0,1
262466,28,8,20,0,0,0,0,0,0,0,0,0,2,0,2,1,0,1,23,6,17,0,0,0,0,0,0,2,2,0
362700,172,16,156,3,0,3,3,0,3,27,2,25,67,5,62,1,0,1,70,9,61,0,0,0,1,0,1,0,0,0
362782,232,6,226,1,0,1,17,1,16,33,1,32,51,0,51,1,0,1,102,3,99,22,1,21,5,0,5,0,0,0
363013,47,1,46,0,0,0,0,0,0,4,0,4,3,0,3,0,0,0,39,1,38,1,0,1,0,0,0,0,0,0
363077,72,10,62,0,0,0,2,1,1,6,1,5,35,4,31,0,0,0,25,2,23,1,1,0,3,1,2,0,0,0
363147,254,6,248,0,0,0,9,0,9,88,1,87,29,0,29,1,0,1,101,4,97,24,1,23,2,0,2,0,0,0
363165,553,268,285,13,6,7,12,5,7,92,40,52,200,89,111,1,1,0,100,49,51,33,12,21,102,66,36,0,0,0
363439,15,1,14,0,0,0,0,0,0,2,0,2,0,0,0,1,0,1,9,1,8,2,0,2,1,0,1,0,0,0
363633,107,31,76,2,1,1,1,0,1,5,1,4,85,23,62,0,0,0,14,6,8,0,0,0,0,0,0,0,0,0
363679,192,5,187,0,0,0,3,0,3,97,1,96,3,1,2,0,0,0,85,2,83,2,0,2,2,1,1,0,0,0
363882,39,1,38,0,0,0,3,1,2,16,0,16,3,0,3,0,0,0,15,0,15,2,0,2,0,0,0,0,0,0
363907,118,43,75,0,0,0,0,0,0,0,0,0,118,43,75,0,0,0,0,0,0,0,0,0,0,0,0,0,0,0
363916,31,5,26,0,0,0,0,0,0,0,0,0,31,5,26,0,0,0,0,0,0,0,0,0,0,0,0,0,0,0
363934,156,123,33,0,0,0,6,5,1,14,11,3,21,19,2,2,1,1,85,71,14,13,8,5,12,6,6,3,2,1
364016,817,301,516,6,1,5,22,8,14,26,8,18,182,62,120,0,0,0,506,199,307,40,11,29,29,10,19,6,2,4
364025,1255,596,659,21,7,14,69,29,40,46,27,19,332,152,180,6,3,3,674,329,345,61,29,32,39,18,21,7,2,5
364548,149,69,80,14,9,5,3,1,2,33,10,23,14,9,5,1,1,0,84,39,45,0,0,0,0,0,0,0,0,0
364575,26,0,26,0,0,0,0,0,0,0,0,0,0,0,0,0,0,0,26,0,26,0,0,0,0,0,0,0,0,0
364627,157,62,95,19,8,11,0,0,0,6,3,3,13,5,8,0,0,0,96,37,59,23,9,14,0,0,0,0,0,0
364636,89,27,62,0,0,0,4,4,0,18,2,16,2,2,0,0,0,0,61,17,44,4,2,2,0,0,0,0,0,0
364751,65,3,62,0,0,0,0,0,0,49,2,47,0,0,0,0,0,0,16,1,15,0,0,0,0,0,0,0,0,0
364760,37,2,35,0,0,0,0,0,0,3,0,3,34,2,32,0,0,0,0,0,0,0,0,0,0,0,0,0,0,0
364946,133,80,53,24,13,11,0,0,0,1,0,1,23,15,8,0,0,0,74,45,29,11,7,4,0,0,0,0,0,0
364964,21,2,19,0,0,0,1,1,0,1,0,1,0,0,0,0,0,0,19,1,18,0,0,0,0,0,0,0,0,0
365091,153,9,144,0,0,0,2,0,2,103,7,96,12,0,12,0,0,0,20,1,19,15,1,14,0,0,0,1,0,1
365125,95,0,95,0,0,0,3,0,3,2,0,2,41,0,41,0,0,0,43,0,43,5,0,5,1,0,1,0,0,0
365198,302,139,163,46,30,16,4,1,3,11,5,6,47,28,19,0,0,0,159,57,102,34,17,17,1,1,0,0,0,0
365213,251,114,137,4,0,4,1,0,1,7,5,2,47,21,26,3,2,1,168,78,90,16,7,9,5,1,4,0,0,0
365240,35,27,8,1,1,0,0,0,0,3,1,2,1,1,0,0,0,0,30,24,6,0,0,0,0,0,0,0,0,0
365374,538,288,250,48,29,19,6,5,1,17,8,9,84,42,42,3,3,0,380,201,179,0,0,0,0,0,0,0,0,0
365383,66,2,64,0,0,0,1,0,1,8,0,8,3,0,3,0,0,0,54,2,52,0,0,0,0,0,0,0,0,0
365480,444,222,222,13,5,8,7,0,7,12,4,8,38,19,19,0,0,0,316,167,149,27,17,10,31,10,21,0,0,0
365505,19,1,18,0,0,0,3,1,2,1,0,1,0,0,0,0,0,0,15,0,15,0,0,0,0,0,0,0,0,0
365693,141,2,139,0,0,0,2,0,2,4,0,4,13,0,13,0,0,0,116,2,114,6,0,6,0,0,0,0,0,0
365763,59,14,45,0,0,0,3,0,3,27,9,18,8,2,6,0,0,0,20,3,17,1,0,1,0,0,0,0,0,0
365824,123,3,120,0,0,0,1,0,1,15,0,15,18,1,17,0,0,0,79,1,78,8,1,7,2,0,2,0,0,0
365833,115,8,107,0,0,0,5,1,4,23,2,21,38,3,35,0,0,0,42,2,40,2,0,2,5,0,5,0,0,0
366003,55,14,41,0,0,0,1,1,0,4,0,4,7,1,6,0,0,0,6,3,3,0,0,0,2,1,1,35,8,27
366155,5,3,2,0,0,0,0,0,0,5,3,2,0,0,0,0,0,0,0,0,0,0,0,0,0,0,0,0,0,0
366191,487,473,14,1,1,0,12,11,1,17,17,0,184,181,3,0,0,0,247,240,7,22,20,2,4,3,1,0,0,0
366252,1309,824,485,1,1,0,16,8,8,26,16,10,37,24,13,0,0,0,1193,755,438,25,14,11,9,4,5,2,2,0
366261,183,51,132,0,0,0,0,0,0,50,23,27,31,7,24,0,0,0,102,21,81,0,0,0,0,0,0,0,0,0
366270,87,6,81,0,0,0,0,0,0,61,3,58,3,0,3,0,0,0,20,3,17,3,0,3,0,0,0,0,0,0
366289,13,13,0,0,0,0,0,0,0,0,0,0,9,9,0,1,1,0,3,3,0,0,0,0,0,0,0,0,0,0
366340,30,10,20,28,9,19,0,0,0,0,0,0,0,0,0,0,0,0,2,1,1,0,0,0,0,0,0,0,0,0
366368,55,17,38,1,0,1,6,2,4,2,1,1,8,2,6,0,0,0,27,7,20,0,0,0,0,0,0,11,5,6
366395,3548,1481,2067,5,3,2,128,52,76,249,88,161,943,359,584,2,1,1,1988,879,1109,54,21,33,166,74,92,13,4,9
366401,865,357,508,8,0,8,141,56,85,30,14,16,256,90,166,2,0,2,341,161,180,67,28,39,11,5,6,9,3,6
366438,36,2,34,0,0,0,1,0,1,9,1,8,6,0,6,0,0,0,20,1,19,0,0,0,0,0,0,0,0,0
366465,856,310,546,2,1,1,4,3,1,237,75,162,61,22,39,3,0,3,535,204,331,14,5,9,0,0,0,0,0,0
366535,100,28,72,0,0,0,1,0,1,56,12,44,1,0,1,0,0,0,30,10,20,0,0,0,12,6,6,0,0,0
366553,499,112,387,0,0,0,9,3,6,134,41,93,133,27,106,1,0,1,198,39,159,13,0,13,10,2,8,1,0,1
366571,11,3,8,0,0,0,1,0,1,0,0,0,0,0,0,0,0,0,10,3,7,0,0,0,0,0,0,0,0,0
366605,4,0,4,0,0,0,1,0,1,0,0,0,0,0,0,0,0,0,3,0,3,0,0,0,0,0,0,0,0,0
366623,106,57,49,5,4,1,0,0,0,0,0,0,11,5,6,0,0,0,78,44,34,12,4,8,0,0,0,0,0,0
366632,8,1,7,0,0,0,0,0,0,1,0,1,0,0,0,0,0,0,7,1,6,0,0,0,0,0,0,0,0,0
366711,4194,1543,2651,10,3,7,425,167,258,122,56,66,1678,537,1141,9,6,3,1283,506,777,223,79,144,230,93,137,214,96,118
367051,37,2,35,0,0,0,0,0,0,10,1,9,8,0,8,0,0,0,19,1,18,0,0,0,0,0,0,0,0,0
367088,64,0,64,1,0,1,1,0,1,0,0,0,0,0,0,1,0,1,60,0,60,1,0,1,0,0,0,0,0,0
367103,16,12,4,0,0,0,0,0,0,4,2,2,0,0,0,0,0,0,12,10,2,0,0,0,0,0,0,0,0,0
367112,100,6,94,0,0,0,0,0,0,80,5,75,0,0,0,0,0,0,19,1,18,1,0,1,0,0,0,0,0,0
367158,43,4,39,0,0,0,0,0,0,10,1,9,8,0,8,0,0,0,19,2,17,1,0,1,5,1,4,0,0,0
367334,215,197,18,4,3,1,5,5,0,32,30,2,20,18,2,0,0,0,123,112,11,0,0,0,31,29,2,0,0,0
367361,2,2,0,0,0,0,0,0,0,1,1,0,0,0,0,0,0,0,1,1,0,0,0,0,0,0,0,0,0,0
367431,12,2,10,0,0,0,0,0,0,3,1,2,0,0,0,0,0,0,7,1,6,1,0,1,1,0,1,0,0,0
367459,976,351,625,14,4,10,41,16,25,23,11,12,219,62,157,5,2,3,596,227,369,45,15,30,19,9,10,14,5,9
367875,173,31,142,1,0,1,1,0,1,80,13,67,54,12,42,0,0,0,33,4,29,3,2,1,0,0,0,1,0,1
367884,248,81,167,0,0,0,9,3,6,31,11,20,86,25,61,0,0,0,111,38,73,1,0,1,10,4,6,0,0,0
367954,1531,470,1061,1,1,0,208,102,106,95,31,64,233,92,141,13,3,10,749,201,548,52,16,36,175,22,153,5,2,3
367972,100,6,94,0,0,0,2,0,2,60,3,57,2,0,2,0,0,0,33,3,30,3,0,3,0,0,0,0,0,0
367981,26,0,26,0,0,0,1,0,1,3,0,3,6,0,6,0,0,0,14,0,14,2,0,2,0,0,0,0,0,0
368036,13,1,12,0,0,0,0,0,0,1,0,1,0,0,0,0,0,0,12,1,11,0,0,0,0,0,0,0,0,0
368230,32,2,30,0,0,0,0,0,0,17,1,16,6,1,5,0,0,0,1,0,1,0,0,0,8,0,8,0,0,0
368364,150,75,75,3,2,1,1,1,0,6,2,4,47,20,27,1,0,1,66,36,30,26,14,12,0,0,0,0,0,0
368407,22,1,21,0,0,0,0,0,0,1,0,1,0,0,0,0,0,0,21,1,20,0,0,0,0,0,0,0,0,0
368443,156,20,136,2,1,1,2,0,2,51,7,44,12,2,10,0,0,0,72,8,64,12,1,11,5,1,4,0,0,0
368452,46,17,29,1,0,1,0,0,0,9,3,6,4,3,1,0,0,0,32,11,21,0,0,0,0,0,0,0,0,0
368540,12,2,10,0,0,0,0,0,0,1,0,1,4,0,4,0,0,0,7,2,5,0,0,0,0,0,0,0,0,0
368629,429,67,362,5,1,4,51,16,35,19,4,15,73,4,69,3,0,3,248,34,214,28,8,20,2,0,2,0,0,0
368647,23,0,23,0,0,0,0,0,0,0,0,0,0,0,0,0,0,0,22,0,22,1,0,1,0,0,0,0,0,0
368771,98,25,73,0,0,0,7,1,6,3,0,3,6,3,3,0,0,0,76,20,56,5,1,4,1,0,1,0,0,0
368832,18,2,16,3,0,3,13,2,11,0,0,0,2,0,2,0,0,0,0,0,0,0,0,0,0,0,0,0,0,0
368911,630,211,419,1,1,0,2,0,2,144,40,104,78,30,48,0,0,0,385,132,253,14,6,8,0,0,0,6,2,4
369002,48,24,24,0,0,0,3,0,3,8,3,5,9,4,5,0,0,0,28,17,11,0,0,0,0,0,0,0,0,0
369109,35,6,29,0,0,0,0,0,0,8,1,7,1,0,1,0,0,0,26,5,21,0,0,0,0,0,0,0,0,0
369400,963,929,34,8,7,1,8,7,1,112,108,4,192,187,5,4,4,0,519,500,19,69,66,3,49,48,1,2,2,0
369419,617,378,239,2,1,1,14,8,6,148,63,85,196,110,86,1,0,1,237,185,52,12,8,4,0,0,0,7,3,4
369446,69,2,67,0,0,0,38,1,37,3,0,3,3,0,3,0,0,0,19,1,18,0,0,0,1,0,1,5,0,5
369455,91,24,67,1,0,1,3,0,3,11,0,11,12,5,7,0,0,0,62,19,43,2,0,2,0,0,0,0,0,0
369516,112,24,88,1,1,0,1,0,1,19,3,16,9,1,8,2,1,1,68,15,53,7,2,5,5,1,4,0,0,0
369659,58,10,48,0,0,0,8,2,6,0,0,0,3,1,2,0,0,0,43,6,37,4,1,3,0,0,0,0,0,0
369668,105,58,47,0,0,0,0,0,0,0,0,0,0,0,0,0,0,0,105,58,47,0,0,0,0,0,0,0,0,0
369686,120,30,90,0,0,0,2,1,1,21,7,14,81,15,66,0,0,0,14,5,9,1,1,0,1,1,0,0,0,0
369695,85,11,74,0,0,0,64,10,54,6,0,6,13,0,13,0,0,0,1,1,0,1,0,1,0,0,0,0,0,0
369783,397,12,385,3,0,3,4,0,4,64,2,62,196,8,188,0,0,0,106,2,104,18,0,18,6,0,6,0,0,0
369950,150,138,12,1,1,0,1,1,0,31,25,6,4,4,0,1,1,0,106,100,6,0,0,0,5,5,0,1,1,0
371052,243,56,187,2,0,2,3,1,2,137,32,105,5,1,4,0,0,0,70,13,57,13,1,12,13,8,5,0,0,0
371690,437,48,389,2,1,1,22,3,19,20,2,18,286,30,256,3,0,3,96,11,85,8,1,7,0,0,0,0,0,0
371830,19,17,2,0,0,0,1,1,0,2,2,0,15,13,2,0,0,0,1,1,0,0,0,0,0,0,0,0,0,0
371928,66,24,42,0,0,0,10,4,6,3,3,0,18,6,12,4,1,3,27,8,19,2,2,0,2,0,2,0,0,0
371964,313,184,129,5,3,2,23,17,6,37,17,20,90,47,43,4,1,3,130,85,45,10,5,5,14,9,5,0,0,0
372028,62,12,50,0,0,0,3,2,1,1,1,0,40,5,35,1,0,1,12,3,9,0,0,0,5,1,4,0,0,0
372073,98,31,67,0,0,0,11,2,9,18,6,12,41,19,22,0,0,0,11,2,9,5,0,5,12,2,10,0,0,0
372082,31,6,25,0,0,0,2,1,1,3,1,2,24,4,20,0,0,0,2,0,2,0,0,0,0,0,0,0,0,0
372240,3,0,3,0,0,0,1,0,1,2,0,2,0,0,0,0,0,0,0,0,0,0,0,0,0,0,0,0,0,0
372329,142,11,131,0,0,0,0,0,0,5,3,2,42,1,41,0,0,0,93,7,86,2,0,2,0,0,0,0,0,0
372356,159,4,155,2,0,2,5,0,5,24,1,23,61,1,60,0,0,0,57,2,55,5,0,5,5,0,5,0,0,0
372462,82,5,77,0,0,0,1,0,1,13,3,10,12,1,11,0,0,0,46,1,45,10,0,10,0,0,0,0,0,0
372718,119,21,98,0,0,0,2,1,1,12,4,8,23,6,17,1,0,1,72,8,64,4,1,3,4,1,3,1,0,1
372921,390,130,260,0,0,0,6,1,5,241,86,155,70,17,53,0,0,0,55,21,34,16,5,11,2,0,2,0,0,0
373085,35,1,34,0,0,0,1,0,1,8,1,7,2,0,2,0,0,0,22,0,22,0,0,0,2,0,2,0,0,0
373216,81,3,78,0,0,0,1,0,1,11,0,11,19,1,18,1,1,0,47,1,46,1,0,1,1,0,1,0,0,0
373456,7,0,7,0,0,0,0,0,0,7,0,7,0,0,0,0,0,0,0,0,0,0,0,0,0,0,0,0,0,0
373526,644,529,115,0,0,0,1,1,0,475,381,94,9,9,0,0,0,0,148,129,19,11,9,2,0,0,0,0,0,0
373678,149,48,101,2,1,1,12,3,9,27,2,25,35,11,24,0,0,0,63,28,35,8,2,6,2,1,1,0,0,0
373696,67,35,32,0,0,0,0,0,0,4,1,3,23,11,12,0,0,0,40,23,17,0,0,0,0,0,0,0,0,0
373711,53,4,49,0,0,0,1,0,1,7,2,5,5,1,4,1,0,1,38,1,37,1,0,1,0,0,0,0,0,0
373784,356,222,134,6,1,5,2,1,1,225,142,83,13,7,6,0,0,0,35,16,19,15,11,4,59,43,16,1,1,0
374024,82,18,64,1,0,1,6,2,4,10,2,8,1,0,1,0,0,0,64,14,50,0,0,0,0,0,0,0,0,0
374316,31,22,9,0,0,0,0,0,0,25,19,6,3,2,1,0,0,0,3,1,2,0,0,0,0,0,0,0,0,0
374343,20,0,20,0,0,0,1,0,1,3,0,3,1,0,1,0,0,0,15,0,15,0,0,0,0,0,0,0,0,0
374574,329,51,278,0,0,0,4,2,2,148,23,125,60,9,51,0,0,0,75,14,61,7,0,7,35,3,32,0,0,0
374592,40,9,31,0,0,0,1,0,1,11,2,9,10,4,6,0,0,0,18,3,15,0,0,0,0,0,0,0,0,0
375106,156,142,14,5,4,1,8,8,0,44,41,3,17,16,1,0,0,0,82,73,9,0,0,0,0,0,0,0,0,0
375230,32,32,0,0,0,0,0,0,0,0,0,0,0,0,0,0,0,0,32,32,0,0,0,0,0,0,0,0,0,0
375373,152,52,100,0,0,0,1,0,1,4,1,3,3,1,2,0,0,0,138,45,93,1,0,1,5,5,0,0,0,0
375407,107,28,79,0,0,0,1,0,1,14,0,14,1,0,1,0,0,0,84,28,56,7,0,7,0,0,0,0,0,0
375416,203,53,150,1,0,1,8,4,4,139,31,108,17,3,14,1,0,1,30,12,18,7,3,4,0,0,0,0,0,0
375540,78,1,77,0,0,0,0,0,0,45,0,45,7,0,7,0,0,0,22,1,21,4,0,4,0,0,0,0,0,0
375568,68,22,46,0,0,0,0,0,0,0,0,0,0,0,0,1,0,1,67,22,45,0,0,0,0,0,0,0,0,0
375656,73,33,40,0,0,0,0,0,0,2,1,1,10,3,7,0,0,0,14,6,8,2,1,1,45,22,23,0,0,0
375683,389,204,185,56,37,19,3,1,2,8,2,6,20,11,9,1,0,1,277,143,134,16,7,9,8,3,5,0,0,0
375726,888,425,463,231,113,118,12,5,7,33,14,19,71,39,32,4,2,2,498,235,263,25,13,12,14,4,10,0,0,0
375939,1,1,0,0,0,0,0,0,0,0,0,0,0,0,0,0,0,0,1,1,0,0,0,0,0,0,0,0,0,0
375966,71,12,59,0,0,0,3,0,3,44,9,35,2,1,1,0,0,0,22,2,20,0,0,0,0,0,0,0,0,0
375984,84,4,80,0,0,0,1,0,1,64,2,62,8,1,7,0,0,0,2,1,1,2,0,2,7,0,7,0,0,0
376224,60,23,37,0,0,0,0,0,0,0,0,0,60,23,37,0,0,0,0,0,0,0,0,0,0,0,0,0,0,0
376242,118,75,43,0,0,0,0,0,0,0,0,0,118,75,43,0,0,0,0,0,0,0,0,0,0,0,0,0,0,0
376288,47,19,28,0,0,0,0,0,0,0,0,0,47,19,28,0,0,0,0,0,0,0,0,0,0,0,0,0,0,0
376330,122,22,100,0,0,0,0,0,0,0,0,0,122,22,100,0,0,0,0,0,0,0,0,0,0,0,0,0,0,0
376385,171,77,94,0,0,0,0,0,0,1,1,0,170,76,94,0,0,0,0,0,0,0,0,0,0,0,0,0,0,0
376446,81,3,78,0,0,0,4,0,4,36,1,35,6,1,5,0,0,0,35,1,34,0,0,0,0,0,0,0,0,0
376631,10,2,8,0,0,0,0,0,0,0,0,0,1,1,0,0,0,0,9,1,8,0,0,0,0,0,0,0,0,0
376677,59,14,45,0,0,0,1,0,1,35,12,23,3,0,3,0,0,0,20,2,18,0,0,0,0,0,0,0,0,0
376695,200,96,104,0,0,0,1,1,0,0,0,0,0,0,0,197,95,102,1,0,1,1,0,1,0,0,0,0,0,0
377111,174,51,123,0,0,0,0,0,0,69,23,46,48,12,36,0,0,0,31,7,24,26,9,17,0,0,0,0,0,0
377193,12,0,12,0,0,0,0,0,0,0,0,0,12,0,12,0,0,0,0,0,0,0,0,0,0,0,0,0,0,0
377218,129,127,2,2,2,0,1,1,0,5,5,0,26,24,2,0,0,0,90,90,0,5,5,0,0,0,0,0,0,0
377272,13,0,13,0,0,0,0,0,0,0,0,0,11,0,11,0,0,0,2,0,2,0,0,0,0,0,0,0,0,0
377281,39,4,35,0,0,0,0,0,0,7,1,6,25,3,22,0,0,0,7,0,7,0,0,0,0,0,0,0,0,0
377315,72,1,71,0,0,0,0,0,0,5,0,5,19,1,18,0,0,0,48,0,48,0,0,0,0,0,0,0,0,0
377449,166,70,96,2,1,1,2,2,0,101,44,57,8,4,4,4,2,2,25,10,15,22,6,16,2,1,1,0,0,0
377458,144,39,105,0,0,0,2,1,1,77,16,61,15,5,10,0,0,0,22,5,17,18,6,12,10,6,4,0,0,0
377485,8,0,8,0,0,0,0,0,0,2,0,2,2,0,2,0,0,0,3,0,3,1,0,1,0,0,0,0,0,0
377546,14,3,11,0,0,0,3,1,2,1,1,0,0,0,0,1,0,1,9,1,8,0,0,0,0,0,0,0,0,0
377555,2063,1015,1048,9,6,3,559,299,260,130,62,68,190,74,116,9,5,4,808,377,431,122,59,63,34,20,14,202,113,89
377564,1993,904,1089,18,7,11,363,179,184,166,67,99,262,108,154,17,4,13,817,388,429,153,56,97,66,22,44,131,73,58
377643,56,3,53,0,0,0,0,0,0,4,1,3,0,0,0,1,0,1,50,2,48,1,0,1,0,0,0,0,0,0
377652,62,2,60,0,0,0,1,0,1,7,0,7,0,0,0,0,0,0,38,1,37,0,0,0,16,1,15,0,0,0
377661,360,29,331,0,0,0,0,0,0,54,6,48,14,1,13,0,0,0,223,21,202,15,0,15,54,1,53,0,0,0
377722,330,9,321,3,0,3,26,1,25,13,2,11,82,5,77,6,0,6,165,1,164,31,0,31,4,0,4,0,0,0
377759,43,42,1,0,0,0,3,3,0,2,2,0,27,27,0,0,0,0,11,10,1,0,0,0,0,0,0,0,0,0
378105,232,15,217,0,0,0,9,0,9,3,0,3,197,13,184,3,0,3,17,1,16,1,0,1,2,1,1,0,0,0
378576,587,112,475,3,0,3,74,15,59,23,4,19,61,13,48,6,3,3,292,51,241,33,7,26,94,19,75,1,0,1
378886,122,23,99,0,0,0,3,0,3,58,10,48,34,11,23,0,0,0,21,2,19,6,0,6,0,0,0,0,0,0
378956,420,390,30,1,1,0,18,17,1,51,49,2,87,82,5,4,4,0,220,201,19,27,24,3,11,11,0,1,1,0
379621,41,5,36,0,0,0,1,1,0,7,1,6,3,0,3,1,0,1,26,2,24,3,1,2,0,0,0,0,0,0
379746,107,1,106,0,0,0,3,0,3,31,0,31,67,1,66,0,0,0,3,0,3,1,0,1,2,0,2,0,0,0
379782,201,21,180,1,0,1,7,1,6,58,8,50,58,3,55,2,0,2,75,9,66,0,0,0,0,0,0,0,0,0
380067,32,0,32,0,0,0,0,0,0,10,0,10,22,0,22,0,0,0,0,0,0,0,0,0,0,0,0,0,0,0
380359,121,24,97,68,14,54,0,0,0,2,0,2,4,1,3,0,0,0,47,9,38,0,0,0,0,0,0,0,0,0
380368,169,65,104,22,7,15,2,1,1,10,8,2,7,3,4,0,0,0,112,42,70,16,4,12,0,0,0,0,0,0
380377,120,35,85,108,33,75,0,0,0,1,1,0,0,0,0,0,0,0,11,1,10,0,0,0,0,0,0,0,0,0
380438,146,27,119,1,1,0,3,0,3,1,0,1,13,3,10,0,0,0,124,22,102,3,0,3,1,1,0,0,0,0
381255,50,38,12,0,0,0,0,0,0,1,1,0,48,36,12,0,0,0,1,1,0,0,0,0,0,0,0,0,0,0
381282,57,16,41,0,0,0,1,1,0,0,0,0,54,14,40,0,0,0,2,1,1,0,0,0,0,0,0,0,0,0
381325,73,6,67,0,0,0,0,0,0,0,0,0,69,5,64,0,0,0,2,0,2,2,1,1,0,0,0,0,0,0
381352,28,4,24,1,0,1,2,0,2,2,1,1,5,2,3,0,0,0,16,0,16,0,0,0,2,1,1,0,0,0
381370,194,2,192,1,0,1,1,0,1,77,1,76,7,0,7,0,0,0,94,1,93,7,0,7,7,0,7,0,0,0
381404,304,9,295,9,0,9,2,0,2,148,2,146,85,3,82,0,0,0,43,3,40,12,1,11,5,0,5,0,0,0
381459,48,32,16,1,0,1,3,2,1,5,4,1,3,3,0,0,0,0,33,21,12,0,0,0,3,2,1,0,0,0
381486,8,1,7,0,0,0,0,0,0,0,0,0,2,0,2,0,0,0,6,1,5,0,0,0,0,0,0,0,0,0
381699,26,1,25,0,0,0,0,0,0,4,1,3,8,0,8,0,0,0,14,0,14,0,0,0,0,0,0,0,0,0
381732,63,11,52,0,0,0,0,0,0,0,0,0,6,0,6,0,0,0,51,10,41,3,1,2,0,0,0,3,0,3
382258,76,18,58,0,0,0,9,5,4,13,0,13,23,4,19,1,0,1,30,9,21,0,0,0,0,0,0,0,0,0
382416,65,9,56,0,0,0,3,0,3,20,8,12,16,0,16,0,0,0,23,1,22,3,0,3,0,0,0,0,0,0
382461,17,0,17,0,0,0,0,0,0,5,0,5,0,0,0,0,0,0,12,0,12,0,0,0,0,0,0,0,0,0
382780,91,0,91,0,0,0,0,0,0,29,0,29,17,0,17,0,0,0,40,0,40,2,0,2,3,0,3,0,0,0
382911,25,15,10,0,0,0,1,0,1,4,4,0,13,7,6,0,0,0,3,2,1,1,0,1,0,0,0,3,2,1
382957,213,71,142,0,0,0,4,2,2,145,44,101,7,2,5,0,0,0,43,16,27,8,3,5,6,4,2,0,0,0
383020,10,1,9,0,0,0,0,0,0,0,0,0,1,0,1,0,0,0,9,1,8,0,0,0,0,0,0,0,0,0
383084,267,143,124,1,0,1,55,41,14,8,4,4,186,90,96,1,1,0,16,7,9,0,0,0,0,0,0,0,0,0
383163,447,0,447,0,0,0,13,0,13,5,0,5,429,0,429,0,0,0,0,0,0,0,0,0,0,0,0,0,0,0
383190,432,185,247,1,0,1,88,33,55,2,0,2,70,28,42,25,15,10,52,20,32,177,79,98,7,7,0,10,3,7
383279,82,18,64,0,0,0,3,1,2,17,3,14,29,7,22,0,0,0,26,6,20,1,0,1,4,1,3,2,0,2
383297,140,3,137,1,0,1,4,0,4,13,0,13,28,1,27,0,0,0,83,2,81,3,0,3,7,0,7,1,0,1
383312,50,21,29,0,0,0,1,1,0,0,0,0,0,0,0,0,0,0,49,20,29,0,0,0,0,0,0,0,0,0
383330,62,3,59,0,0,0,0,0,0,20,1,19,3,0,3,0,0,0,31,2,29,7,0,7,1,0,1,0,0,0
383367,179,76,103,2,0,2,1,0,1,6,0,6,3,1,2,0,0,0,163,72,91,4,3,1,0,0,0,0,0,0
383464,39,6,33,0,0,0,3,0,3,16,2,14,9,1,8,0,0,0,10,3,7,1,0,1,0,0,0,0,0,0
383525,43,2,41,0,0,0,0,0,0,23,1,22,0,0,0,0,0,0,20,1,19,0,0,0,0,0,0,0,0,0
383765,53,0,53,0,0,0,1,0,1,27,0,27,9,0,9,0,0,0,12,0,12,0,0,0,4,0,4,0,0,0
383996,72,21,51,15,3,12,0,0,0,0,0,0,22,5,17,0,0,0,26,12,14,6,1,5,1,0,1,2,0,2
384236,444,164,280,0,0,0,3,0,3,17,3,14,161,54,107,2,2,0,20,14,6,2,1,1,239,90,149,0,0,0
384245,508,194,314,0,0,0,6,3,3,10,4,6,151,53,98,3,3,0,12,5,7,3,2,1,323,124,199,0,0,0
384254,111,63,48,1,0,1,4,2,2,20,10,10,9,7,2,0,0,0,74,42,32,2,1,1,0,0,0,1,1,0
384306,19,3,16,0,0,0,2,1,1,0,0,0,1,0,1,0,0,0,14,1,13,2,1,1,0,0,0,0,0,0
384333,1109,371,738,13,3,10,36,16,20,76,25,51,569,169,400,3,0,3,338,136,202,50,16,34,21,4,17,3,2,1
384342,1091,362,729,4,0,4,21,8,13,78,19,59,76,32,44,0,0,0,835,276,559,55,14,41,8,3,5,14,10,4
384412,30,20,10,0,0,0,2,2,0,4,1,3,1,0,1,0,0,0,2,1,1,0,0,0,0,0,0,21,16,5
384421,5,5,0,0,0,0,0,0,0,0,0,0,0,0,0,0,0,0,5,5,0,0,0,0,0,0,0,0,0,0
385132,123,8,115,0,0,0,1,1,0,22,2,20,21,0,21,0,0,0,72,4,68,6,1,5,1,0,1,0,0,0
385415,258,128,130,1,0,1,61,31,30,12,4,8,26,9,17,0,0,0,119,68,51,9,4,5,25,9,16,5,3,2
385503,140,8,132,0,0,0,15,4,11,12,2,10,17,1,16,0,0,0,81,1,80,10,0,10,5,0,5,0,0,0
385619,474,265,209,6,2,4,9,3,6,94,55,39,110,57,53,0,0,0,200,115,85,9,5,4,44,26,18,2,2,0
386153,216,0,216,0,0,0,0,0,0,0,0,0,0,0,0,0,0,0,216,0,216,0,0,0,0,0,0,0,0,0
386472,278,48,230,0,0,0,12,5,7,88,12,76,68,10,58,0,0,0,95,16,79,6,2,4,9,3,6,0,0,0
387925,83,15,68,1,0,1,3,0,3,27,7,20,18,3,15,1,0,1,33,5,28,0,0,0,0,0,0,0,0,0
388520,43,17,26,0,0,0,0,0,0,18,6,12,12,3,9,0,0,0,11,7,4,0,0,0,2,1,1,0,0,0
388663,72,6,66,0,0,0,8,3,5,52,3,49,5,0,5,0,0,0,6,0,6,1,0,1,0,0,0,0,0,0
389860,168,108,60,1,1,0,1,0,1,11,9,2,1,1,0,0,0,0,147,92,55,4,2,2,3,3,0,0,0,0
390905,230,135,95,1,1,0,4,1,3,16,13,3,17,10,7,1,1,0,175,100,75,10,5,5,6,4,2,0,0,0
391005,53,1,52,0,0,0,0,0,0,53,1,52,0,0,0,0,0,0,0,0,0,0,0,0,0,0,0,0,0,0
391759,11,0,11,0,0,0,1,0,1,1,0,1,0,0,0,0,0,0,9,0,9,0,0,0,0,0,0,0,0,0
392257,1126,79,1047,12,0,12,19,5,14,321,20,301,536,42,494,6,3,3,181,7,174,24,1,23,27,1,26,0,0,0
392354,10,3,7,0,0,0,0,0,0,0,0,0,0,0,0,0,0,0,10,3,7,0,0,0,0,0,0,0,0,0
392415,225,51,174,2,0,2,8,1,7,112,21,91,76,20,56,0,0,0,17,7,10,4,0,4,6,2,4,0,0,0
393524,103,12,91,0,0,0,64,1,63,5,0,5,25,10,15,0,0,0,2,0,2,1,0,1,0,0,0,6,1,5
393649,701,293,408,0,0,0,7,3,4,90,34,56,220,93,127,6,3,3,13,6,7,17,6,11,348,148,200,0,0,0
393861,363,52,311,0,0,0,358,51,307,0,0,0,1,1,0,0,0,0,0,0,0,0,0,0,0,0,0,4,0,4
395362,185,43,142,0,0,0,5,0,5,6,3,3,60,10,50,4,0,4,88,19,69,16,11,5,6,0,6,0,0,0
395690,277,173,104,1,1,0,2,1,1,103,74,29,73,37,36,0,0,0,48,25,23,7,4,3,43,31,12,0,0,0
397942,565,181,384,1,0,1,15,7,8,16,8,8,166,45,121,0,0,0,17,6,11,2,1,1,348,114,234,0,0,0
399212,1562,875,687,2,1,1,142,80,62,16,14,2,735,366,369,7,6,1,535,346,189,67,34,33,37,19,18,21,9,12
399869,402,388,14,0,0,0,40,37,3,20,19,1,238,231,7,7,6,1,72,71,1,16,16,0,9,8,1,0,0,0
399911,91,33,58,0,0,0,11,1,10,5,1,4,8,5,3,0,0,0,18,6,12,6,2,4,1,0,1,42,18,24
400080,799,524,275,1,1,0,46,26,20,95,38,57,425,288,137,5,5,0,157,123,34,67,41,26,3,2,1,0,0,0
400187,484,49,435,11,1,10,333,44,289,12,0,12,64,1,63,2,0,2,34,1,33,3,0,3,21,2,19,4,0,4
400558,26,14,12,0,0,0,25,13,12,0,0,0,1,1,0,0,0,0,0,0,0,0,0,0,0,0,0,0,0,0
401223,104,37,67,0,0,0,46,7,39,0,0,0,20,13,7,0,0,0,0,0,0,0,0,0,0,0,0,38,17,21
401250,20,4,16,1,1,0,2,1,1,1,0,1,1,0,1,0,0,0,14,1,13,1,1,0,0,0,0,0,0,0
401481,2,0,2,0,0,0,0,0,0,2,0,2,0,0,0,0,0,0,0,0,0,0,0,0,0,0,0,0,0,0
401764,142,1,141,0,0,0,2,0,2,115,0,115,9,0,9,0,0,0,9,0,9,3,0,3,4,1,3,0,0,0
402563,136,4,132,0,0,0,1,0,1,33,2,31,5,0,5,0,0,0,90,2,88,7,0,7,0,0,0,0,0,0
402800,114,6,108,0,0,0,0,0,0,5,0,5,83,5,78,0,0,0,13,1,12,2,0,2,11,0,11,0,0,0
403469,145,77,68,1,1,0,2,0,2,1,1,0,7,4,3,0,0,0,130,69,61,4,2,2,0,0,0,0,0,0
403478,156,80,76,0,0,0,1,1,0,9,4,5,3,0,3,0,0,0,139,74,65,4,1,3,0,0,0,0,0,0
403487,192,94,98,1,0,1,2,0,2,10,6,4,10,2,8,1,1,0,166,85,81,2,0,2,0,0,0,0,0,0
404037,28,1,27,0,0,0,0,0,0,1,0,1,10,1,9,0,0,0,17,0,17,0,0,0,0,0,0,0,0,0
404055,258,28,230,19,0,19,4,0,4,33,6,27,95,11,84,1,0,1,63,7,56,5,1,4,38,3,35,0,0,0
404222,39,18,21,0,0,0,8,2,6,0,0,0,26,15,11,1,1,0,4,0,4,0,0,0,0,0,0,0,0,0
404338,13,5,8,0,0,0,0,0,0,2,1,1,2,0,2,0,0,0,7,3,4,0,0,0,2,1,1,0,0,0
404426,506,193,313,96,22,74,7,4,3,3,2,1,93,26,67,0,0,0,264,126,138,27,7,20,16,6,10,0,0,0
404684,166,42,124,0,0,0,0,0,0,0,0,0,166,42,124,0,0,0,0,0,0,0,0,0,0,0,0,0,0,0
404718,65,2,63,0,0,0,1,0,1,8,0,8,5,0,5,0,0,0,50,2,48,1,0,1,0,0,0,0,0,0
404912,457,69,388,1,0,1,17,4,13,10,2,8,210,18,192,2,0,2,205,41,164,9,4,5,3,0,3,0,0,0
404994,1031,297,734,2,0,2,62,17,45,225,69,156,259,42,217,3,0,3,71,20,51,19,6,13,2,0,2,388,143,245
405012,30,1,29,0,0,0,0,0,0,0,0,0,0,0,0,0,0,0,30,1,29,0,0,0,0,0,0,0,0,0
405058,1,1,0,0,0,0,0,0,0,0,0,0,0,0,0,0,0,0,1,1,0,0,0,0,0,0,0,0,0,0
405076,381,88,293,1,0,1,3,1,2,16,4,12,175,44,131,1,0,1,181,38,143,2,1,1,2,0,2,0,0,0
405854,68,68,0,0,0,0,0,0,0,0,0,0,0,0,0,0,0,0,68,68,0,0,0,0,0,0,0,0,0,0
405872,566,238,328,1,1,0,8,4,4,17,5,12,28,12,16,0,0,0,486,204,282,12,6,6,13,6,7,1,0,1
406024,603,72,531,4,1,3,22,5,17,106,6,100,85,10,75,0,0,0,328,46,282,47,4,43,11,0,11,0,0,0
406033,1036,130,906,4,0,4,26,4,22,115,17,98,406,57,349,7,3,4,362,36,326,93,10,83,23,3,20,0,0,0
406149,58,20,38,0,0,0,1,1,0,3,2,1,2,2,0,0,0,0,46,14,32,6,1,5,0,0,0,0,0,0
406325,92,10,82,0,0,0,3,0,3,8,0,8,1,0,1,0,0,0,77,10,67,3,0,3,0,0,0,0,0,0
406361,16,1,15,0,0,0,0,0,0,2,0,2,0,0,0,0,0,0,14,1,13,0,0,0,0,0,0,0,0,0
406413,41,8,33,0,0,0,0,0,0,5,1,4,1,0,1,0,0,0,28,6,22,7,1,6,0,0,0,0,0,0
406422,80,6,74,0,0,0,1,0,1,1,0,1,0,0,0,0,0,0,78,6,72,0,0,0,0,0,0,0,0,0
406486,78,21,57,2,1,1,3,1,2,2,1,1,9,1,8,1,0,1,57,15,42,3,2,1,1,0,1,0,0,0
406547,30,4,26,1,0,1,0,0,0,10,3,7,3,0,3,0,0,0,16,1,15,0,0,0,0,0,0,0,0,0
407090,219,3,216,2,0,2,4,0,4,60,0,60,63,1,62,1,0,1,89,2,87,0,0,0,0,0,0,0,0,0
407142,47,1,46,0,0,0,0,0,0,3,1,2,0,0,0,0,0,0,44,0,44,0,0,0,0,0,0,0,0,0
407151,32,2,30,0,0,0,0,0,0,1,0,1,1,0,1,0,0,0,30,2,28,0,0,0,0,0,0,0,0,0
407179,48,1,47,0,0,0,0,0,0,7,0,7,12,1,11,0,0,0,15,0,15,0,0,0,14,0,14,0,0,0
407355,111,7,104,0,0,0,1,0,1,13,1,12,23,4,19,0,0,0,72,2,70,2,0,2,0,0,0,0,0,0
407391,44,8,36,1,0,1,0,0,0,3,1,2,5,2,3,0,0,0,33,4,29,0,0,0,2,1,1,0,0,0
407407,44,7,37,0,0,0,1,0,1,21,3,18,15,3,12,1,0,1,6,1,5,0,0,0,0,0,0,0,0,0
407425,35,4,31,0,0,0,0,0,0,5,0,5,8,1,7,0,0,0,22,3,19,0,0,0,0,0,0,0,0,0
407434,41,0,41,0,0,0,0,0,0,6,0,6,1,0,1,0,0,0,34,0,34,0,0,0,0,0,0,0,0,0
407461,85,66,19,3,2,1,0,0,0,21,20,1,2,2,0,0,0,0,58,41,17,1,1,0,0,0,0,0,0,0
407470,43,2,41,0,0,0,0,0,0,39,1,38,1,0,1,0,0,0,3,1,2,0,0,0,0,0,0,0,0,0
407489,111,83,28,2,2,0,0,0,0,6,5,1,0,0,0,0,0,0,99,73,26,4,3,1,0,0,0,0,0,0
407513,160,74,86,0,0,0,0,0,0,1,0,1,1,0,1,1,0,1,151,69,82,5,4,1,1,1,0,0,0,0
407522,62,26,36,0,0,0,2,1,1,4,2,2,5,2,3,0,0,0,49,20,29,2,1,1,0,0,0,0,0,0
407568,81,3,78,0,0,0,1,0,1,22,2,20,2,0,2,0,0,0,53,1,52,3,0,3,0,0,0,0,0,0
407577,158,44,114,0,0,0,0,0,0,2,1,1,3,1,2,0,0,0,153,42,111,0,0,0,0,0,0,0,0,0
407595,55,18,37,0,0,0,0,0,0,12,1,11,1,0,1,0,0,0,39,16,23,2,0,2,1,1,0,0,0,0
407610,5,2,3,0,0,0,0,0,0,0,0,0,0,0,0,0,0,0,5,2,3,0,0,0,0,0,0,0,0,0
407629,1252,632,620,1,0,1,288,148,140,75,30,45,100,37,63,0,0,0,757,400,357,31,17,14,0,0,0,0,0,0
407683,65,4,61,0,0,0,0,0,0,0,0,0,65,4,61,0,0,0,0,0,0,0,0,0,0,0,0,0,0,0
407708,76,3,73,1,0,1,10,1,9,5,0,5,8,0,8,1,0,1,40,2,38,10,0,10,1,0,1,0,0,0
407735,38,1,37,0,0,0,4,0,4,4,0,4,5,0,5,0,0,0,24,1,23,0,0,0,1,0,1,0,0,0
407832,272,172,100,0,0,0,5,1,4,4,1,3,1,0,1,1,0,1,240,156,84,9,4,5,12,10,2,0,0,0
408066,87,26,61,1,0,1,4,0,4,9,7,2,25,14,11,0,0,0,46,5,41,2,0,2,0,0,0,0,0,0
408163,21,0,21,0,0,0,0,0,0,4,0,4,0,0,0,0,0,0,16,0,16,1,0,1,0,0,0,0,0,0
408385,458,198,260,0,0,0,1,0,1,2,2,0,381,164,217,0,0,0,70,30,40,3,1,2,1,1,0,0,0,0
408729,62,7,55,0,0,0,0,0,0,2,0,2,0,0,0,1,0,1,57,7,50,2,0,2,0,0,0,0,0,0
408844,926,208,718,2,1,1,2,1,1,43,11,32,813,167,646,0,0,0,14,2,12,2,0,2,2,2,0,48,24,24
408862,140,5,135,0,0,0,2,0,2,50,3,47,14,0,14,1,0,1,73,2,71,0,0,0,0,0,0,0,0,0
409032,98,2,96,0,0,0,0,0,0,0,0,0,98,2,96,0,0,0,0,0,0,0,0,0,0,0,0,0,0,0
409120,63,24,39,3,1,2,0,0,0,0,0,0,6,0,6,0,0,0,51,23,28,3,0,3,0,0,0,0,0,0
409193,143,137,6,0,0,0,0,0,0,0,0,0,143,137,6,0,0,0,0,0,0,0,0,0,0,0,0,0,0,0
409254,155,4,151,1,0,1,1,0,1,31,1,30,18,0,18,0,0,0,94,3,91,5,0,5,1,0,1,4,0,4
409315,5441,2038,3403,3,1,2,40,18,22,16,5,11,5221,1932,3289,0,0,0,116,63,53,8,2,6,37,17,20,0,0,0
409537,51,23,28,0,0,0,0,0,0,1,0,1,0,0,0,0,0,0,50,23,27,0,0,0,0,0,0,0,0,0
409591,86,10,76,0,0,0,0,0,0,11,0,11,16,1,15,0,0,0,47,7,40,6,1,5,6,1,5,0,0,0
409616,153,66,87,0,0,0,6,0,6,12,5,7,25,7,18,1,1,0,95,48,47,3,0,3,9,5,4,2,0,2
409698,2170,754,1416,2,1,1,155,65,90,79,35,44,1036,310,726,7,2,5,574,222,352,112,43,69,110,44,66,95,32,63
410797,198,119,79,0,0,0,0,0,0,123,75,48,11,8,3,0,0,0,46,29,17,18,7,11,0,0,0,0,0,0
410964,26,0,26,1,0,1,5,0,5,0,0,0,4,0,4,0,0,0,16,0,16,0,0,0,0,0,0,0,0,0
411684,76,20,56,0,0,0,33,8,25,6,2,4,33,9,24,1,1,0,3,0,3,0,0,0,0,0,0,0,0,0
411754,16,5,11,0,0,0,0,0,0,2,1,1,0,0,0,0,0,0,14,4,10,0,0,0,0,0,0,0,0,0
412173,129,7,122,0,0,0,1,1,0,98,4,94,14,1,13,0,0,0,16,1,15,0,0,0,0,0,0,0,0,0
412535,15,3,12,0,0,0,0,0,0,11,3,8,0,0,0,0,0,0,2,0,2,0,0,0,0,0,0,2,0,2
412544,165,28,137,1,0,1,5,0,5,34,2,32,20,3,17,6,1,5,85,22,63,9,0,9,5,0,5,0,0,0
412599,264,69,195,1,0,1,2,0,2,243,61,182,4,1,3,0,0,0,13,7,6,1,0,1,0,0,0,0,0,0
413176,27,9,18,0,0,0,0,0,0,1,0,1,0,0,0,0,0,0,26,9,17,0,0,0,0,0,0,0,0,0
413413,14303,2521,11782,56,5,51,509,117,392,3227,512,2715,1245,246,999,60,16,44,6787,1171,5616,337,51,286,1999,369,1630,83,34,49
413617,26,6,20,21,6,15,0,0,0,0,0,0,0,0,0,0,0,0,5,0,5,0,0,0,0,0,0,0,0,0
413626,32,12,20,28,11,17,0,0,0,0,0,0,0,0,0,1,0,1,3,1,2,0,0,0,0,0,0,0,0,0
413680,209,194,15,2,2,0,19,18,1,15,14,1,132,123,9,7,6,1,15,13,2,1,0,1,17,17,0,1,1,0
413778,78,4,74,0,0,0,3,0,3,22,0,22,27,2,25,0,0,0,19,2,17,1,0,1,6,0,6,0,0,0
413820,12,0,12,0,0,0,1,0,1,1,0,1,0,0,0,0,0,0,10,0,10,0,0,0,0,0,0,0,0,0
413893,657,191,466,2,1,1,1,0,1,209,48,161,33,11,22,1,0,1,7,1,6,3,0,3,401,130,271,0,0,0
413945,49,2,47,0,0,0,3,1,2,4,0,4,7,0,7,0,0,0,34,1,33,0,0,0,0,0,0,1,0,1
413972,8,0,8,0,0,0,0,0,0,1,0,1,1,0,1,0,0,0,6,0,6,0,0,0,0,0,0,0,0,0
414063,114,1,113,0,0,0,5,0,5,6,0,6,24,1,23,0,0,0,77,0,77,2,0,2,0,0,0,0,0,0
414124,285,197,88,1,1,0,6,5,1,27,19,8,55,32,23,0,0,0,164,118,46,2,1,1,30,21,9,0,0,0
414461,1304,1250,54,0,0,0,0,0,0,4,3,1,1293,1240,53,0,0,0,7,7,0,0,0,0,0,0,0,0,0,0
414489,66,3,63,0,0,0,0,0,0,3,1,2,29,1,28,0,0,0,33,0,33,0,0,0,1,1,0,0,0,0
414540,281,5,276,0,0,0,12,0,12,61,0,61,25,1,24,1,0,1,158,4,154,12,0,12,12,0,12,0,0,0
414595,130,22,108,2,0,2,37,10,27,8,1,7,14,2,12,0,0,0,36,3,33,8,2,6,25,4,21,0,0,0
414869,197,14,183,0,0,0,2,0,2,124,7,117,5,1,4,0,0,0,53,6,47,12,0,12,0,0,0,1,0,1
414878,328,183,145,1,1,0,2,0,2,8,6,2,13,5,8,1,0,1,183,90,93,7,4,3,3,1,2,110,76,34
414911,345,135,210,0,0,0,4,2,2,9,1,8,6,1,5,0,0,0,307,125,182,4,2,2,15,4,11,0,0,0
414939,218,36,182,1,0,1,8,1,7,44,5,39,80,18,62,18,0,18,54,10,44,12,2,10,1,0,1,0,0,0
414966,21,8,13,0,0,0,0,0,0,4,2,2,1,0,1,0,0,0,14,4,10,1,1,0,1,1,0,0,0,0
415039,43,2,41,0,0,0,0,0,0,0,0,0,5,1,4,0,0,0,31,1,30,3,0,3,4,0,4,0,0,0
415057,30,29,1,0,0,0,1,1,0,2,2,0,7,7,0,0,0,0,20,19,1,0,0,0,0,0,0,0,0,0
415987,286,9,277,7,1,6,19,1,18,128,4,124,61,0,61,4,0,4,2,0,2,12,0,12,52,3,49,1,0,1
416458,107,29,78,1,0,1,20,5,15,2,0,2,75,22,53,2,0,2,4,2,2,3,0,3,0,0,0,0,0,0
416801,190,48,142,0,0,0,33,10,23,11,5,6,58,14,44,0,0,0,60,13,47,6,1,5,6,1,5,16,4,12
417008,55,1,54,0,0,0,2,0,2,13,0,13,2,0,2,0,0,0,36,1,35,2,0,2,0,0,0,0,0,0
417053,33,13,20,0,0,0,14,4,10,1,0,1,4,1,3,0,0,0,11,8,3,3,0,3,0,0,0,0,0,0
417062,41,0,41,0,0,0,0,0,0,0,0,0,30,0,30,0,0,0,9,0,9,0,0,0,2,0,2,0,0,0
417105,180,112,68,2,2,0,5,4,1,0,0,0,161,98,63,6,4,2,6,4,2,0,0,0,0,0,0,0,0,0
417123,48,18,30,1,0,1,0,0,0,1,1,0,21,6,15,0,0,0,25,11,14,0,0,0,0,0,0,0,0,0
417248,18,18,0,0,0,0,1,1,0,1,1,0,2,2,0,1,1,0,13,13,0,0,0,0,0,0,0,0,0,0
417275,16,14,2,0,0,0,0,0,0,0,0,0,1,0,1,0,0,0,13,12,1,0,0,0,2,2,0,0,0,0
417327,51,3,48,0,0,0,1,0,1,22,1,21,6,0,6,1,0,1,19,2,17,2,0,2,0,0,0,0,0,0
417442,68,4,64,0,0,0,0,0,0,25,1,24,2,0,2,0,0,0,41,3,38,0,0,0,0,0,0,0,0,0
417503,181,2,179,0,0,0,2,0,2,62,1,61,21,1,20,0,0,0,76,0,76,20,0,20,0,0,0,0,0,0
417600,11,0,11,0,0,0,0,0,0,0,0,0,0,0,0,0,0,0,11,0,11,0,0,0,0,0,0,0,0,0
417628,33,10,23,1,0,1,0,0,0,0,0,0,2,2,0,0,0,0,30,8,22,0,0,0,0,0,0,0,0,0
417637,63,26,37,0,0,0,0,0,0,0,0,0,0,0,0,0,0,0,63,26,37,0,0,0,0,0,0,0,0,0
417646,18,0,18,0,0,0,0,0,0,0,0,0,1,0,1,0,0,0,16,0,16,1,0,1,0,0,0,0,0,0
417655,19,0,19,0,0,0,0,0,0,1,0,1,0,0,0,0,0,0,18,0,18,0,0,0,0,0,0,0,0,0
417682,25,0,25,0,0,0,0,0,0,4,0,4,2,0,2,0,0,0,16,0,16,3,0,3,0,0,0,0,0,0
417716,42,1,41,0,0,0,0,0,0,36,0,36,0,0,0,0,0,0,4,1,3,2,0,2,0,0,0,0,0,0
417725,21,0,21,0,0,0,0,0,0,0,0,0,1,0,1,0,0,0,20,0,20,0,0,0,0,0,0,0,0,0
417734,84,14,70,1,0,1,2,0,2,5,0,5,1,0,1,0,0,0,73,14,59,2,0,2,0,0,0,0,0,0
417752,6,2,4,0,0,0,0,0,0,0,0,0,1,0,1,0,0,0,5,2,3,0,0,0,0,0,0,0,0,0
417831,48,35,13,0,0,0,8,7,1,0,0,0,8,4,4,1,0,1,30,23,7,1,1,0,0,0,0,0,0,0
417840,144,7,137,0,0,0,1,0,1,108,6,102,13,0,13,0,0,0,18,1,17,4,0,4,0,0,0,0,0,0
417868,28,4,24,0,0,0,0,0,0,1,0,1,0,0,0,0,0,0,27,4,23,0,0,0,0,0,0,0,0,0
417886,20,0,20,0,0,0,1,0,1,0,0,0,0,0,0,0,0,0,17,0,17,2,0,2,0,0,0,0,0,0
417910,162,27,135,0,0,0,7,3,4,126,20,106,14,3,11,0,0,0,8,1,7,0,0,0,7,0,7,0,0,0
417983,19,1,18,0,0,0,0,0,0,0,0,0,0,0,0,0,0,0,19,1,18,0,0,0,0,0,0,0,0,0
417992,36,6,30,0,0,0,1,1,0,9,3,6,9,1,8,0,0,0,17,1,16,0,0,0,0,0,0,0,0,0
418001,79,7,72,0,0,0,2,2,0,29,0,29,5,2,3,0,0,0,37,3,34,6,0,6,0,0,0,0,0,0
418010,43,2,41,0,0,0,1,0,1,6,1,5,2,0,2,0,0,0,34,1,33,0,0,0,0,0,0,0,0,0
418029,37,2,35,0,0,0,0,0,0,1,0,1,0,0,0,0,0,0,34,2,32,1,0,1,1,0,1,0,0,0
418038,116,5,111,1,0,1,4,0,4,46,1,45,6,0,6,0,0,0,39,1,38,15,1,14,1,0,1,4,2,2
418056,19,5,14,0,0,0,0,0,0,7,2,5,3,2,1,0,0,0,9,1,8,0,0,0,0,0,0,0,0,0
418065,130,14,116,1,0,1,3,0,3,29,4,25,31,2,29,0,0,0,41,4,37,13,3,10,12,1,11,0,0,0
418083,34,7,27,0,0,0,3,2,1,13,2,11,9,3,6,0,0,0,7,0,7,0,0,0,2,0,2,0,0,0
418126,119,37,82,0,0,0,32,12,20,17,5,12,26,11,15,0,0,0,35,6,29,0,0,0,5,0,5,4,3,1
418171,39,38,1,0,0,0,0,0,0,8,8,0,14,13,1,0,0,0,12,12,0,0,0,0,5,5,0,0,0,0
418199,23,18,5,0,0,0,1,0,1,5,5,0,1,1,0,0,0,0,16,12,4,0,0,0,0,0,0,0,0,0
418205,264,105,159,1,1,0,10,2,8,24,6,18,3,2,1,0,0,0,217,91,126,7,3,4,2,0,2,0,0,0
418223,84,2,82,0,0,0,0,0,0,65,2,63,1,0,1,0,0,0,16,0,16,2,0,2,0,0,0,0,0,0
418250,205,123,82,1,1,0,1,0,1,3,3,0,1,0,1,0,0,0,187,110,77,7,5,2,5,4,1,0,0,0
418269,151,87,64,0,0,0,0,0,0,134,77,57,5,3,2,0,0,0,6,4,2,6,3,3,0,0,0,0,0,0
418278,117,50,67,0,0,0,0,0,0,3,1,2,2,1,1,0,0,0,110,46,64,2,2,0,0,0,0,0,0,0
418296,1223,680,543,486,261,225,4,2,2,65,32,33,133,85,48,0,0,0,525,299,226,0,0,0,8,0,8,2,1,1
418302,198,96,102,6,2,4,3,1,2,1,0,1,54,21,33,0,0,0,113,65,48,21,7,14,0,0,0,0,0,0
418320,434,231,203,57,35,22,2,1,1,9,4,5,44,31,13,0,0,0,322,160,162,0,0,0,0,0,0,0,0,0
418348,319,193,126,20,14,6,6,4,2,15,8,7,20,13,7,0,0,0,207,129,78,44,22,22,7,3,4,0,0,0
418357,33,11,22,9,4,5,0,0,0,3,0,3,2,0,2,0,0,0,19,7,12,0,0,0,0,0,0,0,0,0
418409,174,79,95,0,0,0,5,1,4,45,23,22,10,3,7,1,1,0,103,46,57,6,3,3,4,2,2,0,0,0
418427,59,2,57,0,0,0,1,0,1,26,0,26,7,0,7,1,0,1,23,1,22,1,1,0,0,0,0,0,0,0
418445,14,1,13,0,0,0,0,0,0,0,0,0,0,0,0,0,0,0,14,1,13,0,0,0,0,0,0,0,0,0
418454,143,87,56,0,0,0,2,2,0,19,5,14,4,3,1,0,0,0,118,77,41,0,0,0,0,0,0,0,0,0
418481,16,2,14,0,0,0,0,0,0,1,0,1,2,1,1,0,0,0,13,1,12,0,0,0,0,0,0,0,0,0
418515,83,3,80,0,0,0,1,0,1,8,0,8,0,0,0,0,0,0,68,3,65,6,0,6,0,0,0,0,0,0
418524,34,4,30,0,0,0,0,0,0,0,0,0,0,0,0,0,0,0,34,4,30,0,0,0,0,0,0,0,0,0
418533,140,29,111,0,0,0,4,2,2,14,2,12,22,2,20,0,0,0,90,20,70,8,2,6,2,1,1,0,0,0
418542,71,6,65,0,0,0,1,1,0,19,0,19,16,2,14,5,1,4,30,2,28,0,0,0,0,0,0,0,0,0
418560,59,13,46,0,0,0,9,1,8,5,0,5,1,0,1,0,0,0,44,12,32,0,0,0,0,0,0,0,0,0
418588,27,2,25,0,0,0,2,0,2,0,0,0,0,0,0,0,0,0,25,2,23,0,0,0,0,0,0,0,0,0
418612,7,0,7,0,0,0,0,0,0,0,0,0,0,0,0,0,0,0,7,0,7,0,0,0,0,0,0,0,0,0
418658,223,199,24,0,0,0,3,3,0,119,102,17,1,1,0,0,0,0,89,83,6,10,9,1,1,1,0,0,0,0
418764,9,0,9,0,0,0,0,0,0,0,0,0,9,0,9,0,0,0,0,0,0,0,0,0,0,0,0,0,0,0
418773,228,82,146,0,0,0,0,0,0,0,0,0,228,82,146,0,0,0,0,0,0,0,0,0,0,0,0,0,0,0
418782,169,163,6,0,0,0,0,0,0,0,0,0,169,163,6,0,0,0,0,0,0,0,0,0,0,0,0,0,0,0
418889,98,90,8,0,0,0,1,1,0,7,6,1,9,8,1,0,0,0,69,64,5,7,7,0,5,4,1,0,0,0
418913,15,3,12,0,0,0,0,0,0,1,0,1,14,3,11,0,0,0,0,0,0,0,0,0,0,0,0,0,0,0
418968,124,0,124,1,0,1,2,0,2,79,0,79,32,0,32,0,0,0,8,0,8,1,0,1,0,0,0,1,0,1
419031,21,1,20,0,0,0,0,0,0,1,0,1,0,0,0,0,0,0,20,1,19,0,0,0,0,0,0,0,0,0
419095,34,1,33,0,0,0,0,0,0,1,0,1,0,0,0,0,0,0,30,1,29,3,0,3,0,0,0,0,0,0
419183,41,4,37,0,0,0,0,0,0,0,0,0,27,3,24,0,0,0,14,1,13,0,0,0,0,0,0,0,0,0
419217,60,10,50,0,0,0,0,0,0,15,2,13,41,8,33,0,0,0,3,0,3,0,0,0,1,0,1,0,0,0
419226,397,222,175,1,0,1,2,0,2,78,38,40,75,45,30,1,1,0,225,132,93,15,6,9,0,0,0,0,0,0
419235,68,15,53,0,0,0,0,0,0,59,14,45,2,1,1,0,0,0,7,0,7,0,0,0,0,0,0,0,0,0
419244,67,54,13,0,0,0,2,1,1,30,24,6,4,4,0,0,0,0,24,22,2,7,3,4,0,0,0,0,0,0
419253,84,67,17,0,0,0,0,0,0,29,21,8,8,6,2,0,0,0,45,38,7,2,2,0,0,0,0,0,0,0
419280,20,0,20,0,0,0,1,0,1,1,0,1,2,0,2,0,0,0,16,0,16,0,0,0,0,0,0,0,0,0
419332,8,7,1,0,0,0,0,0,0,1,1,0,0,0,0,0,0,0,7,6,1,0,0,0,0,0,0,0,0,0
419341,8,3,5,0,0,0,0,0,0,7,3,4,1,0,1,0,0,0,0,0,0,0,0,0,0,0,0,0,0,0
419420,29,14,15,1,0,1,0,0,0,1,1,0,0,0,0,0,0,0,27,13,14,0,0,0,0,0,0,0,0,0
419484,14,0,14,0,0,0,0,0,0,1,0,1,0,0,0,0,0,0,12,0,12,1,0,1,0,0,0,0,0,0
419633,71,5,66,0,0,0,2,0,2,5,1,4,24,2,22,0,0,0,40,2,38,0,0,0,0,0,0,0,0,0
419703,330,316,14,0,0,0,0,0,0,0,0,0,330,316,14,0,0,0,0,0,0,0,0,0,0,0,0,0,0,0
419712,106,101,5,0,0,0,0,0,0,0,0,0,106,101,5,0,0,0,0,0,0,0,0,0,0,0,0,0,0,0
419721,174,163,11,0,0,0,0,0,0,0,0,0,174,163,11,0,0,0,0,0,0,0,0,0,0,0,0,0,0,0
420024,145,36,109,0,0,0,4,1,3,88,21,67,6,2,4,0,0,0,24,6,18,22,6,16,1,0,1,0,0,0
420042,47,42,5,0,0,0,6,3,3,7,7,0,4,4,0,3,3,0,7,7,0,4,2,2,16,16,0,0,0,0
420130,161,8,153,0,0,0,3,0,3,116,5,111,18,0,18,0,0,0,22,3,19,0,0,0,2,0,2,0,0,0
420246,65,16,49,0,0,0,6,1,5,3,0,3,13,6,7,0,0,0,43,9,34,0,0,0,0,0,0,0,0,0
420255,29,29,0,0,0,0,0,0,0,0,0,0,29,29,0,0,0,0,0,0,0,0,0,0,0,0,0,0,0,0
420325,18,18,0,0,0,0,0,0,0,0,0,0,0,0,0,0,0,0,18,18,0,0,0,0,0,0,0,0,0,0
420343,455,443,12,0,0,0,22,22,0,57,54,3,185,181,4,2,2,0,175,171,4,12,11,1,2,2,0,0,0,0
420370,269,61,208,0,0,0,3,0,3,209,51,158,34,4,30,0,0,0,23,6,17,0,0,0,0,0,0,0,0,0
420398,2464,949,1515,3,2,1,80,31,49,189,81,108,1599,569,1030,3,1,2,526,234,292,54,26,28,8,5,3,2,0,2
420431,875,408,467,4,1,3,2,1,1,409,182,227,20,10,10,0,0,0,429,208,221,5,3,2,6,3,3,0,0,0
420440,226,92,134,0,0,0,8,2,6,0,0,0,4,3,1,0,0,0,203,80,123,6,3,3,2,2,0,3,2,1
420468,151,48,103,1,1,0,4,1,3,21,9,12,33,10,23,0,0,0,85,24,61,3,0,3,4,3,1,0,0,0
420538,416,140,276,1,0,1,4,0,4,2,0,2,17,0,17,0,0,0,379,138,241,13,2,11,0,0,0,0,0,0
420556,98,24,74,4,1,3,0,0,0,0,0,0,32,5,27,0,0,0,55,16,39,1,0,1,6,2,4,0,0,0
420705,18,9,9,0,0,0,0,0,0,3,3,0,0,0,0,0,0,0,5,2,3,0,0,0,0,0,0,10,4,6
420723,67,18,49,2,2,0,1,0,1,0,0,0,14,4,10,0,0,0,41,7,34,2,2,0,6,3,3,1,0,1
420981,125,16,109,0,0,0,36,4,32,22,1,21,7,1,6,0,0,0,60,10,50,0,0,0,0,0,0,0,0,0
421513,45,5,40,0,0,0,0,0,0,17,2,15,2,0,2,1,1,0,23,1,22,2,1,1,0,0,0,0,0,0
421610,49,1,48,1,0,1,1,0,1,0,0,0,9,0,9,0,0,0,37,1,36,0,0,0,1,0,1,0,0,0
421665,6,0,6,1,0,1,0,0,0,0,0,0,0,0,0,0,0,0,5,0,5,0,0,0,0,0,0,0,0,0
421708,87,8,79,0,0,0,4,0,4,8,0,8,16,2,14,0,0,0,51,4,47,8,2,6,0,0,0,0,0,0
421717,20,3,17,0,0,0,0,0,0,3,0,3,0,0,0,0,0,0,16,3,13,1,0,1,0,0,0,0,0,0
421771,13,0,13,0,0,0,0,0,0,6,0,6,0,0,0,0,0,0,7,0,7,0,0,0,0,0,0,0,0,0
421832,56,14,42,1,0,1,1,1,0,22,6,16,8,0,8,0,0,0,24,7,17,0,0,0,0,0,0,0,0,0
421841,143,60,83,0,0,0,0,0,0,23,10,13,35,16,19,0,0,0,65,27,38,3,2,1,5,3,2,12,2,10
421878,96,8,88,1,0,1,18,5,13,15,1,14,29,1,28,1,0,1,31,1,30,0,0,0,1,0,1,0,0,0
421896,119,44,75,0,0,0,0,0,0,0,0,0,119,44,75,0,0,0,0,0,0,0,0,0,0,0,0,0,0,0
422020,103,98,5,1,1,0,15,14,1,4,4,0,48,46,2,1,1,0,25,23,2,2,2,0,7,7,0,0,0,0
422695,92,7,85,0,0,0,7,1,6,8,1,7,61,3,58,1,0,1,4,1,3,11,1,10,0,0,0,0,0,0
422835,203,28,175,0,0,0,6,3,3,12,1,11,117,14,103,3,1,2,42,8,34,7,1,6,16,0,16,0,0,0
423120,122,9,113,0,0,0,0,0,0,0,0,0,122,9,113,0,0,0,0,0,0,0,0,0,0,0,0,0,0,0
423397,229,202,27,0,0,0,0,0,0,0,0,0,229,202,27,0,0,0,0,0,0,0,0,0,0,0,0,0,0,0
423412,18,16,2,0,0,0,0,0,0,3,3,0,12,10,2,0,0,0,3,3,0,0,0,0,0,0,0,0,0,0
423643,1189,517,672,4,2,2,214,110,104,47,18,29,116,41,75,2,2,0,691,296,395,63,22,41,28,12,16,24,14,10
423652,59,12,47,0,0,0,1,0,1,1,0,1,12,3,9,2,0,2,38,8,30,4,1,3,1,0,1,0,0,0
425250,53,10,43,0,0,0,5,3,2,19,3,16,17,2,15,0,0,0,12,2,10,0,0,0,0,0,0,0,0,0
425986,72,7,65,1,0,1,0,0,0,9,3,6,2,0,2,0,0,0,53,2,51,0,0,0,7,2,5,0,0,0
426314,4062,3401,661,16,14,2,171,141,30,407,338,69,594,488,106,18,13,5,2279,1929,350,166,132,34,258,228,30,153,118,35
427308,43,0,43,0,0,0,26,0,26,0,0,0,0,0,0,0,0,0,17,0,17,0,0,0,0,0,0,0,0,0
427335,39,0,39,0,0,0,3,0,3,5,0,5,13,0,13,0,0,0,16,0,16,0,0,0,2,0,2,0,0,0
427894,76,75,1,0,0,0,19,19,0,47,46,1,6,6,0,0,0,0,4,4,0,0,0,0,0,0,0,0,0,0
427973,70,62,8,1,0,1,2,1,1,17,16,1,9,7,2,0,0,0,33,31,2,3,2,1,5,5,0,0,0,0
427982,108,64,44,0,0,0,1,1,0,61,32,29,9,6,3,1,0,1,24,21,3,9,2,7,3,2,1,0,0,0
427991,301,154,147,3,3,0,7,2,5,46,13,33,181,100,81,0,0,0,61,34,27,3,2,1,0,0,0,0,0,0
428000,49,19,30,0,0,0,1,1,0,5,1,4,11,6,5,0,0,0,14,5,9,1,0,1,0,0,0,17,6,11
428019,111,50,61,32,16,16,0,0,0,17,8,9,2,1,1,2,0,2,58,25,33,0,0,0,0,0,0,0,0,0
428055,118,24,94,0,0,0,0,0,0,0,0,0,118,24,94,0,0,0,0,0,0,0,0,0,0,0,0,0,0,0
428125,26,18,8,0,0,0,1,1,0,5,3,2,19,13,6,1,1,0,0,0,0,0,0,0,0,0,0,0,0,0
428143,74,9,65,9,2,7,0,0,0,18,3,15,5,0,5,2,0,2,34,3,31,6,1,5,0,0,0,0,0,0
428170,270,29,241,1,0,1,7,0,7,93,7,86,121,12,109,0,0,0,24,5,19,2,1,1,22,4,18,0,0,0
428259,77,25,52,0,0,0,17,9,8,13,3,10,4,1,3,0,0,0,35,9,26,1,0,1,7,3,4,0,0,0
428392,422,154,268,11,7,4,4,2,2,7,3,4,93,34,59,0,0,0,271,93,178,13,5,8,23,10,13,0,0,0
429012,346,321,25,1,1,0,4,3,1,12,10,2,27,26,1,0,0,0,72,64,8,0,0,0,16,15,1,214,202,12
429085,44,12,32,0,0,0,11,4,7,3,0,3,7,1,6,0,0,0,10,2,8,1,0,1,4,0,4,8,5,3
429094,30,8,22,1,1,0,3,2,1,1,0,1,2,0,2,0,0,0,20,5,15,1,0,1,1,0,1,1,0,1
429128,126,5,121,0,0,0,15,0,15,28,2,26,80,3,77,0,0,0,3,0,3,0,0,0,0,0,0,0,0,0
430184,620,166,454,1,1,0,9,3,6,463,119,344,35,9,26,0,0,0,70,24,46,25,7,18,16,3,13,1,0,1
430227,42,3,39,0,0,0,0,0,0,23,2,21,0,0,0,0,0,0,13,0,13,4,1,3,2,0,2,0,0,0
430245,373,29,344,0,0,0,0,0,0,32,2,30,274,19,255,2,1,1,62,6,56,2,0,2,1,1,0,0,0,0
430306,33,6,27,0,0,0,0,0,0,4,2,2,0,0,0,0,0,0,29,4,25,0,0,0,0,0,0,0,0,0
430403,169,6,163,3,0,3,3,0,3,61,0,61,45,5,40,0,0,0,44,1,43,0,0,0,13,0,13,0,0,0
430564,52,21,31,0,0,0,6,2,4,6,1,5,10,5,5,0,0,0,30,13,17,0,0,0,0,0,0,0,0,0
430582,332,140,192,0,0,0,0,0,0,0,0,0,332,140,192,0,0,0,0,0,0,0,0,0,0,0,0,0,0,0
430670,72,27,45,0,0,0,0,0,0,0,0,0,70,27,43,0,0,0,1,0,1,0,0,0,1,0,1,0,0,0
430704,38,12,26,0,0,0,4,2,2,2,0,2,1,0,1,1,0,1,8,3,5,0,0,0,5,2,3,17,5,12
430795,72,24,48,0,0,0,0,0,0,7,2,5,1,0,1,0,0,0,61,20,41,0,0,0,3,2,1,0,0,0
430883,25,1,24,0,0,0,0,0,0,3,0,3,2,0,2,0,0,0,19,1,18,1,0,1,0,0,0,0,0,0
430908,38,11,27,0,0,0,0,0,0,0,0,0,1,1,0,0,0,0,37,10,27,0,0,0,0,0,0,0,0,0
430935,172,120,52,0,0,0,0,0,0,0,0,0,172,120,52,0,0,0,0,0,0,0,0,0,0,0,0,0,0,0
430971,46,6,40,0,0,0,0,0,0,40,6,34,0,0,0,0,0,0,5,0,5,1,0,1,0,0,0,0,0,0
431017,140,71,69,13,5,8,0,0,0,50,17,33,16,11,5,2,1,1,50,34,16,9,3,6,0,0,0,0,0,0
431071,35,10,25,0,0,0,0,0,0,4,1,3,2,0,2,0,0,0,27,8,19,1,1,0,1,0,1,0,0,0
431105,45,2,43,0,0,0,1,0,1,24,0,24,4,1,3,0,0,0,11,0,11,4,0,4,1,1,0,0,0,0
431123,309,301,8,0,0,0,0,0,0,0,0,0,309,301,8,0,0,0,0,0,0,0,0,0,0,0,0,0,0,0
431141,822,284,538,7,4,3,37,15,22,32,15,17,353,132,221,7,4,3,304,89,215,31,15,16,50,9,41,1,1,0
431169,64,14,50,0,0,0,0,0,0,9,1,8,1,0,1,0,0,0,52,13,39,1,0,1,0,0,0,1,0,1
431187,71,67,4,0,0,0,1,1,0,3,3,0,5,5,0,0,0,0,61,57,4,1,1,0,0,0,0,0,0,0
431196,74,5,69,0,0,0,1,0,1,32,2,30,2,1,1,1,0,1,34,2,32,4,0,4,0,0,0,0,0,0
431266,24,1,23,0,0,0,1,0,1,12,0,12,2,0,2,0,0,0,8,1,7,0,0,0,1,0,1,0,0,0
431275,36,3,33,0,0,0,1,0,1,5,1,4,2,0,2,0,0,0,26,1,25,0,0,0,0,0,0,2,1,1
431284,72,3,69,0,0,0,9,1,8,23,0,23,31,1,30,0,0,0,8,1,7,1,0,1,0,0,0,0,0,0
431558,239,76,163,0,0,0,4,1,3,22,4,18,88,31,57,0,0,0,112,33,79,8,5,3,0,0,0,5,2,3
431600,60,5,55,0,0,0,1,0,1,1,0,1,0,0,0,0,0,0,56,5,51,2,0,2,0,0,0,0,0,0
431716,230,141,89,0,0,0,1,0,1,22,13,9,32,17,15,3,2,1,167,107,60,5,2,3,0,0,0,0,0,0
431929,35,5,30,0,0,0,0,0,0,0,0,0,35,5,30,0,0,0,0,0,0,0,0,0,0,0,0,0,0,0
431983,23,23,0,0,0,0,0,0,0,0,0,0,0,0,0,0,0,0,23,23,0,0,0,0,0,0,0,0,0,0
432117,95,1,94,0,0,0,2,0,2,49,0,49,7,0,7,0,0,0,36,1,35,1,0,1,0,0,0,0,0,0
432269,49,38,11,0,0,0,0,0,0,1,0,1,44,35,9,0,0,0,2,2,0,2,1,1,0,0,0,0,0,0
432348,57,26,31,2,2,0,4,0,4,4,3,1,3,2,1,0,0,0,41,18,23,0,0,0,3,1,2,0,0,0
432384,225,54,171,3,0,3,11,2,9,27,12,15,127,24,103,1,1,0,44,9,35,12,6,6,0,0,0,0,0,0
432524,38,12,26,3,3,0,0,0,0,5,0,5,5,3,2,0,0,0,13,2,11,3,1,2,9,3,6,0,0,0
433004,92,18,74,2,1,1,57,11,46,9,3,6,14,0,14,3,1,2,2,1,1,3,1,2,0,0,0,2,0,2
433013,207,54,153,5,1,4,66,21,45,14,2,12,60,15,45,8,6,2,44,7,37,4,2,2,4,0,4,2,0,2
433040,30,2,28,0,0,0,0,0,0,8,1,7,4,0,4,0,0,0,18,1,17,0,0,0,0,0,0,0,0,0
433068,197,106,91,2,1,1,5,4,1,34,15,19,7,5,2,0,0,0,147,80,67,2,1,1,0,0,0,0,0,0
433101,456,35,421,1,0,1,7,0,7,139,21,118,109,7,102,0,0,0,137,6,131,22,0,22,41,1,40,0,0,0
433138,113,19,94,0,0,0,0,0,0,3,1,2,1,0,1,0,0,0,104,18,86,5,0,5,0,0,0,0,0,0
433174,186,26,160,0,0,0,9,1,8,20,2,18,10,3,7,0,0,0,133,18,115,12,2,10,2,0,2,0,0,0
433387,49508,15094,34414,756,227,529,1950,757,1193,3523,1027,2496,3992,1343,2649,229,83,146,33079,9875,23204,718,259,459,5208,1496,3712,53,27,26
433420,11,7,4,0,0,0,0,0,0,1,1,0,2,1,1,0,0,0,7,5,2,0,0,0,1,0,1,0,0,0
433536,115,15,100,2,0,2,0,0,0,64,8,56,5,0,5,0,0,0,40,7,33,3,0,3,1,0,1,0,0,0
433660,3510,1354,2156,11,6,5,61,14,47,245,77,168,735,280,455,6,1,5,2260,902,1358,98,37,61,34,17,17,60,20,40
434016,10,2,8,8,1,7,0,0,0,1,1,0,1,0,1,0,0,0,0,0,0,0,0,0,0,0,0,0,0,0
434061,1596,797,799,6,2,4,26,10,16,507,182,325,62,30,32,0,0,0,914,531,383,56,30,26,0,0,0,25,12,13
434140,522,89,433,1,1,0,35,9,26,18,4,14,334,47,287,4,1,3,106,21,85,23,6,17,1,0,1,0,0,0
434159,194,146,48,1,1,0,2,2,0,106,80,26,22,15,7,0,0,0,11,10,1,6,6,0,46,32,14,0,0,0
434274,46,9,37,4,1,3,1,0,1,12,5,7,6,1,5,1,0,1,22,2,20,0,0,0,0,0,0,0,0,0
434283,19,0,19,0,0,0,1,0,1,8,0,8,5,0,5,0,0,0,5,0,5,0,0,0,0,0,0,0,0,0
434292,4,0,4,0,0,0,0,0,0,3,0,3,0,0,0,0,0,0,1,0,1,0,0,0,0,0,0,0,0,0
434308,223,16,207,0,0,0,2,0,2,146,9,137,4,0,4,0,0,0,37,6,31,7,0,7,27,1,26,0,0,0
434344,209,4,205,0,0,0,3,1,2,10,0,10,28,1,27,0,0,0,160,2,158,8,0,8,0,0,0,0,0,0
434362,30,30,0,1,1,0,0,0,0,0,0,0,2,2,0,0,0,0,27,27,0,0,0,0,0,0,0,0,0,0
434432,8,1,7,0,0,0,0,0,0,0,0,0,0,0,0,0,0,0,8,1,7,0,0,0,0,0,0,0,0,0
434441,18,2,16,0,0,0,5,1,4,2,1,1,4,0,4,0,0,0,5,0,5,1,0,1,1,0,1,0,0,0
434469,89,9,80,0,0,0,0,0,0,0,0,0,89,9,80,0,0,0,0,0,0,0,0,0,0,0,0,0,0,0
434496,55,0,55,0,0,0,2,0,2,5,0,5,5,0,5,0,0,0,43,0,43,0,0,0,0,0,0,0,0,0
434539,22,11,11,0,0,0,0,0,0,7,2,5,11,8,3,0,0,0,3,0,3,1,1,0,0,0,0,0,0,0
434584,44,9,35,35,7,28,0,0,0,0,0,0,0,0,0,1,0,1,8,2,6,0,0,0,0,0,0,0,0,0
434672,2820,1134,1686,8,2,6,156,68,88,963,338,625,131,57,74,4,1,3,1149,456,693,88,39,49,20,11,9,301,162,139
434715,47,22,25,0,0,0,1,0,1,8,4,4,6,4,2,0,0,0,23,9,14,6,3,3,3,2,1,0,0,0
434751,21,5,16,17,5,12,0,0,0,0,0,0,0,0,0,0,0,0,3,0,3,1,0,1,0,0,0,0,0,0
434821,511,17,494,3,0,3,3,1,2,424,12,412,26,2,24,0,0,0,50,2,48,2,0,2,3,0,3,0,0,0
434830,173,5,168,0,0,0,6,4,2,95,1,94,0,0,0,0,0,0,70,0,70,0,0,0,2,0,2,0,0,0
434900,59,12,47,0,0,0,0,0,0,0,0,0,59,12,47,0,0,0,0,0,0,0,0,0,0,0,0,0,0,0
434937,8,8,0,0,0,0,0,0,0,0,0,0,0,0,0,0,0,0,8,8,0,0,0,0,0,0,0,0,0,0
435000,251,75,176,0,0,0,11,6,5,9,1,8,6,4,2,0,0,0,216,61,155,4,0,4,1,1,0,4,2,2
436003,47,6,41,0,0,0,2,2,0,9,0,9,32,3,29,0,0,0,4,1,3,0,0,0,0,0,0,0,0,0
436030,103,24,79,0,0,0,0,0,0,103,24,79,0,0,0,0,0,0,0,0,0,0,0,0,0,0,0,0,0,0
436100,12,1,11,0,0,0,0,0,0,0,0,0,0,0,0,0,0,0,12,1,11,0,0,0,0,0,0,0,0,0
436261,11,3,8,0,0,0,0,0,0,0,0,0,0,0,0,0,0,0,10,2,8,0,0,0,1,1,0,0,0,0
436304,495,314,181,2,2,0,2,1,1,110,53,57,25,14,11,7,5,2,282,202,80,14,8,6,51,27,24,2,2,0
436429,1257,934,323,2,2,0,29,24,5,40,28,12,71,51,20,0,0,0,66,54,12,18,10,8,972,724,248,59,41,18
436553,302,54,248,0,0,0,0,0,0,0,0,0,302,54,248,0,0,0,0,0,0,0,0,0,0,0,0,0,0,0
436599,14,4,10,0,0,0,0,0,0,0,0,0,1,0,1,0,0,0,13,4,9,0,0,0,0,0,0,0,0,0
436614,17,10,7,0,0,0,0,0,0,0,0,0,3,3,0,0,0,0,14,7,7,0,0,0,0,0,0,0,0,0
436632,92,11,81,0,0,0,2,1,1,55,3,52,7,0,7,0,0,0,21,6,15,0,0,0,7,1,6,0,0,0
436641,66,25,41,0,0,0,0,0,0,22,10,12,4,1,3,0,0,0,40,14,26,0,0,0,0,0,0,0,0,0
436650,160,8,152,0,0,0,0,0,0,86,4,82,7,0,7,0,0,0,58,2,56,9,2,7,0,0,0,0,0,0
436775,113,2,111,0,0,0,2,1,1,7,0,7,17,0,17,0,0,0,70,1,69,1,0,1,16,0,16,0,0,0
437097,530,330,200,2,2,0,17,12,5,50,30,20,19,16,3,0,0,0,58,45,13,8,7,1,376,218,158,0,0,0
437103,1812,639,1173,1,0,1,48,20,28,709,200,509,87,28,59,25,6,19,766,318,448,61,23,38,60,21,39,55,23,32
437237,38,35,3,0,0,0,0,0,0,1,1,0,0,0,0,0,0,0,28,25,3,0,0,0,9,9,0,0,0,0
437316,197,39,158,0,0,0,32,1,31,2,0,2,27,5,22,1,0,1,109,29,80,15,3,12,10,1,9,1,0,1
437325,106,14,92,2,1,1,5,0,5,1,0,1,17,1,16,0,0,0,66,11,55,5,0,5,10,1,9,0,0,0
437556,1168,500,668,2,1,1,8,5,3,231,57,174,73,30,43,0,0,0,782,373,409,26,11,15,29,15,14,17,8,9
437608,57,39,18,0,0,0,0,0,0,0,0,0,57,39,18,0,0,0,0,0,0,0,0,0,0,0,0,0,0,0
437635,336,37,299,6,1,5,4,0,4,56,10,46,162,13,149,0,0,0,75,9,66,7,0,7,26,4,22,0,0,0
437723,66,34,32,0,0,0,0,0,0,58,30,28,8,4,4,0,0,0,0,0,0,0,0,0,0,0,0,0,0,0
437732,58,6,52,1,0,1,1,1,0,34,3,31,1,0,1,0,0,0,17,1,16,1,1,0,3,0,3,0,0,0
437750,40,38,2,0,0,0,1,1,0,1,1,0,2,2,0,0,0,0,31,29,2,0,0,0,2,2,0,3,3,0
437769,104,7,97,0,0,0,0,0,0,76,6,70,6,0,6,0,0,0,22,1,21,0,0,0,0,0,0,0,0,0
437778,161,16,145,0,0,0,2,0,2,30,4,26,96,9,87,0,0,0,28,2,26,5,1,4,0,0,0,0,0,0
437857,72,5,67,0,0,0,3,0,3,10,0,10,4,1,3,0,0,0,51,4,47,4,0,4,0,0,0,0,0,0
437936,308,29,279,1,0,1,54,7,47,9,3,6,183,9,174,5,2,3,46,7,39,4,1,3,1,0,1,5,0,5
438179,141,22,119,12,0,12,2,0,2,18,3,15,50,11,39,1,1,0,54,7,47,3,0,3,1,0,1,0,0,0
438221,91,14,77,0,0,0,0,0,0,5,3,2,6,1,5,0,0,0,73,10,63,5,0,5,2,0,2,0,0,0
438258,154,39,115,2,0,2,25,15,10,11,1,10,55,7,48,3,1,2,44,10,34,7,2,5,6,3,3,1,0,1
438285,142,12,130,0,0,0,1,0,1,27,5,22,46,1,45,0,0,0,37,3,34,2,0,2,29,3,26,0,0,0
438337,205,80,125,0,0,0,0,0,0,0,0,0,205,80,125,0,0,0,0,0,0,0,0,0,0,0,0,0,0,0
438498,579,190,389,2,1,1,29,11,18,243,59,184,41,8,33,1,0,1,87,37,50,20,9,11,72,13,59,84,52,32
438504,522,504,18,2,1,1,13,12,1,21,21,0,312,304,8,5,5,0,98,95,3,56,53,3,15,13,2,0,0,0
438586,466,142,324,4,2,2,4,4,0,278,71,207,1,1,0,0,0,0,42,17,25,18,5,13,119,42,77,0,0,0
438674,20,0,20,0,0,0,0,0,0,16,0,16,0,0,0,0,0,0,4,0,4,0,0,0,0,0,0,0,0,0
438708,63,21,42,0,0,0,1,0,1,1,0,1,0,0,0,0,0,0,60,21,39,1,0,1,0,0,0,0,0,0
438735,76,71,5,3,2,1,3,3,0,24,22,2,7,7,0,0,0,0,30,28,2,6,6,0,3,3,0,0,0,0
438984,22,7,15,0,0,0,0,0,0,0,0,0,22,7,15,0,0,0,0,0,0,0,0,0,0,0,0,0,0,0
439020,10,2,8,0,0,0,0,0,0,0,0,0,3,0,3,0,0,0,7,2,5,0,0,0,0,0,0,0,0,0
439118,255,33,222,6,0,6,4,1,3,8,0,8,28,5,23,3,0,3,188,23,165,8,2,6,10,2,8,0,0,0
439190,598,279,319,5,2,3,87,36,51,9,4,5,72,29,43,0,0,0,273,139,134,54,20,34,37,15,22,61,34,27
439367,318,93,225,0,0,0,57,23,34,23,6,17,103,29,74,3,1,2,60,14,46,0,0,0,72,20,52,0,0,0
439394,27,7,20,0,0,0,2,1,1,1,0,1,4,0,4,0,0,0,20,6,14,0,0,0,0,0,0,0,0,0
439446,30,5,25,1,1,0,4,0,4,3,0,3,3,1,2,0,0,0,19,3,16,0,0,0,0,0,0,0,0,0
439455,106,3,103,1,0,1,2,0,2,98,3,95,2,0,2,0,0,0,2,0,2,0,0,0,1,0,1,0,0,0
439473,75,9,66,0,0,0,0,0,0,70,9,61,4,0,4,0,0,0,0,0,0,0,0,0,1,0,1,0,0,0
439491,193,18,175,1,0,1,0,0,0,121,12,109,5,0,5,0,0,0,64,6,58,2,0,2,0,0,0,0,0,0
439507,260,21,239,1,0,1,4,0,4,60,9,51,160,9,151,0,0,0,29,3,26,0,0,0,4,0,4,2,0,2
439570,455,21,434,70,2,68,11,1,10,68,5,63,41,1,40,0,0,0,228,10,218,21,2,19,16,0,16,0,0,0
439622,409,173,236,4,1,3,13,9,4,92,13,79,20,9,11,0,0,0,280,141,139,0,0,0,0,0,0,0,0,0
439668,212,202,10,0,0,0,5,5,0,18,17,1,51,47,4,0,0,0,66,61,5,23,23,0,49,49,0,0,0,0
439686,78,5,73,0,0,0,0,0,0,0,0,0,78,5,73,0,0,0,0,0,0,0,0,0,0,0,0,0,0,0
439701,89,43,46,2,0,2,1,0,1,12,8,4,8,4,4,0,0,0,53,24,29,3,0,3,6,5,1,4,2,2
439738,186,44,142,0,0,0,1,0,1,147,35,112,5,1,4,0,0,0,32,8,24,0,0,0,1,0,1,0,0,0
439747,193,34,159,0,0,0,188,34,154,2,0,2,1,0,1,0,0,0,2,0,2,0,0,0,0,0,0,0,0,0
439774,44,10,34,0,0,0,0,0,0,0,0,0,44,10,34,0,0,0,0,0,0,0,0,0,0,0,0,0,0,0
439783,54,17,37,0,0,0,39,16,23,0,0,0,2,0,2,0,0,0,8,0,8,0,0,0,0,0,0,5,1,4
439792,204,20,184,0,0,0,5,0,5,61,6,55,19,0,19,1,0,1,96,11,85,13,2,11,9,1,8,0,0,0
439817,28,15,13,0,0,0,1,1,0,9,2,7,3,0,3,0,0,0,15,12,3,0,0,0,0,0,0,0,0,0
439844,35,0,35,3,0,3,0,0,0,0,0,0,1,0,1,1,0,1,30,0,30,0,0,0,0,0,0,0,0,0
439862,10,3,7,0,0,0,0,0,0,0,0,0,0,0,0,10,3,7,0,0,0,0,0,0,0,0,0,0,0,0
439871,45,0,45,0,0,0,6,0,6,2,0,2,29,0,29,1,0,1,5,0,5,0,0,0,2,0,2,0,0,0
439899,20,10,10,0,0,0,0,0,0,0,0,0,0,0,0,0,0,0,20,10,10,0,0,0,0,0,0,0,0,0
439914,10,4,6,0,0,0,0,0,0,0,0,0,0,0,0,0,0,0,4,2,2,1,1,0,5,1,4,0,0,0
439932,32,4,28,3,1,2,0,0,0,4,1,3,0,0,0,0,0,0,25,2,23,0,0,0,0,0,0,0,0,0
439969,77,21,56,0,0,0,1,0,1,6,2,4,55,15,40,0,0,0,13,4,9,1,0,1,1,0,1,0,0,0
440004,42,18,24,0,0,0,0,0,0,0,0,0,0,0,0,0,0,0,38,16,22,1,0,1,3,2,1,0,0,0
440031,337,125,212,4,2,2,108,47,61,25,8,17,45,13,32,3,3,0,47,16,31,19,9,10,11,4,7,75,23,52
440059,356,324,32,2,0,2,21,20,1,147,134,13,48,41,7,2,2,0,95,89,6,38,35,3,2,2,0,1,1,0
440101,35,2,33,0,0,0,0,0,0,18,1,17,4,0,4,0,0,0,10,1,9,2,0,2,1,0,1,0,0,0
440217,27,1,26,0,0,0,1,0,1,0,0,0,0,0,0,0,0,0,26,1,25,0,0,0,0,0,0,0,0,0
440226,39,0,39,0,0,0,3,0,3,5,0,5,1,0,1,0,0,0,29,0,29,0,0,0,1,0,1,0,0,0
440262,178,170,8,2,2,0,20,20,0,73,69,4,58,54,4,2,2,0,14,14,0,0,0,0,9,9,0,0,0,0
440271,44,32,12,0,0,0,0,0,0,39,29,10,0,0,0,0,0,0,5,3,2,0,0,0,0,0,0,0,0,0
440396,33,16,17,0,0,0,1,0,1,0,0,0,0,0,0,0,0,0,23,10,13,1,0,1,8,6,2,0,0,0
440402,747,352,395,2,2,0,2,1,1,130,43,87,36,13,23,0,0,0,510,242,268,9,5,4,58,46,12,0,0,0
440651,111,21,90,0,0,0,0,0,0,0,0,0,111,21,90,0,0,0,0,0,0,0,0,0,0,0,0,0,0,0
440730,293,120,173,1,0,1,6,2,4,63,20,43,11,4,7,1,0,1,207,93,114,4,1,3,0,0,0,0,0,0
440749,25,20,5,0,0,0,1,1,0,4,4,0,2,2,0,0,0,0,17,12,5,1,1,0,0,0,0,0,0,0
440776,17,1,16,0,0,0,0,0,0,2,1,1,12,0,12,0,0,0,3,0,3,0,0,0,0,0,0,0,0,0
440794,137,31,106,0,0,0,2,1,1,36,9,27,87,16,71,0,0,0,3,2,1,5,1,4,4,2,2,0,0,0
440819,21,10,11,0,0,0,1,1,0,1,1,0,1,0,1,0,0,0,16,7,9,0,0,0,0,0,0,2,1,1
440855,71,5,66,1,0,1,0,0,0,9,3,6,45,2,43,0,0,0,14,0,14,2,0,2,0,0,0,0,0,0
440989,101,86,15,0,0,0,1,1,0,78,68,10,19,15,4,0,0,0,3,2,1,0,0,0,0,0,0,0,0,0
441025,254,117,137,1,1,0,0,0,0,179,78,101,7,3,4,1,1,0,51,27,24,12,5,7,3,2,1,0,0,0
441052,700,141,559,3,0,3,139,56,83,40,9,31,398,53,345,23,11,12,68,7,61,26,5,21,3,0,3,0,0,0
441070,13,4,9,10,3,7,0,0,0,0,0,0,0,0,0,0,0,0,3,1,2,0,0,0,0,0,0,0,0,0
441104,87,24,63,2,0,2,2,0,2,7,1,6,3,1,2,0,0,0,70,21,49,0,0,0,3,1,2,0,0,0
441131,56,15,41,0,0,0,4,2,2,1,0,1,1,1,0,0,0,0,48,12,36,2,0,2,0,0,0,0,0,0
441168,17,1,16,0,0,0,0,0,0,0,0,0,4,0,4,0,0,0,13,1,12,0,0,0,0,0,0,0,0,0
441210,197,75,122,4,2,2,5,4,1,16,2,14,62,23,39,2,1,1,103,43,60,5,0,5,0,0,0,0,0,0
441229,434,197,237,0,0,0,26,17,9,32,23,9,185,85,100,0,0,0,191,72,119,0,0,0,0,0,0,0,0,0
441238,13,4,9,0,0,0,3,0,3,0,0,0,2,1,1,0,0,0,4,2,2,1,0,1,0,0,0,3,1,2
441256,51,1,50,0,0,0,0,0,0,1,0,1,18,0,18,0,0,0,30,1,29,0,0,0,2,0,2,0,0,0
441371,7682,278,7404,72,4,68,50,7,43,4010,122,3888,45,3,42,55,1,54,2264,55,2209,27,3,24,1159,83,1076,0,0,0
441380,219,69,150,0,0,0,1,0,1,150,50,100,55,15,40,0,0,0,13,4,9,0,0,0,0,0,0,0,0,0
441414,230,35,195,0,0,0,0,0,0,4,0,4,162,23,139,0,0,0,5,1,4,1,0,1,0,0,0,58,11,47
441423,194,54,140,0,0,0,1,1,0,2,1,1,191,52,139,0,0,0,0,0,0,0,0,0,0,0,0,0,0,0
441487,38,2,36,0,0,0,0,0,0,0,0,0,3,0,3,0,0,0,35,2,33,0,0,0,0,0,0,0,0,0
441496,69,63,6,0,0,0,1,1,0,18,16,2,9,9,0,0,0,0,35,33,2,5,3,2,1,1,0,0,0,0
441502,152,6,146,1,0,1,1,0,1,82,4,78,9,0,9,0,0,0,57,1,56,2,1,1,0,0,0,0,0,0
441548,38,13,25,2,0,2,2,2,0,4,1,3,7,4,3,0,0,0,20,6,14,2,0,2,1,0,1,0,0,0
441575,150,14,136,0,0,0,108,12,96,0,0,0,39,2,37,0,0,0,3,0,3,0,0,0,0,0,0,0,0,0
441609,11,11,0,0,0,0,0,0,0,0,0,0,0,0,0,0,0,0,11,11,0,0,0,0,0,0,0,0,0,0
441618,11,0,11,0,0,0,0,0,0,1,0,1,0,0,0,0,0,0,10,0,10,0,0,0,0,0,0,0,0,0
441636,269,46,223,2,1,1,5,1,4,217,36,181,9,2,7,1,0,1,28,5,23,7,1,6,0,0,0,0,0,0
441645,101,3,98,0,0,0,1,0,1,21,0,21,4,0,4,0,0,0,71,3,68,4,0,4,0,0,0,0,0,0
441663,260,20,240,3,0,3,7,1,6,6,1,5,67,5,62,0,0,0,110,6,104,12,2,10,55,5,50,0,0,0
441672,33,3,30,0,0,0,0,0,0,0,0,0,0,0,0,0,0,0,33,3,30,0,0,0,0,0,0,0,0,0
441690,33,19,14,0,0,0,0,0,0,0,0,0,33,19,14,0,0,0,0,0,0,0,0,0,0,0,0,0,0,0
441706,28,7,21,0,0,0,0,0,0,0,0,0,28,7,21,0,0,0,0,0,0,0,0,0,0,0,0,0,0,0
441742,532,53,479,2,1,1,5,0,5,134,18,116,108,6,102,1,0,1,34,6,28,2,0,2,246,22,224,0,0,0
441760,854,443,411,3,3,0,15,10,5,224,95,129,194,102,92,1,1,0,389,223,166,23,7,16,5,2,3,0,0,0
441788,159,151,8,0,0,0,7,7,0,39,36,3,51,50,1,2,2,0,45,41,4,13,13,0,2,2,0,0,0,0
441830,69,12,57,0,0,0,2,0,2,0,0,0,4,0,4,3,1,2,60,11,49,0,0,0,0,0,0,0,0,0
441858,120,13,107,0,0,0,2,0,2,34,7,27,13,1,12,0,0,0,60,5,55,7,0,7,4,0,4,0,0,0
441876,86,5,81,1,0,1,2,0,2,16,1,15,9,1,8,0,0,0,52,1,51,6,2,4,0,0,0,0,0,0
441900,763,154,609,0,0,0,97,24,73,50,12,38,250,45,205,15,4,11,241,41,200,48,13,35,61,15,46,1,0,1
441937,2187,766,1421,3,2,1,121,46,75,39,15,24,1107,330,777,2,0,2,642,255,387,92,37,55,103,52,51,78,29,49
441982,76,35,41,0,0,0,11,3,8,5,5,0,7,4,3,0,0,0,37,16,21,4,2,2,5,1,4,7,4,3
442064,60,17,43,0,0,0,13,7,6,3,1,2,2,1,1,0,0,0,38,8,30,4,0,4,0,0,0,0,0,0
442073,346,113,233,1,0,1,18,8,10,98,23,75,152,43,109,0,0,0,57,31,26,11,4,7,9,4,5,0,0,0
442134,371,48,323,3,0,3,15,2,13,31,6,25,112,13,99,2,0,2,185,26,159,21,1,20,2,0,2,0,0,0
442213,16,0,16,0,0,0,0,0,0,2,0,2,0,0,0,0,0,0,9,0,9,2,0,2,1,0,1,2,0,2
442240,221,37,184,0,0,0,16,2,14,9,1,8,83,20,63,2,0,2,103,12,91,6,0,6,2,2,0,0,0,0
442295,66,31,35,0,0,0,1,1,0,3,2,1,18,7,11,0,0,0,42,20,22,1,0,1,1,1,0,0,0,0
442329,754,701,53,8,7,1,4,4,0,177,157,20,102,97,5,5,5,0,416,393,23,30,26,4,12,12,0,0,0,0
442356,597,70,527,1,0,1,20,3,17,47,7,40,51,7,44,0,0,0,441,45,396,15,2,13,22,6,16,0,0,0
442383,55,15,40,0,0,0,0,0,0,2,0,2,0,0,0,0,0,0,53,15,38,0,0,0,0,0,0,0,0,0
442426,217,19,198,0,0,0,2,0,2,90,6,84,3,0,3,0,0,0,111,11,100,3,0,3,8,2,6,0,0,0
442435,1,0,1,0,0,0,0,0,0,0,0,0,1,0,1,0,0,0,0,0,0,0,0,0,0,0,0,0,0,0
442444,483,296,187,1,1,0,27,12,15,24,15,9,271,161,110,1,0,1,56,36,20,34,26,8,69,45,24,0,0,0
442523,11,3,8,8,1,7,1,1,0,0,0,0,0,0,0,0,0,0,1,0,1,1,1,0,0,0,0,0,0,0
442569,1952,1023,929,14,6,8,38,24,14,591,221,370,169,101,68,5,4,1,739,434,305,130,79,51,266,154,112,0,0,0
442602,194,16,178,48,2,46,0,0,0,3,1,2,102,9,93,0,0,0,35,4,31,1,0,1,3,0,3,2,0,2
442611,497,473,24,4,4,0,7,7,0,60,56,4,78,76,2,2,2,0,309,294,15,35,32,3,2,2,0,0,0,0
442639,115,80,35,0,0,0,6,3,3,2,1,1,0,0,0,0,0,0,2,1,1,1,1,0,0,0,0,104,74,30
442657,88,9,79,0,0,0,0,0,0,3,1,2,80,7,73,0,0,0,4,1,3,0,0,0,1,0,1,0,0,0
442781,30,5,25,26,2,24,0,0,0,2,2,0,0,0,0,0,0,0,2,1,1,0,0,0,0,0,0,0,0,0
442806,475,233,242,2,2,0,78,36,42,25,11,14,46,15,31,4,1,3,320,168,152,0,0,0,0,0,0,0,0,0
442842,54,5,49,2,0,2,4,0,4,8,0,8,7,2,5,0,0,0,26,2,24,2,0,2,5,1,4,0,0,0
442879,423,22,401,16,2,14,3,0,3,31,2,29,80,4,76,0,0,0,250,12,238,3,0,3,40,2,38,0,0,0
442888,52,50,2,0,0,0,1,1,0,6,5,1,27,26,1,0,0,0,15,15,0,1,1,0,2,2,0,0,0,0
442930,283,120,163,1,0,1,9,3,6,43,13,30,97,42,55,1,0,1,51,25,26,41,14,27,31,19,12,9,4,5
442949,3,0,3,0,0,0,0,0,0,0,0,0,0,0,0,0,0,0,3,0,3,0,0,0,0,0,0,0,0,0
442967,49,8,41,13,2,11,0,0,0,4,0,4,20,3,17,0,0,0,12,3,9,0,0,0,0,0,0,0,0,0
442976,40,4,36,0,0,0,1,0,1,15,1,14,1,0,1,0,0,0,19,2,17,3,1,2,1,0,1,0,0,0
442985,100,13,87,0,0,0,2,2,0,17,2,15,68,5,63,7,3,4,3,1,2,1,0,1,2,0,2,0,0,0
443021,46,36,10,0,0,0,0,0,0,42,32,10,3,3,0,0,0,0,1,1,0,0,0,0,0,0,0,0,0,0
443030,24,10,14,0,0,0,4,3,1,0,0,0,0,0,0,0,0,0,17,6,11,0,0,0,3,1,2,0,0,0
443049,114,60,54,1,0,1,25,3,22,26,19,7,5,4,1,0,0,0,36,19,17,4,2,2,5,3,2,12,10,2
443058,11,4,7,1,0,1,0,0,0,0,0,0,0,0,0,0,0,0,8,3,5,1,0,1,0,0,0,1,1,0
443076,28,18,10,0,0,0,0,0,0,25,16,9,1,1,0,0,0,0,2,1,1,0,0,0,0,0,0,0,0,0
443100,14,12,2,0,0,0,0,0,0,0,0,0,14,12,2,0,0,0,0,0,0,0,0,0,0,0,0,0,0,0
443128,156,75,81,0,0,0,0,0,0,0,0,0,0,0,0,0,0,0,0,0,0,0,0,0,0,0,0,156,75,81
443137,91,21,70,0,0,0,1,0,1,9,2,7,3,0,3,1,1,0,73,17,56,3,0,3,1,1,0,0,0,0
443146,60,48,12,0,0,0,0,0,0,41,30,11,19,18,1,0,0,0,0,0,0,0,0,0,0,0,0,0,0,0
443207,124,120,4,0,0,0,23,23,0,5,3,2,75,74,1,0,0,0,13,12,1,0,0,0,8,8,0,0,0,0
443216,111,104,7,0,0,0,23,20,3,26,26,0,43,39,4,0,0,0,18,18,0,1,1,0,0,0,0,0,0,0
443225,59,54,5,0,0,0,11,10,1,17,15,2,10,9,1,0,0,0,19,19,0,2,1,1,0,0,0,0,0,0
443234,141,8,133,0,0,0,1,0,1,80,7,73,48,1,47,2,0,2,6,0,6,2,0,2,2,0,2,0,0,0
443252,1761,1217,544,0,0,0,0,0,0,0,0,0,1761,1217,544,0,0,0,0,0,0,0,0,0,0,0,0,0,0,0
443261,148,14,134,1,0,1,1,0,1,83,6,77,3,1,2,0,0,0,48,4,44,1,1,0,11,2,9,0,0,0
443289,50,3,47,0,0,0,0,0,0,1,0,1,5,0,5,1,1,0,39,1,38,3,1,2,1,0,1,0,0,0
443298,19,17,2,0,0,0,0,0,0,17,15,2,2,2,0,0,0,0,0,0,0,0,0,0,0,0,0,0,0,0
443322,110,12,98,0,0,0,0,0,0,0,0,0,110,12,98,0,0,0,0,0,0,0,0,0,0,0,0,0,0,0
443331,778,185,593,4,0,4,206,55,151,17,6,11,201,46,155,23,8,15,269,54,215,53,13,40,5,3,2,0,0,0
443340,17,7,10,0,0,0,0,0,0,1,0,1,4,1,3,0,0,0,12,6,6,0,0,0,0,0,0,0,0,0
443377,66,61,5,0,0,0,0,0,0,2,2,0,2,2,0,0,0,0,61,56,5,1,1,0,0,0,0,0,0,0
443410,243,189,54,0,0,0,18,10,8,3,3,0,11,10,1,0,0,0,107,86,21,14,11,3,30,23,7,60,46,14
443492,500,246,254,0,0,0,12,4,8,12,4,8,0,0,0,1,0,1,454,225,229,20,13,7,1,0,1,0,0,0
443562,151,31,120,0,0,0,0,0,0,0,0,0,151,31,120,0,0,0,0,0,0,0,0,0,0,0,0,0,0,0
443571,155,89,66,3,1,2,6,5,1,12,4,8,77,54,23,2,2,0,43,19,24,7,1,6,5,3,2,0,0,0
443599,346,24,322,3,0,3,2,0,2,51,4,47,36,3,33,2,2,0,236,15,221,12,0,12,4,0,4,0,0,0
443632,88,70,18,0,0,0,0,0,0,24,21,3,10,6,4,0,0,0,48,39,9,6,4,2,0,0,0,0,0,0
443641,36,2,34,0,0,0,1,0,1,2,0,2,1,0,1,0,0,0,27,1,26,4,1,3,1,0,1,0,0,0
443650,146,44,102,1,1,0,0,0,0,45,15,30,6,4,2,1,0,1,83,21,62,8,2,6,2,1,1,0,0,0
443669,77,11,66,0,0,0,3,1,2,1,0,1,41,2,39,1,0,1,27,7,20,3,1,2,1,0,1,0,0,0
443702,20,7,13,0,0,0,1,0,1,1,0,1,1,0,1,0,0,0,17,7,10,0,0,0,0,0,0,0,0,0
443748,416,98,318,0,0,0,22,9,13,239,47,192,101,21,80,2,2,0,36,17,19,10,1,9,6,1,5,0,0,0
443766,377,62,315,1,0,1,3,0,3,292,35,257,6,0,6,0,0,0,50,21,29,18,3,15,7,3,4,0,0,0
443784,301,85,216,0,0,0,10,5,5,164,39,125,25,7,18,1,1,0,90,32,58,6,0,6,4,0,4,1,1,0
443951,29,13,16,0,0,0,0,0,0,0,0,0,29,13,16,0,0,0,0,0,0,0,0,0,0,0,0,0,0,0
443979,63,2,61,0,0,0,4,0,4,5,1,4,5,0,5,0,0,0,44,1,43,0,0,0,5,0,5,0,0,0
444051,97,5,92,0,0,0,6,3,3,38,2,36,2,0,2,0,0,0,47,0,47,0,0,0,4,0,4,0,0,0
444088,191,31,160,18,2,16,4,0,4,10,3,7,122,16,106,0,0,0,31,7,24,5,3,2,1,0,1,0,0,0
444103,7,7,0,0,0,0,0,0,0,0,0,0,0,0,0,0,0,0,4,4,0,0,0,0,3,3,0,0,0,0
444130,2145,615,1530,15,6,9,51,19,32,642,186,456,166,50,116,16,4,12,771,204,567,67,16,51,417,130,287,0,0,0
444194,128,8,120,0,0,0,0,0,0,0,0,0,128,8,120,0,0,0,0,0,0,0,0,0,0,0,0,0,0,0
444219,1137,429,708,12,5,7,131,44,87,41,19,22,198,70,128,7,1,6,650,254,396,68,24,44,25,11,14,5,1,4
444228,12,0,12,0,0,0,0,0,0,4,0,4,0,0,0,0,0,0,8,0,8,0,0,0,0,0,0,0,0,0
444255,21,2,19,0,0,0,0,0,0,7,1,6,1,0,1,0,0,0,7,1,6,5,0,5,1,0,1,0,0,0
444264,40,8,32,0,0,0,0,0,0,0,0,0,40,8,32,0,0,0,0,0,0,0,0,0,0,0,0,0,0,0
444282,24,0,24,0,0,0,0,0,0,6,0,6,0,0,0,0,0,0,3,0,3,0,0,0,15,0,15,0,0,0
444291,17,0,17,0,0,0,2,0,2,14,0,14,0,0,0,0,0,0,0,0,0,0,0,0,1,0,1,0,0,0
444307,42,0,42,0,0,0,2,0,2,16,0,16,0,0,0,0,0,0,13,0,13,6,0,6,5,0,5,0,0,0
444325,20,5,15,0,0,0,4,1,3,1,0,1,10,4,6,1,0,1,4,0,4,0,0,0,0,0,0,0,0,0
444334,15,2,13,0,0,0,0,0,0,0,0,0,15,2,13,0,0,0,0,0,0,0,0,0,0,0,0,0,0,0
444343,21,3,18,0,0,0,2,1,1,8,2,6,9,0,9,0,0,0,1,0,1,0,0,0,1,0,1,0,0,0
444361,73,14,59,2,0,2,2,1,1,6,2,4,32,6,26,0,0,0,31,5,26,0,0,0,0,0,0,0,0,0
444370,17,17,0,0,0,0,0,0,0,0,0,0,17,17,0,0,0,0,0,0,0,0,0,0,0,0,0,0,0,0
444398,22,12,10,0,0,0,0,0,0,0,0,0,12,7,5,0,0,0,1,1,0,0,0,0,0,0,0,9,4,5
444404,14,11,3,0,0,0,0,0,0,5,5,0,7,4,3,0,0,0,2,2,0,0,0,0,0,0,0,0,0,0
444413,19,19,0,0,0,0,0,0,0,0,0,0,0,0,0,0,0,0,19,19,0,0,0,0,0,0,0,0,0,0
444440,50,2,48,1,0,1,4,0,4,12,0,12,2,0,2,0,0,0,31,2,29,0,0,0,0,0,0,0,0,0
444468,5,0,5,0,0,0,0,0,0,0,0,0,0,0,0,0,0,0,5,0,5,0,0,0,0,0,0,0,0,0
444486,163,11,152,0,0,0,0,0,0,49,4,45,14,1,13,0,0,0,88,4,84,9,1,8,3,1,2,0,0,0
444510,31,2,29,0,0,0,0,0,0,1,1,0,8,0,8,0,0,0,22,1,21,0,0,0,0,0,0,0,0,0
444529,28,2,26,0,0,0,1,0,1,0,0,0,17,2,15,0,0,0,10,0,10,0,0,0,0,0,0,0,0,0
444556,249,117,132,2,1,1,7,4,3,44,18,26,57,22,35,1,1,0,96,48,48,21,11,10,19,10,9,2,2,0
444565,111,52,59,0,0,0,5,2,3,23,9,14,54,27,27,0,0,0,27,13,14,1,1,0,1,0,1,0,0,0
444583,297,136,161,0,0,0,0,0,0,0,0,0,297,136,161,0,0,0,0,0,0,0,0,0,0,0,0,0,0,0
444635,52,8,44,0,0,0,0,0,0,11,2,9,4,0,4,0,0,0,37,6,31,0,0,0,0,0,0,0,0,0
444662,28,28,0,0,0,0,0,0,0,24,24,0,0,0,0,0,0,0,4,4,0,0,0,0,0,0,0,0,0,0
444671,103,53,50,0,0,0,0,0,0,0,0,0,103,53,50,0,0,0,0,0,0,0,0,0,0,0,0,0,0,0
444699,14,1,13,0,0,0,4,0,4,0,0,0,1,0,1,1,0,1,8,1,7,0,0,0,0,0,0,0,0,0
444714,69,7,62,0,0,0,3,0,3,43,6,37,8,0,8,0,0,0,4,0,4,4,0,4,7,1,6,0,0,0
444732,48,10,38,0,0,0,0,0,0,0,0,0,48,10,38,0,0,0,0,0,0,0,0,0,0,0,0,0,0,0
444778,35,8,27,0,0,0,0,0,0,34,8,26,1,0,1,0,0,0,0,0,0,0,0,0,0,0,0,0,0,0
444787,244,27,217,4,0,4,20,3,17,29,2,27,33,3,30,3,0,3,138,16,122,7,2,5,10,1,9,0,0,0
444796,55,39,16,0,0,0,0,0,0,53,37,16,1,1,0,1,1,0,0,0,0,0,0,0,0,0,0,0,0,0
444811,61,2,59,0,0,0,0,0,0,55,2,53,1,0,1,0,0,0,3,0,3,0,0,0,2,0,2,0,0,0
444857,83,0,83,2,0,2,3,0,3,1,0,1,21,0,21,1,0,1,50,0,50,4,0,4,1,0,1,0,0,0
444866,97,14,83,0,0,0,0,0,0,70,8,62,3,0,3,0,0,0,22,6,16,2,0,2,0,0,0,0,0,0
444893,112,3,109,0,0,0,0,0,0,105,3,102,5,0,5,0,0,0,0,0,0,2,0,2,0,0,0,0,0,0
444936,174,44,130,7,3,4,142,40,102,6,0,6,12,1,11,0,0,0,5,0,5,0,0,0,2,0,2,0,0,0
444945,331,23,308,0,0,0,1,0,1,165,10,155,4,0,4,0,0,0,115,9,106,0,0,0,46,4,42,0,0,0
444954,344,153,191,1,1,0,0,0,0,8,5,3,2,0,2,0,0,0,291,124,167,5,2,3,37,21,16,0,0,0
445027,4406,2211,2195,37,23,14,106,63,43,1454,621,833,437,290,147,53,34,19,1344,765,579,178,93,85,797,322,475,0,0,0
445054,3,3,0,0,0,0,0,0,0,0,0,0,0,0,0,0,0,0,0,0,0,0,0,0,0,0,0,3,3,0
445133,124,56,68,0,0,0,10,3,7,70,31,39,4,2,2,0,0,0,12,7,5,1,0,1,27,13,14,0,0,0
445188,2021,941,1080,3,3,0,392,223,169,96,42,54,1008,425,583,16,5,11,234,122,112,59,33,26,15,6,9,198,82,116
445203,199,17,182,0,0,0,3,0,3,84,9,75,80,7,73,2,0,2,23,1,22,6,0,6,1,0,1,0,0,0
445212,120,25,95,0,0,0,2,1,1,14,5,9,30,9,21,0,0,0,49,7,42,1,0,1,24,3,21,0,0,0
445230,526,109,417,2,0,2,68,25,43,52,14,38,223,33,190,6,1,5,147,30,117,23,6,17,5,0,5,0,0,0
445249,178,36,142,0,0,0,3,2,1,70,15,55,15,3,12,0,0,0,81,16,65,9,0,9,0,0,0,0,0,0
445258,97,9,88,6,0,6,1,0,1,38,4,34,16,1,15,0,0,0,28,2,26,7,2,5,1,0,1,0,0,0
445267,765,170,595,0,0,0,9,5,4,35,8,27,25,8,17,1,0,1,670,138,532,7,4,3,13,3,10,5,4,1
445364,299,27,272,4,1,3,18,6,12,13,0,13,207,14,193,3,0,3,37,5,32,17,1,16,0,0,0,0,0,0
445461,361,136,225,1,0,1,15,7,8,119,34,85,182,78,104,0,0,0,26,11,15,10,3,7,8,3,5,0,0,0
445498,13,13,0,0,0,0,0,0,0,0,0,0,13,13,0,0,0,0,0,0,0,0,0,0,0,0,0,0,0,0
445540,40,1,39,0,0,0,0,0,0,8,1,7,0,0,0,0,0,0,32,0,32,0,0,0,0,0,0,0,0,0
445638,71,3,68,0,0,0,2,0,2,2,0,2,3,0,3,0,0,0,59,3,56,3,0,3,2,0,2,0,0,0
445647,130,5,125,0,0,0,4,0,4,6,0,6,32,0,32,0,0,0,78,5,73,1,0,1,8,0,8,1,0,1
445656,143,7,136,0,0,0,4,0,4,6,1,5,7,0,7,2,0,2,106,5,101,10,1,9,8,0,8,0,0,0
445692,106,91,15,4,3,1,1,1,0,3,2,1,22,20,2,0,0,0,66,56,10,7,6,1,3,3,0,0,0,0
445708,412,129,283,2,0,2,7,5,2,186,50,136,37,15,22,0,0,0,154,51,103,3,0,3,20,7,13,3,1,2
445735,594,239,355,0,0,0,196,74,122,27,10,17,72,28,44,3,1,2,235,109,126,34,12,22,20,4,16,7,1,6
445744,180,51,129,0,0,0,1,0,1,63,13,50,46,16,30,0,0,0,56,17,39,13,4,9,1,1,0,0,0,0
445762,61,61,0,0,0,0,6,6,0,22,22,0,14,14,0,0,0,0,7,7,0,12,12,0,0,0,0,0,0,0
445780,22,3,19,0,0,0,0,0,0,0,0,0,10,2,8,1,0,1,11,1,10,0,0,0,0,0,0,0,0,0
445799,403,382,21,1,0,1,7,7,0,23,22,1,56,55,1,1,1,0,292,277,15,15,12,3,8,8,0,0,0,0
445841,86,3,83,0,0,0,1,0,1,38,2,36,1,0,1,0,0,0,46,1,45,0,0,0,0,0,0,0,0,0
445850,81,0,81,0,0,0,0,0,0,59,0,59,1,0,1,0,0,0,21,0,21,0,0,0,0,0,0,0,0,0
445869,92,36,56,1,1,0,3,2,1,5,2,3,11,2,9,0,0,0,64,23,41,0,0,0,5,3,2,3,3,0
445911,390,143,247,0,0,0,10,2,8,87,22,65,88,30,58,0,0,0,118,59,59,20,6,14,67,24,43,0,0,0
445948,1078,126,952,4,1,3,82,22,60,257,16,241,394,55,339,25,2,23,230,21,209,81,8,73,4,1,3,1,0,1
445957,184,53,131,0,0,0,3,1,2,56,11,45,45,11,34,3,1,2,45,16,29,10,6,4,22,7,15,0,0,0
446002,35,13,22,0,0,0,8,5,3,0,0,0,1,0,1,1,0,1,24,8,16,0,0,0,0,0,0,1,0,1
446039,14,4,10,1,0,1,4,2,2,0,0,0,1,0,1,0,0,0,6,1,5,0,0,0,2,1,1,0,0,0
446048,365,154,211,2,0,2,13,5,8,16,12,4,50,28,22,0,0,0,237,92,145,0,0,0,42,13,29,5,4,1
446084,50,8,42,0,0,0,0,0,0,18,1,17,1,0,1,0,0,0,29,7,22,2,0,2,0,0,0,0,0,0
446093,84,1,83,2,0,2,13,0,13,2,0,2,46,0,46,0,0,0,18,0,18,3,1,2,0,0,0,0,0,0
446109,193,9,184,1,0,1,2,1,1,109,4,105,44,2,42,0,0,0,27,2,25,10,0,10,0,0,0,0,0,0
446118,210,38,172,1,0,1,17,4,13,26,7,19,126,24,102,1,0,1,33,3,30,4,0,4,2,0,2,0,0,0
446127,143,11,132,0,0,0,1,0,1,40,0,40,18,5,13,0,0,0,64,3,61,4,1,3,16,2,14,0,0,0
446163,14,6,8,0,0,0,0,0,0,5,4,1,6,0,6,0,0,0,3,2,1,0,0,0,0,0,0,0,0,0
446206,21,1,20,0,0,0,0,0,0,1,0,1,3,0,3,0,0,0,16,1,15,1,0,1,0,0,0,0,0,0
446224,21,8,13,0,0,0,6,2,4,0,0,0,0,0,0,0,0,0,15,6,9,0,0,0,0,0,0,0,0,0
446233,42,17,25,0,0,0,1,0,1,8,3,5,8,3,5,0,0,0,20,8,12,1,1,0,0,0,0,4,2,2
446242,45,14,31,0,0,0,0,0,0,23,9,14,1,0,1,0,0,0,20,5,15,1,0,1,0,0,0,0,0,0
446251,44,11,33,0,0,0,12,2,10,3,1,2,5,2,3,0,0,0,16,4,12,0,0,0,1,1,0,7,1,6
446260,556,16,540,8,0,8,54,2,52,51,2,49,70,0,70,5,0,5,291,8,283,18,0,18,59,4,55,0,0,0
446288,36,1,35,0,0,0,0,0,0,2,0,2,2,0,2,0,0,0,32,1,31,0,0,0,0,0,0,0,0,0
446303,40,3,37,0,0,0,4,2,2,20,0,20,9,0,9,0,0,0,7,1,6,0,0,0,0,0,0,0,0,0
446349,12,0,12,0,0,0,0,0,0,1,0,1,0,0,0,0,0,0,11,0,11,0,0,0,0,0,0,0,0,0
446385,74,49,25,0,0,0,6,6,0,1,1,0,12,8,4,1,0,1,26,17,9,1,1,0,1,0,1,26,16,10
446394,11,5,6,0,0,0,0,0,0,11,5,6,0,0,0,0,0,0,0,0,0,0,0,0,0,0,0,0,0,0
446455,36,30,6,0,0,0,0,0,0,1,1,0,0,0,0,0,0,0,35,29,6,0,0,0,0,0,0,0,0,0
446516,9,2,7,0,0,0,0,0,0,0,0,0,9,2,7,0,0,0,0,0,0,0,0,0,0,0,0,0,0,0
446525,102,79,23,1,1,0,0,0,0,48,41,7,6,4,2,0,0,0,42,30,12,4,3,1,1,0,1,0,0,0
446552,926,417,509,7,4,3,7,4,3,210,106,104,385,161,224,2,2,0,297,134,163,9,3,6,8,2,6,1,1,0
446561,403,106,297,21,2,19,70,45,25,8,2,6,113,21,92,11,5,6,112,12,100,1,1,0,67,18,49,0,0,0
446589,217,44,173,0,0,0,0,0,0,0,0,0,214,43,171,0,0,0,3,1,2,0,0,0,0,0,0,0,0,0
446598,13,2,11,0,0,0,0,0,0,1,0,1,0,0,0,0,0,0,12,2,10,0,0,0,0,0,0,0,0,0
446604,413,413,0,0,0,0,0,0,0,0,0,0,0,0,0,0,0,0,413,413,0,0,0,0,0,0,0,0,0,0
446613,8,1,7,0,0,0,0,0,0,8,1,7,0,0,0,0,0,0,0,0,0,0,0,0,0,0,0,0,0,0
446640,1126,602,524,0,0,0,15,10,5,33,19,14,15,6,9,1,0,1,60,32,28,2,0,2,1,1,0,999,534,465
446774,544,188,356,2,0,2,6,2,4,47,14,33,43,12,31,1,1,0,418,150,268,23,9,14,4,0,4,0,0,0
447014,131,10,121,1,0,1,1,0,1,38,2,36,16,3,13,0,0,0,69,5,64,2,0,2,3,0,3,1,0,1
447023,1101,574,527,5,2,3,6,3,3,875,445,430,25,14,11,0,0,0,165,92,73,5,2,3,15,12,3,5,4,1
447050,506,96,410,3,1,2,125,23,102,87,11,76,82,16,66,6,0,6,184,38,146,2,1,1,6,2,4,11,4,7
447148,46,1,45,1,0,1,0,0,0,8,0,8,19,1,18,1,0,1,11,0,11,1,0,1,5,0,5,0,0,0
447166,24,1,23,1,1,0,0,0,0,1,0,1,6,0,6,0,0,0,13,0,13,0,0,0,3,0,3,0,0,0
447175,23,2,21,0,0,0,0,0,0,11,0,11,8,2,6,0,0,0,2,0,2,0,0,0,2,0,2,0,0,0
447263,551,83,468,2,0,2,5,0,5,7,0,7,40,6,34,1,0,1,460,71,389,11,2,9,25,4,21,0,0,0
447351,222,118,104,1,0,1,13,12,1,5,0,5,118,56,62,4,1,3,35,22,13,2,1,1,43,26,17,1,0,1
447379,137,47,90,9,2,7,1,1,0,31,12,19,38,9,29,0,0,0,44,20,24,14,3,11,0,0,0,0,0,0
447421,53,13,40,1,0,1,0,0,0,1,0,1,4,1,3,0,0,0,45,11,34,0,0,0,2,1,1,0,0,0
447449,29,2,27,0,0,0,0,0,0,10,2,8,0,0,0,0,0,0,19,0,19,0,0,0,0,0,0,0,0,0
447458,93,77,16,1,1,0,5,4,1,27,20,7,26,23,3,3,3,0,16,14,2,5,3,2,9,8,1,1,1,0
447467,210,11,199,0,0,0,0,0,0,110,4,106,0,0,0,0,0,0,89,7,82,0,0,0,11,0,11,0,0,0
447582,209,65,144,1,0,1,0,0,0,9,3,6,2,0,2,0,0,0,196,62,134,1,0,1,0,0,0,0,0,0
447591,429,30,399,3,0,3,7,0,7,113,8,105,237,14,223,0,0,0,35,2,33,17,3,14,17,3,14,0,0,0
447607,686,367,319,3,3,0,11,8,3,36,24,12,193,91,102,3,2,1,24,18,6,4,4,0,412,217,195,0,0,0
447616,558,364,194,1,1,0,10,6,4,11,10,1,221,149,72,2,1,1,17,10,7,19,8,11,277,179,98,0,0,0
447689,1203,469,734,0,0,0,138,61,77,321,106,215,236,75,161,0,0,0,421,187,234,47,20,27,7,3,4,33,17,16
447698,15,5,10,0,0,0,0,0,0,0,0,0,3,1,2,2,1,1,7,1,6,0,0,0,3,2,1,0,0,0
447704,89,2,87,1,0,1,0,0,0,1,0,1,25,1,24,0,0,0,14,0,14,3,0,3,45,1,44,0,0,0
447713,36,7,29,0,0,0,11,3,8,2,2,0,12,2,10,0,0,0,11,0,11,0,0,0,0,0,0,0,0,0
447722,14,3,11,0,0,0,2,1,1,0,0,0,11,2,9,0,0,0,1,0,1,0,0,0,0,0,0,0,0,0
447731,291,25,266,2,0,2,108,10,98,25,0,25,37,2,35,0,0,0,9,2,7,1,0,1,0,0,0,109,11,98
447759,92,28,64,0,0,0,23,7,16,8,5,3,51,10,41,0,0,0,10,6,4,0,0,0,0,0,0,0,0,0
447768,749,116,633,1,0,1,72,25,47,58,5,53,462,56,406,14,6,8,99,19,80,41,4,37,2,1,1,0,0,0
447777,281,171,110,1,0,1,56,36,20,80,40,40,39,27,12,5,3,2,87,58,29,11,6,5,2,1,1,0,0,0
447795,53,9,44,0,0,0,31,4,27,4,1,3,2,0,2,0,0,0,16,4,12,0,0,0,0,0,0,0,0,0
447801,41,12,29,0,0,0,40,12,28,0,0,0,0,0,0,0,0,0,1,0,1,0,0,0,0,0,0,0,0,0
447810,202,14,188,1,0,1,33,8,25,18,1,17,70,2,68,5,0,5,39,2,37,35,1,34,0,0,0,1,0,1
447847,81,76,5,2,1,1,4,4,0,3,3,0,31,30,1,0,0,0,22,21,1,3,3,0,0,0,0,16,14,2
447865,10,5,5,0,0,0,0,0,0,8,5,3,0,0,0,0,0,0,2,0,2,0,0,0,0,0,0,0,0,0
447874,248,241,7,4,4,0,1,0,1,28,24,4,28,28,0,4,4,0,181,179,2,2,2,0,0,0,0,0,0,0
447883,244,21,223,0,0,0,9,1,8,76,8,68,43,3,40,0,0,0,113,9,104,2,0,2,1,0,1,0,0,0
447892,97,10,87,0,0,0,0,0,0,81,8,73,1,0,1,0,0,0,12,2,10,3,0,3,0,0,0,0,0,0
447908,55,2,53,0,0,0,0,0,0,50,1,49,4,1,3,0,0,0,1,0,1,0,0,0,0,0,0,0,0,0
447917,18,4,14,0,0,0,1,0,1,6,2,4,0,0,0,0,0,0,9,2,7,2,0,2,0,0,0,0,0,0
447935,128,7,121,0,0,0,1,0,1,52,1,51,3,0,3,0,0,0,50,4,46,9,1,8,13,1,12,0,0,0
447953,105,60,45,1,0,1,10,6,4,38,23,15,13,6,7,1,1,0,40,23,17,1,1,0,1,0,1,0,0,0
447962,115,25,90,0,0,0,0,0,0,62,12,50,8,1,7,0,0,0,45,12,33,0,0,0,0,0,0,0,0,0
447971,74,2,72,0,0,0,1,0,1,27,2,25,19,0,19,0,0,0,23,0,23,0,0,0,4,0,4,0,0,0
447980,26,0,26,0,0,0,0,0,0,5,0,5,0,0,0,0,0,0,21,0,21,0,0,0,0,0,0,0,0,0
447999,136,26,110,1,1,0,3,0,3,32,9,23,6,0,6,0,0,0,91,16,75,1,0,1,2,0,2,0,0,0
448017,37,4,33,0,0,0,0,0,0,27,3,24,0,0,0,0,0,0,10,1,9,0,0,0,0,0,0,0,0,0
448026,116,2,114,1,0,1,3,0,3,11,0,11,5,0,5,1,0,1,89,2,87,5,0,5,1,0,1,0,0,0
448044,1,0,1,0,0,0,0,0,0,0,0,0,0,0,0,0,0,0,1,0,1,0,0,0,0,0,0,0,0,0
448071,159,8,151,0,0,0,4,1,3,50,3,47,50,2,48,0,0,0,36,2,34,8,0,8,11,0,11,0,0,0
448123,56,8,48,0,0,0,0,0,0,1,0,1,54,8,46,0,0,0,1,0,1,0,0,0,0,0,0,0,0,0
448196,121,15,106,0,0,0,4,1,3,60,5,55,41,7,34,0,0,0,14,2,12,2,0,2,0,0,0,0,0,0
448220,90,1,89,0,0,0,1,0,1,0,0,0,9,1,8,1,0,1,62,0,62,3,0,3,14,0,14,0,0,0
448239,59,0,59,1,0,1,2,0,2,0,0,0,1,0,1,0,0,0,55,0,55,0,0,0,0,0,0,0,0,0
448248,2145,849,1296,5,2,3,18,6,12,15,8,7,372,152,220,15,9,6,1672,654,1018,48,18,30,0,0,0,0,0,0
448257,43,1,42,0,0,0,4,1,3,11,0,11,6,0,6,0,0,0,13,0,13,1,0,1,8,0,8,0,0,0
448275,22,4,18,0,0,0,0,0,0,2,1,1,0,0,0,0,0,0,20,3,17,0,0,0,0,0,0,0,0,0
448354,79,13,66,0,0,0,6,0,6,38,9,29,22,3,19,0,0,0,12,1,11,1,0,1,0,0,0,0,0,0
448372,100,41,59,0,0,0,19,10,9,2,1,1,15,4,11,2,2,0,60,23,37,1,0,1,1,1,0,0,0,0
448424,61,2,59,7,0,7,0,0,0,6,0,6,2,1,1,0,0,0,40,0,40,6,1,5,0,0,0,0,0,0
448433,515,500,15,5,5,0,30,29,1,11,11,0,248,241,7,9,9,0,131,129,2,50,46,4,31,30,1,0,0,0
448594,811,228,583,6,1,5,39,10,29,38,11,27,522,140,382,7,2,5,157,53,104,23,7,16,19,4,15,0,0,0
448600,137,13,124,1,0,1,1,1,0,34,4,30,6,0,6,0,0,0,92,8,84,3,0,3,0,0,0,0,0,0
448619,122,9,113,1,0,1,0,0,0,66,3,63,31,3,28,0,0,0,17,3,14,0,0,0,7,0,7,0,0,0
448646,169,7,162,0,0,0,0,0,0,60,3,57,3,0,3,0,0,0,99,4,95,0,0,0,7,0,7,0,0,0
448673,1042,84,958,2,1,1,34,5,29,297,15,282,177,12,165,3,0,3,346,45,301,28,1,27,155,5,150,0,0,0
448691,77,14,63,0,0,0,0,0,0,9,5,4,1,0,1,0,0,0,47,5,42,3,1,2,9,2,7,8,1,7
448707,48,13,35,0,0,0,0,0,0,0,0,0,48,13,35,0,0,0,0,0,0,0,0,0,0,0,0,0,0,0
448770,91,87,4,0,0,0,8,8,0,13,12,1,19,18,1,0,0,0,50,48,2,1,1,0,0,0,0,0,0,0
448798,42,1,41,1,0,1,1,0,1,22,1,21,5,0,5,0,0,0,4,0,4,2,0,2,7,0,7,0,0,0
448859,96,88,8,0,0,0,3,2,1,7,7,0,16,16,0,0,0,0,70,63,7,0,0,0,0,0,0,0,0,0
448895,251,32,219,4,0,4,24,3,21,7,1,6,151,25,126,4,0,4,52,2,50,7,1,6,2,0,2,0,0,0
449038,364,132,232,2,0,2,7,5,2,164,46,118,88,39,49,1,0,1,81,33,48,9,3,6,6,3,3,6,3,3
449074,584,61,523,4,1,3,92,11,81,59,4,55,154,8,146,6,1,5,219,31,188,29,4,25,21,1,20,0,0,0
449083,174,174,0,0,0,0,0,0,0,4,4,0,166,166,0,1,1,0,3,3,0,0,0,0,0,0,0,0,0,0
449092,184,181,3,1,1,0,0,0,0,26,24,2,155,154,1,0,0,0,2,2,0,0,0,0,0,0,0,0,0,0
449135,54,31,23,0,0,0,0,0,0,0,0,0,54,31,23,0,0,0,0,0,0,0,0,0,0,0,0,0,0,0
449250,325,62,263,1,0,1,8,2,6,37,12,25,207,30,177,1,1,0,60,15,45,8,1,7,3,1,2,0,0,0
449311,102,0,102,0,0,0,0,0,0,36,0,36,62,0,62,0,0,0,1,0,1,0,0,0,1,0,1,2,0,2
449320,257,242,15,0,0,0,18,16,2,68,64,4,119,110,9,1,1,0,27,27,0,10,10,0,13,13,0,1,1,0
449339,13714,8844,4870,92,57,35,327,205,122,2147,1203,944,1810,1192,618,110,71,39,7523,5044,2479,524,305,219,1047,698,349,134,69,65
449348,15,7,8,0,0,0,0,0,0,15,7,8,0,0,0,0,0,0,0,0,0,0,0,0,0,0,0,0,0,0
449357,54,7,47,0,0,0,2,0,2,12,0,12,34,6,28,0,0,0,6,1,5,0,0,0,0,0,0,0,0,0
449384,73,56,17,0,0,0,9,8,1,3,2,1,8,8,0,1,1,0,29,23,6,5,4,1,8,5,3,10,5,5
449393,41,10,31,0,0,0,4,2,2,0,0,0,34,8,26,0,0,0,1,0,1,1,0,1,0,0,0,1,0,1
449445,36,8,28,0,0,0,3,2,1,4,0,4,21,5,16,0,0,0,8,1,7,0,0,0,0,0,0,0,0,0
449454,22,2,20,0,0,0,0,0,0,0,0,0,5,1,4,0,0,0,17,1,16,0,0,0,0,0,0,0,0,0
449463,123,17,106,0,0,0,4,1,3,29,2,27,28,8,20,0,0,0,62,6,56,0,0,0,0,0,0,0,0,0
449472,59,1,58,0,0,0,1,0,1,9,0,9,7,0,7,0,0,0,42,1,41,0,0,0,0,0,0,0,0,0
449481,4,1,3,0,0,0,1,0,1,0,0,0,0,0,0,0,0,0,3,1,2,0,0,0,0,0,0,0,0,0
449490,90,13,77,0,0,0,0,0,0,42,11,31,10,2,8,0,0,0,24,0,24,1,0,1,13,0,13,0,0,0
449506,17,8,9,0,0,0,0,0,0,0,0,0,17,8,9,0,0,0,0,0,0,0,0,0,0,0,0,0,0,0
449524,70,5,65,0,0,0,1,0,1,24,1,23,8,1,7,0,0,0,36,3,33,1,0,1,0,0,0,0,0,0
449533,59,6,53,0,0,0,1,0,1,21,4,17,3,0,3,0,0,0,32,2,30,2,0,2,0,0,0,0,0,0
449597,5,0,5,0,0,0,0,0,0,1,0,1,0,0,0,0,0,0,4,0,4,0,0,0,0,0,0,0,0,0
449603,67,42,25,0,0,0,0,0,0,32,16,16,18,16,2,1,0,1,15,9,6,1,1,0,0,0,0,0,0,0
449612,53,20,33,0,0,0,0,0,0,28,8,20,2,0,2,0,0,0,23,12,11,0,0,0,0,0,0,0,0,0
449658,17,17,0,0,0,0,0,0,0,0,0,0,0,0,0,0,0,0,15,15,0,0,0,0,0,0,0,2,2,0
449676,112,49,63,1,1,0,22,8,14,29,16,13,44,19,25,0,0,0,8,4,4,7,1,6,1,0,1,0,0,0
449685,439,43,396,0,0,0,9,3,6,200,15,185,176,14,162,0,0,0,23,8,15,0,0,0,31,3,28,0,0,0
449700,293,41,252,0,0,0,3,2,1,89,14,75,5,0,5,0,0,0,168,21,147,4,1,3,24,3,21,0,0,0
449719,67,2,65,0,0,0,3,0,3,23,1,22,0,0,0,0,0,0,33,0,33,3,1,2,5,0,5,0,0,0
449728,38,4,34,0,0,0,0,0,0,0,0,0,1,0,1,2,0,2,17,2,15,18,2,16,0,0,0,0,0,0
449764,192,96,96,0,0,0,5,1,4,15,7,8,24,16,8,0,0,0,129,66,63,8,2,6,9,4,5,2,0,2
449773,143,40,103,2,1,1,11,3,8,66,19,47,27,8,19,0,0,0,26,7,19,10,2,8,1,0,1,0,0,0
449782,20,2,18,0,0,0,1,0,1,8,1,7,3,0,3,0,0,0,8,1,7,0,0,0,0,0,0,0,0,0
449807,73,3,70,0,0,0,1,0,1,8,0,8,0,0,0,0,0,0,64,3,61,0,0,0,0,0,0,0,0,0
449816,373,198,175,4,2,2,4,2,2,4,2,2,34,22,12,1,0,1,312,161,151,7,3,4,7,6,1,0,0,0
449834,4,4,0,0,0,0,0,0,0,0,0,0,0,0,0,0,0,0,4,4,0,0,0,0,0,0,0,0,0,0
449861,132,11,121,3,0,3,3,0,3,39,3,36,26,0,26,0,0,0,55,8,47,0,0,0,6,0,6,0,0,0
449870,70,29,41,0,0,0,12,6,6,0,0,0,8,5,3,0,0,0,8,4,4,0,0,0,0,0,0,42,14,28
449889,4029,1000,3029,8,2,6,90,19,71,285,68,217,369,72,297,6,1,5,3032,776,2256,60,15,45,77,15,62,102,32,70
449898,322,77,245,1,1,0,16,5,11,84,24,60,90,17,73,1,1,0,113,24,89,0,0,0,8,2,6,9,3,6
449904,86,1,85,0,0,0,0,0,0,19,1,18,64,0,64,0,0,0,2,0,2,0,0,0,1,0,1,0,0,0
449922,55,23,32,0,0,0,2,0,2,12,5,7,0,0,0,0,0,0,40,18,22,0,0,0,1,0,1,0,0,0
449959,124,21,103,1,0,1,0,0,0,12,2,10,24,5,19,2,0,2,53,9,44,4,1,3,28,4,24,0,0,0
449968,94,19,75,0,0,0,2,0,2,12,3,9,28,10,18,6,2,4,39,2,37,0,0,0,7,2,5,0,0,0
449977,107,6,101,0,0,0,1,0,1,18,1,17,2,0,2,2,1,1,75,3,72,2,0,2,7,1,6,0,0,0
449986,107,16,91,0,0,0,2,0,2,10,1,9,46,12,34,4,0,4,35,3,32,1,0,1,9,0,9,0,0,0
449995,78,6,72,1,0,1,7,0,7,20,2,18,9,0,9,0,0,0,26,2,24,12,1,11,0,0,0,3,1,2
450021,117,24,93,4,0,4,0,0,0,45,12,33,4,1,3,1,0,1,61,11,50,1,0,1,1,0,1,0,0,0
450058,392,88,304,0,0,0,32,10,22,194,38,156,9,3,6,0,0,0,113,26,87,16,2,14,28,9,19,0,0,0
450067,234,90,144,1,1,0,23,6,17,146,56,90,4,0,4,1,1,0,50,20,30,7,5,2,2,1,1,0,0,0
450119,94,12,82,1,0,1,1,0,1,6,2,4,13,3,10,3,0,3,64,5,59,1,0,1,5,2,3,0,0,0
450128,261,7,254,2,0,2,0,0,0,131,4,127,7,0,7,0,0,0,102,3,99,3,0,3,16,0,16,0,0,0
450298,55,12,43,0,0,0,2,2,0,30,3,27,6,2,4,0,0,0,11,4,7,6,1,5,0,0,0,0,0,0
450304,22,10,12,0,0,0,0,0,0,5,3,2,2,0,2,0,0,0,15,7,8,0,0,0,0,0,0,0,0,0
450377,191,45,146,1,0,1,0,0,0,145,26,119,6,3,3,0,0,0,34,14,20,5,2,3,0,0,0,0,0,0
450395,113,3,110,2,0,2,3,0,3,15,1,14,8,0,8,0,0,0,79,2,77,5,0,5,1,0,1,0,0,0
450401,300,10,290,9,0,9,6,0,6,40,4,36,25,0,25,3,0,3,141,4,137,5,0,5,71,2,69,0,0,0
450571,349,35,314,5,0,5,12,2,10,11,1,10,7,0,7,0,0,0,255,28,227,8,0,8,51,4,47,0,0,0
450599,27,1,26,0,0,0,0,0,0,12,0,12,0,0,0,0,0,0,8,1,7,1,0,1,6,0,6,0,0,0
450605,39,0,39,0,0,0,0,0,0,20,0,20,0,0,0,0,0,0,17,0,17,0,0,0,2,0,2,0,0,0
450614,32,0,32,0,0,0,0,0,0,26,0,26,1,0,1,0,0,0,5,0,5,0,0,0,0,0,0,0,0,0
450632,57,11,46,1,0,1,0,0,0,6,4,2,3,1,2,1,1,0,39,3,36,1,0,1,6,2,4,0,0,0
450641,128,9,119,1,0,1,1,0,1,2,0,2,8,0,8,2,0,2,109,9,100,4,0,4,1,0,1,0,0,0
450650,276,10,266,2,0,2,6,0,6,71,5,66,58,1,57,0,0,0,126,3,123,10,1,9,3,0,3,0,0,0
450696,189,17,172,0,0,0,19,2,17,20,1,19,109,12,97,1,1,0,33,1,32,2,0,2,3,0,3,2,0,2
450702,120,10,110,1,0,1,6,0,6,9,0,9,28,1,27,0,0,0,64,7,57,5,1,4,5,1,4,2,0,2
450711,46,40,6,0,0,0,0,0,0,40,35,5,5,4,1,0,0,0,1,1,0,0,0,0,0,0,0,0,0,0
450720,634,25,609,4,0,4,50,6,44,149,4,145,182,3,179,9,2,7,147,9,138,87,1,86,6,0,6,0,0,0
450933,7022,4369,2653,53,33,20,113,69,44,1229,541,688,307,215,92,13,8,5,3187,2255,932,153,81,72,1962,1163,799,5,4,1
450951,138,89,49,4,2,2,4,2,2,15,9,6,28,17,11,3,3,0,84,56,28,0,0,0,0,0,0,0,0,0
450960,379,50,329,1,1,0,25,6,19,87,7,80,241,30,211,5,1,4,19,5,14,0,0,0,1,0,1,0,0,0
450988,195,16,179,0,0,0,173,15,158,1,0,1,14,1,13,0,0,0,5,0,5,0,0,0,1,0,1,1,0,1
451042,19,3,16,0,0,0,0,0,0,6,1,5,7,2,5,0,0,0,6,0,6,0,0,0,0,0,0,0,0,0
451051,94,8,86,1,0,1,2,0,2,30,1,29,11,1,10,0,0,0,38,6,32,12,0,12,0,0,0,0,0,0
451079,19,2,17,0,0,0,2,1,1,0,0,0,3,0,3,0,0,0,14,1,13,0,0,0,0,0,0,0,0,0
451097,76,15,61,0,0,0,2,2,0,7,3,4,39,8,31,0,0,0,28,2,26,0,0,0,0,0,0,0,0,0
451103,665,229,436,0,0,0,0,0,0,31,5,26,627,223,404,0,0,0,7,1,6,0,0,0,0,0,0,0,0,0
451121,50,6,44,0,0,0,0,0,0,7,0,7,33,6,27,0,0,0,5,0,5,2,0,2,3,0,3,0,0,0
451149,386,21,365,1,0,1,1,0,1,72,4,68,159,9,150,4,0,4,129,6,123,9,1,8,11,1,10,0,0,0
451158,363,12,351,0,0,0,8,0,8,81,3,78,60,2,58,3,0,3,190,7,183,12,0,12,9,0,9,0,0,0
451167,65,11,54,0,0,0,4,0,4,17,3,14,40,5,35,0,0,0,3,2,1,1,1,0,0,0,0,0,0,0
451194,21,3,18,0,0,0,0,0,0,3,1,2,0,0,0,0,0,0,15,2,13,3,0,3,0,0,0,0,0,0
451228,205,163,42,2,2,0,4,3,1,57,43,14,12,9,3,1,1,0,121,97,24,8,8,0,0,0,0,0,0,0
451237,96,4,92,1,0,1,0,0,0,6,0,6,1,0,1,0,0,0,87,4,83,0,0,0,1,0,1,0,0,0
451255,27,1,26,0,0,0,0,0,0,1,0,1,8,0,8,0,0,0,18,1,17,0,0,0,0,0,0,0,0,0
451264,103,16,87,0,0,0,9,2,7,24,5,19,22,2,20,0,0,0,36,5,31,8,0,8,0,0,0,4,2,2
451282,123,3,120,1,0,1,6,0,6,34,0,34,3,0,3,1,0,1,73,2,71,4,1,3,1,0,1,0,0,0
451291,15,1,14,0,0,0,0,0,0,1,0,1,2,0,2,0,0,0,12,1,11,0,0,0,0,0,0,0,0,0
451307,18,1,17,0,0,0,1,0,1,3,0,3,1,0,1,0,0,0,13,1,12,0,0,0,0,0,0,0,0,0
451316,57,15,42,0,0,0,0,0,0,16,7,9,0,0,0,0,0,0,40,7,33,0,0,0,1,1,0,0,0,0
451334,194,69,125,1,0,1,0,0,0,21,14,7,33,15,18,0,0,0,110,22,88,10,7,3,19,11,8,0,0,0
451343,35,1,34,0,0,0,1,0,1,12,0,12,0,0,0,0,0,0,21,1,20,0,0,0,1,0,1,0,0,0
451352,250,29,221,1,0,1,5,0,5,153,19,134,28,3,25,1,0,1,48,6,42,4,1,3,10,0,10,0,0,0
451370,18,18,0,0,0,0,0,0,0,0,0,0,0,0,0,0,0,0,18,18,0,0,0,0,0,0,0,0,0,0
451398,17,17,0,0,0,0,0,0,0,0,0,0,0,0,0,0,0,0,15,15,0,0,0,0,0,0,0,2,2,0
451404,77,77,0,0,0,0,0,0,0,0,0,0,0,0,0,0,0,0,77,77,0,0,0,0,0,0,0,0,0,0
451413,223,75,148,0,0,0,24,10,14,26,10,16,32,6,26,0,0,0,92,22,70,2,1,1,47,26,21,0,0,0
451459,109,24,85,0,0,0,4,0,4,38,7,31,10,2,8,1,1,0,43,13,30,4,0,4,9,1,8,0,0,0
451468,267,7,260,0,0,0,3,0,3,32,0,32,3,0,3,0,0,0,212,7,205,11,0,11,6,0,6,0,0,0
451477,2710,2255,455,20,16,4,58,54,4,1047,787,260,275,243,32,12,11,1,1144,1021,123,136,108,28,18,15,3,0,0,0
451495,144,16,128,0,0,0,0,0,0,91,14,77,35,2,33,0,0,0,15,0,15,2,0,2,1,0,1,0,0,0
451501,245,51,194,0,0,0,0,0,0,0,0,0,245,51,194,0,0,0,0,0,0,0,0,0,0,0,0,0,0,0
451510,189,79,110,2,0,2,2,1,1,28,6,22,12,2,10,0,0,0,135,64,71,0,0,0,10,6,4,0,0,0
451529,37,1,36,0,0,0,0,0,0,2,0,2,1,0,1,0,0,0,34,1,33,0,0,0,0,0,0,0,0,0
451547,20,1,19,0,0,0,0,0,0,3,0,3,9,1,8,0,0,0,8,0,8,0,0,0,0,0,0,0,0,0
451556,773,288,485,2,1,1,10,2,8,31,16,15,681,238,443,1,1,0,44,28,16,0,0,0,4,2,2,0,0,0
451565,128,3,125,0,0,0,0,0,0,18,0,18,33,1,32,0,0,0,72,1,71,3,0,3,1,1,0,1,0,1
451574,84,7,77,1,0,1,1,0,1,2,0,2,13,1,12,0,0,0,65,5,60,1,0,1,1,1,0,0,0,0
451583,539,332,207,7,4,3,5,3,2,3,3,0,66,40,26,7,4,3,436,271,165,15,7,8,0,0,0,0,0,0
451626,55,10,45,3,0,3,0,0,0,2,2,0,27,6,21,0,0,0,20,2,18,3,0,3,0,0,0,0,0,0
451714,152,13,139,1,0,1,1,0,1,13,1,12,81,8,73,1,0,1,43,3,40,11,1,10,1,0,1,0,0,0
451741,142,43,99,0,0,0,0,0,0,0,0,0,142,43,99,0,0,0,0,0,0,0,0,0,0,0,0,0,0,0
451750,423,44,379,3,0,3,13,0,13,135,8,127,34,5,29,1,0,1,211,26,185,21,3,18,5,2,3,0,0,0
451820,63,35,28,0,0,0,1,1,0,11,7,4,27,17,10,1,0,1,17,7,10,1,1,0,3,2,1,2,0,2
451857,75,8,67,0,0,0,1,0,1,19,1,18,28,4,24,0,0,0,22,3,19,1,0,1,4,0,4,0,0,0
451866,142,13,129,0,0,0,0,0,0,96,8,88,0,0,0,0,0,0,43,5,38,0,0,0,3,0,3,0,0,0
451918,89,9,80,1,1,0,1,0,1,5,0,5,1,0,1,1,1,0,77,7,70,3,0,3,0,0,0,0,0,0
451927,61,33,28,0,0,0,4,2,2,1,0,1,2,1,1,0,0,0,53,30,23,0,0,0,1,0,1,0,0,0
452009,33,0,33,2,0,2,1,0,1,1,0,1,1,0,1,0,0,0,26,0,26,2,0,2,0,0,0,0,0,0
452072,65,2,63,0,0,0,0,0,0,7,0,7,5,0,5,0,0,0,49,2,47,1,0,1,3,0,3,0,0,0
452081,342,18,324,1,0,1,2,0,2,66,1,65,26,2,24,0,0,0,161,6,155,64,4,60,21,5,16,1,0,1
452106,15,15,0,0,0,0,0,0,0,0,0,0,15,15,0,0,0,0,0,0,0,0,0,0,0,0,0,0,0,0
452124,197,53,144,0,0,0,9,3,6,86,21,65,14,5,9,0,0,0,75,20,55,6,1,5,7,3,4,0,0,0
452373,149,4,145,0,0,0,5,0,5,98,2,96,1,0,1,3,0,3,34,2,32,5,0,5,3,0,3,0,0,0
452771,44,4,40,0,0,0,2,1,1,9,1,8,3,0,3,0,0,0,25,2,23,5,0,5,0,0,0,0,0,0
452780,50,1,49,0,0,0,1,0,1,4,1,3,2,0,2,0,0,0,41,0,41,2,0,2,0,0,0,0,0,0
452887,62,59,3,0,0,0,0,0,0,3,3,0,0,0,0,0,0,0,56,53,3,1,1,0,2,2,0,0,0,0
452948,226,20,206,1,0,1,6,3,3,40,2,38,3,0,3,0,0,0,163,14,149,8,0,8,5,1,4,0,0,0
453163,675,160,515,5,1,4,5,3,2,522,112,410,15,4,11,0,0,0,89,31,58,26,5,21,11,3,8,2,1,1
453215,140,35,105,0,0,0,6,2,4,73,13,60,13,4,9,2,0,2,33,12,21,6,1,5,3,1,2,4,2,2
453297,21,10,11,0,0,0,0,0,0,3,1,2,0,0,0,0,0,0,18,9,9,0,0,0,0,0,0,0,0,0
453756,162,95,67,0,0,0,0,0,0,114,70,44,8,5,3,0,0,0,33,19,14,7,1,6,0,0,0,0,0,0
453792,61,5,56,0,0,0,0,0,0,49,4,45,0,0,0,0,0,0,12,1,11,0,0,0,0,0,0,0,0,0
454184,116,32,84,4,1,3,5,1,4,7,2,5,15,3,12,0,0,0,75,22,53,0,0,0,7,2,5,3,1,2
454227,12779,1311,11468,45,4,41,799,129,670,1970,137,1833,1465,195,1270,42,6,36,7354,722,6632,209,38,171,856,77,779,39,3,36
454236,126,13,113,0,0,0,7,1,6,30,4,26,6,0,6,0,0,0,82,8,74,1,0,1,0,0,0,0,0,0
454245,211,24,187,1,0,1,23,3,20,9,1,8,50,7,43,1,0,1,121,12,109,6,1,5,0,0,0,0,0,0
454458,30,7,23,0,0,0,0,0,0,2,1,1,9,1,8,2,1,1,17,4,13,0,0,0,0,0,0,0,0,0
454537,57,0,57,0,0,0,4,0,4,2,0,2,3,0,3,0,0,0,48,0,48,0,0,0,0,0,0,0,0,0
454546,27,1,26,0,0,0,2,0,2,12,0,12,4,1,3,0,0,0,6,0,6,1,0,1,2,0,2,0,0,0
454555,146,2,144,4,1,3,3,1,2,3,0,3,63,0,63,2,0,2,64,0,64,5,0,5,2,0,2,0,0,0
454582,81,28,53,8,5,3,1,0,1,12,5,7,6,1,5,0,0,0,48,14,34,0,0,0,6,3,3,0,0,0
454607,167,8,159,0,0,0,4,1,3,57,2,55,18,0,18,1,0,1,73,5,68,3,0,3,11,0,11,0,0,0
454616,54,46,8,1,1,0,2,2,0,3,3,0,3,2,1,0,0,0,43,36,7,0,0,0,1,1,0,1,1,0
454652,66,1,65,0,0,0,0,0,0,16,0,16,3,0,3,0,0,0,46,1,45,0,0,0,1,0,1,0,0,0
454689,81,48,33,1,0,1,7,4,3,18,11,7,2,0,2,0,0,0,37,23,14,0,0,0,16,10,6,0,0,0
454698,284,87,197,1,1,0,2,0,2,12,6,6,224,55,169,0,0,0,45,25,20,0,0,0,0,0,0,0,0,0
454722,8,1,7,0,0,0,0,0,0,0,0,0,8,1,7,0,0,0,0,0,0,0,0,0,0,0,0,0,0,0
454759,2,2,0,0,0,0,0,0,0,2,2,0,0,0,0,0,0,0,0,0,0,0,0,0,0,0,0,0,0,0
454768,115,14,101,0,0,0,7,3,4,9,1,8,68,7,61,1,0,1,17,3,14,0,0,0,13,0,13,0,0,0
454777,92,7,85,0,0,0,16,1,15,22,0,22,17,1,16,0,0,0,28,4,24,9,1,8,0,0,0,0,0,0
454786,129,78,51,1,0,1,24,17,7,14,12,2,29,13,16,10,8,2,41,21,20,0,0,0,10,7,3,0,0,0
454795,98,14,84,0,0,0,16,3,13,5,1,4,22,3,19,2,0,2,35,4,31,8,1,7,10,2,8,0,0,0
454801,53,11,42,4,1,3,5,3,2,15,2,13,16,3,13,1,0,1,11,1,10,0,0,0,1,1,0,0,0,0
454810,2358,767,1591,42,15,27,35,16,19,743,220,523,275,88,187,11,3,8,965,342,623,157,33,124,75,31,44,55,19,36
454829,2187,329,1858,19,1,18,116,28,88,363,51,312,165,33,132,15,2,13,939,120,819,46,6,40,524,88,436,0,0,0
454838,4,0,4,0,0,0,0,0,0,0,0,0,0,0,0,0,0,0,4,0,4,0,0,0,0,0,0,0,0,0
454856,444,64,380,1,0,1,28,6,22,33,3,30,52,7,45,4,1,3,269,41,228,17,1,16,35,5,30,5,0,5
454865,181,12,169,2,0,2,12,2,10,77,4,73,26,1,25,1,0,1,53,3,50,10,2,8,0,0,0,0,0,0
454874,37,2,35,0,0,0,0,0,0,2,0,2,17,2,15,0,0,0,17,0,17,0,0,0,1,0,1,0,0,0
454917,527,49,478,2,1,1,2,0,2,45,0,45,387,40,347,0,0,0,37,4,33,1,0,1,0,0,0,53,4,49
454926,105,7,98,0,0,0,3,0,3,70,4,66,9,0,9,0,0,0,19,2,17,4,1,3,0,0,0,0,0,0
454935,34,0,34,1,0,1,0,0,0,0,0,0,1,0,1,0,0,0,32,0,32,0,0,0,0,0,0,0,0,0
454944,117,22,95,0,0,0,0,0,0,0,0,0,19,9,10,1,0,1,96,13,83,1,0,1,0,0,0,0,0,0
454953,31,0,31,0,0,0,0,0,0,12,0,12,2,0,2,0,0,0,9,0,9,2,0,2,6,0,6,0,0,0
454962,29,1,28,0,0,0,0,0,0,6,0,6,7,0,7,0,0,0,16,1,15,0,0,0,0,0,0,0,0,0
454971,135,17,118,1,0,1,4,0,4,32,1,31,65,10,55,0,0,0,27,5,22,6,1,5,0,0,0,0,0,0
454980,68,1,67,0,0,0,2,0,2,21,1,20,20,0,20,0,0,0,22,0,22,3,0,3,0,0,0,0,0,0
454999,55,2,53,0,0,0,2,0,2,17,1,16,2,0,2,1,0,1,29,0,29,4,1,3,0,0,0,0,0,0
455008,108,13,95,0,0,0,4,0,4,28,6,22,23,7,16,0,0,0,38,0,38,15,0,15,0,0,0,0,0,0
455026,49,44,5,1,1,0,4,4,0,19,17,2,7,7,0,0,0,0,16,14,2,2,1,1,0,0,0,0,0,0
455062,48,2,46,0,0,0,1,0,1,10,0,10,4,0,4,0,0,0,26,1,25,4,1,3,0,0,0,3,0,3
455071,87,18,69,0,0,0,0,0,0,16,2,14,1,0,1,0,0,0,61,13,48,5,3,2,4,0,4,0,0,0
455080,161,23,138,1,0,1,0,0,0,5,1,4,7,2,5,0,0,0,145,19,126,2,1,1,1,0,1,0,0,0
455099,25,14,11,0,0,0,0,0,0,2,0,2,4,3,1,0,0,0,17,9,8,0,0,0,1,1,0,1,1,0
455105,73,0,73,0,0,0,0,0,0,17,0,17,2,0,2,1,0,1,53,0,53,0,0,0,0,0,0,0,0,0
455114,1520,658,862,17,4,13,41,18,23,19,8,11,264,109,155,11,5,6,1067,468,599,33,14,19,54,27,27,14,5,9
455141,181,5,176,0,0,0,2,0,2,56,2,54,14,1,13,0,0,0,81,2,79,27,0,27,1,0,1,0,0,0
455178,33,7,26,0,0,0,3,1,2,1,0,1,0,0,0,0,0,0,29,6,23,0,0,0,0,0,0,0,0,0
455187,232,9,223,0,0,0,0,0,0,4,2,2,167,5,162,0,0,0,6,2,4,0,0,0,0,0,0,55,0,55
455196,903,73,830,1,0,1,46,6,40,518,34,484,126,14,112,5,1,4,163,15,148,15,2,13,29,1,28,0,0,0
455202,337,49,288,0,0,0,65,12,53,46,5,41,105,15,90,3,1,2,110,16,94,4,0,4,0,0,0,4,0,4
455211,242,6,236,2,0,2,17,0,17,33,0,33,66,0,66,3,0,3,71,3,68,50,3,47,0,0,0,0,0,0
455220,56,3,53,0,0,0,0,0,0,20,2,18,17,1,16,0,0,0,19,0,19,0,0,0,0,0,0,0,0,0
455257,112,112,0,0,0,0,0,0,0,0,0,0,0,0,0,0,0,0,105,105,0,0,0,0,0,0,0,7,7,0
455275,184,4,180,0,0,0,3,0,3,61,0,61,5,0,5,0,0,0,102,4,98,12,0,12,1,0,1,0,0,0
455284,125,2,123,0,0,0,1,0,1,16,0,16,4,0,4,2,0,2,96,2,94,0,0,0,6,0,6,0,0,0
455327,35,4,31,0,0,0,0,0,0,14,2,12,8,0,8,0,0,0,13,2,11,0,0,0,0,0,0,0,0,0
455336,80,64,16,0,0,0,3,3,0,40,28,12,13,12,1,0,0,0,24,21,3,0,0,0,0,0,0,0,0,0
455354,214,6,208,1,0,1,5,0,5,8,0,8,127,4,123,1,0,1,65,1,64,5,1,4,2,0,2,0,0,0
455381,124,2,122,0,0,0,1,0,1,3,0,3,7,0,7,3,0,3,100,2,98,5,0,5,5,0,5,0,0,0
455406,137,63,74,0,0,0,19,6,13,3,0,3,8,5,3,0,0,0,94,46,48,8,3,5,3,3,0,2,0,2
455433,87,21,66,0,0,0,15,3,12,10,2,8,21,5,16,1,0,1,31,7,24,3,3,0,3,0,3,3,1,2
455460,96,19,77,1,1,0,0,0,0,73,13,60,1,1,0,0,0,0,21,4,17,0,0,0,0,0,0,0,0,0
455479,226,23,203,1,0,1,1,0,1,66,9,57,18,1,17,3,0,3,123,13,110,10,0,10,4,0,4,0,0,0
455488,177,48,129,0,0,0,2,1,1,138,36,102,3,1,2,0,0,0,32,10,22,2,0,2,0,0,0,0,0,0
455512,373,111,262,0,0,0,27,8,19,7,1,6,230,65,165,1,1,0,82,26,56,13,3,10,13,7,6,0,0,0
455558,33,13,20,0,0,0,0,0,0,25,8,17,0,0,0,0,0,0,6,4,2,0,0,0,2,1,1,0,0,0
455628,240,74,166,0,0,0,4,3,1,193,50,143,8,2,6,0,0,0,29,17,12,6,2,4,0,0,0,0,0,0
455664,691,136,555,3,0,3,36,7,29,160,26,134,115,23,92,3,0,3,292,60,232,33,6,27,32,9,23,17,5,12
455707,42,11,31,0,0,0,2,0,2,7,1,6,0,0,0,0,0,0,33,10,23,0,0,0,0,0,0,0,0,0
455725,482,15,467,9,0,9,10,0,10,63,4,59,188,6,182,4,1,3,169,3,166,31,1,30,8,0,8,0,0,0
455734,130,30,100,0,0,0,10,7,3,4,0,4,95,17,78,0,0,0,18,5,13,3,1,2,0,0,0,0,0,0
455761,297,21,276,5,2,3,17,0,17,30,7,23,62,7,55,5,0,5,79,2,77,14,0,14,85,3,82,0,0,0
455770,28,17,11,0,0,0,0,0,0,1,1,0,9,6,3,1,0,1,12,6,6,1,0,1,1,1,0,3,3,0
455798,61,5,56,0,0,0,0,0,0,6,0,6,20,2,18,0,0,0,30,3,27,0,0,0,5,0,5,0,0,0
455804,45,31,14,0,0,0,3,2,1,1,0,1,2,2,0,0,0,0,36,25,11,1,0,1,2,2,0,0,0,0
455813,17,6,11,0,0,0,0,0,0,0,0,0,3,1,2,0,0,0,10,2,8,0,0,0,0,0,0,4,3,1
455831,297,33,264,0,0,0,1,1,0,128,14,114,121,11,110,0,0,0,41,7,34,1,0,1,5,0,5,0,0,0
455859,211,6,205,0,0,0,4,0,4,6,0,6,32,1,31,1,0,1,154,4,150,12,1,11,1,0,1,1,0,1
455868,163,19,144,3,0,3,12,2,10,4,1,3,126,12,114,1,0,1,14,4,10,0,0,0,0,0,0,3,0,3
455877,105,1,104,0,0,0,2,0,2,20,0,20,18,1,17,1,0,1,54,0,54,6,0,6,4,0,4,0,0,0
455886,101,2,99,2,0,2,1,0,1,14,0,14,32,2,30,0,0,0,48,0,48,4,0,4,0,0,0,0,0,0
455895,171,16,155,3,0,3,0,0,0,73,9,64,61,6,55,0,0,0,32,1,31,0,0,0,2,0,2,0,0,0
455901,80,2,78,0,0,0,1,0,1,5,0,5,8,0,8,0,0,0,61,2,59,3,0,3,2,0,2,0,0,0
455910,44,11,33,0,0,0,0,0,0,1,0,1,1,1,0,0,0,0,42,10,32,0,0,0,0,0,0,0,0,0
455929,43,0,43,2,0,2,0,0,0,3,0,3,1,0,1,0,0,0,33,0,33,4,0,4,0,0,0,0,0,0
455965,81,3,78,0,0,0,4,1,3,1,0,1,11,1,10,0,0,0,63,1,62,2,0,2,0,0,0,0,0,0
455974,193,18,175,0,0,0,0,0,0,1,0,1,192,18,174,0,0,0,0,0,0,0,0,0,0,0,0,0,0,0
455983,268,105,163,1,1,0,144,77,67,6,3,3,31,5,26,0,0,0,58,12,46,0,0,0,20,2,18,8,5,3
455992,134,29,105,0,0,0,3,0,3,5,3,2,2,0,2,1,0,1,95,22,73,4,0,4,13,3,10,11,1,10
456001,65,60,5,0,0,0,0,0,0,2,2,0,1,1,0,0,0,0,62,57,5,0,0,0,0,0,0,0,0,0
456029,113,6,107,0,0,0,1,0,1,64,1,63,5,0,5,0,0,0,42,5,37,0,0,0,1,0,1,0,0,0
456038,355,31,324,18,1,17,4,0,4,15,4,11,122,7,115,0,0,0,165,15,150,10,1,9,20,3,17,1,0,1
456065,109,6,103,0,0,0,1,0,1,51,3,48,4,0,4,0,0,0,51,2,49,2,1,1,0,0,0,0,0,0
456074,102,3,99,0,0,0,1,0,1,17,1,16,1,0,1,2,0,2,74,1,73,6,1,5,1,0,1,0,0,0
456135,29,0,29,0,0,0,1,0,1,15,0,15,5,0,5,0,0,0,6,0,6,0,0,0,2,0,2,0,0,0
456153,38,35,3,0,0,0,0,0,0,23,20,3,2,2,0,0,0,0,12,12,0,0,0,0,1,1,0,0,0,0
456205,173,50,123,0,0,0,5,4,1,97,28,69,30,6,24,0,0,0,25,10,15,16,2,14,0,0,0,0,0,0
456214,323,187,136,2,1,1,1,1,0,48,28,20,202,118,84,0,0,0,61,33,28,2,1,1,7,5,2,0,0,0
456287,69,5,64,0,0,0,0,0,0,2,0,2,6,0,6,0,0,0,54,5,49,6,0,6,1,0,1,0,0,0
456454,213,77,136,5,2,3,13,6,7,5,2,3,52,17,35,6,4,2,122,43,79,8,3,5,2,0,2,0,0,0
456481,33,17,16,0,0,0,0,0,0,0,0,0,31,17,14,1,0,1,0,0,0,0,0,0,1,0,1,0,0,0
456490,29,21,8,0,0,0,0,0,0,1,0,1,28,21,7,0,0,0,0,0,0,0,0,0,0,0,0,0,0,0
456506,104,6,98,0,0,0,2,0,2,23,1,22,20,3,17,0,0,0,50,2,48,3,0,3,6,0,6,0,0,0
456515,36,0,36,0,0,0,1,0,1,10,0,10,3,0,3,0,0,0,18,0,18,4,0,4,0,0,0,0,0,0
456542,181,72,109,0,0,0,37,19,18,32,5,27,10,2,8,0,0,0,94,44,50,2,0,2,6,2,4,0,0,0
456551,46,0,46,1,0,1,0,0,0,4,0,4,0,0,0,0,0,0,41,0,41,0,0,0,0,0,0,0,0,0
456579,221,125,96,0,0,0,2,2,0,35,22,13,113,61,52,0,0,0,52,29,23,15,7,8,4,4,0,0,0,0
456588,33,0,33,1,0,1,2,0,2,2,0,2,26,0,26,0,0,0,0,0,0,1,0,1,1,0,1,0,0,0
456597,129,2,127,1,0,1,1,0,1,9,0,9,38,1,37,0,0,0,12,1,11,0,0,0,68,0,68,0,0,0
456621,29,9,20,0,0,0,0,0,0,3,1,2,0,0,0,0,0,0,25,8,17,1,0,1,0,0,0,0,0,0
456825,66,0,66,0,0,0,2,0,2,23,0,23,2,0,2,0,0,0,38,0,38,1,0,1,0,0,0,0,0,0
456852,234,46,188,1,0,1,2,0,2,28,8,20,140,26,114,3,2,1,50,7,43,7,3,4,2,0,2,1,0,1
456922,218,80,138,0,0,0,1,0,1,0,0,0,195,72,123,0,0,0,17,7,10,4,1,3,1,0,1,0,0,0
456931,205,110,95,0,0,0,2,1,1,7,3,4,151,79,72,0,0,0,42,26,16,3,1,2,0,0,0,0,0,0
456959,129,27,102,0,0,0,22,5,17,21,3,18,8,3,5,0,0,0,73,14,59,4,1,3,1,1,0,0,0,0
456968,306,11,295,1,0,1,7,1,6,184,6,178,37,3,34,0,0,0,63,1,62,5,0,5,4,0,4,5,0,5
456977,59,46,13,0,0,0,1,0,1,3,1,2,49,40,9,0,0,0,1,1,0,0,0,0,5,4,1,0,0,0
457031,45,1,44,0,0,0,0,0,0,1,0,1,2,0,2,0,0,0,42,1,41,0,0,0,0,0,0,0,0,0
457077,140,10,130,1,0,1,1,0,1,7,0,7,70,7,63,1,0,1,48,2,46,10,1,9,2,0,2,0,0,0
457086,136,30,106,0,0,0,49,13,36,52,12,40,33,5,28,0,0,0,2,0,2,0,0,0,0,0,0,0,0,0
457101,180,47,133,1,0,1,37,19,18,29,4,25,63,12,51,9,1,8,27,6,21,8,4,4,3,0,3,3,1,2
457110,252,39,213,2,0,2,14,4,10,6,0,6,66,9,57,2,0,2,149,23,126,5,2,3,6,1,5,2,0,2
457129,305,44,261,2,1,1,17,7,10,107,11,96,86,14,72,0,0,0,81,9,72,10,1,9,2,1,1,0,0,0
457192,19,9,10,1,0,1,0,0,0,18,9,9,0,0,0,0,0,0,0,0,0,0,0,0,0,0,0,0,0,0
457208,93,88,5,1,1,0,9,8,1,13,11,2,18,18,0,0,0,0,36,35,1,13,12,1,3,3,0,0,0,0
457226,10,5,5,0,0,0,0,0,0,2,1,1,2,0,2,0,0,0,5,3,2,1,1,0,0,0,0,0,0,0
457253,56,4,52,0,0,0,2,0,2,2,0,2,42,3,39,0,0,0,8,1,7,1,0,1,0,0,0,1,0,1
457271,10,4,6,0,0,0,0,0,0,0,0,0,0,0,0,0,0,0,10,4,6,0,0,0,0,0,0,0,0,0
457299,194,38,156,2,2,0,65,10,55,14,1,13,60,10,50,2,0,2,3,0,3,1,0,1,0,0,0,47,15,32
457314,33,5,28,0,0,0,8,0,8,3,1,2,16,3,13,0,0,0,4,1,3,2,0,2,0,0,0,0,0,0
457323,175,8,167,3,1,2,7,0,7,9,1,8,73,1,72,0,0,0,62,3,59,20,2,18,1,0,1,0,0,0
457332,26,2,24,0,0,0,1,0,1,1,0,1,1,0,1,1,0,1,22,2,20,0,0,0,0,0,0,0,0,0
457341,77,2,75,0,0,0,1,0,1,10,0,10,14,0,14,0,0,0,52,2,50,0,0,0,0,0,0,0,0,0
457350,14,0,14,0,0,0,2,0,2,2,0,2,1,0,1,0,0,0,9,0,9,0,0,0,0,0,0,0,0,0
457378,116,61,55,0,0,0,1,1,0,10,3,7,4,2,2,0,0,0,96,52,44,4,2,2,0,0,0,1,1,0
457387,114,61,53,0,0,0,0,0,0,20,9,11,63,33,30,0,0,0,26,16,10,1,0,1,0,0,0,4,3,1
457396,91,16,75,0,0,0,4,3,1,31,10,21,14,2,12,0,0,0,42,1,41,0,0,0,0,0,0,0,0,0
457402,10,1,9,0,0,0,0,0,0,9,0,9,1,1,0,0,0,0,0,0,0,0,0,0,0,0,0,0,0,0
457411,126,121,5,0,0,0,2,2,0,21,19,2,59,56,3,0,0,0,39,39,0,5,5,0,0,0,0,0,0,0
457420,151,6,145,0,0,0,0,0,0,21,0,21,45,3,42,0,0,0,80,3,77,4,0,4,1,0,1,0,0,0
457439,62,1,61,0,0,0,1,0,1,19,0,19,7,0,7,0,0,0,31,1,30,4,0,4,0,0,0,0,0,0
457448,61,1,60,0,0,0,1,0,1,9,0,9,7,0,7,0,0,0,43,1,42,1,0,1,0,0,0,0,0,0
457466,14,12,2,0,0,0,0,0,0,14,12,2,0,0,0,0,0,0,0,0,0,0,0,0,0,0,0,0,0,0
457475,76,4,72,0,0,0,2,0,2,9,0,9,14,2,12,0,0,0,49,1,48,1,0,1,1,1,0,0,0,0
457484,33,17,16,0,0,0,5,3,2,2,1,1,5,2,3,3,2,1,11,7,4,6,2,4,0,0,0,1,0,1
457493,8,1,7,0,0,0,1,0,1,0,0,0,2,1,1,0,0,0,4,0,4,0,0,0,1,0,1,0,0,0
457527,50,4,46,0,0,0,13,3,10,1,0,1,17,0,17,2,1,1,17,0,17,0,0,0,0,0,0,0,0,0
457536,189,24,165,1,0,1,5,1,4,67,3,64,44,7,37,1,0,1,27,5,22,3,1,2,10,1,9,31,6,25
457545,61,3,58,0,0,0,1,0,1,7,0,7,1,0,1,0,0,0,52,3,49,0,0,0,0,0,0,0,0,0
457554,14,1,13,0,0,0,0,0,0,0,0,0,0,0,0,0,0,0,14,1,13,0,0,0,0,0,0,0,0,0
457563,229,5,224,0,0,0,1,0,1,25,0,25,11,0,11,0,0,0,185,5,180,7,0,7,0,0,0,0,0,0
457572,96,2,94,0,0,0,0,0,0,1,0,1,2,0,2,0,0,0,91,2,89,1,0,1,1,0,1,0,0,0
457581,141,5,136,1,0,1,3,0,3,4,0,4,24,3,21,1,0,1,101,1,100,6,1,5,0,0,0,1,0,1
457606,135,16,119,0,0,0,76,16,60,45,0,45,5,0,5,0,0,0,8,0,8,1,0,1,0,0,0,0,0,0
457615,19,0,19,0,0,0,0,0,0,3,0,3,2,0,2,0,0,0,13,0,13,1,0,1,0,0,0,0,0,0
457624,23,0,23,0,0,0,1,0,1,6,0,6,5,0,5,0,0,0,11,0,11,0,0,0,0,0,0,0,0,0
457633,174,1,173,1,0,1,2,0,2,77,1,76,11,0,11,3,0,3,70,0,70,8,0,8,2,0,2,0,0,0
457642,50,1,49,0,0,0,2,0,2,12,0,12,3,0,3,0,0,0,30,1,29,3,0,3,0,0,0,0,0,0
457679,17,3,14,0,0,0,4,1,3,0,0,0,4,2,2,0,0,0,9,0,9,0,0,0,0,0,0,0,0,0
457688,100,77,23,0,0,0,2,1,1,22,16,6,17,15,2,2,2,0,42,35,7,4,0,4,11,8,3,0,0,0
457697,41,16,25,0,0,0,0,0,0,7,3,4,1,0,1,0,0,0,32,13,19,1,0,1,0,0,0,0,0,0
457721,19,0,19,0,0,0,0,0,0,0,0,0,1,0,1,0,0,0,18,0,18,0,0,0,0,0,0,0,0,0
457749,81,10,71,8,2,6,0,0,0,1,0,1,3,1,2,0,0,0,57,3,54,12,4,8,0,0,0,0,0,0
457767,71,38,33,0,0,0,0,0,0,56,31,25,14,7,7,0,0,0,0,0,0,1,0,1,0,0,0,0,0,0
457776,92,4,88,4,0,4,0,0,0,1,0,1,43,3,40,0,0,0,33,0,33,11,1,10,0,0,0,0,0,0
457785,96,1,95,3,0,3,1,1,0,2,0,2,47,0,47,0,0,0,39,0,39,4,0,4,0,0,0,0,0,0
457794,94,4,90,0,0,0,38,1,37,2,0,2,2,1,1,0,0,0,52,2,50,0,0,0,0,0,0,0,0,0
457800,226,8,218,0,0,0,96,5,91,38,2,36,67,1,66,0,0,0,15,0,15,10,0,10,0,0,0,0,0,0
457819,335,154,181,1,1,0,29,16,13,32,15,17,79,43,36,1,0,1,156,69,87,6,1,5,6,2,4,25,7,18
457837,134,10,124,1,0,1,1,0,1,35,1,34,7,1,6,0,0,0,83,8,75,6,0,6,1,0,1,0,0,0
457846,44,12,32,2,1,1,0,0,0,2,0,2,3,1,2,0,0,0,35,10,25,1,0,1,1,0,1,0,0,0
457855,23,2,21,0,0,0,0,0,0,1,0,1,4,0,4,0,0,0,14,2,12,0,0,0,4,0,4,0,0,0
457873,135,78,57,0,0,0,0,0,0,2,0,2,9,4,5,0,0,0,122,73,49,2,1,1,0,0,0,0,0,0
457916,67,0,67,0,0,0,2,0,2,9,0,9,6,0,6,0,0,0,46,0,46,4,0,4,0,0,0,0,0,0
457925,7,2,5,0,0,0,0,0,0,0,0,0,1,0,1,0,0,0,5,2,3,1,0,1,0,0,0,0,0,0
457943,36,8,28,0,0,0,0,0,0,0,0,0,0,0,0,0,0,0,36,8,28,0,0,0,0,0,0,0,0,0
457952,115,3,112,0,0,0,3,0,3,5,0,5,22,1,21,1,0,1,65,2,63,6,0,6,13,0,13,0,0,0
457989,14,0,14,0,0,0,0,0,0,13,0,13,0,0,0,0,0,0,1,0,1,0,0,0,0,0,0,0,0,0
457998,16,0,16,0,0,0,0,0,0,6,0,6,0,0,0,0,0,0,10,0,10,0,0,0,0,0,0,0,0,0
458007,24,0,24,0,0,0,0,0,0,0,0,0,4,0,4,0,0,0,20,0,20,0,0,0,0,0,0,0,0,0
458034,14,3,11,0,0,0,4,0,4,2,0,2,4,3,1,0,0,0,4,0,4,0,0,0,0,0,0,0,0,0
458043,80,0,80,0,0,0,3,0,3,15,0,15,17,0,17,0,0,0,41,0,41,4,0,4,0,0,0,0,0,0
458061,61,10,51,0,0,0,42,8,34,3,0,3,13,2,11,0,0,0,3,0,3,0,0,0,0,0,0,0,0,0
458070,253,20,233,2,0,2,3,0,3,37,4,33,78,9,69,1,0,1,103,2,101,23,3,20,5,1,4,1,1,0
458098,99,2,97,0,0,0,5,0,5,8,0,8,21,1,20,0,0,0,54,1,53,10,0,10,1,0,1,0,0,0
458104,93,1,92,0,0,0,1,0,1,0,0,0,16,0,16,1,0,1,69,0,69,4,0,4,2,1,1,0,0,0
458113,6,3,3,0,0,0,0,0,0,4,1,3,0,0,0,0,0,0,2,2,0,0,0,0,0,0,0,0,0,0
458122,22,0,22,0,0,0,2,0,2,3,0,3,4,0,4,0,0,0,13,0,13,0,0,0,0,0,0,0,0,0
458131,51,1,50,1,0,1,3,0,3,2,0,2,5,0,5,0,0,0,31,1,30,4,0,4,5,0,5,0,0,0
458140,27,18,9,1,1,0,0,0,0,0,0,0,0,0,0,0,0,0,22,15,7,2,0,2,1,1,0,1,1,0
458168,47,3,44,0,0,0,3,1,2,0,0,0,5,0,5,0,0,0,35,2,33,3,0,3,1,0,1,0,0,0
458210,1595,329,1266,5,0,5,609,151,458,97,19,78,340,70,270,51,13,38,380,56,324,94,19,75,19,1,18,0,0,0
458229,698,142,556,5,0,5,172,53,119,42,9,33,193,27,166,26,11,15,173,31,142,61,8,53,26,3,23,0,0,0
458274,85,10,75,0,0,0,0,0,0,21,1,20,32,8,24,0,0,0,29,1,28,1,0,1,2,0,2,0,0,0
458405,219,120,99,13,6,7,1,0,1,138,78,60,11,5,6,1,1,0,32,23,9,21,6,15,2,1,1,0,0,0
458423,89,17,72,0,0,0,5,0,5,5,2,3,66,11,55,0,0,0,13,4,9,0,0,0,0,0,0,0,0,0
458441,155,18,137,0,0,0,0,0,0,116,10,106,4,2,2,1,0,1,21,2,19,12,4,8,1,0,1,0,0,0
458496,58,25,33,1,1,0,1,0,1,22,11,11,5,4,1,1,1,0,25,8,17,0,0,0,3,0,3,0,0,0
458681,131,28,103,0,0,0,7,3,4,78,11,67,9,1,8,0,0,0,31,12,19,4,0,4,2,1,1,0,0,0
458803,58,0,58,0,0,0,0,0,0,49,0,49,0,0,0,0,0,0,1,0,1,2,0,2,6,0,6,0,0,0
458812,51,2,49,0,0,0,1,0,1,17,1,16,7,1,6,1,0,1,20,0,20,3,0,3,2,0,2,0,0,0
458821,15,0,15,0,0,0,0,0,0,14,0,14,0,0,0,0,0,0,1,0,1,0,0,0,0,0,0,0,0,0
458830,56,4,52,0,0,0,0,0,0,41,2,39,2,1,1,0,0,0,10,1,9,3,0,3,0,0,0,0,0,0
458858,34,2,32,0,0,0,0,0,0,21,1,20,1,0,1,0,0,0,1,0,1,0,0,0,11,1,10,0,0,0
458867,71,1,70,0,0,0,0,0,0,50,1,49,0,0,0,0,0,0,1,0,1,1,0,1,19,0,19,0,0,0
458885,35,8,27,0,0,0,0,0,0,25,4,21,0,0,0,0,0,0,8,3,5,1,1,0,1,0,1,0,0,0
458919,1064,274,790,5,2,3,4,2,2,840,206,634,35,14,21,2,0,2,118,40,78,36,3,33,21,6,15,3,1,2
458955,40,9,31,0,0,0,0,0,0,37,8,29,0,0,0,0,0,0,1,1,0,1,0,1,1,0,1,0,0,0
458964,387,98,289,2,0,2,0,0,0,277,63,214,12,4,8,0,0,0,74,26,48,11,1,10,11,4,7,0,0,0
458973,377,117,260,0,0,0,6,2,4,222,57,165,62,21,41,0,0,0,63,32,31,15,4,11,4,0,4,5,1,4
458982,73,39,34,1,1,0,1,1,0,10,6,4,34,15,19,0,0,0,21,12,9,1,1,0,2,1,1,3,2,1
459000,19,0,19,0,0,0,0,0,0,14,0,14,0,0,0,0,0,0,0,0,0,0,0,0,5,0,5,0,0,0
459019,29,2,27,0,0,0,0,0,0,25,2,23,1,0,1,0,0,0,1,0,1,1,0,1,1,0,1,0,0,0
459046,20,3,17,0,0,0,0,0,0,13,2,11,2,0,2,0,0,0,4,1,3,0,0,0,1,0,1,0,0,0
459055,39,0,39,0,0,0,2,0,2,21,0,21,8,0,8,0,0,0,6,0,6,1,0,1,1,0,1,0,0,0
459064,29,1,28,0,0,0,0,0,0,19,0,19,2,0,2,0,0,0,6,1,5,1,0,1,1,0,1,0,0,0
459116,54,5,49,1,1,0,0,0,0,6,1,5,21,0,21,1,0,1,25,3,22,0,0,0,0,0,0,0,0,0
459125,11,0,11,0,0,0,0,0,0,2,0,2,4,0,4,0,0,0,4,0,4,1,0,1,0,0,0,0,0,0
459170,198,6,192,0,0,0,12,0,12,8,0,8,77,2,75,2,0,2,57,4,53,37,0,37,5,0,5,0,0,0
459189,96,0,96,0,0,0,6,0,6,14,0,14,47,0,47,1,0,1,15,0,15,4,0,4,2,0,2,7,0,7
459198,75,12,63,0,0,0,2,1,1,2,0,2,22,7,15,0,0,0,47,4,43,2,0,2,0,0,0,0,0,0
459204,1808,289,1519,7,1,6,384,79,305,82,10,72,357,38,319,36,9,27,101,20,81,20,2,18,814,128,686,7,2,5
459213,1443,246,1197,8,0,8,486,109,377,87,11,76,382,53,329,22,3,19,294,46,248,104,15,89,60,9,51,0,0,0
459231,52,7,45,1,0,1,2,0,2,3,1,2,16,3,13,1,0,1,16,1,15,10,1,9,1,1,0,2,0,2
459259,115,20,95,1,0,1,10,2,8,34,5,29,14,4,10,1,0,1,53,9,44,0,0,0,2,0,2,0,0,0
459268,104,14,90,1,1,0,5,3,2,46,7,39,9,0,9,2,0,2,40,3,37,0,0,0,1,0,1,0,0,0
459277,246,8,238,6,1,5,5,0,5,10,0,10,45,1,44,0,0,0,151,5,146,28,1,27,1,0,1,0,0,0
459286,123,10,113,0,0,0,2,0,2,10,0,10,15,2,13,0,0,0,66,7,59,2,0,2,28,1,27,0,0,0
459295,57,0,57,0,0,0,1,0,1,4,0,4,11,0,11,1,0,1,33,0,33,6,0,6,1,0,1,0,0,0
459301,56,2,54,0,0,0,0,0,0,21,1,20,7,0,7,0,0,0,25,1,24,0,0,0,2,0,2,1,0,1
459310,32,8,24,0,0,0,0,0,0,5,0,5,27,8,19,0,0,0,0,0,0,0,0,0,0,0,0,0,0,0
459329,133,60,73,0,0,0,2,1,1,6,2,4,22,5,17,0,0,0,100,52,48,2,0,2,0,0,0,1,0,1
459347,84,0,84,2,0,2,2,0,2,5,0,5,12,0,12,0,0,0,60,0,60,3,0,3,0,0,0,0,0,0
459374,128,1,127,0,0,0,2,0,2,25,0,25,28,1,27,0,0,0,70,0,70,3,0,3,0,0,0,0,0,0
459392,132,1,131,0,0,0,0,0,0,5,0,5,4,0,4,1,0,1,121,1,120,1,0,1,0,0,0,0,0,0
459408,35,1,34,0,0,0,0,0,0,5,1,4,0,0,0,0,0,0,30,0,30,0,0,0,0,0,0,0,0,0
459417,21,20,1,0,0,0,0,0,0,0,0,0,2,2,0,0,0,0,19,18,1,0,0,0,0,0,0,0,0,0
459426,119,4,115,0,0,0,10,1,9,4,0,4,21,2,19,0,0,0,79,1,78,3,0,3,2,0,2,0,0,0
459462,208,181,27,3,3,0,3,2,1,76,68,8,67,58,9,0,0,0,39,32,7,17,15,2,3,3,0,0,0,0
459499,25,4,21,1,0,1,0,0,0,0,0,0,0,0,0,0,0,0,24,4,20,0,0,0,0,0,0,0,0,0
459514,92,9,83,0,0,0,0,0,0,33,6,27,47,3,44,0,0,0,11,0,11,0,0,0,1,0,1,0,0,0
459523,129,18,111,0,0,0,66,17,49,38,0,38,18,0,18,0,0,0,7,1,6,0,0,0,0,0,0,0,0,0
459532,50,1,49,0,0,0,0,0,0,0,0,0,50,1,49,0,0,0,0,0,0,0,0,0,0,0,0,0,0,0
459541,18,1,17,0,0,0,0,0,0,0,0,0,0,0,0,0,0,0,17,1,16,1,0,1,0,0,0,0,0,0
459550,100,1,99,0,0,0,5,0,5,3,0,3,7,0,7,1,0,1,66,1,65,15,0,15,3,0,3,0,0,0
459578,33,7,26,0,0,0,0,0,0,11,3,8,5,2,3,0,0,0,16,2,14,0,0,0,1,0,1,0,0,0
459727,731,198,533,2,1,1,57,18,39,130,20,110,66,18,48,4,3,1,277,78,199,64,14,50,131,46,85,0,0,0
459736,379,127,252,0,0,0,165,57,108,12,2,10,39,18,21,0,0,0,121,40,81,14,3,11,28,7,21,0,0,0
459745,182,29,153,0,0,0,3,0,3,59,8,51,21,2,19,0,0,0,74,16,58,7,1,6,15,2,13,3,0,3
459824,452,177,275,2,0,2,148,59,89,25,7,18,42,16,26,1,0,1,193,76,117,29,12,17,12,7,5,0,0,0
459842,301,46,255,1,0,1,32,6,26,39,6,33,76,15,61,2,2,0,145,17,128,4,0,4,2,0,2,0,0,0
459851,228,27,201,3,1,2,14,2,12,44,6,38,24,2,22,0,0,0,129,14,115,4,0,4,10,2,8,0,0,0
459949,1539,580,959,6,2,4,30,16,14,75,36,39,1090,379,711,1,0,1,293,126,167,24,10,14,10,2,8,10,9,1
459958,238,49,189,2,0,2,1,0,1,86,21,65,127,23,104,1,0,1,11,2,9,3,2,1,7,1,6,0,0,0
459967,489,204,285,0,0,0,2,1,1,1,1,0,383,164,219,0,0,0,102,38,64,0,0,0,1,0,1,0,0,0
459985,436,246,190,0,0,0,0,0,0,3,1,2,333,193,140,2,2,0,98,50,48,0,0,0,0,0,0,0,0,0
459994,2517,986,1531,13,3,10,123,80,43,971,264,707,237,107,130,5,2,3,991,474,517,93,26,67,81,27,54,3,3,0
460011,99,2,97,0,0,0,0,0,0,53,0,53,0,0,0,0,0,0,46,2,44,0,0,0,0,0,0,0,0,0
460020,213,45,168,1,1,0,1,0,1,159,36,123,4,2,2,1,1,0,44,5,39,2,0,2,1,0,1,0,0,0
460093,45,5,40,1,0,1,0,0,0,3,0,3,3,0,3,0,0,0,35,5,30,2,0,2,1,0,1,0,0,0
460109,96,2,94,1,1,0,1,0,1,26,0,26,22,0,22,0,0,0,35,0,35,4,1,3,7,0,7,0,0,0
460118,99,3,96,0,0,0,1,0,1,30,1,29,9,0,9,0,0,0,44,2,42,8,0,8,7,0,7,0,0,0
460127,98,7,91,0,0,0,1,0,1,33,1,32,6,0,6,0,0,0,49,5,44,2,0,2,7,1,6,0,0,0
460136,597,58,539,1,0,1,41,9,32,80,9,71,342,28,314,0,0,0,118,12,106,10,0,10,5,0,5,0,0,0
460145,156,98,58,0,0,0,0,0,0,128,78,50,11,8,3,0,0,0,5,3,2,12,9,3,0,0,0,0,0,0
460172,381,356,25,1,0,1,1,1,0,30,28,2,256,241,15,4,4,0,79,74,5,7,6,1,3,2,1,0,0,0
460181,316,31,285,0,0,0,6,1,5,37,4,33,56,5,51,1,0,1,15,1,14,0,0,0,201,20,181,0,0,0
460190,230,29,201,2,0,2,0,0,0,74,8,66,84,12,72,0,0,0,19,2,17,1,0,1,50,7,43,0,0,0
460206,431,59,372,1,0,1,8,5,3,24,4,20,248,34,214,3,0,3,51,5,46,0,0,0,96,11,85,0,0,0
460349,564,167,397,3,0,3,19,5,14,105,29,76,53,14,39,0,0,0,339,108,231,14,3,11,28,6,22,3,2,1
460376,49,23,26,0,0,0,4,4,0,2,1,1,1,1,0,0,0,0,2,2,0,0,0,0,0,0,0,40,15,25
460385,26,5,21,0,0,0,1,1,0,0,0,0,0,0,0,0,0,0,24,4,20,1,0,1,0,0,0,0,0,0
460394,1188,504,684,4,4,0,58,28,30,92,23,69,801,317,484,4,1,3,197,122,75,26,6,20,5,3,2,1,0,1
460455,28,4,24,0,0,0,0,0,0,4,0,4,1,0,1,0,0,0,23,4,19,0,0,0,0,0,0,0,0,0
460464,1310,550,760,3,0,3,115,45,70,73,28,45,747,304,443,6,5,1,336,152,184,19,7,12,6,5,1,5,4,1
460482,98,8,90,1,0,1,1,0,1,55,3,52,5,0,5,0,0,0,32,3,29,4,2,2,0,0,0,0,0,0
460516,65,1,64,0,0,0,0,0,0,3,1,2,50,0,50,0,0,0,7,0,7,2,0,2,3,0,3,0,0,0
460525,86,6,80,0,0,0,0,0,0,0,0,0,54,4,50,1,0,1,31,2,29,0,0,0,0,0,0,0,0,0
460534,234,6,228,2,0,2,1,0,1,13,1,12,200,5,195,0,0,0,15,0,15,2,0,2,1,0,1,0,0,0
460543,810,787,23,6,6,0,16,15,1,59,55,4,401,396,5,4,4,0,267,256,11,47,45,2,10,10,0,0,0,0
460677,166,51,115,0,0,0,0,0,0,0,0,0,166,51,115,0,0,0,0,0,0,0,0,0,0,0,0,0,0,0
460701,114,9,105,0,0,0,1,0,1,34,2,32,40,4,36,0,0,0,35,2,33,4,1,3,0,0,0,0,0,0
460738,1052,99,953,37,5,32,52,7,45,129,19,110,41,4,37,4,0,4,695,55,640,29,3,26,65,6,59,0,0,0
460756,215,14,201,0,0,0,51,5,46,2,1,1,10,0,10,37,1,36,6,3,3,38,2,36,41,1,40,30,1,29
460765,19,1,18,0,0,0,0,0,0,1,0,1,4,1,3,0,0,0,14,0,14,0,0,0,0,0,0,0,0,0
460808,15,2,13,3,0,3,0,0,0,0,0,0,1,0,1,0,0,0,11,2,9,0,0,0,0,0,0,0,0,0
460817,186,98,88,2,0,2,4,4,0,46,17,29,23,16,7,0,0,0,95,52,43,15,9,6,1,0,1,0,0,0
460826,244,112,132,2,1,1,0,0,0,183,82,101,3,1,2,0,0,0,40,24,16,9,1,8,7,3,4,0,0,0
460835,273,127,146,3,1,2,0,0,0,154,74,80,7,1,6,0,0,0,97,47,50,10,3,7,2,1,1,0,0,0
460862,134,11,123,2,0,2,1,0,1,5,0,5,20,3,17,1,0,1,78,4,74,9,1,8,17,3,14,1,0,1
460871,154,18,136,0,0,0,15,1,14,75,10,65,26,3,23,0,0,0,33,4,29,3,0,3,1,0,1,1,0,1
460914,288,2,286,2,0,2,8,0,8,4,0,4,20,0,20,1,0,1,121,0,121,16,1,15,116,1,115,0,0,0
460932,49,1,48,0,0,0,2,0,2,8,0,8,1,0,1,0,0,0,38,1,37,0,0,0,0,0,0,0,0,0
460969,230,23,207,0,0,0,0,0,0,8,1,7,219,22,197,0,0,0,3,0,3,0,0,0,0,0,0,0,0,0
460978,253,1,252,6,0,6,0,0,0,106,0,106,51,0,51,1,0,1,68,1,67,17,0,17,4,0,4,0,0,0
460987,113,2,111,0,0,0,0,0,0,27,0,27,8,0,8,0,0,0,77,2,75,0,0,0,1,0,1,0,0,0
460996,96,1,95,0,0,0,0,0,0,14,0,14,2,0,2,0,0,0,78,1,77,2,0,2,0,0,0,0,0,0
461014,394,35,359,0,0,0,9,0,9,275,27,248,71,4,67,0,0,0,7,2,5,0,0,0,32,2,30,0,0,0
461023,226,21,205,1,0,1,0,0,0,10,1,9,11,0,11,0,0,0,72,10,62,0,0,0,132,10,122,0,0,0
461032,40,15,25,1,0,1,0,0,0,25,7,18,2,0,2,0,0,0,12,8,4,0,0,0,0,0,0,0,0,0
461087,603,298,305,153,66,87,7,2,5,7,3,4,27,11,16,1,0,1,310,166,144,97,49,48,1,1,0,0,0,0
461111,35,28,7,0,0,0,0,0,0,7,6,1,16,14,2,0,0,0,10,6,4,0,0,0,2,2,0,0,0,0
461120,3,1,2,0,0,0,0,0,0,3,1,2,0,0,0,0,0,0,0,0,0,0,0,0,0,0,0,0,0,0
461139,17,3,14,0,0,0,1,0,1,1,0,1,0,0,0,1,0,1,13,3,10,1,0,1,0,0,0,0,0,0
461148,608,293,315,0,0,0,6,3,3,45,26,19,26,15,11,0,0,0,57,32,25,7,2,5,125,73,52,342,142,200
461175,110,10,100,7,0,7,77,8,69,5,0,5,6,0,6,0,0,0,5,1,4,1,0,1,4,1,3,5,0,5
461193,193,4,189,0,0,0,1,0,1,21,0,21,0,0,0,0,0,0,169,4,165,1,0,1,1,0,1,0,0,0
461218,343,26,317,0,0,0,0,0,0,114,7,107,12,0,12,0,0,0,217,19,198,0,0,0,0,0,0,0,0,0
461245,113,36,77,0,0,0,1,0,1,21,10,11,25,4,21,0,0,0,63,22,41,2,0,2,0,0,0,1,0,1
461254,28,8,20,0,0,0,0,0,0,0,0,0,1,0,1,0,0,0,21,8,13,6,0,6,0,0,0,0,0,0
461263,24,4,20,0,0,0,1,1,0,0,0,0,8,1,7,0,0,0,15,2,13,0,0,0,0,0,0,0,0,0
461272,55,0,55,0,0,0,0,0,0,1,0,1,7,0,7,2,0,2,44,0,44,1,0,1,0,0,0,0,0,0
461281,19,3,16,0,0,0,0,0,0,0,0,0,16,1,15,0,0,0,2,1,1,0,0,0,0,0,0,1,1,0
461306,23,6,17,0,0,0,0,0,0,15,3,12,5,2,3,0,0,0,0,0,0,2,1,1,0,0,0,1,0,1
461315,27,4,23,8,0,8,0,0,0,0,0,0,0,0,0,0,0,0,18,3,15,1,1,0,0,0,0,0,0,0
461324,486,121,365,0,0,0,0,0,0,51,18,33,56,27,29,0,0,0,352,70,282,0,0,0,27,6,21,0,0,0
461333,13,12,1,0,0,0,1,1,0,1,1,0,0,0,0,1,1,0,5,5,0,0,0,0,0,0,0,5,4,1
461342,137,0,137,0,0,0,0,0,0,0,0,0,12,0,12,1,0,1,124,0,124,0,0,0,0,0,0,0,0,0
461379,11,0,11,0,0,0,1,0,1,3,0,3,0,0,0,0,0,0,7,0,7,0,0,0,0,0,0,0,0,0
461388,46,12,34,0,0,0,0,0,0,3,2,1,4,1,3,0,0,0,36,7,29,3,2,1,0,0,0,0,0,0
461412,152,39,113,0,0,0,15,6,9,57,14,43,17,5,12,0,0,0,44,8,36,16,5,11,3,1,2,0,0,0
461421,62,2,60,0,0,0,0,0,0,7,0,7,4,0,4,0,0,0,49,2,47,1,0,1,1,0,1,0,0,0
461430,425,389,36,4,4,0,26,26,0,65,58,7,171,157,14,13,13,0,138,123,15,5,5,0,3,3,0,0,0,0
461485,39,31,8,0,0,0,1,0,1,2,0,2,2,1,1,0,0,0,31,27,4,0,0,0,0,0,0,3,3,0
461494,115,20,95,2,1,1,2,0,2,4,1,3,12,4,8,1,1,0,85,11,74,7,1,6,2,1,1,0,0,0
461500,7,1,6,1,0,1,0,0,0,0,0,0,6,1,5,0,0,0,0,0,0,0,0,0,0,0,0,0,0,0
461528,33,16,17,0,0,0,1,0,1,4,2,2,5,3,2,1,1,0,18,9,9,3,1,2,0,0,0,1,0,1
461537,10,0,10,0,0,0,0,0,0,0,0,0,0,0,0,0,0,0,10,0,10,0,0,0,0,0,0,0,0,0
461555,70,4,66,0,0,0,0,0,0,3,0,3,49,3,46,0,0,0,17,1,16,0,0,0,1,0,1,0,0,0
461573,52,51,1,0,0,0,1,1,0,16,15,1,3,3,0,0,0,0,32,32,0,0,0,0,0,0,0,0,0,0
461582,108,1,107,2,0,2,5,0,5,19,0,19,40,1,39,0,0,0,33,0,33,0,0,0,7,0,7,2,0,2
461591,56,0,56,2,0,2,13,0,13,2,0,2,4,0,4,15,0,15,9,0,9,11,0,11,0,0,0,0,0,0
461607,61,7,54,0,0,0,1,1,0,7,1,6,23,2,21,2,0,2,11,1,10,0,0,0,17,2,15,0,0,0
461625,25,23,2,0,0,0,0,0,0,0,0,0,25,23,2,0,0,0,0,0,0,0,0,0,0,0,0,0,0,0
461643,28,4,24,0,0,0,5,2,3,0,0,0,3,1,2,0,0,0,15,0,15,2,0,2,2,1,1,1,0,1
461652,56,1,55,1,0,1,3,0,3,2,0,2,8,0,8,0,0,0,38,1,37,4,0,4,0,0,0,0,0,0
461689,258,28,230,3,0,3,5,1,4,36,3,33,116,11,105,3,0,3,79,12,67,15,1,14,1,0,1,0,0,0
461704,146,21,125,4,1,3,3,1,2,2,2,0,4,1,3,0,0,0,127,14,113,6,2,4,0,0,0,0,0,0
461713,66,0,66,0,0,0,2,0,2,1,0,1,37,0,37,0,0,0,24,0,24,0,0,0,2,0,2,0,0,0
461722,24,2,22,0,0,0,0,0,0,1,0,1,1,0,1,0,0,0,22,2,20,0,0,0,0,0,0,0,0,0
461740,14,11,3,0,0,0,0,0,0,11,9,2,2,2,0,0,0,0,0,0,0,0,0,0,1,0,1,0,0,0
461759,21,6,15,0,0,0,0,0,0,21,6,15,0,0,0,0,0,0,0,0,0,0,0,0,0,0,0,0,0,0
461768,251,9,242,0,0,0,16,0,16,73,1,72,86,4,82,0,0,0,50,3,47,20,1,19,6,0,6,0,0,0
461786,16,0,16,0,0,0,0,0,0,0,0,0,2,0,2,0,0,0,14,0,14,0,0,0,0,0,0,0,0,0
461795,244,141,103,0,0,0,7,2,5,8,5,3,15,4,11,0,0,0,62,34,28,1,0,1,12,7,5,139,89,50
461810,40,14,26,0,0,0,34,13,21,0,0,0,1,1,0,0,0,0,5,0,5,0,0,0,0,0,0,0,0,0
461829,177,19,158,0,0,0,35,1,34,15,5,10,65,7,58,0,0,0,50,5,45,3,0,3,9,1,8,0,0,0
461838,272,3,269,3,0,3,8,1,7,82,1,81,72,1,71,0,0,0,93,0,93,1,0,1,13,0,13,0,0,0
461847,16,16,0,0,0,0,0,0,0,0,0,0,0,0,0,0,0,0,16,16,0,0,0,0,0,0,0,0,0,0
461856,225,77,148,3,2,1,18,8,10,31,9,22,100,31,69,2,2,0,42,13,29,4,1,3,25,11,14,0,0,0
461865,61,4,57,0,0,0,0,0,0,60,4,56,1,0,1,0,0,0,0,0,0,0,0,0,0,0,0,0,0,0
461874,41,3,38,0,0,0,0,0,0,1,1,0,10,2,8,0,0,0,29,0,29,1,0,1,0,0,0,0,0,0
461883,78,40,38,0,0,0,0,0,0,0,0,0,3,1,2,0,0,0,0,0,0,0,0,0,0,0,0,75,39,36
461892,93,8,85,1,0,1,5,0,5,71,6,65,2,0,2,0,0,0,13,2,11,0,0,0,1,0,1,0,0,0
461908,42,1,41,0,0,0,2,0,2,7,0,7,15,0,15,0,0,0,17,1,16,1,0,1,0,0,0,0,0,0
461917,101,5,96,0,0,0,0,0,0,3,0,3,6,0,6,1,0,1,88,5,83,0,0,0,3,0,3,0,0,0
461926,114,3,111,1,0,1,2,0,2,0,0,0,11,1,10,1,0,1,91,2,89,6,0,6,2,0,2,0,0,0
461944,47,1,46,1,0,1,2,0,2,9,0,9,2,0,2,0,0,0,26,0,26,5,0,5,2,1,1,0,0,0
461953,37,2,35,0,0,0,0,0,0,1,0,1,6,0,6,0,0,0,30,2,28,0,0,0,0,0,0,0,0,0
461962,203,93,110,2,1,1,3,0,3,10,6,4,0,0,0,2,0,2,184,86,98,0,0,0,2,0,2,0,0,0
461999,76,0,76,0,0,0,3,0,3,27,0,27,2,0,2,0,0,0,44,0,44,0,0,0,0,0,0,0,0,0
462008,110,7,103,0,0,0,7,1,6,12,2,10,22,2,20,8,0,8,48,1,47,13,1,12,0,0,0,0,0,0
462017,66,7,59,0,0,0,0,0,0,2,1,1,7,2,5,0,0,0,54,3,51,3,1,2,0,0,0,0,0,0
462035,298,116,182,1,1,0,2,2,0,38,19,19,106,36,70,1,0,1,138,51,87,9,4,5,2,2,0,1,1,0
462044,7,2,5,0,0,0,0,0,0,0,0,0,0,0,0,0,0,0,7,2,5,0,0,0,0,0,0,0,0,0
462053,57,4,53,0,0,0,1,1,0,29,2,27,22,0,22,0,0,0,4,1,3,1,0,1,0,0,0,0,0,0
462062,83,2,81,1,0,1,5,0,5,6,0,6,37,1,36,2,0,2,29,1,28,1,0,1,1,0,1,1,0,1
462071,59,19,40,1,1,0,0,0,0,0,0,0,3,2,1,0,0,0,48,11,37,5,3,2,2,2,0,0,0,0
462336,61,0,61,1,0,1,8,0,8,2,0,2,6,0,6,0,0,0,41,0,41,0,0,0,3,0,3,0,0,0
462345,22,0,22,0,0,0,0,0,0,3,0,3,3,0,3,0,0,0,15,0,15,1,0,1,0,0,0,0,0,0
462354,72,29,43,0,0,0,2,1,1,0,0,0,17,5,12,0,0,0,39,16,23,3,2,1,8,3,5,3,2,1
464226,145,84,61,1,0,1,2,0,2,15,9,6,28,19,9,1,1,0,89,50,39,3,1,2,6,4,2,0,0,0
466921,133,10,123,1,0,1,3,0,3,18,2,16,5,0,5,0,0,0,96,7,89,3,0,3,7,1,6,0,0,0
466930,248,31,217,2,0,2,49,12,37,87,9,78,49,4,45,0,0,0,47,5,42,4,0,4,8,1,7,2,0,2
467094,209,3,206,0,0,0,3,0,3,40,1,39,6,1,5,0,0,0,152,1,151,8,0,8,0,0,0,0,0,0
467368,39,4,35,0,0,0,3,0,3,0,0,0,27,2,25,1,0,1,8,2,6,0,0,0,0,0,0,0,0,0
467863,91,12,79,0,0,0,1,0,1,38,7,31,8,2,6,0,0,0,41,3,38,2,0,2,1,0,1,0,0,0
467872,98,7,91,1,1,0,0,0,0,15,1,14,11,1,10,0,0,0,66,4,62,5,0,5,0,0,0,0,0,0
467906,48,2,46,0,0,0,1,0,1,6,0,6,1,0,1,1,0,1,39,2,37,0,0,0,0,0,0,0,0,0
468246,117,10,107,0,0,0,0,0,0,3,1,2,9,1,8,1,0,1,91,8,83,13,0,13,0,0,0,0,0,0
468255,63,2,61,1,0,1,3,0,3,1,0,1,7,1,6,0,0,0,44,1,43,5,0,5,2,0,2,0,0,0
468291,71,6,65,1,0,1,1,0,1,1,0,1,57,6,51,0,0,0,10,0,10,1,0,1,0,0,0,0,0,0
468769,132,119,13,0,0,0,0,0,0,0,0,0,131,118,13,0,0,0,1,1,0,0,0,0,0,0,0,0,0,0
468848,424,177,247,1,1,0,4,0,4,12,10,2,116,44,72,3,2,1,18,8,10,5,2,3,265,110,155,0,0,0
468893,76,6,70,0,0,0,8,1,7,23,3,20,4,0,4,0,0,0,38,2,36,0,0,0,3,0,3,0,0,0
468909,467,195,272,2,0,2,10,7,3,11,9,2,234,81,153,2,2,0,18,7,11,1,0,1,189,89,100,0,0,0
468963,478,452,26,1,1,0,3,3,0,81,79,2,212,204,8,1,1,0,151,149,2,7,7,0,22,8,14,0,0,0
469416,48,8,40,0,0,0,0,0,0,0,0,0,48,8,40,0,0,0,0,0,0,0,0,0,0,0,0,0,0,0
469610,91,7,84,2,0,2,0,0,0,5,1,4,75,5,70,1,0,1,7,1,6,0,0,0,1,0,1,0,0,0
469629,117,101,16,3,3,0,0,0,0,10,9,1,8,7,1,0,0,0,76,65,11,1,1,0,19,16,3,0,0,0
469911,140,3,137,0,0,0,0,0,0,56,1,55,0,0,0,0,0,0,74,2,72,0,0,0,10,0,10,0,0,0
469920,64,0,64,0,0,0,0,0,0,24,0,24,0,0,0,0,0,0,33,0,33,0,0,0,7,0,7,0,0,0
469957,113,4,109,1,0,1,2,1,1,15,0,15,18,0,18,1,0,1,15,1,14,12,1,11,46,1,45,3,0,3
470038,551,188,363,4,0,4,6,3,3,26,14,12,145,47,98,2,0,2,25,13,12,5,0,5,338,111,227,0,0,0
470047,26,2,24,0,0,0,1,0,1,1,0,1,3,0,3,0,0,0,21,2,19,0,0,0,0,0,0,0,0,0
470296,9,0,9,0,0,0,0,0,0,1,0,1,3,0,3,0,0,0,5,0,5,0,0,0,0,0,0,0,0,0
470393,59,5,54,0,0,0,3,1,2,26,2,24,16,1,15,0,0,0,14,1,13,0,0,0,0,0,0,0,0,0
474863,464,112,352,2,0,2,35,7,28,75,17,58,210,51,159,4,2,2,122,32,90,7,3,4,9,0,9,0,0,0
474915,279,5,274,4,0,4,5,0,5,16,0,16,113,2,111,0,0,0,106,2,104,8,0,8,27,1,26,0,0,0
474924,92,0,92,2,0,2,0,0,0,2,0,2,8,0,8,0,0,0,76,0,76,3,0,3,1,0,1,0,0,0
475015,130,6,124,0,0,0,1,0,1,0,0,0,9,1,8,0,0,0,113,5,108,4,0,4,3,0,3,0,0,0
475024,160,81,79,0,0,0,2,1,1,66,30,36,53,24,29,0,0,0,31,23,8,7,2,5,1,1,0,0,0,0
475033,1753,404,1349,4,1,3,84,22,62,657,131,526,334,84,250,2,2,0,518,124,394,47,12,35,46,13,33,61,15,46
475060,75,8,67,0,0,0,0,0,0,65,7,58,0,0,0,0,0,0,8,1,7,2,0,2,0,0,0,0,0,0
475121,1504,273,1231,18,3,15,33,8,25,544,88,456,236,71,165,17,6,11,605,86,519,5,0,5,43,11,32,3,0,3
475176,411,173,238,3,1,2,20,5,15,20,13,7,154,54,100,5,2,3,103,53,50,12,7,5,94,38,56,0,0,0
475200,79,24,55,1,1,0,2,0,2,2,2,0,4,2,2,1,0,1,66,18,48,3,1,2,0,0,0,0,0,0
475228,10,3,7,0,0,0,0,0,0,0,0,0,6,2,4,0,0,0,4,1,3,0,0,0,0,0,0,0,0,0
475273,237,50,187,1,1,0,5,1,4,103,24,79,51,8,43,0,0,0,54,12,42,10,2,8,11,2,9,2,0,2
475282,61,15,46,0,0,0,27,8,19,4,1,3,21,4,17,0,0,0,8,2,6,0,0,0,0,0,0,1,0,1
475325,94,12,82,0,0,0,2,2,0,22,4,18,55,4,51,2,0,2,11,1,10,2,1,1,0,0,0,0,0,0
475398,44,24,20,0,0,0,3,3,0,1,0,1,3,2,1,0,0,0,29,15,14,0,0,0,8,4,4,0,0,0
475404,124,3,121,0,0,0,2,0,2,18,1,17,44,0,44,0,0,0,50,2,48,6,0,6,4,0,4,0,0,0
475413,26,0,26,0,0,0,0,0,0,1,0,1,0,0,0,0,0,0,24,0,24,0,0,0,1,0,1,0,0,0
475422,46,5,41,1,0,1,0,0,0,11,1,10,1,0,1,1,0,1,32,4,28,0,0,0,0,0,0,0,0,0
475431,138,8,130,0,0,0,1,0,1,49,2,47,16,0,16,1,0,1,71,6,65,0,0,0,0,0,0,0,0,0
475468,210,3,207,0,0,0,4,0,4,21,0,21,73,1,72,0,0,0,99,2,97,10,0,10,1,0,1,2,0,2
475477,46,8,38,0,0,0,0,0,0,8,1,7,7,2,5,0,0,0,28,5,23,3,0,3,0,0,0,0,0,0
475486,170,18,152,2,0,2,0,0,0,25,3,22,53,7,46,0,0,0,81,7,74,6,1,5,3,0,3,0,0,0
475495,369,138,231,2,0,2,20,9,11,38,5,33,22,6,16,0,0,0,271,111,160,5,2,3,11,5,6,0,0,0
475547,63,11,52,0,0,0,0,0,0,0,0,0,0,0,0,0,0,0,4,0,4,59,11,48,0,0,0,0,0,0
475556,89,9,80,0,0,0,3,0,3,22,4,18,11,0,11,0,0,0,51,5,46,0,0,0,2,0,2,0,0,0
475565,245,100,145,1,1,0,16,7,9,51,21,30,132,47,85,0,0,0,25,17,8,6,2,4,0,0,0,14,5,9
475574,17,5,12,0,0,0,0,0,0,14,4,10,3,1,2,0,0,0,0,0,0,0,0,0,0,0,0,0,0,0
475608,31,16,15,0,0,0,0,0,0,9,5,4,3,2,1,0,0,0,16,8,8,0,0,0,2,1,1,1,0,1
475635,1,0,1,0,0,0,0,0,0,1,0,1,0,0,0,0,0,0,0,0,0,0,0,0,0,0,0,0,0,0
475653,11,0,11,0,0,0,0,0,0,7,0,7,0,0,0,0,0,0,3,0,3,1,0,1,0,0,0,0,0,0
475662,37,1,36,0,0,0,0,0,0,0,0,0,36,1,35,0,0,0,0,0,0,0,0,0,0,0,0,1,0,1
475705,12,2,10,0,0,0,0,0,0,1,0,1,6,2,4,0,0,0,3,0,3,1,0,1,0,0,0,1,0,1
475714,364,283,81,0,0,0,0,0,0,19,15,4,284,224,60,0,0,0,40,31,9,10,8,2,11,5,6,0,0,0
475723,219,112,107,4,0,4,5,3,2,2,1,1,45,25,20,3,3,0,153,75,78,6,4,2,1,1,0,0,0,0
475732,339,30,309,0,0,0,20,4,16,177,16,161,27,0,27,0,0,0,102,10,92,9,0,9,3,0,3,1,0,1
475741,43,3,40,0,0,0,2,1,1,9,1,8,4,0,4,0,0,0,27,1,26,0,0,0,1,0,1,0,0,0
475750,33,9,24,0,0,0,5,4,1,15,2,13,4,0,4,0,0,0,6,2,4,1,0,1,2,1,1,0,0,0
475839,90,39,51,1,0,1,1,0,1,10,7,3,7,3,4,0,0,0,50,21,29,6,1,5,15,7,8,0,0,0
476063,200,194,6,1,1,0,2,2,0,83,81,2,25,23,2,0,0,0,77,75,2,8,8,0,4,4,0,0,0,0
476179,33,2,31,0,0,0,0,0,0,23,2,21,0,0,0,0,0,0,3,0,3,3,0,3,4,0,4,0,0,0
476230,43,2,41,0,0,0,0,0,0,5,0,5,0,0,0,0,0,0,31,2,29,5,0,5,1,0,1,1,0,1
476294,63,11,52,0,0,0,2,0,2,2,1,1,13,3,10,0,0,0,45,7,38,1,0,1,0,0,0,0,0,0
476355,27,15,12,0,0,0,2,2,0,3,2,1,3,1,2,0,0,0,17,10,7,0,0,0,0,0,0,2,0,2
476489,78,65,13,0,0,0,0,0,0,76,63,13,2,2,0,0,0,0,0,0,0,0,0,0,0,0,0,0,0,0
476498,132,101,31,0,0,0,0,0,0,0,0,0,129,98,31,0,0,0,3,3,0,0,0,0,0,0,0,0,0,0
476513,36,1,35,0,0,0,0,0,0,0,0,0,17,0,17,1,0,1,14,0,14,4,1,3,0,0,0,0,0,0
476540,87,5,82,0,0,0,0,0,0,17,2,15,57,3,54,0,0,0,7,0,7,2,0,2,3,0,3,1,0,1
476559,87,4,83,0,0,0,3,1,2,10,2,8,57,1,56,0,0,0,12,0,12,0,0,0,4,0,4,1,0,1
476568,16,10,6,0,0,0,0,0,0,15,9,6,0,0,0,0,0,0,1,1,0,0,0,0,0,0,0,0,0,0
476595,51,8,43,0,0,0,5,1,4,2,1,1,40,5,35,0,0,0,4,1,3,0,0,0,0,0,0,0,0,0
476601,3,3,0,0,0,0,0,0,0,0,0,0,0,0,0,0,0,0,3,3,0,0,0,0,0,0,0,0,0,0
476610,37,28,9,1,1,0,0,0,0,23,18,5,10,7,3,0,0,0,3,2,1,0,0,0,0,0,0,0,0,0
476629,52,6,46,1,0,1,1,0,1,3,2,1,4,1,3,0,0,0,41,3,38,1,0,1,1,0,1,0,0,0
476683,216,15,201,0,0,0,4,0,4,147,9,138,10,2,8,0,0,0,47,1,46,2,0,2,6,3,3,0,0,0
476692,2,2,0,0,0,0,0,0,0,0,0,0,0,0,0,0,0,0,2,2,0,0,0,0,0,0,0,0,0,0
476708,60,52,8,1,0,1,4,4,0,2,2,0,21,20,1,3,3,0,23,18,5,6,5,1,0,0,0,0,0,0
476717,86,86,0,0,0,0,0,0,0,0,0,0,0,0,0,0,0,0,86,86,0,0,0,0,0,0,0,0,0,0
476726,450,82,368,0,0,0,4,3,1,1,1,0,443,77,366,0,0,0,2,1,1,0,0,0,0,0,0,0,0,0
476735,20,9,11,0,0,0,1,0,1,4,1,3,2,2,0,0,0,0,13,6,7,0,0,0,0,0,0,0,0,0
476753,156,7,149,1,0,1,3,0,3,2,0,2,81,5,76,1,0,1,50,1,49,10,0,10,8,1,7,0,0,0
476780,58,7,51,2,0,2,54,7,47,0,0,0,2,0,2,0,0,0,0,0,0,0,0,0,0,0,0,0,0,0
476799,127,27,100,0,0,0,27,7,20,7,2,5,17,3,14,1,0,1,3,0,3,0,0,0,72,15,57,0,0,0
476805,27,0,27,0,0,0,0,0,0,6,0,6,0,0,0,0,0,0,21,0,21,0,0,0,0,0,0,0,0,0
476814,216,175,41,0,0,0,3,3,0,64,54,10,53,42,11,0,0,0,84,70,14,8,3,5,4,3,1,0,0,0
476841,111,13,98,3,1,2,4,1,3,5,3,2,32,3,29,1,1,0,33,2,31,1,0,1,32,2,30,0,0,0
476850,54,40,14,0,0,0,3,3,0,5,3,2,21,13,8,1,1,0,17,16,1,4,3,1,3,1,2,0,0,0
476869,83,1,82,0,0,0,1,0,1,1,1,0,16,0,16,1,0,1,63,0,63,1,0,1,0,0,0,0,0,0
476878,152,2,150,1,0,1,1,0,1,34,0,34,6,0,6,0,0,0,109,2,107,0,0,0,1,0,1,0,0,0
476887,229,7,222,2,0,2,2,0,2,190,6,184,11,1,10,10,0,10,3,0,3,4,0,4,7,0,7,0,0,0
476896,50,4,46,0,0,0,2,0,2,1,0,1,22,3,19,0,0,0,22,1,21,0,0,0,3,0,3,0,0,0
476902,49,0,49,0,0,0,4,0,4,14,0,14,7,0,7,0,0,0,19,0,19,4,0,4,1,0,1,0,0,0
476939,428,43,385,0,0,0,1,0,1,30,5,25,370,34,336,0,0,0,7,0,7,0,0,0,20,4,16,0,0,0
476948,136,104,32,0,0,0,2,2,0,94,70,24,15,13,2,0,0,0,10,9,1,2,1,1,13,9,4,0,0,0
476957,14,1,13,0,0,0,0,0,0,0,0,0,4,0,4,0,0,0,10,1,9,0,0,0,0,0,0,0,0,0
476966,60,53,7,1,1,0,0,0,0,22,20,2,27,23,4,0,0,0,7,7,0,2,2,0,1,0,1,0,0,0
476975,3889,1563,2326,20,10,10,205,86,119,285,103,182,491,183,308,6,1,5,2310,928,1382,84,32,52,472,212,260,16,8,8
476984,78,3,75,0,0,0,0,0,0,7,0,7,4,0,4,0,0,0,42,3,39,22,0,22,3,0,3,0,0,0
476993,170,1,169,0,0,0,5,0,5,2,0,2,17,1,16,0,0,0,139,0,139,7,0,7,0,0,0,0,0,0
477002,65,1,64,0,0,0,1,0,1,7,0,7,0,0,0,0,0,0,51,1,50,0,0,0,6,0,6,0,0,0
477039,384,65,319,3,0,3,65,17,48,139,21,118,78,12,66,1,0,1,80,13,67,17,2,15,1,0,1,0,0,0
478582,56,3,53,1,0,1,0,0,0,32,1,31,3,0,3,1,0,1,12,1,11,2,1,1,5,0,5,0,0,0
478591,134,4,130,6,0,6,2,0,2,14,0,14,32,1,31,1,0,1,72,2,70,7,1,6,0,0,0,0,0,0
478616,38,3,35,0,0,0,0,0,0,34,3,31,2,0,2,0,0,0,2,0,2,0,0,0,0,0,0,0,0,0
478917,29,0,29,0,0,0,0,0,0,0,0,0,3,0,3,0,0,0,25,0,25,1,0,1,0,0,0,0,0,0
478953,116,4,112,0,0,0,2,0,2,9,0,9,12,2,10,0,0,0,83,1,82,10,1,9,0,0,0,0,0,0
479062,82,76,6,0,0,0,3,3,0,6,6,0,8,7,1,0,0,0,61,56,5,0,0,0,4,4,0,0,0,0
479424,180,13,167,0,0,0,19,3,16,14,1,13,23,2,21,5,1,4,1,0,1,6,0,6,112,6,106,0,0,0
479965,69,3,66,0,0,0,1,0,1,19,2,17,1,0,1,0,0,0,47,1,46,0,0,0,0,0,0,1,0,1
479974,86,21,65,2,1,1,6,2,4,12,2,10,58,14,44,0,0,0,8,2,6,0,0,0,0,0,0,0,0,0
479983,40,1,39,0,0,0,1,0,1,1,0,1,8,0,8,1,0,1,20,1,19,9,0,9,0,0,0,0,0,0
479992,34,30,4,0,0,0,9,8,1,2,1,1,12,12,0,0,0,0,11,9,2,0,0,0,0,0,0,0,0,0
480000,16,12,4,0,0,0,0,0,0,3,1,2,11,10,1,1,1,0,1,0,1,0,0,0,0,0,0,0,0,0
480019,1022,929,93,3,3,0,25,20,5,105,90,15,635,597,38,8,7,1,234,204,30,2,1,1,10,7,3,0,0,0
480028,66,52,14,0,0,0,10,10,0,14,10,4,17,13,4,0,0,0,14,11,3,0,0,0,0,0,0,11,8,3
480037,1828,1464,364,14,11,3,44,39,5,729,546,183,299,251,48,5,4,1,671,562,109,49,36,13,17,15,2,0,0,0
480073,87,22,65,0,0,0,10,3,7,16,2,14,23,11,12,0,0,0,34,5,29,0,0,0,0,0,0,4,1,3
480091,1473,111,1362,16,1,15,17,5,12,465,31,434,100,11,89,6,0,6,801,61,740,56,0,56,12,2,10,0,0,0
480125,341,11,330,6,0,6,2,0,2,49,0,49,193,10,183,0,0,0,64,1,63,22,0,22,5,0,5,0,0,0
480161,13,0,13,0,0,0,0,0,0,3,0,3,0,0,0,0,0,0,9,0,9,0,0,0,1,0,1,0,0,0
480198,153,47,106,2,1,1,13,2,11,27,5,22,16,5,11,1,0,1,83,29,54,3,1,2,7,4,3,1,0,1
480204,235,32,203,1,0,1,6,1,5,13,1,12,143,23,120,1,0,1,57,7,50,10,0,10,4,0,4,0,0,0
480310,19,1,18,0,0,0,1,0,1,11,1,10,1,0,1,0,0,0,5,0,5,1,0,1,0,0,0,0,0,0
480347,23,3,20,0,0,0,0,0,0,0,0,0,4,0,4,0,0,0,14,3,11,4,0,4,1,0,1,0,0,0
480471,429,108,321,3,0,3,10,5,5,46,16,30,136,23,113,2,0,2,15,7,8,5,0,5,212,57,155,0,0,0
480523,49,0,49,0,0,0,1,0,1,15,0,15,3,0,3,0,0,0,28,0,28,1,0,1,1,0,1,0,0,0
480532,55,2,53,0,0,0,1,0,1,1,0,1,2,0,2,0,0,0,46,1,45,4,1,3,1,0,1,0,0,0
480550,50,1,49,0,0,0,0,0,0,2,0,2,3,0,3,1,0,1,36,1,35,5,0,5,3,0,3,0,0,0
480569,610,284,326,4,1,3,17,10,7,138,61,77,78,38,40,2,2,0,302,140,162,11,2,9,50,23,27,8,7,1
480657,303,23,280,4,0,4,5,0,5,35,2,33,26,1,25,0,0,0,174,19,155,17,0,17,42,1,41,0,0,0
480693,102,27,75,1,1,0,36,8,28,8,1,7,43,11,32,0,0,0,13,5,8,0,0,0,0,0,0,1,1,0
480727,22,18,4,0,0,0,0,0,0,0,0,0,2,2,0,0,0,0,20,16,4,0,0,0,0,0,0,0,0,0
480781,43,30,13,0,0,0,1,0,1,6,6,0,6,6,0,0,0,0,4,3,1,1,1,0,0,0,0,25,14,11
480790,336,207,129,0,0,0,7,5,2,5,3,2,4,2,2,0,0,0,234,156,78,62,28,34,24,13,11,0,0,0
480824,258,25,233,0,0,0,10,3,7,89,9,80,114,6,108,0,0,0,31,6,25,9,1,8,5,0,5,0,0,0
480833,410,30,380,0,0,0,7,0,7,70,7,63,203,9,194,0,0,0,97,11,86,7,1,6,26,2,24,0,0,0
480842,17,5,12,0,0,0,0,0,0,14,2,12,0,0,0,0,0,0,2,2,0,1,1,0,0,0,0,0,0,0
480851,83,46,37,0,0,0,0,0,0,17,10,7,66,36,30,0,0,0,0,0,0,0,0,0,0,0,0,0,0,0
480879,32,3,29,0,0,0,0,0,0,1,0,1,2,0,2,0,0,0,29,3,26,0,0,0,0,0,0,0,0,0
480888,268,75,193,0,0,0,4,2,2,115,30,85,98,23,75,0,0,0,51,20,31,0,0,0,0,0,0,0,0,0
480903,703,643,60,0,0,0,2,2,0,285,256,29,310,282,28,0,0,0,104,101,3,2,2,0,0,0,0,0,0,0
480921,27,23,4,0,0,0,1,1,0,7,7,0,9,7,2,0,0,0,9,7,2,1,1,0,0,0,0,0,0,0
480930,51,4,47,0,0,0,0,0,0,19,3,16,12,0,12,1,0,1,17,1,16,2,0,2,0,0,0,0,0,0
480967,40,14,26,40,14,26,0,0,0,0,0,0,0,0,0,0,0,0,0,0,0,0,0,0,0,0,0,0,0,0
480976,21,2,19,0,0,0,0,0,0,5,0,5,3,0,3,0,0,0,13,2,11,0,0,0,0,0,0,0,0,0
480985,33,0,33,3,0,3,0,0,0,2,0,2,3,0,3,0,0,0,25,0,25,0,0,0,0,0,0,0,0,0
480994,31,2,29,0,0,0,1,0,1,17,1,16,11,1,10,0,0,0,2,0,2,0,0,0,0,0,0,0,0,0
481003,204,175,29,0,0,0,7,7,0,96,83,13,60,50,10,0,0,0,32,26,6,3,3,0,6,6,0,0,0,0
481021,25,14,11,0,0,0,1,1,0,3,2,1,4,1,3,0,0,0,17,10,7,0,0,0,0,0,0,0,0,0
481030,12,6,6,0,0,0,0,0,0,0,0,0,0,0,0,0,0,0,5,3,2,0,0,0,0,0,0,7,3,4
481049,25,3,22,0,0,0,0,0,0,1,0,1,1,0,1,0,0,0,23,3,20,0,0,0,0,0,0,0,0,0
481058,20,9,11,0,0,0,10,4,6,0,0,0,0,0,0,0,0,0,0,0,0,0,0,0,0,0,0,10,5,5
481085,52,4,48,0,0,0,1,0,1,38,2,36,10,2,8,0,0,0,3,0,3,0,0,0,0,0,0,0,0,0
481094,69,11,58,0,0,0,21,4,17,1,0,1,7,0,7,0,0,0,40,7,33,0,0,0,0,0,0,0,0,0
481100,146,35,111,0,0,0,109,33,76,1,0,1,17,2,15,2,0,2,17,0,17,0,0,0,0,0,0,0,0,0
481128,76,9,67,5,0,5,38,7,31,0,0,0,30,2,28,0,0,0,2,0,2,0,0,0,1,0,1,0,0,0
481137,26,14,12,0,0,0,1,0,1,3,2,1,2,1,1,0,0,0,18,10,8,2,1,1,0,0,0,0,0,0
481146,120,11,109,1,0,1,2,0,2,99,10,89,6,0,6,0,0,0,4,0,4,2,0,2,5,1,4,1,0,1
481155,164,40,124,0,0,0,0,0,0,124,28,96,3,0,3,0,0,0,32,11,21,4,1,3,1,0,1,0,0,0
481182,27,2,25,1,0,1,2,1,1,1,0,1,10,1,9,0,0,0,10,0,10,3,0,3,0,0,0,0,0,0
481191,271,20,251,0,0,0,3,1,2,29,0,29,199,16,183,1,0,1,31,2,29,1,0,1,7,1,6,0,0,0
481207,107,22,85,0,0,0,4,2,2,35,5,30,12,3,9,0,0,0,56,12,44,0,0,0,0,0,0,0,0,0
481225,10,5,5,0,0,0,0,0,0,0,0,0,0,0,0,0,0,0,2,2,0,0,0,0,0,0,0,8,3,5
481243,216,2,214,1,0,1,3,0,3,18,1,17,43,0,43,0,0,0,147,1,146,2,0,2,2,0,2,0,0,0
481252,23,0,23,0,0,0,0,0,0,15,0,15,4,0,4,0,0,0,4,0,4,0,0,0,0,0,0,0,0,0
481289,72,13,59,0,0,0,25,7,18,4,0,4,24,3,21,6,2,4,9,1,8,3,0,3,1,0,1,0,0,0
481298,29,1,28,4,0,4,0,0,0,1,0,1,21,1,20,0,0,0,3,0,3,0,0,0,0,0,0,0,0,0
481313,142,7,135,0,0,0,1,1,0,59,3,56,55,1,54,0,0,0,25,2,23,1,0,1,1,0,1,0,0,0
481322,36,1,35,0,0,0,0,0,0,0,0,0,36,1,35,0,0,0,0,0,0,0,0,0,0,0,0,0,0,0
481331,30,21,9,0,0,0,0,0,0,16,13,3,4,3,1,0,0,0,9,4,5,1,1,0,0,0,0,0,0,0
481340,37,1,36,0,0,0,0,0,0,3,0,3,4,0,4,1,0,1,28,1,27,0,0,0,1,0,1,0,0,0
481368,69,3,66,0,0,0,2,0,2,0,0,0,12,0,12,0,0,0,55,3,52,0,0,0,0,0,0,0,0,0
481386,53,7,46,0,0,0,9,1,8,6,0,6,30,6,24,2,0,2,5,0,5,1,0,1,0,0,0,0,0,0
481401,90,55,35,0,0,0,3,1,2,9,3,6,5,3,2,0,0,0,10,9,1,1,1,0,62,38,24,0,0,0
481410,11,11,0,0,0,0,0,0,0,0,0,0,0,0,0,0,0,0,11,11,0,0,0,0,0,0,0,0,0,0
481429,39,4,35,0,0,0,5,0,5,27,1,26,5,2,3,0,0,0,2,1,1,0,0,0,0,0,0,0,0,0
481438,1,1,0,0,0,0,0,0,0,0,0,0,0,0,0,0,0,0,1,1,0,0,0,0,0,0,0,0,0,0
481447,20,1,19,0,0,0,0,0,0,2,0,2,1,1,0,0,0,0,13,0,13,2,0,2,2,0,2,0,0,0
481456,13,1,12,0,0,0,0,0,0,0,0,0,2,0,2,0,0,0,11,1,10,0,0,0,0,0,0,0,0,0
481465,56,5,51,0,0,0,1,1,0,44,0,44,3,0,3,0,0,0,6,2,4,0,0,0,2,2,0,0,0,0
481474,93,0,93,2,0,2,7,0,7,4,0,4,28,0,28,1,0,1,39,0,39,5,0,5,6,0,6,1,0,1
481483,298,11,287,1,0,1,5,0,5,82,2,80,51,3,48,0,0,0,103,4,99,2,1,1,25,1,24,29,0,29
481508,39,2,37,0,0,0,0,0,0,2,0,2,3,0,3,0,0,0,33,2,31,1,0,1,0,0,0,0,0,0
481517,62,2,60,1,0,1,0,0,0,1,0,1,7,0,7,0,0,0,51,1,50,2,1,1,0,0,0,0,0,0
481526,160,2,158,0,0,0,3,0,3,61,2,59,8,0,8,1,0,1,65,0,65,20,0,20,2,0,2,0,0,0
481535,5,1,4,0,0,0,0,0,0,1,1,0,0,0,0,0,0,0,0,0,0,0,0,0,0,0,0,4,0,4
481571,4,2,2,0,0,0,0,0,0,1,0,1,2,1,1,0,0,0,1,1,0,0,0,0,0,0,0,0,0,0
481678,35,3,32,0,0,0,0,0,0,24,2,22,0,0,0,0,0,0,5,0,5,1,0,1,5,1,4,0,0,0
481739,30,0,30,0,0,0,0,0,0,5,0,5,11,0,11,0,0,0,9,0,9,3,0,3,2,0,2,0,0,0
481748,64,1,63,0,0,0,0,0,0,40,0,40,9,1,8,0,0,0,3,0,3,0,0,0,12,0,12,0,0,0
481775,112,32,80,1,1,0,5,3,2,26,5,21,56,15,41,2,1,1,19,7,12,2,0,2,1,0,1,0,0,0
481845,41,0,41,0,0,0,0,0,0,17,0,17,5,0,5,0,0,0,17,0,17,1,0,1,1,0,1,0,0,0
481863,65,2,63,0,0,0,0,0,0,8,1,7,9,1,8,0,0,0,40,0,40,5,0,5,3,0,3,0,0,0
481890,95,2,93,0,0,0,0,0,0,8,0,8,8,0,8,1,0,1,61,0,61,10,2,8,6,0,6,1,0,1
481906,75,12,63,0,0,0,0,0,0,19,5,14,2,0,2,0,0,0,49,6,43,3,0,3,2,1,1,0,0,0
481960,104,67,37,0,0,0,9,8,1,16,8,8,32,22,10,4,1,3,28,17,11,10,7,3,5,4,1,0,0,0
482015,651,420,231,6,4,2,4,3,1,81,45,36,338,221,117,6,4,2,204,134,70,11,9,2,1,0,1,0,0,0
482060,168,7,161,1,0,1,4,1,3,6,0,6,122,6,116,0,0,0,27,0,27,2,0,2,6,0,6,0,0,0
482097,441,262,179,3,2,1,1,1,0,16,8,8,15,8,7,2,1,1,378,230,148,12,3,9,10,8,2,4,1,3
482149,2412,776,1636,1,0,1,183,77,106,479,123,356,170,63,107,4,2,2,1384,434,950,116,39,77,48,25,23,27,13,14
482158,1359,534,825,1,0,1,40,20,20,405,119,286,51,21,30,2,2,0,784,336,448,45,16,29,4,2,2,27,18,9
482167,188,0,188,0,0,0,0,0,0,177,0,177,6,0,6,0,0,0,3,0,3,0,0,0,2,0,2,0,0,0
482176,97,4,93,1,0,1,2,0,2,0,0,0,24,2,22,0,0,0,66,2,64,3,0,3,1,0,1,0,0,0
482185,70,43,27,2,2,0,5,2,3,3,1,2,1,1,0,2,2,0,41,24,17,6,3,3,8,6,2,2,2,0
482194,110,24,86,0,0,0,5,1,4,17,1,16,18,5,13,6,0,6,45,14,31,18,3,15,1,0,1,0,0,0
482200,55,24,31,0,0,0,0,0,0,34,18,16,2,2,0,0,0,0,19,4,15,0,0,0,0,0,0,0,0,0
482228,56,34,22,0,0,0,0,0,0,2,1,1,3,2,1,0,0,0,47,28,19,3,2,1,0,0,0,1,1,0
482246,50,44,6,1,1,0,0,0,0,5,4,1,2,1,1,0,0,0,41,37,4,0,0,0,1,1,0,0,0,0
482255,154,140,14,1,1,0,20,15,5,17,15,2,48,44,4,5,4,1,53,51,2,9,9,0,1,1,0,0,0,0
482291,755,288,467,1,1,0,8,5,3,22,7,15,147,48,99,2,1,1,22,2,20,4,3,1,549,221,328,0,0,0
482413,425,214,211,2,0,2,41,19,22,93,46,47,92,47,45,2,1,1,116,64,52,2,0,2,46,22,24,31,15,16
482422,93,66,27,3,1,2,4,2,2,10,9,1,24,14,10,1,1,0,42,31,11,0,0,0,9,8,1,0,0,0
482431,614,397,217,3,3,0,115,74,41,55,34,21,187,118,69,9,7,2,174,118,56,12,7,5,30,19,11,29,17,12
482440,36,14,22,0,0,0,2,1,1,2,2,0,6,1,5,0,0,0,22,9,13,3,1,2,1,0,1,0,0,0
482459,175,84,91,1,0,1,3,2,1,38,17,21,46,24,22,2,0,2,66,33,33,2,2,0,9,6,3,8,0,8
482468,265,110,155,1,1,0,8,2,6,136,54,82,18,8,10,1,0,1,68,32,36,3,0,3,25,11,14,5,2,3
482477,6865,2197,4668,55,11,44,369,174,195,1492,345,1147,964,335,629,40,13,27,3248,1091,2157,141,45,96,504,161,343,52,22,30
482486,11,6,5,0,0,0,0,0,0,2,2,0,3,2,1,0,0,0,4,1,3,0,0,0,2,1,1,0,0,0
482538,18,14,4,0,0,0,0,0,0,1,1,0,1,1,0,0,0,0,16,12,4,0,0,0,0,0,0,0,0,0
482547,12,9,3,0,0,0,4,4,0,3,3,0,2,2,0,0,0,0,3,0,3,0,0,0,0,0,0,0,0,0
482556,67,42,25,0,0,0,5,5,0,10,4,6,25,16,9,0,0,0,19,14,5,0,0,0,4,2,2,4,1,3
482565,11,1,10,0,0,0,0,0,0,6,1,5,1,0,1,0,0,0,1,0,1,0,0,0,3,0,3,0,0,0
482574,125,77,48,2,1,1,4,2,2,22,9,13,4,3,1,0,0,0,84,56,28,2,0,2,7,6,1,0,0,0
482608,61,26,35,0,0,0,2,1,1,11,2,9,7,1,6,1,1,0,31,18,13,0,0,0,9,3,6,0,0,0
482617,7,6,1,0,0,0,0,0,0,0,0,0,3,3,0,0,0,0,2,1,1,0,0,0,2,2,0,0,0,0
482635,126,74,52,2,2,0,3,2,1,30,12,18,28,19,9,0,0,0,50,32,18,3,3,0,10,4,6,0,0,0
482653,84,44,40,2,1,1,4,3,1,26,14,12,7,1,6,0,0,0,25,14,11,2,2,0,9,4,5,9,5,4
482680,3108,1152,1956,4,1,3,96,32,64,127,36,91,401,139,262,3,2,1,2301,868,1433,105,38,67,31,13,18,40,23,17
482699,448,146,302,0,0,0,4,2,2,78,20,58,32,9,23,0,0,0,318,109,209,7,2,5,5,2,3,4,2,2
482705,3363,1450,1913,3,1,2,189,63,126,155,53,102,159,41,118,0,0,0,927,359,568,48,16,32,191,82,109,1691,835,856
482936,274,227,47,1,1,0,16,15,1,12,9,3,53,45,8,2,0,2,163,139,24,7,3,4,4,2,2,16,13,3
482963,126,13,113,0,0,0,2,0,2,14,5,9,27,1,26,0,0,0,74,7,67,7,0,7,1,0,1,1,0,1
482981,78,58,20,0,0,0,2,1,1,20,16,4,48,36,12,0,0,0,3,1,2,4,3,1,1,1,0,0,0,0
482990,229,20,209,38,1,37,5,1,4,26,1,25,71,6,65,1,0,1,73,10,63,12,0,12,2,0,2,1,1,0
483009,129,9,120,0,0,0,0,0,0,5,0,5,123,9,114,0,0,0,0,0,0,0,0,0,1,0,1,0,0,0
483018,6,4,2,0,0,0,0,0,0,2,1,1,1,0,1,0,0,0,3,3,0,0,0,0,0,0,0,0,0,0
483036,766,286,480,3,1,2,24,8,16,194,67,127,195,80,115,5,1,4,313,114,199,24,13,11,6,2,4,2,0,2
483045,3567,1526,2041,5,2,3,43,25,18,1577,592,985,170,92,78,3,3,0,1678,769,909,61,26,35,20,9,11,10,8,2
483054,50,40,10,0,0,0,0,0,0,14,12,2,3,3,0,0,0,0,32,24,8,1,1,0,0,0,0,0,0,0
483106,145,19,126,0,0,0,4,2,2,31,1,30,42,7,35,0,0,0,50,4,46,2,2,0,16,3,13,0,0,0
483124,12396,4120,8276,144,37,107,534,181,353,815,251,564,2343,729,1614,61,14,47,7522,2575,4947,498,133,365,393,150,243,86,50,36
483212,808,247,561,1,0,1,8,2,6,278,58,220,36,14,22,13,2,11,412,159,253,26,8,18,32,4,28,2,0,2
483221,43,18,25,0,0,0,1,1,0,0,0,0,2,0,2,0,0,0,1,0,1,0,0,0,0,0,0,39,17,22
483230,205,203,2,4,4,0,2,2,0,3,3,0,49,49,0,2,2,0,117,115,2,21,21,0,7,7,0,0,0,0
483258,24,19,5,0,0,0,0,0,0,21,16,5,3,3,0,0,0,0,0,0,0,0,0,0,0,0,0,0,0,0
483276,83,65,18,0,0,0,0,0,0,61,47,14,13,10,3,0,0,0,9,8,1,0,0,0,0,0,0,0,0,0
483328,66,6,60,0,0,0,0,0,0,4,0,4,18,2,16,1,0,1,41,3,38,1,1,0,1,0,1,0,0,0
483337,68,3,65,1,0,1,0,0,0,13,0,13,1,1,0,0,0,0,47,2,45,6,0,6,0,0,0,0,0,0
483346,57,4,53,0,0,0,3,2,1,22,2,20,8,0,8,0,0,0,16,0,16,8,0,8,0,0,0,0,0,0
483355,130,2,128,0,0,0,2,0,2,65,1,64,3,0,3,0,0,0,55,1,54,5,0,5,0,0,0,0,0,0
483364,97,7,90,0,0,0,3,0,3,50,4,46,4,0,4,0,0,0,39,3,36,1,0,1,0,0,0,0,0,0
483373,32,3,29,0,0,0,4,0,4,4,1,3,21,1,20,0,0,0,1,0,1,0,0,0,2,1,1,0,0,0
483382,242,232,10,2,2,0,5,5,0,58,55,3,67,65,2,0,0,0,100,96,4,1,1,0,9,8,1,0,0,0
483425,42,0,42,0,0,0,2,0,2,6,0,6,1,0,1,0,0,0,26,0,26,6,0,6,1,0,1,0,0,0
483443,500,409,91,4,4,0,230,184,46,41,37,4,84,70,14,16,12,4,69,53,16,12,9,3,44,40,4,0,0,0
483470,32,3,29,0,0,0,0,0,0,0,0,0,32,3,29,0,0,0,0,0,0,0,0,0,0,0,0,0,0,0
483504,170,25,145,0,0,0,1,0,1,121,10,111,10,0,10,0,0,0,28,12,16,6,1,5,4,2,2,0,0,0
483513,41,22,19,0,0,0,0,0,0,8,5,3,20,11,9,0,0,0,10,4,6,2,1,1,1,1,0,0,0,0
483559,31,6,25,0,0,0,0,0,0,9,3,6,6,2,4,0,0,0,16,1,15,0,0,0,0,0,0,0,0,0
483577,14,1,13,1,0,1,3,1,2,4,0,4,0,0,0,0,0,0,6,0,6,0,0,0,0,0,0,0,0,0
483595,139,40,99,0,0,0,0,0,0,5,1,4,128,38,90,0,0,0,2,0,2,4,1,3,0,0,0,0,0,0
483647,21,1,20,0,0,0,0,0,0,9,0,9,1,1,0,0,0,0,11,0,11,0,0,0,0,0,0,0,0,0
483708,553,49,504,0,0,0,38,7,31,269,20,249,151,13,138,0,0,0,58,5,53,0,0,0,37,4,33,0,0,0
483726,12,0,12,0,0,0,0,0,0,9,0,9,1,0,1,0,0,0,2,0,2,0,0,0,0,0,0,0,0,0
483735,25,1,24,0,0,0,1,0,1,0,0,0,9,0,9,0,0,0,14,1,13,0,0,0,1,0,1,0,0,0
483744,22,19,3,0,0,0,0,0,0,20,18,2,0,0,0,0,0,0,0,0,0,0,0,0,2,1,1,0,0,0
483753,14,13,1,0,0,0,0,0,0,6,5,1,3,3,0,0,0,0,2,2,0,2,2,0,1,1,0,0,0,0
483780,125,95,30,0,0,0,1,1,0,0,0,0,0,0,0,0,0,0,0,0,0,0,0,0,6,3,3,118,91,27
483799,18,4,14,0,0,0,2,0,2,1,0,1,0,0,0,0,0,0,15,4,11,0,0,0,0,0,0,0,0,0
483814,208,25,183,0,0,0,24,3,21,160,19,141,7,1,6,0,0,0,14,2,12,3,0,3,0,0,0,0,0,0
483823,349,238,111,1,1,0,0,0,0,284,192,92,36,27,9,0,0,0,19,11,8,4,3,1,5,4,1,0,0,0
483841,126,5,121,0,0,0,120,5,115,0,0,0,6,0,6,0,0,0,0,0,0,0,0,0,0,0,0,0,0,0
483850,31,3,28,0,0,0,9,1,8,15,2,13,6,0,6,0,0,0,1,0,1,0,0,0,0,0,0,0,0,0
483869,169,43,126,0,0,0,0,0,0,0,0,0,148,33,115,0,0,0,0,0,0,0,0,0,0,0,0,21,10,11
483878,74,6,68,0,0,0,19,1,18,13,1,12,25,4,21,1,0,1,9,0,9,4,0,4,3,0,3,0,0,0
483887,38,9,29,0,0,0,0,0,0,6,2,4,1,0,1,0,0,0,30,6,24,0,0,0,1,1,0,0,0,0
483896,230,5,225,0,0,0,3,0,3,130,4,126,20,1,19,0,0,0,72,0,72,2,0,2,3,0,3,0,0,0
483911,6,0,6,0,0,0,0,0,0,1,0,1,0,0,0,0,0,0,5,0,5,0,0,0,0,0,0,0,0,0
483920,115,54,61,0,0,0,0,0,0,93,42,51,7,4,3,0,0,0,14,8,6,1,0,1,0,0,0,0,0,0
483948,14,8,6,0,0,0,0,0,0,14,8,6,0,0,0,0,0,0,0,0,0,0,0,0,0,0,0,0,0,0
483957,26,3,23,0,0,0,0,0,0,0,0,0,19,3,16,1,0,1,6,0,6,0,0,0,0,0,0,0,0,0
483975,155,84,71,0,0,0,42,20,22,7,4,3,13,5,8,0,0,0,91,54,37,2,1,1,0,0,0,0,0,0
484002,595,53,542,7,0,7,23,3,20,101,9,92,324,26,298,2,1,1,113,14,99,18,0,18,7,0,7,0,0,0
484011,102,29,73,0,0,0,0,0,0,5,3,2,3,0,3,0,0,0,16,2,14,12,0,12,66,24,42,0,0,0
484020,12,11,1,0,0,0,0,0,0,12,11,1,0,0,0,0,0,0,0,0,0,0,0,0,0,0,0,0,0,0
484039,43,19,24,0,0,0,0,0,0,25,13,12,10,2,8,0,0,0,6,2,4,1,1,0,0,0,0,1,1,0
484048,27,21,6,0,0,0,0,0,0,19,16,3,5,4,1,0,0,0,3,1,2,0,0,0,0,0,0,0,0,0
484057,273,11,262,16,0,16,153,10,143,57,0,57,22,0,22,1,0,1,15,1,14,7,0,7,2,0,2,0,0,0
484066,361,21,340,1,0,1,3,0,3,93,5,88,28,2,26,1,0,1,215,12,203,18,2,16,2,0,2,0,0,0
484075,19,14,5,0,0,0,1,1,0,10,7,3,3,2,1,0,0,0,4,3,1,0,0,0,1,1,0,0,0,0
484084,38,1,37,0,0,0,0,0,0,7,0,7,7,0,7,0,0,0,24,1,23,0,0,0,0,0,0,0,0,0
484093,66,2,64,0,0,0,0,0,0,16,0,16,2,0,2,0,0,0,41,2,39,2,0,2,5,0,5,0,0,0
484109,51,1,50,0,0,0,0,0,0,1,0,1,9,0,9,0,0,0,40,1,39,1,0,1,0,0,0,0,0,0
484127,63,15,48,0,0,0,4,1,3,3,1,2,11,1,10,0,0,0,44,11,33,0,0,0,0,0,0,1,1,0
484136,25,2,23,0,0,0,1,1,0,15,0,15,4,1,3,2,0,2,0,0,0,0,0,0,3,0,3,0,0,0
484163,103,19,84,3,0,3,1,0,1,8,2,6,21,3,18,0,0,0,65,11,54,2,1,1,3,2,1,0,0,0
484172,53,13,40,0,0,0,0,0,0,0,0,0,53,13,40,0,0,0,0,0,0,0,0,0,0,0,0,0,0,0
484190,17,15,2,0,0,0,0,0,0,15,13,2,0,0,0,0,0,0,1,1,0,0,0,0,1,1,0,0,0,0
484206,106,1,105,0,0,0,14,0,14,2,0,2,48,0,48,1,0,1,27,1,26,8,0,8,6,0,6,0,0,0
484233,160,120,40,0,0,0,0,0,0,20,20,0,91,70,21,0,0,0,46,27,19,3,3,0,0,0,0,0,0,0
484330,20,1,19,0,0,0,0,0,0,3,1,2,1,0,1,0,0,0,15,0,15,1,0,1,0,0,0,0,0,0
484349,61,4,57,0,0,0,0,0,0,9,0,9,2,0,2,0,0,0,48,4,44,1,0,1,1,0,1,0,0,0
484358,63,4,59,0,0,0,1,0,1,1,0,1,1,0,1,0,0,0,52,3,49,8,1,7,0,0,0,0,0,0
484367,167,13,154,1,0,1,8,1,7,3,0,3,125,7,118,0,0,0,12,0,12,17,5,12,1,0,1,0,0,0
484376,280,36,244,7,1,6,34,6,28,27,1,26,155,22,133,6,0,6,13,1,12,25,2,23,13,3,10,0,0,0
484394,92,15,77,2,1,1,0,0,0,2,1,1,12,3,9,1,1,0,74,9,65,1,0,1,0,0,0,0,0,0
484473,850,342,508,4,2,2,22,7,15,49,16,33,187,76,111,1,1,0,513,213,300,28,9,19,40,14,26,6,4,2
484604,470,12,458,4,0,4,5,0,5,289,6,283,94,4,90,1,0,1,44,2,42,28,0,28,5,0,5,0,0,0
484613,27349,8534,18815,212,49,163,526,176,350,6451,1450,5001,3394,1100,2294,228,66,162,7973,2649,5324,722,213,509,7807,2808,4999,36,23,13
484631,1432,841,591,3,1,2,77,33,44,159,77,82,336,180,156,19,8,11,231,158,73,36,20,16,569,363,206,2,1,1
484710,60,36,24,0,0,0,1,1,0,13,7,6,5,3,2,2,2,0,17,10,7,1,1,0,21,12,9,0,0,0
484756,118,69,49,0,0,0,1,0,1,37,17,20,18,7,11,1,1,0,16,15,1,1,1,0,44,28,16,0,0,0
484826,52,1,51,1,0,1,6,0,6,5,0,5,3,0,3,0,0,0,33,1,32,1,0,1,3,0,3,0,0,0
484835,90,19,71,0,0,0,0,0,0,0,0,0,90,19,71,0,0,0,0,0,0,0,0,0,0,0,0,0,0,0
484844,177,95,82,0,0,0,5,1,4,0,0,0,3,0,3,0,0,0,14,7,7,6,1,5,0,0,0,149,86,63
484862,68,25,43,0,0,0,3,2,1,10,2,8,6,2,4,0,0,0,35,11,24,0,0,0,14,8,6,0,0,0
484871,14,14,0,0,0,0,0,0,0,0,0,0,0,0,0,0,0,0,14,14,0,0,0,0,0,0,0,0,0,0
484899,94,3,91,5,0,5,3,0,3,4,0,4,25,2,23,1,0,1,41,0,41,11,1,10,4,0,4,0,0,0
484905,1067,315,752,4,3,1,29,14,15,305,71,234,481,131,350,0,0,0,163,76,87,24,6,18,5,1,4,56,13,43
484923,69,1,68,0,0,0,4,0,4,13,0,13,20,1,19,0,0,0,31,0,31,1,0,1,0,0,0,0,0,0
484932,335,113,222,4,0,4,4,2,2,8,2,6,7,4,3,0,0,0,308,103,205,0,0,0,4,2,2,0,0,0
484950,87,5,82,2,0,2,0,0,0,2,0,2,14,3,11,0,0,0,64,2,62,3,0,3,2,0,2,0,0,0
484996,63,1,62,0,0,0,8,0,8,10,0,10,43,1,42,0,0,0,2,0,2,0,0,0,0,0,0,0,0,0
485014,35,2,33,0,0,0,2,0,2,18,1,17,3,0,3,0,0,0,10,1,9,2,0,2,0,0,0,0,0,0
485032,57,1,56,0,0,0,0,0,0,21,0,21,2,0,2,1,0,1,28,1,27,3,0,3,2,0,2,0,0,0
485111,1992,672,1320,70,30,40,45,22,23,782,244,538,153,54,99,9,3,6,902,304,598,2,1,1,17,6,11,12,8,4
485139,92,72,20,1,1,0,2,2,0,43,31,12,21,18,3,0,0,0,21,19,2,4,1,3,0,0,0,0,0,0
485166,42,4,38,1,0,1,1,0,1,2,0,2,7,2,5,0,0,0,31,2,29,0,0,0,0,0,0,0,0,0
485236,72,0,72,0,0,0,0,0,0,31,0,31,2,0,2,1,0,1,37,0,37,1,0,1,0,0,0,0,0,0
485272,279,40,239,0,0,0,7,2,5,32,2,30,192,29,163,0,0,0,29,5,24,17,2,15,2,0,2,0,0,0
485306,24,2,22,0,0,0,0,0,0,0,0,0,4,1,3,1,0,1,18,0,18,1,1,0,0,0,0,0,0,0
485342,299,168,131,0,0,0,4,1,3,41,25,16,106,62,44,1,1,0,136,74,62,11,5,6,0,0,0,0,0,0
485360,22,1,21,0,0,0,5,1,4,9,0,9,7,0,7,0,0,0,1,0,1,0,0,0,0,0,0,0,0,0
485379,256,40,216,0,0,0,3,0,3,65,13,52,120,23,97,0,0,0,8,0,8,0,0,0,59,4,55,1,0,1
485388,282,16,266,0,0,0,1,0,1,87,7,80,148,8,140,6,0,6,34,1,33,5,0,5,1,0,1,0,0,0
485397,48,4,44,0,0,0,0,0,0,43,4,39,2,0,2,0,0,0,0,0,0,0,0,0,3,0,3,0,0,0
485403,45,24,21,0,0,0,6,4,2,3,1,2,10,7,3,1,1,0,23,11,12,2,0,2,0,0,0,0,0,0
485412,61,5,56,1,0,1,3,0,3,3,1,2,36,2,34,0,0,0,16,2,14,2,0,2,0,0,0,0,0,0
485458,1563,657,906,4,2,2,26,10,16,270,84,186,94,48,46,0,0,0,1129,503,626,29,8,21,4,1,3,7,1,6
485476,101,2,99,3,0,3,3,0,3,0,0,0,10,0,10,0,0,0,78,2,76,7,0,7,0,0,0,0,0,0
485485,191,19,172,0,0,0,0,0,0,12,1,11,168,18,150,0,0,0,6,0,6,2,0,2,1,0,1,2,0,2
485494,55,51,4,0,0,0,1,1,0,17,17,0,26,23,3,0,0,0,10,9,1,0,0,0,1,1,0,0,0,0
485500,169,158,11,3,3,0,25,25,0,32,32,0,59,51,8,0,0,0,30,29,1,9,8,1,11,10,1,0,0,0
485519,142,109,33,0,0,0,0,0,0,32,27,5,25,20,5,2,2,0,78,57,21,4,3,1,0,0,0,1,0,1
485546,63,42,21,0,0,0,10,8,2,30,18,12,9,7,2,0,0,0,12,8,4,1,0,1,1,1,0,0,0,0
485564,242,18,224,0,0,0,2,0,2,181,13,168,2,0,2,0,0,0,55,5,50,2,0,2,0,0,0,0,0,0
485573,166,32,134,0,0,0,0,0,0,3,0,3,26,2,24,0,0,0,135,29,106,0,0,0,2,1,1,0,0,0
485591,28,1,27,0,0,0,0,0,0,28,1,27,0,0,0,0,0,0,0,0,0,0,0,0,0,0,0,0,0,0
485607,10,1,9,0,0,0,0,0,0,4,0,4,4,0,4,0,0,0,0,0,0,2,1,1,0,0,0,0,0,0
485698,13,10,3,0,0,0,0,0,0,0,0,0,0,0,0,0,0,0,13,10,3,0,0,0,0,0,0,0,0,0
485704,9,1,8,0,0,0,0,0,0,0,0,0,0,0,0,0,0,0,9,1,8,0,0,0,0,0,0,0,0,0
485768,221,69,152,1,0,1,0,0,0,1,1,0,138,37,101,0,0,0,1,1,0,0,0,0,2,2,0,78,28,50
485801,94,2,92,0,0,0,2,0,2,23,2,21,51,0,51,0,0,0,12,0,12,0,0,0,0,0,0,6,0,6
485810,15,13,2,0,0,0,0,0,0,5,5,0,10,8,2,0,0,0,0,0,0,0,0,0,0,0,0,0,0,0
485856,3,1,2,1,0,1,0,0,0,0,0,0,0,0,0,0,0,0,2,1,1,0,0,0,0,0,0,0,0,0
485874,120,5,115,1,0,1,6,1,5,33,1,32,44,0,44,0,0,0,36,3,33,0,0,0,0,0,0,0,0,0
485926,83,17,66,0,0,0,0,0,0,0,0,0,83,17,66,0,0,0,0,0,0,0,0,0,0,0,0,0,0,0
485953,16,14,2,0,0,0,0,0,0,1,0,1,4,4,0,0,0,0,11,10,1,0,0,0,0,0,0,0,0,0
485962,18,14,4,0,0,0,0,0,0,15,12,3,0,0,0,0,0,0,3,2,1,0,0,0,0,0,0,0,0,0
485999,11,11,0,0,0,0,0,0,0,0,0,0,0,0,0,0,0,0,11,11,0,0,0,0,0,0,0,0,0,0
486017,7,7,0,0,0,0,0,0,0,0,0,0,0,0,0,0,0,0,7,7,0,0,0,0,0,0,0,0,0,0
486026,19,19,0,0,0,0,0,0,0,0,0,0,0,0,0,0,0,0,19,19,0,0,0,0,0,0,0,0,0,0
486053,67,52,15,0,0,0,1,1,0,1,1,0,2,2,0,0,0,0,60,46,14,0,0,0,0,0,0,3,2,1
486080,3,3,0,0,0,0,0,0,0,0,0,0,1,1,0,0,0,0,2,2,0,0,0,0,0,0,0,0,0,0
486105,13,1,12,0,0,0,0,0,0,10,1,9,0,0,0,0,0,0,3,0,3,0,0,0,0,0,0,0,0,0
486123,1,1,0,0,0,0,0,0,0,0,0,0,0,0,0,0,0,0,1,1,0,0,0,0,0,0,0,0,0,0
486141,3,0,3,0,0,0,1,0,1,2,0,2,0,0,0,0,0,0,0,0,0,0,0,0,0,0,0,0,0,0
486150,101,20,81,0,0,0,1,0,1,38,2,36,23,2,21,0,0,0,39,16,23,0,0,0,0,0,0,0,0,0
486169,34,26,8,0,0,0,1,1,0,11,8,3,5,5,0,0,0,0,17,12,5,0,0,0,0,0,0,0,0,0
486196,2,2,0,0,0,0,0,0,0,0,0,0,0,0,0,0,0,0,2,2,0,0,0,0,0,0,0,0,0,0
486202,18,2,16,0,0,0,0,0,0,0,0,0,0,0,0,0,0,0,18,2,16,0,0,0,0,0,0,0,0,0
486239,106,39,67,0,0,0,0,0,0,0,0,0,32,11,21,0,0,0,0,0,0,0,0,0,0,0,0,74,28,46
486248,65,29,36,0,0,0,3,3,0,5,2,3,49,19,30,0,0,0,5,2,3,0,0,0,3,3,0,0,0,0
486257,93,40,53,0,0,0,3,1,2,30,10,20,18,9,9,0,0,0,39,18,21,1,0,1,0,0,0,2,2,0
486284,105,29,76,0,0,0,0,0,0,5,3,2,0,0,0,0,0,0,74,16,58,1,0,1,22,9,13,3,1,2
486309,3,0,3,0,0,0,0,0,0,0,0,0,0,0,0,0,0,0,3,0,3,0,0,0,0,0,0,0,0,0
486345,123,122,1,0,0,0,4,4,0,18,18,0,78,77,1,0,0,0,13,13,0,4,4,0,6,6,0,0,0,0
486354,19,9,10,0,0,0,0,0,0,0,0,0,0,0,0,0,0,0,0,0,0,0,0,0,0,0,0,19,9,10
486372,3,1,2,0,0,0,0,0,0,0,0,0,1,0,1,0,0,0,2,1,1,0,0,0,0,0,0,0,0,0
486381,28,3,25,0,0,0,1,0,1,5,0,5,6,1,5,0,0,0,16,2,14,0,0,0,0,0,0,0,0,0
486390,46,33,13,1,0,1,0,0,0,17,11,6,17,13,4,0,0,0,5,5,0,4,3,1,2,1,1,0,0,0
486406,3,1,2,0,0,0,0,0,0,0,0,0,0,0,0,0,0,0,3,1,2,0,0,0,0,0,0,0,0,0
486415,209,29,180,0,0,0,9,2,7,172,25,147,17,1,16,3,0,3,8,1,7,0,0,0,0,0,0,0,0,0
486424,30,3,27,0,0,0,0,0,0,29,3,26,0,0,0,0,0,0,1,0,1,0,0,0,0,0,0,0,0,0
486433,62,15,47,1,0,1,8,2,6,2,0,2,8,1,7,0,0,0,34,11,23,5,0,5,4,1,3,0,0,0
486442,29,0,29,0,0,0,0,0,0,0,0,0,0,0,0,0,0,0,29,0,29,0,0,0,0,0,0,0,0,0
486460,28,5,23,0,0,0,3,1,2,4,0,4,2,0,2,0,0,0,12,3,9,0,0,0,7,1,6,0,0,0
486488,11,8,3,0,0,0,0,0,0,2,0,2,1,1,0,0,0,0,8,7,1,0,0,0,0,0,0,0,0,0
486497,30,23,7,0,0,0,9,7,2,1,1,0,8,6,2,0,0,0,10,8,2,0,0,0,2,1,1,0,0,0
486503,43,0,43,0,0,0,0,0,0,0,0,0,43,0,43,0,0,0,0,0,0,0,0,0,0,0,0,0,0,0
486512,88,67,21,0,0,0,0,0,0,0,0,0,88,67,21,0,0,0,0,0,0,0,0,0,0,0,0,0,0,0
486530,96,1,95,0,0,0,0,0,0,65,1,64,3,0,3,0,0,0,25,0,25,3,0,3,0,0,0,0,0,0
486558,109,102,7,0,0,0,13,13,0,13,11,2,27,24,3,4,4,0,24,23,1,11,10,1,16,16,0,1,1,0
486567,88,3,85,1,0,1,1,0,1,7,0,7,12,0,12,0,0,0,67,3,64,0,0,0,0,0,0,0,0,0
486576,78,16,62,0,0,0,0,0,0,0,0,0,76,16,60,0,0,0,0,0,0,0,0,0,2,0,2,0,0,0
486594,13,6,7,0,0,0,0,0,0,3,2,1,4,1,3,0,0,0,6,3,3,0,0,0,0,0,0,0,0,0
486619,69,1,68,0,0,0,3,0,3,2,0,2,15,0,15,0,0,0,47,1,46,2,0,2,0,0,0,0,0,0
486691,47,2,45,0,0,0,0,0,0,44,1,43,1,1,0,0,0,0,0,0,0,0,0,0,2,0,2,0,0,0
486707,77,3,74,0,0,0,1,0,1,35,1,34,5,0,5,0,0,0,28,2,26,7,0,7,1,0,1,0,0,0
486716,74,2,72,0,0,0,0,0,0,14,0,14,4,1,3,0,0,0,49,1,48,5,0,5,2,0,2,0,0,0
486752,84,0,84,0,0,0,0,0,0,9,0,9,4,0,4,1,0,1,65,0,65,4,0,4,1,0,1,0,0,0
486770,97,27,70,0,0,0,2,1,1,50,15,35,24,5,19,0,0,0,14,3,11,2,1,1,5,2,3,0,0,0
486798,1129,1046,83,10,10,0,2,2,0,271,243,28,433,413,20,5,5,0,270,244,26,48,44,4,90,85,5,0,0,0
486813,307,47,260,1,0,1,0,0,0,7,0,7,259,44,215,0,0,0,38,3,35,2,0,2,0,0,0,0,0,0
486822,603,58,545,12,1,11,7,0,7,25,5,20,283,33,250,0,0,0,251,15,236,19,3,16,6,1,5,0,0,0
486840,7458,3505,3953,12,7,5,390,207,183,1636,707,929,683,300,383,9,2,7,4026,1932,2094,286,133,153,186,98,88,230,119,111
486859,18,0,18,0,0,0,0,0,0,0,0,0,1,0,1,0,0,0,16,0,16,1,0,1,0,0,0,0,0,0
486868,22,0,22,1,0,1,0,0,0,0,0,0,5,0,5,0,0,0,16,0,16,0,0,0,0,0,0,0,0,0
486877,8,0,8,0,0,0,0,0,0,1,0,1,2,0,2,0,0,0,5,0,5,0,0,0,0,0,0,0,0,0
486886,22,0,22,0,0,0,1,0,1,1,0,1,5,0,5,0,0,0,11,0,11,0,0,0,4,0,4,0,0,0
486901,338,128,210,0,0,0,2,1,1,11,6,5,8,2,6,1,1,0,290,104,186,7,2,5,0,0,0,19,12,7
486938,115,19,96,0,0,0,29,6,23,8,1,7,25,2,23,2,0,2,46,10,36,4,0,4,1,0,1,0,0,0
486947,101,13,88,0,0,0,7,1,6,16,1,15,3,0,3,0,0,0,67,8,59,6,3,3,2,0,2,0,0,0
486956,212,26,186,0,0,0,21,4,17,74,10,64,36,5,31,2,0,2,73,7,66,6,0,6,0,0,0,0,0,0
486965,51,18,33,0,0,0,0,0,0,7,2,5,3,1,2,0,0,0,35,14,21,4,1,3,2,0,2,0,0,0
486983,13,3,10,0,0,0,1,0,1,2,0,2,2,0,2,0,0,0,6,1,5,1,1,0,1,1,0,0,0,0
487010,1320,436,884,2,0,2,132,49,83,135,32,103,55,24,31,0,0,0,930,312,618,19,7,12,33,8,25,14,4,10
487047,158,6,152,0,0,0,0,0,0,108,4,104,1,0,1,0,0,0,19,0,19,0,0,0,30,2,28,0,0,0
487065,40,1,39,0,0,0,0,0,0,0,0,0,13,0,13,0,0,0,27,1,26,0,0,0,0,0,0,0,0,0
487083,26,1,25,0,0,0,0,0,0,1,0,1,4,0,4,0,0,0,20,1,19,1,0,1,0,0,0,0,0,0
487092,452,199,253,0,0,0,133,60,73,29,12,17,49,20,29,0,0,0,144,60,84,15,7,8,4,2,2,78,38,40
487153,2,0,2,0,0,0,0,0,0,0,0,0,0,0,0,0,0,0,2,0,2,0,0,0,0,0,0,0,0,0
487162,1399,544,855,7,0,7,18,3,15,436,130,306,132,59,73,1,0,1,787,345,442,5,1,4,10,5,5,3,1,2
487232,105,1,104,0,0,0,1,0,1,8,0,8,57,1,56,0,0,0,39,0,39,0,0,0,0,0,0,0,0,0
487302,216,70,146,0,0,0,21,6,15,53,11,42,4,2,2,0,0,0,122,48,74,7,1,6,9,2,7,0,0,0
487311,174,156,18,1,1,0,4,4,0,58,50,8,23,20,3,1,1,0,70,64,6,4,4,0,13,12,1,0,0,0
487320,2621,1914,707,6,5,1,16,12,4,142,108,34,1275,819,456,5,5,0,1077,892,185,41,31,10,59,42,17,0,0,0
487348,104,2,102,1,0,1,6,0,6,3,0,3,10,0,10,1,0,1,76,1,75,6,0,6,1,1,0,0,0,0
487375,83,11,72,1,0,1,15,3,12,9,1,8,33,6,27,2,0,2,22,1,21,1,0,1,0,0,0,0,0,0
487384,374,121,253,1,0,1,0,0,0,137,43,94,81,28,53,3,1,2,6,2,4,5,1,4,141,46,95,0,0,0
487393,486,158,328,0,0,0,3,1,2,147,47,100,107,33,74,1,0,1,26,6,20,4,3,1,198,68,130,0,0,0
487409,455,205,250,2,1,1,1,1,0,93,39,54,151,58,93,1,1,0,4,4,0,0,0,0,203,101,102,0,0,0
487418,481,201,280,0,0,0,0,0,0,129,55,74,24,14,10,1,1,0,2,0,2,2,0,2,323,131,192,0,0,0
487427,336,94,242,1,0,1,2,1,1,46,11,35,40,11,29,0,0,0,13,2,11,5,0,5,229,69,160,0,0,0
487436,257,58,199,1,0,1,5,2,3,92,23,69,24,6,18,0,0,0,15,2,13,2,1,1,118,24,94,0,0,0
487445,421,184,237,0,0,0,1,0,1,117,44,73,45,20,25,0,0,0,14,7,7,1,0,1,243,113,130,0,0,0
487454,386,128,258,0,0,0,1,1,0,106,35,71,43,13,30,1,1,0,10,4,6,0,0,0,225,74,151,0,0,0
487472,547,166,381,2,2,0,7,2,5,126,43,83,132,29,103,1,0,1,28,12,16,3,2,1,248,76,172,0,0,0
487481,522,119,403,9,1,8,1,1,0,18,4,14,143,30,113,1,0,1,27,6,21,4,0,4,319,77,242,0,0,0
487490,549,167,382,1,1,0,2,2,0,134,24,110,76,16,60,4,3,1,13,6,7,12,2,10,307,113,194,0,0,0
487506,77,1,76,0,0,0,1,0,1,5,0,5,5,0,5,0,0,0,66,1,65,0,0,0,0,0,0,0,0,0
487524,768,290,478,2,0,2,15,10,5,33,19,14,11,7,4,1,0,1,654,230,424,12,5,7,18,9,9,22,10,12
487533,73,2,71,0,0,0,3,0,3,14,1,13,15,0,15,1,0,1,40,1,39,0,0,0,0,0,0,0,0,0
487588,279,13,266,3,0,3,2,0,2,187,8,179,11,0,11,0,0,0,39,4,35,0,0,0,37,1,36,0,0,0
487597,343,334,9,1,1,0,19,19,0,8,8,0,199,192,7,6,6,0,57,56,1,29,29,0,24,23,1,0,0,0
487603,203,73,130,2,0,2,14,3,11,14,5,9,29,14,15,2,0,2,127,46,81,13,4,9,2,1,1,0,0,0
487621,10,8,2,0,0,0,0,0,0,9,7,2,0,0,0,0,0,0,1,1,0,0,0,0,0,0,0,0,0,0
487649,32,10,22,0,0,0,2,0,2,0,0,0,0,0,0,0,0,0,1,1,0,1,1,0,0,0,0,28,8,20
487658,28,22,6,0,0,0,0,0,0,6,5,1,1,1,0,0,0,0,20,16,4,1,0,1,0,0,0,0,0,0
487676,81,2,79,0,0,0,1,0,1,20,1,19,6,0,6,0,0,0,51,1,50,0,0,0,0,0,0,3,0,3
487773,63,9,54,2,1,1,2,0,2,0,0,0,19,4,15,0,0,0,36,4,32,4,0,4,0,0,0,0,0,0
487791,450,422,28,1,1,0,5,5,0,94,86,8,146,140,6,0,0,0,182,169,13,14,13,1,2,2,0,6,6,0
487807,10,5,5,0,0,0,0,0,0,7,2,5,2,2,0,0,0,0,1,1,0,0,0,0,0,0,0,0,0,0
487816,10,0,10,0,0,0,0,0,0,10,0,10,0,0,0,0,0,0,0,0,0,0,0,0,0,0,0,0,0,0
487852,15,4,11,0,0,0,0,0,0,1,0,1,1,0,1,0,0,0,12,4,8,1,0,1,0,0,0,0,0,0
487861,97,13,84,1,0,1,5,1,4,87,11,76,0,0,0,0,0,0,4,1,3,0,0,0,0,0,0,0,0,0
487889,219,32,187,9,1,8,0,0,0,1,0,1,181,27,154,0,0,0,28,4,24,0,0,0,0,0,0,0,0,0
487898,7,6,1,0,0,0,0,0,0,5,4,1,1,1,0,0,0,0,1,1,0,0,0,0,0,0,0,0,0,0
487904,32,25,7,0,0,0,0,0,0,1,1,0,4,4,0,0,0,0,27,20,7,0,0,0,0,0,0,0,0,0
487913,10,10,0,0,0,0,0,0,0,0,0,0,0,0,0,0,0,0,10,10,0,0,0,0,0,0,0,0,0,0
487922,30,0,30,0,0,0,0,0,0,1,0,1,2,0,2,0,0,0,26,0,26,0,0,0,0,0,0,1,0,1
487959,35,1,34,0,0,0,0,0,0,5,0,5,9,1,8,0,0,0,20,0,20,0,0,0,1,0,1,0,0,0
487968,28,1,27,0,0,0,1,0,1,26,1,25,0,0,0,0,0,0,1,0,1,0,0,0,0,0,0,0,0,0
487977,1086,66,1020,16,0,16,36,1,35,164,14,150,226,17,209,6,0,6,590,31,559,39,3,36,9,0,9,0,0,0
487995,20,6,14,0,0,0,15,5,10,0,0,0,0,0,0,0,0,0,0,0,0,0,0,0,0,0,0,5,1,4
488004,8,8,0,0,0,0,0,0,0,0,0,0,0,0,0,0,0,0,7,7,0,0,0,0,0,0,0,1,1,0
488013,42,1,41,1,0,1,4,1,3,12,0,12,16,0,16,1,0,1,2,0,2,4,0,4,2,0,2,0,0,0
488022,14,10,4,0,0,0,0,0,0,13,9,4,1,1,0,0,0,0,0,0,0,0,0,0,0,0,0,0,0,0
488031,28,15,13,0,0,0,3,2,1,2,1,1,5,2,3,0,0,0,7,4,3,0,0,0,11,6,5,0,0,0
488040,37,32,5,0,0,0,0,0,0,36,31,5,0,0,0,0,0,0,1,1,0,0,0,0,0,0,0,0,0,0
488059,26,12,14,0,0,0,0,0,0,0,0,0,21,7,14,0,0,0,5,5,0,0,0,0,0,0,0,0,0,0
488068,25,4,21,0,0,0,0,0,0,0,0,0,0,0,0,0,0,0,24,4,20,0,0,0,0,0,0,1,0,1
488077,1055,1045,10,7,7,0,8,8,0,25,25,0,110,110,0,6,6,0,824,814,10,38,38,0,37,37,0,0,0,0
488101,17,17,0,0,0,0,0,0,0,0,0,0,0,0,0,0,0,0,17,17,0,0,0,0,0,0,0,0,0,0
488110,33,0,33,0,0,0,0,0,0,2,0,2,17,0,17,0,0,0,14,0,14,0,0,0,0,0,0,0,0,0
488129,4,0,4,0,0,0,0,0,0,4,0,4,0,0,0,0,0,0,0,0,0,0,0,0,0,0,0,0,0,0
488138,61,2,59,1,0,1,0,0,0,37,1,36,2,0,2,1,0,1,20,1,19,0,0,0,0,0,0,0,0,0
488147,42,4,38,0,0,0,0,0,0,19,1,18,23,3,20,0,0,0,0,0,0,0,0,0,0,0,0,0,0,0
488174,12,7,5,0,0,0,0,0,0,7,5,2,1,1,0,0,0,0,4,1,3,0,0,0,0,0,0,0,0,0
488183,10,0,10,0,0,0,0,0,0,1,0,1,0,0,0,0,0,0,9,0,9,0,0,0,0,0,0,0,0,0
488192,49,48,1,1,1,0,2,2,0,5,5,0,23,22,1,2,2,0,12,12,0,4,4,0,0,0,0,0,0,0
488217,53,2,51,0,0,0,0,0,0,3,0,3,2,0,2,0,0,0,46,2,44,1,0,1,1,0,1,0,0,0
488226,10,3,7,0,0,0,1,0,1,1,0,1,4,1,3,0,0,0,4,2,2,0,0,0,0,0,0,0,0,0
488253,127,80,47,0,0,0,5,3,2,36,27,9,42,28,14,0,0,0,26,15,11,4,1,3,5,3,2,9,3,6
488262,11,6,5,0,0,0,0,0,0,2,2,0,2,1,1,1,1,0,5,1,4,1,1,0,0,0,0,0,0,0
488271,73,3,70,1,0,1,2,0,2,3,0,3,5,1,4,2,0,2,60,2,58,0,0,0,0,0,0,0,0,0
488280,15,12,3,0,0,0,0,0,0,4,4,0,6,3,3,0,0,0,4,4,0,1,1,0,0,0,0,0,0,0
488299,12,4,8,0,0,0,4,2,2,0,0,0,8,2,6,0,0,0,0,0,0,0,0,0,0,0,0,0,0,0
488305,45,25,20,0,0,0,0,0,0,3,1,2,9,4,5,0,0,0,26,16,10,1,0,1,2,1,1,4,3,1
488314,2,2,0,0,0,0,0,0,0,0,0,0,0,0,0,0,0,0,1,1,0,0,0,0,0,0,0,1,1,0
488332,30,2,28,0,0,0,0,0,0,29,2,27,1,0,1,0,0,0,0,0,0,0,0,0,0,0,0,0,0,0
488350,30,30,0,0,0,0,0,0,0,0,0,0,0,0,0,0,0,0,25,25,0,0,0,0,0,0,0,5,5,0
488369,40,33,7,0,0,0,2,2,0,14,10,4,7,7,0,0,0,0,13,10,3,1,1,0,3,3,0,0,0,0
488378,84,3,81,3,0,3,8,2,6,9,0,9,0,0,0,0,0,0,64,1,63,0,0,0,0,0,0,0,0,0
488387,84,14,70,2,0,2,3,2,1,27,6,21,14,0,14,1,0,1,32,5,27,0,0,0,2,1,1,3,0,3
488396,32,21,11,0,0,0,0,0,0,31,21,10,1,0,1,0,0,0,0,0,0,0,0,0,0,0,0,0,0,0
488411,91,1,90,2,0,2,2,0,2,0,0,0,15,0,15,0,0,0,59,1,58,8,0,8,5,0,5,0,0,0
488420,104,18,86,0,0,0,2,0,2,12,3,9,9,1,8,0,0,0,75,14,61,6,0,6,0,0,0,0,0,0
488439,31,24,7,0,0,0,1,1,0,19,15,4,1,0,1,0,0,0,9,8,1,1,0,1,0,0,0,0,0,0
488448,46,34,12,3,1,2,5,5,0,5,3,2,5,4,1,0,0,0,25,19,6,1,1,0,0,0,0,2,1,1
488527,175,90,85,6,3,3,28,10,18,8,2,6,6,3,3,0,0,0,112,59,53,3,3,0,10,8,2,2,2,0
488554,145,73,72,1,1,0,33,17,16,2,2,0,30,10,20,0,0,0,60,34,26,7,2,5,12,7,5,0,0,0
488563,7,4,3,0,0,0,1,1,0,0,0,0,1,0,1,0,0,0,0,0,0,0,0,0,1,1,0,4,2,2
488572,77,40,37,0,0,0,42,20,22,3,3,0,4,3,1,0,0,0,22,11,11,2,0,2,4,3,1,0,0,0
488590,6,2,4,0,0,0,1,0,1,0,0,0,0,0,0,0,0,0,5,2,3,0,0,0,0,0,0,0,0,0
488651,120,13,107,0,0,0,0,0,0,1,0,1,95,11,84,0,0,0,18,2,16,2,0,2,4,0,4,0,0,0
488679,3738,1004,2734,8,1,7,54,16,38,819,168,651,155,43,112,2,2,0,2490,710,1780,111,24,87,29,7,22,70,33,37
488730,838,317,521,1,0,1,32,10,22,116,45,71,414,145,269,0,0,0,262,112,150,13,5,8,0,0,0,0,0,0
488749,62,10,52,0,0,0,0,0,0,36,6,30,2,2,0,0,0,0,24,2,22,0,0,0,0,0,0,0,0,0
488776,52,23,29,0,0,0,6,4,2,2,1,1,3,2,1,0,0,0,30,11,19,1,0,1,10,5,5,0,0,0
488785,50,31,19,1,0,1,0,0,0,9,5,4,14,11,3,2,1,1,21,12,9,1,0,1,0,0,0,2,2,0
488800,307,95,212,2,1,1,20,6,14,15,4,11,67,22,45,3,1,2,178,52,126,13,3,10,9,6,3,0,0,0
488828,6,3,3,2,1,1,0,0,0,1,1,0,1,1,0,0,0,0,2,0,2,0,0,0,0,0,0,0,0,0
488837,421,368,53,1,1,0,9,9,0,273,229,44,10,10,0,1,1,0,115,107,8,12,11,1,0,0,0,0,0,0
488846,1300,849,451,0,0,0,1,1,0,6,5,1,2,2,0,0,0,0,13,2,11,0,0,0,1278,839,439,0,0,0
488891,84,16,68,0,0,0,0,0,0,21,1,20,57,14,43,0,0,0,6,1,5,0,0,0,0,0,0,0,0,0
488907,6,1,5,0,0,0,3,0,3,0,0,0,0,0,0,0,0,0,2,1,1,0,0,0,0,0,0,1,0,1
488916,15,0,15,2,0,2,0,0,0,5,0,5,0,0,0,0,0,0,8,0,8,0,0,0,0,0,0,0,0,0
488934,3448,1793,1655,330,182,148,126,62,64,334,155,179,943,420,523,4,4,0,1560,891,669,149,78,71,2,1,1,0,0,0
488952,63,2,61,1,0,1,0,0,0,15,0,15,17,1,16,0,0,0,28,1,27,1,0,1,1,0,1,0,0,0
488961,50,2,48,0,0,0,0,0,0,7,0,7,7,1,6,0,0,0,32,1,31,2,0,2,2,0,2,0,0,0
488970,55,5,50,0,0,0,0,0,0,3,0,3,5,0,5,0,0,0,45,5,40,2,0,2,0,0,0,0,0,0
488989,125,5,120,0,0,0,1,0,1,10,0,10,55,0,55,0,0,0,54,3,51,1,0,1,3,2,1,1,0,1
488998,88,11,77,0,0,0,0,0,0,0,0,0,8,0,8,0,0,0,20,0,20,7,0,7,53,11,42,0,0,0
489122,30,3,27,0,0,0,1,0,1,6,2,4,8,0,8,0,0,0,11,0,11,0,0,0,3,0,3,1,1,0
489131,50,8,42,0,0,0,5,1,4,3,0,3,5,2,3,0,0,0,34,5,29,0,0,0,3,0,3,0,0,0
489140,44,5,39,1,0,1,9,1,8,6,2,4,3,2,1,0,0,0,24,0,24,0,0,0,1,0,1,0,0,0
489159,109,2,107,0,0,0,3,0,3,55,1,54,5,0,5,0,0,0,44,1,43,0,0,0,2,0,2,0,0,0
489201,898,320,578,3,1,2,106,43,63,22,7,15,387,128,259,0,0,0,337,121,216,38,18,20,5,2,3,0,0,0
489238,246,34,212,2,2,0,8,0,8,87,10,77,78,11,67,3,1,2,62,10,52,0,0,0,6,0,6,0,0,0
489247,16,3,13,0,0,0,0,0,0,0,0,0,7,2,5,1,0,1,7,1,6,0,0,0,1,0,1,0,0,0
489256,64,62,2,0,0,0,0,0,0,0,0,0,64,62,2,0,0,0,0,0,0,0,0,0,0,0,0,0,0,0
489283,348,43,305,0,0,0,1,0,1,2,0,2,334,42,292,0,0,0,9,1,8,0,0,0,2,0,2,0,0,0
489335,5,3,2,0,0,0,3,2,1,0,0,0,0,0,0,0,0,0,2,1,1,0,0,0,0,0,0,0,0,0
489344,47,2,45,0,0,0,4,0,4,21,1,20,5,0,5,0,0,0,17,1,16,0,0,0,0,0,0,0,0,0
489353,103,19,84,1,0,1,15,4,11,5,1,4,22,3,19,2,1,1,54,9,45,4,1,3,0,0,0,0,0,0
489371,125,118,7,1,1,0,8,7,1,11,10,1,61,59,2,2,2,0,31,30,1,6,5,1,5,4,1,0,0,0
489779,12959,4690,8269,66,24,42,426,159,267,2492,752,1740,1586,661,925,57,21,36,7470,2747,4723,463,183,280,373,132,241,26,11,15
489812,51,3,48,1,0,1,0,0,0,0,0,0,2,0,2,0,0,0,46,3,43,2,0,2,0,0,0,0,0,0
489830,35,0,35,0,0,0,0,0,0,14,0,14,1,0,1,0,0,0,20,0,20,0,0,0,0,0,0,0,0,0
489858,150,46,104,0,0,0,55,21,34,6,1,5,24,3,21,1,1,0,54,18,36,1,0,1,9,2,7,0,0,0
489937,188,131,57,1,1,0,3,1,2,38,23,15,5,5,0,0,0,0,133,96,37,3,1,2,2,1,1,3,3,0
490018,12,10,2,0,0,0,0,0,0,7,6,1,2,2,0,0,0,0,3,2,1,0,0,0,0,0,0,0,0,0
490045,23,11,12,0,0,0,11,4,7,0,0,0,0,0,0,0,0,0,0,0,0,0,0,0,6,5,1,6,2,4
490054,470,216,254,0,0,0,1,0,1,124,34,90,65,43,22,1,1,0,168,96,72,18,11,7,93,31,62,0,0,0
490063,159,80,79,0,0,0,0,0,0,0,0,0,0,0,0,0,0,0,0,0,0,0,0,0,0,0,0,159,80,79
490081,16,9,7,0,0,0,2,0,2,0,0,0,0,0,0,0,0,0,0,0,0,0,0,0,0,0,0,14,9,5
490090,5,3,2,0,0,0,0,0,0,4,2,2,1,1,0,0,0,0,0,0,0,0,0,0,0,0,0,0,0,0
490106,84,36,48,0,0,0,68,31,37,0,0,0,0,0,0,0,0,0,9,2,7,0,0,0,6,2,4,1,1,0
490115,31,24,7,0,0,0,0,0,0,12,7,5,1,0,1,0,0,0,18,17,1,0,0,0,0,0,0,0,0,0
490133,657,342,315,1,0,1,18,8,10,10,5,5,34,12,22,0,0,0,53,28,25,8,3,5,332,190,142,201,96,105
490142,17,3,14,0,0,0,0,0,0,17,3,14,0,0,0,0,0,0,0,0,0,0,0,0,0,0,0,0,0,0
490151,76,5,71,0,0,0,6,1,5,18,2,16,1,0,1,0,0,0,51,2,49,0,0,0,0,0,0,0,0,0
490160,28,7,21,0,0,0,4,2,2,1,0,1,5,0,5,1,0,1,16,5,11,1,0,1,0,0,0,0,0,0
490197,16,5,11,0,0,0,4,1,3,0,0,0,11,3,8,0,0,0,0,0,0,1,1,0,0,0,0,0,0,0
490203,64,3,61,1,0,1,1,0,1,0,0,0,2,0,2,0,0,0,59,3,56,1,0,1,0,0,0,0,0,0
490221,19,1,18,0,0,0,0,0,0,0,0,0,2,0,2,0,0,0,15,1,14,0,0,0,2,0,2,0,0,0
490230,2,1,1,0,0,0,0,0,0,0,0,0,1,1,0,0,0,0,0,0,0,0,0,0,0,0,0,1,0,1
490249,26,26,0,0,0,0,1,1,0,10,10,0,15,15,0,0,0,0,0,0,0,0,0,0,0,0,0,0,0,0
490258,69,11,58,0,0,0,3,0,3,4,1,3,28,6,22,0,0,0,28,3,25,6,1,5,0,0,0,0,0,0
490267,11,11,0,0,0,0,0,0,0,2,2,0,2,2,0,0,0,0,7,7,0,0,0,0,0,0,0,0,0,0
490276,39,39,0,0,0,0,0,0,0,0,0,0,0,0,0,0,0,0,39,39,0,0,0,0,0,0,0,0,0,0
490285,91,77,14,0,0,0,17,13,4,18,15,3,14,13,1,3,3,0,12,9,3,27,24,3,0,0,0,0,0,0
490294,49,19,30,3,0,3,1,0,1,3,3,0,36,15,21,0,0,0,6,1,5,0,0,0,0,0,0,0,0,0
490300,55,15,40,0,0,0,0,0,0,3,1,2,18,2,16,1,1,0,31,10,21,1,0,1,0,0,0,1,1,0
490319,4,4,0,0,0,0,0,0,0,0,0,0,0,0,0,0,0,0,4,4,0,0,0,0,0,0,0,0,0,0
490328,7,7,0,0,0,0,0,0,0,0,0,0,0,0,0,0,0,0,7,7,0,0,0,0,0,0,0,0,0,0
490337,65,10,55,1,0,1,34,4,30,13,4,9,8,1,7,0,0,0,3,0,3,0,0,0,6,1,5,0,0,0
490346,42,0,42,0,0,0,0,0,0,0,0,0,0,0,0,0,0,0,42,0,42,0,0,0,0,0,0,0,0,0
490373,77,35,42,0,0,0,9,5,4,4,0,4,5,1,4,0,0,0,19,10,9,2,0,2,38,19,19,0,0,0
490382,57,9,48,0,0,0,1,0,1,23,3,20,6,0,6,0,0,0,14,2,12,0,0,0,0,0,0,13,4,9
490391,83,1,82,0,0,0,0,0,0,0,0,0,83,1,82,0,0,0,0,0,0,0,0,0,0,0,0,0,0,0
490407,52,1,51,0,0,0,1,0,1,42,0,42,3,1,2,0,0,0,5,0,5,0,0,0,1,0,1,0,0,0
490416,19,18,1,1,1,0,0,0,0,10,10,0,0,0,0,0,0,0,8,7,1,0,0,0,0,0,0,0,0,0
490425,162,1,161,0,0,0,7,0,7,20,0,20,41,1,40,0,0,0,79,0,79,7,0,7,8,0,8,0,0,0
490434,21,0,21,0,0,0,0,0,0,0,0,0,0,0,0,0,0,0,21,0,21,0,0,0,0,0,0,0,0,0
490443,148,1,147,0,0,0,19,0,19,57,1,56,15,0,15,0,0,0,33,0,33,13,0,13,11,0,11,0,0,0
490452,16,2,14,1,0,1,1,1,0,0,0,0,5,1,4,0,0,0,9,0,9,0,0,0,0,0,0,0,0,0
490461,114,6,108,0,0,0,5,0,5,21,0,21,19,1,18,0,0,0,58,4,54,1,0,1,0,0,0,10,1,9
490470,14,0,14,0,0,0,0,0,0,8,0,8,0,0,0,0,0,0,6,0,6,0,0,0,0,0,0,0,0,0
490489,7,6,1,0,0,0,0,0,0,5,4,1,0,0,0,0,0,0,1,1,0,0,0,0,1,1,0,0,0,0
490498,15,9,6,0,0,0,0,0,0,2,1,1,2,2,0,0,0,0,10,6,4,0,0,0,1,0,1,0,0,0
490504,12,12,0,0,0,0,0,0,0,0,0,0,0,0,0,0,0,0,12,12,0,0,0,0,0,0,0,0,0,0
490513,23,23,0,0,0,0,0,0,0,0,0,0,0,0,0,0,0,0,23,23,0,0,0,0,0,0,0,0,0,0
490522,9,0,9,0,0,0,1,0,1,4,0,4,2,0,2,0,0,0,2,0,2,0,0,0,0,0,0,0,0,0
490531,15,15,0,0,0,0,0,0,0,14,14,0,1,1,0,0,0,0,0,0,0,0,0,0,0,0,0,0,0,0
490540,6,0,6,0,0,0,0,0,0,2,0,2,0,0,0,0,0,0,4,0,4,0,0,0,0,0,0,0,0,0
490559,153,8,145,0,0,0,7,1,6,98,6,92,26,0,26,0,0,0,15,0,15,1,1,0,6,0,6,0,0,0
490601,135,81,54,0,0,0,29,13,16,1,0,1,6,5,1,0,0,0,76,52,24,7,5,2,8,2,6,8,4,4
490674,3,0,3,0,0,0,0,0,0,1,0,1,1,0,1,0,0,0,1,0,1,0,0,0,0,0,0,0,0,0
490692,23,22,1,0,0,0,0,0,0,18,17,1,0,0,0,0,0,0,3,3,0,1,1,0,1,1,0,0,0,0
490717,56,3,53,1,0,1,1,0,1,7,0,7,21,1,20,0,0,0,19,1,18,5,0,5,2,1,1,0,0,0
490735,115,32,83,0,0,0,3,0,3,58,23,35,41,7,34,0,0,0,13,2,11,0,0,0,0,0,0,0,0,0
490744,22,17,5,0,0,0,0,0,0,19,14,5,1,1,0,0,0,0,2,2,0,0,0,0,0,0,0,0,0,0
490753,15,4,11,0,0,0,0,0,0,1,1,0,2,1,1,0,0,0,12,2,10,0,0,0,0,0,0,0,0,0
490805,1949,779,1170,2,1,1,77,34,43,140,43,97,354,138,216,2,2,0,1166,448,718,42,12,30,25,14,11,141,87,54
490814,89,4,85,0,0,0,1,0,1,9,0,9,7,0,7,0,0,0,62,2,60,6,0,6,4,2,2,0,0,0
490832,117,5,112,0,0,0,0,0,0,29,1,28,4,0,4,0,0,0,74,4,70,4,0,4,6,0,6,0,0,0
490841,121,3,118,0,0,0,1,0,1,25,0,25,21,1,20,0,0,0,51,2,49,5,0,5,17,0,17,1,0,1
490869,117,18,99,1,1,0,2,1,1,32,3,29,46,8,38,0,0,0,28,4,24,6,0,6,2,1,1,0,0,0
490878,232,49,183,3,0,3,34,11,23,4,2,2,113,22,91,0,0,0,64,11,53,13,3,10,1,0,1,0,0,0
490896,230,24,206,0,0,0,11,5,6,37,2,35,47,4,43,1,0,1,131,13,118,1,0,1,2,0,2,0,0,0
490948,6,6,0,0,0,0,0,0,0,5,5,0,1,1,0,0,0,0,0,0,0,0,0,0,0,0,0,0,0,0
490975,99,7,92,0,0,0,0,0,0,30,1,29,55,4,51,0,0,0,9,1,8,5,1,4,0,0,0,0,0,0
491057,38,38,0,0,0,0,0,0,0,0,0,0,0,0,0,0,0,0,38,38,0,0,0,0,0,0,0,0,0,0
491066,52,0,52,0,0,0,0,0,0,0,0,0,29,0,29,0,0,0,14,0,14,9,0,9,0,0,0,0,0,0
491075,42,40,2,0,0,0,0,0,0,7,6,1,2,2,0,0,0,0,32,31,1,1,1,0,0,0,0,0,0,0
491084,94,2,92,0,0,0,0,0,0,38,1,37,1,0,1,0,0,0,7,1,6,0,0,0,48,0,48,0,0,0
491136,51,1,50,1,0,1,0,0,0,16,0,16,11,0,11,0,0,0,12,1,11,1,0,1,10,0,10,0,0,0
491145,53,5,48,0,0,0,0,0,0,11,0,11,19,3,16,0,0,0,20,2,18,2,0,2,1,0,1,0,0,0
491181,111,13,98,0,0,0,0,0,0,0,0,0,0,0,0,0,0,0,109,13,96,2,0,2,0,0,0,0,0,0
491190,26,5,21,0,0,0,4,1,3,4,2,2,9,1,8,0,0,0,8,0,8,0,0,0,0,0,0,1,1,0
491215,87,86,1,5,4,1,0,0,0,3,3,0,25,25,0,2,2,0,51,51,0,0,0,0,1,1,0,0,0,0
491224,20,1,19,0,0,0,1,0,1,3,0,3,2,0,2,0,0,0,13,1,12,1,0,1,0,0,0,0,0,0
491233,33,1,32,0,0,0,5,1,4,18,0,18,1,0,1,0,0,0,9,0,9,0,0,0,0,0,0,0,0,0
491242,36,11,25,2,0,2,1,1,0,0,0,0,8,6,2,1,0,1,17,2,15,3,2,1,4,0,4,0,0,0
491251,57,34,23,0,0,0,0,0,0,7,5,2,9,4,5,0,0,0,33,19,14,8,6,2,0,0,0,0,0,0
491260,13,0,13,0,0,0,0,0,0,0,0,0,0,0,0,0,0,0,12,0,12,0,0,0,1,0,1,0,0,0
491288,124,24,100,1,0,1,2,0,2,1,0,1,4,2,2,0,0,0,112,22,90,0,0,0,4,0,4,0,0,0
491297,6,4,2,0,0,0,0,0,0,0,0,0,1,0,1,0,0,0,5,4,1,0,0,0,0,0,0,0,0,0
491394,58,49,9,0,0,0,1,0,1,23,18,5,16,16,0,0,0,0,14,12,2,2,2,0,2,1,1,0,0,0
491446,94,0,94,0,0,0,0,0,0,0,0,0,0,0,0,0,0,0,94,0,94,0,0,0,0,0,0,0,0,0
491464,112,13,99,0,0,0,26,6,20,11,1,10,69,5,64,0,0,0,3,1,2,2,0,2,1,0,1,0,0,0
491473,171,64,107,0,0,0,4,2,2,62,18,44,5,1,4,0,0,0,98,43,55,2,0,2,0,0,0,0,0,0
491482,32,4,28,1,0,1,0,0,0,5,1,4,9,1,8,0,0,0,17,2,15,0,0,0,0,0,0,0,0,0
491507,25,6,19,0,0,0,3,2,1,3,0,3,16,3,13,0,0,0,3,1,2,0,0,0,0,0,0,0,0,0
491525,14,3,11,0,0,0,0,0,0,0,0,0,1,1,0,0,0,0,13,2,11,0,0,0,0,0,0,0,0,0
491534,12,0,12,0,0,0,0,0,0,1,0,1,5,0,5,0,0,0,6,0,6,0,0,0,0,0,0,0,0,0
491543,73,18,55,3,0,3,36,13,23,5,1,4,21,3,18,0,0,0,3,0,3,0,0,0,0,0,0,5,1,4
491570,17,1,16,0,0,0,0,0,0,11,0,11,2,1,1,0,0,0,4,0,4,0,0,0,0,0,0,0,0,0
491589,14,12,2,0,0,0,0,0,0,10,8,2,4,4,0,0,0,0,0,0,0,0,0,0,0,0,0,0,0,0
491598,18,3,15,0,0,0,0,0,0,1,0,1,4,1,3,0,0,0,13,2,11,0,0,0,0,0,0,0,0,0
491613,1,1,0,0,0,0,0,0,0,0,0,0,0,0,0,0,0,0,1,1,0,0,0,0,0,0,0,0,0,0
491622,17,17,0,0,0,0,0,0,0,0,0,0,0,0,0,0,0,0,13,13,0,0,0,0,0,0,0,4,4,0
491631,52,0,52,0,0,0,0,0,0,0,0,0,0,0,0,0,0,0,52,0,52,0,0,0,0,0,0,0,0,0
491640,40,40,0,0,0,0,0,0,0,0,0,0,0,0,0,0,0,0,40,40,0,0,0,0,0,0,0,0,0,0
491659,76,40,36,1,0,1,10,7,3,18,11,7,19,10,9,3,2,1,20,8,12,5,2,3,0,0,0,0,0,0
491668,113,2,111,0,0,0,0,0,0,0,0,0,113,2,111,0,0,0,0,0,0,0,0,0,0,0,0,0,0,0
491677,25,15,10,0,0,0,1,1,0,4,1,3,14,10,4,0,0,0,4,2,2,2,1,1,0,0,0,0,0,0
491686,19,18,1,0,0,0,1,0,1,7,7,0,4,4,0,0,0,0,5,5,0,2,2,0,0,0,0,0,0,0
491695,21,1,20,0,0,0,0,0,0,21,1,20,0,0,0,0,0,0,0,0,0,0,0,0,0,0,0,0,0,0
491701,46,6,40,0,0,0,0,0,0,0,0,0,1,0,1,0,0,0,45,6,39,0,0,0,0,0,0,0,0,0
491710,13,13,0,0,0,0,0,0,0,0,0,0,0,0,0,0,0,0,13,13,0,0,0,0,0,0,0,0,0,0
491729,11,0,11,0,0,0,0,0,0,11,0,11,0,0,0,0,0,0,0,0,0,0,0,0,0,0,0,0,0,0
491738,60,3,57,0,0,0,16,1,15,0,0,0,5,0,5,8,1,7,10,1,9,17,0,17,4,0,4,0,0,0
491747,16,5,11,0,0,0,0,0,0,2,1,1,7,3,4,0,0,0,6,1,5,0,0,0,1,0,1,0,0,0
491756,68,63,5,0,0,0,7,6,1,17,17,0,32,31,1,1,0,1,3,3,0,7,6,1,0,0,0,1,0,1
491765,7,7,0,0,0,0,0,0,0,0,0,0,0,0,0,0,0,0,7,7,0,0,0,0,0,0,0,0,0,0
491774,66,5,61,0,0,0,15,1,14,40,4,36,9,0,9,0,0,0,2,0,2,0,0,0,0,0,0,0,0,0
491783,27,23,4,0,0,0,0,0,0,0,0,0,8,8,0,0,0,0,19,15,4,0,0,0,0,0,0,0,0,0
491792,105,1,104,0,0,0,2,0,2,2,0,2,8,0,8,1,0,1,79,1,78,3,0,3,10,0,10,0,0,0
491808,17,4,13,1,0,1,0,0,0,0,0,0,0,0,0,0,0,0,9,4,5,0,0,0,7,0,7,0,0,0
491817,173,0,173,0,0,0,0,0,0,0,0,0,0,0,0,0,0,0,173,0,173,0,0,0,0,0,0,0,0,0
491826,65,0,65,2,0,2,0,0,0,3,0,3,46,0,46,0,0,0,11,0,11,3,0,3,0,0,0,0,0,0
491835,85,5,80,0,0,0,1,0,1,13,1,12,30,1,29,1,0,1,28,0,28,12,3,9,0,0,0,0,0,0
491844,13,3,10,12,3,9,0,0,0,0,0,0,1,0,1,0,0,0,0,0,0,0,0,0,0,0,0,0,0,0
491853,23,0,23,0,0,0,1,0,1,0,0,0,21,0,21,0,0,0,1,0,1,0,0,0,0,0,0,0,0,0
491871,20,0,20,0,0,0,1,0,1,1,0,1,15,0,15,0,0,0,1,0,1,0,0,0,2,0,2,0,0,0
491880,64,60,4,0,0,0,4,4,0,5,5,0,19,17,2,1,1,0,29,27,2,6,6,0,0,0,0,0,0,0
491899,48,7,41,0,0,0,15,3,12,8,0,8,18,3,15,0,0,0,7,1,6,0,0,0,0,0,0,0,0,0
491905,57,1,56,0,0,0,0,0,0,37,0,37,4,0,4,0,0,0,16,1,15,0,0,0,0,0,0,0,0,0
491914,40,40,0,0,0,0,0,0,0,0,0,0,0,0,0,0,0,0,39,39,0,0,0,0,0,0,0,1,1,0
491923,199,4,195,0,0,0,3,0,3,104,2,102,10,0,10,0,0,0,79,2,77,2,0,2,1,0,1,0,0,0
491932,25,23,2,1,0,1,0,0,0,8,8,0,5,5,0,1,1,0,10,9,1,0,0,0,0,0,0,0,0,0
491941,48,0,48,0,0,0,0,0,0,4,0,4,4,0,4,0,0,0,38,0,38,2,0,2,0,0,0,0,0,0
491950,759,131,628,5,2,3,80,18,62,85,15,70,313,43,270,12,5,7,208,37,171,21,4,17,35,7,28,0,0,0
491969,13,0,13,0,0,0,0,0,0,2,0,2,1,0,1,0,0,0,10,0,10,0,0,0,0,0,0,0,0,0
491978,25,7,18,0,0,0,0,0,0,22,5,17,2,2,0,0,0,0,0,0,0,1,0,1,0,0,0,0,0,0
491996,52,3,49,0,0,0,0,0,0,1,1,0,14,0,14,0,0,0,30,1,29,7,1,6,0,0,0,0,0,0
492005,18,0,18,0,0,0,0,0,0,1,0,1,0,0,0,0,0,0,16,0,16,1,0,1,0,0,0,0,0,0
492032,78,0,78,0,0,0,20,0,20,7,0,7,11,0,11,0,0,0,38,0,38,1,0,1,1,0,1,0,0,0
492069,10,5,5,0,0,0,0,0,0,1,1,0,3,1,2,0,0,0,6,3,3,0,0,0,0,0,0,0,0,0
492078,131,131,0,0,0,0,23,23,0,16,16,0,40,40,0,0,0,0,52,52,0,0,0,0,0,0,0,0,0,0
492087,3,3,0,0,0,0,0,0,0,2,2,0,0,0,0,0,0,0,1,1,0,0,0,0,0,0,0,0,0,0
492096,3,0,3,0,0,0,0,0,0,3,0,3,0,0,0,0,0,0,0,0,0,0,0,0,0,0,0,0,0,0
492139,183,140,43,1,1,0,0,0,0,101,68,33,14,11,3,0,0,0,57,51,6,9,8,1,1,1,0,0,0,0
492157,211,197,14,1,1,0,3,3,0,72,66,6,88,84,4,0,0,0,29,27,2,16,15,1,2,1,1,0,0,0
492209,3,0,3,0,0,0,0,0,0,0,0,0,0,0,0,0,0,0,2,0,2,0,0,0,1,0,1,0,0,0
492281,15,10,5,0,0,0,0,0,0,13,8,5,1,1,0,0,0,0,1,1,0,0,0,0,0,0,0,0,0,0
492306,112,19,93,3,0,3,2,1,1,1,1,0,68,9,59,2,1,1,31,6,25,5,1,4,0,0,0,0,0,0
492315,149,23,126,0,0,0,21,3,18,1,0,1,30,7,23,3,0,3,94,13,81,0,0,0,0,0,0,0,0,0
492324,342,38,304,0,0,0,11,2,9,11,1,10,201,21,180,19,2,17,77,11,66,23,1,22,0,0,0,0,0,0
492360,40,11,29,0,0,0,0,0,0,20,7,13,4,0,4,0,0,0,16,4,12,0,0,0,0,0,0,0,0,0
492379,31,27,4,2,2,0,0,0,0,0,0,0,2,1,1,0,0,0,27,24,3,0,0,0,0,0,0,0,0,0
492421,13,13,0,0,0,0,0,0,0,11,11,0,1,1,0,0,0,0,1,1,0,0,0,0,0,0,0,0,0,0
492449,389,44,345,4,2,2,18,6,12,6,1,5,225,23,202,1,0,1,110,10,100,25,2,23,0,0,0,0,0,0
492476,35,8,27,0,0,0,0,0,0,0,0,0,35,8,27,0,0,0,0,0,0,0,0,0,0,0,0,0,0,0
492591,34,27,7,0,0,0,0,0,0,5,3,2,15,13,2,0,0,0,4,3,1,2,1,1,8,7,1,0,0,0
492607,14,4,10,0,0,0,2,0,2,8,3,5,0,0,0,0,0,0,3,1,2,0,0,0,1,0,1,0,0,0
492643,95,16,79,0,0,0,5,4,1,26,4,22,10,1,9,1,0,1,22,6,16,6,0,6,25,1,24,0,0,0
492652,39,14,25,0,0,0,1,1,0,31,10,21,2,2,0,0,0,0,5,1,4,0,0,0,0,0,0,0,0,0
492661,136,12,124,6,0,6,14,1,13,20,5,15,63,4,59,3,0,3,23,1,22,2,0,2,5,1,4,0,0,0
492689,298,99,199,0,0,0,37,13,24,11,4,7,187,52,135,0,0,0,55,26,29,5,3,2,2,1,1,1,0,1
492704,18,12,6,0,0,0,0,0,0,0,0,0,18,12,6,0,0,0,0,0,0,0,0,0,0,0,0,0,0,0
492722,277,14,263,1,0,1,1,0,1,8,0,8,234,12,222,0,0,0,31,1,30,0,0,0,2,1,1,0,0,0
492731,103,25,78,0,0,0,4,1,3,38,8,30,24,8,16,1,0,1,32,7,25,1,0,1,1,0,1,2,1,1
492759,53,4,49,1,1,0,1,0,1,22,0,22,2,0,2,0,0,0,26,3,23,1,0,1,0,0,0,0,0,0
492801,377,156,221,4,3,1,5,1,4,17,8,9,17,4,13,3,2,1,301,125,176,11,2,9,18,11,7,1,0,1
492935,32,5,27,0,0,0,0,0,0,1,0,1,31,5,26,0,0,0,0,0,0,0,0,0,0,0,0,0,0,0
492953,60,3,57,3,1,2,2,0,2,1,0,1,30,2,28,1,0,1,5,0,5,1,0,1,17,0,17,0,0,0
492962,579,213,366,1,1,0,2,0,2,134,31,103,26,11,15,1,1,0,356,139,217,19,8,11,38,21,17,2,1,1
493071,63,12,51,0,0,0,0,0,0,0,0,0,63,12,51,0,0,0,0,0,0,0,0,0,0,0,0,0,0,0
493080,260,133,127,3,1,2,54,28,26,8,4,4,55,26,29,3,2,1,90,44,46,32,18,14,15,10,5,0,0,0
493132,256,249,7,0,0,0,13,13,0,23,22,1,121,118,3,0,0,0,65,63,2,19,19,0,14,13,1,1,1,0
493150,105,5,100,0,0,0,1,0,1,51,3,48,5,1,4,0,0,0,39,1,38,9,0,9,0,0,0,0,0,0
493363,10,7,3,0,0,0,0,0,0,0,0,0,0,0,0,0,0,0,10,7,3,0,0,0,0,0,0,0,0,0
493372,10,1,9,1,0,1,0,0,0,0,0,0,4,1,3,0,0,0,4,0,4,1,0,1,0,0,0,0,0,0
493451,73,7,66,0,0,0,1,0,1,5,1,4,2,1,1,0,0,0,64,5,59,1,0,1,0,0,0,0,0,0
493479,9,3,6,0,0,0,0,0,0,1,0,1,3,1,2,0,0,0,4,2,2,0,0,0,1,0,1,0,0,0
493488,2,0,2,0,0,0,0,0,0,2,0,2,0,0,0,0,0,0,0,0,0,0,0,0,0,0,0,0,0,0
493497,10,2,8,0,0,0,1,0,1,3,0,3,0,0,0,0,0,0,6,2,4,0,0,0,0,0,0,0,0,0
493503,30,18,12,1,1,0,0,0,0,3,2,1,15,11,4,0,0,0,9,3,6,1,1,0,0,0,0,1,0,1
493512,72,46,26,1,0,1,0,0,0,17,16,1,41,19,22,0,0,0,13,11,2,0,0,0,0,0,0,0,0,0
493521,1,1,0,0,0,0,0,0,0,0,0,0,0,0,0,0,0,0,1,1,0,0,0,0,0,0,0,0,0,0
493530,27,6,21,0,0,0,0,0,0,2,0,2,1,0,1,0,0,0,24,6,18,0,0,0,0,0,0,0,0,0
493549,49,41,8,0,0,0,0,0,0,0,0,0,46,38,8,0,0,0,2,2,0,1,1,0,0,0,0,0,0,0
493558,11,11,0,0,0,0,0,0,0,0,0,0,0,0,0,0,0,0,11,11,0,0,0,0,0,0,0,0,0,0
493567,70,3,67,0,0,0,0,0,0,22,2,20,38,0,38,0,0,0,10,1,9,0,0,0,0,0,0,0,0,0
493576,13,0,13,0,0,0,0,0,0,9,0,9,0,0,0,0,0,0,3,0,3,1,0,1,0,0,0,0,0,0
493594,16,16,0,0,0,0,0,0,0,0,0,0,0,0,0,0,0,0,16,16,0,0,0,0,0,0,0,0,0,0
493600,8,8,0,0,0,0,0,0,0,0,0,0,0,0,0,0,0,0,8,8,0,0,0,0,0,0,0,0,0,0
493619,31,13,18,0,0,0,1,0,1,1,0,1,1,1,0,0,0,0,20,10,10,3,1,2,0,0,0,5,1,4
493628,85,5,80,0,0,0,10,4,6,28,0,28,30,1,29,0,0,0,10,0,10,0,0,0,7,0,7,0,0,0
493646,185,0,185,0,0,0,0,0,0,0,0,0,0,0,0,0,0,0,185,0,185,0,0,0,0,0,0,0,0,0
493655,39,31,8,0,0,0,0,0,0,15,14,1,23,17,6,0,0,0,1,0,1,0,0,0,0,0,0,0,0,0
493664,22,22,0,0,0,0,0,0,0,0,0,0,0,0,0,0,0,0,22,22,0,0,0,0,0,0,0,0,0,0
493673,27,11,16,0,0,0,0,0,0,0,0,0,27,11,16,0,0,0,0,0,0,0,0,0,0,0,0,0,0,0
493682,35,0,35,0,0,0,0,0,0,11,0,11,8,0,8,0,0,0,14,0,14,2,0,2,0,0,0,0,0,0
493691,8,0,8,0,0,0,0,0,0,0,0,0,0,0,0,0,0,0,8,0,8,0,0,0,0,0,0,0,0,0
493707,16,16,0,0,0,0,0,0,0,0,0,0,0,0,0,0,0,0,15,15,0,0,0,0,0,0,0,1,1,0
493716,38,38,0,0,0,0,0,0,0,0,0,0,0,0,0,0,0,0,38,38,0,0,0,0,0,0,0,0,0,0
493725,231,85,146,4,0,4,3,2,1,45,6,39,2,1,1,0,0,0,158,72,86,6,1,5,12,3,9,1,0,1
493734,12,9,3,0,0,0,0,0,0,10,7,3,2,2,0,0,0,0,0,0,0,0,0,0,0,0,0,0,0,0
493743,143,80,63,0,0,0,3,1,2,64,44,20,69,32,37,0,0,0,7,3,4,0,0,0,0,0,0,0,0,0
493752,15,0,15,0,0,0,0,0,0,15,0,15,0,0,0,0,0,0,0,0,0,0,0,0,0,0,0,0,0,0
493761,42,18,24,0,0,0,6,3,3,11,4,7,14,9,5,0,0,0,8,2,6,2,0,2,1,0,1,0,0,0
493770,24,1,23,0,0,0,0,0,0,2,0,2,2,0,2,0,0,0,20,1,19,0,0,0,0,0,0,0,0,0
493789,72,0,72,2,0,2,3,0,3,25,0,25,19,0,19,0,0,0,5,0,5,2,0,2,16,0,16,0,0,0
493798,226,0,226,0,0,0,0,0,0,0,0,0,0,0,0,0,0,0,226,0,226,0,0,0,0,0,0,0,0,0
493804,56,43,13,0,0,0,0,0,0,18,17,1,34,23,11,0,0,0,4,3,1,0,0,0,0,0,0,0,0,0
493813,68,4,64,0,0,0,1,0,1,23,3,20,21,0,21,0,0,0,14,0,14,0,0,0,9,1,8,0,0,0
493822,30,7,23,2,0,2,1,0,1,7,3,4,8,1,7,0,0,0,7,1,6,0,0,0,5,2,3,0,0,0
493831,10,6,4,0,0,0,0,0,0,8,6,2,1,0,1,0,0,0,1,0,1,0,0,0,0,0,0,0,0,0
493868,32,28,4,0,0,0,0,0,0,8,7,1,20,19,1,0,0,0,3,1,2,1,1,0,0,0,0,0,0,0
493895,296,264,32,0,0,0,18,16,2,13,12,1,25,22,3,1,1,0,178,159,19,6,5,1,44,40,4,11,9,2
493910,4,0,4,1,0,1,0,0,0,0,0,0,0,0,0,0,0,0,1,0,1,0,0,0,2,0,2,0,0,0
493992,250,59,191,1,0,1,1,1,0,89,16,73,69,12,57,2,1,1,78,27,51,9,2,7,1,0,1,0,0,0
494001,85,2,83,0,0,0,0,0,0,41,1,40,11,0,11,0,0,0,31,1,30,2,0,2,0,0,0,0,0,0
494010,38,13,25,1,0,1,7,2,5,18,4,14,7,4,3,0,0,0,5,3,2,0,0,0,0,0,0,0,0,0
494029,5,4,1,0,0,0,0,0,0,4,3,1,1,1,0,0,0,0,0,0,0,0,0,0,0,0,0,0,0,0
494162,3,0,3,0,0,0,0,0,0,2,0,2,0,0,0,0,0,0,1,0,1,0,0,0,0,0,0,0,0,0
494171,87,8,79,0,0,0,4,0,4,8,0,8,16,2,14,0,0,0,51,4,47,8,2,6,0,0,0,0,0,0
494232,85,4,81,0,0,0,1,0,1,57,1,56,9,1,8,1,0,1,16,2,14,0,0,0,1,0,1,0,0,0
494250,95,6,89,0,0,0,0,0,0,39,2,37,13,0,13,0,0,0,23,2,21,2,0,2,18,2,16,0,0,0
494269,15,12,3,1,1,0,1,1,0,2,1,1,0,0,0,0,0,0,11,9,2,0,0,0,0,0,0,0,0,0
494278,63,6,57,0,0,0,0,0,0,0,0,0,63,6,57,0,0,0,0,0,0,0,0,0,0,0,0,0,0,0
494287,100,30,70,0,0,0,0,0,0,0,0,0,100,30,70,0,0,0,0,0,0,0,0,0,0,0,0,0,0,0
494357,456,127,329,3,0,3,19,7,12,22,2,20,64,17,47,5,0,5,14,6,8,3,0,3,326,95,231,0,0,0
494436,97,25,72,0,0,0,0,0,0,3,1,2,6,2,4,0,0,0,83,19,64,5,3,2,0,0,0,0,0,0
494463,224,0,224,0,0,0,0,0,0,0,0,0,0,0,0,0,0,0,224,0,224,0,0,0,0,0,0,0,0,0
494472,8,0,8,0,0,0,0,0,0,2,0,2,3,0,3,0,0,0,3,0,3,0,0,0,0,0,0,0,0,0
494524,101,2,99,0,0,0,1,0,1,7,1,6,36,0,36,0,0,0,45,1,44,10,0,10,1,0,1,1,0,1
494551,15,1,14,0,0,0,2,0,2,3,0,3,0,0,0,0,0,0,10,1,9,0,0,0,0,0,0,0,0,0
494588,181,23,158,0,0,0,2,1,1,18,4,14,128,11,117,0,0,0,27,4,23,5,2,3,1,1,0,0,0,0
494597,39,15,24,0,0,0,1,0,1,10,5,5,7,3,4,0,0,0,21,7,14,0,0,0,0,0,0,0,0,0
494603,644,496,148,0,0,0,107,71,36,27,13,14,88,66,22,5,4,1,294,236,58,2,0,2,114,102,12,7,4,3
494621,59,6,53,0,0,0,3,0,3,14,1,13,2,0,2,0,0,0,37,4,33,3,1,2,0,0,0,0,0,0
494630,7,4,3,0,0,0,0,0,0,0,0,0,6,3,3,0,0,0,1,1,0,0,0,0,0,0,0,0,0,0
494649,15,0,15,0,0,0,0,0,0,0,0,0,0,0,0,0,0,0,15,0,15,0,0,0,0,0,0,0,0,0
494658,22,2,20,0,0,0,3,0,3,5,0,5,9,0,9,2,0,2,2,1,1,0,0,0,0,0,0,1,1,0
494685,49,21,28,2,1,1,1,1,0,3,1,2,8,3,5,0,0,0,33,14,19,0,0,0,0,0,0,2,1,1
494694,75,0,75,0,0,0,10,0,10,39,0,39,5,0,5,0,0,0,18,0,18,0,0,0,3,0,3,0,0,0
494700,19,1,18,0,0,0,0,0,0,0,0,0,17,1,16,0,0,0,0,0,0,0,0,0,0,0,0,2,0,2
494719,26,20,6,0,0,0,0,0,0,17,13,4,5,4,1,0,0,0,3,3,0,1,0,1,0,0,0,0,0,0
494728,21,18,3,0,0,0,0,0,0,11,9,2,9,8,1,0,0,0,1,1,0,0,0,0,0,0,0,0,0,0
494737,32,32,0,0,0,0,0,0,0,0,0,0,0,0,0,0,0,0,32,32,0,0,0,0,0,0,0,0,0,0
494746,31,5,26,1,0,1,4,2,2,1,0,1,5,0,5,1,0,1,8,2,6,6,0,6,5,1,4,0,0,0
494755,25,2,23,0,0,0,1,0,1,2,0,2,0,0,0,0,0,0,22,2,20,0,0,0,0,0,0,0,0,0
494764,15,14,1,0,0,0,0,0,0,4,3,1,3,3,0,0,0,0,7,7,0,1,1,0,0,0,0,0,0,0
494807,96,22,74,0,0,0,0,0,0,0,0,0,96,22,74,0,0,0,0,0,0,0,0,0,0,0,0,0,0,0
494843,347,24,323,1,0,1,8,1,7,213,16,197,100,7,93,1,0,1,18,0,18,4,0,4,2,0,2,0,0,0
494852,394,103,291,2,2,0,5,2,3,71,7,64,98,36,62,1,0,1,202,52,150,15,4,11,0,0,0,0,0,0
494898,39,2,37,0,0,0,0,0,0,3,0,3,3,1,2,0,0,0,30,1,29,0,0,0,3,0,3,0,0,0
494904,318,27,291,0,0,0,8,0,8,77,7,70,129,10,119,0,0,0,92,7,85,0,0,0,12,3,9,0,0,0
494940,1,1,0,0,0,0,0,0,0,0,0,0,0,0,0,0,0,0,0,0,0,0,0,0,0,0,0,1,1,0
494959,15,2,13,0,0,0,1,1,0,0,0,0,1,0,1,0,0,0,11,0,11,2,1,1,0,0,0,0,0,0
494977,99,10,89,0,0,0,1,0,1,92,8,84,6,2,4,0,0,0,0,0,0,0,0,0,0,0,0,0,0,0
494986,10,1,9,0,0,0,0,0,0,0,0,0,1,0,1,0,0,0,8,1,7,0,0,0,1,0,1,0,0,0
494995,2,2,0,0,0,0,0,0,0,2,2,0,0,0,0,0,0,0,0,0,0,0,0,0,0,0,0,0,0,0
495013,52,47,5,0,0,0,4,4,0,0,0,0,15,12,3,0,0,0,28,26,2,0,0,0,5,5,0,0,0,0
495031,19,19,0,0,0,0,0,0,0,0,0,0,0,0,0,0,0,0,19,19,0,0,0,0,0,0,0,0,0,0
495040,69,0,69,1,0,1,23,0,23,3,0,3,7,0,7,13,0,13,5,0,5,17,0,17,0,0,0,0,0,0
495059,9,7,2,0,0,0,0,0,0,0,0,0,4,3,1,0,0,0,5,4,1,0,0,0,0,0,0,0,0,0
495077,3,0,3,0,0,0,0,0,0,0,0,0,3,0,3,0,0,0,0,0,0,0,0,0,0,0,0,0,0,0
495101,41,8,33,0,0,0,0,0,0,0,0,0,2,1,1,0,0,0,36,6,30,3,1,2,0,0,0,0,0,0
495110,5,5,0,0,0,0,0,0,0,0,0,0,0,0,0,0,0,0,5,5,0,0,0,0,0,0,0,0,0,0
495129,61,54,7,0,0,0,5,4,1,5,3,2,36,36,0,0,0,0,15,11,4,0,0,0,0,0,0,0,0,0
495138,8,4,4,0,0,0,0,0,0,5,2,3,2,1,1,0,0,0,1,1,0,0,0,0,0,0,0,0,0,0
495147,10,5,5,0,0,0,0,0,0,0,0,0,2,0,2,0,0,0,6,4,2,0,0,0,0,0,0,2,1,1
495165,26,1,25,0,0,0,1,0,1,5,0,5,19,1,18,0,0,0,1,0,1,0,0,0,0,0,0,0,0,0
495174,12,5,7,0,0,0,0,0,0,0,0,0,12,5,7,0,0,0,0,0,0,0,0,0,0,0,0,0,0,0
495183,13,8,5,0,0,0,0,0,0,0,0,0,3,1,2,0,0,0,0,0,0,0,0,0,0,0,0,10,7,3
495192,172,33,139,1,0,1,10,1,9,25,5,20,97,17,80,0,0,0,33,9,24,4,0,4,2,1,1,0,0,0
495208,8,7,1,0,0,0,0,0,0,6,5,1,2,2,0,0,0,0,0,0,0,0,0,0,0,0,0,0,0,0
495217,32,24,8,0,0,0,0,0,0,20,16,4,0,0,0,0,0,0,12,8,4,0,0,0,0,0,0,0,0,0
495226,4,0,4,0,0,0,0,0,0,0,0,0,0,0,0,0,0,0,4,0,4,0,0,0,0,0,0,0,0,0
495235,2,1,1,0,0,0,0,0,0,2,1,1,0,0,0,0,0,0,0,0,0,0,0,0,0,0,0,0,0,0
495244,35,1,34,0,0,0,1,0,1,26,1,25,5,0,5,0,0,0,3,0,3,0,0,0,0,0,0,0,0,0
495253,21,2,19,6,0,6,0,0,0,1,0,1,2,1,1,0,0,0,12,1,11,0,0,0,0,0,0,0,0,0
495262,23,0,23,0,0,0,2,0,2,0,0,0,1,0,1,0,0,0,18,0,18,1,0,1,1,0,1,0,0,0
495271,2,0,2,0,0,0,0,0,0,0,0,0,1,0,1,0,0,0,1,0,1,0,0,0,0,0,0,0,0,0
495280,8,5,3,6,4,2,0,0,0,0,0,0,0,0,0,0,0,0,2,1,1,0,0,0,0,0,0,0,0,0
495299,15,0,15,0,0,0,0,0,0,0,0,0,15,0,15,0,0,0,0,0,0,0,0,0,0,0,0,0,0,0
495305,49,11,38,0,0,0,0,0,0,0,0,0,45,8,37,0,0,0,0,0,0,0,0,0,0,0,0,4,3,1
495314,18,11,7,0,0,0,6,6,0,1,1,0,0,0,0,0,0,0,11,4,7,0,0,0,0,0,0,0,0,0
495341,8,4,4,0,0,0,0,0,0,1,0,1,0,0,0,0,0,0,5,2,3,2,2,0,0,0,0,0,0,0
495350,6,3,3,0,0,0,0,0,0,0,0,0,1,1,0,0,0,0,3,1,2,1,1,0,1,0,1,0,0,0
495369,25,3,22,0,0,0,0,0,0,7,1,6,5,1,4,0,0,0,7,1,6,2,0,2,4,0,4,0,0,0
495378,42,0,42,0,0,0,1,0,1,5,0,5,5,0,5,0,0,0,31,0,31,0,0,0,0,0,0,0,0,0
495387,2,2,0,0,0,0,0,0,0,1,1,0,1,1,0,0,0,0,0,0,0,0,0,0,0,0,0,0,0,0
495396,12,2,10,0,0,0,1,0,1,5,1,4,6,1,5,0,0,0,0,0,0,0,0,0,0,0,0,0,0,0
495411,72,6,66,0,0,0,0,0,0,0,0,0,4,1,3,1,1,0,8,2,6,3,0,3,56,2,54,0,0,0
495518,8,0,8,0,0,0,0,0,0,5,0,5,0,0,0,0,0,0,2,0,2,0,0,0,1,0,1,0,0,0
495730,40,1,39,1,0,1,4,0,4,6,0,6,1,0,1,0,0,0,27,1,26,1,0,1,0,0,0,0,0,0
495767,22059,11550,10509,37,17,20,1422,772,650,1061,477,584,1543,713,830,20,8,12,14123,7375,6748,849,428,421,451,248,203,2553,1512,1041
495776,35,33,2,0,0,0,2,2,0,4,4,0,23,22,1,0,0,0,5,5,0,0,0,0,1,0,1,0,0,0
495794,136,5,131,0,0,0,0,0,0,34,1,33,6,0,6,0,0,0,89,3,86,3,0,3,4,1,3,0,0,0
495837,126,8,118,1,0,1,1,0,1,45,1,44,14,2,12,0,0,0,53,4,49,8,0,8,4,1,3,0,0,0
495916,2,2,0,0,0,0,0,0,0,0,0,0,0,0,0,0,0,0,1,1,0,0,0,0,1,1,0,0,0,0
495925,64,4,60,0,0,0,0,0,0,0,0,0,45,2,43,0,0,0,8,1,7,1,0,1,10,1,9,0,0,0
495934,58,3,55,0,0,0,4,1,3,0,0,0,52,1,51,0,0,0,1,0,1,1,1,0,0,0,0,0,0,0
495943,47,1,46,0,0,0,0,0,0,0,0,0,25,1,24,0,0,0,19,0,19,3,0,3,0,0,0,0,0,0
495952,45,15,30,0,0,0,0,0,0,1,0,1,30,8,22,1,1,0,3,1,2,6,1,5,4,4,0,0,0,0
495961,38,4,34,0,0,0,3,2,1,1,0,1,27,1,26,0,0,0,3,0,3,1,1,0,2,0,2,1,0,1
495970,24,10,14,0,0,0,0,0,0,0,0,0,24,10,14,0,0,0,0,0,0,0,0,0,0,0,0,0,0,0
495998,94,6,88,3,0,3,2,0,2,3,2,1,68,4,64,1,0,1,17,0,17,0,0,0,0,0,0,0,0,0
496043,58,18,40,0,0,0,23,7,16,3,1,2,12,5,7,3,1,2,10,3,7,7,1,6,0,0,0,0,0,0
496052,18,10,8,0,0,0,1,0,1,3,3,0,10,4,6,0,0,0,4,3,1,0,0,0,0,0,0,0,0,0
496061,374,5,369,2,0,2,18,2,16,94,1,93,30,1,29,0,0,0,175,1,174,25,0,25,30,0,30,0,0,0
496186,44,39,5,0,0,0,6,5,1,12,11,1,3,3,0,0,0,0,7,5,2,16,15,1,0,0,0,0,0,0
496265,1,1,0,0,0,0,0,0,0,0,0,0,0,0,0,0,0,0,1,1,0,0,0,0,0,0,0,0,0,0
496283,4,0,4,0,0,0,0,0,0,0,0,0,1,0,1,0,0,0,3,0,3,0,0,0,0,0,0,0,0,0
496292,47,38,9,0,0,0,0,0,0,16,11,5,2,2,0,0,0,0,27,23,4,1,1,0,1,1,0,0,0,0
496326,4,0,4,0,0,0,0,0,0,0,0,0,0,0,0,0,0,0,3,0,3,0,0,0,1,0,1,0,0,0
496371,4,4,0,0,0,0,0,0,0,0,0,0,0,0,0,0,0,0,4,4,0,0,0,0,0,0,0,0,0,0
496399,20,1,19,1,0,1,0,0,0,3,0,3,13,1,12,0,0,0,3,0,3,0,0,0,0,0,0,0,0,0
496469,25,3,22,0,0,0,0,0,0,0,0,0,0,0,0,0,0,0,0,0,0,0,0,0,0,0,0,25,3,22
496478,39,30,9,0,0,0,0,0,0,7,3,4,1,1,0,0,0,0,30,26,4,1,0,1,0,0,0,0,0,0
496511,9,0,9,0,0,0,0,0,0,1,0,1,2,0,2,0,0,0,6,0,6,0,0,0,0,0,0,0,0,0
496520,5,0,5,0,0,0,0,0,0,0,0,0,0,0,0,0,0,0,5,0,5,0,0,0,0,0,0,0,0,0
496539,44,0,44,0,0,0,1,0,1,0,0,0,5,0,5,0,0,0,35,0,35,1,0,1,2,0,2,0,0,0
496593,317,206,111,0,0,0,20,11,9,8,7,1,22,15,7,1,1,0,217,139,78,34,22,12,15,11,4,0,0,0
496627,297,128,169,3,2,1,136,56,80,11,6,5,7,3,4,0,0,0,89,40,49,44,18,26,7,3,4,0,0,0
496636,94,22,72,0,0,0,0,0,0,6,1,5,88,21,67,0,0,0,0,0,0,0,0,0,0,0,0,0,0,0
496645,62,29,33,0,0,0,1,0,1,13,3,10,6,4,2,0,0,0,37,20,17,5,2,3,0,0,0,0,0,0
496654,36,10,26,0,0,0,14,2,12,4,2,2,15,5,10,0,0,0,3,1,2,0,0,0,0,0,0,0,0,0
496663,32,25,7,0,0,0,0,0,0,17,14,3,15,11,4,0,0,0,0,0,0,0,0,0,0,0,0,0,0,0
496672,10,2,8,1,1,0,0,0,0,0,0,0,1,0,1,0,0,0,8,1,7,0,0,0,0,0,0,0,0,0
496681,20,2,18,0,0,0,0,0,0,18,1,17,1,1,0,1,0,1,0,0,0,0,0,0,0,0,0,0,0,0
496690,3,0,3,0,0,0,0,0,0,0,0,0,0,0,0,0,0,0,2,0,2,1,0,1,0,0,0,0,0,0
496706,204,105,99,2,1,1,3,1,2,123,64,59,20,12,8,0,0,0,56,27,29,0,0,0,0,0,0,0,0,0
496715,44,4,40,0,0,0,16,2,14,22,2,20,2,0,2,0,0,0,4,0,4,0,0,0,0,0,0,0,0,0
496724,28,0,28,0,0,0,0,0,0,6,0,6,0,0,0,0,0,0,21,0,21,0,0,0,1,0,1,0,0,0
496733,45,1,44,1,0,1,1,0,1,0,0,0,18,0,18,0,0,0,21,1,20,4,0,4,0,0,0,0,0,0
496742,13,2,11,0,0,0,0,0,0,4,2,2,1,0,1,0,0,0,8,0,8,0,0,0,0,0,0,0,0,0
496751,67,10,57,0,0,0,4,0,4,17,3,14,29,4,25,6,1,5,11,2,9,0,0,0,0,0,0,0,0,0
496894,13,1,12,0,0,0,0,0,0,5,0,5,3,0,3,0,0,0,5,1,4,0,0,0,0,0,0,0,0,0
496919,2,1,1,0,0,0,0,0,0,0,0,0,1,0,1,0,0,0,0,0,0,0,0,0,1,1,0,0,0,0
496964,3,3,0,0,0,0,0,0,0,2,2,0,1,1,0,0,0,0,0,0,0,0,0,0,0,0,0,0,0,0
497000,201,15,186,0,0,0,0,0,0,28,4,24,2,1,1,0,0,0,11,1,10,11,0,11,143,7,136,6,2,4
497046,228,44,184,2,1,1,18,6,12,2,0,2,173,25,148,1,0,1,28,12,16,4,0,4,0,0,0,0,0,0
497091,222,24,198,0,0,0,0,0,0,0,0,0,0,0,0,0,0,0,0,0,0,0,0,0,222,24,198,0,0,0
497161,222,197,25,0,0,0,0,0,0,109,92,17,4,4,0,0,0,0,85,77,8,2,2,0,0,0,0,22,22,0
497189,18,0,18,0,0,0,0,0,0,0,0,0,0,0,0,0,0,0,18,0,18,0,0,0,0,0,0,0,0,0
497198,200,7,193,0,0,0,0,0,0,27,1,26,8,1,7,0,0,0,158,4,154,0,0,0,7,1,6,0,0,0
497204,15,13,2,0,0,0,0,0,0,0,0,0,15,13,2,0,0,0,0,0,0,0,0,0,0,0,0,0,0,0
497213,8,4,4,0,0,0,0,0,0,0,0,0,0,0,0,0,0,0,7,4,3,0,0,0,0,0,0,1,0,1
497222,27,1,26,0,0,0,0,0,0,3,0,3,8,0,8,0,0,0,16,1,15,0,0,0,0,0,0,0,0,0
497277,344,35,309,8,0,8,5,0,5,39,4,35,183,14,169,0,0,0,84,9,75,17,4,13,8,4,4,0,0,0
497310,74,1,73,1,0,1,7,0,7,3,0,3,24,1,23,0,0,0,24,0,24,11,0,11,4,0,4,0,0,0
