UNITID,EFBAGE,LINE,LSTUDY,EFAGE01,EFAGE02,EFAGE03,EFAGE04,EFAGE05,EFAGE06,EFAGE07,EFAGE08,EFAGE09
100663,1,412,1,5686,9394,2217,4342,15080,6559,7903,13736,21639
100706,1,412,1,3936,2651,1397,1253,6587,2650,5333,3904,9237
100751,1,412,1,14326,18267,2180,3871,32593,6051,16506,22138,38644
100760,1,412,1,224,290,527,736,514,1263,751,1026,1777
100812,1,412,1,322,830,565,1177,1152,1742,887,2007,2894
100830,1,412,1,1255,2005,645,1204,3260,1849,1900,3209,5109
100858,1,412,1,12829,13650,2849,2436,26479,5285,15678,16086,31764
100937,1,412,1,511,458,1,5,969,6,512,463,975
101143,1,412,1,517,428,494,571,945,1065,1011,999,2010
101161,1,412,1,1052,1656,1820,2272,2708,4092,2872,3928,6800
101189,1,412,1,854,1214,299,450,2068,749,1153,1664,2817
101240,1,412,1,820,1183,844,1505,2003,2349,1664,2688,4352
101286,1,412,1,403,856,792,1781,1259,2573,1195,2637,3832
101295,1,412,1,887,1446,1285,2347,2333,3632,2172,3793,5965
101301,1,412,1,237,279,541,803,516,1344,778,1082,1860
101435,1,412,1,447,350,7,13,797,20,454,363,817
101453,1,412,1,38,6,86,13,44,99,124,19,143
101462,1,412,1,103,120,285,468,223,753,388,588,976
101480,1,412,1,2813,4137,1026,1656,6950,2682,3839,5793,9632
101505,1,412,1,812,1199,2278,4142,2011,6420,3090,5341,8431
101514,1,412,1,1313,1385,2385,3080,2698,5465,3698,4465,8163
101569,1,412,1,450,660,537,1272,1110,1809,987,1932,2919
101587,1,412,1,1158,3828,284,590,4986,874,1442,4418,5860
101602,1,412,1,290,469,588,582,759,1170,878,1051,1929
101648,1,412,1,232,88,0,0,320,0,232,88,320
101709,1,412,1,757,1366,129,334,2123,463,886,1700,2586
101736,1,412,1,401,504,1452,1675,905,3127,1853,2179,4032
101897,1,412,1,349,572,553,1116,921,1669,902,1688,2590
101912,1,412,1,564,766,68,72,1330,140,632,838,1470
101994,1,412,1,99,86,97,152,185,249,196,238,434
102030,1,412,1,427,551,613,1377,978,1990,1040,1928,2968
102049,1,412,1,1752,3699,72,159,5451,231,1824,3858,5682
102067,1,412,1,851,884,847,1584,1735,2431,1698,2468,4166
102076,1,412,1,373,639,555,940,1012,1495,928,1579,2507
102094,1,412,1,3532,7516,752,1638,11048,2390,4284,9154,13438
102234,1,412,1,403,517,64,62,920,126,467,579,1046
102313,1,412,1,360,454,411,759,814,1170,771,1213,1984
102368,1,412,1,2819,5401,2279,3657,8220,5936,5098,9058,14156
102377,1,412,1,849,1563,63,95,2412,158,912,1658,2570
102395,1,412,1,41,18,134,47,59,181,175,65,240
102429,1,412,1,446,608,1049,1600,1054,2649,1495,2208,3703
102553,1,412,1,1732,2310,2407,4015,4042,6422,4139,6325,10464
102614,1,412,1,1221,1442,1310,2634,2663,3944,2531,4076,6607
102632,1,412,1,211,320,458,934,531,1392,669,1254,1923
103741,1,412,1,9,115,1,59,124,60,10,174,184
104151,1,412,1,36735,34602,4679,4049,71337,8728,41414,38651,80065
104160,1,412,1,870,1119,2387,3674,1989,6061,3257,4793,8050
104179,1,412,1,15669,20654,6316,6764,36323,13080,21985,27418,49403
104346,1,412,1,469,620,1312,2251,1089,3563,1781,2871,4652
104391,1,412,1,2,83,0,0,85,0,2,83,85
104425,1,412,1,576,816,1123,1282,1392,2405,1699,2098,3797
104443,1,412,1,4,42,1,13,46,14,5,55,60
104568,1,412,1,3,184,0,196,187,196,3,380,383
104577,1,412,1,627,724,1362,2151,1351,3513,1989,2875,4864
104586,1,412,1,2170,839,125,28,3009,153,2295,867,3162
104708,1,412,1,1842,1805,4073,5622,3647,9695,5915,7427,13342
104717,1,412,1,9589,14362,18299,59566,23951,77865,27888,73928,101816
105145,1,412,1,390,614,1273,2422,1004,3695,1663,3036,4699
105154,1,412,1,2027,2082,5082,6581,4109,11663,7109,8663,15772
105206,1,412,1,288,458,997,2295,746,3292,1285,2753,4038
105297,1,412,1,189,521,202,640,710,842,391,1161,1552
105330,1,412,1,8513,14222,1761,3590,22735,5351,10274,17812,28086
105349,1,412,1,231,272,760,1477,503,2237,991,1749,2740
105428,1,412,1,870,1347,2649,4783,2217,7432,3519,6130,9649
105525,1,412,1,1643,1824,4932,6894,3467,11826,6575,8718,15293
105659,1,412,1,916,90,0,0,1006,0,916,90,1006
105668,1,412,1,746,1259,6133,8940,2005,15073,6879,10199,17078
105747,1,412,1,722,757,2393,3193,1479,5586,3115,3950,7065
105792,1,412,1,380,454,1159,1713,834,2872,1539,2167,3706
106148,1,412,1,717,636,2250,3394,1353,5644,2967,4030,6997
106245,1,412,1,1727,2374,1448,2648,4101,4096,3175,5022,8197
106263,1,412,1,741,1595,180,724,2336,904,921,2319,3240
106324,1,412,1,1,17,0,11,18,11,1,28,29
106397,1,412,1,11193,14021,2508,3214,25214,5722,13701,17235,30936
106412,1,412,1,874,1094,176,243,1968,419,1050,1337,2387
106449,1,412,1,531,777,657,963,1308,1620,1188,1740,2928
106458,1,412,1,2304,3383,2289,5214,5687,7503,4593,8597,13190
106467,1,412,1,2323,2886,1662,2574,5209,4236,3985,5460,9445
106546,1,412,1,47,433,7,62,480,69,54,495,549
106625,1,412,1,262,440,324,540,702,864,586,980,1566
106713,1,412,1,270,191,42,61,461,103,312,252,564
106908,1,412,1,17,330,0,11,347,11,17,341,358
107080,1,412,1,556,574,12,2,1130,14,568,576,1144
107099,1,412,1,5,85,0,0,90,0,5,85,90
107141,1,412,1,551,831,341,603,1382,944,892,1434,2326
107318,1,412,1,42,123,347,467,165,814,389,590,979
107512,1,412,1,665,943,66,110,1608,176,731,1053,1784
107521,1,412,1,94,230,799,709,324,1508,893,939,1832
107558,1,412,1,368,402,6,8,770,14,374,410,784
107585,1,412,1,407,579,352,550,986,902,759,1129,1888
107600,1,412,1,285,390,33,61,675,94,318,451,769
107619,1,412,1,149,292,302,491,441,793,451,783,1234
107664,1,412,1,802,1374,629,1440,2176,2069,1431,2814,4245
107725,1,412,1,147,259,259,523,406,782,406,782,1188
107743,1,412,1,129,216,125,209,345,334,254,425,679
107789,1,412,1,1,108,0,0,109,0,1,108,109
107974,1,412,1,165,321,205,471,486,676,370,792,1162
107983,1,412,1,1607,1748,689,1050,3355,1739,2296,2798,5094
107992,1,412,1,221,253,188,281,474,469,409,534,943
108092,1,412,1,1303,2083,863,1130,3386,1993,2166,3213,5379
108232,1,412,1,1435,1825,1260,2266,3260,3526,2695,4091,6786
108667,1,412,1,355,280,2054,2984,635,5038,2409,3264,5673
108807,1,412,1,1483,1549,3319,3978,3032,7297,4802,5527,10329
108852,1,412,1,93,127,0,0,220,0,93,127,220
109208,1,412,1,2005,2329,12205,10883,4334,23088,14210,13212,27422
109350,1,412,1,1654,1837,3530,4819,3491,8349,5184,6656,11840
109785,1,412,1,1435,3402,601,1731,4837,2332,2036,5133,7169
109819,1,412,1,3039,4205,8689,10940,7244,19629,11728,15145,26873
109907,1,412,1,353,766,624,1141,1119,1765,977,1907,2884
109934,1,412,1,39,359,0,0,398,0,39,359,398
110097,1,412,1,1626,2290,779,692,3916,1471,2405,2982,5387
110246,1,412,1,1904,2187,2268,3003,4091,5271,4172,5190,9362
110316,1,412,1,267,878,140,860,1145,1000,407,1738,2145
110334,1,412,1,829,957,3172,4191,1786,7363,4001,5148,9149
110361,1,412,1,3216,6138,699,1442,9354,2141,3915,7580,11495
110398,1,412,1,458,702,14,19,1160,33,472,721,1193
110404,1,412,1,1464,937,0,0,2401,0,1464,937,2401
110413,1,412,1,1455,1908,90,162,3363,252,1545,2070,3615
110422,1,412,1,10473,10229,793,505,20702,1298,11266,10734,22000
110486,1,412,1,2483,5130,679,1321,7613,2000,3162,6451,9613
110495,1,412,1,2435,5324,858,1537,7759,2395,3293,6861,10154
110510,1,412,1,5583,9569,1837,2814,15152,4651,7420,12383,19803
110529,1,412,1,12040,10493,2739,2231,22533,4970,14779,12724,27503
110538,1,412,1,5520,6786,817,1060,12306,1877,6337,7846,14183
110547,1,412,1,4454,7331,1732,2909,11785,4641,6186,10240,16426
110556,1,412,1,7597,11815,1987,2600,19412,4587,9584,14415,23999
110565,1,412,1,12346,17743,4429,5868,30089,10297,16775,23611,40386
110574,1,412,1,4066,6050,1415,2142,10116,3557,5481,8192,13673
110583,1,412,1,12704,18667,3383,4219,31371,7602,16087,22886,38973
110592,1,412,1,8534,12504,2370,3052,21038,5422,10904,15556,26460
110608,1,412,1,12654,16243,3928,4754,28897,8682,16582,20997,37579
110617,1,412,1,10100,14153,3486,4079,24253,7565,13586,18232,31818
110635,1,412,1,18628,22394,2357,1928,41022,4285,20985,24322,45307
110644,1,412,1,15521,22551,740,867,38072,1607,16261,23418,39679
110653,1,412,1,15653,19080,604,600,34733,1204,16257,19680,35937
110662,1,412,1,18679,25711,1190,850,44390,2040,19869,26561,46430
110671,1,412,1,12494,13062,699,554,25556,1253,13193,13616,26809
110680,1,412,1,19853,20399,1030,724,40252,1754,20883,21123,42006
110699,1,412,1,1119,2021,0,0,3140,0,1119,2021,3140
110705,1,412,1,11434,14080,471,435,25514,906,11905,14515,26420
110714,1,412,1,9335,9311,486,346,18646,832,9821,9657,19478
110918,1,412,1,1,2,6,4,3,10,7,6,13
111188,1,412,1,623,156,50,20,779,70,673,176,849
111434,1,412,1,381,366,1848,2793,747,4641,2229,3159,5388
111461,1,412,1,2415,2387,7703,5570,4802,13273,10118,7957,18075
111513,1,412,1,1,161,2,41,162,43,3,202,205
111887,1,412,1,3627,4211,5554,6077,7838,11631,9181,10288,19469
111896,1,412,1,351,385,1746,2437,736,4183,2097,2822,4919
111920,1,412,1,1370,1439,4005,3922,2809,7927,5375,5361,10736
111939,1,412,1,2401,3246,5151,8440,5647,13591,7552,11686,19238
111948,1,412,1,3520,5503,428,563,9023,991,3948,6066,10014
112075,1,412,1,1041,1983,336,384,3024,720,1377,2367,3744
112084,1,412,1,137,130,28,60,267,88,165,190,355
112172,1,412,1,1777,2136,2636,3426,3913,6062,4413,5562,9975
112251,1,412,1,463,672,301,467,1135,768,764,1139,1903
112260,1,412,1,673,710,5,1,1383,6,678,711,1389
112367,1,412,1,7,21,27,155,28,182,34,176,210
112385,1,412,1,271,339,4181,3286,610,7467,4452,3625,8077
112561,1,412,1,393,441,623,892,834,1515,1016,1333,2349
112686,1,412,1,302,438,1185,2157,740,3342,1487,2595,4082
112826,1,412,1,662,722,1667,2781,1384,4448,2329,3503,5832
113096,1,412,1,1437,1569,4235,6053,3006,10288,5672,7622,13294
113111,1,412,1,682,796,1618,2017,1478,3635,2300,2813,5113
113193,1,412,1,1397,1361,3479,3671,2758,7150,4876,5032,9908
113236,1,412,1,2128,2601,3718,5076,4729,8794,5846,7677,13523
113333,1,412,1,4313,3610,3963,4449,7923,8412,8276,8059,16335
113537,1,412,1,1,7,0,0,8,0,1,7,8
113573,1,412,1,1764,2100,2603,3915,3864,6518,4367,6015,10382
113582,1,412,1,8,74,1,18,82,19,9,92,101
113634,1,412,1,3075,2791,4784,5447,5866,10231,7859,8238,16097
113698,1,412,1,475,1179,53,170,1654,223,528,1349,1877
113704,1,412,1,39,4,14,5,43,19,53,9,62
113856,1,412,1,2298,2800,11330,11427,5098,22757,13628,14227,27855
113980,1,412,1,3482,3552,5948,6962,7034,12910,9430,10514,19944
114123,1,412,1,26,51,0,1,77,1,26,52,78
114266,1,412,1,914,1011,2664,3363,1925,6027,3578,4374,7952
114354,1,412,1,233,1152,87,342,1385,429,320,1494,1814
114433,1,412,1,240,224,573,346,464,919,813,570,1383
114549,1,412,1,160,577,55,208,737,263,215,785,1000
114716,1,412,1,1652,1712,4957,4113,3364,9070,6609,5825,12434
114734,1,412,1,16,6,22,22,22,44,38,28,66
114761,1,412,1,9,63,0,0,72,0,9,63,72
114789,1,412,1,2547,3243,7681,9138,5790,16819,10228,12381,22609
114813,1,412,1,422,1066,363,1181,1488,1544,785,2247,3032
114859,1,412,1,3300,3333,5271,6466,6633,11737,8571,9799,18370
114938,1,412,1,652,747,1499,1663,1399,3162,2151,2410,4561
114947,1,412,1,70,84,0,0,154,0,70,84,154
115001,1,412,1,2389,2688,2409,3172,5077,5581,4798,5860,10658
115083,1,412,1,1051,658,430,522,1709,952,1481,1180,2661
115126,1,412,1,1397,1472,3196,3988,2869,7184,4593,5460,10053
115393,1,412,1,1461,1741,2646,3044,3202,5690,4107,4785,8892
115755,1,412,1,2118,2946,386,575,5064,961,2504,3521,6025
115861,1,412,1,1531,2007,1845,2364,3538,4209,3376,4371,7747
116439,1,412,1,2068,1624,3277,3495,3692,6772,5345,5119,10464
116563,1,412,1,7,180,0,0,187,0,7,180,187
116846,1,412,1,16,40,26,26,56,52,42,66,108
117052,1,412,1,990,825,2302,2969,1815,5271,3292,3794,7086
117104,1,412,1,201,235,33,31,436,64,234,266,500
117195,1,412,1,264,284,1266,705,548,1971,1530,989,2519
117247,1,412,1,789,782,3510,4572,1571,8082,4299,5354,9653
117274,1,412,1,200,173,998,323,373,1321,1198,496,1694
117645,1,412,1,3830,4882,5887,7803,8712,13690,9717,12685,22402
117672,1,412,1,552,632,129,323,1184,452,681,955,1636
117690,1,412,1,635,840,2234,3675,1475,5909,2869,4515,7384
117706,1,412,1,1962,2257,4821,6332,4219,11153,6783,8589,15372
117715,1,412,1,204,338,1358,3013,542,4371,1562,3351,4913
117724,1,412,1,1399,827,4435,3716,2226,8151,5834,4543,10377
117733,1,412,1,1353,1534,5060,7090,2887,12150,6413,8624,15037
117788,1,412,1,1234,1453,4370,6142,2687,10512,5604,7595,13199
117803,1,412,1,0,0,52,143,0,195,52,143,195
117867,1,412,1,687,910,2968,4718,1597,7686,3655,5628,9283
117894,1,412,1,1176,1389,2189,3037,2565,5226,3365,4426,7791
117946,1,412,1,4147,5234,339,445,9381,784,4486,5679,10165
118347,1,412,1,602,574,1239,1868,1176,3107,1841,2442,4283
118684,1,412,1,261,421,1044,1828,682,2872,1305,2249,3554
118718,1,412,1,1754,2562,2282,3616,4316,5898,4036,6178,10214
118772,1,412,1,434,583,1993,3504,1017,5497,2427,4087,6514
118930,1,412,1,651,662,1878,2556,1313,4434,2529,3218,5747
118976,1,412,1,3125,4507,3115,5477,7632,8592,6240,9984,16224
119058,1,412,1,147,367,52,91,514,143,199,458,657
119067,1,412,1,974,1077,1905,2558,2051,4463,2879,3635,6514
119137,1,412,1,2122,2107,3681,4574,4229,8255,5803,6681,12484
119164,1,412,1,4504,4399,7823,9530,8903,17353,12327,13929,26256
119216,1,412,1,2341,3181,3577,6054,5522,9631,5918,9235,15153
119331,1,412,1,644,798,1041,1558,1442,2599,1685,2356,4041
120166,1,412,1,76,84,1,3,160,4,77,87,164
120184,1,412,1,8,46,42,105,54,147,50,151,201
120254,1,412,1,782,1131,16,13,1913,29,798,1144,1942
120290,1,412,1,1368,1303,2896,2791,2671,5687,4264,4094,8358
120342,1,412,1,3474,3026,4877,5237,6500,10114,8351,8263,16614
120403,1,412,1,378,902,12,20,1280,32,390,922,1312
120421,1,412,1,731,849,2139,2620,1580,4759,2870,3469,6339
120865,1,412,1,258,420,66,126,678,192,324,546,870
120883,1,412,1,2410,3120,293,454,5530,747,2703,3574,6277
120953,1,412,1,374,152,3635,478,526,4113,4009,630,4639
120971,1,412,1,2868,2673,6516,5598,5541,12114,9384,8271,17655
121044,1,412,1,3818,3899,6233,7973,7717,14206,10051,11872,21923
121150,1,412,1,2314,3684,1043,2989,5998,4032,3357,6673,10030
121275,1,412,1,46,23,0,0,69,0,46,23,69
121309,1,412,1,1123,2115,351,730,3238,1081,1474,2845,4319
121363,1,412,1,567,792,936,1818,1359,2754,1503,2610,4113
121619,1,412,1,1930,1933,11628,8361,3863,19989,13558,10294,23852
121628,1,412,1,74,52,0,0,126,0,74,52,126
121707,1,412,1,612,592,1318,1484,1204,2802,1930,2076,4006
121886,1,412,1,1987,1940,7316,4896,3927,12212,9303,6836,16139
121901,1,412,1,2202,2812,5580,8553,5014,14133,7782,11365,19147
122180,1,412,1,1693,2341,5365,8320,4034,13685,7058,10661,17719
122205,1,412,1,2601,2503,4823,6733,5104,11556,7424,9236,16660
122296,1,412,1,344,1044,104,419,1388,523,448,1463,1911
122339,1,412,1,766,924,4636,5818,1690,10454,5402,6742,12144
122375,1,412,1,1707,1878,6270,8221,3585,14491,7977,10099,18076
122384,1,412,1,1174,663,5835,5390,1837,11225,7009,6053,13062
122409,1,412,1,13077,18730,2615,2980,31807,5595,15692,21710,37402
122436,1,412,1,2983,4105,786,941,7088,1727,3769,5046,8815
122597,1,412,1,8281,11182,2653,3166,19463,5819,10934,14348,25282
122612,1,412,1,2624,4973,742,1349,7597,2091,3366,6322,9688
122658,1,412,1,3060,3928,3449,5731,6988,9180,6509,9659,16168
122728,1,412,1,536,700,151,237,1236,388,687,937,1624
122746,1,412,1,697,898,2443,3523,1595,5966,3140,4421,7561
122755,1,412,1,12987,13043,4313,5408,26030,9721,17300,18451,35751
122791,1,412,1,975,841,2711,2985,1816,5696,3686,3826,7512
122889,1,412,1,2643,3135,2963,3934,5778,6897,5606,7069,12675
122931,1,412,1,4065,3942,503,668,8007,1171,4568,4610,9178
122977,1,412,1,4146,4706,5759,7764,8852,13523,9905,12470,22375
123013,1,412,1,2076,2220,4897,6359,4296,11256,6973,8579,15552
123165,1,412,1,6,1084,2,7,1090,9,8,1091,1099
123217,1,412,1,2221,2682,3293,4974,4903,8267,5514,7656,13170
123341,1,412,1,2668,2903,4455,5740,5571,10195,7123,8643,15766
123457,1,412,1,269,430,72,103,699,175,341,533,874
123484,1,412,1,304,212,307,381,516,688,611,593,1204
123509,1,412,1,877,836,3175,3635,1713,6810,4052,4471,8523
123563,1,412,1,1015,1424,2662,3325,2439,5987,3677,4749,8426
123572,1,412,1,1960,3450,498,729,5410,1227,2458,4179,6637
123800,1,412,1,2886,3546,4522,5576,6432,10098,7408,9122,16530
123916,1,412,1,8,24,11,42,32,53,19,66,85
123952,1,412,1,282,198,16,11,480,27,298,209,507
123961,1,412,1,19814,23155,2760,3216,42969,5976,22574,26371,48945
124113,1,412,1,274,566,2107,1561,840,3668,2381,2127,4508
124283,1,412,1,88,53,26,29,141,55,114,82,196
124487,1,412,1,6,7,46,55,13,101,52,62,114
125028,1,412,1,1485,1698,3063,4313,3183,7376,4548,6011,10559
125231,1,412,1,2808,14195,4512,20797,17003,25309,7320,34992,42312
125462,1,412,1,250,244,1146,1421,494,2567,1396,1665,3061
125471,1,412,1,662,834,2872,4288,1496,7160,3534,5122,8656
125499,1,412,1,956,1047,1937,2573,2003,4510,2893,3620,6513
125763,1,412,1,494,626,27,45,1120,72,521,671,1192
125897,1,412,1,400,457,44,42,857,86,444,499,943
126012,1,412,1,108,412,0,0,520,0,108,412,520
126119,1,412,1,556,746,1531,2568,1302,4099,2087,3314,5401
126182,1,412,1,737,1018,472,627,1755,1099,1209,1645,2854
126207,1,412,1,917,955,2365,2941,1872,5306,3282,3896,7178
126289,1,412,1,992,1286,4552,5806,2278,10358,5544,7092,12636
126562,1,412,1,5214,7221,4266,7043,12435,11309,9480,14264,23744
126580,1,412,1,3526,4253,1637,2015,7779,3652,5163,6268,11431
126614,1,412,1,16943,14694,4872,3076,31637,7948,21815,17770,39585
126711,1,412,1,706,735,1481,2262,1441,3743,2187,2997,5184
126748,1,412,1,167,247,312,453,414,765,479,700,1179
126775,1,412,1,4588,2145,490,180,6733,670,5078,2325,7403
126818,1,412,1,11133,14192,3742,4336,25325,8078,14875,18528,33403
126827,1,412,1,5324,10238,3050,6196,15562,9246,8374,16434,24808
126863,1,412,1,624,644,2860,4215,1268,7075,3484,4859,8343
126915,1,412,1,32,59,46,124,91,170,78,183,261
126942,1,412,1,659,1089,2096,3448,1748,5544,2755,4537,7292
126951,1,412,1,1042,113,0,0,1155,0,1042,113,1155
127185,1,412,1,1326,1571,191,312,2897,503,1517,1883,3400
127200,1,412,1,1975,2108,6600,8766,4083,15366,8575,10874,19449
127316,1,412,1,23,68,27,195,91,222,50,263,313
127389,1,412,1,162,190,133,183,352,316,295,373,668
127556,1,412,1,3067,3559,1099,1180,6626,2279,4166,4739,8905
127565,1,412,1,4346,5657,2928,4064,10003,6992,7274,9721,16995
127617,1,412,1,113,215,418,716,328,1134,531,931,1462
127653,1,412,1,185,493,105,282,678,387,290,775,1065
127714,1,412,1,6,14,273,273,20,546,279,287,566
127732,1,412,1,315,351,199,581,666,780,514,932,1446
127741,1,412,1,2049,4147,853,2331,6196,3184,2902,6478,9380
127778,1,412,1,227,256,207,309,483,516,434,565,999
127820,1,412,1,1781,2250,3077,4791,4031,7868,4858,7041,11899
127884,1,412,1,702,907,1911,2961,1609,4872,2613,3868,6481
127909,1,412,1,1010,888,2035,2537,1898,4572,3045,3425,6470
127918,1,412,1,1106,2375,404,783,3481,1187,1510,3158,4668
128106,1,412,1,1272,1644,1370,2331,2916,3701,2642,3975,6617
128258,1,412,1,316,285,386,518,601,904,702,803,1505
128337,1,412,1,1,48,0,32,49,32,1,80,81
128498,1,412,1,417,649,59,150,1066,209,476,799,1275
128577,1,412,1,256,198,350,460,454,810,606,658,1264
128744,1,412,1,1279,1545,282,882,2824,1164,1561,2427,3988
128771,1,412,1,3507,3043,1327,1591,6550,2918,4834,4634,9468
128780,1,412,1,88,319,290,905,407,1195,378,1224,1602
128902,1,412,1,737,1178,12,21,1915,33,749,1199,1948
129020,1,412,1,11065,12804,1494,1640,23869,3134,12559,14444,27003
129154,1,412,1,115,233,376,2434,348,2810,491,2667,3158
129181,1,412,1,790,65,102,16,855,118,892,81,973
129215,1,412,1,1372,1994,279,437,3366,716,1651,2431,4082
129242,1,412,1,2201,3060,256,502,5261,758,2457,3562,6019
129349,1,412,1,5,120,0,36,125,36,5,156,161
129367,1,412,1,204,401,463,1327,605,1790,667,1728,2395
129428,1,412,1,0,0,84,31,0,115,84,31,115
129491,1,412,1,30,13,23,26,43,49,53,39,92
129525,1,412,1,1879,2524,483,846,4403,1329,2362,3370,5732
129543,1,412,1,488,658,807,1411,1146,2218,1295,2069,3364
129695,1,412,1,692,763,1121,1588,1455,2709,1813,2351,4164
129729,1,412,1,741,857,1074,1882,1598,2956,1815,2739,4554
129756,1,412,1,345,385,413,737,730,1150,758,1122,1880
129774,1,412,1,247,218,41,33,465,74,288,251,539
129808,1,412,1,474,584,586,1293,1058,1879,1060,1877,2937
129923,1,412,1,180,261,107,90,441,197,287,351,638
129941,1,412,1,3595,3944,626,654,7539,1280,4221,4598,8819
130004,1,412,1,628,710,1063,1668,1338,2731,1691,2378,4069
130040,1,412,1,188,257,223,481,445,704,411,738,1149
130183,1,412,1,1703,5540,2721,7070,7243,9791,4424,12610,17034
130217,1,412,1,185,233,283,494,418,777,468,727,1195
130226,1,412,1,2852,4727,332,877,7579,1209,3184,5604,8788
130253,1,412,1,3207,5466,513,1535,8673,2048,3720,7001,10721
130314,1,412,1,356,1078,97,461,1434,558,453,1539,1992
130396,1,412,1,742,928,1366,2542,1670,3908,2108,3470,5578
130590,1,412,1,1040,1093,44,28,2133,72,1084,1121,2205
130606,1,412,1,593,728,821,1125,1321,1946,1414,1853,3267
130624,1,412,1,609,428,0,0,1037,0,609,428,1037
130697,1,412,1,1440,1690,51,72,3130,123,1491,1762,3253
130776,1,412,1,1564,1670,440,743,3234,1183,2004,2413,4417
130794,1,412,1,6832,7706,125,113,14538,238,6957,7819,14776
130934,1,412,1,1545,3195,418,668,4740,1086,1963,3863,5826
130943,1,412,1,9149,12523,1085,1282,21672,2367,10234,13805,24039
130989,1,412,1,297,322,177,216,619,393,474,538,1012
131113,1,412,1,1824,2320,3423,6453,4144,9876,5247,8773,14020
131399,1,412,1,679,887,614,1397,1566,2011,1293,2284,3577
131450,1,412,1,470,639,76,137,1109,213,546,776,1322
131469,1,412,1,6882,10776,2892,5389,17658,8281,9774,16165,25939
131496,1,412,1,6823,8639,2646,2876,15462,5522,9469,11515,20984
131520,1,412,1,3334,8216,460,876,11550,1336,3794,9092,12886
132471,1,412,1,1533,3130,710,1585,4663,2295,2243,4715,6958
132693,1,412,1,1831,2192,3478,5613,4023,9091,5309,7805,13114
132709,1,412,1,4079,5141,7970,12867,9220,20837,12049,18008,30057
132842,1,412,1,72,462,47,283,534,330,119,745,864
132851,1,412,1,885,1366,1125,2107,2251,3232,2010,3473,5483
132879,1,412,1,92,54,7,2,146,9,99,56,155
132903,1,412,1,20646,25211,9885,12604,45857,22489,30531,37815,68346
133021,1,412,1,312,413,390,711,725,1101,702,1124,1826
133386,1,412,1,2011,2414,2495,4664,4425,7159,4506,7078,11584
133492,1,412,1,574,1360,25,34,1934,59,599,1394,1993
133508,1,412,1,2114,3402,3007,5803,5516,8810,5121,9205,14326
133553,1,412,1,5546,1938,1985,832,7484,2817,7531,2770,10301
133650,1,412,1,2638,5246,441,890,7884,1331,3079,6136,9215
133702,1,412,1,2315,3498,5023,9527,5813,14550,7338,13025,20363
133711,1,412,1,798,1740,26,59,2538,85,824,1799,2623
133809,1,412,1,257,285,36,44,542,80,293,329,622
133872,1,412,1,171,511,178,750,682,928,349,1261,1610
133881,1,412,1,2566,1490,1299,2960,4056,4259,3865,4450,8315
133960,1,412,1,222,176,187,335,398,522,409,511,920
134097,1,412,1,15171,20860,3181,4949,36031,8130,18352,25809,44161
134130,1,412,1,19331,24638,4456,6786,43969,11242,23787,31424,55211
134343,1,412,1,700,1117,970,1907,1817,2877,1670,3024,4694
134495,1,412,1,4264,4798,3907,6535,9062,10442,8171,11333,19504
134608,1,412,1,2445,2937,3523,5957,5382,9480,5968,8894,14862
135160,1,412,1,286,620,595,1205,906,1800,881,1825,2706
135188,1,412,1,588,918,1106,1848,1506,2954,1694,2766,4460
135391,1,412,1,1474,2113,1705,3296,3587,5001,3179,5409,8588
135407,1,412,1,587,437,21,9,1024,30,608,446,1054
135610,1,412,1,18,34,32,36,52,68,50,70,120
135717,1,412,1,8238,10833,11494,16680,19071,28174,19732,27513,47245
135726,1,412,1,8303,9838,498,763,18141,1261,8801,10601,19402
136109,1,412,1,1,67,0,56,68,56,1,123,124
136145,1,412,1,104,269,226,528,373,754,330,797,1127
136172,1,412,1,4822,6941,1851,2792,11763,4643,6673,9733,16406
136233,1,412,1,868,1213,1070,1747,2081,2817,1938,2960,4898
136330,1,412,1,942,1850,440,596,2792,1036,1382,2446,3828
136358,1,412,1,3449,4000,6232,10542,7449,16774,9681,14542,24223
136400,1,412,1,1323,1940,2227,3712,3263,5939,3550,5652,9202
136473,1,412,1,1145,1906,1710,3220,3051,4930,2855,5126,7981
136516,1,412,1,1088,1935,1723,3434,3023,5157,2811,5369,8180
136659,1,412,1,154,47,183,41,201,224,337,88,425
136701,1,412,1,114,1,20,2,115,22,134,3,137
136950,1,412,1,1120,1607,127,175,2727,302,1247,1782,3029
137078,1,412,1,3167,4117,5833,10384,7284,16217,9000,14501,23501
137096,1,412,1,2705,2654,3092,4278,5359,7370,5797,6932,12729
137209,1,412,1,2272,2402,3907,5742,4674,9649,6179,8144,14323
137281,1,412,1,672,959,1693,3110,1631,4803,2365,4069,6434
137351,1,412,1,15809,21122,5192,7477,36931,12669,21001,28599,49600
137546,1,412,1,1508,1978,191,251,3486,442,1699,2229,3928
137564,1,412,1,1904,2945,2129,3066,4849,5195,4033,6011,10044
137591,1,412,1,44,137,8,55,181,63,52,192,244
137759,1,412,1,2867,3217,2014,3168,6084,5182,4881,6385,11266
138187,1,412,1,7070,9042,10661,16597,16112,27258,17731,25639,43370
138275,1,412,1,372,328,84,65,700,149,456,393,849
138309,1,412,1,595,3539,527,3505,4134,4032,1122,7044,8166
138354,1,412,1,2833,4039,2302,4347,6872,6649,5135,8386,13521
138558,1,412,1,1092,1285,367,903,2377,1270,1459,2188,3647
138600,1,412,1,21,1053,3,37,1074,40,24,1090,1114
138682,1,412,1,266,618,493,1200,884,1693,759,1818,2577
138716,1,412,1,1240,3265,365,1464,4505,1829,1605,4729,6334
138761,1,412,1,95,91,5,56,186,61,100,147,247
138840,1,412,1,440,500,670,1515,940,2185,1110,2015,3125
138929,1,412,1,80,147,40,75,227,115,120,222,342
138938,1,412,1,8,186,17,122,194,139,25,308,333
138947,1,412,1,860,2789,109,242,3649,351,969,3031,4000
138956,1,412,1,584,780,1047,1559,1364,2606,1631,2339,3970
139144,1,412,1,828,1433,32,67,2261,99,860,1500,2360
139199,1,412,1,201,1490,149,864,1691,1013,350,2354,2704
139205,1,412,1,344,232,183,152,576,335,527,384,911
139250,1,412,1,552,1266,408,921,1818,1329,960,2187,3147
139278,1,412,1,640,1017,1428,3055,1657,4483,2068,4072,6140
139311,1,412,1,1006,2272,800,1769,3278,2569,1806,4041,5847
139357,1,412,1,281,574,667,1612,855,2279,948,2186,3134
139366,1,412,1,1802,2817,1170,1690,4619,2860,2972,4507,7479
139384,1,412,1,610,878,1693,2960,1488,4653,2303,3838,6141
139393,1,412,1,385,442,24,35,827,59,409,477,886
139463,1,412,1,1085,1683,672,1087,2768,1759,1757,2770,4527
139506,1,412,1,31,27,0,0,58,0,31,27,58
139621,1,412,1,541,604,298,430,1145,728,839,1034,1873
139658,1,412,1,5157,8185,596,903,13342,1499,5753,9088,14841
139700,1,412,1,800,1165,909,1894,1965,2803,1709,3059,4768
139719,1,412,1,788,1436,115,266,2224,381,903,1702,2605
139755,1,412,1,14924,8988,15780,5604,23912,21384,30704,14592,45296
139764,1,412,1,601,1282,422,765,1883,1187,1023,2047,3070
139861,1,412,1,1784,3310,392,829,5094,1221,2176,4139,6315
139931,1,412,1,8104,11314,2205,3858,19418,6063,10309,15172,25481
139940,1,412,1,10715,16305,3650,5846,27020,9496,14365,22151,36516
139959,1,412,1,14936,21394,1705,2572,36330,4277,16641,23966,40607
139986,1,412,1,372,865,1070,2711,1237,3781,1442,3576,5018
140012,1,412,1,897,829,2616,4108,1726,6724,3513,4937,8450
140146,1,412,1,55,42,52,44,97,96,107,86,193
140234,1,412,1,359,294,8,18,653,26,367,312,679
140243,1,412,1,511,726,1696,2666,1237,4362,2207,3392,5599
140252,1,412,1,1193,1170,152,238,2363,390,1345,1408,2753
140331,1,412,1,1309,1407,2560,3741,2716,6301,3869,5148,9017
140447,1,412,1,2450,4521,462,1456,6971,1918,2912,5977,8889
140562,1,412,1,290,529,17,55,819,72,307,584,891
140678,1,412,1,400,430,586,1033,830,1619,986,1463,2449
140696,1,412,1,526,884,31,50,1410,81,557,934,1491
140720,1,412,1,121,152,11,26,273,37,132,178,310
140818,1,412,1,392,874,129,448,1266,577,521,1322,1843
140942,1,412,1,545,679,774,1644,1224,2418,1319,2323,3642
140951,1,412,1,4093,9568,842,1911,13661,2753,4935,11479,16414
140960,1,412,1,933,1504,170,338,2437,508,1103,1842,2945
140988,1,412,1,547,628,123,217,1175,340,670,845,1515
141006,1,412,1,415,349,418,617,764,1035,833,966,1799
141060,1,412,1,0,2326,168,608,2326,776,168,2934,3102
141255,1,412,1,242,562,1181,2018,804,3199,1423,2580,4003
141264,1,412,1,2093,4390,1089,2637,6483,3726,3182,7027,10209
141334,1,412,1,2452,4440,1373,3628,6892,5001,3825,8068,11893
141565,1,412,1,734,1331,299,613,2065,912,1033,1944,2977
141574,1,412,1,5336,8517,2118,3103,13853,5221,7454,11620,19074
141644,1,412,1,1000,2160,725,991,3160,1716,1725,3151,4876
141680,1,412,1,567,253,1059,1190,820,2249,1626,1443,3069
141796,1,412,1,601,934,1366,2927,1535,4293,1967,3861,5828
141802,1,412,1,114,123,357,714,237,1071,471,837,1308
141811,1,412,1,767,922,1558,2974,1689,4532,2325,3896,6221
141839,1,412,1,238,371,595,1268,609,1863,833,1639,2472
141981,1,412,1,531,972,447,963,1503,1410,978,1935,2913
141990,1,412,1,166,335,682,1201,501,1883,848,1536,2384
142115,1,412,1,6256,8365,4803,6691,14621,11494,11059,15056,26115
142179,1,412,1,281,339,646,1067,620,1713,927,1406,2333
142276,1,412,1,2730,4128,2191,3252,6858,5443,4921,7380,12301
142285,1,412,1,4172,4237,1499,1599,8409,3098,5671,5836,11507
142407,1,412,1,12,75,0,0,87,0,12,75,87
142443,1,412,1,718,898,937,1743,1616,2680,1655,2641,4296
142461,1,412,1,499,725,166,388,1224,554,665,1113,1778
142522,1,412,1,7757,8817,11048,15401,16574,26449,18805,24218,43023
142559,1,412,1,767,1097,2322,3910,1864,6232,3089,5007,8096
142832,1,412,1,186,886,159,610,1072,769,345,1496,1841
142887,1,412,1,31,57,14,9,88,23,45,66,111
143118,1,412,1,1393,3195,300,1030,4588,1330,1693,4225,5918
143215,1,412,1,1221,1456,1920,2591,2677,4511,3141,4047,7188
143279,1,412,1,523,663,901,1686,1186,2587,1424,2349,3773
143288,1,412,1,167,209,1,5,376,6,168,214,382
143358,1,412,1,2252,2279,225,796,4531,1021,2477,3075,5552
143376,1,412,1,11,144,0,74,155,74,11,218,229
143613,1,412,1,302,417,309,660,719,969,611,1077,1688
143853,1,412,1,901,1813,12,32,2714,44,913,1845,2758
144050,1,412,1,8706,7686,1219,728,16392,1947,9925,8414,18339
144157,1,412,1,409,429,529,870,838,1399,938,1299,2237
144166,1,412,1,632,1892,1086,3704,2524,4790,1718,5596,7314
144175,1,412,1,322,377,518,884,699,1402,840,1261,2101
144184,1,412,1,499,825,1558,2407,1324,3965,2057,3232,5289
144193,1,412,1,843,571,1389,1984,1414,3373,2232,2555,4787
144209,1,412,1,870,1108,1406,2175,1978,3581,2276,3283,5559
144218,1,412,1,1194,1048,2149,3117,2242,5266,3343,4165,7508
144351,1,412,1,628,740,1258,2728,1368,3986,1886,3468,5354
144564,1,412,1,294,461,509,660,755,1169,803,1121,1924
144740,1,412,1,7839,10000,1422,1656,17839,3078,9261,11656,20917
144865,1,412,1,3478,3420,6566,8475,6898,15041,10044,11895,21939
144883,1,412,1,264,265,0,0,529,0,264,265,529
144892,1,412,1,2110,2852,1611,2284,4962,3895,3721,5136,8857
144944,1,412,1,1394,1364,2558,3594,2758,6152,3952,4958,8910
144962,1,412,1,1121,1970,300,340,3091,640,1421,2310,3731
144971,1,412,1,289,235,6,29,524,35,295,264,559
145099,1,412,1,19,255,0,0,274,0,19,255,274
145336,1,412,1,1047,1546,553,1281,2593,1834,1600,2827,4427
145372,1,412,1,481,407,72,128,888,200,553,535,1088
145521,1,412,1,215,307,263,399,522,662,478,706,1184
145558,1,412,1,784,1101,14,41,1885,55,798,1142,1940
145600,1,412,1,12652,15408,2317,3370,28060,5687,14969,18778,33747
145619,1,412,1,1038,963,348,774,2001,1122,1386,1737,3123
145637,1,412,1,25352,21694,5648,4222,47046,9870,31000,25916,56916
145682,1,412,1,1029,1068,1760,3187,2097,4947,2789,4255,7044
145691,1,412,1,469,521,11,28,990,39,480,549,1029
145707,1,412,1,215,249,158,247,464,405,373,496,869
145813,1,412,1,7869,10503,865,1446,18372,2311,8734,11949,20683
145831,1,412,1,460,510,525,876,970,1401,985,1386,2371
145886,1,412,1,22,90,4,3,112,7,26,93,119
146205,1,412,1,555,755,789,1173,1310,1962,1344,1928,3272
146278,1,412,1,329,445,341,603,774,944,670,1048,1718
146296,1,412,1,1678,1878,2802,3854,3556,6656,4480,5732,10212
146339,1,412,1,446,429,27,71,875,98,473,500,973
146348,1,412,1,425,505,500,903,930,1403,925,1408,2333
146366,1,412,1,443,639,940,1348,1082,2288,1383,1987,3370
146418,1,412,1,445,476,615,1045,921,1660,1060,1521,2581
146427,1,412,1,462,585,4,7,1047,11,466,592,1058
146472,1,412,1,1895,1850,3142,4764,3745,7906,5037,6614,11651
146481,1,412,1,702,996,19,36,1698,55,721,1032,1753
146490,1,412,1,0,0,127,168,0,295,127,168,295
146506,1,412,1,789,1076,760,1117,1865,1877,1549,2193,3742
146533,1,412,1,19,66,3,28,85,31,22,94,116
146603,1,412,1,568,696,1126,1583,1264,2709,1694,2279,3973
146612,1,412,1,2465,2078,797,1173,4543,1970,3262,3251,6513
146685,1,412,1,832,839,863,1910,1671,2773,1695,2749,4444
146700,1,412,1,906,303,0,0,1209,0,906,303,1209
146719,1,412,1,4753,10344,528,1274,15097,1802,5281,11618,16899
147004,1,412,1,998,1074,2911,3891,2072,6802,3909,4965,8874
147013,1,412,1,797,766,108,289,1563,397,905,1055,1960
147129,1,412,1,18,208,23,207,226,230,41,415,456
147244,1,412,1,755,910,46,96,1665,142,801,1006,1807
147369,1,412,1,795,791,489,335,1586,824,1284,1126,2410
147378,1,412,1,1830,1916,3354,3411,3746,6765,5184,5327,10511
147411,1,412,1,537,594,1104,1518,1131,2622,1641,2112,3753
147536,1,412,1,1127,3087,548,2763,4214,3311,1675,5850,7525
147590,1,412,1,185,266,12,35,451,47,197,301,498
147660,1,412,1,1181,1354,74,86,2535,160,1255,1440,2695
147679,1,412,1,773,1078,296,513,1851,809,1069,1591,2660
147776,1,412,1,1200,1747,1019,1790,2947,2809,2219,3537,5756
147800,1,412,1,1137,905,2342,3261,2042,5603,3479,4166,7645
147828,1,412,1,1091,1358,221,585,2449,806,1312,1943,3255
147916,1,412,1,1102,1045,1464,2075,2147,3539,2566,3120,5686
148007,1,412,1,384,551,662,1083,935,1745,1046,1634,2680
148131,1,412,1,558,463,125,161,1021,286,683,624,1307
148256,1,412,1,454,581,409,573,1035,982,863,1154,2017
148292,1,412,1,202,312,539,1022,514,1561,741,1334,2075
148380,1,412,1,1076,1269,1541,1975,2345,3516,2617,3244,5861
148487,1,412,1,1072,1728,230,695,2800,925,1302,2423,3725
148511,1,412,1,510,1299,139,922,1809,1061,649,2221,2870
148575,1,412,1,31,164,18,158,195,176,49,322,371
148627,1,412,1,1055,1867,181,420,2922,601,1236,2287,3523
148654,1,412,1,1176,1317,859,846,2493,1705,2035,2163,4198
148672,1,412,1,267,367,292,460,634,752,559,827,1386
148821,1,412,1,174,300,271,429,474,700,445,729,1174
148876,1,412,1,81,381,38,180,462,218,119,561,680
148937,1,412,1,240,267,376,496,507,872,616,763,1379
148991,1,412,1,197,255,305,455,452,760,502,710,1212
149222,1,412,1,4199,4614,1241,1053,8813,2294,5440,5667,11107
149231,1,412,1,4000,5275,1259,1985,9275,3244,5259,7260,12519
149310,1,412,1,109,66,0,0,175,0,109,66,175
149365,1,412,1,304,515,1287,1799,819,3086,1591,2314,3905
149532,1,412,1,1233,1379,2801,3203,2612,6004,4034,4582,8616
149727,1,412,1,1151,1146,2151,3043,2297,5194,3302,4189,7491
149772,1,412,1,2604,3132,719,1188,5736,1907,3323,4320,7643
149781,1,412,1,1004,1303,243,335,2307,578,1247,1638,2885
149842,1,412,1,1934,1889,3501,5110,3823,8611,5435,6999,12434
150136,1,412,1,5273,8524,1609,4371,13797,5980,6882,12895,19777
150163,1,412,1,1859,2837,310,519,4696,829,2169,3356,5525
150172,1,412,1,250,177,147,84,427,231,397,261,658
150215,1,412,1,32,72,18,30,104,48,50,102,152
150534,1,412,1,644,1076,129,168,1720,297,773,1244,2017
150604,1,412,1,458,449,25,27,907,52,483,476,959
150668,1,412,1,264,416,20,68,680,88,284,484,768
150677,1,412,1,578,958,283,246,1536,529,861,1204,2065
150765,1,412,1,2,114,0,0,116,0,2,114,116
150941,1,412,1,362,663,181,266,1025,447,543,929,1472
150987,1,412,1,6357,10067,34139,39142,16424,73281,40496,49209,89705
151111,1,412,1,8047,11957,2232,3743,20004,5975,10279,15700,25979
151263,1,412,1,1424,2466,314,814,3890,1128,1738,3280,5018
151290,1,412,1,1129,772,382,312,1901,694,1511,1084,2595
151306,1,412,1,1901,3337,1456,2484,5238,3940,3357,5821,9178
151324,1,412,1,2764,3776,858,1260,6540,2118,3622,5036,8658
151333,1,412,1,712,1375,276,483,2087,759,988,1858,2846
151342,1,412,1,1009,2020,434,863,3029,1297,1443,2883,4326
151351,1,412,1,21270,20653,2738,2344,41923,5082,24008,22997,47005
151360,1,412,1,531,1543,275,849,2074,1124,806,2392,3198
151379,1,412,1,877,1441,529,825,2318,1354,1406,2266,3672
151388,1,412,1,501,1109,551,878,1610,1429,1052,1987,3039
151661,1,412,1,742,147,0,0,889,0,742,147,889
151777,1,412,1,523,601,25,68,1124,93,548,669,1217
151962,1,412,1,80,204,23,45,284,68,103,249,352
152080,1,412,1,6796,6013,146,150,12809,296,6942,6163,13105
152318,1,412,1,1629,524,27,8,2153,35,1656,532,2188
152336,1,412,1,548,1028,69,258,1576,327,617,1286,1903
152390,1,412,1,2,1434,8,75,1436,83,10,1509,1519
152451,1,412,1,110,0,41,24,110,65,151,24,175
152567,1,412,1,1481,1028,595,984,2509,1579,2076,2012,4088
152600,1,412,1,1218,1525,110,105,2743,215,1328,1630,2958
152637,1,412,1,2071,1954,6260,6488,4025,12748,8331,8442,16773
152673,1,412,1,834,0,1,0,834,1,835,0,835
152798,1,412,1,43,350,14,90,393,104,57,440,497
152992,1,412,1,340,328,65,194,668,259,405,522,927
153001,1,412,1,473,831,127,542,1304,669,600,1373,1973
153083,1,412,1,3,139,0,0,142,0,3,139,142
153108,1,412,1,583,535,24,27,1118,51,607,562,1169
153126,1,412,1,419,379,70,97,798,167,489,476,965
153144,1,412,1,541,701,13,9,1242,22,554,710,1264
153162,1,412,1,553,512,6,2,1065,8,559,514,1073
153214,1,412,1,2489,2768,6949,9431,5257,16380,9438,12199,21637
153241,1,412,1,23,33,4,8,56,12,27,41,68
153250,1,412,1,748,734,135,244,1482,379,883,978,1861
153269,1,412,1,1381,2203,371,730,3584,1101,1752,2933,4685
153302,1,412,1,77,93,15,21,170,36,92,114,206
153311,1,412,1,742,1189,2181,3033,1931,5214,2923,4222,7145
153366,1,412,1,503,473,59,202,976,261,562,675,1237
153384,1,412,1,806,900,29,24,1706,53,835,924,1759
153445,1,412,1,860,974,1157,1796,1834,2953,2017,2770,4787
153472,1,412,1,778,887,788,908,1665,1696,1566,1795,3361
153524,1,412,1,1422,1215,1009,1412,2637,2421,2431,2627,5058
153533,1,412,1,428,341,467,724,769,1191,895,1065,1960
153621,1,412,1,446,321,42,62,767,104,488,383,871
153630,1,412,1,1279,1029,1146,1888,2308,3034,2425,2917,5342
153658,1,412,1,11079,14227,2237,2472,25306,4709,13316,16699,30015
153737,1,412,1,1929,2237,3558,4682,4166,8240,5487,6919,12406
153825,1,412,1,684,544,47,44,1228,91,731,588,1319
153834,1,412,1,718,875,9,8,1593,17,727,883,1610
154004,1,412,1,584,603,198,864,1187,1062,782,1467,2249
154013,1,412,1,418,685,124,299,1103,423,542,984,1526
154110,1,412,1,437,530,1396,1992,967,3388,1833,2522,4355
154174,1,412,1,1209,932,26,11,2141,37,1235,943,2178
154235,1,412,1,1033,1438,117,159,2471,276,1150,1597,2747
154262,1,412,1,11,75,5,105,86,110,16,180,196
154350,1,412,1,520,558,32,41,1078,73,552,599,1151
154396,1,412,1,284,368,367,562,652,929,651,930,1581
154493,1,412,1,676,1041,571,784,1717,1355,1247,1825,3072
154527,1,412,1,675,711,33,25,1386,58,708,736,1444
154572,1,412,1,741,897,1321,2191,1638,3512,2062,3088,5150
154697,1,412,1,538,699,1399,1633,1237,3032,1937,2332,4269
154712,1,412,1,1082,1086,81,113,2168,194,1163,1199,2362
154749,1,412,1,258,228,2,9,486,11,260,237,497
154800,1,412,1,1151,1630,1416,2500,2781,3916,2567,4130,6697
154907,1,412,1,271,322,408,650,593,1058,679,972,1651
154925,1,412,1,583,322,277,292,905,569,860,614,1474
154934,1,412,1,233,350,196,601,583,797,429,951,1380
154952,1,412,1,577,612,359,682,1189,1041,936,1294,2230
154998,1,412,1,451,344,370,505,795,875,821,849,1670
155025,1,412,1,1139,2041,620,1524,3180,2144,1759,3565,5324
155052,1,412,1,133,162,747,568,295,1315,880,730,1610
155089,1,412,1,496,571,226,431,1067,657,722,1002,1724
155098,1,412,1,344,341,342,472,685,814,686,813,1499
155104,1,412,1,551,532,337,494,1083,831,888,1026,1914
155140,1,412,1,258,394,22,53,652,75,280,447,727
155177,1,412,1,142,160,6,17,302,23,148,177,325
155195,1,412,1,784,944,1361,1871,1728,3232,2145,2815,4960
155210,1,412,1,2393,2529,5025,6550,4922,11575,7418,9079,16497
155292,1,412,1,709,892,1236,1839,1601,3075,1945,2731,4676
155317,1,412,1,10225,12081,1873,2529,22306,4402,12098,14610,26708
155399,1,412,1,7842,8150,1445,2285,15992,3730,9287,10435,19722
155414,1,412,1,420,332,74,33,752,107,494,365,859
155423,1,412,1,591,280,131,155,871,286,722,435,1157
155487,1,412,1,158,103,365,283,261,648,523,386,909
155511,1,412,1,545,259,9,9,804,18,554,268,822
155566,1,412,1,245,309,450,634,554,1084,695,943,1638
155618,1,412,1,301,87,157,121,388,278,458,208,666
155715,1,412,1,375,180,268,379,555,647,643,559,1202
155812,1,412,1,482,456,130,199,938,329,612,655,1267
155858,1,412,1,284,397,320,662,681,982,604,1059,1663
155900,1,412,1,426,245,340,163,671,503,766,408,1174
155973,1,412,1,316,190,53,78,506,131,369,268,637
156082,1,412,1,1347,2299,633,1181,3646,1814,1980,3480,5460
156107,1,412,1,997,530,1748,1746,1527,3494,2745,2276,5021
156125,1,412,1,5008,5730,2212,3266,10738,5478,7220,8996,16216
156189,1,412,1,281,250,15,19,531,34,296,269,565
156213,1,412,1,453,640,197,360,1093,557,650,1000,1650
156231,1,412,1,489,594,509,923,1083,1432,998,1517,2515
156286,1,412,1,956,1560,151,303,2516,454,1107,1863,2970
156295,1,412,1,568,840,14,11,1408,25,582,851,1433
156338,1,412,1,593,837,1292,2010,1430,3302,1885,2847,4732
156356,1,412,1,199,331,27,89,530,116,226,420,646
156392,1,412,1,1609,2071,2591,4047,3680,6638,4200,6118,10318
156408,1,412,1,651,701,4,1,1352,5,655,702,1357
156426,1,412,1,8,104,4,56,112,60,12,160,172
156541,1,412,1,2285,4447,5946,5375,6732,11321,8231,9822,18053
156620,1,412,1,3992,6177,1596,2559,10169,4155,5588,8736,14324
156648,1,412,1,869,1262,1481,2036,2131,3517,2350,3298,5648
156745,1,412,1,559,643,78,268,1202,346,637,911,1548
156790,1,412,1,322,474,767,993,796,1760,1089,1467,2556
156842,1,412,1,4,132,1,56,136,57,5,188,193
156851,1,412,1,103,266,307,830,369,1137,410,1096,1506
156860,1,412,1,245,454,445,884,699,1329,690,1338,2028
156921,1,412,1,1358,1529,3878,5288,2887,9166,5236,6817,12053
157030,1,412,1,32,17,16,13,49,29,48,30,78
157058,1,412,1,498,760,221,247,1258,468,719,1007,1726
157076,1,412,1,373,374,45,21,747,66,418,395,813
157085,1,412,1,11315,16305,1408,2519,27620,3927,12723,18824,31547
157216,1,412,1,1378,1187,164,430,2565,594,1542,1617,3159
157289,1,412,1,6862,8638,2801,3716,15500,6517,9663,12354,22017
157304,1,412,1,329,659,1239,1266,988,2505,1568,1925,3493
157331,1,412,1,444,586,1128,1816,1030,2944,1572,2402,3974
157386,1,412,1,1843,2815,1566,2583,4658,4149,3409,5398,8807
157401,1,412,1,2411,3963,1105,2000,6374,3105,3516,5963,9479
157438,1,412,1,574,614,1385,1867,1188,3252,1959,2481,4440
157447,1,412,1,3441,5192,2288,4880,8633,7168,5729,10072,15801
157483,1,412,1,619,988,1694,2008,1607,3702,2313,2996,5309
157535,1,412,1,892,1120,177,245,2012,422,1069,1365,2434
157553,1,412,1,509,643,582,842,1152,1424,1091,1485,2576
157614,1,412,1,2,59,0,28,61,28,2,87,89
157650,1,412,1,3,72,0,31,75,31,3,103,106
157669,1,412,1,2,76,0,0,78,0,2,76,78
157678,1,412,1,0,95,0,0,95,0,0,95,95
157711,1,412,1,866,1153,1347,2163,2019,3510,2213,3316,5529
157739,1,412,1,344,658,678,945,1002,1623,1022,1603,2625
157757,1,412,1,305,754,136,337,1059,473,441,1091,1532
157951,1,412,1,4527,7377,1656,2933,11904,4589,6183,10310,16493
158662,1,412,1,1299,2635,2424,6019,3934,8443,3723,8654,12377
158802,1,412,1,289,873,10,52,1162,62,299,925,1224
158884,1,412,1,257,370,616,1150,627,1766,873,1520,2393
159197,1,412,1,426,79,0,0,505,0,426,79,505
159382,1,412,1,684,1610,589,1406,2294,1995,1273,3016,4289
159391,1,412,1,13687,17385,2707,3569,31072,6276,16394,20954,37348
159407,1,412,1,431,1098,336,1173,1529,1509,767,2271,3038
159647,1,412,1,4435,3503,1209,1692,7938,2901,5644,5195,10839
159656,1,412,1,1285,2406,195,511,3691,706,1480,2917,4397
159717,1,412,1,1870,2845,507,1008,4715,1515,2377,3853,6230
159939,1,412,1,2302,2382,1095,1332,4684,2427,3397,3714,7111
159966,1,412,1,1609,2870,427,977,4479,1404,2036,3847,5883
159993,1,412,1,1778,3326,917,2377,5104,3294,2695,5703,8398
160010,1,412,1,256,64,336,314,320,650,592,378,970
160472,1,412,1,7,56,2,41,63,43,9,97,106
160579,1,412,1,832,808,700,928,1640,1628,1532,1736,3268
160612,1,412,1,3029,5098,1889,3449,8127,5338,4918,8547,13465
160621,1,412,1,2093,4073,707,1353,6166,2060,2800,5426,8226
160630,1,412,1,262,794,295,599,1056,894,557,1393,1950
160649,1,412,1,486,1036,474,1158,1522,1632,960,2194,3154
160658,1,412,1,5017,6674,1452,2076,11691,3528,6469,8750,15219
160667,1,412,1,697,586,1726,2065,1283,3791,2423,2651,5074
160755,1,412,1,4477,6998,974,1578,11475,2552,5451,8576,14027
160904,1,412,1,747,2553,29,90,3300,119,776,2643,3419
160977,1,412,1,846,944,0,0,1790,0,846,944,1790
161004,1,412,1,924,985,2,4,1909,6,926,989,1915
161077,1,412,1,616,604,832,1324,1220,2156,1448,1928,3376
161086,1,412,1,1094,1205,0,0,2299,0,1094,1205,2299
161138,1,412,1,489,444,675,768,933,1443,1164,1212,2376
161192,1,412,1,196,314,501,1108,510,1609,697,1422,2119
161208,1,412,1,43,3,0,0,46,0,43,3,46
161217,1,412,1,389,912,1077,2068,1301,3145,1466,2980,4446
161226,1,412,1,401,767,153,516,1168,669,554,1283,1837
161235,1,412,1,114,237,247,612,351,859,361,849,1210
161253,1,412,1,4189,4178,1659,2205,8367,3864,5848,6383,12231
161299,1,412,1,691,171,30,5,862,35,721,176,897
161341,1,412,1,280,457,397,713,737,1110,677,1170,1847
161457,1,412,1,1399,3150,531,1354,4549,1885,1930,4504,6434
161484,1,412,1,181,134,201,267,315,468,382,401,783
161493,1,412,1,2,121,2,30,123,32,4,151,155
161509,1,412,1,96,327,4,9,423,13,100,336,436
161545,1,412,1,1133,1177,1475,2222,2310,3697,2608,3399,6007
161554,1,412,1,1537,2538,1270,2238,4075,3508,2807,4776,7583
161572,1,412,1,818,3069,81,313,3887,394,899,3382,4281
161581,1,412,1,91,77,97,240,168,337,188,317,505
161688,1,412,1,322,503,468,1285,825,1753,790,1788,2578
161767,1,412,1,1385,1457,2655,4695,2842,7350,4040,6152,10192
161864,1,412,1,287,560,696,1995,847,2691,983,2555,3538
161873,1,412,1,652,1061,560,1015,1713,1575,1212,2076,3288
162104,1,412,1,253,294,436,840,547,1276,689,1134,1823
162122,1,412,1,777,1020,1078,1993,1797,3071,1855,3013,4868
162168,1,412,1,180,245,410,959,425,1369,590,1204,1794
162210,1,412,1,158,288,77,148,446,225,235,436,671
162283,1,412,1,342,1068,124,472,1410,596,466,1540,2006
162584,1,412,1,1415,1392,418,842,2807,1260,1833,2234,4067
162654,1,412,1,347,679,117,584,1026,701,464,1263,1727
162690,1,412,1,483,647,707,1667,1130,2374,1190,2314,3504
162706,1,412,1,781,836,1052,1922,1617,2974,1833,2758,4591
162830,1,412,1,4,90,0,0,94,0,4,90,94
163028,1,412,1,636,72,215,24,708,239,851,96,947
163204,1,412,1,5245,4915,25233,20445,10160,45678,30478,25360,55838
163259,1,412,1,1421,3504,454,1552,4925,2006,1875,5056,6931
163268,1,412,1,6079,5205,1375,1332,11284,2707,7454,6537,13991
163286,1,412,1,18328,17837,2434,2193,36165,4627,20762,20030,40792
163295,1,412,1,377,1190,102,283,1567,385,479,1473,1952
163338,1,412,1,918,1177,174,249,2095,423,1092,1426,2518
163453,1,412,1,3089,5098,394,520,8187,914,3483,5618,9101
163462,1,412,1,1059,990,145,262,2049,407,1204,1252,2456
163578,1,412,1,78,695,173,787,773,960,251,1482,1733
163851,1,412,1,2725,3561,346,491,6286,837,3071,4052,7123
163912,1,412,1,605,873,19,23,1478,42,624,896,1520
163976,1,412,1,267,239,26,9,506,35,293,248,541
164076,1,412,1,6319,9511,1323,2640,15830,3963,7642,12151,19793
164085,1,412,1,12,69,45,575,81,620,57,644,701
164155,1,412,1,3184,1266,0,0,4450,0,3184,1266,4450
164216,1,412,1,391,550,9,5,941,14,400,555,955
164270,1,412,1,888,1477,130,505,2365,635,1018,1982,3000
164313,1,412,1,180,229,572,1457,409,2029,752,1686,2438
164465,1,412,1,917,981,0,0,1898,0,917,981,1898
164492,1,412,1,494,440,361,141,934,502,855,581,1436
164599,1,412,1,0,0,4,22,0,26,4,22,26
164632,1,412,1,47,1218,74,1126,1265,1200,121,2344,2465
164739,1,412,1,2703,1793,328,341,4496,669,3031,2134,5165
164775,1,412,1,146,204,303,714,350,1017,449,918,1367
164845,1,412,1,1,56,0,9,57,9,1,65,66
164872,1,412,1,263,368,43,73,631,116,306,441,747
164915,1,412,1,23,34,29,69,57,98,52,103,155
164988,1,412,1,12286,16965,3360,4103,29251,7463,15646,21068,36714
165015,1,412,1,2234,2911,174,262,5145,436,2408,3173,5581
165024,1,412,1,2836,4189,919,1660,7025,2579,3755,5849,9604
165033,1,412,1,803,1263,1163,2593,2066,3756,1966,3856,5822
165112,1,412,1,1100,1254,2289,3796,2354,6085,3389,5050,8439
165167,1,412,1,124,363,354,1294,487,1648,478,1657,2135
165194,1,412,1,281,348,573,1134,629,1707,854,1482,2336
165264,1,412,1,7,86,69,821,93,890,76,907,983
165334,1,412,1,1601,1933,110,126,3534,236,1711,2059,3770
165556,1,412,1,32,309,10,48,341,58,42,357,399
165662,1,412,1,1594,3746,70,481,5340,551,1664,4227,5891
165671,1,412,1,417,1397,39,159,1814,198,456,1556,2012
165820,1,412,1,1341,1554,1146,2513,2895,3659,2487,4067,6554
165866,1,412,1,1162,1402,447,1100,2564,1547,1609,2502,4111
165936,1,412,1,508,827,104,189,1335,293,612,1016,1628
165945,1,412,1,166,117,671,380,283,1051,837,497,1334
165981,1,412,1,133,239,364,683,372,1047,497,922,1419
166018,1,412,1,190,318,0,0,508,0,190,318,508
166027,1,412,1,9937,11269,4270,5155,21206,9425,14207,16424,30631
166133,1,412,1,486,689,754,1621,1175,2375,1240,2310,3550
166391,1,412,1,432,788,152,219,1220,371,584,1007,1591
166513,1,412,1,6639,4735,3104,2675,11374,5779,9743,7410,17153
166629,1,412,1,12566,13202,3123,3338,25768,6461,15689,16540,32229
166647,1,412,1,577,500,939,1481,1077,2420,1516,1981,3497
166674,1,412,1,421,1252,89,177,1673,266,510,1429,1939
166683,1,412,1,6622,5003,162,71,11625,233,6784,5074,11858
166708,1,412,1,445,804,19,84,1249,103,464,888,1352
166717,1,412,1,100,461,84,252,561,336,184,713,897
166823,1,412,1,754,860,1098,2098,1614,3196,1852,2958,4810
166850,1,412,1,2148,2725,196,436,4873,632,2344,3161,5505
166887,1,412,1,725,874,2393,3778,1599,6171,3118,4652,7770
166911,1,412,1,65,218,6,7,283,13,71,225,296
166939,1,412,1,4,2188,26,174,2192,200,30,2362,2392
166957,1,412,1,316,469,591,1492,785,2083,907,1961,2868
167093,1,412,1,128,408,0,0,536,0,128,408,536
167288,1,412,1,323,412,67,136,735,203,390,548,938
167312,1,412,1,547,678,991,2175,1225,3166,1538,2853,4391
167358,1,412,1,13704,15144,562,603,28848,1165,14266,15747,30013
167376,1,412,1,518,571,1090,2160,1089,3250,1608,2731,4339
167394,1,412,1,243,646,73,313,889,386,316,959,1275
167534,1,412,1,859,1054,1569,2999,1913,4568,2428,4053,6481
167598,1,412,1,241,1070,197,1722,1311,1919,438,2792,3230
167729,1,412,1,1414,3071,636,1418,4485,2054,2050,4489,6539
167783,1,412,1,173,2861,267,2409,3034,2676,440,5270,5710
167835,1,412,1,43,2792,9,29,2835,38,52,2821,2873
167871,1,412,1,8,64,20,36,72,56,28,100,128
167905,1,412,1,685,737,883,1640,1422,2523,1568,2377,3945
167987,1,412,1,2765,2801,791,1100,5566,1891,3556,3901,7457
168005,1,412,1,2059,3531,451,693,5590,1144,2510,4224,6734
168148,1,412,1,4910,7094,612,815,12004,1427,5522,7909,13431
168227,1,412,1,2697,832,302,89,3529,391,2999,921,3920
168254,1,412,1,1597,1361,208,264,2958,472,1805,1625,3430
168342,1,412,1,1036,1162,11,13,2198,24,1047,1175,2222
168421,1,412,1,3783,2188,920,417,5971,1337,4703,2605,7308
168430,1,412,1,1316,2238,598,1159,3554,1757,1914,3397,5311
168528,1,412,1,936,797,38,50,1733,88,974,847,1821
168546,1,412,1,687,757,6,6,1444,12,693,763,1456
168591,1,412,1,571,667,17,5,1238,22,588,672,1260
168607,1,412,1,276,219,441,600,495,1041,717,819,1536
168740,1,412,1,925,738,710,485,1663,1195,1635,1223,2858
168786,1,412,1,475,610,63,117,1085,180,538,727,1265
168847,1,412,1,385,1124,690,1907,1509,2597,1075,3031,4106
168892,1,412,1,3,59,1,53,62,54,4,112,116
169099,1,412,1,102,30,66,41,132,107,168,71,239
169248,1,412,1,4531,6481,1238,2307,11012,3545,5769,8788,14557
169275,1,412,1,650,1063,1401,2855,1713,4256,2051,3918,5969
169284,1,412,1,6,190,12,55,196,67,18,245,263
169424,1,412,1,47,82,0,0,129,0,47,82,129
169442,1,412,1,425,774,123,195,1199,318,548,969,1517
169503,1,412,1,3,274,0,0,277,0,3,274,277
169521,1,412,1,831,1201,1824,3200,2032,5024,2655,4401,7056
169576,1,412,1,2,106,0,0,108,0,2,106,108
169655,1,412,1,1217,86,0,0,1303,0,1217,86,1303
169716,1,412,1,1439,2386,843,692,3825,1535,2282,3078,5360
169798,1,412,1,3489,5550,1903,3076,9039,4979,5392,8626,14018
169910,1,412,1,3343,3905,1178,1646,7248,2824,4521,5551,10072
169992,1,412,1,158,206,159,314,364,473,317,520,837
170000,1,412,1,274,358,153,246,632,399,427,604,1031
170055,1,412,1,1625,1735,3536,4907,3360,8443,5161,6642,11803
170082,1,412,1,6926,11140,1397,2185,18066,3582,8323,13325,21648
170240,1,412,1,1746,2192,3083,4183,3938,7266,4829,6375,11204
170286,1,412,1,820,778,45,35,1598,80,865,813,1678
170550,1,412,1,283,455,743,1946,738,2689,1026,2401,3427
170587,1,412,1,165,279,364,595,444,959,529,874,1403
170639,1,412,1,605,690,135,225,1295,360,740,915,1655
170657,1,412,1,1323,1567,2837,3846,2890,6683,4160,5413,9573
170675,1,412,1,1234,535,772,425,1769,1197,2006,960,2966
170790,1,412,1,2044,2379,4740,6783,4423,11523,6784,9162,15946
170806,1,412,1,515,923,220,451,1438,671,735,1374,2109
170976,1,412,1,22517,24828,2222,1658,47345,3880,24739,26486,51225
171100,1,412,1,20954,23338,2587,3144,44292,5731,23541,26482,50023
171137,1,412,1,2851,2479,1703,1190,5330,2893,4554,3669,8223
171146,1,412,1,1288,2243,835,1619,3531,2454,2123,3862,5985
171155,1,412,1,441,573,770,1598,1014,2368,1211,2171,3382
171225,1,412,1,239,345,664,1150,584,1814,903,1495,2398
171304,1,412,1,461,627,831,1527,1088,2358,1292,2154,3446
171456,1,412,1,2390,3428,427,725,5818,1152,2817,4153,6970
171483,1,412,1,554,562,858,1124,1116,1982,1412,1686,3098
171492,1,412,1,854,493,517,382,1347,899,1371,875,2246
171571,1,412,1,5008,7191,1840,2069,12199,3909,6848,9260,16108
172200,1,412,1,971,905,2255,3519,1876,5774,3226,4424,7650
172291,1,412,1,391,748,713,1340,1139,2053,1104,2088,3192
172307,1,412,1,360,431,399,617,791,1016,759,1048,1807
172334,1,412,1,460,1534,89,313,1994,402,549,1847,2396
172422,1,412,1,84,25,0,0,109,0,84,25,109
172617,1,412,1,1405,1404,3386,4427,2809,7813,4791,5831,10622
172644,1,412,1,6735,10250,2718,3927,16985,6645,9453,14177,23630
172680,1,412,1,4,59,1,46,63,47,5,105,110
172699,1,412,1,6062,6634,1992,2312,12696,4304,8054,8946,17000
173045,1,412,1,1136,1573,112,267,2709,379,1248,1840,3088
173142,1,412,1,331,336,70,93,667,163,401,429,830
173160,1,412,1,882,1455,463,746,2337,1209,1345,2201,3546
173258,1,412,1,1015,1026,6,12,2041,18,1021,1038,2059
173300,1,412,1,824,947,53,79,1771,132,877,1026,1903
173452,1,412,1,311,303,102,164,614,266,413,467,880
173647,1,412,1,900,1131,23,18,2031,41,923,1149,2072
173665,1,412,1,635,1107,255,641,1742,896,890,1748,2638
173683,1,412,1,23,40,23,61,63,84,46,101,147
173896,1,412,1,144,211,29,26,355,55,173,237,410
173902,1,412,1,898,1246,19,12,2144,31,917,1258,2175
174066,1,412,1,16981,21380,7409,9185,38361,16594,24390,30565,54955
174075,1,412,1,403,615,529,756,1018,1285,932,1371,2303
174127,1,412,1,235,492,23,71,727,94,258,563,821
174233,1,412,1,4002,4003,800,870,8005,1670,4802,4873,9675
174251,1,412,1,442,552,29,45,994,74,471,597,1068
174491,1,412,1,762,1125,498,868,1887,1366,1260,1993,3253
174507,1,412,1,329,425,63,214,754,277,392,639,1031
174747,1,412,1,1,1442,0,27,1443,27,1,1469,1470
174792,1,412,1,1513,21,90,21,1534,111,1603,42,1645
174899,1,412,1,753,1785,156,513,2538,669,909,2298,3207
174914,1,412,1,3348,3429,1082,1166,6777,2248,4430,4595,9025
174978,1,412,1,2,104,1,35,106,36,3,139,142
175005,1,412,1,94,2027,140,1316,2121,1456,234,3343,3577
175014,1,412,1,297,1336,235,1190,1633,1425,532,2526,3058
175120,1,412,1,302,138,0,0,440,0,302,138,440
175227,1,412,1,923,204,179,53,1127,232,1102,257,1359
175421,1,412,1,484,705,672,1766,1189,2438,1156,2471,3627
175430,1,412,1,274,283,174,191,557,365,448,474,922
175573,1,412,1,749,1052,361,639,1801,1000,1110,1691,2801
175616,1,412,1,671,994,271,620,1665,891,942,1614,2556
175652,1,412,1,1026,1148,444,706,2174,1150,1470,1854,3324
175786,1,412,1,1966,2858,1738,2845,4824,4583,3704,5703,9407
175810,1,412,1,1064,1951,602,1331,3015,1933,1666,3282,4948
175829,1,412,1,1198,1694,593,1114,2892,1707,1791,2808,4599
175856,1,412,1,1832,3324,475,1275,5156,1750,2307,4599,6906
175883,1,412,1,1069,1693,598,1039,2762,1637,1667,2732,4399
175935,1,412,1,579,1166,268,608,1745,876,847,1774,2621
175980,1,412,1,356,291,8,6,647,14,364,297,661
176008,1,412,1,515,859,213,452,1374,665,728,1311,2039
176017,1,412,1,8324,11418,1002,1556,19742,2558,9326,12974,22300
176035,1,412,1,298,1369,220,452,1667,672,518,1821,2339
176044,1,412,1,511,637,276,455,1148,731,787,1092,1879
176053,1,412,1,1182,1863,313,588,3045,901,1495,2451,3946
176080,1,412,1,9050,9746,1935,1918,18796,3853,10985,11664,22649
176178,1,412,1,1663,2669,1023,1843,4332,2866,2686,4512,7198
176239,1,412,1,1418,2469,489,1086,3887,1575,1907,3555,5462
176318,1,412,1,234,353,79,89,587,168,313,442,755
176372,1,412,1,3500,6586,1229,2211,10086,3440,4729,8797,13526
176433,1,412,1,2,40,0,14,42,14,2,54,56
176451,1,412,1,30,7,93,50,37,143,123,57,180
176479,1,412,1,1090,2166,751,1655,3256,2406,1841,3821,5662
176600,1,412,1,47,14,10,24,61,34,57,38,95
176628,1,412,1,426,696,50,134,1122,184,476,830,1306
176947,1,412,1,515,550,8,7,1065,15,523,557,1080
176965,1,412,1,3455,3666,1868,2648,7121,4516,5323,6314,11637
176983,1,412,1,51,14,6,5,65,11,57,19,76
177038,1,412,1,284,285,20,25,569,45,304,310,614
177126,1,412,1,118,66,259,165,184,424,377,231,608
177135,1,412,1,761,1038,746,1489,1799,2235,1507,2527,4034
177144,1,412,1,513,421,27,38,934,65,540,459,999
177214,1,412,1,618,750,73,154,1368,227,691,904,1595
177250,1,412,1,528,697,528,939,1225,1467,1056,1636,2692
177302,1,412,1,322,22,0,0,344,0,322,22,344
177418,1,412,1,330,432,53,129,762,182,383,561,944
177472,1,412,1,1998,2692,2596,3603,4690,6199,4594,6295,10889
177676,1,412,1,744,984,708,1190,1728,1898,1452,2174,3626
177685,1,412,1,13,130,0,0,143,0,13,130,143
177940,1,412,1,519,717,231,366,1236,597,750,1083,1833
177977,1,412,1,1561,276,218,121,1837,339,1779,397,2176
177986,1,412,1,594,575,171,395,1169,566,765,970,1735
177995,1,412,1,2461,3060,2742,4609,5521,7351,5203,7669,12872
178059,1,412,1,1370,2629,1298,4662,3999,5960,2668,7291,9959
178217,1,412,1,454,819,333,683,1273,1016,787,1502,2289
178341,1,412,1,998,1595,574,977,2593,1551,1572,2572,4144
178369,1,412,1,750,460,99,218,1210,317,849,678,1527
178387,1,412,1,957,1394,582,1090,2351,1672,1539,2484,4023
178396,1,412,1,11745,14514,2001,3044,26259,5045,13746,17558,31304
178402,1,412,1,3888,5239,2776,3800,9127,6576,6664,9039,15703
178411,1,412,1,4505,1406,872,297,5911,1169,5377,1703,7080
178420,1,412,1,2144,2996,3998,6043,5140,10041,6142,9039,15181
178448,1,412,1,872,1328,1015,1802,2200,2817,1887,3130,5017
178615,1,412,1,1182,1884,366,528,3066,894,1548,2412,3960
178624,1,412,1,2147,3163,1108,2087,5310,3195,3255,5250,8505
178679,1,412,1,272,219,112,86,491,198,384,305,689
178697,1,412,1,641,829,6,11,1470,17,647,840,1487
178721,1,412,1,1563,1684,2568,1847,3247,4415,4131,3531,7662
178891,1,412,1,1140,110,384,37,1250,421,1524,147,1671
178989,1,412,1,27,190,10,91,217,101,37,281,318
179043,1,412,1,689,1324,510,882,2013,1392,1199,2206,3405
179308,1,412,1,2106,3188,2844,6163,5294,9007,4950,9351,14301
179326,1,412,1,598,853,285,650,1451,935,883,1503,2386
179344,1,412,1,218,466,351,735,684,1086,569,1201,1770
179539,1,412,1,630,1168,709,1217,1798,1926,1339,2385,3724
179557,1,412,1,2946,4187,1071,1723,7133,2794,4017,5910,9927
179566,1,412,1,5084,8051,3835,5565,13135,9400,8919,13616,22535
179645,1,412,1,427,949,391,857,1376,1248,818,1806,2624
179715,1,412,1,226,551,260,735,777,995,486,1286,1772
179812,1,412,1,621,671,3,11,1292,14,624,682,1306
179867,1,412,1,6960,7669,1009,1374,14629,2383,7969,9043,17012
179894,1,412,1,1452,1643,1387,1914,3095,3301,2839,3557,6396
179946,1,412,1,331,271,4,4,602,8,335,275,610
180081,1,412,1,180,98,177,200,278,377,357,298,655
180106,1,412,1,449,690,12,17,1139,29,461,707,1168
180151,1,412,1,105,105,120,132,210,252,225,237,462
180179,1,412,1,809,1243,627,1378,2052,2005,1436,2621,4057
180197,1,412,1,269,317,670,873,586,1543,939,1190,2129
180249,1,412,1,140,313,205,534,453,739,345,847,1192
180258,1,412,1,214,388,82,271,602,353,296,659,955
180276,1,412,1,168,169,424,662,337,1086,592,831,1423
180416,1,412,1,864,531,137,93,1395,230,1001,624,1625
180461,1,412,1,6948,6211,1723,1799,13159,3522,8671,8010,16681
180522,1,412,1,427,269,215,229,696,444,642,498,1140
180595,1,412,1,481,552,8,13,1033,21,489,565,1054
180647,1,412,1,137,327,40,115,464,155,177,442,619
180692,1,412,1,359,654,93,318,1013,411,452,972,1424
180814,1,412,1,3779,5009,2185,2868,8788,5053,5964,7877,13841
180902,1,412,1,888,864,1833,2934,1752,4767,2721,3798,6519
180948,1,412,1,601,1000,200,459,1601,659,801,1459,2260
181002,1,412,1,2962,4260,453,722,7222,1175,3415,4982,8397
181020,1,412,1,618,651,130,480,1269,610,748,1131,1879
181127,1,412,1,450,476,6,4,926,10,456,480,936
181145,1,412,1,2,22,0,0,24,0,2,22,24
181190,1,412,1,4,103,0,0,107,0,4,103,107
181215,1,412,1,1437,2500,625,1479,3937,2104,2062,3979,6041
181297,1,412,1,94,777,27,248,871,275,121,1025,1146
181303,1,412,1,1990,1938,5139,5474,3928,10613,7129,7412,14541
181312,1,412,1,321,347,541,875,668,1416,862,1222,2084
181330,1,412,1,626,605,106,278,1231,384,732,883,1615
181394,1,412,1,4683,6337,1861,2177,11020,4038,6544,8514,15058
181428,1,412,1,849,2023,215,573,2872,788,1064,2596,3660
181446,1,412,1,693,819,41,135,1512,176,734,954,1688
181464,1,412,1,10310,10385,1559,1551,20695,3110,11869,11936,23805
181491,1,412,1,1065,931,1916,1671,1996,3587,2981,2602,5583
181604,1,412,1,33,704,28,92,737,120,61,796,857
181640,1,412,1,1813,1358,2683,3611,3171,6294,4496,4969,9465
181738,1,412,1,205,341,45,103,546,148,250,444,694
181783,1,412,1,1287,1751,631,1104,3038,1735,1918,2855,4773
181817,1,412,1,283,335,350,607,618,957,633,942,1575
182005,1,412,1,3871,5142,8454,11434,9013,19888,12325,16576,28901
182281,1,412,1,9675,12987,3479,4519,22662,7998,13154,17506,30660
182290,1,412,1,7121,8356,2410,3058,15477,5468,9531,11414,20945
182306,1,412,1,355,523,781,1538,878,2319,1136,2061,3197
182500,1,412,1,1163,1486,3291,3711,2649,7002,4454,5197,9651
182564,1,412,1,489,681,1171,1241,1170,2412,1660,1922,3582
182670,1,412,1,3383,3318,22,21,6701,43,3405,3339,6744
182704,1,412,1,1,50,1,14,51,15,2,64,66
182722,1,412,1,12,104,0,35,116,35,12,139,151
182829,1,412,1,232,196,134,89,428,223,366,285,651
182892,1,412,1,0,38,0,26,38,26,0,64,64
182980,1,412,1,1628,1066,72,86,2694,158,1700,1152,2852
183026,1,412,1,15333,25017,43617,80124,40350,123741,58950,105141,164091
183044,1,412,1,5398,7193,616,746,12591,1362,6014,7939,13953
183062,1,412,1,1211,1437,115,109,2648,224,1326,1546,2872
183071,1,412,1,208,216,61,49,424,110,269,265,534
183080,1,412,1,1682,1703,167,320,3385,487,1849,2023,3872
183202,1,412,1,1,68,1,12,69,13,2,80,82
183239,1,412,1,775,1180,13,9,1955,22,788,1189,1977
183257,1,412,1,169,444,226,586,613,812,395,1030,1425
183275,1,412,1,43,46,0,0,89,0,43,46,89
183488,1,412,1,37,408,7,110,445,117,44,518,562
183655,1,412,1,741,1045,849,1643,1786,2492,1590,2688,4278
183743,1,412,1,2975,2900,2339,2978,5875,5317,5314,5878,11192
183789,1,412,1,334,920,176,648,1254,824,510,1568,2078
183822,1,412,1,439,632,32,50,1071,82,471,682,1153
183859,1,412,1,2098,1961,2509,3328,4059,5837,4607,5289,9896
183910,1,412,1,615,1032,84,297,1647,381,699,1329,2028
183938,1,412,1,1307,1747,1648,3068,3054,4716,2955,4815,7770
184056,1,412,1,94,311,26,117,405,143,120,428,548
184180,1,412,1,1504,1081,1607,1646,2585,3253,3111,2727,5838
184205,1,412,1,336,573,505,1012,909,1517,841,1585,2426
184427,1,412,1,224,12,92,11,236,103,316,23,339
184481,1,412,1,1204,1794,1336,2132,2998,3468,2540,3926,6466
184506,1,412,1,4,50,4,25,54,29,8,75,83
184603,1,412,1,1145,1369,1850,2921,2514,4771,2995,4290,7285
184612,1,412,1,464,1203,121,360,1667,481,585,1563,2148
184694,1,412,1,1029,1496,132,166,2525,298,1161,1662,2823
184773,1,412,1,298,926,225,513,1224,738,523,1439,1962
184782,1,412,1,8138,7602,1473,2322,15740,3795,9611,9924,19535
184791,1,412,1,1230,1596,962,1653,2826,2615,2192,3249,5441
184816,1,412,1,1,52,1,32,53,33,2,84,86
184959,1,412,1,49,273,59,338,322,397,108,611,719
184995,1,412,1,1434,2061,1159,2029,3495,3188,2593,4090,6683
185262,1,412,1,3631,6151,1007,2095,9782,3102,4638,8246,12884
185396,1,412,1,1347,45,223,10,1392,233,1570,55,1625
185509,1,412,1,1036,880,1658,2247,1916,3905,2694,3127,5821
185536,1,412,1,1972,2082,2499,3183,4054,5682,4471,5265,9736
185572,1,412,1,1488,2771,214,554,4259,768,1702,3325,5027
185590,1,412,1,6549,10572,1655,3008,17121,4663,8204,13580,21784
185721,1,412,1,77,186,42,110,263,152,119,296,415
185758,1,412,1,9,12,54,57,21,111,63,69,132
185828,1,412,1,6942,2707,1870,813,9649,2683,8812,3520,12332
185873,1,412,1,1495,1545,1634,2512,3040,4146,3129,4057,7186
186016,1,412,1,18,234,9,193,252,202,27,427,454
186034,1,412,1,799,1066,1115,2139,1865,3254,1914,3205,5119
186131,1,412,1,4634,4144,34,30,8778,64,4668,4174,8842
186201,1,412,1,1880,2668,313,617,4548,930,2193,3285,5478
186283,1,412,1,1387,1888,266,513,3275,779,1653,2401,4054
186371,1,412,1,1717,2615,686,948,4332,1634,2403,3563,5966
186380,1,412,1,20847,22516,2507,4767,43363,7274,23354,27283,50637
186399,1,412,1,3795,4263,1401,1558,8058,2959,5196,5821,11017
186405,1,412,1,5,11,0,0,16,0,5,11,16
186432,1,412,1,1339,1492,224,375,2831,599,1563,1867,3430
186469,1,412,1,231,289,160,431,520,591,391,720,1111
186584,1,412,1,3235,4231,805,1352,7466,2157,4040,5583,9623
186618,1,412,1,267,518,75,262,785,337,342,780,1122
186645,1,412,1,1372,1149,1844,1956,2521,3800,3216,3105,6321
186867,1,412,1,5534,2314,1047,419,7848,1466,6581,2733,9314
186876,1,412,1,3116,5049,300,615,8165,915,3416,5664,9080
187046,1,412,1,17,66,4755,3410,83,8165,4772,3476,8248
187134,1,412,1,2984,4102,191,352,7086,543,3175,4454,7629
187198,1,412,1,1618,1875,1353,2950,3493,4303,2971,4825,7796
187444,1,412,1,2264,3494,918,2394,5758,3312,3182,5888,9070
187532,1,412,1,1847,2425,5490,9333,4272,14823,7337,11758,19095
187620,1,412,1,1191,1616,1417,2438,2807,3855,2608,4054,6662
187639,1,412,1,192,399,560,1152,591,1712,752,1551,2303
187648,1,412,1,854,1580,972,1700,2434,2672,1826,3280,5106
187897,1,412,1,565,1032,272,808,1597,1080,837,1840,2677
187912,1,412,1,288,57,46,33,345,79,334,90,424
187958,1,412,1,239,368,556,950,607,1506,795,1318,2113
187967,1,412,1,946,396,170,177,1342,347,1116,573,1689
187976,1,412,1,32,50,439,488,82,927,471,538,1009
187985,1,412,1,6364,8707,2925,3957,15071,6882,9289,12664,21953
187994,1,412,1,87,165,277,503,252,780,364,668,1032
188003,1,412,1,86,183,514,890,269,1404,600,1073,1673
188021,1,412,1,60,125,187,453,185,640,247,578,825
188030,1,412,1,4520,6246,1448,2054,10766,3502,5968,8300,14268
188049,1,412,1,94,152,670,1037,246,1707,764,1189,1953
188100,1,412,1,647,964,1079,2764,1611,3843,1726,3728,5454
188137,1,412,1,251,402,971,1642,653,2613,1222,2044,3266
188207,1,412,1,11,114,5,63,125,68,16,177,193
188225,1,412,1,58,83,368,713,141,1081,426,796,1222
188261,1,412,1,79,47,458,240,126,698,537,287,824
188340,1,412,1,828,126,210,23,954,233,1038,149,1187
188429,1,412,1,1818,4065,357,1012,5883,1369,2175,5077,7252
188438,1,412,1,673,726,525,738,1399,1263,1198,1464,2662
188517,1,412,1,100,130,11,55,230,66,111,185,296
188641,1,412,1,682,802,102,227,1484,329,784,1029,1813
188854,1,412,1,401,1079,0,0,1480,0,401,1079,1480
189219,1,412,1,120,2,0,0,122,0,120,2,122
189228,1,412,1,436,775,207,464,1211,671,643,1239,1882
189282,1,412,1,38,223,7,61,261,68,45,284,329
189547,1,412,1,1056,1392,1218,1743,2448,2961,2274,3135,5409
189565,1,412,1,117,257,16,73,374,89,133,330,463
189583,1,412,1,116,338,107,226,454,333,223,564,787
189592,1,412,1,80,189,7,52,269,59,87,241,328
189705,1,412,1,1019,1084,164,225,2103,389,1183,1309,2492
189839,1,412,1,321,510,1090,1558,831,2648,1411,2068,3479
190044,1,412,1,2119,1109,274,217,3228,491,2393,1326,3719
190053,1,412,1,159,147,278,410,306,688,437,557,994
190071,1,412,1,4,22,9,80,26,89,13,102,115
190099,1,412,1,1383,1737,11,10,3120,21,1394,1747,3141
190169,1,412,1,220,241,384,602,461,986,604,843,1447
190239,1,412,1,2,94,2,33,96,35,4,127,131
190372,1,412,1,471,467,19,1,938,20,490,468,958
190415,1,412,1,11788,13310,425,375,25098,800,12213,13685,25898
190424,1,412,1,530,756,16,25,1286,41,546,781,1327
190442,1,412,1,565,742,1037,1442,1307,2479,1602,2184,3786
190503,1,412,1,1487,1497,80,60,2984,140,1567,1557,3124
190761,1,412,1,423,778,39,167,1201,206,462,945,1407
190840,1,412,1,1234,1322,1898,2593,2556,4491,3132,3915,7047
191083,1,412,1,2357,2189,1403,1894,4546,3297,3760,4083,7843
191126,1,412,1,1185,5890,244,806,7075,1050,1429,6696,8125
191199,1,412,1,942,1015,1352,2022,1957,3374,2294,3037,5331
191205,1,412,1,339,133,36,38,472,74,375,171,546
191241,1,412,1,5330,8088,947,2191,13418,3138,6277,10279,16556
191302,1,412,1,305,370,446,691,675,1137,751,1061,1812
191311,1,412,1,53,96,0,0,149,0,53,96,149
191339,1,412,1,552,893,1107,1771,1445,2878,1659,2664,4323
191515,1,412,1,927,1143,1,1,2070,2,928,1144,2072
191533,1,412,1,446,633,6,18,1079,24,452,651,1103
191597,1,412,1,55,293,22,174,348,196,77,467,544
191612,1,412,1,445,609,396,580,1054,976,841,1189,2030
191649,1,412,1,3653,5205,490,890,8858,1380,4143,6095,10238
191676,1,412,1,265,455,46,67,720,113,311,522,833
191719,1,412,1,2561,1920,1949,2710,4481,4659,4510,4630,9140
191940,1,412,1,16,156,0,0,172,0,16,156,172
191986,1,412,1,626,781,1008,1341,1407,2349,1634,2122,3756
192022,1,412,1,497,669,395,731,1166,1126,892,1400,2292
192192,1,412,1,243,754,46,207,997,253,289,961,1250
192271,1,412,1,124,1017,10,159,1141,169,134,1176,1310
192323,1,412,1,1009,1495,145,554,2504,699,1154,2049,3203
192448,1,412,1,2479,5430,2961,4867,7909,7828,5440,10297,15737
192703,1,412,1,1889,1453,140,93,3342,233,2029,1546,3575
192712,1,412,1,516,576,6,17,1092,23,522,593,1115
192749,1,412,1,608,950,214,468,1558,682,822,1418,2240
192785,1,412,1,29,191,62,523,220,585,91,714,805
192819,1,412,1,2305,3201,416,542,5506,958,2721,3743,6464
193016,1,412,1,1656,4255,769,1935,5911,2704,2425,6190,8615
193283,1,412,1,1088,1230,1397,1824,2318,3221,2485,3054,5539
193292,1,412,1,862,2068,368,1509,2930,1877,1230,3577,4807
193326,1,412,1,1982,2449,1498,2354,4431,3852,3480,4803,8283
193380,1,412,1,0,0,12,83,0,95,12,83,95
193399,1,412,1,562,1817,62,436,2379,498,624,2253,2877
193478,1,412,1,3495,3216,2234,3051,6711,5285,5729,6267,11996
193584,1,412,1,595,1678,56,193,2273,249,651,1871,2522
193654,1,412,1,2329,6948,251,580,9277,831,2580,7528,10108
193830,1,412,1,549,718,59,128,1267,187,608,846,1454
193858,1,412,1,18,248,0,0,266,0,18,248,266
193900,1,412,1,20828,29842,3638,4836,50670,8474,24466,34678,59144
193946,1,412,1,875,1239,636,1088,2114,1724,1511,2327,3838
193973,1,412,1,1197,2214,166,281,3411,447,1363,2495,3858
193991,1,412,1,2,29,2,7,31,9,4,36,40
194028,1,412,1,237,364,350,653,601,1003,587,1017,1604
194091,1,412,1,3258,2751,477,420,6009,897,3735,3171,6906
194116,1,412,1,35,257,28,313,292,341,63,570,633
194222,1,412,1,1405,1392,2159,2364,2797,4523,3564,3756,7320
194240,1,412,1,911,1080,1099,1886,1991,2985,2010,2966,4976
194310,1,412,1,3761,6956,1004,1888,10717,2892,4765,8844,13609
194392,1,412,1,424,236,16,10,660,26,440,246,686
194578,1,412,1,1425,3831,54,184,5256,238,1479,4015,5494
194824,1,412,1,4729,2139,78,22,6868,100,4807,2161,6968
195003,1,412,1,9723,5213,1123,556,14936,1679,10846,5769,16615
195058,1,412,1,1372,1184,1162,1754,2556,2916,2534,2938,5472
195067,1,412,1,12,218,5,82,230,87,17,300,317
195128,1,412,1,378,1086,112,583,1464,695,490,1669,2159
195155,1,412,1,11,1,108,51,12,159,119,52,171
195164,1,412,1,1069,954,225,354,2023,579,1294,1308,2602
195216,1,412,1,982,1157,17,19,2139,36,999,1176,2175
195234,1,412,1,615,1321,238,612,1936,850,853,1933,2786
195243,1,412,1,533,522,442,536,1055,978,975,1058,2033
195322,1,412,1,451,549,1148,1509,1000,2657,1599,2058,3657
195474,1,412,1,1574,1929,68,77,3503,145,1642,2006,3648
195526,1,412,1,1127,1598,14,19,2725,33,1141,1617,2758
195544,1,412,1,1077,2275,225,771,3352,996,1302,3046,4348
195702,1,412,1,14,69,6,52,83,58,20,121,141
195720,1,412,1,1218,1874,119,410,3092,529,1337,2284,3621
195988,1,412,1,307,329,424,638,636,1062,731,967,1698
196006,1,412,1,2046,1011,102,189,3057,291,2148,1200,3348
196015,1,412,1,1064,1278,168,326,2342,494,1232,1604,2836
196024,1,412,1,1080,956,105,471,2036,576,1185,1427,2612
196033,1,412,1,713,955,51,64,1668,115,764,1019,1783
196042,1,412,1,4424,2977,1084,829,7401,1913,5508,3806,9314
196051,1,412,1,863,708,56,176,1571,232,919,884,1803
196060,1,412,1,6104,7656,1096,1802,13760,2898,7200,9458,16658
196079,1,412,1,7940,8611,883,878,16551,1761,8823,9489,18312
196088,1,412,1,13953,12588,2653,2905,26541,5558,16606,15493,32099
196097,1,412,1,10787,11206,1394,2323,21993,3717,12181,13529,25710
196103,1,412,1,725,739,241,271,1464,512,966,1010,1976
196112,1,412,1,1373,632,316,521,2005,837,1689,1153,2842
196121,1,412,1,1993,2890,500,1041,4883,1541,2493,3931,6424
196130,1,412,1,2182,3065,455,743,5247,1198,2637,3808,6445
196149,1,412,1,2752,3343,185,410,6095,595,2937,3753,6690
196158,1,412,1,1321,1921,78,171,3242,249,1399,2092,3491
196167,1,412,1,1402,2606,72,104,4008,176,1474,2710,4184
196176,1,412,1,2079,3968,338,579,6047,917,2417,4547,6964
196185,1,412,1,1876,3055,125,374,4931,499,2001,3429,5430
196194,1,412,1,2788,3134,424,560,5922,984,3212,3694,6906
196200,1,412,1,837,1366,56,168,2203,224,893,1534,2427
196219,1,412,1,1222,1695,114,151,2917,265,1336,1846,3182
196246,1,412,1,1471,2397,225,381,3868,606,1696,2778,4474
196255,1,412,1,567,1129,118,371,1696,489,685,1500,2185
196264,1,412,1,965,2485,2183,3774,3450,5957,3148,6259,9407
196291,1,412,1,1097,179,132,19,1276,151,1229,198,1427
196307,1,412,1,499,790,26,116,1289,142,525,906,1431
196413,1,412,1,9270,10837,1168,1423,20107,2591,10438,12260,22698
196468,1,412,1,632,2592,322,968,3224,1290,954,3560,4514
196565,1,412,1,518,556,1375,1993,1074,3368,1893,2549,4442
196653,1,412,1,42,299,98,583,341,681,140,882,1022
196699,1,412,1,472,517,958,965,989,1923,1430,1482,2912
196884,1,412,1,66,101,29,33,167,62,95,134,229
197036,1,412,1,3394,999,0,0,4393,0,3394,999,4393
197045,1,412,1,1007,1438,403,1013,2445,1416,1410,2451,3861
197285,1,412,1,194,469,49,116,663,165,243,585,828
197294,1,412,1,2155,2067,1990,2595,4222,4585,4145,4662,8807
197337,1,412,1,1,62,0,3,63,3,1,65,66
197708,1,412,1,2282,3002,328,444,5284,772,2610,3446,6056
197814,1,412,1,264,405,561,1084,669,1645,825,1489,2314
197850,1,412,1,234,388,974,1742,622,2716,1208,2130,3338
197869,1,412,1,7874,10349,776,1437,18223,2213,8650,11786,20436
197887,1,412,1,704,1032,1777,2960,1736,4737,2481,3992,6473
197911,1,412,1,554,514,25,172,1068,197,579,686,1265
197966,1,412,1,141,318,421,861,459,1282,562,1179,1741
197993,1,412,1,0,158,0,10,158,10,0,168,168
198066,1,412,1,459,280,13,7,739,20,472,287,759
198109,1,412,1,15,180,23,310,195,333,38,490,528
198118,1,412,1,553,678,934,1538,1231,2472,1487,2216,3703
198136,1,412,1,1929,2464,399,480,4393,879,2328,2944,5272
198154,1,412,1,1547,1694,5469,5460,3241,10929,7016,7154,14170
198206,1,412,1,238,338,282,696,576,978,520,1034,1554
198260,1,412,1,2978,3653,4431,6632,6631,11063,7409,10285,17694
198303,1,412,1,486,314,38,48,800,86,524,362,886
198330,1,412,1,574,920,761,1356,1494,2117,1335,2276,3611
198367,1,412,1,370,399,709,1223,769,1932,1079,1622,2701
198385,1,412,1,899,1028,0,0,1927,0,899,1028,1927
198455,1,412,1,351,406,1277,2260,757,3537,1628,2666,4294
198464,1,412,1,8489,11904,2264,4494,20393,6758,10753,16398,27151
198507,1,412,1,777,958,125,289,1735,414,902,1247,2149
198516,1,412,1,2736,4155,114,118,6891,232,2850,4273,7123
198534,1,412,1,1481,2257,2444,4051,3738,6495,3925,6308,10233
198543,1,412,1,1301,3115,764,1607,4416,2371,2065,4722,6787
198552,1,412,1,981,1279,1963,4047,2260,6010,2944,5326,8270
198570,1,412,1,546,827,1411,2774,1373,4185,1957,3601,5558
198598,1,412,1,389,256,52,129,645,181,441,385,826
198622,1,412,1,1634,1912,2560,3961,3546,6521,4194,5873,10067
198668,1,412,1,187,227,252,620,414,872,439,847,1286
198710,1,412,1,218,339,476,843,557,1319,694,1182,1876
198756,1,412,1,467,562,21,43,1029,64,488,605,1093
198808,1,412,1,294,527,5,29,821,34,299,556,855
198817,1,412,1,289,408,503,999,697,1502,792,1407,2199
198835,1,412,1,701,1064,176,413,1765,589,877,1477,2354
198862,1,412,1,485,329,12,13,814,25,497,342,839
198899,1,412,1,487,448,35,62,935,97,522,510,1032
198905,1,412,1,42,170,235,395,212,630,277,565,842
198950,1,412,1,10,1351,20,206,1361,226,30,1557,1587
198969,1,412,1,827,758,78,148,1585,226,905,906,1811
198987,1,412,1,353,489,982,1632,842,2614,1335,2121,3456
199087,1,412,1,287,404,694,1260,691,1954,981,1664,2645
199102,1,412,1,4188,7296,929,1074,11484,2003,5117,8370,13487
199111,1,412,1,1046,1489,176,203,2535,379,1222,1692,2914
199120,1,412,1,11180,17304,1414,1807,28484,3221,12594,19111,31705
199139,1,412,1,11665,11303,2913,3670,22968,6583,14578,14973,29551
199148,1,412,1,4528,8981,1396,3073,13509,4469,5924,12054,17978
199157,1,412,1,1813,4156,417,1167,5969,1584,2230,5323,7553
199184,1,412,1,435,637,14,18,1072,32,449,655,1104
199193,1,412,1,15675,15372,2968,2685,31047,5653,18643,18057,36700
199218,1,412,1,4907,8654,1135,3147,13561,4282,6042,11801,17843
199272,1,412,1,320,260,29,104,580,133,349,364,713
199281,1,412,1,1814,2988,864,2000,4802,2864,2678,4988,7666
199324,1,412,1,62,86,375,627,148,1002,437,713,1150
199412,1,412,1,488,879,140,366,1367,506,628,1245,1873
199494,1,412,1,724,1035,1793,3202,1759,4995,2517,4237,6754
199607,1,412,1,0,280,15,174,280,189,15,454,469
199625,1,412,1,159,284,359,788,443,1147,518,1072,1590
199689,1,412,1,1,147,6,32,148,38,7,179,186
199731,1,412,1,187,318,651,1100,505,1751,838,1418,2256
199740,1,412,1,144,291,572,1312,435,1884,716,1603,2319
199759,1,412,1,963,304,985,512,1267,1497,1948,816,2764
199768,1,412,1,399,497,694,1207,896,1901,1093,1704,2797
199795,1,412,1,95,162,261,370,257,631,356,532,888
199856,1,412,1,3438,3352,6273,8488,6790,14761,9711,11840,21551
199865,1,412,1,267,507,0,19,774,19,267,526,793
199883,1,412,1,19,144,0,0,163,0,19,144,163
199908,1,412,1,208,319,432,790,527,1222,640,1109,1749
199926,1,412,1,322,339,646,1014,661,1660,968,1353,2321
199971,1,412,1,43,27,0,0,70,0,43,27,70
199999,1,412,1,1036,3196,158,614,4232,772,1194,3810,5004
200004,1,412,1,3775,5121,1022,1717,8896,2739,4797,6838,11635
200013,1,412,1,47,228,38,183,275,221,85,411,496
200022,1,412,1,1047,774,925,1025,1821,1950,1972,1799,3771
200059,1,412,1,462,523,202,286,985,488,664,809,1473
200086,1,412,1,36,71,16,49,107,65,52,120,172
200192,1,412,1,184,232,499,764,416,1263,683,996,1679
200217,1,412,1,947,1515,469,721,2462,1190,1416,2236,3652
200280,1,412,1,4372,4405,2635,2464,8777,5099,7007,6869,13876
200305,1,412,1,1006,508,661,767,1514,1428,1667,1275,2942
200314,1,412,1,113,184,293,490,297,783,406,674,1080
200332,1,412,1,4940,4969,1067,1266,9909,2333,6007,6235,12242
200527,1,412,1,186,275,47,91,461,138,233,366,599
200554,1,412,1,163,310,14,19,473,33,177,329,506
200572,1,412,1,361,467,324,506,828,830,685,973,1658
200590,1,412,1,23,120,4,5,143,9,27,125,152
200697,1,412,1,429,73,430,116,502,546,859,189,1048
200800,1,412,1,5087,4733,1630,2015,9820,3645,6717,6748,13465
200846,1,412,1,188,319,382,527,507,909,570,846,1416
201061,1,412,1,64,189,4,6,253,10,68,195,263
201177,1,412,1,12,107,10,121,119,131,22,228,250
201195,1,412,1,1275,1711,88,146,2986,234,1363,1857,3220
201283,1,412,1,137,168,117,301,305,418,254,469,723
201432,1,412,1,338,544,349,614,882,963,687,1158,1845
201441,1,412,1,5539,7497,1645,2239,13036,3884,7184,9736,16920
201469,1,412,1,102,313,11,108,415,119,113,421,534
201548,1,412,1,948,1412,110,147,2360,257,1058,1559,2617
201645,1,412,1,5442,5638,466,655,11080,1121,5908,6293,12201
201654,1,412,1,1848,2182,392,538,4030,930,2240,2720,4960
201821,1,412,1,55,606,16,189,661,205,71,795,866
201885,1,412,1,15510,15676,3624,6345,31186,9969,19134,22021,41155
201946,1,412,1,466,652,2537,3793,1118,6330,3003,4445,7448
201955,1,412,1,1200,1605,1368,2396,2805,3764,2568,4001,6569
201964,1,412,1,361,430,315,494,791,809,676,924,1600
202046,1,412,1,152,416,11,5,568,16,163,421,584
202170,1,412,1,294,664,2,12,958,14,296,676,972
202222,1,412,1,2633,2983,8537,10976,5616,19513,11170,13959,25129
202356,1,412,1,1763,2206,4224,7571,3969,11795,5987,9777,15764
202453,1,412,1,59,10,0,0,69,0,59,10,69
202480,1,412,1,5541,5055,511,567,10596,1078,6052,5622,11674
202523,1,412,1,1147,1253,7,9,2400,16,1154,1262,2416
202648,1,412,1,495,624,1183,2051,1119,3234,1678,2675,4353
202763,1,412,1,993,1980,749,1147,2973,1896,1742,3127,4869
203067,1,412,1,102,146,17,53,248,70,119,199,318
203085,1,412,1,530,467,30,59,997,89,560,526,1086
203128,1,412,1,343,361,123,191,704,314,466,552,1018
203155,1,412,1,836,662,164,289,1498,453,1000,951,1951
203289,1,412,1,28,12,0,0,40,0,28,12,40
203368,1,412,1,1355,1222,153,192,2577,345,1508,1414,2922
203447,1,412,1,64,128,573,958,192,1531,637,1086,1723
203456,1,412,1,7,13,343,661,20,1004,350,674,1024
203465,1,412,1,402,574,873,1597,976,2470,1275,2171,3446
203474,1,412,1,128,215,553,838,343,1391,681,1053,1734
203483,1,412,1,190,236,605,909,426,1514,795,1145,1940
203492,1,412,1,36,211,334,734,247,1068,370,945,1315
203517,1,412,1,7412,12379,2136,3927,19791,6063,9548,16306,25854
203526,1,412,1,136,182,626,1151,318,1777,762,1333,2095
203544,1,412,1,75,492,64,201,567,265,139,693,832
203580,1,412,1,407,310,94,95,717,189,501,405,906
203599,1,412,1,551,697,1215,2157,1248,3372,1766,2854,4620
203678,1,412,1,215,343,1074,1901,558,2975,1289,2244,3533
203720,1,412,1,76,35,2,23,111,25,78,58,136
203748,1,412,1,846,1300,2598,4426,2146,7024,3444,5726,9170
203757,1,412,1,380,487,77,192,867,269,457,679,1136
203775,1,412,1,370,445,136,248,815,384,506,693,1199
203845,1,412,1,541,566,38,53,1107,91,579,619,1198
203881,1,412,1,163,262,977,1365,425,2342,1140,1627,2767
203960,1,412,1,58,355,98,750,413,848,156,1105,1261
204006,1,412,1,746,901,300,321,1647,621,1046,1222,2268
204015,1,412,1,351,434,208,276,785,484,559,710,1269
204024,1,412,1,8252,9106,517,1232,17358,1749,8769,10338,19107
204194,1,412,1,591,903,138,309,1494,447,729,1212,1941
204200,1,412,1,528,683,218,598,1211,816,746,1281,2027
204255,1,412,1,262,280,444,740,542,1184,706,1020,1726
204422,1,412,1,309,389,635,1106,698,1741,944,1495,2439
204468,1,412,1,501,457,163,323,958,486,664,780,1444
204477,1,412,1,459,519,10,13,978,23,469,532,1001
204617,1,412,1,423,487,101,265,910,366,524,752,1276
204635,1,412,1,1464,1343,101,107,2807,208,1565,1450,3015
204662,1,412,1,163,235,22,26,398,48,185,261,446
204671,1,412,1,293,379,65,81,672,146,358,460,818
204680,1,412,1,294,358,75,101,652,176,369,459,828
204699,1,412,1,380,354,83,83,734,166,463,437,900
204705,1,412,1,918,936,200,209,1854,409,1118,1145,2263
204796,1,412,1,25082,27320,3930,4208,52402,8138,29012,31528,60540
204802,1,412,1,90,159,330,564,249,894,420,723,1143
204820,1,412,1,183,383,481,881,566,1362,664,1264,1928
204839,1,412,1,142,295,530,1039,437,1569,672,1334,2006
204848,1,412,1,167,312,554,961,479,1515,721,1273,1994
204857,1,412,1,7631,10171,1975,4368,17802,6343,9606,14539,24145
204866,1,412,1,98,330,506,989,428,1495,604,1319,1923
204909,1,412,1,611,787,6,6,1398,12,617,793,1410
204936,1,412,1,850,1287,113,208,2137,321,963,1495,2458
204945,1,412,1,769,1037,3069,2684,1806,5753,3838,3721,7559
205090,1,412,1,1,8,7,53,9,60,8,61,69
205443,1,412,1,935,1259,422,681,2194,1103,1357,1940,3297
205470,1,412,1,1700,1685,6258,7948,3385,14206,7958,9633,17591
205841,1,412,1,1233,1283,3033,4482,2516,7515,4266,5765,10031
205966,1,412,1,139,293,494,1021,432,1515,633,1314,1947
206011,1,412,1,254,235,1016,702,489,1718,1270,937,2207
206279,1,412,1,128,208,189,262,336,451,317,470,787
206321,1,412,1,2,44,24,15,46,39,26,59,85
206349,1,412,1,45,541,39,325,586,364,84,866,950
206507,1,412,1,444,551,24,27,995,51,468,578,1046
206525,1,412,1,583,644,31,41,1227,72,614,685,1299
206589,1,412,1,953,1005,2,7,1958,9,955,1012,1967
206604,1,412,1,2782,3564,1607,1725,6346,3332,4389,5289,9678
206613,1,412,1,274,455,247,318,729,565,521,773,1294
206622,1,412,1,2213,2862,405,634,5075,1039,2618,3496,6114
206695,1,412,1,3589,4382,1212,1888,7971,3100,4801,6270,11071
206862,1,412,1,571,650,117,169,1221,286,688,819,1507
206914,1,412,1,738,1347,462,871,2085,1333,1200,2218,3418
206923,1,412,1,348,563,242,670,911,912,590,1233,1823
206996,1,412,1,250,488,254,695,738,949,504,1183,1687
207041,1,412,1,1013,1493,272,598,2506,870,1285,2091,3376
207050,1,412,1,237,392,186,423,629,609,423,815,1238
207069,1,412,1,222,274,419,820,496,1239,641,1094,1735
207102,1,412,1,21,62,0,0,83,0,21,62,83
207209,1,412,1,672,1076,70,85,1748,155,742,1161,1903
207236,1,412,1,317,542,382,1041,859,1423,699,1583,2282
207263,1,412,1,1619,2700,741,1642,4319,2383,2360,4342,6702
207281,1,412,1,530,737,744,1260,1267,2004,1274,1997,3271
207290,1,412,1,542,632,142,401,1174,543,684,1033,1717
207306,1,412,1,545,765,184,358,1310,542,729,1123,1852
207315,1,412,1,403,563,230,263,966,493,633,826,1459
207324,1,412,1,991,1090,229,227,2081,456,1220,1317,2537
207342,1,412,1,817,2043,114,415,2860,529,931,2458,3389
207351,1,412,1,401,461,102,278,862,380,503,739,1242
207388,1,412,1,9570,10649,2649,2504,20219,5153,12219,13153,25372
207500,1,412,1,10617,11847,2677,3167,22464,5844,13294,15014,28308
207564,1,412,1,1052,333,498,474,1385,972,1550,807,2357
207582,1,412,1,1366,1960,745,980,3326,1725,2111,2940,5051
207661,1,412,1,783,1212,454,706,1995,1160,1237,1918,3155
207670,1,412,1,815,1282,1516,3089,2097,4605,2331,4371,6702
207740,1,412,1,260,447,246,598,707,844,506,1045,1551
207847,1,412,1,1184,1579,994,1722,2763,2716,2178,3301,5479
207865,1,412,1,1375,2175,357,870,3550,1227,1732,3045,4777
207935,1,412,1,1863,2633,3379,6516,4496,9895,5242,9149,14391
207962,1,412,1,679,114,0,0,793,0,679,114,793
207971,1,412,1,1610,1678,281,200,3288,481,1891,1878,3769
208035,1,412,1,230,284,200,624,514,824,430,908,1338
208275,1,412,1,235,318,320,354,553,674,555,672,1227
208318,1,412,1,793,862,1120,1380,1655,2500,1913,2242,4155
208390,1,412,1,1516,1906,1936,2284,3422,4220,3452,4190,7642
208406,1,412,1,788,905,1543,1402,1693,2945,2331,2307,4638
208415,1,412,1,96,166,215,237,262,452,311,403,714
208646,1,412,1,657,930,408,679,1587,1087,1065,1609,2674
208822,1,412,1,1150,1828,358,692,2978,1050,1508,2520,4028
209038,1,412,1,1294,1423,1910,2118,2717,4028,3204,3541,6745
209074,1,412,1,887,861,1070,1424,1748,2494,1957,2285,4242
209250,1,412,1,851,1064,2530,1567,1915,4097,3381,2631,6012
209490,1,412,1,682,1478,202,508,2160,710,884,1986,2870
209506,1,412,1,1146,1018,1229,1518,2164,2747,2375,2536,4911
209542,1,412,1,11820,11369,5503,5600,23189,11103,17323,16969,34292
209551,1,412,1,9477,11952,815,919,21429,1734,10292,12871,23163
209603,1,412,1,109,355,6,17,464,23,115,372,487
209612,1,412,1,1049,2166,99,245,3215,344,1148,2411,3559
209746,1,412,1,3291,4137,4960,7012,7428,11972,8251,11149,19400
209807,1,412,1,5634,8008,3341,4626,13642,7967,8975,12634,21609
209825,1,412,1,1239,2186,135,233,3425,368,1374,2419,3793
209922,1,412,1,628,864,18,24,1492,42,646,888,1534
210234,1,412,1,343,322,257,407,665,664,600,729,1329
210270,1,412,1,324,444,541,1016,768,1557,865,1460,2325
210401,1,412,1,805,1045,20,39,1850,59,825,1084,1909
210429,1,412,1,1070,2039,219,423,3109,642,1289,2462,3751
210605,1,412,1,1652,1768,3209,3838,3420,7047,4861,5606,10467
210739,1,412,1,795,1512,225,459,2307,684,1020,1971,2991
210775,1,412,1,746,1187,134,417,1933,551,880,1604,2484
211088,1,412,1,713,1462,268,583,2175,851,981,2045,3026
211130,1,412,1,53,48,28,31,101,59,81,79,160
211291,1,412,1,1809,1951,4,23,3760,27,1813,1974,3787
211307,1,412,1,1003,1042,1576,2541,2045,4117,2579,3583,6162
211316,1,412,1,2,70,0,26,72,26,2,96,98
211343,1,412,1,417,537,517,1025,954,1542,934,1562,2496
211352,1,412,1,460,720,136,297,1180,433,596,1017,1613
211431,1,412,1,188,1045,101,770,1233,871,289,1815,2104
211440,1,412,1,8385,6621,588,408,15006,996,8973,7029,16002
211556,1,412,1,479,1374,110,424,1853,534,589,1798,2387
211583,1,412,1,435,606,89,290,1041,379,524,896,1420
211608,1,412,1,215,406,17,59,621,76,232,465,697
211927,1,412,1,926,1027,2100,3939,1953,6039,3026,4966,7992
212045,1,412,1,49,147,0,2,196,2,49,149,198
212054,1,412,1,8478,8785,1696,3385,17263,5081,10174,12170,22344
212106,1,412,1,2822,4920,112,253,7742,365,2934,5173,8107
212115,1,412,1,1845,2350,323,625,4195,948,2168,2975,5143
212133,1,412,1,992,1318,1373,2086,2310,3459,2365,3404,5769
212197,1,412,1,697,1059,96,169,1756,265,793,1228,2021
212230,1,412,1,2,31,0,4,33,4,2,35,37
212267,1,412,1,0,50,1,36,50,37,1,86,87
212276,1,412,1,3,57,1,22,60,23,4,79,83
212294,1,412,1,1,55,0,10,56,10,1,65,66
212300,1,412,1,1,60,0,6,61,6,1,66,67
212328,1,412,1,6,52,0,37,58,37,6,89,95
212337,1,412,1,1,55,3,43,56,46,4,98,102
212355,1,412,1,2,90,3,46,92,49,5,136,141
212382,1,412,1,1,90,0,47,91,47,1,137,138
212391,1,412,1,3,32,1,14,35,15,4,46,50
212601,1,412,1,1642,2083,347,593,3725,940,1989,2676,4665
212674,1,412,1,1088,1150,274,342,2238,616,1362,1492,2854
212753,1,412,1,1,50,2,33,51,35,3,83,86
212771,1,412,1,22,103,32,220,125,252,54,323,377
212805,1,412,1,1111,1036,87,82,2147,169,1198,1118,2316
212869,1,412,1,124,467,43,276,591,319,167,743,910
212878,1,412,1,1275,2063,2838,6400,3338,9238,4113,8463,12576
212975,1,412,1,72,22,0,0,94,0,72,22,94
212984,1,412,1,492,1503,166,751,1995,917,658,2254,2912
213011,1,412,1,354,827,262,918,1181,1180,616,1745,2361
213020,1,412,1,2605,4232,826,1153,6837,1979,3431,5385,8816
213181,1,412,1,24,277,4,45,301,49,28,322,350
213251,1,412,1,537,619,30,26,1156,56,567,645,1212
213321,1,412,1,822,847,94,230,1669,324,916,1077,1993
213349,1,412,1,2696,3537,381,841,6233,1222,3077,4378,7455
213367,1,412,1,831,1449,506,1263,2280,1769,1337,2712,4049
213376,1,412,1,615,767,138,348,1382,486,753,1115,1868
213385,1,412,1,1355,1357,9,8,2712,17,1364,1365,2729
213446,1,412,1,15,29,13,16,44,29,28,45,73
213507,1,412,1,796,1008,118,158,1804,276,914,1166,2080
213525,1,412,1,909,1013,1356,2964,1922,4320,2265,3977,6242
213570,1,412,1,60,359,0,0,419,0,60,359,419
213589,1,412,1,231,33,32,3,264,35,263,36,299
213598,1,412,1,574,1111,43,96,1685,139,617,1207,1824
213659,1,412,1,546,799,893,1982,1345,2875,1439,2781,4220
213668,1,412,1,500,552,2,5,1052,7,502,557,1059
213774,1,412,1,93,248,72,170,341,242,165,418,583
213987,1,412,1,1018,1459,106,218,2477,324,1124,1677,2801
213996,1,412,1,959,1587,239,446,2546,685,1198,2033,3231
214041,1,412,1,2031,2798,619,1327,4829,1946,2650,4125,6775
214111,1,412,1,1241,1299,2213,3843,2540,6056,3454,5142,8596
214148,1,412,1,1,353,0,14,354,14,1,367,368
214157,1,412,1,790,1252,134,357,2042,491,924,1609,2533
214175,1,412,1,746,1158,25,30,1904,55,771,1188,1959
214272,1,412,1,545,956,206,448,1501,654,751,1404,2155
214379,1,412,1,1352,1666,1803,3663,3018,5466,3155,5329,8484
214564,1,412,1,223,847,11,84,1070,95,234,931,1165
214591,1,412,1,1959,1107,155,74,3066,229,2114,1181,3295
214607,1,412,1,72,27,106,66,99,172,178,93,271
214625,1,412,1,244,147,31,38,391,69,275,185,460
214634,1,412,1,54,125,29,73,179,102,83,198,281
214643,1,412,1,218,119,19,12,337,31,237,131,368
214652,1,412,1,449,375,26,25,824,51,475,400,875
214670,1,412,1,463,317,47,61,780,108,510,378,888
214689,1,412,1,1311,1188,49,29,2499,78,1360,1217,2577
214698,1,412,1,276,211,13,22,487,35,289,233,522
214704,1,412,1,1130,743,99,105,1873,204,1229,848,2077
214713,1,412,1,2432,1562,307,271,3994,578,2739,1833,4572
214731,1,412,1,665,430,64,37,1095,101,729,467,1196
214740,1,412,1,185,121,19,41,306,60,204,162,366
214759,1,412,1,175,221,17,11,396,28,192,232,424
214768,1,412,1,243,209,10,11,452,21,253,220,473
214777,1,412,1,25337,22933,1053,705,48270,1758,26390,23638,50028
214786,1,412,1,211,127,12,13,338,25,223,140,363
214795,1,412,1,232,342,43,53,574,96,275,395,670
214801,1,412,1,1657,1166,154,113,2823,267,1811,1279,3090
214810,1,412,1,204,349,24,46,553,70,228,395,623
214829,1,412,1,381,200,82,55,581,137,463,255,718
214883,1,412,1,39,133,160,524,172,684,199,657,856
215053,1,412,1,62,162,7,14,224,21,69,176,245
215062,1,412,1,10434,13125,1932,2710,23559,4642,12366,15835,28201
215105,1,412,1,420,810,30,53,1230,83,450,863,1313
215123,1,412,1,1112,1794,34,96,2906,130,1146,1890,3036
215239,1,412,1,1445,2362,2387,5442,3807,7829,3832,7804,11636
215266,1,412,1,473,541,17,43,1014,60,490,584,1074
215275,1,412,1,522,746,34,26,1268,60,556,772,1328
215284,1,412,1,1131,865,25,22,1996,47,1156,887,2043
215293,1,412,1,11171,15459,2960,4177,26630,7137,14131,19636,33767
215309,1,412,1,2,12,1,8,14,9,3,20,23
215381,1,412,1,503,38,0,0,541,0,503,38,541
215424,1,412,1,100,85,22,16,185,38,122,101,223
215442,1,412,1,838,1502,324,624,2340,948,1162,2126,3288
215479,1,412,1,9,55,0,0,64,0,9,55,64
215585,1,412,1,406,513,1180,2434,919,3614,1586,2947,4533
215655,1,412,1,1535,1215,302,379,2750,681,1837,1594,3431
215743,1,412,1,619,1083,426,729,1702,1155,1045,1812,2857
215798,1,412,1,804,626,49,57,1430,106,853,683,1536
215929,1,412,1,1660,2289,330,452,3949,782,1990,2741,4731
216010,1,412,1,2027,2176,374,585,4203,959,2401,2761,5162
216038,1,412,1,2957,3978,370,916,6935,1286,3327,4894,8221
216339,1,412,1,12429,16479,1803,2485,28908,4288,14232,18964,33196
216357,1,412,1,425,456,11,15,881,26,436,471,907
216366,1,412,1,1773,4363,449,1701,6136,2150,2222,6064,8286
216454,1,412,1,66,7,0,0,73,0,66,7,73
216524,1,412,1,778,724,15,10,1502,25,793,734,1527
216542,1,412,1,217,232,56,78,449,134,273,310,583
216579,1,412,1,4,89,0,0,93,0,4,89,93
216597,1,412,1,3772,4524,1028,1059,8296,2087,4800,5583,10383
216667,1,412,1,594,544,9,4,1138,13,603,548,1151
216694,1,412,1,489,668,75,134,1157,209,564,802,1366
216746,1,412,1,36,5,10,1,41,11,46,6,52
216764,1,412,1,5435,8144,1345,2351,13579,3696,6780,10495,17275
216825,1,412,1,522,818,905,1926,1340,2831,1427,2744,4171
216852,1,412,1,1620,2461,242,1093,4081,1335,1862,3554,5416
216931,1,412,1,1026,1312,585,2284,2338,2869,1611,3596,5207
216940,1,412,1,278,0,0,0,278,0,278,0,278
217013,1,412,1,146,461,168,585,607,753,314,1046,1360
217059,1,412,1,1290,1744,237,385,3034,622,1527,2129,3656
217156,1,412,1,5171,5414,210,394,10585,604,5381,5808,11189
217165,1,412,1,2107,1252,103,74,3359,177,2210,1326,3536
217235,1,412,1,1587,2650,141,188,4237,329,1728,2838,4566
217305,1,412,1,990,694,97,114,1684,211,1087,808,1895
217323,1,412,1,267,9,0,0,276,0,267,9,276
217402,1,412,1,1858,2186,170,259,4044,429,2028,2445,4473
217420,1,412,1,1217,2764,466,1340,3981,1806,1683,4104,5787
217493,1,412,1,857,1763,0,0,2620,0,857,1763,2620
217518,1,412,1,1896,2006,274,221,3902,495,2170,2227,4397
217536,1,412,1,731,1561,183,397,2292,580,914,1958,2872
217581,1,412,1,1,90,0,44,91,44,1,134,135
217633,1,412,1,1241,2375,195,310,3616,505,1436,2685,4121
217688,1,412,1,993,1796,252,377,2789,629,1245,2173,3418
217712,1,412,1,169,289,477,1261,458,1738,646,1550,2196
217721,1,412,1,785,967,43,45,1752,88,828,1012,1840
217749,1,412,1,1075,1264,349,407,2339,756,1424,1671,3095
217819,1,412,1,3041,6423,457,964,9464,1421,3498,7387,10885
217864,1,412,1,2226,426,605,464,2652,1069,2831,890,3721
217873,1,412,1,502,1163,62,103,1665,165,564,1266,1830
217882,1,412,1,12103,12931,1451,1981,25034,3432,13554,14912,28466
217891,1,412,1,84,108,2,3,192,5,86,111,197
217907,1,412,1,339,441,177,203,780,380,516,644,1160
217925,1,412,1,379,366,763,973,745,1736,1142,1339,2481
217934,1,412,1,157,800,76,481,957,557,233,1281,1514
217961,1,412,1,195,706,78,305,901,383,273,1011,1284
217989,1,412,1,151,176,147,251,327,398,298,427,725
218025,1,412,1,519,593,568,1260,1112,1828,1087,1853,2940
218061,1,412,1,908,1787,434,916,2695,1350,1342,2703,4045
218113,1,412,1,1823,2369,2761,4427,4192,7188,4584,6796,11380
218140,1,412,1,1488,2087,1328,3234,3575,4562,2816,5321,8137
218229,1,412,1,1079,2238,238,612,3317,850,1317,2850,4167
218335,1,412,1,899,2005,44,227,2904,271,943,2232,3175
218353,1,412,1,1644,2025,1748,3674,3669,5422,3392,5699,9091
218399,1,412,1,178,202,4,0,380,4,182,202,384
218414,1,412,1,708,565,16,23,1273,39,724,588,1312
218441,1,412,1,886,929,109,201,1815,310,995,1130,2125
218487,1,412,1,214,349,376,1073,563,1449,590,1422,2012
218520,1,412,1,639,1094,1025,2557,1733,3582,1664,3651,5315
218539,1,412,1,492,638,18,51,1130,69,510,689,1199
218645,1,412,1,987,1623,392,838,2610,1230,1379,2461,3840
218654,1,412,1,536,1137,136,315,1673,451,672,1452,2124
218663,1,412,1,13739,18202,1331,2381,31941,3712,15070,20583,35653
218672,1,412,1,280,395,437,660,675,1097,717,1055,1772
218681,1,412,1,140,145,159,301,285,460,299,446,745
218690,1,412,1,243,255,434,605,498,1039,677,860,1537
218706,1,412,1,146,148,351,453,294,804,497,601,1098
218724,1,412,1,4082,5081,522,652,9163,1174,4604,5733,10337
218733,1,412,1,1013,1272,161,203,2285,364,1174,1475,2649
218742,1,412,1,1176,2456,381,900,3632,1281,1557,3356,4913
218751,1,412,1,177,197,0,1,374,1,177,198,375
218821,1,412,1,441,517,47,59,958,106,488,576,1064
218830,1,412,1,1056,1421,1356,2391,2477,3747,2412,3812,6224
218885,1,412,1,1660,1494,980,1495,3154,2475,2640,2989,5629
218919,1,412,1,188,264,27,28,452,55,215,292,507
218973,1,412,1,860,947,10,6,1807,16,870,953,1823
218991,1,412,1,857,1047,1005,1612,1904,2617,1862,2659,4521
219037,1,412,1,0,57,1,4,57,5,1,61,62
219082,1,412,1,1066,424,1019,732,1490,1751,2085,1156,3241
219125,1,412,1,2,63,2,9,65,11,4,72,76
219170,1,412,1,3,20,0,0,23,0,3,20,23
219189,1,412,1,603,258,179,163,861,342,782,421,1203
219198,1,412,1,371,394,213,274,765,487,584,668,1252
219204,1,412,1,99,94,445,513,193,958,544,607,1151
219259,1,412,1,483,633,745,1483,1116,2228,1228,2116,3344
219277,1,412,1,164,322,179,512,486,691,343,834,1177
219338,1,412,1,3,12,0,0,15,0,3,12,15
219347,1,412,1,1488,432,400,172,1920,572,1888,604,2492
219426,1,412,1,754,531,382,786,1285,1168,1136,1317,2453
219471,1,412,1,2298,3711,1343,2504,6009,3847,3641,6215,9856
219480,1,412,1,279,254,272,462,533,734,551,716,1267
219602,1,412,1,2264,3508,1442,2112,5772,3554,3706,5620,9326
219639,1,412,1,32,282,39,444,314,483,71,726,797
219806,1,412,1,711,867,223,785,1578,1008,934,1652,2586
219824,1,412,1,1166,1855,1207,2201,3021,3408,2373,4056,6429
219833,1,412,1,778,753,190,213,1531,403,968,966,1934
219879,1,412,1,682,859,697,942,1541,1639,1379,1801,3180
219888,1,412,1,1048,1478,819,1609,2526,2428,1867,3087,4954
219921,1,412,1,101,76,163,56,177,219,264,132,396
219994,1,412,1,378,241,284,79,619,363,662,320,982
220057,1,412,1,428,760,406,1089,1188,1495,834,1849,2683
220075,1,412,1,3973,6303,1075,2132,10276,3207,5048,8435,13483
220127,1,412,1,228,184,78,5,412,83,306,189,495
220163,1,412,1,2,51,0,19,53,19,2,70,72
220215,1,412,1,679,789,314,548,1468,862,993,1337,2330
220251,1,412,1,104,57,244,174,161,418,348,231,579
220279,1,412,1,136,60,313,134,196,447,449,194,643
220321,1,412,1,162,138,261,351,300,612,423,489,912
220394,1,412,1,144,89,69,26,233,95,213,115,328
220400,1,412,1,428,864,615,1535,1292,2150,1043,2399,3442
220473,1,412,1,336,390,123,90,726,213,459,480,939
220516,1,412,1,423,751,49,134,1174,183,472,885,1357
220598,1,412,1,539,415,27,29,954,56,566,444,1010
220604,1,412,1,187,347,28,47,534,75,215,394,609
220701,1,412,1,324,445,60,105,769,165,384,550,934
220710,1,412,1,444,532,42,51,976,93,486,583,1069
220792,1,412,1,335,627,0,0,962,0,335,627,962
220862,1,412,1,5718,7925,3031,5243,13643,8274,8749,13168,21917
220978,1,412,1,6860,7753,2250,3223,14613,5473,9110,10976,20086
221050,1,412,1,359,159,281,60,518,341,640,219,859
221096,1,412,1,1199,1677,889,1871,2876,2760,2088,3548,5636
221148,1,412,1,968,85,0,0,1053,0,968,85,1053
221184,1,412,1,1120,1598,1327,2572,2718,3899,2447,4170,6617
221333,1,412,1,111,72,326,56,183,382,437,128,565
221397,1,412,1,863,1316,665,1613,2179,2278,1528,2929,4457
221430,1,412,1,168,74,774,395,242,1169,942,469,1411
221485,1,412,1,966,1581,1315,2581,2547,3896,2281,4162,6443
221494,1,412,1,298,73,146,33,371,179,444,106,550
221519,1,412,1,788,869,22,25,1657,47,810,894,1704
221582,1,412,1,97,41,231,70,138,301,328,111,439
221607,1,412,1,118,74,327,58,192,385,445,132,577
221625,1,412,1,464,272,279,142,736,421,743,414,1157
221643,1,412,1,2022,1982,1942,2506,4004,4448,3964,4488,8452
221740,1,412,1,3939,5673,809,862,9612,1671,4748,6535,11283
221759,1,412,1,13383,16430,1886,2106,29813,3992,15269,18536,33805
221768,1,412,1,1704,2815,838,1511,4519,2349,2542,4326,6868
221838,1,412,1,2495,4840,663,1220,7335,1883,3158,6060,9218
221847,1,412,1,4375,3686,846,995,8061,1841,5221,4681,9902
221908,1,412,1,1138,1469,1250,1243,2607,2493,2388,2712,5100
221999,1,412,1,5628,6858,419,805,12486,1224,6047,7663,13710
222053,1,412,1,1422,2094,1206,2235,3516,3441,2628,4329,6957
222062,1,412,1,1027,1576,932,1942,2603,2874,1959,3518,5477
222178,1,412,1,1226,2232,522,1099,3458,1621,1748,3331,5079
222576,1,412,1,1390,2052,1829,3717,3442,5546,3219,5769,8988
222822,1,412,1,525,919,908,1650,1444,2558,1433,2569,4002
222831,1,412,1,2263,3441,2018,2877,5704,4895,4281,6318,10599
222877,1,412,1,136,79,2,1,215,3,138,80,218
222992,1,412,1,3817,4026,10960,15724,7843,26684,14777,19750,34527
223223,1,412,1,650,953,6,1,1603,7,656,954,1610
223232,1,412,1,7465,11262,580,1402,18727,1982,8045,12664,20709
223320,1,412,1,296,528,1085,1990,824,3075,1381,2518,3899
223506,1,412,1,359,434,1497,1754,793,3251,1856,2188,4044
223816,1,412,1,659,982,2918,3767,1641,6685,3577,4749,8326
223922,1,412,1,256,300,355,460,556,815,611,760,1371
224147,1,412,1,2611,3983,1626,2558,6594,4184,4237,6541,10778
224156,1,412,1,4,198,2,71,202,73,6,269,275
224323,1,412,1,802,905,317,304,1707,621,1119,1209,2328
224527,1,412,1,647,652,181,291,1299,472,828,943,1771
224554,1,412,1,2734,4092,1603,2877,6826,4480,4337,6969,11306
224615,1,412,1,6752,8078,19419,29907,14830,49326,26171,37985,64156
224642,1,412,1,3058,3789,7291,10260,6847,17551,10349,14049,24398
224891,1,412,1,238,356,469,571,594,1040,707,927,1634
224961,1,412,1,267,389,422,948,656,1370,689,1337,2026
225043,1,412,1,10,1,0,0,11,0,10,1,11
225247,1,412,1,700,876,79,110,1576,189,779,986,1765
225399,1,412,1,876,1468,516,1397,2344,1913,1392,2865,4257
225414,1,412,1,1562,2538,1584,2878,4100,4462,3146,5416,8562
225432,1,412,1,2444,3826,2829,5109,6270,7938,5273,8935,14208
225511,1,412,1,15587,17818,6772,6523,33405,13295,22359,24341,46700
225548,1,412,1,378,297,85,78,675,163,463,375,838
225885,1,412,1,303,329,37,60,632,97,340,389,729
226116,1,412,1,254,460,708,1178,714,1886,962,1638,2600
226134,1,412,1,893,1211,3063,4150,2104,7213,3956,5361,9317
226204,1,412,1,546,468,3370,3423,1014,6793,3916,3891,7807
226277,1,412,1,1115,97,0,0,1212,0,1115,97,1212
226383,1,412,1,431,743,126,296,1174,422,557,1039,1596
226408,1,412,1,478,637,1276,2091,1115,3367,1754,2728,4482
226471,1,412,1,1088,2097,140,250,3185,390,1228,2347,3575
226578,1,412,1,778,1465,1464,3235,2243,4699,2242,4700,6942
226587,1,412,1,555,466,99,117,1021,216,654,583,1237
226675,1,412,1,47,289,0,0,336,0,47,289,336
227146,1,412,1,1014,1300,1413,2550,2314,3963,2427,3850,6277
227182,1,412,1,8560,10235,19480,30140,18795,49620,28040,40375,68415
227216,1,412,1,15683,17989,4891,6204,33672,11095,20574,24193,44767
227331,1,412,1,544,1467,60,255,2011,315,604,1722,2326
227368,1,412,1,8475,12977,4057,6050,21452,10107,12532,19027,31559
227377,1,412,1,782,894,2407,3565,1676,5972,3189,4459,7648
227386,1,412,1,326,594,476,990,920,1466,802,1584,2386
227401,1,412,1,597,866,1072,1892,1463,2964,1669,2758,4427
227526,1,412,1,2436,5150,519,951,7586,1470,2955,6101,9056
227757,1,412,1,4513,3485,422,252,7998,674,4935,3737,8672
227845,1,412,1,1055,1754,176,485,2809,661,1231,2239,3470
227863,1,412,1,943,1531,566,548,2474,1114,1509,2079,3588
227881,1,412,1,5626,9902,2038,3914,15528,5952,7664,13816,21480
227979,1,412,1,3965,5344,8560,12724,9309,21284,12525,18068,30593
228042,1,412,1,484,621,24,64,1105,88,508,685,1193
228149,1,412,1,1158,1654,193,248,2812,441,1351,1902,3253
228158,1,412,1,1723,2146,1758,2953,3869,4711,3481,5099,8580
228194,1,412,1,371,441,86,105,812,191,457,546,1003
228246,1,412,1,4557,4727,1483,1286,9284,2769,6040,6013,12053
228282,1,412,1,4,14,0,0,18,0,4,14,18
228343,1,412,1,677,788,8,10,1465,18,685,798,1483
228431,1,412,1,3067,5404,1008,1848,8471,2856,4075,7252,11327
228459,1,412,1,11890,18409,3201,4671,30299,7872,15091,23080,38171
228501,1,412,1,526,489,268,704,1015,972,794,1193,1987
228529,1,412,1,3335,6034,1740,2983,9369,4723,5075,9017,14092
228547,1,412,1,3426,3848,13390,19467,7274,32857,16816,23315,40131
228635,1,412,1,743,1004,336,271,1747,607,1079,1275,2354
228644,1,412,1,1113,1957,147,301,3070,448,1260,2258,3518
228653,1,412,1,741,1434,242,944,2175,1186,983,2378,3361
228699,1,412,1,381,596,1050,1773,977,2823,1431,2369,3800
228705,1,412,1,2330,2219,687,856,4549,1543,3017,3075,6092
228723,1,412,1,33840,30002,5540,4632,63842,10172,39380,34634,74014
228769,1,412,1,11591,13243,5845,13267,24834,19112,17436,26510,43946
228778,1,412,1,21475,27606,1624,1679,49081,3303,23099,29285,52384
228787,1,412,1,14197,11110,3644,2619,25307,6263,17841,13729,31570
228796,1,412,1,6720,8434,3879,4847,15154,8726,10599,13281,23880
228802,1,412,1,2094,3310,1299,2619,5404,3918,3393,5929,9322
228875,1,412,1,4593,7365,139,176,11958,315,4732,7541,12273
228909,1,412,1,763,1398,53,123,2161,176,816,1521,2337
229018,1,412,1,1350,2085,927,1486,3435,2413,2277,3571,5848
229027,1,412,1,11154,12852,5169,5218,24006,10387,16323,18070,34393
229063,1,412,1,2415,4619,564,1034,7034,1598,2979,5653,8632
229115,1,412,1,17196,16933,2804,3445,34129,6249,20000,20378,40378
229179,1,412,1,782,8031,1024,6121,8813,7145,1806,14152,15958
229267,1,412,1,1202,1399,38,53,2601,91,1240,1452,2692
229337,1,412,1,986,2727,264,1159,3713,1423,1250,3886,5136
229355,1,412,1,1981,2952,2447,4521,4933,6968,4428,7473,11901
229504,1,412,1,273,352,535,1089,625,1624,808,1441,2249
229780,1,412,1,762,824,623,769,1586,1392,1385,1593,2978
229799,1,412,1,619,998,1354,2474,1617,3828,1973,3472,5445
229814,1,412,1,2344,3570,1393,1935,5914,3328,3737,5505,9242
229841,1,412,1,1091,1184,1219,2001,2275,3220,2310,3185,5495
229887,1,412,1,333,319,10,36,652,46,343,355,698
230038,1,412,1,14570,15577,2170,2147,30147,4317,16740,17724,34464
230047,1,412,1,1055,1539,53,88,2594,141,1108,1627,2735
230162,1,412,1,208,265,2050,995,473,3045,2258,1260,3518
230171,1,412,1,2971,4418,2332,2835,7389,5167,5303,7253,12556
230214,1,412,1,10,100,37,181,110,218,47,281,328
230597,1,412,1,1625,1854,1114,1404,3479,2518,2739,3258,5997
230603,1,412,1,3626,4862,2224,3618,8488,5842,5850,8480,14330
230676,1,412,1,64,50,792,336,114,1128,856,386,1242
230728,1,412,1,8167,9871,4182,5723,18038,9905,12349,15594,27943
230746,1,412,1,2697,2947,9282,11374,5644,20656,11979,14321,26300
230764,1,412,1,14286,13784,3385,3279,28070,6664,17671,17063,34734
230782,1,412,1,5195,6833,7974,9912,12028,17886,13169,16745,29914
230807,1,412,1,430,728,51,71,1158,122,481,799,1280
230816,1,412,1,237,578,40,25,815,65,277,603,880
230834,1,412,1,704,795,240,624,1499,864,944,1419,2363
230852,1,412,1,1406,870,712,555,2276,1267,2118,1425,3543
230861,1,412,1,269,518,1353,3456,787,4809,1622,3974,5596
230913,1,412,1,398,602,209,570,1000,779,607,1172,1779
230959,1,412,1,1285,1465,18,75,2750,93,1303,1540,2843
231059,1,412,1,574,657,49,119,1231,168,623,776,1399
231095,1,412,1,32,53,9,7,85,16,41,60,101
231165,1,412,1,392,352,301,369,744,670,693,721,1414
231174,1,412,1,4699,8146,451,792,12845,1243,5150,8938,14088
231280,1,412,1,3,80,0,23,83,23,3,103,106
231411,1,412,1,408,51,0,0,459,0,408,51,459
231420,1,412,1,552,488,100,223,1040,323,652,711,1363
231536,1,412,1,482,603,955,1522,1085,2477,1437,2125,3562
231581,1,412,1,673,740,3,5,1413,8,676,745,1421
231624,1,412,1,3559,4850,493,752,8409,1245,4052,5602,9654
231688,1,412,1,1,11,1,8,12,9,2,19,21
231697,1,412,1,437,605,958,1388,1042,2346,1395,1993,3388
231712,1,412,1,2045,2387,68,59,4432,127,2113,2446,4559
231785,1,412,1,205,500,46,530,705,576,251,1030,1281
231873,1,412,1,137,146,260,403,283,663,397,549,946
231882,1,412,1,430,467,531,846,897,1377,961,1313,2274
232025,1,412,1,601,728,15,14,1329,29,616,742,1358
232043,1,412,1,347,529,106,352,876,458,453,881,1334
232052,1,412,1,57,113,218,270,170,488,275,383,658
232089,1,412,1,461,304,38,52,765,90,499,356,855
232186,1,412,1,13512,13609,5314,6614,27121,11928,18826,20223,39049
232195,1,412,1,902,1263,1913,3610,2165,5523,2815,4873,7688
232308,1,412,1,10,711,24,58,721,82,34,769,803
232414,1,412,1,1033,1319,1927,3248,2352,5175,2960,4567,7527
232450,1,412,1,894,1081,2778,4039,1975,6817,3672,5120,8792
232557,1,412,1,22061,31930,17937,24781,53991,42718,39998,56711,96709
232566,1,412,1,965,2219,359,815,3184,1174,1324,3034,4358
232575,1,412,1,763,982,1392,2583,1745,3975,2155,3565,5720
232609,1,412,1,781,1301,96,216,2082,312,877,1517,2394
232706,1,412,1,771,1515,655,770,2286,1425,1426,2285,3711
232788,1,412,1,332,490,386,720,822,1106,718,1210,1928
232867,1,412,1,742,630,1290,1318,1372,2608,2032,1948,3980
232946,1,412,1,6928,6399,18056,20513,13327,38569,24984,26912,51896
232982,1,412,1,6853,8729,3249,4276,15582,7525,10102,13005,23107
233019,1,412,1,476,572,309,504,1048,813,785,1076,1861
233037,1,412,1,125,178,286,599,303,885,411,777,1188
233116,1,412,1,457,541,1682,2342,998,4024,2139,2883,5022
233277,1,412,1,2207,3984,349,1178,6191,1527,2556,5162,7718
233286,1,412,1,17,82,1,16,99,17,18,98,116
233295,1,412,1,653,797,24,16,1450,40,677,813,1490
233310,1,412,1,252,382,679,1278,634,1957,931,1660,2591
233338,1,412,1,323,397,548,783,720,1331,871,1180,2051
233374,1,412,1,1597,1898,141,240,3495,381,1738,2138,3876
233426,1,412,1,802,957,38,29,1759,67,840,986,1826
233541,1,412,1,1079,1825,278,1078,2904,1356,1357,2903,4260
233611,1,412,1,531,479,23,20,1010,43,554,499,1053
233639,1,412,1,281,661,778,1392,942,2170,1059,2053,3112
233648,1,412,1,417,604,388,754,1021,1142,805,1358,2163
233666,1,412,1,1,16,0,5,17,5,1,21,22
233718,1,412,1,0,453,0,7,453,7,0,460,460
233754,1,412,1,820,959,1645,2594,1779,4239,2465,3553,6018
233772,1,412,1,2063,2835,4606,6691,4898,11297,6669,9526,16195
233903,1,412,1,316,424,467,861,740,1328,783,1285,2068
233921,1,412,1,19939,15343,1748,1140,35282,2888,21687,16483,38170
233949,1,412,1,722,905,1791,2442,1627,4233,2513,3347,5860
234030,1,412,1,8193,14974,1851,3064,23167,4915,10044,18038,28082
234076,1,412,1,10602,12646,1144,1690,23248,2834,11746,14336,26082
234119,1,412,1,29,53,16,18,82,34,45,71,116
234155,1,412,1,1730,2556,121,241,4286,362,1851,2797,4648
234207,1,412,1,1099,1136,5,3,2235,8,1104,1139,2243
234377,1,412,1,233,475,566,842,708,1408,799,1317,2116
234669,1,412,1,2581,2966,2087,2983,5547,5070,4668,5949,10617
234696,1,412,1,599,457,222,354,1056,576,821,811,1632
234711,1,412,1,516,687,213,320,1203,533,729,1007,1736
234827,1,412,1,3702,4101,633,821,7803,1454,4335,4922,9257
234845,1,412,1,513,775,375,614,1288,989,888,1389,2277
234924,1,412,1,30,231,0,0,261,0,30,231,261
234933,1,412,1,1423,2105,1187,1878,3528,3065,2610,3983,6593
234951,1,412,1,691,903,361,833,1594,1194,1052,1736,2788
234979,1,412,1,1399,2025,1409,1359,3424,2768,2808,3384,6192
235024,1,412,1,147,261,9,26,408,35,156,287,443
235097,1,412,1,3549,5485,757,1119,9034,1876,4306,6604,10910
235103,1,412,1,1267,1274,1323,1889,2541,3212,2590,3163,5753
235149,1,412,1,1354,1663,1253,1784,3017,3037,2607,3447,6054
235237,1,412,1,1675,2821,1568,2571,4496,4139,3243,5392,8635
235307,1,412,1,5,95,0,0,100,0,5,95,100
235316,1,412,1,2889,3748,214,402,6637,616,3103,4150,7253
235334,1,412,1,433,529,224,289,962,513,657,818,1475
235343,1,412,1,1818,1951,1080,1403,3769,2483,2898,3354,6252
235431,1,412,1,978,1592,742,1372,2570,2114,1720,2964,4684
235547,1,412,1,91,544,16,77,635,93,107,621,728
235671,1,412,1,1435,673,1080,945,2108,2025,2515,1618,4133
235699,1,412,1,760,766,536,1088,1526,1624,1296,1854,3150
235750,1,412,1,410,824,339,862,1234,1201,749,1686,2435
236072,1,412,1,713,749,1036,2177,1462,3213,1749,2926,4675
236188,1,412,1,1235,1665,907,1098,2900,2005,2142,2763,4905
236258,1,412,1,265,501,279,538,766,817,544,1039,1583
236328,1,412,1,794,1140,20,69,1934,89,814,1209,2023
236382,1,412,1,492,472,1610,498,964,2108,2102,970,3072
236452,1,412,1,535,787,119,168,1322,287,654,955,1609
236504,1,412,1,807,534,2814,746,1341,3560,3621,1280,4901
236513,1,412,1,1197,1553,703,1023,2750,1726,1900,2576,4476
236577,1,412,1,817,1830,159,312,2647,471,976,2142,3118
236595,1,412,1,1994,3495,623,1009,5489,1632,2617,4504,7121
236610,1,412,1,941,999,881,1597,1940,2478,1822,2596,4418
236638,1,412,1,817,1093,940,1010,1910,1950,1757,2103,3860
236656,1,412,1,936,1293,520,1039,2229,1559,1456,2332,3788
236692,1,412,1,1380,1914,1330,1878,3294,3208,2710,3792,6502
236708,1,412,1,1081,1495,467,752,2576,1219,1548,2247,3795
236753,1,412,1,1322,2077,645,1458,3399,2103,1967,3535,5502
236887,1,412,1,759,792,602,509,1551,1111,1361,1301,2662
236896,1,412,1,628,661,70,73,1289,143,698,734,1432
236939,1,412,1,10732,12396,1955,2456,23128,4411,12687,14852,27539
236975,1,412,1,658,1084,258,529,1742,787,916,1613,2529
237011,1,412,1,5339,7599,926,883,12938,1809,6265,8482,14747
237039,1,412,1,762,874,696,1008,1636,1704,1458,1882,3340
237057,1,412,1,629,821,23,20,1450,43,652,841,1493
237066,1,412,1,901,1258,85,171,2159,256,986,1429,2415
237109,1,412,1,644,1475,285,875,2119,1160,929,2350,3279
237118,1,412,1,411,291,15,50,702,65,426,341,767
237181,1,412,1,333,260,14,16,593,30,347,276,623
237303,1,412,1,26,29,0,0,55,0,26,29,55
237312,1,412,1,976,877,866,340,1853,1206,1842,1217,3059
237321,1,412,1,5,56,0,0,61,0,5,56,61
237330,1,412,1,553,814,127,254,1367,381,680,1068,1748
237358,1,412,1,263,373,3,11,636,14,266,384,650
237367,1,412,1,1114,1342,337,705,2456,1042,1451,2047,3498
237385,1,412,1,474,514,349,293,988,642,823,807,1630
237525,1,412,1,3356,4750,929,1656,8106,2585,4285,6406,10691
237686,1,412,1,361,605,458,864,966,1322,819,1469,2288
237701,1,412,1,395,487,90,173,882,263,485,660,1145
237792,1,412,1,869,1446,312,608,2315,920,1181,2054,3235
237817,1,412,1,276,623,137,329,899,466,413,952,1365
237899,1,412,1,625,773,945,1442,1398,2387,1570,2215,3785
237950,1,412,1,577,395,194,315,972,509,771,710,1481
237969,1,412,1,440,485,10,16,925,26,450,501,951
238014,1,412,1,229,322,198,473,551,671,427,795,1222
238032,1,412,1,10358,11327,1329,1727,21685,3056,11687,13054,24741
238175,1,412,1,1,112,0,0,113,0,1,112,113
238193,1,412,1,81,1099,47,369,1180,416,128,1468,1596
238263,1,412,1,1641,1597,4179,5565,3238,9744,5820,7162,12982
238397,1,412,1,267,378,611,1135,645,1746,878,1513,2391
238430,1,412,1,176,314,207,635,490,842,383,949,1332
238458,1,412,1,940,2048,109,186,2988,295,1049,2234,3283
238722,1,412,1,1054,838,5172,4117,1892,9289,6226,4955,11181
238759,1,412,1,566,564,4258,4493,1130,8751,4824,5057,9881
239008,1,412,1,217,193,1464,1280,410,2744,1681,1473,3154
239017,1,412,1,647,758,11,10,1405,21,658,768,1426
239071,1,412,1,214,295,210,246,509,456,424,541,965
239105,1,412,1,4154,5591,611,811,9745,1422,4765,6402,11167
239169,1,412,1,634,890,29,62,1524,91,663,952,1615
239248,1,412,1,1590,1670,3387,5564,3260,8951,4977,7234,12211
239309,1,412,1,188,694,5,9,882,14,193,703,896
239318,1,412,1,1824,746,109,50,2570,159,1933,796,2729
239372,1,412,1,396,427,868,1383,823,2251,1264,1810,3074
239442,1,412,1,71,114,350,651,185,1001,421,765,1186
239488,1,412,1,1157,1116,3570,4818,2273,8388,4727,5934,10661
239512,1,412,1,239,263,5,11,502,16,244,274,518
239716,1,412,1,781,1017,43,41,1798,84,824,1058,1882
239877,1,412,1,1,31,0,7,32,7,1,38,39
240107,1,412,1,456,1299,125,576,1755,701,581,1875,2456
240170,1,412,1,837,719,870,1446,1556,2316,1707,2165,3872
240189,1,412,1,4382,4199,1058,1440,8581,2498,5440,5639,11079
240198,1,412,1,388,467,692,1130,855,1822,1080,1597,2677
240268,1,412,1,3434,5211,604,855,8645,1459,4038,6066,10104
240277,1,412,1,1939,3233,1309,3118,5172,4427,3248,6351,9599
240329,1,412,1,3824,5309,504,637,9133,1141,4328,5946,10274
240338,1,412,1,436,533,47,70,969,117,483,603,1086
240365,1,412,1,2856,4180,2590,4079,7036,6669,5446,8259,13705
240374,1,412,1,1146,1399,615,787,2545,1402,1761,2186,3947
240417,1,412,1,3035,2296,844,1059,5331,1903,3879,3355,7234
240426,1,412,1,638,1093,269,710,1731,979,907,1803,2710
240444,1,412,1,20663,23599,2330,2364,44262,4694,22993,25963,48956
240453,1,412,1,7798,9722,2115,3041,17520,5156,9913,12763,22676
240462,1,412,1,3348,2063,674,401,5411,1075,4022,2464,6486
240471,1,412,1,1431,2760,370,627,4191,997,1801,3387,5188
240480,1,412,1,2836,3655,479,994,6491,1473,3315,4649,7964
240505,1,412,1,592,834,893,1035,1426,1928,1485,1869,3354
240514,1,412,1,247,365,625,686,612,1311,872,1051,1923
240596,1,412,1,166,289,415,551,455,966,581,840,1421
240620,1,412,1,541,832,918,1479,1373,2397,1459,2311,3770
240657,1,412,1,300,350,318,455,650,773,618,805,1423
240666,1,412,1,521,735,1141,1199,1256,2340,1662,1934,3596
240727,1,412,1,4113,4530,982,1475,8643,2457,5095,6005,11100
240745,1,412,1,289,409,434,486,698,920,723,895,1618
240790,1,412,1,366,587,124,220,953,344,490,807,1297
241182,1,412,1,75,322,0,0,397,0,75,322,397
241191,1,412,1,274,445,53,66,719,119,327,511,838
241225,1,412,1,168,345,82,189,513,271,250,534,784
241331,1,412,1,325,1759,57,318,2084,375,382,2077,2459
241377,1,412,1,232,392,58,148,624,206,290,540,830
241386,1,412,1,25,87,6,29,112,35,31,116,147
241395,1,412,1,114,285,56,186,399,242,170,471,641
241410,1,412,1,1599,3024,384,769,4623,1153,1983,3793,5776
241720,1,412,1,153,280,82,81,433,163,235,361,596
241739,1,412,1,1295,2782,658,1385,4077,2043,1953,4167,6120
241766,1,412,1,135,67,90,34,202,124,225,101,326
241836,1,412,1,143,262,153,401,405,554,296,663,959
241906,1,412,1,74,161,0,0,235,0,74,161,235
241951,1,412,1,83,275,41,90,358,131,124,365,489
242112,1,412,1,153,183,13,42,336,55,166,225,391
242130,1,412,1,72,188,23,43,260,66,95,231,326
242149,1,412,1,69,190,19,69,259,88,88,259,347
242556,1,412,1,157,83,5,2,240,7,162,85,247
242617,1,412,1,1199,1477,237,336,2676,573,1436,1813,3249
242626,1,412,1,1028,1558,258,334,2586,592,1286,1892,3178
242635,1,412,1,783,1392,156,374,2175,530,939,1766,2705
242644,1,412,1,296,554,70,154,850,224,366,708,1074
242653,1,412,1,1359,2223,562,857,3582,1419,1921,3080,5001
242662,1,412,1,860,1527,290,590,2387,880,1150,2117,3267
242680,1,412,1,394,679,86,155,1073,241,480,834,1314
242699,1,412,1,424,889,95,197,1313,292,519,1086,1605
242705,1,412,1,1746,1428,375,271,3174,646,2121,1699,3820
242723,1,412,1,122,198,122,214,320,336,244,412,656
243106,1,412,1,800,977,89,119,1777,208,889,1096,1985
243142,1,412,1,631,1127,204,308,1758,512,835,1435,2270
243179,1,412,1,786,1576,98,174,2362,272,884,1750,2634
243188,1,412,1,157,148,22,19,305,41,179,167,346
243203,1,412,1,625,1301,23,85,1926,108,648,1386,2034
243212,1,412,1,935,1086,66,134,2021,200,1001,1220,2221
243221,1,412,1,3825,6353,791,1068,10178,1859,4616,7421,12037
243346,1,412,1,1358,2408,648,1144,3766,1792,2006,3552,5558
243443,1,412,1,1126,2003,381,714,3129,1095,1507,2717,4224
243577,1,412,1,1359,631,1636,618,1990,2254,2995,1249,4244
243586,1,412,1,212,379,36,98,591,134,248,477,725
243601,1,412,1,2696,4641,1177,1619,7337,2796,3873,6260,10133
243638,1,412,1,522,799,289,386,1321,675,811,1185,1996
243647,1,412,1,137,142,69,106,279,175,206,248,454
243744,1,412,1,8802,8190,848,443,16992,1291,9650,8633,18283
243780,1,412,1,24974,18379,4816,3359,43353,8175,29790,21738,51528
243832,1,412,1,186,444,205,467,630,672,391,911,1302
243841,1,412,1,73,290,16,87,363,103,89,377,466
244437,1,412,1,2450,3391,3486,6129,5841,9615,5936,9520,15456
244446,1,412,1,296,321,745,1512,617,2257,1041,1833,2874
245281,1,412,1,41,37,0,0,78,0,41,37,78
245625,1,412,1,257,362,1231,1536,619,2767,1488,1898,3386
246789,1,412,1,14,11,58,34,25,92,72,45,117
246813,1,412,1,301,380,1017,2167,681,3184,1318,2547,3865
246895,1,412,1,84,167,94,98,251,192,178,265,443
247603,1,412,1,741,598,420,422,1339,842,1161,1020,2181
247834,1,412,1,5876,5485,9908,13808,11361,23716,15784,19293,35077
247940,1,412,1,700,892,1388,1641,1592,3029,2088,2533,4621
248925,1,412,1,348,244,327,97,592,424,675,341,1016
248934,1,412,1,4610,7006,46,78,11616,124,4656,7084,11740
249238,1,412,1,7,205,8,110,212,118,15,315,330
251260,1,412,1,1177,1163,760,1286,2340,2046,1937,2449,4386
260813,1,412,1,26,206,0,0,232,0,26,206,232
260929,1,412,1,17,168,0,1,185,1,17,169,186
262031,1,412,1,1404,1735,982,1679,3139,2661,2386,3414,5800
262086,1,412,1,754,1647,1806,4482,2401,6288,2560,6129,8689
262129,1,412,1,221,460,6,2,681,8,227,462,689
262341,1,412,1,535,80,0,0,615,0,535,80,615
363165,1,412,1,306,261,732,620,567,1352,1038,881,1919
363633,1,412,1,106,146,241,281,252,522,347,427,774
363907,1,412,1,197,141,86,82,338,168,283,223,506
363916,1,412,1,35,84,11,29,119,40,46,113,159
364016,1,412,1,840,742,1705,2389,1582,4094,2545,3131,5676
364025,1,412,1,1803,1648,4771,5553,3451,10324,6574,7201,13775
364636,1,412,1,37,94,0,31,131,31,37,125,162
365198,1,412,1,2,42,272,247,44,519,274,289,563
365480,1,412,1,20,94,408,284,114,692,428,378,806
366003,1,412,1,34,79,106,98,113,204,140,177,317
366252,1,412,1,2454,1025,275,487,3479,762,2729,1512,4241
366395,1,412,1,4452,4661,4531,6370,9113,10901,8983,11031,20014
366401,1,412,1,1134,1040,2039,2511,2174,4550,3173,3551,6724
366465,1,412,1,293,471,411,870,764,1281,704,1341,2045
366623,1,412,1,9,23,116,113,32,229,125,136,261
366632,1,412,1,0,5,0,0,5,0,0,5,5
366711,1,412,1,4693,7282,1262,1872,11975,3134,5955,9154,15109
367334,1,412,1,130,18,36,5,148,41,166,23,189
367459,1,412,1,832,1050,2258,3453,1882,5711,3090,4503,7593
367954,1,412,1,1408,3360,91,293,4768,384,1499,3653,5152
368230,1,412,1,1,64,3,26,65,29,4,90,94
368911,1,412,1,76,195,419,1067,271,1486,495,1262,1757
372356,1,412,1,4,184,0,0,188,0,4,184,188
374574,1,412,1,94,378,23,180,472,203,117,558,675
375106,1,412,1,100,23,14,1,123,15,114,24,138
375407,1,412,1,19,65,5,6,84,11,24,71,95
375416,1,412,1,51,135,0,0,186,0,51,135,186
375726,1,412,1,186,215,119,48,401,167,305,263,568
375984,1,412,1,7,135,2,42,142,44,9,177,186
376288,1,412,1,30,81,0,0,111,0,30,81,111
376385,1,412,1,86,94,1,4,180,5,87,98,185
376446,1,412,1,1,15,0,56,16,56,1,71,72
376631,1,412,1,8,11,0,2,19,2,8,13,21
377218,1,412,1,121,4,0,0,125,0,121,4,125
377643,1,412,1,7,101,0,0,108,0,7,101,108
377722,1,412,1,21,415,0,0,436,0,21,415,436
379621,1,412,1,5,51,0,16,56,16,5,67,72
380359,1,412,1,48,139,53,298,187,351,101,437,538
382258,1,412,1,3,59,10,70,62,80,13,129,142
383190,1,412,1,345,315,500,967,660,1467,845,1282,2127
383765,1,412,1,5,93,1,49,98,50,6,142,148
383996,1,412,1,47,104,206,334,151,540,253,438,691
384254,1,412,1,303,154,28,16,457,44,331,170,501
384333,1,412,1,977,1444,2775,4424,2421,7199,3752,5868,9620
384342,1,412,1,770,829,1268,1907,1599,3175,2038,2736,4774
385415,1,412,1,464,624,96,119,1088,215,560,743,1303
395362,1,412,1,118,252,363,669,370,1032,481,921,1402
399212,1,412,1,1104,1097,6415,3080,2201,9495,7519,4177,11696
399911,1,412,1,163,292,0,0,455,0,163,292,455
400187,1,412,1,50,277,20,169,327,189,70,446,516
401764,1,412,1,0,71,5,147,71,152,5,218,223
403469,1,412,1,101,115,976,548,216,1524,1077,663,1740
403478,1,412,1,167,180,116,173,347,289,283,353,636
403487,1,412,1,192,225,165,344,417,509,357,569,926
404222,1,412,1,74,139,2,1,213,3,76,140,216
404426,1,412,1,450,412,701,972,862,1673,1151,1384,2535
404684,1,412,1,91,222,0,0,313,0,91,222,313
405872,1,412,1,450,412,744,1285,862,2029,1194,1697,2891
407179,1,412,1,2,59,1,29,61,30,3,88,91
407461,1,412,1,54,18,0,0,72,0,54,18,72
407470,1,412,1,4,108,1,32,112,33,5,140,145
407735,1,412,1,1,63,0,0,64,0,1,63,64
407832,1,412,1,46,29,71,43,75,114,117,72,189
408066,1,412,1,29,93,11,49,122,60,40,142,182
408844,1,412,1,582,1168,222,746,1750,968,804,1914,2718
409254,1,412,1,0,39,7,285,39,292,7,324,331
409591,1,412,1,7,37,11,33,44,44,18,70,88
409698,1,412,1,2180,3769,508,588,5949,1096,2688,4357,7045
412544,1,412,1,7,86,1,56,93,57,8,142,150
413617,1,412,1,25,42,52,162,67,214,77,204,281
414878,1,412,1,1127,387,2041,789,1514,2830,3168,1176,4344
414911,1,412,1,282,349,568,1071,631,1639,850,1420,2270
414966,1,412,1,11,13,53,56,24,109,64,69,133
415039,1,412,1,3,34,0,12,37,12,3,46,49
416801,1,412,1,62,253,13,36,315,49,75,289,364
417008,1,412,1,2,108,0,0,110,0,2,108,110
417655,1,412,1,2,17,0,0,19,0,2,17,19
417716,1,412,1,4,189,0,0,193,0,4,189,193
417734,1,412,1,14,35,16,69,49,85,30,104,134
417752,1,412,1,7,10,1,1,17,2,8,11,19
417840,1,412,1,29,364,0,0,393,0,29,364,393
417886,1,412,1,1,19,0,0,20,0,1,19,20
417910,1,412,1,31,170,0,0,201,0,31,170,201
418029,1,412,1,4,38,0,0,42,0,4,38,42
418065,1,412,1,24,180,8,45,204,53,32,225,257
418083,1,412,1,8,42,0,0,50,0,8,42,50
418481,1,412,1,0,38,0,0,38,0,0,38,38
418533,1,412,1,22,178,12,27,200,39,34,205,239
418588,1,412,1,1,33,0,0,34,0,1,33,34
419031,1,412,1,2,33,0,0,35,0,2,33,35
420042,1,412,1,14,11,0,0,25,0,14,11,25
420130,1,412,1,12,252,0,0,264,0,12,252,264
420246,1,412,1,70,478,10,33,548,43,80,511,591
420343,1,412,1,667,20,165,9,687,174,832,29,861
420431,1,412,1,103,224,529,963,327,1492,632,1187,1819
420440,1,412,1,194,251,398,782,445,1180,592,1033,1625
420538,1,412,1,199,281,289,478,480,767,488,759,1247
420556,1,412,1,115,175,248,501,290,749,363,676,1039
421610,1,412,1,8,120,0,6,128,6,8,126,134
421717,1,412,1,9,2,11,7,11,18,20,9,29
423643,1,412,1,1459,2239,27,57,3698,84,1486,2296,3782
423652,1,412,1,37,121,68,172,158,240,105,293,398
426314,1,412,1,3142,867,6308,1257,4009,7565,9450,2124,11574
428055,1,412,1,35,106,0,0,141,0,35,106,141
430227,1,412,1,1,56,0,17,57,17,1,73,74
430403,1,412,1,14,206,0,0,220,0,14,206,220
430564,1,412,1,4,13,7,12,17,19,11,25,36
430971,1,412,1,5,31,0,0,36,0,5,31,36
431275,1,412,1,2,6,3,22,8,25,5,28,33
431284,1,412,1,0,60,0,8,60,8,0,68,68
433040,1,412,1,3,38,0,0,41,0,3,38,41
433101,1,412,1,64,407,19,183,471,202,83,590,673
433387,1,412,1,57842,99093,0,0,156935,0,57842,99093,156935
433420,1,412,1,286,47,0,0,333,0,286,47,333
433660,1,412,1,5122,7023,1633,2191,12145,3824,6755,9214,15969
434061,1,412,1,1311,1708,835,1823,3019,2658,2146,3531,5677
434159,1,412,1,351,80,0,0,431,0,351,80,431
434469,1,412,1,42,235,0,2,277,2,42,237,279
434584,1,412,1,17,31,40,91,48,131,57,122,179
434672,1,412,1,1968,2090,3670,7591,4058,11261,5638,9681,15319
435000,1,412,1,365,563,20,67,928,87,385,630,1015
436553,1,412,1,136,637,0,0,773,0,136,637,773
436818,1,412,1,295,401,35,37,696,72,330,438,768
436827,1,412,1,258,205,16,14,463,30,274,219,493
436836,1,412,1,1079,1026,106,86,2105,192,1185,1112,2297
437103,1,412,1,1359,2201,1860,3864,3560,5724,3219,6065,9284
438586,1,412,1,280,553,77,140,833,217,357,693,1050
438708,1,412,1,29,91,54,202,120,256,83,293,376
439190,1,412,1,541,523,368,412,1064,780,909,935,1844
439367,1,412,1,349,865,0,0,1214,0,349,865,1214
439844,1,412,1,0,54,0,0,54,0,0,54,54
440031,1,412,1,195,443,7,23,638,30,202,466,668
440101,1,412,1,0,51,4,56,51,60,4,107,111
440271,1,412,1,69,83,0,0,152,0,69,83,152
440749,1,412,1,5,1,38,17,6,55,43,18,61
440828,1,412,1,348,404,259,262,752,521,607,666,1273
441131,1,412,1,44,125,25,89,169,114,69,214,283
441371,1,412,1,199,6159,0,10,6358,10,199,6169,6368
441690,1,412,1,30,22,65,35,52,100,95,57,152
441760,1,412,1,717,653,1463,1975,1370,3438,2180,2628,4808
441900,1,412,1,441,1573,1531,3624,2014,5155,1972,5197,7169
441937,1,412,1,1459,3009,640,1020,4468,1660,2099,4029,6128
442073,1,412,1,105,328,18,149,433,167,123,477,600
442240,1,412,1,45,203,34,123,248,157,79,326,405
442329,1,412,1,832,99,0,0,931,0,832,99,931
442356,1,412,1,66,490,141,1078,556,1219,207,1568,1775
442523,1,412,1,27,46,2,2,73,4,29,48,77
442930,1,412,1,216,263,20,18,479,38,236,281,517
443049,1,412,1,91,77,99,68,168,167,190,145,335
443058,1,412,1,28,37,68,78,65,146,96,115,211
443100,1,412,1,28,18,0,0,46,0,28,18,46
443331,1,412,1,416,1674,109,421,2090,530,525,2095,2620
443641,1,412,1,3,62,1,63,65,64,4,125,129
444219,1,412,1,924,974,3008,3890,1898,6898,3932,4864,8796
444282,1,412,1,1,35,1,47,36,48,2,82,84
444291,1,412,1,3,82,2,38,85,40,5,120,125
444307,1,412,1,1,46,1,14,47,15,2,60,62
444468,1,412,1,1,34,0,5,35,5,1,39,40
444486,1,412,1,9,231,2,30,240,32,11,261,272
444556,1,412,1,212,225,0,0,437,0,212,225,437
444565,1,412,1,106,142,42,53,248,95,148,195,343
444583,1,412,1,160,215,0,0,375,0,160,215,375
444671,1,412,1,57,85,0,0,142,0,57,85,142
444787,1,412,1,225,1573,177,1019,1798,1196,402,2592,2994
445027,1,412,1,5184,7985,337,827,13169,1164,5521,8812,14333
445133,1,412,1,39,62,24,46,101,70,63,108,171
445188,1,412,1,4585,4372,89,57,8957,146,4674,4429,9103
445212,1,412,1,19,65,15,69,84,84,34,134,168
445267,1,412,1,198,782,700,1465,980,2165,898,2247,3145
445498,1,412,1,11,0,0,0,11,0,11,0,11
445708,1,412,1,373,728,14,25,1101,39,387,753,1140
445911,1,412,1,244,295,79,119,539,198,323,414,737
445948,1,412,1,292,1670,0,0,1962,0,292,1670,1962
446206,1,412,1,2,46,0,11,48,11,2,57,59
446233,1,412,1,81,59,7,10,140,17,88,69,157
446251,1,412,1,20,44,0,0,64,0,20,44,64
446288,1,412,1,0,50,0,27,50,27,0,77,77
446774,1,412,1,312,438,1350,2147,750,3497,1662,2585,4247
447148,1,412,1,4,126,0,62,130,62,4,188,192
447166,1,412,1,4,33,1,20,37,21,5,53,58
447175,1,412,1,3,39,1,30,42,31,4,69,73
447582,1,412,1,196,366,136,309,562,445,332,675,1007
447689,1,412,1,2999,4189,1554,2288,7188,3842,4553,6477,11030
447698,1,412,1,13,73,10,34,86,44,23,107,130
447759,1,412,1,67,174,4,18,241,22,71,192,263
447999,1,412,1,32,136,0,0,168,0,32,136,168
448026,1,412,1,6,90,0,26,96,26,6,116,122
448196,1,412,1,9,97,0,3,106,3,9,100,109
448220,1,412,1,6,137,0,0,143,0,6,137,143
448248,1,412,1,44,340,1794,1128,384,2922,1838,1468,3306
448594,1,412,1,470,752,942,1681,1222,2623,1412,2433,3845
448673,1,412,1,100,975,143,1257,1075,1400,243,2232,2475
448798,1,412,1,6,110,0,0,116,0,6,110,116
449320,1,412,1,503,13,176,5,516,181,679,18,697
449357,1,412,1,4,77,0,0,81,0,4,77,81
449384,1,412,1,183,116,151,89,299,240,334,205,539
449472,1,412,1,1,81,0,0,82,0,1,81,82
449481,1,412,1,6,39,0,0,45,0,6,39,45
449889,1,412,1,2357,7646,0,0,10003,0,2357,7646,10003
449922,1,412,1,51,73,0,6,124,6,51,79,130
449959,1,412,1,20,65,16,49,85,65,36,114,150
449968,1,412,1,40,168,15,61,208,76,55,229,284
449977,1,412,1,2,159,1,44,161,45,3,203,206
449986,1,412,1,36,127,31,69,163,100,67,196,263
449995,1,412,1,5,69,2,53,74,55,7,122,129
450571,1,412,1,25,202,29,224,227,253,54,426,480
450599,1,412,1,1,49,0,0,50,0,1,49,50
450605,1,412,1,3,31,1,18,34,19,4,49,53
450614,1,412,1,3,79,1,31,82,32,4,110,114
450641,1,412,1,16,155,3,99,171,102,19,254,273
450720,1,412,1,5,293,3,391,298,394,8,684,692
450933,1,412,1,6496,4550,3450,1452,11046,4902,9946,6002,15948
451079,1,412,1,14,59,0,0,73,0,14,59,73
451121,1,412,1,4,51,5,57,55,62,9,108,117
451510,1,412,1,214,359,23,23,573,46,237,382,619
451565,1,412,1,14,154,10,3,168,13,24,157,181
451583,1,412,1,108,42,643,211,150,854,751,253,1004
451714,1,412,1,12,169,39,72,181,111,51,241,292
451750,1,412,1,211,429,40,363,640,403,251,792,1043
451857,1,412,1,4,59,0,0,63,0,4,59,63
451918,1,412,1,13,108,0,0,121,0,13,108,121
452009,1,412,1,2,52,0,0,54,0,2,52,54
453297,1,412,1,0,0,12,23,0,35,12,23,35
454227,1,412,1,405,3172,2260,20850,3577,23110,2665,24022,26687
454236,1,412,1,21,188,39,289,209,328,60,477,537
454245,1,412,1,50,246,92,430,296,522,142,676,818
454652,1,412,1,3,139,0,0,142,0,3,139,142
454698,1,412,1,90,214,0,0,304,0,90,214,304
454768,1,412,1,22,99,12,82,121,94,34,181,215
454777,1,412,1,20,119,9,65,139,74,29,184,213
454810,1,412,1,2373,6521,0,0,8894,0,2373,6521,8894
454926,1,412,1,15,255,2,47,270,49,17,302,319
454944,1,412,1,15,223,0,0,238,0,15,223,238
455026,1,412,1,0,0,80,6,0,86,80,6,86
455080,1,412,1,26,212,0,1,238,1,26,213,239
455114,1,412,1,1192,1095,3151,4482,2287,7633,4343,5577,9920
455196,1,412,1,291,3088,0,0,3379,0,291,3088,3379
455284,1,412,1,5,170,2,64,175,66,7,234,241
455406,1,412,1,280,339,0,1,619,1,280,340,620
455512,1,412,1,259,387,999,1796,646,2795,1258,2183,3441
455831,1,412,1,13,102,0,0,115,0,13,102,115
455868,1,412,1,39,253,0,0,292,0,39,253,292
455901,1,412,1,5,74,9,81,79,90,14,155,169
456029,1,412,1,9,161,0,62,170,62,9,223,232
456065,1,412,1,2,136,0,4,138,4,2,140,142
456074,1,412,1,7,135,0,1,142,1,7,136,143
456135,1,412,1,1,65,0,29,66,29,1,94,95
456481,1,412,1,2,6,26,27,8,53,28,33,61
456542,1,412,1,259,331,30,88,590,118,289,419,708
456825,1,412,1,4,117,4,44,121,48,8,161,169
456959,1,412,1,114,481,10,25,595,35,124,506,630
457031,1,412,1,0,43,0,22,43,22,0,65,65
457129,1,412,1,14,221,80,603,235,683,94,824,918
457253,1,412,1,2,37,4,79,39,83,6,116,122
457299,1,412,1,60,267,8,34,327,42,68,301,369
457323,1,412,1,44,353,0,0,397,0,44,353,397
457475,1,412,1,3,113,0,0,116,0,3,113,116
457493,1,412,1,3,57,0,0,60,0,3,57,60
457527,1,412,1,1,16,19,175,17,194,20,191,211
457545,1,412,1,2,71,1,18,73,19,3,89,92
457633,1,412,1,1,82,7,141,83,148,8,223,231
457679,1,412,1,1,25,0,0,26,0,1,25,26
457855,1,412,1,2,55,1,15,57,16,3,70,73
458140,1,412,1,54,8,0,0,62,0,54,8,62
458210,1,412,1,730,2715,219,811,3445,1030,949,3526,4475
458229,1,412,1,457,1638,108,376,2095,484,565,2014,2579
458274,1,412,1,5,160,0,32,165,32,5,192,197
458803,1,412,1,1,107,0,54,108,54,1,161,162
458812,1,412,1,2,71,1,17,73,18,3,88,91
458821,1,412,1,2,66,0,0,68,0,2,66,68
458830,1,412,1,0,124,3,47,124,50,3,171,174
458858,1,412,1,3,127,3,92,130,95,6,219,225
458867,1,412,1,5,140,2,56,145,58,7,196,203
459019,1,412,1,5,74,1,16,79,17,6,90,96
459046,1,412,1,2,42,1,12,44,13,3,54,57
459055,1,412,1,0,27,1,18,27,19,1,45,46
459064,1,412,1,3,46,2,22,49,24,5,68,73
459116,1,412,1,7,95,0,0,102,0,7,95,102
459170,1,412,1,28,122,3,139,150,142,31,261,292
459198,1,412,1,52,188,5,88,240,93,57,276,333
459231,1,412,1,20,189,0,0,209,0,20,189,209
459286,1,412,1,15,118,8,37,133,45,23,155,178
459301,1,412,1,3,75,2,23,78,25,5,98,103
459392,1,412,1,6,92,0,62,98,62,6,154,160
459417,1,412,1,31,9,5,5,40,10,36,14,50
459523,1,412,1,6,58,0,0,64,0,6,58,64
459578,1,412,1,18,57,15,18,75,33,33,75,108
459736,1,412,1,388,645,44,67,1033,111,432,712,1144
459949,1,412,1,1419,2698,1089,2103,4117,3192,2508,4801,7309
460349,1,412,1,142,440,623,1300,582,1923,765,1740,2505
460394,1,412,1,687,831,3157,4420,1518,7577,3844,5251,9095
460464,1,412,1,899,702,3497,4369,1601,7866,4396,5071,9467
460677,1,412,1,79,281,12,54,360,66,91,335,426
460862,1,412,1,2,111,4,102,113,106,6,213,219
460871,1,412,1,20,193,52,398,213,450,72,591,663
460932,1,412,1,0,84,0,0,84,0,0,84,84
461193,1,412,1,1,185,0,5,186,5,1,190,191
461272,1,412,1,0,49,0,36,49,36,0,85,85
461379,1,412,1,1,5,6,20,6,26,7,25,32
461421,1,412,1,11,195,0,2,206,2,11,197,208
461591,1,412,1,5,112,0,1,117,1,5,113,118
461643,1,412,1,2,22,0,0,24,0,2,22,24
461652,1,412,1,6,88,0,0,94,0,6,88,94
461704,1,412,1,7,149,1,4,156,5,8,153,161
461759,1,412,1,104,88,20,25,192,45,124,113,237
461829,1,412,1,24,70,0,0,94,0,24,70,94
461883,1,412,1,42,51,6,10,93,16,48,61,109
461917,1,412,1,0,121,0,94,121,94,0,215,215
462008,1,412,1,12,142,3,82,154,85,15,224,239
462071,1,412,1,39,142,1,3,181,4,40,145,185
463056,1,412,1,710,712,64,49,1422,113,774,761,1535
466921,1,412,1,3,112,18,242,115,260,21,354,375
466930,1,412,1,69,441,217,1440,510,1657,286,1881,2167
467863,1,412,1,34,155,9,38,189,47,43,193,236
467872,1,412,1,8,192,3,81,200,84,11,273,284
468893,1,412,1,5,109,1,59,114,60,6,168,174
470047,1,412,1,11,27,0,0,38,0,11,27,38
474863,1,412,1,155,580,211,949,735,1160,366,1529,1895
474915,1,412,1,2,243,4,202,245,206,6,445,451
474924,1,412,1,3,36,2,143,39,145,5,179,184
475200,1,412,1,9,19,44,105,28,149,53,124,177
475431,1,412,1,4,45,0,0,49,0,4,45,49
475486,1,412,1,20,148,28,68,168,96,48,216,264
475547,1,412,1,19,44,6,51,63,57,25,95,120
475556,1,412,1,5,90,5,53,95,58,10,143,153
475653,1,412,1,1,26,0,1,27,1,1,27,28
475723,1,412,1,72,66,308,186,138,494,380,252,632
475732,1,412,1,35,320,99,967,355,1066,134,1287,1421
475741,1,412,1,7,85,9,101,92,110,16,186,202
475839,1,412,1,87,66,68,87,153,155,155,153,308
476063,1,412,1,252,20,0,0,272,0,252,20,272
476179,1,412,1,7,103,4,57,110,61,11,160,171
476805,1,412,1,0,44,0,0,44,0,0,44,44
476841,1,412,1,16,138,7,76,154,83,23,214,237
476975,1,412,1,810,909,3361,4485,1719,7846,4171,5394,9565
476984,1,412,1,9,171,3,45,180,48,12,216,228
477039,1,412,1,147,890,57,374,1037,431,204,1264,1468
478582,1,412,1,6,106,1,44,112,45,7,150,157
478616,1,412,1,5,73,2,24,78,26,7,97,104
478953,1,412,1,6,197,0,0,203,0,6,197,203
479956,1,412,1,1643,2120,5352,4864,3763,10216,6995,6984,13979
479983,1,412,1,14,94,0,0,108,0,14,94,108
480028,1,412,1,126,34,1,1,160,2,127,35,162
480091,1,412,1,554,4925,602,2969,5479,3571,1156,7894,9050
480310,1,412,1,0,72,0,9,72,9,0,81,81
480569,1,412,1,175,327,343,385,502,728,518,712,1230
480657,1,412,1,34,258,39,259,292,298,73,517,590
480790,1,412,1,746,779,2,4,1525,6,748,783,1531
480921,1,412,1,73,15,0,0,88,0,73,15,88
480930,1,412,1,0,28,0,9,28,9,0,37,37
480976,1,412,1,6,57,0,0,63,0,6,57,63
481191,1,412,1,35,195,0,0,230,0,35,195,230
481225,1,412,1,10,7,0,0,17,0,10,7,17
481526,1,412,1,1,216,0,0,217,0,1,216,217
481535,1,412,1,20,24,0,0,44,0,20,24,44
481678,1,412,1,1,43,0,27,44,27,1,70,71
481739,1,412,1,3,31,0,13,34,13,3,44,47
481748,1,412,1,2,90,0,20,92,20,2,110,112
481845,1,412,1,1,43,1,28,44,29,2,71,73
482149,1,412,1,2499,4892,593,1156,7391,1749,3092,6048,9140
482158,1,412,1,2103,2395,1300,1890,4498,3190,3403,4285,7688
482167,1,412,1,0,35,1,92,35,93,1,127,128
482176,1,412,1,7,175,2,68,182,70,9,243,252
482413,1,412,1,149,117,119,183,266,302,268,300,568
482422,1,412,1,17,12,25,19,29,44,42,31,73
482431,1,412,1,486,353,441,397,839,838,927,750,1677
482459,1,412,1,51,65,78,100,116,178,129,165,294
482468,1,412,1,106,125,115,186,231,301,221,311,532
482477,1,412,1,3875,6083,5566,10860,9958,16426,9441,16943,26384
482547,1,412,1,3,1,3,3,4,6,6,4,10
482556,1,412,1,25,21,31,18,46,49,56,39,95
482565,1,412,1,2,1,4,5,3,9,6,6,12
482574,1,412,1,60,44,55,67,104,122,115,111,226
482635,1,412,1,33,16,32,27,49,59,65,43,108
482653,1,412,1,20,20,19,17,40,36,39,37,76
482680,1,412,1,5257,6692,2507,3573,11949,6080,7764,10265,18029
482699,1,412,1,376,705,201,511,1081,712,577,1216,1793
482705,1,412,1,666,1370,2583,3645,2036,6228,3249,5015,8264
482936,1,412,1,1144,262,147,40,1406,187,1291,302,1593
483036,1,412,1,306,402,541,949,708,1490,847,1351,2198
483045,1,412,1,704,1058,3137,4784,1762,7921,3841,5842,9683
483054,1,412,1,75,29,0,0,104,0,75,29,104
483124,1,412,1,6928,15150,15377,25096,22078,40473,22305,40246,62551
483328,1,412,1,9,57,2,18,66,20,11,75,86
483337,1,412,1,4,93,2,54,97,56,6,147,153
483559,1,412,1,5,32,2,19,37,21,7,51,58
483595,1,412,1,1273,3815,676,2140,5088,2816,1949,5955,7904
483823,1,412,1,450,185,0,0,635,0,450,185,635
483911,1,412,1,0,22,0,0,22,0,0,22,22
483975,1,412,1,356,397,6,2,753,8,362,399,761
484011,1,412,1,19,63,0,18,82,18,19,81,100
484093,1,412,1,1,81,2,54,82,56,3,135,138
484109,1,412,1,1,91,0,0,92,0,1,91,92
484190,1,412,1,14,5,0,0,19,0,14,5,19
484394,1,412,1,7,80,9,44,87,53,16,124,140
484473,1,412,1,1219,1295,1277,1565,2514,2842,2496,2860,5356
484613,1,412,1,25618,63273,0,0,88891,0,25618,63273,88891
484631,1,412,1,329,306,0,0,635,0,329,306,635
484710,1,412,1,22,8,0,0,30,0,22,8,30
484756,1,412,1,28,29,0,0,57,0,28,29,57
484905,1,412,1,668,1321,585,1111,1989,1696,1253,2432,3685
485014,1,412,1,4,62,1,35,66,36,5,97,102
485032,1,412,1,5,85,4,75,90,79,9,160,169
485111,1,412,1,1138,1448,1563,2849,2586,4412,2701,4297,6998
485272,1,412,1,52,475,43,344,527,387,95,819,914
485397,1,412,1,2,95,0,42,97,42,2,137,139
485458,1,412,1,178,372,1129,2068,550,3197,1307,2440,3747
485476,1,412,1,1,87,0,0,88,0,1,87,88
485494,1,412,1,91,11,10,3,102,13,101,14,115
485768,1,412,1,466,384,0,0,850,0,466,384,850
486123,1,412,1,17,22,0,0,39,0,17,22,39
486567,1,412,1,11,231,0,2,242,2,11,233,244
486691,1,412,1,2,68,0,41,70,41,2,109,111
486798,1,412,1,1347,182,0,0,1529,0,1347,182,1529
486840,1,412,1,14958,15395,6309,6528,30353,12837,21267,21923,43190
486877,1,412,1,1,10,0,0,11,0,1,10,11
486886,1,412,1,0,13,0,18,13,18,0,31,31
486938,1,412,1,40,172,58,297,212,355,98,469,567
486947,1,412,1,25,237,51,324,262,375,76,561,637
486956,1,412,1,65,363,105,728,428,833,170,1091,1261
486983,1,412,1,18,27,0,0,45,0,18,27,45
487010,1,412,1,1014,1906,55,164,2920,219,1069,2070,3139
487092,1,412,1,494,554,0,0,1048,0,494,554,1048
487162,1,412,1,323,826,1229,2279,1149,3508,1552,3105,4657
487348,1,412,1,1,45,0,67,46,67,1,112,113
487524,1,412,1,962,1353,222,528,2315,750,1184,1881,3065
487676,1,412,1,1,95,13,89,96,102,14,184,198
487773,1,412,1,0,17,2,10,17,12,2,27,29
487861,1,412,1,36,204,8,58,240,66,44,262,306
487922,1,412,1,0,52,0,13,52,13,0,65,65
487995,1,412,1,18,51,19,55,69,74,37,106,143
488013,1,412,1,11,196,1,16,207,17,12,212,224
488031,1,412,1,79,97,0,1,176,1,79,98,177
488077,1,412,1,2546,75,1370,20,2621,1390,3916,95,4011
488271,1,412,1,2,83,0,0,85,0,2,83,85
488305,1,412,1,51,26,23,14,77,37,74,40,114
488332,1,412,1,23,181,0,0,204,0,23,181,204
488989,1,412,1,0,88,3,45,88,48,3,133,136
488998,1,412,1,18,84,0,1,102,1,18,85,103
489140,1,412,1,2,35,12,43,37,55,14,78,92
489201,1,412,1,922,1093,2287,3470,2015,5757,3209,4563,7772
489256,1,412,1,186,12,2,0,198,2,188,12,200
489335,1,412,1,1,3,34,15,4,49,35,18,53
489344,1,412,1,5,79,17,167,84,184,22,246,268
489353,1,412,1,72,244,61,220,316,281,133,464,597
489779,1,412,1,3864,7310,13344,20607,11174,33951,17208,27917,45125
489858,1,412,1,190,397,2,2,587,4,192,399,591
490115,1,412,1,46,11,0,0,57,0,46,11,57
490230,1,412,1,124,156,1,0,280,1,125,156,281
490258,1,412,1,22,109,0,0,131,0,22,109,131
490300,1,412,1,1,43,22,18,44,40,23,61,84
490416,1,412,1,20,6,0,0,26,0,20,6,26
490425,1,412,1,2,165,0,0,167,0,2,165,167
490601,1,412,1,335,303,4,0,638,4,339,303,642
490753,1,412,1,12,31,0,0,43,0,12,31,43
490805,1,412,1,2452,2539,1458,2462,4991,3920,3910,5001,8911
491136,1,412,1,1,53,1,32,54,33,2,85,87
491145,1,412,1,0,68,0,35,68,35,0,103,103
491534,1,412,1,0,0,3,11,0,14,3,11,14
491598,1,412,1,1,23,0,0,24,0,1,23,24
491808,1,412,1,32,134,6,23,166,29,38,157,195
491826,1,412,1,0,97,0,0,97,0,0,97,97
491835,1,412,1,1,85,0,0,86,0,1,85,86
491941,1,412,1,6,147,0,0,153,0,6,147,153
491978,1,412,1,5,5,16,24,10,40,21,29,50
492209,1,412,1,7,24,0,5,31,5,7,29,36
492476,1,412,1,13,66,32,115,79,147,45,181,226
492689,1,412,1,308,501,6,40,809,46,314,541,855
492759,1,412,1,13,142,21,189,155,210,34,331,365
492801,1,412,1,140,287,111,204,427,315,251,491,742
492962,1,412,1,388,702,608,906,1090,1514,996,1608,2604
493451,1,412,1,13,54,0,0,67,0,13,54,67
493655,1,412,1,13,7,0,1,20,1,13,8,21
493673,1,412,1,33,39,38,52,72,90,71,91,162
493804,1,412,1,68,27,0,0,95,0,68,27,95
493831,1,412,1,27,15,0,0,42,0,27,15,42
494010,1,412,1,35,66,1,2,101,3,36,68,104
494278,1,412,1,6,74,33,130,80,163,39,204,243
494287,1,412,1,40,107,75,226,147,301,115,333,448
494472,1,412,1,0,6,0,8,6,8,0,14,14
494551,1,412,1,2,9,2,21,11,23,4,30,34
494898,1,412,1,12,57,0,0,69,0,12,57,69
494959,1,412,1,4,12,17,41,16,58,21,53,74
495077,1,412,1,5,72,0,0,77,0,5,72,77
495101,1,412,1,11,51,0,0,62,0,11,51,62
495271,1,412,1,0,8,17,51,8,68,17,59,76
495314,1,412,1,261,230,0,0,491,0,261,230,491
495350,1,412,1,8,14,0,0,22,0,8,14,22
495369,1,412,1,4,27,3,25,31,28,7,52,59
495411,1,412,1,10,80,0,1,90,1,10,81,91
495518,1,412,1,2,52,1,30,54,31,3,82,85
496043,1,412,1,270,266,0,0,536,0,270,266,536
496052,1,412,1,13,2,0,0,15,0,13,2,15
496618,1,412,1,9,152,0,0,161,0,9,152,161
496636,1,412,1,40,173,0,0,213,0,40,173,213
496733,1,412,1,2,82,0,0,84,0,2,82,84
497000,1,412,1,56,161,0,0,217,0,56,161,217
497037,1,412,1,80,380,69,237,460,306,149,617,766
497046,1,412,1,260,446,1582,3234,706,4816,1842,3680,5522
497107,1,412,1,0,0,37,191,0,228,37,191,228
497301,1,412,1,4,207,5,163,211,168,9,370,379
497417,1,412,1,0,18,0,0,18,0,0,18,18
497480,1,412,1,26,682,58,130,708,188,84,812,896
497790,1,412,1,103,8,0,0,111,0,103,8,111
498562,1,412,1,3802,5989,794,1489,9791,2283,4596,7478,12074
498571,1,412,1,3393,5795,1139,2451,9188,3590,4532,8246,12778
100663,1,112,2,3836,6427,1048,1721,10263,2769,4884,8148,13032
100706,1,112,2,3535,2326,730,578,5861,1308,4265,2904,7169
100751,1,112,2,12755,16203,1397,2103,28958,3500,14152,18306,32458
100760,1,112,2,224,290,527,736,514,1263,751,1026,1777
100812,1,112,2,307,799,437,977,1106,1414,744,1776,2520
100830,1,112,2,814,1754,385,801,2568,1186,1199,2555,3754
100858,1,112,2,11374,11605,1310,1090,22979,2400,12684,12695,25379
100937,1,112,2,511,458,1,5,969,6,512,463,975
101143,1,112,2,517,428,494,571,945,1065,1011,999,2010
101161,1,112,2,1052,1656,1820,2272,2708,4092,2872,3928,6800
101189,1,112,2,569,638,225,360,1207,585,794,998,1792
101240,1,112,2,820,1183,844,1505,2003,2349,1664,2688,4352
101286,1,112,2,403,856,792,1781,1259,2573,1195,2637,3832
101295,1,112,2,887,1446,1285,2347,2333,3632,2172,3793,5965
101301,1,112,2,237,279,541,803,516,1344,778,1082,1860
101435,1,112,2,446,346,7,13,792,20,453,359,812
101453,1,112,2,28,5,42,7,33,49,70,12,82
101462,1,112,2,103,120,285,468,223,753,388,588,976
101480,1,112,2,2651,3820,717,1122,6471,1839,3368,4942,8310
101505,1,112,2,812,1199,2278,4142,2011,6420,3090,5341,8431
101514,1,112,2,1313,1385,2385,3080,2698,5465,3698,4465,8163
101569,1,112,2,450,660,537,1272,1110,1809,987,1932,2919
101587,1,112,2,536,1365,189,337,1901,526,725,1702,2427
101602,1,112,2,290,469,588,582,759,1170,878,1051,1929
101648,1,112,2,232,88,0,0,320,0,232,88,320
101709,1,112,2,728,1239,72,133,1967,205,800,1372,2172
101736,1,112,2,401,504,1452,1675,905,3127,1853,2179,4032
101897,1,112,2,349,572,553,1116,921,1669,902,1688,2590
101912,1,112,2,551,754,61,65,1305,126,612,819,1431
101994,1,112,2,99,86,97,152,185,249,196,238,434
102030,1,112,2,427,551,613,1377,978,1990,1040,1928,2968
102049,1,112,2,1162,2447,23,40,3609,63,1185,2487,3672
102067,1,112,2,851,884,847,1584,1735,2431,1698,2468,4166
102076,1,112,2,373,639,555,940,1012,1495,928,1579,2507
102094,1,112,2,2677,4379,590,834,7056,1424,3267,5213,8480
102234,1,112,2,390,510,11,22,900,33,401,532,933
102313,1,112,2,360,454,411,759,814,1170,771,1213,1984
102368,1,112,2,2526,4611,1312,2319,7137,3631,3838,6930,10768
102377,1,112,2,749,1237,52,62,1986,114,801,1299,2100
102395,1,112,2,14,10,71,13,24,84,85,23,108
102429,1,112,2,446,608,1049,1600,1054,2649,1495,2208,3703
102553,1,112,2,1676,2218,2275,3756,3894,6031,3951,5974,9925
102614,1,112,2,1069,1251,1073,2243,2320,3316,2142,3494,5636
102632,1,112,2,197,292,418,817,489,1235,615,1109,1724
103741,1,112,2,9,115,1,59,124,60,10,174,184
104151,1,112,2,30168,29716,3183,2425,59884,5608,33351,32141,65492
104160,1,112,2,870,1119,2387,3674,1989,6061,3257,4793,8050
104179,1,112,2,13047,17183,4166,4355,30230,8521,17213,21538,38751
104346,1,112,2,469,620,1312,2251,1089,3563,1781,2871,4652
104391,1,112,2,2,83,0,0,85,0,2,83,85
104425,1,112,2,576,816,1123,1282,1392,2405,1699,2098,3797
104443,1,112,2,4,42,1,13,46,14,5,55,60
104568,1,112,2,3,184,0,196,187,196,3,380,383
104577,1,112,2,627,724,1362,2151,1351,3513,1989,2875,4864
104586,1,112,2,2142,828,124,26,2970,150,2266,854,3120
104708,1,112,2,1842,1805,4073,5622,3647,9695,5915,7427,13342
104717,1,112,2,9586,14359,10433,32391,23945,42824,20019,46750,66769
105145,1,112,2,390,614,1273,2422,1004,3695,1663,3036,4699
105154,1,112,2,2027,2082,5082,6581,4109,11663,7109,8663,15772
105206,1,112,2,288,458,997,2295,746,3292,1285,2753,4038
105297,1,112,2,187,519,202,640,706,842,389,1159,1548
105330,1,112,2,7504,12507,1046,2147,20011,3193,8550,14654,23204
105349,1,112,2,231,272,760,1477,503,2237,991,1749,2740
105428,1,112,2,870,1347,2649,4783,2217,7432,3519,6130,9649
105525,1,112,2,1643,1824,4932,6894,3467,11826,6575,8718,15293
105659,1,112,2,916,90,0,0,1006,0,916,90,1006
105668,1,112,2,746,1259,6133,8940,2005,15073,6879,10199,17078
105747,1,112,2,722,757,2393,3193,1479,5586,3115,3950,7065
105792,1,112,2,380,454,1159,1713,834,2872,1539,2167,3706
106148,1,112,2,717,636,2250,3394,1353,5644,2967,4030,6997
106245,1,112,2,1218,1743,1019,1845,2961,2864,2237,3588,5825
106263,1,112,2,125,639,83,452,764,535,208,1091,1299
106324,1,112,2,1,17,0,11,18,11,1,28,29
106397,1,112,2,10475,12971,1138,1685,23446,2823,11613,14656,26269
106412,1,112,2,807,1033,143,199,1840,342,950,1232,2182
106449,1,112,2,531,777,657,963,1308,1620,1188,1740,2928
106458,1,112,2,2123,3015,1004,2059,5138,3063,3127,5074,8201
106467,1,112,2,2252,2808,1480,2182,5060,3662,3732,4990,8722
106546,1,112,2,47,433,7,62,480,69,54,495,549
106625,1,112,2,262,440,324,540,702,864,586,980,1566
106713,1,112,2,270,191,42,61,461,103,312,252,564
106908,1,112,2,17,330,0,11,347,11,17,341,358
107080,1,112,2,547,572,11,2,1119,13,558,574,1132
107099,1,112,2,5,85,0,0,90,0,5,85,90
107141,1,112,2,523,748,226,304,1271,530,749,1052,1801
107318,1,112,2,42,123,347,467,165,814,389,590,979
107512,1,112,2,661,901,64,104,1562,168,725,1005,1730
107521,1,112,2,94,230,799,709,324,1508,893,939,1832
107558,1,112,2,368,402,6,8,770,14,374,410,784
107585,1,112,2,407,579,352,550,986,902,759,1129,1888
107600,1,112,2,285,390,33,61,675,94,318,451,769
107619,1,112,2,149,292,302,491,441,793,451,783,1234
107664,1,112,2,802,1374,629,1440,2176,2069,1431,2814,4245
107725,1,112,2,147,259,259,523,406,782,406,782,1188
107743,1,112,2,129,216,125,209,345,334,254,425,679
107789,1,112,2,1,108,0,0,109,0,1,108,109
107974,1,112,2,165,321,205,471,486,676,370,792,1162
107983,1,112,2,1170,1478,179,321,2648,500,1349,1799,3148
107992,1,112,2,221,253,188,281,474,469,409,534,943
108092,1,112,2,1302,2072,856,1105,3374,1961,2158,3177,5335
108232,1,112,2,1019,1170,927,1439,2189,2366,1946,2609,4555
108667,1,112,2,355,280,2054,2984,635,5038,2409,3264,5673
108807,1,112,2,1483,1549,3319,3978,3032,7297,4802,5527,10329
108852,1,112,2,93,127,0,0,220,0,93,127,220
109208,1,112,2,2005,2329,12205,10883,4334,23088,14210,13212,27422
109350,1,112,2,1654,1837,3530,4819,3491,8349,5184,6656,11840
109785,1,112,2,937,2006,131,274,2943,405,1068,2280,3348
109819,1,112,2,3039,4205,8689,10940,7244,19629,11728,15145,26873
109907,1,112,2,353,766,624,1141,1119,1765,977,1907,2884
109934,1,112,2,39,359,0,0,398,0,39,359,398
110097,1,112,2,1247,1922,125,205,3169,330,1372,2127,3499
110246,1,112,2,1904,2187,2268,3003,4091,5271,4172,5190,9362
110316,1,112,2,20,59,1,7,79,8,21,66,87
110334,1,112,2,829,957,3172,4191,1786,7363,4001,5148,9149
110361,1,112,2,2675,4557,382,720,7232,1102,3057,5277,8334
110404,1,112,2,537,445,0,0,982,0,537,445,982
110413,1,112,2,1139,1322,20,32,2461,52,1159,1354,2513
110422,1,112,2,10145,9845,624,412,19990,1036,10769,10257,21026
110486,1,112,2,2230,4400,543,1015,6630,1558,2773,5415,8188
110495,1,112,2,2273,4685,704,1264,6958,1968,2977,5949,8926
110510,1,112,2,5089,8406,1396,2143,13495,3539,6485,10549,17034
110529,1,112,2,11628,9863,2079,1611,21491,3690,13707,11474,25181
110538,1,112,2,5295,6289,644,753,11584,1397,5939,7042,12981
110547,1,112,2,4052,6344,1385,2188,10396,3573,5437,8532,13969
110556,1,112,2,7010,10553,1686,2105,17563,3791,8696,12658,21354
110565,1,112,2,11554,16268,3366,4244,27822,7610,14920,20512,35432
110574,1,112,2,3312,4853,1057,1574,8165,2631,4369,6427,10796
110583,1,112,2,11319,16391,2453,2768,27710,5221,13772,19159,32931
110592,1,112,2,7707,10987,1809,2234,18694,4043,9516,13221,22737
110608,1,112,2,11714,14474,2996,2997,26188,5993,14710,17471,32181
110617,1,112,2,9637,12961,3010,3313,22598,6323,12647,16274,28921
110635,1,112,2,13636,17188,799,856,30824,1655,14435,18044,32479
110644,1,112,2,12313,18360,386,473,30673,859,12699,18833,31532
110653,1,112,2,12213,15719,371,359,27932,730,12584,16078,28662
110662,1,112,2,12533,19230,320,340,31763,660,12853,19570,32423
110671,1,112,2,10542,11427,522,420,21969,942,11064,11847,22911
110680,1,112,2,15217,16921,547,411,32138,958,15764,17332,33096
110705,1,112,2,10006,12787,354,312,22793,666,10360,13099,23459
110714,1,112,2,8327,8401,451,323,16728,774,8778,8724,17502
110918,1,112,2,1,2,6,4,3,10,7,6,13
111188,1,112,2,623,156,22,7,779,29,645,163,808
111434,1,112,2,381,366,1848,2793,747,4641,2229,3159,5388
111461,1,112,2,2415,2387,7703,5570,4802,13273,10118,7957,18075
111513,1,112,2,1,161,2,41,162,43,3,202,205
111887,1,112,2,3627,4211,5554,6077,7838,11631,9181,10288,19469
111896,1,112,2,351,385,1746,2437,736,4183,2097,2822,4919
111920,1,112,2,1370,1439,4005,3922,2809,7927,5375,5361,10736
111939,1,112,2,2401,3246,5151,8440,5647,13591,7552,11686,19238
111948,1,112,2,2899,4435,254,281,7334,535,3153,4716,7869
112075,1,112,2,583,891,96,129,1474,225,679,1020,1699
112084,1,112,2,130,124,24,50,254,74,154,174,328
112172,1,112,2,1777,2136,2636,3426,3913,6062,4413,5562,9975
112260,1,112,2,673,707,5,1,1380,6,678,708,1386
112367,1,112,2,7,21,27,155,28,182,34,176,210
112385,1,112,2,271,339,4181,3286,610,7467,4452,3625,8077
112561,1,112,2,393,441,623,892,834,1515,1016,1333,2349
112686,1,112,2,302,438,1185,2157,740,3342,1487,2595,4082
112826,1,112,2,662,722,1667,2781,1384,4448,2329,3503,5832
113096,1,112,2,1437,1569,4235,6053,3006,10288,5672,7622,13294
113111,1,112,2,682,796,1618,2017,1478,3635,2300,2813,5113
113193,1,112,2,1397,1361,3479,3671,2758,7150,4876,5032,9908
113236,1,112,2,2128,2601,3718,5076,4729,8794,5846,7677,13523
113333,1,112,2,4313,3610,3963,4449,7923,8412,8276,8059,16335
113537,1,112,2,1,7,0,0,8,0,1,7,8
113573,1,112,2,1764,2100,2603,3915,3864,6518,4367,6015,10382
113582,1,112,2,7,64,1,18,71,19,8,82,90
113634,1,112,2,3075,2791,4784,5447,5866,10231,7859,8238,16097
113698,1,112,2,279,737,37,86,1016,123,316,823,1139
113856,1,112,2,2298,2800,11330,11427,5098,22757,13628,14227,27855
113980,1,112,2,3482,3552,5948,6962,7034,12910,9430,10514,19944
114266,1,112,2,914,1011,2664,3363,1925,6027,3578,4374,7952
114354,1,112,2,232,1133,85,330,1365,415,317,1463,1780
114433,1,112,2,240,224,573,346,464,919,813,570,1383
114716,1,112,2,1652,1712,4957,4113,3364,9070,6609,5825,12434
114761,1,112,2,9,63,0,0,72,0,9,63,72
114789,1,112,2,2547,3243,7681,9138,5790,16819,10228,12381,22609
114813,1,112,2,300,610,181,653,910,834,481,1263,1744
114859,1,112,2,3300,3333,5271,6466,6633,11737,8571,9799,18370
114938,1,112,2,652,747,1499,1663,1399,3162,2151,2410,4561
114947,1,112,2,70,84,0,0,154,0,70,84,154
115001,1,112,2,2389,2688,2409,3172,5077,5581,4798,5860,10658
115083,1,112,2,324,92,94,91,416,185,418,183,601
115126,1,112,2,1397,1472,3196,3988,2869,7184,4593,5460,10053
115393,1,112,2,1461,1741,2646,3044,3202,5690,4107,4785,8892
115755,1,112,2,1987,2682,343,449,4669,792,2330,3131,5461
115861,1,112,2,1531,2007,1845,2364,3538,4209,3376,4371,7747
116439,1,112,2,2068,1624,3277,3495,3692,6772,5345,5119,10464
116563,1,112,2,7,180,0,0,187,0,7,180,187
116846,1,112,2,1,13,15,13,14,28,16,26,42
117052,1,112,2,990,825,2302,2969,1815,5271,3292,3794,7086
117104,1,112,2,155,189,28,25,344,53,183,214,397
117195,1,112,2,264,284,1266,705,548,1971,1530,989,2519
117247,1,112,2,789,782,3510,4572,1571,8082,4299,5354,9653
117274,1,112,2,200,173,998,323,373,1321,1198,496,1694
117645,1,112,2,3830,4882,5887,7803,8712,13690,9717,12685,22402
117672,1,112,2,14,87,98,278,101,376,112,365,477
117690,1,112,2,635,840,2234,3675,1475,5909,2869,4515,7384
117706,1,112,2,1962,2257,4821,6332,4219,11153,6783,8589,15372
117715,1,112,2,204,338,1358,3013,542,4371,1562,3351,4913
117724,1,112,2,1399,827,4435,3716,2226,8151,5834,4543,10377
117733,1,112,2,1353,1534,5060,7090,2887,12150,6413,8624,15037
117788,1,112,2,1234,1453,4370,6142,2687,10512,5604,7595,13199
117803,1,112,2,0,0,52,143,0,195,52,143,195
117867,1,112,2,687,910,2968,4718,1597,7686,3655,5628,9283
117894,1,112,2,1176,1389,2189,3037,2565,5226,3365,4426,7791
117946,1,112,2,3331,3786,107,75,7117,182,3438,3861,7299
118347,1,112,2,602,574,1239,1868,1176,3107,1841,2442,4283
118684,1,112,2,261,421,1044,1828,682,2872,1305,2249,3554
118718,1,112,2,1754,2562,2282,3616,4316,5898,4036,6178,10214
118772,1,112,2,434,583,1993,3504,1017,5497,2427,4087,6514
118930,1,112,2,651,662,1878,2556,1313,4434,2529,3218,5747
118976,1,112,2,3125,4507,3115,5477,7632,8592,6240,9984,16224
119058,1,112,2,6,10,0,2,16,2,6,12,18
119067,1,112,2,974,1077,1905,2558,2051,4463,2879,3635,6514
119137,1,112,2,2122,2107,3681,4574,4229,8255,5803,6681,12484
119164,1,112,2,4504,4399,7823,9530,8903,17353,12327,13929,26256
119216,1,112,2,2341,3181,3577,6054,5522,9631,5918,9235,15153
119331,1,112,2,644,798,1041,1558,1442,2599,1685,2356,4041
120166,1,112,2,16,8,0,0,24,0,16,8,24
120254,1,112,2,782,1131,16,13,1913,29,798,1144,1942
120290,1,112,2,1368,1303,2896,2791,2671,5687,4264,4094,8358
120342,1,112,2,3474,3026,4877,5237,6500,10114,8351,8263,16614
120403,1,112,2,369,867,12,20,1236,32,381,887,1268
120421,1,112,2,731,849,2139,2620,1580,4759,2870,3469,6339
120865,1,112,2,257,420,57,114,677,171,314,534,848
120883,1,112,2,1482,1720,39,53,3202,92,1521,1773,3294
120953,1,112,2,374,152,3635,478,526,4113,4009,630,4639
120971,1,112,2,2868,2673,6516,5598,5541,12114,9384,8271,17655
121044,1,112,2,3818,3899,6233,7973,7717,14206,10051,11872,21923
121150,1,112,2,1437,2014,85,126,3451,211,1522,2140,3662
121275,1,112,2,46,23,0,0,69,0,46,23,69
121309,1,112,2,967,1762,131,294,2729,425,1098,2056,3154
121363,1,112,2,567,792,936,1818,1359,2754,1503,2610,4113
121619,1,112,2,1930,1933,11628,8361,3863,19989,13558,10294,23852
121707,1,112,2,612,592,1318,1484,1204,2802,1930,2076,4006
121886,1,112,2,1987,1940,7316,4896,3927,12212,9303,6836,16139
121901,1,112,2,2202,2812,5580,8553,5014,14133,7782,11365,19147
122180,1,112,2,1693,2341,5365,8320,4034,13685,7058,10661,17719
122205,1,112,2,2601,2503,4823,6733,5104,11556,7424,9236,16660
122296,1,112,2,129,458,16,101,587,117,145,559,704
122339,1,112,2,766,924,4636,5818,1690,10454,5402,6742,12144
122375,1,112,2,1707,1878,6270,8221,3585,14491,7977,10099,18076
122384,1,112,2,1174,663,5835,5390,1837,11225,7009,6053,13062
122409,1,112,2,12073,16561,1742,1818,28634,3560,13815,18379,32194
122436,1,112,2,2404,3108,77,80,5512,157,2481,3188,5669
122597,1,112,2,7574,9805,2175,2407,17379,4582,9749,12212,21961
122612,1,112,2,2044,3764,92,118,5808,210,2136,3882,6018
122658,1,112,2,3060,3928,3449,5731,6988,9180,6509,9659,16168
122728,1,112,2,375,525,108,161,900,269,483,686,1169
122746,1,112,2,697,898,2443,3523,1595,5966,3140,4421,7561
122755,1,112,2,11219,10407,2780,2457,21626,5237,13999,12864,26863
122791,1,112,2,975,841,2711,2985,1816,5696,3686,3826,7512
122889,1,112,2,2643,3135,2963,3934,5778,6897,5606,7069,12675
122931,1,112,2,3084,2914,76,41,5998,117,3160,2955,6115
122977,1,112,2,4146,4706,5759,7764,8852,13523,9905,12470,22375
123013,1,112,2,2076,2220,4897,6359,4296,11256,6973,8579,15552
123165,1,112,2,0,1075,1,4,1075,5,1,1079,1080
123217,1,112,2,2221,2682,3293,4974,4903,8267,5514,7656,13170
123341,1,112,2,2668,2903,4455,5740,5571,10195,7123,8643,15766
123457,1,112,2,255,388,39,47,643,86,294,435,729
123484,1,112,2,304,212,307,381,516,688,611,593,1204
123509,1,112,2,877,836,3175,3635,1713,6810,4052,4471,8523
123563,1,112,2,1015,1424,2662,3325,2439,5987,3677,4749,8426
123572,1,112,2,1876,3192,375,491,5068,866,2251,3683,5934
123800,1,112,2,2886,3546,4522,5576,6432,10098,7408,9122,16530
123952,1,112,2,137,91,13,9,228,22,150,100,250
123961,1,112,2,9622,10563,294,220,20185,514,9916,10783,20699
124113,1,112,2,274,566,2107,1561,840,3668,2381,2127,4508
124487,1,112,2,5,6,26,38,11,64,31,44,75
125028,1,112,2,1485,1698,3063,4313,3183,7376,4548,6011,10559
125231,1,112,2,193,1335,774,3996,1528,4770,967,5331,6298
125462,1,112,2,250,244,1146,1421,494,2567,1396,1665,3061
125471,1,112,2,662,834,2872,4288,1496,7160,3534,5122,8656
125499,1,112,2,956,1047,1937,2573,2003,4510,2893,3620,6513
125763,1,112,2,488,609,14,20,1097,34,502,629,1131
125897,1,112,2,375,423,35,35,798,70,410,458,868
126119,1,112,2,556,746,1531,2568,1302,4099,2087,3314,5401
126182,1,112,2,589,486,249,264,1075,513,838,750,1588
126207,1,112,2,917,955,2365,2941,1872,5306,3282,3896,7178
126289,1,112,2,992,1286,4552,5806,2278,10358,5544,7092,12636
126562,1,112,2,3668,4719,2403,3265,8387,5668,6071,7984,14055
126580,1,112,2,3350,3899,1031,1260,7249,2291,4381,5159,9540
126614,1,112,2,15386,13342,1351,955,28728,2306,16737,14297,31034
126711,1,112,2,706,735,1481,2262,1441,3743,2187,2997,5184
126748,1,112,2,167,247,312,453,414,765,479,700,1179
126775,1,112,2,3708,1734,184,88,5442,272,3892,1822,5714
126818,1,112,2,10033,12212,1665,1867,22245,3532,11698,14079,25777
126827,1,112,2,4598,8958,2874,5963,13556,8837,7472,14921,22393
126863,1,112,2,624,644,2860,4215,1268,7075,3484,4859,8343
126915,1,112,2,32,59,46,124,91,170,78,183,261
126942,1,112,2,659,1089,2096,3448,1748,5544,2755,4537,7292
126951,1,112,2,1042,113,0,0,1155,0,1042,113,1155
127185,1,112,2,1322,1555,176,255,2877,431,1498,1810,3308
127200,1,112,2,1975,2108,6600,8766,4083,15366,8575,10874,19449
127316,1,112,2,23,68,27,195,91,222,50,263,313
127389,1,112,2,162,190,133,183,352,316,295,373,668
127556,1,112,2,3027,3470,1065,1119,6497,2184,4092,4589,8681
127565,1,112,2,4241,5099,2791,3717,9340,6508,7032,8816,15848
127617,1,112,2,113,215,418,716,328,1134,531,931,1462
127653,1,112,2,84,222,17,20,306,37,101,242,343
127714,1,112,2,6,14,273,273,20,546,279,287,566
127732,1,112,2,315,351,199,581,666,780,514,932,1446
127741,1,112,2,1811,3566,457,894,5377,1351,2268,4460,6728
127778,1,112,2,227,256,207,309,483,516,434,565,999
127820,1,112,2,1781,2250,3077,4791,4031,7868,4858,7041,11899
127884,1,112,2,702,907,1911,2961,1609,4872,2613,3868,6481
127909,1,112,2,986,817,2035,2537,1803,4572,3021,3354,6375
127918,1,112,2,587,1203,222,386,1790,608,809,1589,2398
128106,1,112,2,1160,1358,1036,1218,2518,2254,2196,2576,4772
128258,1,112,2,316,285,386,518,601,904,702,803,1505
128337,1,112,2,1,48,0,32,49,32,1,80,81
128498,1,112,2,367,508,42,70,875,112,409,578,987
128577,1,112,2,256,198,350,460,454,810,606,658,1264
128744,1,112,2,432,907,64,234,1339,298,496,1141,1637
128771,1,112,2,3340,2740,846,739,6080,1585,4186,3479,7665
128780,1,112,2,88,311,271,831,399,1102,359,1142,1501
128902,1,112,2,737,1178,12,21,1915,33,749,1199,1948
129020,1,112,2,8619,9778,333,253,18397,586,8952,10031,18983
129154,1,112,2,111,214,354,2352,325,2706,465,2566,3031
129181,1,112,2,790,65,102,16,855,118,892,81,973
129215,1,112,2,1345,1940,264,377,3285,641,1609,2317,3926
129242,1,112,2,1954,2701,62,40,4655,102,2016,2741,4757
129349,1,112,2,5,120,0,36,125,36,5,156,161
129367,1,112,2,204,401,463,1327,605,1790,667,1728,2395
129525,1,112,2,1623,2057,116,173,3680,289,1739,2230,3969
129543,1,112,2,488,658,807,1411,1146,2218,1295,2069,3364
129695,1,112,2,692,763,1121,1588,1455,2709,1813,2351,4164
129729,1,112,2,741,857,1074,1882,1598,2956,1815,2739,4554
129756,1,112,2,345,385,413,737,730,1150,758,1122,1880
129774,1,112,2,247,218,41,33,465,74,288,251,539
129808,1,112,2,474,584,586,1293,1058,1879,1060,1877,2937
129923,1,112,2,180,261,107,90,441,197,287,351,638
129941,1,112,2,1907,2577,183,150,4484,333,2090,2727,4817
130004,1,112,2,628,710,1063,1668,1338,2731,1691,2378,4069
130040,1,112,2,188,257,223,481,445,704,411,738,1149
130183,1,112,2,1540,4508,2351,6283,6048,8634,3891,10791,14682
130217,1,112,2,185,233,283,494,418,777,468,727,1195
130226,1,112,2,2240,3607,100,126,5847,226,2340,3733,6073
130253,1,112,2,2091,4186,154,351,6277,505,2245,4537,6782
130314,1,112,2,212,575,9,35,787,44,221,610,831
130396,1,112,2,742,928,1366,2542,1670,3908,2108,3470,5578
130590,1,112,2,1038,1090,21,18,2128,39,1059,1108,2167
130606,1,112,2,593,728,821,1125,1321,1946,1414,1853,3267
130624,1,112,2,609,428,0,0,1037,0,609,428,1037
130697,1,112,2,1388,1618,32,31,3006,63,1420,1649,3069
130776,1,112,2,1543,1622,301,333,3165,634,1844,1955,3799
130794,1,112,2,3220,3374,34,17,6594,51,3254,3391,6645
130934,1,112,2,1345,2696,389,566,4041,955,1734,3262,4996
130943,1,112,2,7383,10651,701,747,18034,1448,8084,11398,19482
130989,1,112,2,274,260,34,52,534,86,308,312,620
131113,1,112,2,1159,1597,2345,3990,2756,6335,3504,5587,9091
131399,1,112,2,561,683,528,1285,1244,1813,1089,1968,3057
131450,1,112,2,409,443,27,35,852,62,436,478,914
131469,1,112,2,3811,6521,365,785,10332,1150,4176,7306,11482
131496,1,112,2,3007,4180,512,201,7187,713,3519,4381,7900
131520,1,112,2,2449,6573,309,478,9022,787,2758,7051,9809
132471,1,112,2,802,1457,352,511,2259,863,1154,1968,3122
132693,1,112,2,1831,2192,3478,5613,4023,9091,5309,7805,13114
132709,1,112,2,4079,5141,7970,12867,9220,20837,12049,18008,30057
132842,1,112,2,13,86,22,96,99,118,35,182,217
132851,1,112,2,885,1366,1125,2107,2251,3232,2010,3473,5483
132879,1,112,2,92,54,7,2,146,9,99,56,155
132903,1,112,2,18526,22572,7982,9582,41098,17564,26508,32154,58662
133021,1,112,2,312,413,390,711,725,1101,702,1124,1826
133386,1,112,2,2011,2414,2495,4664,4425,7159,4506,7078,11584
133492,1,112,2,574,1360,25,34,1934,59,599,1394,1993
133508,1,112,2,2114,3402,3007,5803,5516,8810,5121,9205,14326
133553,1,112,2,5092,1746,1897,798,6838,2695,6989,2544,9533
133650,1,112,2,2239,4401,351,718,6640,1069,2590,5119,7709
133702,1,112,2,2315,3498,5023,9527,5813,14550,7338,13025,20363
133711,1,112,2,797,1740,25,45,2537,70,822,1785,2607
133809,1,112,2,257,285,36,44,542,80,293,329,622
133872,1,112,2,70,302,138,600,372,738,208,902,1110
133881,1,112,2,2007,960,265,132,2967,397,2272,1092,3364
133960,1,112,2,222,176,187,335,398,522,409,511,920
134097,1,112,2,12477,17102,1623,1734,29579,3357,14100,18836,32936
134130,1,112,2,13307,17710,1799,1736,31017,3535,15106,19446,34552
134343,1,112,2,700,1117,970,1907,1817,2877,1670,3024,4694
134495,1,112,2,4264,4798,3907,6535,9062,10442,8171,11333,19504
134608,1,112,2,2445,2937,3523,5957,5382,9480,5968,8894,14862
135160,1,112,2,286,620,595,1205,906,1800,881,1825,2706
135188,1,112,2,588,918,1106,1848,1506,2954,1694,2766,4460
135391,1,112,2,1474,2113,1705,3296,3587,5001,3179,5409,8588
135407,1,112,2,587,437,21,9,1024,30,608,446,1054
135610,1,112,2,14,19,18,16,33,34,32,35,67
135717,1,112,2,8238,10833,11494,16680,19071,28174,19732,27513,47245
135726,1,112,2,5579,6425,219,281,12004,500,5798,6706,12504
136109,1,112,2,1,67,0,56,68,56,1,123,124
136145,1,112,2,104,269,226,528,373,754,330,797,1127
136172,1,112,2,4541,6246,1501,1883,10787,3384,6042,8129,14171
136233,1,112,2,868,1213,1070,1747,2081,2817,1938,2960,4898
136330,1,112,2,786,1501,323,417,2287,740,1109,1918,3027
136358,1,112,2,3449,4000,6232,10542,7449,16774,9681,14542,24223
136400,1,112,2,1323,1940,2227,3712,3263,5939,3550,5652,9202
136473,1,112,2,1145,1906,1710,3220,3051,4930,2855,5126,7981
136516,1,112,2,1088,1935,1723,3434,3023,5157,2811,5369,8180
136659,1,112,2,154,47,183,41,201,224,337,88,425
136950,1,112,2,1006,1490,36,51,2496,87,1042,1541,2583
137078,1,112,2,3167,4117,5833,10384,7284,16217,9000,14501,23501
137096,1,112,2,2705,2654,3092,4278,5359,7370,5797,6932,12729
137209,1,112,2,2272,2402,3907,5742,4674,9649,6179,8144,14323
137281,1,112,2,672,959,1693,3110,1631,4803,2365,4069,6434
137351,1,112,2,12878,17219,3600,4350,30097,7950,16478,21569,38047
137546,1,112,2,1066,1419,48,28,2485,76,1114,1447,2561
137564,1,112,2,1698,2666,1840,2636,4364,4476,3538,5302,8840
137591,1,112,2,44,137,8,55,181,63,52,192,244
137759,1,112,2,2867,3217,2014,3168,6084,5182,4881,6385,11266
138187,1,112,2,7070,9042,10661,16597,16112,27258,17731,25639,43370
138275,1,112,2,367,325,35,34,692,69,402,359,761
138309,1,112,2,568,3429,516,3424,3997,3940,1084,6853,7937
138354,1,112,2,2671,3602,1149,1869,6273,3018,3820,5471,9291
138558,1,112,2,1092,1285,367,903,2377,1270,1459,2188,3647
138600,1,112,2,14,976,2,14,990,16,16,990,1006
138682,1,112,2,266,618,493,1200,884,1693,759,1818,2577
138716,1,112,2,1193,3002,329,1288,4195,1617,1522,4290,5812
138761,1,112,2,95,91,5,56,186,61,100,147,247
138840,1,112,2,440,500,670,1515,940,2185,1110,2015,3125
138938,1,112,2,8,186,17,122,194,139,25,308,333
138947,1,112,2,747,2510,60,110,3257,170,807,2620,3427
138956,1,112,2,584,780,1047,1559,1364,2606,1631,2339,3970
139144,1,112,2,817,1404,8,14,2221,22,825,1418,2243
139199,1,112,2,53,801,74,440,854,514,127,1241,1368
139205,1,112,2,344,232,183,152,576,335,527,384,911
139250,1,112,2,552,1266,408,921,1818,1329,960,2187,3147
139278,1,112,2,640,1017,1428,3055,1657,4483,2068,4072,6140
139311,1,112,2,938,2085,706,1554,3023,2260,1644,3639,5283
139357,1,112,2,281,574,667,1612,855,2279,948,2186,3134
139366,1,112,2,1641,2534,862,966,4175,1828,2503,3500,6003
139384,1,112,2,610,878,1693,2960,1488,4653,2303,3838,6141
139393,1,112,2,376,422,22,27,798,49,398,449,847
139463,1,112,2,1085,1683,672,1087,2768,1759,1757,2770,4527
139506,1,112,2,31,27,0,0,58,0,31,27,58
139621,1,112,2,541,604,298,430,1145,728,839,1034,1873
139658,1,112,2,3011,4011,36,43,7022,79,3047,4054,7101
139700,1,112,2,800,1165,909,1894,1965,2803,1709,3059,4768
139719,1,112,2,752,1329,91,188,2081,279,843,1517,2360
139755,1,112,2,9757,6450,1421,787,16207,2208,11178,7237,18415
139764,1,112,2,563,1022,324,564,1585,888,887,1586,2473
139861,1,112,2,1674,3109,189,293,4783,482,1863,3402,5265
139931,1,112,2,7644,10263,1703,2369,17907,4072,9347,12632,21979
139940,1,112,2,8716,12888,2955,4365,21604,7320,11671,17253,28924
139959,1,112,2,11967,16856,916,975,28823,1891,12883,17831,30714
139986,1,112,2,372,865,1070,2711,1237,3781,1442,3576,5018
140012,1,112,2,897,829,2616,4108,1726,6724,3513,4937,8450
140234,1,112,2,341,248,5,13,589,18,346,261,607
140243,1,112,2,511,726,1696,2666,1237,4362,2207,3392,5599
140252,1,112,2,410,356,53,96,766,149,463,452,915
140331,1,112,2,1309,1407,2560,3741,2716,6301,3869,5148,9017
140447,1,112,2,1526,2603,154,576,4129,730,1680,3179,4859
140678,1,112,2,400,430,586,1033,830,1619,986,1463,2449
140696,1,112,2,526,884,31,50,1410,81,557,934,1491
140720,1,112,2,121,152,11,26,273,37,132,178,310
140818,1,112,2,359,776,23,87,1135,110,382,863,1245
140942,1,112,2,545,679,774,1644,1224,2418,1319,2323,3642
140951,1,112,2,3430,8064,652,1436,11494,2088,4082,9500,13582
140960,1,112,2,899,1427,138,276,2326,414,1037,1703,2740
140988,1,112,2,497,566,109,201,1063,310,606,767,1373
141006,1,112,2,415,349,418,617,764,1035,833,966,1799
141060,1,112,2,0,2326,168,608,2326,776,168,2934,3102
141255,1,112,2,242,562,1181,2018,804,3199,1423,2580,4003
141264,1,112,2,1918,3792,606,1257,5710,1863,2524,5049,7573
141334,1,112,2,2275,4005,799,1587,6280,2386,3074,5592,8666
141565,1,112,2,666,1168,247,512,1834,759,913,1680,2593
141574,1,112,2,4468,7068,1148,1514,11536,2662,5616,8582,14198
141644,1,112,2,816,1846,656,833,2662,1489,1472,2679,4151
141680,1,112,2,567,253,1059,1190,820,2249,1626,1443,3069
141796,1,112,2,601,934,1366,2927,1535,4293,1967,3861,5828
141802,1,112,2,114,123,357,714,237,1071,471,837,1308
141811,1,112,2,767,922,1558,2974,1689,4532,2325,3896,6221
141839,1,112,2,238,371,595,1268,609,1863,833,1639,2472
141981,1,112,2,531,972,447,963,1503,1410,978,1935,2913
141990,1,112,2,166,335,682,1201,501,1883,848,1536,2384
142115,1,112,2,5823,7610,4123,5366,13433,9489,9946,12976,22922
142179,1,112,2,281,339,646,1067,620,1713,927,1406,2333
142276,1,112,2,2154,3233,1907,2723,5387,4630,4061,5956,10017
142285,1,112,2,3313,3330,1015,1151,6643,2166,4328,4481,8809
142407,1,112,2,12,75,0,0,87,0,12,75,87
142443,1,112,2,718,898,937,1743,1616,2680,1655,2641,4296
142461,1,112,2,452,556,46,86,1008,132,498,642,1140
142522,1,112,2,7757,8817,11048,15401,16574,26449,18805,24218,43023
142559,1,112,2,767,1097,2322,3910,1864,6232,3089,5007,8096
142832,1,112,2,0,0,9,0,0,9,9,0,9
142887,1,112,2,31,57,14,9,88,23,45,66,111
143118,1,112,2,1229,2434,94,291,3663,385,1323,2725,4048
143215,1,112,2,1221,1456,1920,2591,2677,4511,3141,4047,7188
143279,1,112,2,523,663,901,1686,1186,2587,1424,2349,3773
143288,1,112,2,167,209,1,5,376,6,168,214,382
143358,1,112,2,1963,2063,73,44,4026,117,2036,2107,4143
143376,1,112,2,11,144,0,74,155,74,11,218,229
143613,1,112,2,302,417,309,660,719,969,611,1077,1688
144050,1,112,2,4012,3551,16,16,7563,32,4028,3567,7595
144157,1,112,2,409,429,529,870,838,1399,938,1299,2237
144166,1,112,2,632,1892,1086,3704,2524,4790,1718,5596,7314
144175,1,112,2,322,377,518,884,699,1402,840,1261,2101
144184,1,112,2,499,825,1558,2407,1324,3965,2057,3232,5289
144193,1,112,2,843,571,1389,1984,1414,3373,2232,2555,4787
144209,1,112,2,870,1108,1406,2175,1978,3581,2276,3283,5559
144218,1,112,2,1194,1048,2149,3117,2242,5266,3343,4165,7508
144351,1,112,2,548,609,63,108,1157,171,611,717,1328
144564,1,112,2,294,461,509,660,755,1169,803,1121,1924
144740,1,112,2,5739,7146,586,663,12885,1249,6325,7809,14134
144865,1,112,2,3478,3420,6566,8475,6898,15041,10044,11895,21939
144883,1,112,2,264,265,0,0,529,0,264,265,529
144892,1,112,2,1592,2422,1232,1670,4014,2902,2824,4092,6916
144944,1,112,2,1394,1364,2558,3594,2758,6152,3952,4958,8910
144962,1,112,2,1075,1756,95,101,2831,196,1170,1857,3027
144971,1,112,2,289,235,6,29,524,35,295,264,559
145099,1,112,2,19,255,0,0,274,0,19,255,274
145336,1,112,2,615,1014,346,634,1629,980,961,1648,2609
145372,1,112,2,475,384,34,55,859,89,509,439,948
145521,1,112,2,215,307,263,399,522,662,478,706,1184
145600,1,112,2,9222,10506,1004,1075,19728,2079,10226,11581,21807
145619,1,112,2,976,811,97,158,1787,255,1073,969,2042
145637,1,112,2,17996,15817,825,482,33813,1307,18821,16299,35120
145682,1,112,2,1029,1068,1760,3187,2097,4947,2789,4255,7044
145691,1,112,2,469,520,11,28,989,39,480,548,1028
145707,1,112,2,215,249,158,247,464,405,373,496,869
145813,1,112,2,7301,9665,553,536,16966,1089,7854,10201,18055
145831,1,112,2,460,510,525,876,970,1401,985,1386,2371
146205,1,112,2,555,755,789,1173,1310,1962,1344,1928,3272
146278,1,112,2,329,445,341,603,774,944,670,1048,1718
146296,1,112,2,1678,1878,2802,3854,3556,6656,4480,5732,10212
146339,1,112,2,382,352,16,48,734,64,398,400,798
146348,1,112,2,425,505,500,903,930,1403,925,1408,2333
146366,1,112,2,443,639,940,1348,1082,2288,1383,1987,3370
146418,1,112,2,445,476,615,1045,921,1660,1060,1521,2581
146427,1,112,2,462,585,4,7,1047,11,466,592,1058
146472,1,112,2,1895,1850,3142,4764,3745,7906,5037,6614,11651
146481,1,112,2,700,985,16,26,1685,42,716,1011,1727
146506,1,112,2,789,1076,760,1117,1865,1877,1549,2193,3742
146533,1,112,2,19,66,3,28,85,31,22,94,116
146603,1,112,2,568,696,1126,1583,1264,2709,1694,2279,3973
146612,1,112,2,1590,1538,463,342,3128,805,2053,1880,3933
146685,1,112,2,832,839,863,1910,1671,2773,1695,2749,4444
146700,1,112,2,906,303,0,0,1209,0,906,303,1209
146719,1,112,2,3459,7715,190,339,11174,529,3649,8054,11703
147004,1,112,2,998,1074,2911,3891,2072,6802,3909,4965,8874
147013,1,112,2,735,675,41,83,1410,124,776,758,1534
147129,1,112,2,18,190,22,203,208,225,40,393,433
147244,1,112,2,730,868,36,74,1598,110,766,942,1708
147369,1,112,2,674,708,217,154,1382,371,891,862,1753
147378,1,112,2,1830,1916,3354,3411,3746,6765,5184,5327,10511
147411,1,112,2,537,594,1104,1518,1131,2622,1641,2112,3753
147536,1,112,2,817,1880,238,1049,2697,1287,1055,2929,3984
147590,1,112,2,6,11,4,12,17,16,10,23,33
147660,1,112,2,1110,1148,55,55,2258,110,1165,1203,2368
147679,1,112,2,739,1007,45,77,1746,122,784,1084,1868
147776,1,112,2,1050,1475,679,1003,2525,1682,1729,2478,4207
147800,1,112,2,1137,905,2342,3261,2042,5603,3479,4166,7645
147828,1,112,2,1074,1333,37,75,2407,112,1111,1408,2519
147916,1,112,2,1102,1045,1464,2075,2147,3539,2566,3120,5686
148007,1,112,2,384,551,662,1083,935,1745,1046,1634,2680
148131,1,112,2,539,450,59,99,989,158,598,549,1147
148256,1,112,2,454,581,409,573,1035,982,863,1154,2017
148292,1,112,2,202,312,539,1022,514,1561,741,1334,2075
148380,1,112,2,1076,1269,1541,1975,2345,3516,2617,3244,5861
148487,1,112,2,850,1210,106,247,2060,353,956,1457,2413
148511,1,112,2,9,39,16,51,48,67,25,90,115
148575,1,112,2,31,164,5,44,195,49,36,208,244
148627,1,112,2,1022,1730,89,140,2752,229,1111,1870,2981
148654,1,112,2,727,951,362,353,1678,715,1089,1304,2393
148672,1,112,2,267,367,292,460,634,752,559,827,1386
148821,1,112,2,174,300,271,429,474,700,445,729,1174
148876,1,112,2,81,381,38,180,462,218,119,561,680
148937,1,112,2,240,267,376,496,507,872,616,763,1379
148991,1,112,2,197,255,305,455,452,760,502,710,1212
149222,1,112,2,3251,3464,727,558,6715,1285,3978,4022,8000
149231,1,112,2,3312,4397,673,939,7709,1612,3985,5336,9321
149310,1,112,2,109,66,0,0,175,0,109,66,175
149365,1,112,2,304,515,1287,1799,819,3086,1591,2314,3905
149532,1,112,2,1233,1379,2801,3203,2612,6004,4034,4582,8616
149727,1,112,2,1151,1146,2151,3043,2297,5194,3302,4189,7491
149772,1,112,2,1910,2559,370,470,4469,840,2280,3029,5309
149781,1,112,2,921,1160,37,45,2081,82,958,1205,2163
149842,1,112,2,1934,1889,3501,5110,3823,8611,5435,6999,12434
150136,1,112,2,4910,7712,712,1082,12622,1794,5622,8794,14416
150163,1,112,2,1729,2530,56,112,4259,168,1785,2642,4427
150172,1,112,2,236,153,121,53,389,174,357,206,563
150534,1,112,2,548,880,126,163,1428,289,674,1043,1717
150604,1,112,2,448,402,20,26,850,46,468,428,896
150668,1,112,2,258,409,16,34,667,50,274,443,717
150677,1,112,2,558,906,108,137,1464,245,666,1043,1709
150765,1,112,2,2,114,0,0,116,0,2,114,116
150941,1,112,2,341,570,140,178,911,318,481,748,1229
150987,1,112,2,6357,10067,34139,39142,16424,73281,40496,49209,89705
151111,1,112,2,5954,9017,1241,1515,14971,2756,7195,10532,17727
151263,1,112,2,1263,1976,165,311,3239,476,1428,2287,3715
151290,1,112,2,769,523,99,99,1292,198,868,622,1490
151306,1,112,2,1783,3092,914,1566,4875,2480,2697,4658,7355
151324,1,112,2,2479,3259,537,690,5738,1227,3016,3949,6965
151333,1,112,2,695,1340,226,408,2035,634,921,1748,2669
151342,1,112,2,976,1872,336,569,2848,905,1312,2441,3753
151351,1,112,2,17393,17272,560,435,34665,995,17953,17707,35660
151360,1,112,2,512,1463,215,670,1975,885,727,2133,2860
151379,1,112,2,858,1383,391,595,2241,986,1249,1978,3227
151388,1,112,2,497,1093,475,721,1590,1196,972,1814,2786
151661,1,112,2,742,147,0,0,889,0,742,147,889
151777,1,112,2,436,456,12,38,892,50,448,494,942
151962,1,112,2,80,204,23,45,284,68,103,249,352
152080,1,112,2,4589,4364,13,5,8953,18,4602,4369,8971
152318,1,112,2,1618,520,23,8,2138,31,1641,528,2169
152336,1,112,2,506,922,25,123,1428,148,531,1045,1576
152390,1,112,2,1,1375,7,23,1376,30,8,1398,1406
152567,1,112,2,1416,844,593,966,2260,1559,2009,1810,3819
152600,1,112,2,989,1316,20,24,2305,44,1009,1340,2349
152637,1,112,2,2071,1954,6260,6488,4025,12748,8331,8442,16773
152673,1,112,2,834,0,1,0,834,1,835,0,835
152798,1,112,2,21,227,4,26,248,30,25,253,278
152992,1,112,2,291,265,47,106,556,153,338,371,709
153001,1,112,2,473,822,39,140,1295,179,512,962,1474
153083,1,112,2,3,139,0,0,142,0,3,139,142
153108,1,112,2,583,535,24,27,1118,51,607,562,1169
153126,1,112,2,394,312,35,44,706,79,429,356,785
153144,1,112,2,541,701,13,9,1242,22,554,710,1264
153162,1,112,2,551,506,1,0,1057,1,552,506,1058
153214,1,112,2,2489,2768,6949,9431,5257,16380,9438,12199,21637
153241,1,112,2,23,33,4,8,56,12,27,41,68
153250,1,112,2,746,713,61,98,1459,159,807,811,1618
153269,1,112,2,1092,1652,48,43,2744,91,1140,1695,2835
153302,1,112,2,77,93,15,21,170,36,92,114,206
153311,1,112,2,742,1189,2181,3033,1931,5214,2923,4222,7145
153366,1,112,2,474,344,24,43,818,67,498,387,885
153384,1,112,2,806,900,29,24,1706,53,835,924,1759
153445,1,112,2,860,974,1157,1796,1834,2953,2017,2770,4787
153472,1,112,2,778,887,788,908,1665,1696,1566,1795,3361
153524,1,112,2,1422,1215,1009,1412,2637,2421,2431,2627,5058
153533,1,112,2,428,341,467,724,769,1191,895,1065,1960
153621,1,112,2,403,291,35,56,694,91,438,347,785
153630,1,112,2,1279,1029,1146,1888,2308,3034,2425,2917,5342
153658,1,112,2,8866,11389,785,933,20255,1718,9651,12322,21973
153737,1,112,2,1929,2237,3558,4682,4166,8240,5487,6919,12406
153825,1,112,2,659,488,44,36,1147,80,703,524,1227
153834,1,112,2,718,875,9,8,1593,17,727,883,1610
154004,1,112,2,575,553,15,43,1128,58,590,596,1186
154013,1,112,2,392,606,80,193,998,273,472,799,1271
154110,1,112,2,437,530,1396,1992,967,3388,1833,2522,4355
154174,1,112,2,15,13,4,0,28,4,19,13,32
154235,1,112,2,931,1099,39,49,2030,88,970,1148,2118
154262,1,112,2,11,75,5,105,86,110,16,180,196
154350,1,112,2,513,549,28,37,1062,65,541,586,1127
154396,1,112,2,284,368,367,562,652,929,651,930,1581
154493,1,112,2,532,717,519,695,1249,1214,1051,1412,2463
154527,1,112,2,668,695,32,21,1363,53,700,716,1416
154572,1,112,2,741,897,1321,2191,1638,3512,2062,3088,5150
154697,1,112,2,538,699,1399,1633,1237,3032,1937,2332,4269
154712,1,112,2,1057,1078,63,91,2135,154,1120,1169,2289
154749,1,112,2,258,228,2,9,486,11,260,237,497
154800,1,112,2,1151,1630,1416,2500,2781,3916,2567,4130,6697
154907,1,112,2,271,322,408,650,593,1058,679,972,1651
154925,1,112,2,583,322,277,292,905,569,860,614,1474
154934,1,112,2,233,350,196,601,583,797,429,951,1380
154952,1,112,2,577,612,359,682,1189,1041,936,1294,2230
154998,1,112,2,451,344,370,505,795,875,821,849,1670
155025,1,112,2,935,1607,79,119,2542,198,1014,1726,2740
155052,1,112,2,133,162,747,568,295,1315,880,730,1610
155089,1,112,2,466,456,132,224,922,356,598,680,1278
155098,1,112,2,344,341,342,472,685,814,686,813,1499
155104,1,112,2,551,532,337,494,1083,831,888,1026,1914
155140,1,112,2,258,394,22,53,652,75,280,447,727
155177,1,112,2,142,160,6,17,302,23,148,177,325
155195,1,112,2,784,944,1361,1871,1728,3232,2145,2815,4960
155210,1,112,2,2393,2529,5025,6550,4922,11575,7418,9079,16497
155292,1,112,2,709,892,1236,1839,1601,3075,1945,2731,4676
155317,1,112,2,7829,8972,1114,1326,16801,2440,8943,10298,19241
155399,1,112,2,6820,6642,667,917,13462,1584,7487,7559,15046
155414,1,112,2,420,332,28,11,752,39,448,343,791
155423,1,112,2,591,280,131,155,871,286,722,435,1157
155487,1,112,2,158,103,365,283,261,648,523,386,909
155511,1,112,2,545,258,7,5,803,12,552,263,815
155566,1,112,2,245,309,450,634,554,1084,695,943,1638
155618,1,112,2,301,87,157,121,388,278,458,208,666
155715,1,112,2,375,180,268,379,555,647,643,559,1202
155812,1,112,2,406,345,65,87,751,152,471,432,903
155858,1,112,2,284,397,320,662,681,982,604,1059,1663
155900,1,112,2,395,235,313,124,630,437,708,359,1067
155973,1,112,2,316,190,18,47,506,65,334,237,571
156082,1,112,2,1149,2025,579,980,3174,1559,1728,3005,4733
156107,1,112,2,997,530,1748,1746,1527,3494,2745,2276,5021
156125,1,112,2,3692,4646,1565,2146,8338,3711,5257,6792,12049
156189,1,112,2,281,250,15,19,531,34,296,269,565
156213,1,112,2,446,631,111,216,1077,327,557,847,1404
156231,1,112,2,489,594,509,923,1083,1432,998,1517,2515
156286,1,112,2,843,1379,56,65,2222,121,899,1444,2343
156295,1,112,2,568,840,14,11,1408,25,582,851,1433
156338,1,112,2,593,837,1292,2010,1430,3302,1885,2847,4732
156356,1,112,2,198,280,14,59,478,73,212,339,551
156392,1,112,2,1609,2071,2591,4047,3680,6638,4200,6118,10318
156408,1,112,2,651,701,4,1,1352,5,655,702,1357
156426,1,112,2,8,104,4,56,112,60,12,160,172
156541,1,112,2,1311,2583,454,826,3894,1280,1765,3409,5174
156620,1,112,2,3785,5730,1129,1428,9515,2557,4914,7158,12072
156648,1,112,2,869,1262,1481,2036,2131,3517,2350,3298,5648
156745,1,112,2,559,642,15,17,1201,32,574,659,1233
156790,1,112,2,322,474,767,993,796,1760,1089,1467,2556
156842,1,112,2,4,132,1,56,136,57,5,188,193
156851,1,112,2,103,266,307,830,369,1137,410,1096,1506
156860,1,112,2,245,454,445,884,699,1329,690,1338,2028
156921,1,112,2,1358,1529,3878,5288,2887,9166,5236,6817,12053
157030,1,112,2,32,17,16,13,49,29,48,30,78
157058,1,112,2,468,736,193,213,1204,406,661,949,1610
157076,1,112,2,373,374,45,21,747,66,418,395,813
157085,1,112,2,8747,12043,836,1109,20790,1945,9583,13152,22735
157216,1,112,2,703,838,65,147,1541,212,768,985,1753
157289,1,112,2,5009,6327,1898,2687,11336,4585,6907,9014,15921
157304,1,112,2,329,659,1239,1266,988,2505,1568,1925,3493
157331,1,112,2,444,586,1128,1816,1030,2944,1572,2402,3974
157386,1,112,2,1763,2740,1407,2305,4503,3712,3170,5045,8215
157401,1,112,2,2243,3590,606,1240,5833,1846,2849,4830,7679
157438,1,112,2,574,614,1385,1867,1188,3252,1959,2481,4440
157447,1,112,2,3069,4343,1292,2072,7412,3364,4361,6415,10776
157483,1,112,2,619,988,1694,2008,1607,3702,2313,2996,5309
157535,1,112,2,486,594,170,241,1080,411,656,835,1491
157553,1,112,2,509,643,582,842,1152,1424,1091,1485,2576
157614,1,112,2,2,59,0,28,61,28,2,87,89
157650,1,112,2,3,72,0,31,75,31,3,103,106
157669,1,112,2,2,76,0,0,78,0,2,76,78
157678,1,112,2,0,95,0,0,95,0,0,95,95
157711,1,112,2,866,1153,1347,2163,2019,3510,2213,3316,5529
157739,1,112,2,344,658,678,945,1002,1623,1022,1603,2625
157757,1,112,2,195,356,86,130,551,216,281,486,767
157951,1,112,2,4305,6858,1185,2092,11163,3277,5490,8950,14440
158662,1,112,2,1299,2635,2424,6019,3934,8443,3723,8654,12377
158802,1,112,2,289,873,10,52,1162,62,299,925,1224
158884,1,112,2,257,370,616,1150,627,1766,873,1520,2393
159197,1,112,2,426,79,0,0,505,0,426,79,505
159382,1,112,2,684,1610,589,1406,2294,1995,1273,3016,4289
159391,1,112,2,11924,14592,1972,2464,26516,4436,13896,17056,30952
159407,1,112,2,431,1098,336,1173,1529,1509,767,2271,3038
159647,1,112,2,4142,3183,1077,1522,7325,2599,5219,4705,9924
159656,1,112,2,1004,1996,93,196,3000,289,1097,2192,3289
159717,1,112,2,1785,2686,457,768,4471,1225,2242,3454,5696
159939,1,112,2,2003,2040,836,925,4043,1761,2839,2965,5804
159966,1,112,2,1558,2686,358,712,4244,1070,1916,3398,5314
159993,1,112,2,1497,2601,774,1680,4098,2454,2271,4281,6552
160010,1,112,2,256,64,336,314,320,650,592,378,970
160472,1,112,2,7,56,2,41,63,43,9,97,106
160579,1,112,2,832,808,700,928,1640,1628,1532,1736,3268
160612,1,112,2,2915,4800,1768,2943,7715,4711,4683,7743,12426
160621,1,112,2,1687,3404,446,933,5091,1379,2133,4337,6470
160630,1,112,2,212,673,267,528,885,795,479,1201,1680
160649,1,112,2,486,1036,474,1158,1522,1632,960,2194,3154
160658,1,112,2,4499,6099,965,1387,10598,2352,5464,7486,12950
160667,1,112,2,697,586,1726,2065,1283,3791,2423,2651,5074
160755,1,112,2,3158,5026,231,370,8184,601,3389,5396,8785
160904,1,112,2,579,2028,21,68,2607,89,600,2096,2696
160977,1,112,2,846,944,0,0,1790,0,846,944,1790
161004,1,112,2,924,985,2,4,1909,6,926,989,1915
161077,1,112,2,616,604,832,1324,1220,2156,1448,1928,3376
161086,1,112,2,1094,1205,0,0,2299,0,1094,1205,2299
161138,1,112,2,489,444,675,768,933,1443,1164,1212,2376
161192,1,112,2,196,314,501,1108,510,1609,697,1422,2119
161208,1,112,2,43,3,0,0,46,0,43,3,46
161217,1,112,2,387,910,1051,2036,1297,3087,1438,2946,4384
161226,1,112,2,400,744,112,302,1144,414,512,1046,1558
161235,1,112,2,113,224,245,612,337,857,358,836,1194
161253,1,112,2,3894,3728,1030,1122,7622,2152,4924,4850,9774
161299,1,112,2,685,169,21,3,854,24,706,172,878
161341,1,112,2,278,456,386,704,734,1090,664,1160,1824
161457,1,112,2,738,1538,433,1009,2276,1442,1171,2547,3718
161484,1,112,2,181,134,201,267,315,468,382,401,783
161493,1,112,2,2,121,2,30,123,32,4,151,155
161509,1,112,2,84,286,3,7,370,10,87,293,380
161545,1,112,2,1133,1177,1475,2222,2310,3697,2608,3399,6007
161554,1,112,2,1348,2119,967,1182,3467,2149,2315,3301,5616
161572,1,112,2,782,2908,0,8,3690,8,782,2916,3698
161581,1,112,2,91,77,97,240,168,337,188,317,505
161688,1,112,2,322,503,468,1285,825,1753,790,1788,2578
161767,1,112,2,1385,1457,2655,4695,2842,7350,4040,6152,10192
161864,1,112,2,287,560,696,1995,847,2691,983,2555,3538
161873,1,112,2,293,462,252,362,755,614,545,824,1369
162104,1,112,2,253,294,436,840,547,1276,689,1134,1823
162122,1,112,2,777,1020,1078,1993,1797,3071,1855,3013,4868
162168,1,112,2,180,245,410,959,425,1369,590,1204,1794
162210,1,112,2,153,271,57,101,424,158,210,372,582
162283,1,112,2,326,1009,78,344,1335,422,404,1353,1757
162584,1,112,2,1308,1220,242,493,2528,735,1550,1713,3263
162654,1,112,2,323,652,7,19,975,26,330,671,1001
162690,1,112,2,483,647,707,1667,1130,2374,1190,2314,3504
162706,1,112,2,781,836,1052,1922,1617,2974,1833,2758,4591
162830,1,112,2,4,90,0,0,94,0,4,90,94
163028,1,112,2,636,72,215,24,708,239,851,96,947
163204,1,112,2,5208,4863,20956,15707,10071,36663,26164,20570,46734
163259,1,112,2,130,602,37,194,732,231,167,796,963
163268,1,112,2,4863,4206,821,735,9069,1556,5684,4941,10625
163286,1,112,2,14109,13960,1304,980,28069,2284,15413,14940,30353
163295,1,112,2,311,1025,21,46,1336,67,332,1071,1403
163338,1,112,2,802,947,99,85,1749,184,901,1032,1933
163453,1,112,2,2609,4400,274,326,7009,600,2883,4726,7609
163462,1,112,2,842,924,53,77,1766,130,895,1001,1896
163578,1,112,2,16,481,9,154,497,163,25,635,660
163851,1,112,2,2626,3227,269,256,5853,525,2895,3483,6378
163912,1,112,2,601,854,19,23,1455,42,620,877,1497
163976,1,112,2,233,227,0,2,460,2,233,229,462
164076,1,112,2,6062,8743,916,1140,14805,2056,6978,9883,16861
164155,1,112,2,3184,1266,0,0,4450,0,3184,1266,4450
164216,1,112,2,391,550,9,5,941,14,400,555,955
164270,1,112,2,711,1028,17,10,1739,27,728,1038,1766
164313,1,112,2,180,229,572,1457,409,2029,752,1686,2438
164465,1,112,2,917,981,0,0,1898,0,917,981,1898
164492,1,112,2,446,383,172,68,829,240,618,451,1069
164599,1,112,2,0,0,4,22,0,26,4,22,26
164632,1,112,2,0,815,7,493,815,500,7,1308,1315
164739,1,112,2,2469,1606,38,18,4075,56,2507,1624,4131
164775,1,112,2,146,204,303,714,350,1017,449,918,1367
164845,1,112,2,1,56,0,9,57,9,1,65,66
164872,1,112,2,98,108,34,57,206,91,132,165,297
164988,1,112,2,7381,10353,361,364,17734,725,7742,10717,18459
165015,1,112,2,1569,2106,6,6,3675,12,1575,2112,3687
165024,1,112,2,2742,3799,649,926,6541,1575,3391,4725,8116
165033,1,112,2,803,1263,1163,2593,2066,3756,1966,3856,5822
165112,1,112,2,1100,1254,2289,3796,2354,6085,3389,5050,8439
165167,1,112,2,32,77,156,575,109,731,188,652,840
165194,1,112,2,281,348,573,1134,629,1707,854,1482,2336
165264,1,112,2,7,86,69,821,93,890,76,907,983
165334,1,112,2,978,1378,14,19,2356,33,992,1397,2389
165556,1,112,2,32,309,10,48,341,58,42,357,399
165662,1,112,2,1425,2679,19,32,4104,51,1444,2711,4155
165671,1,112,2,416,1385,29,117,1801,146,445,1502,1947
165820,1,112,2,1109,1184,337,538,2293,875,1446,1722,3168
165866,1,112,2,1137,1336,209,288,2473,497,1346,1624,2970
165936,1,112,2,488,750,30,26,1238,56,518,776,1294
165981,1,112,2,133,239,364,683,372,1047,497,922,1419
166018,1,112,2,190,318,0,0,508,0,190,318,508
166027,1,112,2,3611,3905,887,965,7516,1852,4498,4870,9368
166133,1,112,2,486,689,754,1621,1175,2375,1240,2310,3550
166391,1,112,2,416,776,23,32,1192,55,439,808,1247
166513,1,112,2,5677,3963,1514,1235,9640,2749,7191,5198,12389
166629,1,112,2,11189,11731,654,817,22920,1471,11843,12548,24391
166647,1,112,2,577,500,939,1481,1077,2420,1516,1981,3497
166674,1,112,2,394,1183,85,171,1577,256,479,1354,1833
166683,1,112,2,2378,2223,35,21,4601,56,2413,2244,4657
166717,1,112,2,6,13,5,16,19,21,11,29,40
166823,1,112,2,754,860,1098,2098,1614,3196,1852,2958,4810
166850,1,112,2,1842,2143,89,155,3985,244,1931,2298,4229
166887,1,112,2,725,874,2393,3778,1599,6171,3118,4652,7770
166911,1,112,2,65,218,6,7,283,13,71,225,296
166939,1,112,2,0,2172,2,19,2172,21,2,2191,2193
166957,1,112,2,316,469,591,1492,785,2083,907,1961,2868
167288,1,112,2,305,377,51,105,682,156,356,482,838
167312,1,112,2,547,678,991,2175,1225,3166,1538,2853,4391
167358,1,112,2,7138,9140,15,9,16278,24,7153,9149,16302
167376,1,112,2,518,571,1090,2160,1089,3250,1608,2731,4339
167394,1,112,2,217,580,35,148,797,183,252,728,980
167534,1,112,2,859,1054,1569,2999,1913,4568,2428,4053,6481
167598,1,112,2,197,724,30,170,921,200,227,894,1121
167729,1,112,2,1325,2599,421,733,3924,1154,1746,3332,5078
167783,1,112,2,0,1601,0,187,1601,187,0,1788,1788
167835,1,112,2,1,2517,0,5,2518,5,1,2522,2523
167871,1,112,2,8,64,20,36,72,56,28,100,128
167905,1,112,2,685,737,883,1640,1422,2523,1568,2377,3945
167987,1,112,2,2327,2380,335,475,4707,810,2662,2855,5517
168005,1,112,2,1571,2642,84,84,4213,168,1655,2726,4381
168148,1,112,2,2923,3712,99,81,6635,180,3022,3793,6815
168227,1,112,2,2609,773,259,72,3382,331,2868,845,3713
168254,1,112,2,1348,976,50,32,2324,82,1398,1008,2406
168342,1,112,2,1014,1132,11,12,2146,23,1025,1144,2169
168421,1,112,2,3210,1905,93,38,5115,131,3303,1943,5246
168430,1,112,2,1297,2095,470,616,3392,1086,1767,2711,4478
168528,1,112,2,904,770,32,41,1674,73,936,811,1747
168546,1,112,2,687,755,6,6,1442,12,693,761,1454
168591,1,112,2,565,658,17,5,1223,22,582,663,1245
168607,1,112,2,276,219,441,600,495,1041,717,819,1536
168740,1,112,2,545,555,100,95,1100,195,645,650,1295
168786,1,112,2,459,576,55,79,1035,134,514,655,1169
168847,1,112,2,368,1055,620,1735,1423,2355,988,2790,3778
168892,1,112,2,3,59,1,53,62,54,4,112,116
169248,1,112,2,3554,5383,478,986,8937,1464,4032,6369,10401
169275,1,112,2,650,1063,1401,2855,1713,4256,2051,3918,5969
169284,1,112,2,6,190,12,55,196,67,18,245,263
169442,1,112,2,387,753,120,191,1140,311,507,944,1451
169503,1,112,2,3,274,0,0,277,0,3,274,277
169521,1,112,2,831,1201,1824,3200,2032,5024,2655,4401,7056
169576,1,112,2,2,106,0,0,108,0,2,106,108
169655,1,112,2,1217,86,0,0,1303,0,1217,86,1303
169716,1,112,2,751,1395,657,353,2146,1010,1408,1748,3156
169798,1,112,2,3263,5019,1384,1951,8282,3335,4647,6970,11617
169910,1,112,2,3098,3456,1069,1377,6554,2446,4167,4833,9000
169992,1,112,2,158,206,159,314,364,473,317,520,837
170000,1,112,2,257,334,142,236,591,378,399,570,969
170055,1,112,2,1625,1735,3536,4907,3360,8443,5161,6642,11803
170082,1,112,2,6468,10004,994,1199,16472,2193,7462,11203,18665
170240,1,112,2,1746,2192,3083,4183,3938,7266,4829,6375,11204
170286,1,112,2,771,768,18,16,1539,34,789,784,1573
170550,1,112,2,283,455,743,1946,738,2689,1026,2401,3427
170587,1,112,2,165,279,364,595,444,959,529,874,1403
170639,1,112,2,605,690,135,225,1295,360,740,915,1655
170657,1,112,2,1323,1567,2837,3846,2890,6683,4160,5413,9573
170675,1,112,2,1208,488,348,254,1696,602,1556,742,2298
170790,1,112,2,2044,2379,4740,6783,4423,11523,6784,9162,15946
170806,1,112,2,489,847,165,265,1336,430,654,1112,1766
170976,1,112,2,14802,16517,778,598,31319,1376,15580,17115,32695
171100,1,112,2,17245,18737,1699,1520,35982,3219,18944,20257,39201
171137,1,112,2,2450,2217,784,665,4667,1449,3234,2882,6116
171146,1,112,2,1082,1747,602,1178,2829,1780,1684,2925,4609
171155,1,112,2,441,573,770,1598,1014,2368,1211,2171,3382
171225,1,112,2,239,345,664,1150,584,1814,903,1495,2398
171304,1,112,2,461,627,831,1527,1088,2358,1292,2154,3446
171456,1,112,2,2316,3296,318,504,5612,822,2634,3800,6434
171483,1,112,2,554,562,858,1124,1116,1982,1412,1686,3098
171492,1,112,2,812,463,390,275,1275,665,1202,738,1940
171571,1,112,2,4231,6013,1249,1348,10244,2597,5480,7361,12841
172200,1,112,2,971,905,2255,3519,1876,5774,3226,4424,7650
172291,1,112,2,391,748,713,1340,1139,2053,1104,2088,3192
172307,1,112,2,360,431,399,617,791,1016,759,1048,1807
172334,1,112,2,322,557,69,179,879,248,391,736,1127
172422,1,112,2,84,25,0,0,109,0,84,25,109
172617,1,112,2,1405,1404,3386,4427,2809,7813,4791,5831,10622
172644,1,112,2,4828,7278,1663,2189,12106,3852,6491,9467,15958
172680,1,112,2,4,59,1,46,63,47,5,105,110
172699,1,112,2,5643,5778,1125,1043,11421,2168,6768,6821,13589
173045,1,112,2,974,1236,54,94,2210,148,1028,1330,2358
173142,1,112,2,312,320,69,91,632,160,381,411,792
173160,1,112,2,812,1206,221,353,2018,574,1033,1559,2592
173258,1,112,2,1015,1026,6,12,2041,18,1021,1038,2059
173300,1,112,2,824,947,30,26,1771,56,854,973,1827
173452,1,112,2,310,303,46,96,613,142,356,399,755
173647,1,112,2,900,1131,23,18,2031,41,923,1149,2072
173665,1,112,2,626,1078,29,32,1704,61,655,1110,1765
173902,1,112,2,898,1246,19,12,2144,31,917,1258,2175
174066,1,112,2,13234,15823,4428,5763,29057,10191,17662,21586,39248
174075,1,112,2,403,615,529,756,1018,1285,932,1371,2303
174127,1,112,2,223,464,8,7,687,15,231,471,702
174233,1,112,2,3806,3642,640,722,7448,1362,4446,4364,8810
174251,1,112,2,442,552,29,45,994,74,471,597,1068
174491,1,112,2,759,1124,450,828,1883,1278,1209,1952,3161
174507,1,112,2,42,73,54,172,115,226,96,245,341
174747,1,112,2,0,1422,0,21,1422,21,0,1443,1443
174792,1,112,2,1480,0,48,0,1480,48,1528,0,1528
174899,1,112,2,560,1116,58,204,1676,262,618,1320,1938
174914,1,112,2,2934,2778,111,83,5712,194,3045,2861,5906
174978,1,112,2,2,104,1,35,106,36,3,139,142
175005,1,112,2,30,1594,85,695,1624,780,115,2289,2404
175014,1,112,2,242,1132,201,1074,1374,1275,443,2206,2649
175120,1,112,2,302,138,0,0,440,0,302,138,440
175227,1,112,2,923,204,179,53,1127,232,1102,257,1359
175421,1,112,2,443,634,122,302,1077,424,565,936,1501
175430,1,112,2,265,270,171,186,535,357,436,456,892
175573,1,112,2,749,1052,361,639,1801,1000,1110,1691,2801
175616,1,112,2,596,822,166,305,1418,471,762,1127,1889
175652,1,112,2,1026,1148,444,706,2174,1150,1470,1854,3324
175786,1,112,2,1966,2858,1738,2845,4824,4583,3704,5703,9407
175810,1,112,2,1064,1951,602,1331,3015,1933,1666,3282,4948
175829,1,112,2,1198,1694,593,1114,2892,1707,1791,2808,4599
175856,1,112,2,1602,2714,198,413,4316,611,1800,3127,4927
175883,1,112,2,1069,1693,598,1039,2762,1637,1667,2732,4399
175935,1,112,2,579,1166,268,608,1745,876,847,1774,2621
175980,1,112,2,340,281,3,3,621,6,343,284,627
176008,1,112,2,515,859,213,452,1374,665,728,1311,2039
176017,1,112,2,6879,9361,551,511,16240,1062,7430,9872,17302
176035,1,112,2,286,1242,198,354,1528,552,484,1596,2080
176044,1,112,2,477,577,238,362,1054,600,715,939,1654
176053,1,112,2,813,1140,197,246,1953,443,1010,1386,2396
176080,1,112,2,8164,8457,902,782,16621,1684,9066,9239,18305
176178,1,112,2,1663,2669,1023,1843,4332,2866,2686,4512,7198
176239,1,112,2,1418,2469,489,1086,3887,1575,1907,3555,5462
176318,1,112,2,234,353,79,89,587,168,313,442,755
176372,1,112,2,2936,5688,681,953,8624,1634,3617,6641,10258
176433,1,112,2,2,40,0,14,42,14,2,54,56
176451,1,112,2,2,2,10,5,4,15,12,7,19
176479,1,112,2,546,1160,581,1004,1706,1585,1127,2164,3291
176628,1,112,2,366,506,28,78,872,106,394,584,978
176947,1,112,2,515,550,8,7,1065,15,523,557,1080
176965,1,112,2,2397,2806,876,1266,5203,2142,3273,4072,7345
176983,1,112,2,51,14,6,5,65,11,57,19,76
177038,1,112,2,21,45,8,16,66,24,29,61,90
177135,1,112,2,761,1038,746,1489,1799,2235,1507,2527,4034
177144,1,112,2,474,370,23,33,844,56,497,403,900
177214,1,112,2,617,738,10,10,1355,20,627,748,1375
177250,1,112,2,528,697,528,939,1225,1467,1056,1636,2692
177302,1,112,2,322,22,0,0,344,0,322,22,344
177418,1,112,2,305,310,21,48,615,69,326,358,684
177472,1,112,2,1998,2692,2596,3603,4690,6199,4594,6295,10889
177676,1,112,2,744,984,708,1190,1728,1898,1452,2174,3626
177685,1,112,2,13,130,0,0,143,0,13,130,143
177940,1,112,2,495,689,205,341,1184,546,700,1030,1730
177977,1,112,2,1561,276,218,121,1837,339,1779,397,2176
177986,1,112,2,46,90,51,123,136,174,97,213,310
177995,1,112,2,2461,3060,2742,4609,5521,7351,5203,7669,12872
178059,1,112,2,1186,2138,674,1811,3324,2485,1860,3949,5809
178217,1,112,2,454,819,333,683,1273,1016,787,1502,2289
178341,1,112,2,991,1580,547,934,2571,1481,1538,2514,4052
178369,1,112,2,749,455,88,202,1204,290,837,657,1494
178387,1,112,2,951,1386,519,985,2337,1504,1470,2371,3841
178396,1,112,2,9981,12018,863,883,21999,1746,10844,12901,23745
178402,1,112,2,2170,3422,1976,2611,5592,4587,4146,6033,10179
178411,1,112,2,3747,1138,452,161,4885,613,4199,1299,5498
178420,1,112,2,1807,2388,3427,4793,4195,8220,5234,7181,12415
178448,1,112,2,872,1328,1015,1802,2200,2817,1887,3130,5017
178615,1,112,2,1122,1715,332,453,2837,785,1454,2168,3622
178624,1,112,2,1682,2596,390,640,4278,1030,2072,3236,5308
178679,1,112,2,272,219,56,61,491,117,328,280,608
178697,1,112,2,641,829,6,11,1470,17,647,840,1487
178721,1,112,2,1438,1576,2012,1212,3014,3224,3450,2788,6238
178891,1,112,2,1140,110,384,37,1250,421,1524,147,1671
178989,1,112,2,27,189,0,11,216,11,27,200,227
179043,1,112,2,586,1037,307,615,1623,922,893,1652,2545
179308,1,112,2,2106,3188,2844,6163,5294,9007,4950,9351,14301
179326,1,112,2,500,709,196,431,1209,627,696,1140,1836
179344,1,112,2,218,466,351,735,684,1086,569,1201,1770
179539,1,112,2,630,1168,709,1217,1798,1926,1339,2385,3724
179557,1,112,2,2516,3796,853,1289,6312,2142,3369,5085,8454
179566,1,112,2,4389,6952,2997,4081,11341,7078,7386,11033,18419
179645,1,112,2,427,949,391,857,1376,1248,818,1806,2624
179715,1,112,2,226,551,260,735,777,995,486,1286,1772
179867,1,112,2,3504,3941,186,501,7445,687,3690,4442,8132
179894,1,112,2,747,1041,182,227,1788,409,929,1268,2197
179946,1,112,2,331,271,4,4,602,8,335,275,610
180081,1,112,2,180,98,177,200,278,377,357,298,655
180106,1,112,2,441,658,11,15,1099,26,452,673,1125
180151,1,112,2,105,105,120,132,210,252,225,237,462
180179,1,112,2,782,1114,562,1207,1896,1769,1344,2321,3665
180197,1,112,2,269,317,670,873,586,1543,939,1190,2129
180249,1,112,2,140,313,205,534,453,739,345,847,1192
180258,1,112,2,182,272,35,104,454,139,217,376,593
180276,1,112,2,168,169,424,662,337,1086,592,831,1423
180416,1,112,2,819,511,64,43,1330,107,883,554,1437
180461,1,112,2,6688,5847,1102,988,12535,2090,7790,6835,14625
180522,1,112,2,426,257,211,211,683,422,637,468,1105
180595,1,112,2,429,395,8,13,824,21,437,408,845
180647,1,112,2,133,310,37,111,443,148,170,421,591
180692,1,112,2,359,654,93,318,1013,411,452,972,1424
180814,1,112,2,2908,3601,1856,2443,6509,4299,4764,6044,10808
180902,1,112,2,888,864,1833,2934,1752,4767,2721,3798,6519
180948,1,112,2,560,914,103,238,1474,341,663,1152,1815
181002,1,112,2,1741,2443,48,58,4184,106,1789,2501,4290
181020,1,112,2,512,422,23,33,934,56,535,455,990
181127,1,112,2,438,473,4,4,911,8,442,477,919
181145,1,112,2,2,22,0,0,24,0,2,22,24
181190,1,112,2,4,103,0,0,107,0,4,103,107
181215,1,112,2,1367,2305,185,412,3672,597,1552,2717,4269
181297,1,112,2,62,504,22,220,566,242,84,724,808
181303,1,112,2,1990,1938,5139,5474,3928,10613,7129,7412,14541
181312,1,112,2,321,347,541,875,668,1416,862,1222,2084
181330,1,112,2,605,587,49,99,1192,148,654,686,1340
181394,1,112,2,4277,5708,1081,960,9985,2041,5358,6668,12026
181428,1,112,2,100,643,20,123,743,143,120,766,886
181446,1,112,2,685,784,25,51,1469,76,710,835,1545
181464,1,112,2,9016,9159,600,414,18175,1014,9616,9573,19189
181491,1,112,2,1065,931,1916,1671,1996,3587,2981,2602,5583
181604,1,112,2,0,496,16,27,496,43,16,523,539
181640,1,112,2,1813,1358,2683,3611,3171,6294,4496,4969,9465
181738,1,112,2,195,265,45,102,460,147,240,367,607
181783,1,112,2,1220,1637,416,587,2857,1003,1636,2224,3860
181817,1,112,2,283,335,350,607,618,957,633,942,1575
182005,1,112,2,3871,5142,8454,11434,9013,19888,12325,16576,28901
182281,1,112,2,8423,11164,2589,3189,19587,5778,11012,14353,25365
182290,1,112,2,6472,7316,1519,1666,13788,3185,7991,8982,16973
182306,1,112,2,355,523,781,1538,878,2319,1136,2061,3197
182500,1,112,2,1163,1486,3291,3711,2649,7002,4454,5197,9651
182564,1,112,2,489,681,1171,1241,1170,2412,1660,1922,3582
182670,1,112,2,2273,2184,1,0,4457,1,2274,2184,4458
182704,1,112,2,1,50,1,14,51,15,2,64,66
182722,1,112,2,12,104,0,35,116,35,12,139,151
182892,1,112,2,0,38,0,26,38,26,0,64,64
182980,1,112,2,465,541,17,20,1006,37,482,561,1043
183026,1,112,2,13057,20233,38655,68920,33290,107575,51712,89153,140865
183044,1,112,2,4858,6362,170,122,11220,292,5028,6484,11512
183062,1,112,2,1208,1424,66,39,2632,105,1274,1463,2737
183071,1,112,2,208,216,55,45,424,100,263,261,524
183080,1,112,2,1615,1568,74,51,3183,125,1689,1619,3308
183202,1,112,2,1,68,1,12,69,13,2,80,82
183239,1,112,2,768,1170,13,8,1938,21,781,1178,1959
183257,1,112,2,164,415,177,439,579,616,341,854,1195
183275,1,112,2,43,46,0,0,89,0,43,46,89
183488,1,112,2,37,408,7,110,445,117,44,518,562
183655,1,112,2,741,1045,849,1643,1786,2492,1590,2688,4278
183743,1,112,2,2975,2900,2339,2978,5875,5317,5314,5878,11192
183789,1,112,2,318,880,152,594,1198,746,470,1474,1944
183822,1,112,2,438,632,32,50,1070,82,470,682,1152
183859,1,112,2,2098,1961,2509,3328,4059,5837,4607,5289,9896
183910,1,112,2,594,940,28,43,1534,71,622,983,1605
183938,1,112,2,1307,1747,1648,3068,3054,4716,2955,4815,7770
184056,1,112,2,94,311,26,117,405,143,120,428,548
184180,1,112,2,1504,1081,1607,1646,2585,3253,3111,2727,5838
184205,1,112,2,336,573,505,1012,909,1517,841,1585,2426
184427,1,112,2,224,12,92,11,236,103,316,23,339
184481,1,112,2,1204,1794,1336,2132,2998,3468,2540,3926,6466
184506,1,112,2,4,50,4,25,54,29,8,75,83
184603,1,112,2,906,999,1514,1961,1905,3475,2420,2960,5380
184612,1,112,2,437,1135,43,131,1572,174,480,1266,1746
184694,1,112,2,877,1058,61,57,1935,118,938,1115,2053
184773,1,112,2,263,810,160,238,1073,398,423,1048,1471
184782,1,112,2,6886,6321,934,1090,13207,2024,7820,7411,15231
184791,1,112,2,1230,1596,962,1653,2826,2615,2192,3249,5441
184816,1,112,2,1,52,1,32,53,33,2,84,86
184959,1,112,2,49,273,59,338,322,397,108,611,719
184995,1,112,2,1434,2061,1159,2029,3495,3188,2593,4090,6683
185262,1,112,2,3394,5400,804,1247,8794,2051,4198,6647,10845
185396,1,112,2,1347,45,223,10,1392,233,1570,55,1625
185509,1,112,2,1036,880,1658,2247,1916,3905,2694,3127,5821
185536,1,112,2,1972,2082,2499,3183,4054,5682,4471,5265,9736
185572,1,112,2,1335,2327,71,78,3662,149,1406,2405,3811
185590,1,112,2,6083,9345,799,1063,15428,1862,6882,10408,17290
185721,1,112,2,77,186,42,110,263,152,119,296,415
185828,1,112,2,5420,1994,1131,474,7414,1605,6551,2468,9019
185873,1,112,2,1495,1545,1634,2512,3040,4146,3129,4057,7186
186016,1,112,2,18,234,9,193,252,202,27,427,454
186034,1,112,2,799,1066,1115,2139,1865,3254,1914,3205,5119
186131,1,112,2,2769,2771,34,30,5540,64,2803,2801,5604
186201,1,112,2,1815,2501,237,379,4316,616,2052,2880,4932
186283,1,112,2,1289,1677,80,123,2966,203,1369,1800,3169
186371,1,112,2,1337,2149,302,397,3486,699,1639,2546,4185
186380,1,112,2,17332,17335,824,853,34667,1677,18156,18188,36344
186399,1,112,2,2902,3433,539,637,6335,1176,3441,4070,7511
186405,1,112,2,5,11,0,0,16,0,5,11,16
186432,1,112,2,709,1110,103,149,1819,252,812,1259,2071
186469,1,112,2,231,289,160,431,520,591,391,720,1111
186584,1,112,2,2616,3228,91,77,5844,168,2707,3305,6012
186618,1,112,2,228,362,21,126,590,147,249,488,737
186645,1,112,2,1372,1149,1844,1956,2521,3800,3216,3105,6321
186867,1,112,2,2752,1298,16,4,4050,20,2768,1302,4070
186876,1,112,2,3008,4749,175,206,7757,381,3183,4955,8138
187046,1,112,2,15,61,4375,2907,76,7282,4390,2968,7358
187134,1,112,2,2937,3904,110,88,6841,198,3047,3992,7039
187198,1,112,2,1618,1875,1353,2950,3493,4303,2971,4825,7796
187444,1,112,2,2100,3034,515,955,5134,1470,2615,3989,6604
187532,1,112,2,1847,2425,5490,9333,4272,14823,7337,11758,19095
187620,1,112,2,1191,1616,1417,2438,2807,3855,2608,4054,6662
187639,1,112,2,192,399,560,1152,591,1712,752,1551,2303
187648,1,112,2,767,1272,739,1055,2039,1794,1506,2327,3833
187897,1,112,2,413,574,165,473,987,638,578,1047,1625
187912,1,112,2,288,57,46,33,345,79,334,90,424
187958,1,112,2,239,368,556,950,607,1506,795,1318,2113
187967,1,112,2,779,314,61,64,1093,125,840,378,1218
187976,1,112,2,32,50,439,488,82,927,471,538,1009
187985,1,112,2,5100,6942,1748,2585,12042,4333,6848,9527,16375
187994,1,112,2,87,165,277,503,252,780,364,668,1032
188003,1,112,2,86,183,514,890,269,1404,600,1073,1673
188021,1,112,2,60,125,187,453,185,640,247,578,825
188030,1,112,2,3887,5453,974,1277,9340,2251,4861,6730,11591
188049,1,112,2,94,152,670,1037,246,1707,764,1189,1953
188100,1,112,2,647,964,1079,2764,1611,3843,1726,3728,5454
188137,1,112,2,251,402,971,1642,653,2613,1222,2044,3266
188225,1,112,2,58,83,368,713,141,1081,426,796,1222
188261,1,112,2,79,47,458,240,126,698,537,287,824
188340,1,112,2,825,124,207,19,949,226,1032,143,1175
188429,1,112,2,1539,3241,98,177,4780,275,1637,3418,5055
188438,1,112,2,673,726,525,738,1399,1263,1198,1464,2662
188517,1,112,2,100,130,11,55,230,66,111,185,296
188641,1,112,2,619,664,33,31,1283,64,652,695,1347
188854,1,112,2,398,1073,0,0,1471,0,398,1073,1471
189219,1,112,2,120,2,0,0,122,0,120,2,122
189228,1,112,2,411,753,202,452,1164,654,613,1205,1818
189282,1,112,2,38,223,7,61,261,68,45,284,329
189547,1,112,2,1056,1392,1218,1743,2448,2961,2274,3135,5409
189565,1,112,2,117,257,16,73,374,89,133,330,463
189583,1,112,2,116,338,107,226,454,333,223,564,787
189592,1,112,2,80,189,7,52,269,59,87,241,328
189705,1,112,2,860,863,40,25,1723,65,900,888,1788
189839,1,112,2,321,510,1090,1558,831,2648,1411,2068,3479
190044,1,112,2,1811,814,24,19,2625,43,1835,833,2668
190053,1,112,2,159,147,278,410,306,688,437,557,994
190071,1,112,2,4,22,9,80,26,89,13,102,115
190099,1,112,2,1383,1729,9,9,3112,18,1392,1738,3130
190169,1,112,2,220,241,384,602,461,986,604,843,1447
190239,1,112,2,2,94,2,33,96,35,4,127,131
190372,1,112,2,442,456,1,0,898,1,443,456,899
190415,1,112,2,7132,8553,30,20,15685,50,7162,8573,15735
190442,1,112,2,565,742,1037,1442,1307,2479,1602,2184,3786
190503,1,112,2,1445,1422,78,60,2867,138,1523,1482,3005
190761,1,112,2,383,639,15,60,1022,75,398,699,1097
190840,1,112,2,1234,1322,1898,2593,2556,4491,3132,3915,7047
191083,1,112,2,2357,2189,1403,1894,4546,3297,3760,4083,7843
191126,1,112,2,1156,5729,239,747,6885,986,1395,6476,7871
191199,1,112,2,942,1015,1352,2022,1957,3374,2294,3037,5331
191205,1,112,2,329,128,14,25,457,39,343,153,496
191241,1,112,2,3835,5849,168,246,9684,414,4003,6095,10098
191302,1,112,2,305,370,446,691,675,1137,751,1061,1812
191311,1,112,2,53,96,0,0,149,0,53,96,149
191339,1,112,2,552,893,1107,1771,1445,2878,1659,2664,4323
191515,1,112,2,927,1143,1,1,2070,2,928,1144,2072
191533,1,112,2,446,633,6,14,1079,20,452,647,1099
191597,1,112,2,55,293,22,174,348,196,77,467,544
191612,1,112,2,445,609,396,580,1054,976,841,1189,2030
191649,1,112,2,2502,3340,143,125,5842,268,2645,3465,6110
191676,1,112,2,263,449,38,55,712,93,301,504,805
191719,1,112,2,2561,1920,1949,2710,4481,4659,4510,4630,9140
191940,1,112,2,16,156,0,0,172,0,16,156,172
191986,1,112,2,626,781,1008,1341,1407,2349,1634,2122,3756
192022,1,112,2,497,669,395,731,1166,1126,892,1400,2292
192192,1,112,2,233,684,14,54,917,68,247,738,985
192271,1,112,2,108,878,5,89,986,94,113,967,1080
192323,1,112,2,917,1276,80,327,2193,407,997,1603,2600
192448,1,112,2,1829,3475,2623,3392,5304,6015,4452,6867,11319
192703,1,112,2,1682,1236,101,47,2918,148,1783,1283,3066
192712,1,112,2,252,251,1,4,503,5,253,255,508
192749,1,112,2,500,744,20,26,1244,46,520,770,1290
192785,1,112,2,25,152,62,522,177,584,87,674,761
192819,1,112,2,2028,2891,261,295,4919,556,2289,3186,5475
193016,1,112,2,1386,3429,583,981,4815,1564,1969,4410,6379
193283,1,112,2,1088,1230,1397,1824,2318,3221,2485,3054,5539
193292,1,112,2,802,1834,133,502,2636,635,935,2336,3271
193326,1,112,2,1982,2449,1498,2354,4431,3852,3480,4803,8283
193380,1,112,2,0,0,12,83,0,95,12,83,95
193399,1,112,2,493,1597,24,145,2090,169,517,1742,2259
193478,1,112,2,3495,3216,2234,3051,6711,5285,5729,6267,11996
193584,1,112,2,534,1393,17,43,1927,60,551,1436,1987
193654,1,112,2,1523,5149,142,357,6672,499,1665,5506,7171
193858,1,112,2,18,248,0,0,266,0,18,248,266
193900,1,112,2,11549,16805,470,577,28354,1047,12019,17382,29401
193946,1,112,2,875,1239,636,1088,2114,1724,1511,2327,3838
193973,1,112,2,930,1730,20,29,2660,49,950,1759,2709
193991,1,112,2,2,29,2,7,31,9,4,36,40
194028,1,112,2,237,364,350,653,601,1003,587,1017,1604
194091,1,112,2,1748,1202,294,209,2950,503,2042,1411,3453
194116,1,112,2,14,128,26,312,142,338,40,440,480
194222,1,112,2,1405,1392,2159,2364,2797,4523,3564,3756,7320
194240,1,112,2,911,1080,1099,1886,1991,2985,2010,2966,4976
194310,1,112,2,2439,5041,349,394,7480,743,2788,5435,8223
194392,1,112,2,421,233,6,8,654,14,427,241,668
194578,1,112,2,1079,2775,27,53,3854,80,1106,2828,3934
194824,1,112,2,4048,1790,51,13,5838,64,4099,1803,5902
195003,1,112,2,8426,4385,801,328,12811,1129,9227,4713,13940
195058,1,112,2,1372,1184,1162,1754,2556,2916,2534,2938,5472
195067,1,112,2,12,218,5,82,230,87,17,300,317
195128,1,112,2,305,785,5,28,1090,33,310,813,1123
195164,1,112,2,981,790,38,47,1771,85,1019,837,1856
195216,1,112,2,977,1153,6,9,2130,15,983,1162,2145
195234,1,112,2,458,913,27,34,1371,61,485,947,1432
195243,1,112,2,505,474,406,474,979,880,911,948,1859
195322,1,112,2,451,549,1148,1509,1000,2657,1599,2058,3657
195474,1,112,2,1527,1898,39,52,3425,91,1566,1950,3516
195526,1,112,2,1127,1598,14,19,2725,33,1141,1617,2758
195544,1,112,2,1028,2176,101,251,3204,352,1129,2427,3556
195702,1,112,2,14,69,6,52,83,58,20,121,141
195720,1,112,2,1059,1481,29,60,2540,89,1088,1541,2629
195988,1,112,2,307,329,424,638,636,1062,731,967,1698
196006,1,112,2,2046,1011,102,189,3057,291,2148,1200,3348
196015,1,112,2,1064,1278,168,326,2342,494,1232,1604,2836
196024,1,112,2,1080,941,94,363,2021,457,1174,1304,2478
196033,1,112,2,713,955,51,64,1668,115,764,1019,1783
196042,1,112,2,4415,2973,1053,823,7388,1876,5468,3796,9264
196051,1,112,2,863,708,56,176,1571,232,919,884,1803
196060,1,112,2,5240,6301,364,359,11541,723,5604,6660,12264
196079,1,112,2,6645,7437,188,132,14082,320,6833,7569,14402
196088,1,112,2,10369,8712,762,918,19081,1680,11131,9630,20761
196097,1,112,2,8018,8388,592,511,16406,1103,8610,8899,17509
196103,1,112,2,655,632,158,176,1287,334,813,808,1621
196112,1,112,2,1220,489,122,151,1709,273,1342,640,1982
196121,1,112,2,1879,2638,197,435,4517,632,2076,3073,5149
196130,1,112,2,2090,2771,291,312,4861,603,2381,3083,5464
196149,1,112,2,2692,3167,76,58,5859,134,2768,3225,5993
196158,1,112,2,1298,1813,44,57,3111,101,1342,1870,3212
196167,1,112,2,1392,2576,65,77,3968,142,1457,2653,4110
196176,1,112,2,1910,3631,240,309,5541,549,2150,3940,6090
196185,1,112,2,1848,2919,53,39,4767,92,1901,2958,4859
196194,1,112,2,2635,2903,216,231,5538,447,2851,3134,5985
196200,1,112,2,790,1213,23,56,2003,79,813,1269,2082
196219,1,112,2,1187,1668,110,142,2855,252,1297,1810,3107
196246,1,112,2,1394,2154,173,283,3548,456,1567,2437,4004
196255,1,112,2,52,210,4,16,262,20,56,226,282
196264,1,112,2,907,2375,1772,2681,3282,4453,2679,5056,7735
196291,1,112,2,1035,165,87,8,1200,95,1122,173,1295
196307,1,112,2,31,97,6,24,128,30,37,121,158
196413,1,112,2,6684,8122,346,269,14806,615,7030,8391,15421
196565,1,112,2,518,556,1375,1993,1074,3368,1893,2549,4442
196653,1,112,2,42,299,98,583,341,681,140,882,1022
196699,1,112,2,472,517,958,965,989,1923,1430,1482,2912
197036,1,112,2,3394,999,0,0,4393,0,3394,999,4393
197045,1,112,2,942,1214,157,365,2156,522,1099,1579,2678
197285,1,112,2,194,469,49,116,663,165,243,585,828
197294,1,112,2,2155,2067,1990,2595,4222,4585,4145,4662,8807
197337,1,112,2,1,62,0,3,63,3,1,65,66
197708,1,112,2,1520,1275,63,8,2795,71,1583,1283,2866
197814,1,112,2,264,405,561,1084,669,1645,825,1489,2314
197850,1,112,2,234,388,974,1742,622,2716,1208,2130,3338
197869,1,112,2,7573,9792,524,669,17365,1193,8097,10461,18558
197887,1,112,2,704,1032,1777,2960,1736,4737,2481,3992,6473
197911,1,112,2,529,496,20,142,1025,162,549,638,1187
197966,1,112,2,141,318,421,861,459,1282,562,1179,1741
197993,1,112,2,0,158,0,10,158,10,0,168,168
198066,1,112,2,448,271,10,6,719,16,458,277,735
198109,1,112,2,9,126,22,294,135,316,31,420,451
198118,1,112,2,553,678,934,1538,1231,2472,1487,2216,3703
198136,1,112,2,1132,1336,287,210,2468,497,1419,1546,2965
198154,1,112,2,1547,1694,5469,5460,3241,10929,7016,7154,14170
198206,1,112,2,238,338,282,696,576,978,520,1034,1554
198260,1,112,2,2978,3653,4431,6632,6631,11063,7409,10285,17694
198303,1,112,2,465,297,13,25,762,38,478,322,800
198330,1,112,2,574,920,761,1356,1494,2117,1335,2276,3611
198367,1,112,2,370,399,709,1223,769,1932,1079,1622,2701
198385,1,112,2,899,1028,0,0,1927,0,899,1028,1927
198455,1,112,2,351,406,1277,2260,757,3537,1628,2666,4294
198464,1,112,2,7527,10090,1511,2560,17617,4071,9038,12650,21688
198507,1,112,2,768,936,108,221,1704,329,876,1157,2033
198516,1,112,2,2476,3668,91,102,6144,193,2567,3770,6337
198534,1,112,2,1481,2257,2444,4051,3738,6495,3925,6308,10233
198543,1,112,2,1184,2835,522,1207,4019,1729,1706,4042,5748
198552,1,112,2,981,1279,1963,4047,2260,6010,2944,5326,8270
198570,1,112,2,546,827,1411,2774,1373,4185,1957,3601,5558
198598,1,112,2,379,222,40,89,601,129,419,311,730
198622,1,112,2,1634,1912,2560,3961,3546,6521,4194,5873,10067
198668,1,112,2,187,227,252,620,414,872,439,847,1286
198710,1,112,2,218,339,476,843,557,1319,694,1182,1876
198756,1,112,2,460,528,21,43,988,64,481,571,1052
198808,1,112,2,294,527,5,29,821,34,299,556,855
198817,1,112,2,289,408,503,999,697,1502,792,1407,2199
198835,1,112,2,595,741,71,122,1336,193,666,863,1529
198862,1,112,2,485,329,12,13,814,25,497,342,839
198899,1,112,2,478,436,30,50,914,80,508,486,994
198905,1,112,2,42,170,235,395,212,630,277,565,842
198950,1,112,2,0,1258,4,60,1258,64,4,1318,1322
198969,1,112,2,726,562,64,96,1288,160,790,658,1448
198987,1,112,2,353,489,982,1632,842,2614,1335,2121,3456
199087,1,112,2,287,404,694,1260,691,1954,981,1664,2645
199102,1,112,2,3837,6740,626,630,10577,1256,4463,7370,11833
199111,1,112,2,1046,1489,176,203,2535,379,1222,1692,2914
199120,1,112,2,7536,11641,405,447,19177,852,7941,12088,20029
199139,1,112,2,10365,9724,1800,1572,20089,3372,12165,11296,23461
199148,1,112,2,3934,7734,830,1700,11668,2530,4764,9434,14198
199157,1,112,2,1434,3212,271,717,4646,988,1705,3929,5634
199184,1,112,2,350,544,12,14,894,26,362,558,920
199193,1,112,2,11905,11923,1382,1044,23828,2426,13287,12967,26254
199218,1,112,2,4470,7453,585,1786,11923,2371,5055,9239,14294
199272,1,112,2,320,260,29,104,580,133,349,364,713
199281,1,112,2,1672,2558,451,962,4230,1413,2123,3520,5643
199324,1,112,2,62,86,375,627,148,1002,437,713,1150
199412,1,112,2,448,793,24,52,1241,76,472,845,1317
199494,1,112,2,724,1035,1793,3202,1759,4995,2517,4237,6754
199607,1,112,2,0,279,6,79,279,85,6,358,364
199625,1,112,2,159,284,359,788,443,1147,518,1072,1590
199689,1,112,2,1,147,6,32,148,38,7,179,186
199731,1,112,2,187,318,651,1100,505,1751,838,1418,2256
199740,1,112,2,144,291,572,1312,435,1884,716,1603,2319
199759,1,112,2,170,97,233,179,267,412,403,276,679
199768,1,112,2,399,497,694,1207,896,1901,1093,1704,2797
199795,1,112,2,95,162,261,370,257,631,356,532,888
199856,1,112,2,3438,3352,6273,8488,6790,14761,9711,11840,21551
199865,1,112,2,247,463,0,13,710,13,247,476,723
199883,1,112,2,19,144,0,0,163,0,19,144,163
199908,1,112,2,208,319,432,790,527,1222,640,1109,1749
199926,1,112,2,322,339,646,1014,661,1660,968,1353,2321
199971,1,112,2,31,16,0,0,47,0,31,16,47
199999,1,112,2,970,2927,132,484,3897,616,1102,3411,4513
200004,1,112,2,3526,4505,749,1176,8031,1925,4275,5681,9956
200013,1,112,2,41,215,37,174,256,211,78,389,467
200022,1,112,2,1047,774,925,1025,1821,1950,1972,1799,3771
200059,1,112,2,456,516,173,266,972,439,629,782,1411
200086,1,112,2,36,71,16,49,107,65,52,120,172
200192,1,112,2,184,232,499,764,416,1263,683,996,1679
200217,1,112,2,754,1070,296,386,1824,682,1050,1456,2506
200280,1,112,2,3647,3357,1907,1017,7004,2924,5554,4374,9928
200305,1,112,2,1006,508,661,767,1514,1428,1667,1275,2942
200314,1,112,2,113,184,293,490,297,783,406,674,1080
200332,1,112,2,4496,4451,480,669,8947,1149,4976,5120,10096
200527,1,112,2,186,275,47,91,461,138,233,366,599
200554,1,112,2,163,310,14,19,473,33,177,329,506
200572,1,112,2,359,464,284,414,823,698,643,878,1521
200590,1,112,2,23,120,4,5,143,9,27,125,152
200800,1,112,2,4538,4064,1266,1455,8602,2721,5804,5519,11323
200846,1,112,2,188,319,382,527,507,909,570,846,1416
201061,1,112,2,64,187,3,5,251,8,67,192,259
201177,1,112,2,12,107,10,121,119,131,22,228,250
201195,1,112,2,1168,1460,54,62,2628,116,1222,1522,2744
201283,1,112,2,137,168,117,301,305,418,254,469,723
201432,1,112,2,338,544,349,614,882,963,687,1158,1845
201441,1,112,2,4916,6665,1073,1199,11581,2272,5989,7864,13853
201469,1,112,2,102,313,11,108,415,119,113,421,534
201548,1,112,2,755,1127,27,29,1882,56,782,1156,1938
201645,1,112,2,3082,2825,54,56,5907,110,3136,2881,6017
201654,1,112,2,1731,2078,310,414,3809,724,2041,2492,4533
201821,1,112,2,55,606,16,189,661,205,71,795,866
201885,1,112,2,12762,12254,1952,2695,25016,4647,14714,14949,29663
201946,1,112,2,466,652,2537,3793,1118,6330,3003,4445,7448
201955,1,112,2,1200,1605,1368,2396,2805,3764,2568,4001,6569
201964,1,112,2,295,373,296,475,668,771,591,848,1439
202046,1,112,2,152,416,11,5,568,16,163,421,584
202170,1,112,2,290,654,1,11,944,12,291,665,956
202222,1,112,2,2633,2983,8537,10976,5616,19513,11170,13959,25129
202356,1,112,2,1763,2206,4224,7571,3969,11795,5987,9777,15764
202453,1,112,2,59,10,0,0,69,0,59,10,69
202480,1,112,2,4223,3883,149,161,8106,310,4372,4044,8416
202523,1,112,2,1147,1253,7,9,2400,16,1154,1262,2416
202648,1,112,2,495,624,1183,2051,1119,3234,1678,2675,4353
202763,1,112,2,704,1530,623,938,2234,1561,1327,2468,3795
203085,1,112,2,486,413,9,25,899,34,495,438,933
203128,1,112,2,338,353,123,188,691,311,461,541,1002
203155,1,112,2,836,662,164,289,1498,453,1000,951,1951
203289,1,112,2,28,12,0,0,40,0,28,12,40
203368,1,112,2,1276,1069,37,35,2345,72,1313,1104,2417
203447,1,112,2,64,128,573,958,192,1531,637,1086,1723
203456,1,112,2,7,13,343,661,20,1004,350,674,1024
203465,1,112,2,402,574,873,1594,976,2467,1275,2168,3443
203474,1,112,2,128,215,553,838,343,1391,681,1053,1734
203483,1,112,2,190,236,605,909,426,1514,795,1145,1940
203492,1,112,2,36,211,334,734,247,1068,370,945,1315
203517,1,112,2,6247,10555,1476,2140,16802,3616,7723,12695,20418
203526,1,112,2,136,182,626,1151,318,1777,762,1333,2095
203544,1,112,2,52,331,63,199,383,262,115,530,645
203580,1,112,2,382,264,42,50,646,92,424,314,738
203599,1,112,2,551,697,1215,2157,1248,3372,1766,2854,4620
203678,1,112,2,215,343,1074,1901,558,2975,1289,2244,3533
203720,1,112,2,76,35,2,23,111,25,78,58,136
203748,1,112,2,846,1300,2598,4426,2146,7024,3444,5726,9170
203757,1,112,2,321,372,75,185,693,260,396,557,953
203775,1,112,2,345,401,103,98,746,201,448,499,947
203845,1,112,2,527,500,34,48,1027,82,561,548,1109
203881,1,112,2,163,262,977,1365,425,2342,1140,1627,2767
203960,1,112,2,48,317,85,670,365,755,133,987,1120
204006,1,112,2,744,893,300,314,1637,614,1044,1207,2251
204015,1,112,2,351,434,208,276,785,484,559,710,1269
204024,1,112,2,7891,8543,228,202,16434,430,8119,8745,16864
204194,1,112,2,521,780,109,218,1301,327,630,998,1628
204200,1,112,2,455,534,179,255,989,434,634,789,1423
204255,1,112,2,262,280,444,740,542,1184,706,1020,1726
204422,1,112,2,309,389,635,1106,698,1741,944,1495,2439
204468,1,112,2,501,457,118,253,958,371,619,710,1329
204617,1,112,2,365,388,41,52,753,93,406,440,846
204635,1,112,2,1289,1079,99,102,2368,201,1388,1181,2569
204662,1,112,2,163,235,22,26,398,48,185,261,446
204671,1,112,2,293,379,65,81,672,146,358,460,818
204680,1,112,2,294,358,75,100,652,175,369,458,827
204699,1,112,2,380,354,83,83,734,166,463,437,900
204705,1,112,2,918,936,200,209,1854,409,1118,1145,2263
204796,1,112,2,21042,21318,1972,1791,42360,3763,23014,23109,46123
204802,1,112,2,90,159,330,564,249,894,420,723,1143
204820,1,112,2,183,383,481,881,566,1362,664,1264,1928
204839,1,112,2,142,295,530,1039,437,1569,672,1334,2006
204848,1,112,2,167,312,554,961,479,1515,721,1273,1994
204857,1,112,2,6282,8369,833,2629,14651,3462,7115,10998,18113
204866,1,112,2,98,330,506,989,428,1495,604,1319,1923
204909,1,112,2,611,787,6,6,1398,12,617,793,1410
204936,1,112,2,813,1240,57,63,2053,120,870,1303,2173
204945,1,112,2,769,1037,3069,2684,1806,5753,3838,3721,7559
205090,1,112,2,1,8,7,53,9,60,8,61,69
205443,1,112,2,919,1200,366,606,2119,972,1285,1806,3091
205470,1,112,2,1700,1685,6258,7948,3385,14206,7958,9633,17591
205841,1,112,2,1233,1283,3033,4482,2516,7515,4266,5765,10031
205966,1,112,2,139,293,494,1021,432,1515,633,1314,1947
206011,1,112,2,254,235,1016,702,489,1718,1270,937,2207
206279,1,112,2,79,84,155,163,163,318,234,247,481
206321,1,112,2,2,44,24,15,46,39,26,59,85
206349,1,112,2,40,496,8,81,536,89,48,577,625
206507,1,112,2,438,532,20,25,970,45,458,557,1015
206525,1,112,2,578,639,20,21,1217,41,598,660,1258
206589,1,112,2,953,1005,2,7,1958,9,955,1012,1967
206604,1,112,2,2274,2873,826,965,5147,1791,3100,3838,6938
206613,1,112,2,274,455,247,318,729,565,521,773,1294
206622,1,112,2,2042,2571,103,136,4613,239,2145,2707,4852
206695,1,112,2,3170,3780,776,1096,6950,1872,3946,4876,8822
206862,1,112,2,447,440,11,14,887,25,458,454,912
206914,1,112,2,711,1253,422,747,1964,1169,1133,2000,3133
206923,1,112,2,348,563,242,670,911,912,590,1233,1823
206996,1,112,2,250,488,254,695,738,949,504,1183,1687
207041,1,112,2,924,1313,171,322,2237,493,1095,1635,2730
207050,1,112,2,237,392,186,423,629,609,423,815,1238
207069,1,112,2,222,274,419,820,496,1239,641,1094,1735
207102,1,112,2,21,62,0,0,83,0,21,62,83
207209,1,112,2,649,1027,44,54,1676,98,693,1081,1774
207236,1,112,2,317,542,382,1041,859,1423,699,1583,2282
207263,1,112,2,1447,2229,547,1019,3676,1566,1994,3248,5242
207281,1,112,2,530,737,744,1260,1267,2004,1274,1997,3271
207290,1,112,2,542,632,142,401,1174,543,684,1033,1717
207306,1,112,2,525,716,151,255,1241,406,676,971,1647
207324,1,112,2,760,987,80,123,1747,203,840,1110,1950
207342,1,112,2,96,850,3,36,946,39,99,886,985
207351,1,112,2,401,461,102,278,862,380,503,739,1242
207388,1,112,2,8765,9500,1203,1318,18265,2521,9968,10818,20786
207500,1,112,2,9018,9606,1315,1343,18624,2658,10333,10949,21282
207564,1,112,2,1052,333,498,474,1385,972,1550,807,2357
207582,1,112,2,1089,1666,651,883,2755,1534,1740,2549,4289
207661,1,112,2,757,1159,442,688,1916,1130,1199,1847,3046
207670,1,112,2,815,1282,1516,3089,2097,4605,2331,4371,6702
207740,1,112,2,260,447,246,598,707,844,506,1045,1551
207847,1,112,2,924,1058,375,665,1982,1040,1299,1723,3022
207865,1,112,2,1212,1880,277,572,3092,849,1489,2452,3941
207935,1,112,2,1863,2633,3379,6516,4496,9895,5242,9149,14391
207962,1,112,2,679,114,0,0,793,0,679,114,793
207971,1,112,2,1165,1269,120,93,2434,213,1285,1362,2647
208035,1,112,2,230,284,200,624,514,824,430,908,1338
208275,1,112,2,235,318,320,354,553,674,555,672,1227
208318,1,112,2,793,862,1120,1380,1655,2500,1913,2242,4155
208390,1,112,2,1516,1906,1936,2284,3422,4220,3452,4190,7642
208406,1,112,2,788,905,1543,1402,1693,2945,2331,2307,4638
208415,1,112,2,96,166,215,237,262,452,311,403,714
208646,1,112,2,620,859,359,577,1479,936,979,1436,2415
208822,1,112,2,942,1394,74,121,2336,195,1016,1515,2531
209038,1,112,2,1294,1423,1910,2118,2717,4028,3204,3541,6745
209074,1,112,2,887,861,1070,1424,1748,2494,1957,2285,4242
209250,1,112,2,851,1064,2530,1567,1915,4097,3381,2631,6012
209490,1,112,2,83,398,46,225,481,271,129,623,752
209506,1,112,2,1131,990,1204,1477,2121,2681,2335,2467,4802
209542,1,112,2,10186,9659,4630,4430,19845,9060,14816,14089,28905
209551,1,112,2,8035,10150,695,685,18185,1380,8730,10835,19565
209603,1,112,2,80,279,6,11,359,17,86,290,376
209612,1,112,2,615,895,39,90,1510,129,654,985,1639
209746,1,112,2,3291,4137,4960,7012,7428,11972,8251,11149,19400
209807,1,112,2,4736,6464,2531,3131,11200,5662,7267,9595,16862
209825,1,112,2,1190,2119,38,43,3309,81,1228,2162,3390
209922,1,112,2,628,864,12,19,1492,31,640,883,1523
210234,1,112,2,343,322,257,407,665,664,600,729,1329
210270,1,112,2,324,444,541,1016,768,1557,865,1460,2325
210401,1,112,2,541,796,13,17,1337,30,554,813,1367
210429,1,112,2,987,1877,161,295,2864,456,1148,2172,3320
210605,1,112,2,1652,1768,3209,3838,3420,7047,4861,5606,10467
210739,1,112,2,691,1210,96,228,1901,324,787,1438,2225
210775,1,112,2,659,1011,79,269,1670,348,738,1280,2018
211088,1,112,2,562,1066,109,133,1628,242,671,1199,1870
211291,1,112,2,1796,1937,1,13,3733,14,1797,1950,3747
211307,1,112,2,1003,1042,1576,2541,2045,4117,2579,3583,6162
211316,1,112,2,2,70,0,26,72,26,2,96,98
211343,1,112,2,417,537,517,1025,954,1542,934,1562,2496
211352,1,112,2,436,666,38,46,1102,84,474,712,1186
211431,1,112,2,151,758,46,292,909,338,197,1050,1247
211440,1,112,2,3399,3459,113,88,6858,201,3512,3547,7059
211556,1,112,2,353,839,62,245,1192,307,415,1084,1499
211583,1,112,2,392,440,32,125,832,157,424,565,989
211608,1,112,2,215,406,17,59,621,76,232,465,697
211927,1,112,2,926,1027,2100,3939,1953,6039,3026,4966,7992
212045,1,112,2,49,147,0,2,196,2,49,149,198
212054,1,112,2,6688,6182,476,675,12870,1151,7164,6857,14021
212106,1,112,2,1830,3186,40,39,5016,79,1870,3225,5095
212115,1,112,2,1754,2193,188,257,3947,445,1942,2450,4392
212133,1,112,2,534,747,135,432,1281,567,669,1179,1848
212197,1,112,2,673,934,52,78,1607,130,725,1012,1737
212230,1,112,2,2,31,0,4,33,4,2,35,37
212267,1,112,2,0,50,1,36,50,37,1,86,87
212276,1,112,2,3,57,1,22,60,23,4,79,83
212294,1,112,2,1,55,0,10,56,10,1,65,66
212300,1,112,2,1,60,0,6,61,6,1,66,67
212328,1,112,2,6,52,0,37,58,37,6,89,95
212337,1,112,2,1,55,3,43,56,46,4,98,102
212355,1,112,2,2,90,3,46,92,49,5,136,141
212382,1,112,2,1,90,0,47,91,47,1,137,138
212391,1,112,2,3,32,1,14,35,15,4,46,50
212601,1,112,2,1061,1472,223,335,2533,558,1284,1807,3091
212674,1,112,2,1086,1149,3,3,2235,6,1089,1152,2241
212753,1,112,2,1,50,2,33,51,35,3,83,86
212771,1,112,2,0,58,1,68,58,69,1,126,127
212805,1,112,2,1111,1036,69,73,2147,142,1180,1109,2289
212869,1,112,2,124,467,43,276,591,319,167,743,910
212878,1,112,2,1275,2063,2838,6400,3338,9238,4113,8463,12576
212975,1,112,2,72,22,0,0,94,0,72,22,94
212984,1,112,2,468,1374,65,248,1842,313,533,1622,2155
213011,1,112,2,322,676,120,378,998,498,442,1054,1496
213020,1,112,2,2315,3833,454,436,6148,890,2769,4269,7038
213181,1,112,2,24,277,4,45,301,49,28,322,350
213251,1,112,2,530,614,19,16,1144,35,549,630,1179
213321,1,112,2,802,756,43,70,1558,113,845,826,1671
213349,1,112,2,2589,3348,234,326,5937,560,2823,3674,6497
213367,1,112,2,760,1240,205,568,2000,773,965,1808,2773
213376,1,112,2,615,767,138,348,1382,486,753,1115,1868
213385,1,112,2,1355,1357,9,8,2712,17,1364,1365,2729
213507,1,112,2,726,861,43,53,1587,96,769,914,1683
213525,1,112,2,909,1013,1356,2964,1922,4320,2265,3977,6242
213570,1,112,2,60,359,0,0,419,0,60,359,419
213589,1,112,2,231,33,32,3,264,35,263,36,299
213598,1,112,2,554,1039,40,79,1593,119,594,1118,1712
213659,1,112,2,546,799,893,1982,1345,2875,1439,2781,4220
213668,1,112,2,500,552,2,5,1052,7,502,557,1059
213774,1,112,2,93,248,72,170,341,242,165,418,583
213987,1,112,2,934,1315,48,149,2249,197,982,1464,2446
213996,1,112,2,899,1378,79,139,2277,218,978,1517,2495
214041,1,112,2,1977,2669,431,737,4646,1168,2408,3406,5814
214111,1,112,2,1241,1299,2213,3843,2540,6056,3454,5142,8596
214148,1,112,2,0,347,0,8,347,8,0,355,355
214157,1,112,2,710,1079,30,85,1789,115,740,1164,1904
214175,1,112,2,737,1153,25,30,1890,55,762,1183,1945
214272,1,112,2,486,841,128,227,1327,355,614,1068,1682
214379,1,112,2,1352,1666,1803,3663,3018,5466,3155,5329,8484
214591,1,112,2,1947,1089,104,48,3036,152,2051,1137,3188
214625,1,112,2,244,147,31,38,391,69,275,185,460
214634,1,112,2,54,125,29,73,179,102,83,198,281
214643,1,112,2,218,119,18,8,337,26,236,127,363
214652,1,112,2,449,375,26,25,824,51,475,400,875
214670,1,112,2,463,317,47,61,780,108,510,378,888
214689,1,112,2,1311,1188,49,29,2499,78,1360,1217,2577
214698,1,112,2,276,211,13,22,487,35,289,233,522
214704,1,112,2,1130,743,99,99,1873,198,1229,842,2071
214713,1,112,2,2335,1453,179,96,3788,275,2514,1549,4063
214731,1,112,2,665,430,64,37,1095,101,729,467,1196
214740,1,112,2,185,121,19,41,306,60,204,162,366
214759,1,112,2,175,221,17,11,396,28,192,232,424
214768,1,112,2,243,209,10,11,452,21,253,220,473
214777,1,112,2,21368,19160,815,402,40528,1217,22183,19562,41745
214786,1,112,2,211,127,12,13,338,25,223,140,363
214795,1,112,2,232,342,43,53,574,96,275,395,670
214801,1,112,2,1657,1166,154,113,2823,267,1811,1279,3090
214810,1,112,2,204,349,24,46,553,70,228,395,623
214829,1,112,2,381,200,78,52,581,130,459,252,711
214883,1,112,2,38,125,145,454,163,599,183,579,762
215053,1,112,2,62,162,7,14,224,21,69,176,245
215062,1,112,2,4718,5694,326,512,10412,838,5044,6206,11250
215105,1,112,2,391,749,11,19,1140,30,402,768,1170
215239,1,112,2,1445,2362,2387,5442,3807,7829,3832,7804,11636
215266,1,112,2,473,541,17,43,1014,60,490,584,1074
215275,1,112,2,522,746,34,26,1268,60,556,772,1328
215284,1,112,2,1131,865,25,22,1996,47,1156,887,2043
215293,1,112,2,8149,11142,2207,2922,19291,5129,10356,14064,24420
215309,1,112,2,2,12,1,8,14,9,3,20,23
215381,1,112,2,503,38,0,0,541,0,503,38,541
215442,1,112,2,777,1422,98,121,2199,219,875,1543,2418
215479,1,112,2,9,55,0,0,64,0,9,55,64
215585,1,112,2,406,513,1180,2434,919,3614,1586,2947,4533
215655,1,112,2,1439,1145,89,94,2584,183,1528,1239,2767
215743,1,112,2,560,930,369,602,1490,971,929,1532,2461
215798,1,112,2,763,555,20,21,1318,41,783,576,1359
215929,1,112,2,1464,1981,82,66,3445,148,1546,2047,3593
216010,1,112,2,1956,2031,196,260,3987,456,2152,2291,4443
216038,1,112,2,2790,3536,207,224,6326,431,2997,3760,6757
216339,1,112,2,9574,12452,1061,1019,22026,2080,10635,13471,24106
216357,1,112,2,393,387,10,14,780,24,403,401,804
216366,1,112,2,864,2470,103,334,3334,437,967,2804,3771
216454,1,112,2,66,7,0,0,73,0,66,7,73
216524,1,112,2,778,724,15,10,1502,25,793,734,1527
216542,1,112,2,216,229,22,41,445,63,238,270,508
216579,1,112,2,4,89,0,0,93,0,4,89,93
216597,1,112,2,3100,3656,135,98,6756,233,3235,3754,6989
216667,1,112,2,594,544,8,3,1138,11,602,547,1149
216694,1,112,2,461,594,23,38,1055,61,484,632,1116
216746,1,112,2,36,5,10,1,41,11,46,6,52
216764,1,112,2,5146,7440,712,1094,12586,1806,5858,8534,14392
216825,1,112,2,522,818,905,1926,1340,2831,1427,2744,4171
216852,1,112,2,997,1342,64,152,2339,216,1061,1494,2555
216931,1,112,2,855,952,80,113,1807,193,935,1065,2000
216940,1,112,2,278,0,0,0,278,0,278,0,278
217013,1,112,2,136,446,95,289,582,384,231,735,966
217059,1,112,2,1263,1699,192,181,2962,373,1455,1880,3335
217156,1,112,2,3538,3651,137,313,7189,450,3675,3964,7639
217165,1,112,2,2025,1155,18,6,3180,24,2043,1161,3204
217235,1,112,2,1513,2442,97,106,3955,203,1610,2548,4158
217305,1,112,2,961,576,93,90,1537,183,1054,666,1720
217323,1,112,2,267,9,0,0,276,0,267,9,276
217402,1,112,2,1761,2069,80,86,3830,166,1841,2155,3996
217420,1,112,2,1159,2542,302,716,3701,1018,1461,3258,4719
217493,1,112,2,691,1417,0,0,2108,0,691,1417,2108
217518,1,112,2,1828,1873,230,172,3701,402,2058,2045,4103
217536,1,112,2,662,1466,17,45,2128,62,679,1511,2190
217581,1,112,2,1,90,0,44,91,44,1,134,135
217633,1,112,2,947,1910,121,259,2857,380,1068,2169,3237
217688,1,112,2,928,1655,109,144,2583,253,1037,1799,2836
217712,1,112,2,169,289,477,1261,458,1738,646,1550,2196
217721,1,112,2,756,952,43,45,1708,88,799,997,1796
217749,1,112,2,1037,1228,169,231,2265,400,1206,1459,2665
217819,1,112,2,2956,6229,325,462,9185,787,3281,6691,9972
217864,1,112,2,2137,332,160,66,2469,226,2297,398,2695
217873,1,112,2,493,1125,55,76,1618,131,548,1201,1749
217882,1,112,2,10236,11505,481,344,21741,825,10717,11849,22566
217891,1,112,2,84,108,2,3,192,5,86,111,197
217907,1,112,2,329,418,158,155,747,313,487,573,1060
217925,1,112,2,298,266,183,254,564,437,481,520,1001
217934,1,112,2,128,662,60,323,790,383,188,985,1173
217961,1,112,2,168,613,1,22,781,23,169,635,804
217989,1,112,2,151,176,147,251,327,398,298,427,725
218025,1,112,2,519,593,568,1260,1112,1828,1087,1853,2940
218061,1,112,2,896,1687,361,691,2583,1052,1257,2378,3635
218113,1,112,2,1823,2369,2761,4427,4192,7188,4584,6796,11380
218140,1,112,2,1488,2087,1328,3234,3575,4562,2816,5321,8137
218229,1,112,2,1033,2164,117,248,3197,365,1150,2412,3562
218335,1,112,2,31,259,1,9,290,10,32,268,300
218353,1,112,2,1644,2025,1748,3674,3669,5422,3392,5699,9091
218399,1,112,2,178,202,4,0,380,4,182,202,384
218414,1,112,2,704,560,11,21,1264,32,715,581,1296
218441,1,112,2,761,813,85,180,1574,265,846,993,1839
218487,1,112,2,214,349,376,1073,563,1449,590,1422,2012
218520,1,112,2,639,1094,1025,2557,1733,3582,1664,3651,5315
218539,1,112,2,444,449,17,45,893,62,461,494,955
218645,1,112,2,931,1521,217,476,2452,693,1148,1997,3145
218654,1,112,2,532,1133,129,259,1665,388,661,1392,2053
218663,1,112,2,11394,14848,581,520,26242,1101,11975,15368,27343
218672,1,112,2,280,395,437,660,675,1097,717,1055,1772
218681,1,112,2,140,145,159,301,285,460,299,446,745
218690,1,112,2,243,255,434,605,498,1039,677,860,1537
218706,1,112,2,146,148,351,453,294,804,497,601,1098
218724,1,112,2,4012,5003,405,374,9015,779,4417,5377,9794
218733,1,112,2,965,1149,129,131,2114,260,1094,1280,2374
218742,1,112,2,1166,2419,316,580,3585,896,1482,2999,4481
218821,1,112,2,441,517,47,59,958,106,488,576,1064
218830,1,112,2,1056,1421,1356,2391,2477,3747,2412,3812,6224
218885,1,112,2,1660,1494,980,1495,3154,2475,2640,2989,5629
218919,1,112,2,184,234,27,28,418,55,211,262,473
218973,1,112,2,860,947,10,6,1807,16,870,953,1823
218991,1,112,2,857,1047,1005,1612,1904,2617,1862,2659,4521
219037,1,112,2,0,57,1,4,57,5,1,61,62
219082,1,112,2,995,401,727,634,1396,1361,1722,1035,2757
219125,1,112,2,2,63,2,9,65,11,4,72,76
219170,1,112,2,3,20,0,0,23,0,3,20,23
219189,1,112,2,603,258,179,163,861,342,782,421,1203
219198,1,112,2,313,304,210,253,617,463,523,557,1080
219204,1,112,2,60,38,371,460,98,831,431,498,929
219259,1,112,2,453,604,660,1134,1057,1794,1113,1738,2851
219277,1,112,2,164,322,172,489,486,661,336,811,1147
219338,1,112,2,3,12,0,0,15,0,3,12,15
219347,1,112,2,1353,374,294,142,1727,436,1647,516,2163
219426,1,112,2,754,531,382,786,1285,1168,1136,1317,2453
219471,1,112,2,1633,2911,937,1651,4544,2588,2570,4562,7132
219480,1,112,2,279,254,272,462,533,734,551,716,1267
219602,1,112,2,2111,3215,1195,1599,5326,2794,3306,4814,8120
219639,1,112,2,30,273,37,437,303,474,67,710,777
219806,1,112,2,616,792,52,59,1408,111,668,851,1519
219824,1,112,2,1166,1855,1207,2201,3021,3408,2373,4056,6429
219833,1,112,2,448,554,117,134,1002,251,565,688,1253
219879,1,112,2,682,859,697,942,1541,1639,1379,1801,3180
219888,1,112,2,1048,1478,819,1609,2526,2428,1867,3087,4954
219921,1,112,2,101,76,163,56,177,219,264,132,396
219994,1,112,2,378,241,284,79,619,363,662,320,982
220057,1,112,2,428,760,406,1089,1188,1495,834,1849,2683
220075,1,112,2,3333,5147,758,1316,8480,2074,4091,6463,10554
220127,1,112,2,228,184,78,5,412,83,306,189,495
220163,1,112,2,2,51,0,19,53,19,2,70,72
220215,1,112,2,613,738,202,297,1351,499,815,1035,1850
220251,1,112,2,104,57,244,174,161,418,348,231,579
220279,1,112,2,136,60,313,134,196,447,449,194,643
220321,1,112,2,162,138,261,351,300,612,423,489,912
220394,1,112,2,144,89,69,26,233,95,213,115,328
220400,1,112,2,428,864,615,1535,1292,2150,1043,2399,3442
220473,1,112,2,280,325,34,30,605,64,314,355,669
220516,1,112,2,370,608,42,100,978,142,412,708,1120
220598,1,112,2,539,415,27,29,954,56,566,444,1010
220604,1,112,2,187,347,28,47,534,75,215,394,609
220701,1,112,2,313,436,50,97,749,147,363,533,896
220710,1,112,2,444,530,41,50,974,91,485,580,1065
220862,1,112,2,4385,6569,2169,3585,10954,5754,6554,10154,16708
220978,1,112,2,6573,7311,1564,1990,13884,3554,8137,9301,17438
221050,1,112,2,359,159,281,60,518,341,640,219,859
221096,1,112,2,1199,1677,889,1871,2876,2760,2088,3548,5636
221148,1,112,2,968,85,0,0,1053,0,968,85,1053
221184,1,112,2,1120,1598,1327,2572,2718,3899,2447,4170,6617
221333,1,112,2,111,72,326,56,183,382,437,128,565
221397,1,112,2,863,1316,665,1613,2179,2278,1528,2929,4457
221430,1,112,2,168,74,774,395,242,1169,942,469,1411
221485,1,112,2,966,1581,1315,2581,2547,3896,2281,4162,6443
221494,1,112,2,298,73,146,33,371,179,444,106,550
221519,1,112,2,752,838,10,13,1590,23,762,851,1613
221582,1,112,2,97,41,231,70,138,301,328,111,439
221607,1,112,2,118,74,327,58,192,385,445,132,577
221625,1,112,2,464,272,279,142,736,421,743,414,1157
221643,1,112,2,2022,1982,1942,2506,4004,4448,3964,4488,8452
221740,1,112,2,3690,5193,483,518,8883,1001,4173,5711,9884
221759,1,112,2,11690,14135,641,573,25825,1214,12331,14708,27039
221768,1,112,2,1633,2640,692,1200,4273,1892,2325,3840,6165
221838,1,112,2,2257,4429,363,629,6686,992,2620,5058,7678
221847,1,112,2,4214,3514,415,394,7728,809,4629,3908,8537
221908,1,112,2,1138,1469,1250,1243,2607,2493,2388,2712,5100
221999,1,112,2,3403,3679,40,29,7082,69,3443,3708,7151
222053,1,112,2,1422,2094,1206,2235,3516,3441,2628,4329,6957
222062,1,112,2,1027,1576,932,1942,2603,2874,1959,3518,5477
222178,1,112,2,1163,1901,61,86,3064,147,1224,1987,3211
222576,1,112,2,1390,2052,1829,3717,3442,5546,3219,5769,8988
222822,1,112,2,525,919,908,1650,1444,2558,1433,2569,4002
222831,1,112,2,2036,2857,1740,2433,4893,4173,3776,5290,9066
222877,1,112,2,135,79,1,1,214,2,136,80,216
222992,1,112,2,3817,4026,10960,15724,7843,26684,14777,19750,34527
223232,1,112,2,6024,8894,129,166,14918,295,6153,9060,15213
223320,1,112,2,296,528,1085,1990,824,3075,1381,2518,3899
223506,1,112,2,359,434,1497,1754,793,3251,1856,2188,4044
223816,1,112,2,659,982,2918,3767,1641,6685,3577,4749,8326
223922,1,112,2,256,300,355,460,556,815,611,760,1371
224147,1,112,2,2360,3652,733,1079,6012,1812,3093,4731,7824
224156,1,112,2,4,198,2,71,202,73,6,269,275
224323,1,112,2,631,796,10,16,1427,26,641,812,1453
224527,1,112,2,614,618,119,228,1232,347,733,846,1579
224554,1,112,2,2120,3238,826,1199,5358,2025,2946,4437,7383
224615,1,112,2,6752,8078,19419,29907,14830,49326,26171,37985,64156
224642,1,112,2,3058,3789,7291,10260,6847,17551,10349,14049,24398
224891,1,112,2,238,356,469,571,594,1040,707,927,1634
224961,1,112,2,267,389,422,948,656,1370,689,1337,2026
225043,1,112,2,10,1,0,0,11,0,10,1,11
225247,1,112,2,606,657,37,47,1263,84,643,704,1347
225399,1,112,2,826,1327,219,451,2153,670,1045,1778,2823
225414,1,112,2,1221,1977,1130,2024,3198,3154,2351,4001,6352
225432,1,112,2,2394,3749,2372,4341,6143,6713,4766,8090,12856
225511,1,112,2,12716,14604,5574,5049,27320,10623,18290,19653,37943
225548,1,112,2,365,294,50,64,659,114,415,358,773
225885,1,112,2,303,329,37,60,632,97,340,389,729
226116,1,112,2,254,460,708,1178,714,1886,962,1638,2600
226134,1,112,2,893,1211,3063,4150,2104,7213,3956,5361,9317
226204,1,112,2,546,468,3370,3423,1014,6793,3916,3891,7807
226277,1,112,2,1115,97,0,0,1212,0,1115,97,1212
226383,1,112,2,425,710,88,123,1135,211,513,833,1346
226408,1,112,2,478,637,1276,2091,1115,3367,1754,2728,4482
226471,1,112,2,997,1826,97,152,2823,249,1094,1978,3072
226578,1,112,2,778,1465,1464,3235,2243,4699,2242,4700,6942
226587,1,112,2,554,462,99,116,1016,215,653,578,1231
226675,1,112,2,47,289,0,0,336,0,47,289,336
227146,1,112,2,1014,1300,1413,2550,2314,3963,2427,3850,6277
227182,1,112,2,8560,10235,19480,30140,18795,49620,28040,40375,68415
227216,1,112,2,11755,14248,3374,3646,26003,7020,15129,17894,33023
227331,1,112,2,362,675,35,123,1037,158,397,798,1195
227368,1,112,2,7779,11881,2987,3787,19660,6774,10766,15668,26434
227377,1,112,2,782,894,2407,3565,1676,5972,3189,4459,7648
227386,1,112,2,326,594,476,990,920,1466,802,1584,2386
227401,1,112,2,597,866,1072,1892,1463,2964,1669,2758,4427
227526,1,112,2,2266,4897,347,593,7163,940,2613,5490,8103
227757,1,112,2,2241,2152,56,45,4393,101,2297,2197,4494
227845,1,112,2,992,1624,63,90,2616,153,1055,1714,2769
227863,1,112,2,820,1345,316,165,2165,481,1136,1510,2646
227881,1,112,2,5306,9267,1354,2308,14573,3662,6660,11575,18235
227979,1,112,2,3965,5344,8560,12724,9309,21284,12525,18068,30593
228042,1,112,2,460,568,18,52,1028,70,478,620,1098
228149,1,112,2,767,1168,29,37,1935,66,796,1205,2001
228158,1,112,2,1723,2146,1758,2953,3869,4711,3481,5099,8580
228246,1,112,2,3383,3497,95,81,6880,176,3478,3578,7056
228282,1,112,2,4,14,0,0,18,0,4,14,18
228343,1,112,2,677,788,8,10,1465,18,685,798,1483
228431,1,112,2,2881,4974,773,1277,7855,2050,3654,6251,9905
228459,1,112,2,10984,16775,2602,3473,27759,6075,13586,20248,33834
228501,1,112,2,479,439,171,461,918,632,650,900,1550
228529,1,112,2,3128,5617,1242,1893,8745,3135,4370,7510,11880
228547,1,112,2,3426,3848,13390,19467,7274,32857,16816,23315,40131
228644,1,112,2,169,503,53,60,672,113,222,563,785
228653,1,112,2,75,364,30,116,439,146,105,480,585
228699,1,112,2,381,596,1050,1773,977,2823,1431,2369,3800
228705,1,112,2,1956,1956,435,500,3912,935,2391,2456,4847
228723,1,112,2,26971,24179,3704,2658,51150,6362,30675,26837,57512
228769,1,112,2,8358,10544,3906,7983,18902,11889,12264,18527,30791
228778,1,112,2,16248,22343,1362,1356,38591,2718,17610,23699,41309
228787,1,112,2,10006,7963,2190,1458,17969,3648,12196,9421,21617
228796,1,112,2,6054,7629,2982,3500,13683,6482,9036,11129,20165
228802,1,112,2,1806,2796,866,1503,4602,2369,2672,4299,6971
228875,1,112,2,3939,6387,94,103,10326,197,4033,6490,10523
228909,1,112,2,0,0,3,2,0,5,3,2,5
229018,1,112,2,1187,1892,609,952,3079,1561,1796,2844,4640
229027,1,112,2,10155,11716,4035,3780,21871,7815,14190,15496,29686
229063,1,112,2,1967,3717,416,730,5684,1146,2383,4447,6830
229115,1,112,2,14731,14402,1817,1629,29133,3446,16548,16031,32579
229179,1,112,2,538,6084,724,2807,6622,3531,1262,8891,10153
229267,1,112,2,1151,1320,15,26,2471,41,1166,1346,2512
229337,1,112,2,158,1085,33,172,1243,205,191,1257,1448
229355,1,112,2,1981,2952,2447,4521,4933,6968,4428,7473,11901
229504,1,112,2,273,352,535,1089,625,1624,808,1441,2249
229780,1,112,2,647,656,439,533,1303,972,1086,1189,2275
229799,1,112,2,619,998,1354,2474,1617,3828,1973,3472,5445
229814,1,112,2,2173,3143,676,909,5316,1585,2849,4052,6901
229841,1,112,2,1091,1184,1219,2001,2275,3220,2310,3185,5495
229887,1,112,2,333,319,10,36,652,46,343,355,698
230038,1,112,2,13555,14699,1527,1630,28254,3157,15082,16329,31411
230047,1,112,2,1055,1539,53,88,2594,141,1108,1627,2735
230162,1,112,2,208,265,2050,995,473,3045,2258,1260,3518
230171,1,112,2,2946,4394,2321,2820,7340,5141,5267,7214,12481
230214,1,112,2,10,100,37,181,110,218,47,281,328
230597,1,112,2,1625,1854,1114,1404,3479,2518,2739,3258,5997
230603,1,112,2,3442,4643,1628,2936,8085,4564,5070,7579,12649
230676,1,112,2,64,50,792,336,114,1128,856,386,1242
230728,1,112,2,7621,9086,3405,4723,16707,8128,11026,13809,24835
230746,1,112,2,2697,2947,9282,11374,5644,20656,11979,14321,26300
230764,1,112,2,11035,10256,2570,2494,21291,5064,13605,12750,26355
230782,1,112,2,5019,6529,7767,9588,11548,17355,12786,16117,28903
230807,1,112,2,358,563,22,18,921,40,380,581,961
230816,1,112,2,218,494,40,25,712,65,258,519,777
230834,1,112,2,684,777,103,164,1461,267,787,941,1728
230852,1,112,2,1400,856,490,314,2256,804,1890,1170,3060
230861,1,112,2,269,518,1353,3456,787,4809,1622,3974,5596
230913,1,112,2,392,563,145,382,955,527,537,945,1482
230959,1,112,2,1284,1464,9,16,2748,25,1293,1480,2773
231059,1,112,2,559,634,11,5,1193,16,570,639,1209
231095,1,112,2,32,53,9,7,85,16,41,60,101
231165,1,112,2,392,352,299,369,744,668,691,721,1412
231174,1,112,2,4034,7116,289,459,11150,748,4323,7575,11898
231280,1,112,2,3,80,0,23,83,23,3,103,106
231411,1,112,2,408,51,0,0,459,0,408,51,459
231420,1,112,2,547,475,51,67,1022,118,598,542,1140
231536,1,112,2,482,603,955,1522,1085,2477,1437,2125,3562
231581,1,112,2,664,716,2,3,1380,5,666,719,1385
231624,1,112,2,2795,3921,40,41,6716,81,2835,3962,6797
231688,1,112,2,1,11,1,8,12,9,2,19,21
231697,1,112,2,437,605,958,1388,1042,2346,1395,1993,3388
231712,1,112,2,2012,2335,55,47,4347,102,2067,2382,4449
231785,1,112,2,205,500,46,530,705,576,251,1030,1281
231873,1,112,2,137,146,260,403,283,663,397,549,946
231882,1,112,2,430,467,531,846,897,1377,961,1313,2274
232025,1,112,2,520,538,12,12,1058,24,532,550,1082
232043,1,112,2,318,465,55,54,783,109,373,519,892
232052,1,112,2,57,113,218,270,170,488,275,383,658
232089,1,112,2,456,298,37,44,754,81,493,342,835
232186,1,112,2,10868,10644,2930,2572,21512,5502,13798,13216,27014
232195,1,112,2,902,1263,1913,3610,2165,5523,2815,4873,7688
232308,1,112,2,0,690,0,1,690,1,0,691,691
232414,1,112,2,1033,1319,1927,3248,2352,5175,2960,4567,7527
232450,1,112,2,894,1081,2778,4039,1975,6817,3672,5120,8792
232557,1,112,2,13140,17894,8211,9661,31034,17872,21351,27555,48906
232566,1,112,2,878,1993,83,200,2871,283,961,2193,3154
232575,1,112,2,763,982,1392,2583,1745,3975,2155,3565,5720
232609,1,112,2,567,944,22,56,1511,78,589,1000,1589
232706,1,112,2,581,1063,430,201,1644,631,1011,1264,2275
232788,1,112,2,332,490,386,720,822,1106,718,1210,1928
232867,1,112,2,742,630,1290,1318,1372,2608,2032,1948,3980
232946,1,112,2,6928,6399,18056,20513,13327,38569,24984,26912,51896
232982,1,112,2,6277,7619,2004,2475,13896,4479,8281,10094,18375
233019,1,112,2,476,572,309,504,1048,813,785,1076,1861
233037,1,112,2,125,178,286,599,303,885,411,777,1188
233116,1,112,2,457,541,1682,2342,998,4024,2139,2883,5022
233277,1,112,2,2071,3417,192,328,5488,520,2263,3745,6008
233286,1,112,2,17,82,1,16,99,17,18,98,116
233295,1,112,2,653,797,24,16,1450,40,677,813,1490
233310,1,112,2,252,382,679,1278,634,1957,931,1660,2591
233338,1,112,2,323,397,548,783,720,1331,871,1180,2051
233374,1,112,2,1397,1622,54,72,3019,126,1451,1694,3145
233426,1,112,2,802,957,38,29,1759,67,840,986,1826
233541,1,112,2,853,1187,96,325,2040,421,949,1512,2461
233611,1,112,2,531,479,23,20,1010,43,554,499,1053
233639,1,112,2,281,661,778,1392,942,2170,1059,2053,3112
233648,1,112,2,417,604,388,754,1021,1142,805,1358,2163
233666,1,112,2,1,16,0,5,17,5,1,21,22
233718,1,112,2,0,450,0,7,450,7,0,457,457
233754,1,112,2,820,959,1645,2594,1779,4239,2465,3553,6018
233772,1,112,2,2063,2835,4606,6691,4898,11297,6669,9526,16195
233903,1,112,2,316,424,467,861,740,1328,783,1285,2068
233921,1,112,2,16805,12764,573,292,29569,865,17378,13056,30434
233949,1,112,2,722,905,1791,2442,1627,4233,2513,3347,5860
234030,1,112,2,6545,11720,1134,1559,18265,2693,7679,13279,20958
234076,1,112,2,7229,9294,452,469,16523,921,7681,9763,17444
234119,1,112,2,29,53,16,18,82,34,45,71,116
234155,1,112,2,1654,2433,83,130,4087,213,1737,2563,4300
234207,1,112,2,911,948,5,3,1859,8,916,951,1867
234377,1,112,2,233,475,566,842,708,1408,799,1317,2116
234669,1,112,2,2581,2966,2087,2983,5547,5070,4668,5949,10617
234696,1,112,2,599,457,222,354,1056,576,821,811,1632
234711,1,112,2,516,687,213,320,1203,533,729,1007,1736
234827,1,112,2,3625,3994,506,618,7619,1124,4131,4612,8743
234845,1,112,2,513,775,375,614,1288,989,888,1389,2277
234924,1,112,2,30,231,0,0,261,0,30,231,261
234933,1,112,2,1423,2105,1187,1878,3528,3065,2610,3983,6593
234951,1,112,2,691,903,361,833,1594,1194,1052,1736,2788
234979,1,112,2,1399,2025,1409,1359,3424,2768,2808,3384,6192
235024,1,112,2,147,261,9,26,408,35,156,287,443
235097,1,112,2,2870,3813,432,489,6683,921,3302,4302,7604
235103,1,112,2,1267,1274,1323,1889,2541,3212,2590,3163,5753
235149,1,112,2,1354,1663,1253,1784,3017,3037,2607,3447,6054
235237,1,112,2,1675,2821,1568,2571,4496,4139,3243,5392,8635
235307,1,112,2,5,95,0,0,100,0,5,95,100
235316,1,112,2,2298,2700,48,38,4998,86,2346,2738,5084
235334,1,112,2,433,529,224,289,962,513,657,818,1475
235343,1,112,2,1818,1951,1080,1403,3769,2483,2898,3354,6252
235431,1,112,2,978,1592,742,1372,2570,2114,1720,2964,4684
235547,1,112,2,5,38,5,26,43,31,10,64,74
235671,1,112,2,1435,673,1080,945,2108,2025,2515,1618,4133
235699,1,112,2,760,766,536,1088,1526,1624,1296,1854,3150
235750,1,112,2,410,824,339,862,1234,1201,749,1686,2435
236072,1,112,2,713,749,1036,2177,1462,3213,1749,2926,4675
236188,1,112,2,1235,1665,907,1098,2900,2005,2142,2763,4905
236258,1,112,2,265,501,279,538,766,817,544,1039,1583
236328,1,112,2,712,962,15,23,1674,38,727,985,1712
236382,1,112,2,492,472,1610,498,964,2108,2102,970,3072
236452,1,112,2,503,764,47,51,1267,98,550,815,1365
236504,1,112,2,807,534,2814,746,1341,3560,3621,1280,4901
236513,1,112,2,1197,1553,703,1023,2750,1726,1900,2576,4476
236577,1,112,2,750,1582,46,54,2332,100,796,1636,2432
236595,1,112,2,1514,2360,74,98,3874,172,1588,2458,4046
236610,1,112,2,941,999,881,1597,1940,2478,1822,2596,4418
236638,1,112,2,817,1093,940,1010,1910,1950,1757,2103,3860
236656,1,112,2,936,1293,520,1039,2229,1559,1456,2332,3788
236692,1,112,2,1380,1914,1330,1878,3294,3208,2710,3792,6502
236708,1,112,2,1081,1495,467,752,2576,1219,1548,2247,3795
236753,1,112,2,1322,2077,645,1458,3399,2103,1967,3535,5502
236887,1,112,2,759,792,602,509,1551,1111,1361,1301,2662
236896,1,112,2,605,569,65,61,1174,126,670,630,1300
236939,1,112,2,9396,10416,1197,1603,19812,2800,10593,12019,22612
236975,1,112,2,658,1084,258,529,1742,787,916,1613,2529
237011,1,112,2,5069,7153,834,745,12222,1579,5903,7898,13801
237039,1,112,2,762,874,696,1008,1636,1704,1458,1882,3340
237057,1,112,2,629,821,23,20,1450,43,652,841,1493
237066,1,112,2,834,1163,28,22,1997,50,862,1185,2047
237109,1,112,2,644,1475,285,875,2119,1160,929,2350,3279
237118,1,112,2,382,231,14,47,613,61,396,278,674
237181,1,112,2,333,260,1,5,593,6,334,265,599
237303,1,112,2,26,29,0,0,55,0,26,29,55
237312,1,112,2,660,647,772,286,1307,1058,1432,933,2365
237321,1,112,2,5,56,0,0,61,0,5,56,61
237330,1,112,2,525,717,68,89,1242,157,593,806,1399
237358,1,112,2,263,373,3,11,636,14,266,384,650
237367,1,112,2,1069,1286,281,561,2355,842,1350,1847,3197
237385,1,112,2,468,507,349,284,975,633,817,791,1608
237525,1,112,2,2704,3644,650,954,6348,1604,3354,4598,7952
237686,1,112,2,361,605,458,864,966,1322,819,1469,2288
237701,1,112,2,395,487,90,173,882,263,485,660,1145
237792,1,112,2,805,1290,246,377,2095,623,1051,1667,2718
237817,1,112,2,276,623,137,329,899,466,413,952,1365
237899,1,112,2,585,731,926,1392,1316,2318,1511,2123,3634
237950,1,112,2,577,395,194,315,972,509,771,710,1481
237969,1,112,2,421,456,8,4,877,12,429,460,889
238014,1,112,2,229,322,198,473,551,671,427,795,1222
238032,1,112,2,8514,9029,665,851,17543,1516,9179,9880,19059
238175,1,112,2,1,112,0,0,113,0,1,112,113
238193,1,112,2,4,595,14,175,599,189,18,770,788
238263,1,112,2,1638,1584,4174,5540,3222,9714,5812,7124,12936
238397,1,112,2,267,378,611,1135,645,1746,878,1513,2391
238430,1,112,2,160,258,112,225,418,337,272,483,755
238458,1,112,2,840,1764,70,97,2604,167,910,1861,2771
238722,1,112,2,1054,838,5172,4117,1892,9289,6226,4955,11181
238759,1,112,2,566,564,4258,4493,1130,8751,4824,5057,9881
239008,1,112,2,217,193,1464,1280,410,2744,1681,1473,3154
239017,1,112,2,647,758,11,10,1405,21,658,768,1426
239071,1,112,2,196,286,101,153,482,254,297,439,736
239105,1,112,2,3156,4028,172,172,7184,344,3328,4200,7528
239248,1,112,2,1590,1670,3387,5564,3260,8951,4977,7234,12211
239309,1,112,2,188,694,5,9,882,14,193,703,896
239318,1,112,2,1806,708,46,15,2514,61,1852,723,2575
239372,1,112,2,396,427,868,1383,823,2251,1264,1810,3074
239442,1,112,2,71,114,350,651,185,1001,421,765,1186
239488,1,112,2,1157,1116,3570,4818,2273,8388,4727,5934,10661
239512,1,112,2,239,263,5,11,502,16,244,274,518
239716,1,112,2,772,1011,20,11,1783,31,792,1022,1814
239877,1,112,2,1,31,0,7,32,7,1,38,39
240107,1,112,2,307,896,47,235,1203,282,354,1131,1485
240170,1,112,2,837,719,870,1446,1556,2316,1707,2165,3872
240189,1,112,2,4207,3891,518,751,8098,1269,4725,4642,9367
240198,1,112,2,388,467,692,1130,855,1822,1080,1597,2677
240268,1,112,2,3424,5100,315,584,8524,899,3739,5684,9423
240277,1,112,2,1894,3120,1194,2938,5014,4132,3088,6058,9146
240329,1,112,2,3722,5034,311,280,8756,591,4033,5314,9347
240338,1,112,2,435,529,22,17,964,39,457,546,1003
240365,1,112,2,2799,3960,2312,3556,6759,5868,5111,7516,12627
240374,1,112,2,1077,1317,352,490,2394,842,1429,1807,3236
240417,1,112,2,2984,2129,598,543,5113,1141,3582,2672,6254
240426,1,112,2,619,985,189,420,1604,609,808,1405,2213
240444,1,112,2,15761,18077,1309,1159,33838,2468,17070,19236,36306
240453,1,112,2,6759,8150,1508,1931,14909,3439,8267,10081,18348
240462,1,112,2,3330,1999,454,245,5329,699,3784,2244,6028
240471,1,112,2,1385,2613,317,461,3998,778,1702,3074,4776
240480,1,112,2,2781,3515,368,649,6296,1017,3149,4164,7313
240505,1,112,2,592,834,893,1035,1426,1928,1485,1869,3354
240514,1,112,2,247,365,625,686,612,1311,872,1051,1923
240596,1,112,2,166,289,415,551,455,966,581,840,1421
240620,1,112,2,541,832,918,1479,1373,2397,1459,2311,3770
240657,1,112,2,300,350,318,455,650,773,618,805,1423
240666,1,112,2,521,735,1141,1199,1256,2340,1662,1934,3596
240727,1,112,2,3392,3670,591,865,7062,1456,3983,4535,8518
240745,1,112,2,289,409,434,486,698,920,723,895,1618
240790,1,112,2,366,587,124,220,953,344,490,807,1297
241182,1,112,2,75,322,0,0,397,0,75,322,397
241191,1,112,2,263,420,51,62,683,113,314,482,796
241225,1,112,2,137,285,58,131,422,189,195,416,611
241331,1,112,2,87,464,22,130,551,152,109,594,703
241377,1,112,2,215,336,34,63,551,97,249,399,648
241386,1,112,2,23,81,4,23,104,27,27,104,131
241395,1,112,2,83,159,18,48,242,66,101,207,308
241410,1,112,2,1248,2305,236,350,3553,586,1484,2655,4139
241720,1,112,2,153,280,82,81,433,163,235,361,596
241739,1,112,2,993,2150,522,1115,3143,1637,1515,3265,4780
241766,1,112,2,118,56,86,31,174,117,204,87,291
241836,1,112,2,139,246,152,387,385,539,291,633,924
241906,1,112,2,74,161,0,0,235,0,74,161,235
241951,1,112,2,83,275,41,90,358,131,124,365,489
242112,1,112,2,153,183,13,42,336,55,166,225,391
242130,1,112,2,72,188,23,43,260,66,95,231,326
242149,1,112,2,69,190,19,69,259,88,88,259,347
242556,1,112,2,157,83,5,2,240,7,162,85,247
242617,1,112,2,1093,1265,176,213,2358,389,1269,1478,2747
242626,1,112,2,968,1432,244,324,2400,568,1212,1756,2968
242635,1,112,2,727,1239,143,336,1966,479,870,1575,2445
242644,1,112,2,275,523,59,143,798,202,334,666,1000
242653,1,112,2,1015,1346,398,519,2361,917,1413,1865,3278
242662,1,112,2,778,1351,221,429,2129,650,999,1780,2779
242680,1,112,2,357,625,82,147,982,229,439,772,1211
242699,1,112,2,374,845,78,191,1219,269,452,1036,1488
242705,1,112,2,1728,1396,370,258,3124,628,2098,1654,3752
243106,1,112,2,800,977,89,119,1777,208,889,1096,1985
243142,1,112,2,631,1127,204,308,1758,512,835,1435,2270
243179,1,112,2,786,1576,98,174,2362,272,884,1750,2634
243188,1,112,2,157,148,22,19,305,41,179,167,346
243203,1,112,2,37,208,3,16,245,19,40,224,264
243212,1,112,2,935,1086,66,134,2021,200,1001,1220,2221
243221,1,112,2,2880,5190,467,675,8070,1142,3347,5865,9212
243346,1,112,2,1202,1888,592,969,3090,1561,1794,2857,4651
243443,1,112,2,1099,1946,259,427,3045,686,1358,2373,3731
243577,1,112,2,1146,509,1483,527,1655,2010,2629,1036,3665
243586,1,112,2,201,355,32,71,556,103,233,426,659
243601,1,112,2,2195,3492,995,1241,5687,2236,3190,4733,7923
243638,1,112,2,522,799,289,386,1321,675,811,1185,1996
243647,1,112,2,137,142,69,106,279,175,206,248,454
243744,1,112,2,3744,4017,168,120,7761,288,3912,4137,8049
243780,1,112,2,21065,15419,1145,964,36484,2109,22210,16383,38593
243832,1,112,2,153,408,189,457,561,646,342,865,1207
243841,1,112,2,73,290,16,87,363,103,89,377,466
244437,1,112,2,2450,3391,3486,6129,5841,9615,5936,9520,15456
244446,1,112,2,296,321,745,1512,617,2257,1041,1833,2874
245281,1,112,2,41,37,0,0,78,0,41,37,78
245625,1,112,2,257,362,1231,1536,619,2767,1488,1898,3386
246813,1,112,2,301,380,1017,2167,681,3184,1318,2547,3865
246895,1,112,2,84,167,94,98,251,192,178,265,443
247603,1,112,2,741,598,420,422,1339,842,1161,1020,2181
247834,1,112,2,5876,5485,9908,13808,11361,23716,15784,19293,35077
247940,1,112,2,700,892,1388,1641,1592,3029,2088,2533,4621
248925,1,112,2,348,244,327,97,592,424,675,341,1016
248934,1,112,2,4438,6837,46,78,11275,124,4484,6915,11399
249238,1,112,2,7,205,8,110,212,118,15,315,330
251260,1,112,2,1177,1163,760,1286,2340,2046,1937,2449,4386
260813,1,112,2,26,206,0,0,232,0,26,206,232
260929,1,112,2,17,168,0,1,185,1,17,169,186
262031,1,112,2,1404,1735,982,1679,3139,2661,2386,3414,5800
262086,1,112,2,438,576,1185,2623,1014,3808,1623,3199,4822
262129,1,112,2,208,453,6,2,661,8,214,455,669
262341,1,112,2,535,80,0,0,615,0,535,80,615
363165,1,112,2,306,261,732,620,567,1352,1038,881,1919
363633,1,112,2,106,146,241,281,252,522,347,427,774
363907,1,112,2,185,115,73,32,300,105,258,147,405
363916,1,112,2,35,77,9,20,112,29,44,97,141
364016,1,112,2,840,742,1705,2389,1582,4094,2545,3131,5676
364025,1,112,2,1803,1648,4771,5553,3451,10324,6574,7201,13775
364636,1,112,2,37,94,0,31,131,31,37,125,162
365198,1,112,2,2,42,272,247,44,519,274,289,563
365480,1,112,2,20,94,408,284,114,692,428,378,806
366003,1,112,2,27,59,74,79,86,153,101,138,239
366252,1,112,2,2454,1018,275,487,3472,762,2729,1505,4234
366395,1,112,2,4452,4661,4531,6370,9113,10901,8983,11031,20014
366401,1,112,2,1134,1040,2039,2511,2174,4550,3173,3551,6724
366465,1,112,2,293,471,411,870,764,1281,704,1341,2045
366623,1,112,2,9,23,116,113,32,229,125,136,261
366632,1,112,2,0,5,0,0,5,0,0,5,5
366711,1,112,2,4457,6687,1163,1607,11144,2770,5620,8294,13914
367334,1,112,2,130,18,36,5,148,41,166,23,189
367459,1,112,2,832,1050,2258,3453,1882,5711,3090,4503,7593
368230,1,112,2,1,64,3,26,65,29,4,90,94
368911,1,112,2,76,195,419,1067,271,1486,495,1262,1757
372356,1,112,2,4,184,0,0,188,0,4,184,188
374574,1,112,2,94,378,23,180,472,203,117,558,675
375106,1,112,2,100,23,14,1,123,15,114,24,138
375407,1,112,2,19,65,5,6,84,11,24,71,95
375416,1,112,2,51,135,0,0,186,0,51,135,186
375726,1,112,2,186,215,119,48,401,167,305,263,568
375984,1,112,2,7,135,2,42,142,44,9,177,186
376288,1,112,2,30,81,0,0,111,0,30,81,111
376385,1,112,2,86,94,1,4,180,5,87,98,185
376446,1,112,2,1,15,0,56,16,56,1,71,72
376631,1,112,2,8,11,0,2,19,2,8,13,21
377218,1,112,2,121,4,0,0,125,0,121,4,125
377643,1,112,2,7,101,0,0,108,0,7,101,108
377722,1,112,2,21,415,0,0,436,0,21,415,436
379621,1,112,2,5,51,0,16,56,16,5,67,72
380359,1,112,2,48,139,53,298,187,351,101,437,538
382258,1,112,2,3,59,10,70,62,80,13,129,142
383190,1,112,2,345,315,500,967,660,1467,845,1282,2127
383765,1,112,2,5,93,1,49,98,50,6,142,148
383996,1,112,2,47,104,206,334,151,540,253,438,691
384254,1,112,2,303,154,28,16,457,44,331,170,501
384333,1,112,2,977,1444,2775,4424,2421,7199,3752,5868,9620
384342,1,112,2,770,829,1268,1907,1599,3175,2038,2736,4774
395362,1,112,2,118,252,363,669,370,1032,481,921,1402
399212,1,112,2,1104,1097,6415,3080,2201,9495,7519,4177,11696
399911,1,112,2,156,289,0,0,445,0,156,289,445
400187,1,112,2,50,277,20,169,327,189,70,446,516
401764,1,112,2,0,71,5,147,71,152,5,218,223
403469,1,112,2,101,115,976,548,216,1524,1077,663,1740
403478,1,112,2,167,180,116,173,347,289,283,353,636
403487,1,112,2,192,225,165,344,417,509,357,569,926
404426,1,112,2,450,412,701,972,862,1673,1151,1384,2535
404684,1,112,2,91,222,0,0,313,0,91,222,313
405872,1,112,2,450,412,744,1285,862,2029,1194,1697,2891
407179,1,112,2,2,59,1,29,61,30,3,88,91
407461,1,112,2,54,18,0,0,72,0,54,18,72
407470,1,112,2,4,108,1,32,112,33,5,140,145
407735,1,112,2,1,63,0,0,64,0,1,63,64
407832,1,112,2,46,29,71,43,75,114,117,72,189
408066,1,112,2,29,93,11,49,122,60,40,142,182
408844,1,112,2,543,1039,203,681,1582,884,746,1720,2466
409591,1,112,2,7,37,11,33,44,44,18,70,88
409698,1,112,2,2061,3362,415,410,5423,825,2476,3772,6248
412544,1,112,2,7,86,1,56,93,57,8,142,150
413617,1,112,2,25,42,52,162,67,214,77,204,281
414878,1,112,2,61,97,128,184,158,312,189,281,470
414911,1,112,2,282,349,568,1071,631,1639,850,1420,2270
415039,1,112,2,3,34,0,12,37,12,3,46,49
416801,1,112,2,59,236,11,31,295,42,70,267,337
417008,1,112,2,2,108,0,0,110,0,2,108,110
417655,1,112,2,2,17,0,0,19,0,2,17,19
417716,1,112,2,4,189,0,0,193,0,4,189,193
417734,1,112,2,14,35,16,69,49,85,30,104,134
417752,1,112,2,7,10,1,1,17,2,8,11,19
417840,1,112,2,29,364,0,0,393,0,29,364,393
417886,1,112,2,1,19,0,0,20,0,1,19,20
417910,1,112,2,31,170,0,0,201,0,31,170,201
418029,1,112,2,4,38,0,0,42,0,4,38,42
418065,1,112,2,24,180,8,45,204,53,32,225,257
418083,1,112,2,8,42,0,0,50,0,8,42,50
418481,1,112,2,0,38,0,0,38,0,0,38,38
418533,1,112,2,22,178,12,27,200,39,34,205,239
418588,1,112,2,1,33,0,0,34,0,1,33,34
419031,1,112,2,2,33,0,0,35,0,2,33,35
420042,1,112,2,14,10,0,0,24,0,14,10,24
420130,1,112,2,12,252,0,0,264,0,12,252,264
420343,1,112,2,667,20,165,9,687,174,832,29,861
420431,1,112,2,103,224,529,963,327,1492,632,1187,1819
420440,1,112,2,194,251,398,782,445,1180,592,1033,1625
420538,1,112,2,199,281,289,478,480,767,488,759,1247
420556,1,112,2,115,175,248,501,290,749,363,676,1039
421610,1,112,2,8,120,0,6,128,6,8,126,134
421717,1,112,2,9,2,11,7,11,18,20,9,29
423652,1,112,2,37,121,68,172,158,240,105,293,398
426314,1,112,2,1800,375,5397,907,2175,6304,7197,1282,8479
428055,1,112,2,35,106,0,0,141,0,35,106,141
430227,1,112,2,1,56,0,17,57,17,1,73,74
430403,1,112,2,14,206,0,0,220,0,14,206,220
430564,1,112,2,4,13,7,12,17,19,11,25,36
430971,1,112,2,5,31,0,0,36,0,5,31,36
431275,1,112,2,2,6,3,22,8,25,5,28,33
431284,1,112,2,0,60,0,8,60,8,0,68,68
433040,1,112,2,3,38,0,0,41,0,3,38,41
433101,1,112,2,64,407,19,183,471,202,83,590,673
433387,1,112,2,45265,67542,0,0,112807,0,45265,67542,112807
433420,1,112,2,285,45,0,0,330,0,285,45,330
433660,1,112,2,4899,6438,1266,1527,11337,2793,6165,7965,14130
434061,1,112,2,1311,1708,835,1823,3019,2658,2146,3531,5677
434159,1,112,2,351,80,0,0,431,0,351,80,431
434469,1,112,2,42,235,0,2,277,2,42,237,279
434584,1,112,2,17,31,40,91,48,131,57,122,179
434672,1,112,2,1968,2090,3670,7591,4058,11261,5638,9681,15319
435000,1,112,2,9,13,0,1,22,1,9,14,23
436553,1,112,2,136,637,0,0,773,0,136,637,773
436818,1,112,2,295,401,35,37,696,72,330,438,768
436827,1,112,2,258,205,16,14,463,30,274,219,493
436836,1,112,2,1079,1026,106,86,2105,192,1185,1112,2297
437103,1,112,2,1359,2201,1860,3864,3560,5724,3219,6065,9284
438586,1,112,2,271,521,59,107,792,166,330,628,958
438708,1,112,2,29,91,54,202,120,256,83,293,376
439190,1,112,2,541,523,368,412,1064,780,909,935,1844
439367,1,112,2,349,865,0,0,1214,0,349,865,1214
439844,1,112,2,0,54,0,0,54,0,0,54,54
440101,1,112,2,0,51,4,56,51,60,4,107,111
440271,1,112,2,69,83,0,0,152,0,69,83,152
440749,1,112,2,5,1,38,17,6,55,43,18,61
440828,1,112,2,300,285,245,212,585,457,545,497,1042
441371,1,112,2,199,6159,0,10,6358,10,199,6169,6368
441690,1,112,2,29,22,60,29,51,89,89,51,140
441760,1,112,2,717,653,1463,1975,1370,3438,2180,2628,4808
441900,1,112,2,440,1557,1530,3588,1997,5118,1970,5145,7115
441937,1,112,2,1409,2910,539,876,4319,1415,1948,3786,5734
442073,1,112,2,105,328,18,149,433,167,123,477,600
442240,1,112,2,45,203,34,123,248,157,79,326,405
442329,1,112,2,832,99,0,0,931,0,832,99,931
442356,1,112,2,66,489,118,967,555,1085,184,1456,1640
442523,1,112,2,27,46,2,2,73,4,29,48,77
442930,1,112,2,202,251,19,15,453,34,221,266,487
443049,1,112,2,47,41,52,37,88,89,99,78,177
443058,1,112,2,2,1,11,20,3,31,13,21,34
443100,1,112,2,28,18,0,0,46,0,28,18,46
443331,1,112,2,416,1674,109,421,2090,530,525,2095,2620
443641,1,112,2,3,62,1,63,65,64,4,125,129
444219,1,112,2,924,974,3008,3890,1898,6898,3932,4864,8796
444282,1,112,2,1,35,1,47,36,48,2,82,84
444291,1,112,2,3,82,2,38,85,40,5,120,125
444307,1,112,2,1,46,1,14,47,15,2,60,62
444468,1,112,2,1,34,0,5,35,5,1,39,40
444486,1,112,2,9,231,2,30,240,32,11,261,272
444556,1,112,2,212,225,0,0,437,0,212,225,437
444565,1,112,2,106,142,42,53,248,95,148,195,343
444583,1,112,2,160,215,0,0,375,0,160,215,375
444671,1,112,2,57,85,0,0,142,0,57,85,142
444787,1,112,2,225,1568,177,1018,1793,1195,402,2586,2988
445027,1,112,2,3567,5976,259,645,9543,904,3826,6621,10447
445133,1,112,2,35,50,12,25,85,37,47,75,122
445188,1,112,2,4167,4035,84,57,8202,141,4251,4092,8343
445212,1,112,2,19,65,15,69,84,84,34,134,168
445267,1,112,2,172,721,637,1278,893,1915,809,1999,2808
445498,1,112,2,11,0,0,0,11,0,11,0,11
445708,1,112,2,373,728,14,25,1101,39,387,753,1140
445911,1,112,2,244,295,79,119,539,198,323,414,737
445948,1,112,2,292,1670,0,0,1962,0,292,1670,1962
446206,1,112,2,2,46,0,11,48,11,2,57,59
446233,1,112,2,81,59,7,10,140,17,88,69,157
446251,1,112,2,20,44,0,0,64,0,20,44,64
446288,1,112,2,0,50,0,27,50,27,0,77,77
446774,1,112,2,312,438,1350,2147,750,3497,1662,2585,4247
447148,1,112,2,4,126,0,62,130,62,4,188,192
447166,1,112,2,4,33,1,20,37,21,5,53,58
447175,1,112,2,3,39,1,30,42,31,4,69,73
447582,1,112,2,196,366,136,309,562,445,332,675,1007
447689,1,112,2,2999,4189,1554,2288,7188,3842,4553,6477,11030
447759,1,112,2,67,174,4,18,241,22,71,192,263
447999,1,112,2,32,136,0,0,168,0,32,136,168
448026,1,112,2,6,90,0,26,96,26,6,116,122
448196,1,112,2,9,97,0,3,106,3,9,100,109
448220,1,112,2,6,137,0,0,143,0,6,137,143
448248,1,112,2,44,340,1794,1128,384,2922,1838,1468,3306
448594,1,112,2,470,752,942,1681,1222,2623,1412,2433,3845
448673,1,112,2,93,928,139,1224,1021,1363,232,2152,2384
448798,1,112,2,6,110,0,0,116,0,6,110,116
449320,1,112,2,503,13,176,5,516,181,679,18,697
449357,1,112,2,4,77,0,0,81,0,4,77,81
449384,1,112,2,183,116,151,89,299,240,334,205,539
449472,1,112,2,1,81,0,0,82,0,1,81,82
449889,1,112,2,36,106,0,0,142,0,36,106,142
449959,1,112,2,20,65,16,49,85,65,36,114,150
449968,1,112,2,40,168,15,61,208,76,55,229,284
449977,1,112,2,2,159,1,44,161,45,3,203,206
449986,1,112,2,36,127,31,69,163,100,67,196,263
449995,1,112,2,5,69,2,53,74,55,7,122,129
450571,1,112,2,25,168,25,206,193,231,50,374,424
450599,1,112,2,1,49,0,0,50,0,1,49,50
450605,1,112,2,3,31,1,18,34,19,4,49,53
450614,1,112,2,3,79,1,31,82,32,4,110,114
450641,1,112,2,16,155,3,99,171,102,19,254,273
450720,1,112,2,5,293,3,391,298,394,8,684,692
450933,1,112,2,3970,2458,3450,1452,6428,4902,7420,3910,11330
451121,1,112,2,4,51,5,57,55,62,9,108,117
451565,1,112,2,14,154,10,3,168,13,24,157,181
451583,1,112,2,108,42,643,211,150,854,751,253,1004
451714,1,112,2,12,169,39,72,181,111,51,241,292
451750,1,112,2,211,429,40,363,640,403,251,792,1043
451857,1,112,2,4,59,0,0,63,0,4,59,63
451918,1,112,2,13,108,0,0,121,0,13,108,121
452009,1,112,2,2,52,0,0,54,0,2,52,54
453297,1,112,2,0,0,12,23,0,35,12,23,35
454227,1,112,2,328,2439,923,7971,2767,8894,1251,10410,11661
454236,1,112,2,21,188,39,289,209,328,60,477,537
454245,1,112,2,50,246,92,430,296,522,142,676,818
454652,1,112,2,3,139,0,0,142,0,3,139,142
454698,1,112,2,90,214,0,0,304,0,90,214,304
454768,1,112,2,22,99,12,82,121,94,34,181,215
454777,1,112,2,20,119,9,65,139,74,29,184,213
454810,1,112,2,2373,6521,0,0,8894,0,2373,6521,8894
454926,1,112,2,15,255,2,47,270,49,17,302,319
454944,1,112,2,15,223,0,0,238,0,15,223,238
455026,1,112,2,0,0,80,6,0,86,80,6,86
455080,1,112,2,26,212,0,1,238,1,26,213,239
455114,1,112,2,1192,1095,3151,4482,2287,7633,4343,5577,9920
455196,1,112,2,291,3088,0,0,3379,0,291,3088,3379
455284,1,112,2,5,170,2,64,175,66,7,234,241
455512,1,112,2,259,387,999,1796,646,2795,1258,2183,3441
455831,1,112,2,13,102,0,0,115,0,13,102,115
455868,1,112,2,39,253,0,0,292,0,39,253,292
455901,1,112,2,5,74,9,81,79,90,14,155,169
456029,1,112,2,9,161,0,62,170,62,9,223,232
456065,1,112,2,2,136,0,4,138,4,2,140,142
456074,1,112,2,7,135,0,1,142,1,7,136,143
456135,1,112,2,1,65,0,29,66,29,1,94,95
456481,1,112,2,0,0,18,16,0,34,18,16,34
456825,1,112,2,4,117,4,44,121,48,8,161,169
456959,1,112,2,114,481,10,25,595,35,124,506,630
457031,1,112,2,0,43,0,22,43,22,0,65,65
457129,1,112,2,14,221,80,603,235,683,94,824,918
457253,1,112,2,2,37,4,79,39,83,6,116,122
457299,1,112,2,57,266,8,34,323,42,65,300,365
457323,1,112,2,44,353,0,0,397,0,44,353,397
457475,1,112,2,3,113,0,0,116,0,3,113,116
457493,1,112,2,3,57,0,0,60,0,3,57,60
457527,1,112,2,1,16,19,175,17,194,20,191,211
457545,1,112,2,2,71,1,18,73,19,3,89,92
457633,1,112,2,1,82,7,141,83,148,8,223,231
457679,1,112,2,1,25,0,0,26,0,1,25,26
457855,1,112,2,2,55,1,15,57,16,3,70,73
458140,1,112,2,54,8,0,0,62,0,54,8,62
458210,1,112,2,514,1773,166,570,2287,736,680,2343,3023
458229,1,112,2,457,1638,108,376,2095,484,565,2014,2579
458274,1,112,2,5,160,0,32,165,32,5,192,197
458803,1,112,2,1,107,0,54,108,54,1,161,162
458812,1,112,2,2,71,1,17,73,18,3,88,91
458821,1,112,2,2,66,0,0,68,0,2,66,68
458830,1,112,2,0,124,3,47,124,50,3,171,174
458858,1,112,2,3,127,3,92,130,95,6,219,225
458867,1,112,2,5,140,2,56,145,58,7,196,203
459019,1,112,2,5,74,1,16,79,17,6,90,96
459046,1,112,2,2,42,1,12,44,13,3,54,57
459055,1,112,2,0,27,1,18,27,19,1,45,46
459064,1,112,2,3,46,2,22,49,24,5,68,73
459116,1,112,2,7,95,0,0,102,0,7,95,102
459170,1,112,2,28,122,3,139,150,142,31,261,292
459198,1,112,2,52,188,5,88,240,93,57,276,333
459231,1,112,2,20,189,0,0,209,0,20,189,209
459286,1,112,2,15,118,8,37,133,45,23,155,178
459301,1,112,2,3,75,2,23,78,25,5,98,103
459392,1,112,2,6,92,0,62,98,62,6,154,160
459417,1,112,2,31,9,5,5,40,10,36,14,50
459523,1,112,2,6,58,0,0,64,0,6,58,64
459578,1,112,2,18,57,15,18,75,33,33,75,108
459949,1,112,2,1362,2554,948,1752,3916,2700,2310,4306,6616
460349,1,112,2,121,363,433,926,484,1359,554,1289,1843
460394,1,112,2,687,831,3157,4420,1518,7577,3844,5251,9095
460464,1,112,2,899,702,3497,4369,1601,7866,4396,5071,9467
460677,1,112,2,79,281,12,54,360,66,91,335,426
460862,1,112,2,2,111,4,102,113,106,6,213,219
460871,1,112,2,20,193,52,398,213,450,72,591,663
460932,1,112,2,0,84,0,0,84,0,0,84,84
461193,1,112,2,1,185,0,5,186,5,1,190,191
461272,1,112,2,0,49,0,36,49,36,0,85,85
461379,1,112,2,1,5,6,20,6,26,7,25,32
461421,1,112,2,11,195,0,2,206,2,11,197,208
461591,1,112,2,5,112,0,1,117,1,5,113,118
461643,1,112,2,1,16,0,0,17,0,1,16,17
461652,1,112,2,6,88,0,0,94,0,6,88,94
461704,1,112,2,7,149,1,4,156,5,8,153,161
461759,1,112,2,104,88,20,25,192,45,124,113,237
461829,1,112,2,24,70,0,0,94,0,24,70,94
461883,1,112,2,16,15,4,7,31,11,20,22,42
461917,1,112,2,0,121,0,94,121,94,0,215,215
462008,1,112,2,12,142,3,82,154,85,15,224,239
462071,1,112,2,39,142,1,3,181,4,40,145,185
463056,1,112,2,710,712,64,49,1422,113,774,761,1535
466921,1,112,2,3,112,18,242,115,260,21,354,375
466930,1,112,2,69,441,217,1440,510,1657,286,1881,2167
467863,1,112,2,34,155,9,38,189,47,43,193,236
467872,1,112,2,8,192,3,81,200,84,11,273,284
468893,1,112,2,5,109,1,59,114,60,6,168,174
470047,1,112,2,11,27,0,0,38,0,11,27,38
474863,1,112,2,111,461,196,903,572,1099,307,1364,1671
474915,1,112,2,2,243,4,202,245,206,6,445,451
474924,1,112,2,3,36,2,143,39,145,5,179,184
475200,1,112,2,9,19,44,105,28,149,53,124,177
475431,1,112,2,4,45,0,0,49,0,4,45,49
475486,1,112,2,20,148,28,68,168,96,48,216,264
475547,1,112,2,19,44,6,51,63,57,25,95,120
475556,1,112,2,5,90,5,53,95,58,10,143,153
475653,1,112,2,1,26,0,1,27,1,1,27,28
475723,1,112,2,72,66,308,186,138,494,380,252,632
475732,1,112,2,35,320,99,967,355,1066,134,1287,1421
475741,1,112,2,7,85,9,101,92,110,16,186,202
475839,1,112,2,87,66,68,87,153,155,155,153,308
476063,1,112,2,252,20,0,0,272,0,252,20,272
476179,1,112,2,7,103,4,57,110,61,11,160,171
476805,1,112,2,0,44,0,0,44,0,0,44,44
476841,1,112,2,16,138,7,76,154,83,23,214,237
476975,1,112,2,722,803,2236,2672,1525,4908,2958,3475,6433
476984,1,112,2,9,171,3,45,180,48,12,216,228
477039,1,112,2,80,541,45,309,621,354,125,850,975
478582,1,112,2,6,106,1,44,112,45,7,150,157
478616,1,112,2,5,73,2,24,78,26,7,97,104
478953,1,112,2,6,197,0,0,203,0,6,197,203
479956,1,112,2,1412,1910,2513,2375,3322,4888,3925,4285,8210
479983,1,112,2,14,94,0,0,108,0,14,94,108
480028,1,112,2,126,34,1,1,160,2,127,35,162
480091,1,112,2,554,4925,602,2969,5479,3571,1156,7894,9050
480310,1,112,2,0,72,0,9,72,9,0,81,81
480569,1,112,2,171,324,121,163,495,284,292,487,779
480657,1,112,2,32,245,38,253,277,291,70,498,568
480921,1,112,2,73,15,0,0,88,0,73,15,88
480930,1,112,2,0,28,0,9,28,9,0,37,37
480976,1,112,2,6,57,0,0,63,0,6,57,63
481191,1,112,2,35,195,0,0,230,0,35,195,230
481225,1,112,2,10,7,0,0,17,0,10,7,17
481526,1,112,2,1,216,0,0,217,0,1,216,217
481678,1,112,2,1,43,0,27,44,27,1,70,71
481739,1,112,2,3,31,0,13,34,13,3,44,47
481748,1,112,2,2,90,0,20,92,20,2,110,112
481845,1,112,2,1,43,1,28,44,29,2,71,73
482149,1,112,2,1485,2878,409,606,4363,1015,1894,3484,5378
482158,1,112,2,1997,2263,1207,1792,4260,2999,3204,4055,7259
482167,1,112,2,0,35,1,92,35,93,1,127,128
482176,1,112,2,7,175,2,68,182,70,9,243,252
482413,1,112,2,137,101,75,110,238,185,212,211,423
482422,1,112,2,16,11,21,12,27,33,37,23,60
482431,1,112,2,480,349,397,357,829,754,877,706,1583
482459,1,112,2,49,65,73,94,114,167,122,159,281
482468,1,112,2,103,124,109,173,227,282,212,297,509
482477,1,112,2,3685,5838,4532,9302,9523,13834,8217,15140,23357
482547,1,112,2,3,1,3,3,4,6,6,4,10
482556,1,112,2,24,21,29,14,45,43,53,35,88
482565,1,112,2,1,1,2,4,2,6,3,5,8
482574,1,112,2,60,44,50,64,104,114,110,108,218
482635,1,112,2,33,14,22,15,47,37,55,29,84
482653,1,112,2,19,19,13,8,38,21,32,27,59
482680,1,112,2,5193,6527,2351,3169,11720,5520,7544,9696,17240
482699,1,112,2,376,705,201,511,1081,712,577,1216,1793
482705,1,112,2,604,1204,627,789,1808,1416,1231,1993,3224
482936,1,112,2,1108,253,136,34,1361,170,1244,287,1531
483036,1,112,2,270,314,409,719,584,1128,679,1033,1712
483045,1,112,2,704,1058,3137,4784,1762,7921,3841,5842,9683
483054,1,112,2,75,29,0,0,104,0,75,29,104
483124,1,112,2,5773,12208,11391,17307,17981,28698,17164,29515,46679
483328,1,112,2,9,57,2,18,66,20,11,75,86
483337,1,112,2,4,93,2,54,97,56,6,147,153
483559,1,112,2,5,32,2,19,37,21,7,51,58
483595,1,112,2,604,1996,464,1598,2600,2062,1068,3594,4662
483823,1,112,2,450,185,0,0,635,0,450,185,635
483911,1,112,2,0,22,0,0,22,0,0,22,22
484011,1,112,2,19,63,0,18,82,18,19,81,100
484093,1,112,2,1,81,2,54,82,56,3,135,138
484109,1,112,2,1,91,0,0,92,0,1,91,92
484190,1,112,2,14,5,0,0,19,0,14,5,19
484394,1,112,2,7,80,9,44,87,53,16,124,140
484473,1,112,2,1219,1295,1277,1565,2514,2842,2496,2860,5356
484613,1,112,2,20849,49017,0,0,69866,0,20849,49017,69866
484631,1,112,2,276,162,0,0,438,0,276,162,438
484710,1,112,2,22,8,0,0,30,0,22,8,30
484756,1,112,2,26,28,0,0,54,0,26,28,54
484905,1,112,2,568,1141,441,851,1709,1292,1009,1992,3001
485014,1,112,2,4,62,1,35,66,36,5,97,102
485032,1,112,2,5,85,4,75,90,79,9,160,169
485111,1,112,2,1138,1448,1563,2849,2586,4412,2701,4297,6998
485272,1,112,2,52,475,43,344,527,387,95,819,914
485397,1,112,2,2,95,0,42,97,42,2,137,139
485458,1,112,2,178,372,1129,2068,550,3197,1307,2440,3747
485476,1,112,2,1,87,0,0,88,0,1,87,88
485494,1,112,2,91,11,10,3,102,13,101,14,115
485768,1,112,2,301,142,0,0,443,0,301,142,443
486123,1,112,2,17,22,0,0,39,0,17,22,39
486567,1,112,2,11,231,0,2,242,2,11,233,244
486691,1,112,2,2,68,0,41,70,41,2,109,111
486798,1,112,2,1347,182,0,0,1529,0,1347,182,1529
486840,1,112,2,14264,14507,5159,4997,28771,10156,19423,19504,38927
486877,1,112,2,1,10,0,0,11,0,1,10,11
486886,1,112,2,0,13,0,18,13,18,0,31,31
486938,1,112,2,40,172,58,297,212,355,98,469,567
486947,1,112,2,25,237,51,324,262,375,76,561,637
486956,1,112,2,65,363,105,728,428,833,170,1091,1261
486983,1,112,2,18,27,0,0,45,0,18,27,45
487010,1,112,2,19,262,3,11,281,14,22,273,295
487092,1,112,2,494,554,0,0,1048,0,494,554,1048
487162,1,112,2,323,826,1229,2279,1149,3508,1552,3105,4657
487348,1,112,2,1,45,0,67,46,67,1,112,113
487524,1,112,2,880,1158,120,271,2038,391,1000,1429,2429
487676,1,112,2,1,95,13,89,96,102,14,184,198
487773,1,112,2,0,17,2,10,17,12,2,27,29
487861,1,112,2,36,204,8,58,240,66,44,262,306
487922,1,112,2,0,52,0,13,52,13,0,65,65
487995,1,112,2,12,20,1,15,32,16,13,35,48
488013,1,112,2,11,196,1,16,207,17,12,212,224
488031,1,112,2,19,28,0,1,47,1,19,29,48
488077,1,112,2,2546,75,1370,20,2621,1390,3916,95,4011
488271,1,112,2,2,83,0,0,85,0,2,83,85
488305,1,112,2,51,26,23,14,77,37,74,40,114
488332,1,112,2,23,181,0,0,204,0,23,181,204
488989,1,112,2,0,88,3,45,88,48,3,133,136
488998,1,112,2,18,84,0,1,102,1,18,85,103
489140,1,112,2,2,35,12,43,37,55,14,78,92
489201,1,112,2,922,1093,2287,3470,2015,5757,3209,4563,7772
489256,1,112,2,186,12,2,0,198,2,188,12,200
489344,1,112,2,5,79,17,167,84,184,22,246,268
489353,1,112,2,72,244,61,220,316,281,133,464,597
489779,1,112,2,1948,3420,12045,16097,5368,28142,13993,19517,33510
490115,1,112,2,46,11,0,0,57,0,46,11,57
490230,1,112,2,107,144,1,0,251,1,108,144,252
490258,1,112,2,22,109,0,0,131,0,22,109,131
490300,1,112,2,1,43,22,18,44,40,23,61,84
490416,1,112,2,20,6,0,0,26,0,20,6,26
490425,1,112,2,2,165,0,0,167,0,2,165,167
490753,1,112,2,5,6,0,0,11,0,5,6,11
490805,1,112,2,2284,2426,1327,2139,4710,3466,3611,4565,8176
491136,1,112,2,1,53,1,32,54,33,2,85,87
491145,1,112,2,0,68,0,35,68,35,0,103,103
491534,1,112,2,0,0,3,11,0,14,3,11,14
491598,1,112,2,1,23,0,0,24,0,1,23,24
491826,1,112,2,0,97,0,0,97,0,0,97,97
491835,1,112,2,1,85,0,0,86,0,1,85,86
491941,1,112,2,6,147,0,0,153,0,6,147,153
491978,1,112,2,5,5,16,24,10,40,21,29,50
492476,1,112,2,13,66,32,115,79,147,45,181,226
492689,1,112,2,38,177,5,38,215,43,43,215,258
492759,1,112,2,13,142,21,189,155,210,34,331,365
492801,1,112,2,140,287,111,204,427,315,251,491,742
492962,1,112,2,388,702,608,906,1090,1514,996,1608,2604
493451,1,112,2,13,54,0,0,67,0,13,54,67
493655,1,112,2,13,7,0,1,20,1,13,8,21
493673,1,112,2,1,2,0,0,3,0,1,2,3
493804,1,112,2,68,27,0,0,95,0,68,27,95
493831,1,112,2,27,15,0,0,42,0,27,15,42
494278,1,112,2,6,74,33,130,80,163,39,204,243
494287,1,112,2,40,107,75,226,147,301,115,333,448
494472,1,112,2,0,6,0,8,6,8,0,14,14
494898,1,112,2,12,57,0,0,69,0,12,57,69
494959,1,112,2,4,12,17,41,16,58,21,53,74
495077,1,112,2,5,72,0,0,77,0,5,72,77
495101,1,112,2,11,51,0,0,62,0,11,51,62
495271,1,112,2,0,8,17,51,8,68,17,59,76
495350,1,112,2,8,14,0,0,22,0,8,14,22
495369,1,112,2,4,27,3,25,31,28,7,52,59
495411,1,112,2,10,80,0,1,90,1,10,81,91
495518,1,112,2,2,52,1,30,54,31,3,82,85
496052,1,112,2,13,2,0,0,15,0,13,2,15
496618,1,112,2,9,152,0,0,161,0,9,152,161
496636,1,112,2,40,173,0,0,213,0,40,173,213
496733,1,112,2,2,82,0,0,84,0,2,82,84
497000,1,112,2,56,161,0,0,217,0,56,161,217
497037,1,112,2,80,380,69,237,460,306,149,617,766
497046,1,112,2,260,446,1582,3234,706,4816,1842,3680,5522
497107,1,112,2,0,0,19,95,0,114,19,95,114
497301,1,112,2,4,207,5,163,211,168,9,370,379
497417,1,112,2,0,18,0,0,18,0,0,18,18
497480,1,112,2,26,682,22,44,708,66,48,726,774
497790,1,112,2,103,4,0,0,107,0,103,4,107
498562,1,112,2,3632,5610,662,1112,9242,1774,4294,6722,11016
498571,1,112,2,3089,4771,582,962,7860,1544,3671,5733,9404
100663,1,312,5,1850,2967,1169,2621,4817,3790,3019,5588,8607
100706,1,312,5,401,325,667,675,726,1342,1068,1000,2068
100751,1,312,5,1571,2064,783,1768,3635,2551,2354,3832,6186
100812,1,312,5,15,31,128,200,46,328,143,231,374
100830,1,312,5,441,251,260,403,692,663,701,654,1355
100858,1,312,5,1455,2045,1539,1346,3500,2885,2994,3391,6385
101189,1,312,5,285,576,74,90,861,164,359,666,1025
101435,1,312,5,1,4,0,0,5,0,1,4,5
101453,1,312,5,10,1,44,6,11,50,54,7,61
101480,1,312,5,162,317,309,534,479,843,471,851,1322
101587,1,312,5,622,2463,95,253,3085,348,717,2716,3433
101709,1,312,5,29,127,57,201,156,258,86,328,414
101912,1,312,5,13,12,7,7,25,14,20,19,39
102049,1,312,5,590,1252,49,119,1842,168,639,1371,2010
102094,1,312,5,855,3137,162,804,3992,966,1017,3941,4958
102234,1,312,5,13,7,53,40,20,93,66,47,113
102368,1,312,5,293,790,967,1338,1083,2305,1260,2128,3388
102377,1,312,5,100,326,11,33,426,44,111,359,470
102395,1,312,5,27,8,63,34,35,97,90,42,132
102553,1,312,5,56,92,132,259,148,391,188,351,539
102614,1,312,5,152,191,237,391,343,628,389,582,971
102632,1,312,5,14,28,40,117,42,157,54,145,199
104151,1,312,5,6567,4886,1496,1624,11453,3120,8063,6510,14573
104179,1,312,5,2622,3471,2150,2409,6093,4559,4772,5880,10652
104586,1,312,5,28,11,1,2,39,3,29,13,42
104717,1,312,5,3,3,7866,27175,6,35041,7869,27178,35047
105297,1,312,5,2,2,0,0,4,0,2,2,4
105330,1,312,5,1009,1715,715,1443,2724,2158,1724,3158,4882
106245,1,312,5,509,631,429,803,1140,1232,938,1434,2372
106263,1,312,5,616,956,97,272,1572,369,713,1228,1941
106397,1,312,5,718,1050,1370,1529,1768,2899,2088,2579,4667
106412,1,312,5,67,61,33,44,128,77,100,105,205
106458,1,312,5,181,368,1285,3155,549,4440,1466,3523,4989
106467,1,312,5,71,78,182,392,149,574,253,470,723
107080,1,312,5,9,2,1,0,11,1,10,2,12
107141,1,312,5,28,83,115,299,111,414,143,382,525
107512,1,312,5,4,42,2,6,46,8,6,48,54
107983,1,312,5,437,270,510,729,707,1239,947,999,1946
108092,1,312,5,1,11,7,25,12,32,8,36,44
108232,1,312,5,416,655,333,827,1071,1160,749,1482,2231
109785,1,312,5,498,1396,470,1457,1894,1927,968,2853,3821
110097,1,312,5,379,368,654,487,747,1141,1033,855,1888
110316,1,312,5,247,819,139,853,1066,992,386,1672,2058
110361,1,312,5,541,1581,317,722,2122,1039,858,2303,3161
110398,1,312,5,458,702,14,19,1160,33,472,721,1193
110404,1,312,5,927,492,0,0,1419,0,927,492,1419
110413,1,312,5,316,586,70,130,902,200,386,716,1102
110422,1,312,5,328,384,169,93,712,262,497,477,974
110486,1,312,5,253,730,136,306,983,442,389,1036,1425
110495,1,312,5,162,639,154,273,801,427,316,912,1228
110510,1,312,5,494,1163,441,671,1657,1112,935,1834,2769
110529,1,312,5,412,630,660,620,1042,1280,1072,1250,2322
110538,1,312,5,225,497,173,307,722,480,398,804,1202
110547,1,312,5,402,987,347,721,1389,1068,749,1708,2457
110556,1,312,5,587,1262,301,495,1849,796,888,1757,2645
110565,1,312,5,792,1475,1063,1624,2267,2687,1855,3099,4954
110574,1,312,5,754,1197,358,568,1951,926,1112,1765,2877
110583,1,312,5,1385,2276,930,1451,3661,2381,2315,3727,6042
110592,1,312,5,827,1517,561,818,2344,1379,1388,2335,3723
110608,1,312,5,940,1769,932,1757,2709,2689,1872,3526,5398
110617,1,312,5,463,1192,476,766,1655,1242,939,1958,2897
110635,1,312,5,4992,5206,1558,1072,10198,2630,6550,6278,12828
110644,1,312,5,3208,4191,354,394,7399,748,3562,4585,8147
110653,1,312,5,3440,3361,233,241,6801,474,3673,3602,7275
110662,1,312,5,6146,6481,870,510,12627,1380,7016,6991,14007
110671,1,312,5,1952,1635,177,134,3587,311,2129,1769,3898
110680,1,312,5,4636,3478,483,313,8114,796,5119,3791,8910
110699,1,312,5,1119,2021,0,0,3140,0,1119,2021,3140
110705,1,312,5,1428,1293,117,123,2721,240,1545,1416,2961
110714,1,312,5,1008,910,35,23,1918,58,1043,933,1976
111188,1,312,5,0,0,28,13,0,41,28,13,41
111948,1,312,5,621,1068,174,282,1689,456,795,1350,2145
112075,1,312,5,458,1092,240,255,1550,495,698,1347,2045
112084,1,312,5,7,6,4,10,13,14,11,16,27
112251,1,312,5,463,672,301,467,1135,768,764,1139,1903
112260,1,312,5,0,3,0,0,3,0,0,3,3
113582,1,312,5,1,10,0,0,11,0,1,10,11
113698,1,312,5,196,442,16,84,638,100,212,526,738
113704,1,312,5,39,4,14,5,43,19,53,9,62
114123,1,312,5,26,51,0,1,77,1,26,52,78
114354,1,312,5,1,19,2,12,20,14,3,31,34
114549,1,312,5,160,577,55,208,737,263,215,785,1000
114734,1,312,5,16,6,22,22,22,44,38,28,66
114813,1,312,5,122,456,182,528,578,710,304,984,1288
115083,1,312,5,727,566,336,431,1293,767,1063,997,2060
115755,1,312,5,131,264,43,126,395,169,174,390,564
116846,1,312,5,15,27,11,13,42,24,26,40,66
117104,1,312,5,46,46,5,6,92,11,51,52,103
117672,1,312,5,538,545,31,45,1083,76,569,590,1159
117946,1,312,5,816,1448,232,370,2264,602,1048,1818,2866
119058,1,312,5,141,357,52,89,498,141,193,446,639
120166,1,312,5,60,76,1,3,136,4,61,79,140
120184,1,312,5,8,46,42,105,54,147,50,151,201
120403,1,312,5,9,35,0,0,44,0,9,35,44
120865,1,312,5,1,0,9,12,1,21,10,12,22
120883,1,312,5,928,1400,254,401,2328,655,1182,1801,2983
121150,1,312,5,877,1670,958,2863,2547,3821,1835,4533,6368
121309,1,312,5,156,353,220,436,509,656,376,789,1165
121628,1,312,5,74,52,0,0,126,0,74,52,126
122296,1,312,5,215,586,88,318,801,406,303,904,1207
122409,1,312,5,1004,2169,873,1162,3173,2035,1877,3331,5208
122436,1,312,5,579,997,709,861,1576,1570,1288,1858,3146
122597,1,312,5,707,1377,478,759,2084,1237,1185,2136,3321
122612,1,312,5,580,1209,650,1231,1789,1881,1230,2440,3670
122728,1,312,5,161,175,43,76,336,119,204,251,455
122755,1,312,5,1768,2636,1533,2951,4404,4484,3301,5587,8888
122931,1,312,5,981,1028,427,627,2009,1054,1408,1655,3063
123165,1,312,5,6,9,1,3,15,4,7,12,19
123457,1,312,5,14,42,33,56,56,89,47,98,145
123572,1,312,5,84,258,123,238,342,361,207,496,703
123916,1,312,5,8,24,11,42,32,53,19,66,85
123952,1,312,5,145,107,3,2,252,5,148,109,257
123961,1,312,5,10192,12592,2466,2996,22784,5462,12658,15588,28246
124283,1,312,5,88,53,26,29,141,55,114,82,196
124487,1,312,5,1,1,20,17,2,37,21,18,39
125231,1,312,5,2615,12860,3738,16801,15475,20539,6353,29661,36014
125763,1,312,5,6,17,13,25,23,38,19,42,61
125897,1,312,5,25,34,9,7,59,16,34,41,75
126012,1,312,5,108,412,0,0,520,0,108,412,520
126182,1,312,5,148,532,223,363,680,586,371,895,1266
126562,1,312,5,1546,2502,1863,3778,4048,5641,3409,6280,9689
126580,1,312,5,176,354,606,755,530,1361,782,1109,1891
126614,1,312,5,1557,1352,3521,2121,2909,5642,5078,3473,8551
126775,1,312,5,880,411,306,92,1291,398,1186,503,1689
126818,1,312,5,1100,1980,2077,2469,3080,4546,3177,4449,7626
126827,1,312,5,726,1280,176,233,2006,409,902,1513,2415
127185,1,312,5,4,16,15,57,20,72,19,73,92
127556,1,312,5,40,89,34,61,129,95,74,150,224
127565,1,312,5,105,558,137,347,663,484,242,905,1147
127653,1,312,5,101,271,88,262,372,350,189,533,722
127741,1,312,5,238,581,396,1437,819,1833,634,2018,2652
127909,1,312,5,24,71,0,0,95,0,24,71,95
127918,1,312,5,519,1172,182,397,1691,579,701,1569,2270
128106,1,312,5,112,286,334,1113,398,1447,446,1399,1845
128498,1,312,5,50,141,17,80,191,97,67,221,288
128744,1,312,5,847,638,218,648,1485,866,1065,1286,2351
128771,1,312,5,167,303,481,852,470,1333,648,1155,1803
128780,1,312,5,0,8,19,74,8,93,19,82,101
129020,1,312,5,2446,3026,1161,1387,5472,2548,3607,4413,8020
129154,1,312,5,4,19,22,82,23,104,26,101,127
129215,1,312,5,27,54,15,60,81,75,42,114,156
129242,1,312,5,247,359,194,462,606,656,441,821,1262
129428,1,312,5,0,0,84,31,0,115,84,31,115
129491,1,312,5,30,13,23,26,43,49,53,39,92
129525,1,312,5,256,467,367,673,723,1040,623,1140,1763
129941,1,312,5,1688,1367,443,504,3055,947,2131,1871,4002
130183,1,312,5,163,1032,370,787,1195,1157,533,1819,2352
130226,1,312,5,612,1120,232,751,1732,983,844,1871,2715
130253,1,312,5,1116,1280,359,1184,2396,1543,1475,2464,3939
130314,1,312,5,144,503,88,426,647,514,232,929,1161
130590,1,312,5,2,3,23,10,5,33,25,13,38
130697,1,312,5,52,72,19,41,124,60,71,113,184
130776,1,312,5,21,48,139,410,69,549,160,458,618
130794,1,312,5,3612,4332,91,96,7944,187,3703,4428,8131
130934,1,312,5,200,499,29,102,699,131,229,601,830
130943,1,312,5,1766,1872,384,535,3638,919,2150,2407,4557
130989,1,312,5,23,62,143,164,85,307,166,226,392
131113,1,312,5,665,723,1078,2463,1388,3541,1743,3186,4929
131399,1,312,5,118,204,86,112,322,198,204,316,520
131450,1,312,5,61,196,49,102,257,151,110,298,408
131469,1,312,5,3071,4255,2527,4604,7326,7131,5598,8859,14457
131496,1,312,5,3816,4459,2134,2675,8275,4809,5950,7134,13084
131520,1,312,5,885,1643,151,398,2528,549,1036,2041,3077
132471,1,312,5,731,1673,358,1074,2404,1432,1089,2747,3836
132842,1,312,5,59,376,25,187,435,212,84,563,647
132903,1,312,5,2120,2639,1903,3022,4759,4925,4023,5661,9684
133553,1,312,5,454,192,88,34,646,122,542,226,768
133650,1,312,5,399,845,90,172,1244,262,489,1017,1506
133711,1,312,5,1,0,1,14,1,15,2,14,16
133872,1,312,5,101,209,40,150,310,190,141,359,500
133881,1,312,5,559,530,1034,2828,1089,3862,1593,3358,4951
134097,1,312,5,2694,3758,1558,3215,6452,4773,4252,6973,11225
134130,1,312,5,6024,6928,2657,5050,12952,7707,8681,11978,20659
135610,1,312,5,4,15,14,20,19,34,18,35,53
135726,1,312,5,2724,3413,279,482,6137,761,3003,3895,6898
136172,1,312,5,281,695,350,909,976,1259,631,1604,2235
136330,1,312,5,156,349,117,179,505,296,273,528,801
136701,1,312,5,114,1,20,2,115,22,134,3,137
136950,1,312,5,114,117,91,124,231,215,205,241,446
137351,1,312,5,2931,3903,1592,3127,6834,4719,4523,7030,11553
137546,1,312,5,442,559,143,223,1001,366,585,782,1367
137564,1,312,5,206,279,289,430,485,719,495,709,1204
138275,1,312,5,5,3,49,31,8,80,54,34,88
138309,1,312,5,27,110,11,81,137,92,38,191,229
138354,1,312,5,162,437,1153,2478,599,3631,1315,2915,4230
138600,1,312,5,7,77,1,23,84,24,8,100,108
138716,1,312,5,47,263,36,176,310,212,83,439,522
138929,1,312,5,80,147,40,75,227,115,120,222,342
138947,1,312,5,113,279,49,132,392,181,162,411,573
139144,1,312,5,11,29,24,53,40,77,35,82,117
139199,1,312,5,148,689,75,424,837,499,223,1113,1336
139311,1,312,5,68,187,94,215,255,309,162,402,564
139366,1,312,5,161,283,308,724,444,1032,469,1007,1476
139393,1,312,5,9,20,2,8,29,10,11,28,39
139658,1,312,5,2146,4174,560,860,6320,1420,2706,5034,7740
139719,1,312,5,36,107,24,78,143,102,60,185,245
139755,1,312,5,5167,2538,14359,4817,7705,19176,19526,7355,26881
139764,1,312,5,38,260,98,201,298,299,136,461,597
139861,1,312,5,110,201,203,536,311,739,313,737,1050
139931,1,312,5,460,1051,502,1489,1511,1991,962,2540,3502
139940,1,312,5,1999,3417,695,1481,5416,2176,2694,4898,7592
139959,1,312,5,2969,4538,789,1597,7507,2386,3758,6135,9893
140146,1,312,5,55,42,52,44,97,96,107,86,193
140234,1,312,5,18,46,3,5,64,8,21,51,72
140252,1,312,5,783,814,99,142,1597,241,882,956,1838
140447,1,312,5,924,1918,308,880,2842,1188,1232,2798,4030
140562,1,312,5,290,529,17,55,819,72,307,584,891
140818,1,312,5,33,98,106,361,131,467,139,459,598
140951,1,312,5,663,1504,190,475,2167,665,853,1979,2832
140960,1,312,5,34,77,32,62,111,94,66,139,205
140988,1,312,5,50,62,14,16,112,30,64,78,142
141264,1,312,5,175,598,483,1380,773,1863,658,1978,2636
141334,1,312,5,177,435,574,2041,612,2615,751,2476,3227
141565,1,312,5,68,163,52,101,231,153,120,264,384
141574,1,312,5,868,1449,970,1589,2317,2559,1838,3038,4876
141644,1,312,5,184,314,69,158,498,227,253,472,725
142115,1,312,5,433,755,680,1325,1188,2005,1113,2080,3193
142276,1,312,5,576,895,284,529,1471,813,860,1424,2284
142285,1,312,5,859,907,484,448,1766,932,1343,1355,2698
142461,1,312,5,47,169,120,302,216,422,167,471,638
142832,1,312,5,186,886,150,610,1072,760,336,1496,1832
143118,1,312,5,164,761,206,739,925,945,370,1500,1870
143358,1,312,5,289,216,152,752,505,904,441,968,1409
143853,1,312,5,901,1813,12,32,2714,44,913,1845,2758
144050,1,312,5,4694,4135,1203,712,8829,1915,5897,4847,10744
144351,1,312,5,80,131,1195,2620,211,3815,1275,2751,4026
144740,1,312,5,2100,2854,836,993,4954,1829,2936,3847,6783
144892,1,312,5,518,430,379,614,948,993,897,1044,1941
144962,1,312,5,46,214,205,239,260,444,251,453,704
145336,1,312,5,432,532,207,647,964,854,639,1179,1818
145372,1,312,5,6,23,38,73,29,111,44,96,140
145558,1,312,5,784,1101,14,41,1885,55,798,1142,1940
145600,1,312,5,3430,4902,1313,2295,8332,3608,4743,7197,11940
145619,1,312,5,62,152,251,616,214,867,313,768,1081
145637,1,312,5,7356,5877,4823,3740,13233,8563,12179,9617,21796
145691,1,312,5,0,1,0,0,1,0,0,1,1
145813,1,312,5,568,838,312,910,1406,1222,880,1748,2628
145886,1,312,5,22,90,4,3,112,7,26,93,119
146339,1,312,5,64,77,11,23,141,34,75,100,175
146481,1,312,5,2,11,3,10,13,13,5,21,26
146490,1,312,5,0,0,127,168,0,295,127,168,295
146612,1,312,5,875,540,334,831,1415,1165,1209,1371,2580
146719,1,312,5,1294,2629,338,935,3923,1273,1632,3564,5196
147013,1,312,5,62,91,67,206,153,273,129,297,426
147129,1,312,5,0,18,1,4,18,5,1,22,23
147244,1,312,5,25,42,10,22,67,32,35,64,99
147369,1,312,5,121,83,272,181,204,453,393,264,657
147536,1,312,5,310,1207,310,1714,1517,2024,620,2921,3541
147590,1,312,5,179,255,8,23,434,31,187,278,465
147660,1,312,5,71,206,19,31,277,50,90,237,327
147679,1,312,5,34,71,251,436,105,687,285,507,792
147776,1,312,5,150,272,340,787,422,1127,490,1059,1549
147828,1,312,5,17,25,184,510,42,694,201,535,736
148131,1,312,5,19,13,66,62,32,128,85,75,160
148487,1,312,5,222,518,124,448,740,572,346,966,1312
148511,1,312,5,501,1260,123,871,1761,994,624,2131,2755
148575,1,312,5,0,0,13,114,0,127,13,114,127
148627,1,312,5,33,137,92,280,170,372,125,417,542
148654,1,312,5,449,366,497,493,815,990,946,859,1805
149222,1,312,5,948,1150,514,495,2098,1009,1462,1645,3107
149231,1,312,5,688,878,586,1046,1566,1632,1274,1924,3198
149772,1,312,5,694,573,349,718,1267,1067,1043,1291,2334
149781,1,312,5,83,143,206,290,226,496,289,433,722
150136,1,312,5,363,812,897,3289,1175,4186,1260,4101,5361
150163,1,312,5,130,307,254,407,437,661,384,714,1098
150172,1,312,5,14,24,26,31,38,57,40,55,95
150215,1,312,5,32,72,18,30,104,48,50,102,152
150534,1,312,5,96,196,3,5,292,8,99,201,300
150604,1,312,5,10,47,5,1,57,6,15,48,63
150668,1,312,5,6,7,4,34,13,38,10,41,51
150677,1,312,5,20,52,175,109,72,284,195,161,356
150941,1,312,5,21,93,41,88,114,129,62,181,243
151111,1,312,5,2093,2940,991,2228,5033,3219,3084,5168,8252
151263,1,312,5,161,490,149,503,651,652,310,993,1303
151290,1,312,5,360,249,283,213,609,496,643,462,1105
151306,1,312,5,118,245,542,918,363,1460,660,1163,1823
151324,1,312,5,285,517,321,570,802,891,606,1087,1693
151333,1,312,5,17,35,50,75,52,125,67,110,177
151342,1,312,5,33,148,98,294,181,392,131,442,573
151351,1,312,5,3877,3381,2178,1909,7258,4087,6055,5290,11345
151360,1,312,5,19,80,60,179,99,239,79,259,338
151379,1,312,5,19,58,138,230,77,368,157,288,445
151388,1,312,5,4,16,76,157,20,233,80,173,253
151777,1,312,5,87,145,13,30,232,43,100,175,275
152080,1,312,5,2207,1649,133,145,3856,278,2340,1794,4134
152318,1,312,5,11,4,4,0,15,4,15,4,19
152336,1,312,5,42,106,44,135,148,179,86,241,327
152390,1,312,5,1,59,1,52,60,53,2,111,113
152451,1,312,5,110,0,41,24,110,65,151,24,175
152567,1,312,5,65,184,2,18,249,20,67,202,269
152600,1,312,5,229,209,90,81,438,171,319,290,609
152798,1,312,5,22,123,10,64,145,74,32,187,219
152992,1,312,5,49,63,18,88,112,106,67,151,218
153001,1,312,5,0,9,88,402,9,490,88,411,499
153126,1,312,5,25,67,35,53,92,88,60,120,180
153162,1,312,5,2,6,5,2,8,7,7,8,15
153250,1,312,5,2,21,74,146,23,220,76,167,243
153269,1,312,5,289,551,323,687,840,1010,612,1238,1850
153366,1,312,5,29,129,35,159,158,194,64,288,352
153621,1,312,5,43,30,7,6,73,13,50,36,86
153658,1,312,5,2213,2838,1452,1539,5051,2991,3665,4377,8042
153825,1,312,5,25,56,3,8,81,11,28,64,92
154004,1,312,5,9,50,183,821,59,1004,192,871,1063
154013,1,312,5,26,79,44,106,105,150,70,185,255
154174,1,312,5,1194,919,22,11,2113,33,1216,930,2146
154235,1,312,5,102,339,78,110,441,188,180,449,629
154350,1,312,5,7,9,4,4,16,8,11,13,24
154493,1,312,5,144,324,52,89,468,141,196,413,609
154527,1,312,5,7,16,1,4,23,5,8,20,28
154712,1,312,5,25,8,18,22,33,40,43,30,73
155025,1,312,5,204,434,541,1405,638,1946,745,1839,2584
155089,1,312,5,30,115,94,207,145,301,124,322,446
155317,1,312,5,2396,3109,759,1203,5505,1962,3155,4312,7467
155399,1,312,5,1022,1508,778,1368,2530,2146,1800,2876,4676
155414,1,312,5,0,0,46,22,0,68,46,22,68
155511,1,312,5,0,1,2,4,1,6,2,5,7
155812,1,312,5,76,111,65,112,187,177,141,223,364
155900,1,312,5,31,10,27,39,41,66,58,49,107
155973,1,312,5,0,0,35,31,0,66,35,31,66
156082,1,312,5,198,274,54,201,472,255,252,475,727
156125,1,312,5,1316,1084,647,1120,2400,1767,1963,2204,4167
156213,1,312,5,7,9,86,144,16,230,93,153,246
156286,1,312,5,113,181,95,238,294,333,208,419,627
156356,1,312,5,1,51,13,30,52,43,14,81,95
156541,1,312,5,974,1864,5492,4549,2838,10041,6466,6413,12879
156620,1,312,5,207,447,467,1131,654,1598,674,1578,2252
156745,1,312,5,0,1,63,251,1,314,63,252,315
157058,1,312,5,30,24,28,34,54,62,58,58,116
157085,1,312,5,2568,4262,572,1410,6830,1982,3140,5672,8812
157216,1,312,5,675,349,99,283,1024,382,774,632,1406
157289,1,312,5,1853,2311,903,1029,4164,1932,2756,3340,6096
157386,1,312,5,80,75,159,278,155,437,239,353,592
157401,1,312,5,168,373,499,760,541,1259,667,1133,1800
157447,1,312,5,372,849,996,2808,1221,3804,1368,3657,5025
157535,1,312,5,406,526,7,4,932,11,413,530,943
157757,1,312,5,110,398,50,207,508,257,160,605,765
157951,1,312,5,222,519,471,841,741,1312,693,1360,2053
159391,1,312,5,1763,2793,735,1105,4556,1840,2498,3898,6396
159647,1,312,5,293,320,132,170,613,302,425,490,915
159656,1,312,5,281,410,102,315,691,417,383,725,1108
159717,1,312,5,85,159,50,240,244,290,135,399,534
159939,1,312,5,299,342,259,407,641,666,558,749,1307
159966,1,312,5,51,184,69,265,235,334,120,449,569
159993,1,312,5,281,725,143,697,1006,840,424,1422,1846
160612,1,312,5,114,298,121,506,412,627,235,804,1039
160621,1,312,5,406,669,261,420,1075,681,667,1089,1756
160630,1,312,5,50,121,28,71,171,99,78,192,270
160658,1,312,5,518,575,487,689,1093,1176,1005,1264,2269
160755,1,312,5,1319,1972,743,1208,3291,1951,2062,3180,5242
160904,1,312,5,168,525,8,22,693,30,176,547,723
161217,1,312,5,2,2,26,32,4,58,28,34,62
161226,1,312,5,1,23,41,214,24,255,42,237,279
161235,1,312,5,1,13,2,0,14,2,3,13,16
161253,1,312,5,295,450,629,1083,745,1712,924,1533,2457
161299,1,312,5,6,2,9,2,8,11,15,4,19
161341,1,312,5,2,1,11,9,3,20,13,10,23
161457,1,312,5,661,1612,98,345,2273,443,759,1957,2716
161509,1,312,5,12,41,1,2,53,3,13,43,56
161554,1,312,5,189,419,303,1056,608,1359,492,1475,1967
161572,1,312,5,36,161,81,305,197,386,117,466,583
161873,1,312,5,359,599,308,653,958,961,667,1252,1919
162210,1,312,5,5,17,20,47,22,67,25,64,89
162283,1,312,5,16,59,46,128,75,174,62,187,249
162584,1,312,5,107,172,176,349,279,525,283,521,804
162654,1,312,5,24,27,110,565,51,675,134,592,726
163204,1,312,5,37,52,4277,4738,89,9015,4314,4790,9104
163259,1,312,5,1291,2902,417,1358,4193,1775,1708,4260,5968
163268,1,312,5,1216,999,554,597,2215,1151,1770,1596,3366
163286,1,312,5,4219,3877,1130,1213,8096,2343,5349,5090,10439
163295,1,312,5,66,165,81,237,231,318,147,402,549
163338,1,312,5,116,230,75,164,346,239,191,394,585
163453,1,312,5,480,698,120,194,1178,314,600,892,1492
163462,1,312,5,217,66,92,185,283,277,309,251,560
163578,1,312,5,62,214,164,633,276,797,226,847,1073
163851,1,312,5,99,334,77,235,433,312,176,569,745
163912,1,312,5,4,19,0,0,23,0,4,19,23
163976,1,312,5,34,12,26,7,46,33,60,19,79
164076,1,312,5,257,768,407,1500,1025,1907,664,2268,2932
164085,1,312,5,12,69,45,575,81,620,57,644,701
164270,1,312,5,177,449,113,495,626,608,290,944,1234
164492,1,312,5,48,57,189,73,105,262,237,130,367
164632,1,312,5,47,403,67,633,450,700,114,1036,1150
164739,1,312,5,234,187,290,323,421,613,524,510,1034
164872,1,312,5,165,260,9,16,425,25,174,276,450
164915,1,312,5,23,34,29,69,57,98,52,103,155
164988,1,312,5,4905,6612,2999,3739,11517,6738,7904,10351,18255
165015,1,312,5,665,805,168,256,1470,424,833,1061,1894
165024,1,312,5,94,390,270,734,484,1004,364,1124,1488
165167,1,312,5,92,286,198,719,378,917,290,1005,1295
165334,1,312,5,623,555,96,107,1178,203,719,662,1381
165662,1,312,5,169,1067,51,449,1236,500,220,1516,1736
165671,1,312,5,1,12,10,42,13,52,11,54,65
165820,1,312,5,232,370,809,1975,602,2784,1041,2345,3386
165866,1,312,5,25,66,238,812,91,1050,263,878,1141
165936,1,312,5,20,77,74,163,97,237,94,240,334
165945,1,312,5,166,117,671,380,283,1051,837,497,1334
166027,1,312,5,6326,7364,3383,4190,13690,7573,9709,11554,21263
166391,1,312,5,16,12,129,187,28,316,145,199,344
166513,1,312,5,962,772,1590,1440,1734,3030,2552,2212,4764
166629,1,312,5,1377,1471,2469,2521,2848,4990,3846,3992,7838
166674,1,312,5,27,69,4,6,96,10,31,75,106
166683,1,312,5,4244,2780,127,50,7024,177,4371,2830,7201
166708,1,312,5,445,804,19,84,1249,103,464,888,1352
166717,1,312,5,94,448,79,236,542,315,173,684,857
166850,1,312,5,306,582,107,281,888,388,413,863,1276
166939,1,312,5,4,16,24,155,20,179,28,171,199
167093,1,312,5,128,408,0,0,536,0,128,408,536
167288,1,312,5,18,35,16,31,53,47,34,66,100
167358,1,312,5,6566,6004,547,594,12570,1141,7113,6598,13711
167394,1,312,5,26,66,38,165,92,203,64,231,295
167598,1,312,5,44,346,167,1552,390,1719,211,1898,2109
167729,1,312,5,89,472,215,685,561,900,304,1157,1461
167783,1,312,5,173,1260,267,2222,1433,2489,440,3482,3922
167835,1,312,5,42,275,9,24,317,33,51,299,350
167987,1,312,5,438,421,456,625,859,1081,894,1046,1940
168005,1,312,5,488,889,367,609,1377,976,855,1498,2353
168148,1,312,5,1987,3382,513,734,5369,1247,2500,4116,6616
168227,1,312,5,88,59,43,17,147,60,131,76,207
168254,1,312,5,249,385,158,232,634,390,407,617,1024
168342,1,312,5,22,30,0,1,52,1,22,31,53
168421,1,312,5,573,283,827,379,856,1206,1400,662,2062
168430,1,312,5,19,143,128,543,162,671,147,686,833
168528,1,312,5,32,27,6,9,59,15,38,36,74
168546,1,312,5,0,2,0,0,2,0,0,2,2
168591,1,312,5,6,9,0,0,15,0,6,9,15
168740,1,312,5,380,183,610,390,563,1000,990,573,1563
168786,1,312,5,16,34,8,38,50,46,24,72,96
168847,1,312,5,17,69,70,172,86,242,87,241,328
169099,1,312,5,102,30,66,41,132,107,168,71,239
169248,1,312,5,977,1098,760,1321,2075,2081,1737,2419,4156
169424,1,312,5,47,82,0,0,129,0,47,82,129
169442,1,312,5,38,21,3,4,59,7,41,25,66
169716,1,312,5,688,991,186,339,1679,525,874,1330,2204
169798,1,312,5,226,531,519,1125,757,1644,745,1656,2401
169910,1,312,5,245,449,109,269,694,378,354,718,1072
170000,1,312,5,17,24,11,10,41,21,28,34,62
170082,1,312,5,458,1136,403,986,1594,1389,861,2122,2983
170286,1,312,5,49,10,27,19,59,46,76,29,105
170675,1,312,5,26,47,424,171,73,595,450,218,668
170806,1,312,5,26,76,55,186,102,241,81,262,343
170976,1,312,5,7715,8311,1444,1060,16026,2504,9159,9371,18530
171100,1,312,5,3709,4601,888,1624,8310,2512,4597,6225,10822
171137,1,312,5,401,262,919,525,663,1444,1320,787,2107
171146,1,312,5,206,496,233,441,702,674,439,937,1376
171456,1,312,5,74,132,109,221,206,330,183,353,536
171492,1,312,5,42,30,127,107,72,234,169,137,306
171571,1,312,5,777,1178,591,721,1955,1312,1368,1899,3267
172334,1,312,5,138,977,20,134,1115,154,158,1111,1269
172644,1,312,5,1907,2972,1055,1738,4879,2793,2962,4710,7672
172699,1,312,5,419,856,867,1269,1275,2136,1286,2125,3411
173045,1,312,5,162,337,58,173,499,231,220,510,730
173142,1,312,5,19,16,1,2,35,3,20,18,38
173160,1,312,5,70,249,242,393,319,635,312,642,954
173300,1,312,5,0,0,23,53,0,76,23,53,76
173452,1,312,5,1,0,56,68,1,124,57,68,125
173665,1,312,5,9,29,226,609,38,835,235,638,873
173683,1,312,5,23,40,23,61,63,84,46,101,147
173896,1,312,5,144,211,29,26,355,55,173,237,410
174066,1,312,5,3747,5557,2981,3422,9304,6403,6728,8979,15707
174127,1,312,5,12,28,15,64,40,79,27,92,119
174233,1,312,5,196,361,160,148,557,308,356,509,865
174491,1,312,5,3,1,48,40,4,88,51,41,92
174507,1,312,5,287,352,9,42,639,51,296,394,690
174747,1,312,5,1,20,0,6,21,6,1,26,27
174792,1,312,5,33,21,42,21,54,63,75,42,117
174899,1,312,5,193,669,98,309,862,407,291,978,1269
174914,1,312,5,414,651,971,1083,1065,2054,1385,1734,3119
175005,1,312,5,64,433,55,621,497,676,119,1054,1173
175014,1,312,5,55,204,34,116,259,150,89,320,409
175421,1,312,5,41,71,550,1464,112,2014,591,1535,2126
175430,1,312,5,9,13,3,5,22,8,12,18,30
175616,1,312,5,75,172,105,315,247,420,180,487,667
175856,1,312,5,230,610,277,862,840,1139,507,1472,1979
175980,1,312,5,16,10,5,3,26,8,21,13,34
176017,1,312,5,1445,2057,451,1045,3502,1496,1896,3102,4998
176035,1,312,5,12,127,22,98,139,120,34,225,259
176044,1,312,5,34,60,38,93,94,131,72,153,225
176053,1,312,5,369,723,116,342,1092,458,485,1065,1550
176080,1,312,5,886,1289,1033,1136,2175,2169,1919,2425,4344
176372,1,312,5,564,898,548,1258,1462,1806,1112,2156,3268
176451,1,312,5,28,5,83,45,33,128,111,50,161
176479,1,312,5,544,1006,170,651,1550,821,714,1657,2371
176600,1,312,5,47,14,10,24,61,34,57,38,95
176628,1,312,5,60,190,22,56,250,78,82,246,328
176965,1,312,5,1058,860,992,1382,1918,2374,2050,2242,4292
177038,1,312,5,263,240,12,9,503,21,275,249,524
177126,1,312,5,118,66,259,165,184,424,377,231,608
177144,1,312,5,39,51,4,5,90,9,43,56,99
177214,1,312,5,1,12,63,144,13,207,64,156,220
177418,1,312,5,25,122,32,81,147,113,57,203,260
177940,1,312,5,24,28,26,25,52,51,50,53,103
177986,1,312,5,548,485,120,272,1033,392,668,757,1425
178059,1,312,5,184,491,624,2851,675,3475,808,3342,4150
178341,1,312,5,7,15,27,43,22,70,34,58,92
178369,1,312,5,1,5,11,16,6,27,12,21,33
178387,1,312,5,6,8,63,105,14,168,69,113,182
178396,1,312,5,1764,2496,1138,2161,4260,3299,2902,4657,7559
178402,1,312,5,1718,1817,800,1189,3535,1989,2518,3006,5524
178411,1,312,5,758,268,420,136,1026,556,1178,404,1582
178420,1,312,5,337,608,571,1250,945,1821,908,1858,2766
178615,1,312,5,60,169,34,75,229,109,94,244,338
178624,1,312,5,465,567,718,1447,1032,2165,1183,2014,3197
178679,1,312,5,0,0,56,25,0,81,56,25,81
178721,1,312,5,125,108,556,635,233,1191,681,743,1424
178989,1,312,5,0,1,10,80,1,90,10,81,91
179043,1,312,5,103,287,203,267,390,470,306,554,860
179326,1,312,5,98,144,89,219,242,308,187,363,550
179557,1,312,5,430,391,218,434,821,652,648,825,1473
179566,1,312,5,695,1099,838,1484,1794,2322,1533,2583,4116
179812,1,312,5,621,671,3,11,1292,14,624,682,1306
179867,1,312,5,3456,3728,823,873,7184,1696,4279,4601,8880
179894,1,312,5,705,602,1205,1687,1307,2892,1910,2289,4199
180106,1,312,5,8,32,1,2,40,3,9,34,43
180179,1,312,5,27,129,65,171,156,236,92,300,392
180258,1,312,5,32,116,47,167,148,214,79,283,362
180416,1,312,5,45,20,73,50,65,123,118,70,188
180461,1,312,5,260,364,621,811,624,1432,881,1175,2056
180522,1,312,5,1,12,4,18,13,22,5,30,35
180595,1,312,5,52,157,0,0,209,0,52,157,209
180647,1,312,5,4,17,3,4,21,7,7,21,28
180814,1,312,5,871,1408,329,425,2279,754,1200,1833,3033
180948,1,312,5,41,86,97,221,127,318,138,307,445
181002,1,312,5,1221,1817,405,664,3038,1069,1626,2481,4107
181020,1,312,5,106,229,107,447,335,554,213,676,889
181127,1,312,5,12,3,2,0,15,2,14,3,17
181215,1,312,5,70,195,440,1067,265,1507,510,1262,1772
181297,1,312,5,32,273,5,28,305,33,37,301,338
181330,1,312,5,21,18,57,179,39,236,78,197,275
181394,1,312,5,406,629,780,1217,1035,1997,1186,1846,3032
181428,1,312,5,749,1380,195,450,2129,645,944,1830,2774
181446,1,312,5,8,35,16,84,43,100,24,119,143
181464,1,312,5,1294,1226,959,1137,2520,2096,2253,2363,4616
181604,1,312,5,33,208,12,65,241,77,45,273,318
181738,1,312,5,10,76,0,1,86,1,10,77,87
181783,1,312,5,67,114,215,517,181,732,282,631,913
182281,1,312,5,1252,1823,890,1330,3075,2220,2142,3153,5295
182290,1,312,5,649,1040,891,1392,1689,2283,1540,2432,3972
182670,1,312,5,1110,1134,21,21,2244,42,1131,1155,2286
182829,1,312,5,232,196,134,89,428,223,366,285,651
182980,1,312,5,1163,525,55,66,1688,121,1218,591,1809
183026,1,312,5,2276,4784,4962,11204,7060,16166,7238,15988,23226
183044,1,312,5,540,831,446,624,1371,1070,986,1455,2441
183062,1,312,5,3,13,49,70,16,119,52,83,135
183071,1,312,5,0,0,6,4,0,10,6,4,10
183080,1,312,5,67,135,93,269,202,362,160,404,564
183239,1,312,5,7,10,0,1,17,1,7,11,18
183257,1,312,5,5,29,49,147,34,196,54,176,230
183789,1,312,5,16,40,24,54,56,78,40,94,134
183822,1,312,5,1,0,0,0,1,0,1,0,1
183910,1,312,5,21,92,56,254,113,310,77,346,423
184603,1,312,5,239,370,336,960,609,1296,575,1330,1905
184612,1,312,5,27,68,78,229,95,307,105,297,402
184694,1,312,5,152,438,71,109,590,180,223,547,770
184773,1,312,5,35,116,65,275,151,340,100,391,491
184782,1,312,5,1252,1281,539,1232,2533,1771,1791,2513,4304
185262,1,312,5,237,751,203,848,988,1051,440,1599,2039
185572,1,312,5,153,444,143,476,597,619,296,920,1216
185590,1,312,5,466,1227,856,1945,1693,2801,1322,3172,4494
185758,1,312,5,9,12,54,57,21,111,63,69,132
185828,1,312,5,1522,713,739,339,2235,1078,2261,1052,3313
186131,1,312,5,1865,1373,0,0,3238,0,1865,1373,3238
186201,1,312,5,65,167,76,238,232,314,141,405,546
186283,1,312,5,98,211,186,390,309,576,284,601,885
186371,1,312,5,380,466,384,551,846,935,764,1017,1781
186380,1,312,5,3515,5181,1683,3914,8696,5597,5198,9095,14293
186399,1,312,5,893,830,862,921,1723,1783,1755,1751,3506
186432,1,312,5,630,382,121,226,1012,347,751,608,1359
186584,1,312,5,619,1003,714,1275,1622,1989,1333,2278,3611
186618,1,312,5,39,156,54,136,195,190,93,292,385
186867,1,312,5,2782,1016,1031,415,3798,1446,3813,1431,5244
186876,1,312,5,108,300,125,409,408,534,233,709,942
187046,1,312,5,2,5,380,503,7,883,382,508,890
187134,1,312,5,47,198,81,264,245,345,128,462,590
187444,1,312,5,164,460,403,1439,624,1842,567,1899,2466
187648,1,312,5,87,308,233,645,395,878,320,953,1273
187897,1,312,5,152,458,107,335,610,442,259,793,1052
187967,1,312,5,167,82,109,113,249,222,276,195,471
187985,1,312,5,1264,1765,1177,1372,3029,2549,2441,3137,5578
188030,1,312,5,633,793,474,777,1426,1251,1107,1570,2677
188207,1,312,5,11,114,5,63,125,68,16,177,193
188340,1,312,5,3,2,3,4,5,7,6,6,12
188429,1,312,5,279,824,259,835,1103,1094,538,1659,2197
188641,1,312,5,63,138,69,196,201,265,132,334,466
188854,1,312,5,3,6,0,0,9,0,3,6,9
189228,1,312,5,25,22,5,12,47,17,30,34,64
189705,1,312,5,159,221,124,200,380,324,283,421,704
190044,1,312,5,308,295,250,198,603,448,558,493,1051
190099,1,312,5,0,8,2,1,8,3,2,9,11
190372,1,312,5,29,11,18,1,40,19,47,12,59
190415,1,312,5,4656,4757,395,355,9413,750,5051,5112,10163
190424,1,312,5,530,756,16,25,1286,41,546,781,1327
190503,1,312,5,42,75,2,0,117,2,44,75,119
190761,1,312,5,40,139,24,107,179,131,64,246,310
191126,1,312,5,29,161,5,59,190,64,34,220,254
191205,1,312,5,10,5,22,13,15,35,32,18,50
191241,1,312,5,1495,2239,779,1945,3734,2724,2274,4184,6458
191533,1,312,5,0,0,0,4,0,4,0,4,4
191649,1,312,5,1151,1865,347,765,3016,1112,1498,2630,4128
191676,1,312,5,2,6,8,12,8,20,10,18,28
192192,1,312,5,10,70,32,153,80,185,42,223,265
192271,1,312,5,16,139,5,70,155,75,21,209,230
192323,1,312,5,92,219,65,227,311,292,157,446,603
192448,1,312,5,650,1955,338,1475,2605,1813,988,3430,4418
192703,1,312,5,207,217,39,46,424,85,246,263,509
192712,1,312,5,264,325,5,13,589,18,269,338,607
192749,1,312,5,108,206,194,442,314,636,302,648,950
192785,1,312,5,4,39,0,1,43,1,4,40,44
192819,1,312,5,277,310,155,247,587,402,432,557,989
193016,1,312,5,270,826,186,954,1096,1140,456,1780,2236
193292,1,312,5,60,234,235,1007,294,1242,295,1241,1536
193399,1,312,5,69,220,38,291,289,329,107,511,618
193584,1,312,5,61,285,39,150,346,189,100,435,535
193654,1,312,5,806,1799,109,223,2605,332,915,2022,2937
193830,1,312,5,549,718,59,128,1267,187,608,846,1454
193900,1,312,5,9279,13037,3168,4259,22316,7427,12447,17296,29743
193973,1,312,5,267,484,146,252,751,398,413,736,1149
194091,1,312,5,1510,1549,183,211,3059,394,1693,1760,3453
194116,1,312,5,21,129,2,1,150,3,23,130,153
194310,1,312,5,1322,1915,655,1494,3237,2149,1977,3409,5386
194392,1,312,5,3,3,10,2,6,12,13,5,18
194578,1,312,5,346,1056,27,131,1402,158,373,1187,1560
194824,1,312,5,681,349,27,9,1030,36,708,358,1066
195003,1,312,5,1297,828,322,228,2125,550,1619,1056,2675
195128,1,312,5,73,301,107,555,374,662,180,856,1036
195155,1,312,5,11,1,108,51,12,159,119,52,171
195164,1,312,5,88,164,187,307,252,494,275,471,746
195216,1,312,5,5,4,11,10,9,21,16,14,30
195234,1,312,5,157,408,211,578,565,789,368,986,1354
195243,1,312,5,28,48,36,62,76,98,64,110,174
195474,1,312,5,47,31,29,25,78,54,76,56,132
195544,1,312,5,49,99,124,520,148,644,173,619,792
195720,1,312,5,159,393,90,350,552,440,249,743,992
196024,1,312,5,0,15,11,108,15,119,11,123,134
196042,1,312,5,9,4,31,6,13,37,40,10,50
196060,1,312,5,864,1355,732,1443,2219,2175,1596,2798,4394
196079,1,312,5,1295,1174,695,746,2469,1441,1990,1920,3910
196088,1,312,5,3584,3876,1891,1987,7460,3878,5475,5863,11338
196097,1,312,5,2769,2818,802,1812,5587,2614,3571,4630,8201
196103,1,312,5,70,107,83,95,177,178,153,202,355
196112,1,312,5,153,143,194,370,296,564,347,513,860
196121,1,312,5,114,252,303,606,366,909,417,858,1275
196130,1,312,5,92,294,164,431,386,595,256,725,981
196149,1,312,5,60,176,109,352,236,461,169,528,697
196158,1,312,5,23,108,34,114,131,148,57,222,279
196167,1,312,5,10,30,7,27,40,34,17,57,74
196176,1,312,5,169,337,98,270,506,368,267,607,874
196185,1,312,5,28,136,72,335,164,407,100,471,571
196194,1,312,5,153,231,208,329,384,537,361,560,921
196200,1,312,5,47,153,33,112,200,145,80,265,345
196219,1,312,5,35,27,4,9,62,13,39,36,75
196246,1,312,5,77,243,52,98,320,150,129,341,470
196255,1,312,5,515,919,114,355,1434,469,629,1274,1903
196264,1,312,5,58,110,411,1093,168,1504,469,1203,1672
196291,1,312,5,62,14,45,11,76,56,107,25,132
196307,1,312,5,468,693,20,92,1161,112,488,785,1273
196413,1,312,5,2586,2715,822,1154,5301,1976,3408,3869,7277
196468,1,312,5,632,2592,322,968,3224,1290,954,3560,4514
196884,1,312,5,66,101,29,33,167,62,95,134,229
197045,1,312,5,65,224,246,648,289,894,311,872,1183
197708,1,312,5,762,1727,265,436,2489,701,1027,2163,3190
197869,1,312,5,301,557,252,768,858,1020,553,1325,1878
197911,1,312,5,25,18,5,30,43,35,30,48,78
198066,1,312,5,11,9,3,1,20,4,14,10,24
198109,1,312,5,6,54,1,16,60,17,7,70,77
198136,1,312,5,797,1128,112,270,1925,382,909,1398,2307
198303,1,312,5,21,17,25,23,38,48,46,40,86
198464,1,312,5,962,1814,753,1934,2776,2687,1715,3748,5463
198507,1,312,5,9,22,17,68,31,85,26,90,116
198516,1,312,5,260,487,23,16,747,39,283,503,786
198543,1,312,5,117,280,242,400,397,642,359,680,1039
198598,1,312,5,10,34,12,40,44,52,22,74,96
198756,1,312,5,7,34,0,0,41,0,7,34,41
198835,1,312,5,106,323,105,291,429,396,211,614,825
198899,1,312,5,9,12,5,12,21,17,14,24,38
198950,1,312,5,10,93,16,146,103,162,26,239,265
198969,1,312,5,101,196,14,52,297,66,115,248,363
199102,1,312,5,351,556,303,444,907,747,654,1000,1654
199120,1,312,5,3644,5663,1009,1360,9307,2369,4653,7023,11676
199139,1,312,5,1300,1579,1113,2098,2879,3211,2413,3677,6090
199148,1,312,5,594,1247,566,1373,1841,1939,1160,2620,3780
199157,1,312,5,379,944,146,450,1323,596,525,1394,1919
199184,1,312,5,85,93,2,4,178,6,87,97,184
199193,1,312,5,3770,3449,1586,1641,7219,3227,5356,5090,10446
199218,1,312,5,437,1201,550,1361,1638,1911,987,2562,3549
199281,1,312,5,142,430,413,1038,572,1451,555,1468,2023
199412,1,312,5,40,86,116,314,126,430,156,400,556
199607,1,312,5,0,1,9,95,1,104,9,96,105
199759,1,312,5,793,207,752,333,1000,1085,1545,540,2085
199865,1,312,5,20,44,0,6,64,6,20,50,70
199971,1,312,5,12,11,0,0,23,0,12,11,23
199999,1,312,5,66,269,26,130,335,156,92,399,491
200004,1,312,5,249,616,273,541,865,814,522,1157,1679
200013,1,312,5,6,13,1,9,19,10,7,22,29
200059,1,312,5,6,7,29,20,13,49,35,27,62
200217,1,312,5,193,445,173,335,638,508,366,780,1146
200280,1,312,5,725,1048,728,1447,1773,2175,1453,2495,3948
200332,1,312,5,444,518,587,597,962,1184,1031,1115,2146
200572,1,312,5,2,3,40,92,5,132,42,95,137
200697,1,312,5,429,73,430,116,502,546,859,189,1048
200800,1,312,5,549,669,364,560,1218,924,913,1229,2142
201061,1,312,5,0,2,1,1,2,2,1,3,4
201195,1,312,5,107,251,34,84,358,118,141,335,476
201441,1,312,5,623,832,572,1040,1455,1612,1195,1872,3067
201548,1,312,5,193,285,83,118,478,201,276,403,679
201645,1,312,5,2360,2813,412,599,5173,1011,2772,3412,6184
201654,1,312,5,117,104,82,124,221,206,199,228,427
201885,1,312,5,2748,3422,1672,3650,6170,5322,4420,7072,11492
201964,1,312,5,66,57,19,19,123,38,85,76,161
202170,1,312,5,4,10,1,1,14,2,5,11,16
202480,1,312,5,1318,1172,362,406,2490,768,1680,1578,3258
202763,1,312,5,289,450,126,209,739,335,415,659,1074
203067,1,312,5,102,146,17,53,248,70,119,199,318
203085,1,312,5,44,54,21,34,98,55,65,88,153
203128,1,312,5,5,8,0,3,13,3,5,11,16
203368,1,312,5,79,153,116,157,232,273,195,310,505
203465,1,312,5,0,0,0,3,0,3,0,3,3
203517,1,312,5,1165,1824,660,1787,2989,2447,1825,3611,5436
203544,1,312,5,23,161,1,2,184,3,24,163,187
203580,1,312,5,25,46,52,45,71,97,77,91,168
203757,1,312,5,59,115,2,7,174,9,61,122,183
203775,1,312,5,25,44,33,150,69,183,58,194,252
203845,1,312,5,14,66,4,5,80,9,18,71,89
203960,1,312,5,10,38,13,80,48,93,23,118,141
204006,1,312,5,2,8,0,7,10,7,2,15,17
204024,1,312,5,361,563,289,1030,924,1319,650,1593,2243
204194,1,312,5,70,123,29,91,193,120,99,214,313
204200,1,312,5,73,149,39,343,222,382,112,492,604
204468,1,312,5,0,0,45,70,0,115,45,70,115
204477,1,312,5,459,519,10,13,978,23,469,532,1001
204617,1,312,5,58,99,60,213,157,273,118,312,430
204635,1,312,5,175,264,2,5,439,7,177,269,446
204680,1,312,5,0,0,0,1,0,1,0,1,1
204796,1,312,5,4040,6002,1958,2417,10042,4375,5998,8419,14417
204857,1,312,5,1349,1802,1142,1739,3151,2881,2491,3541,6032
204936,1,312,5,37,47,56,145,84,201,93,192,285
205443,1,312,5,16,59,56,75,75,131,72,134,206
206279,1,312,5,49,124,34,99,173,133,83,223,306
206349,1,312,5,5,45,31,244,50,275,36,289,325
206507,1,312,5,6,19,4,2,25,6,10,21,31
206525,1,312,5,5,5,11,20,10,31,16,25,41
206604,1,312,5,508,691,781,760,1199,1541,1289,1451,2740
206622,1,312,5,171,291,302,498,462,800,473,789,1262
206695,1,312,5,419,602,436,792,1021,1228,855,1394,2249
206862,1,312,5,124,210,106,155,334,261,230,365,595
206914,1,312,5,27,94,40,124,121,164,67,218,285
207041,1,312,5,89,180,101,276,269,377,190,456,646
207209,1,312,5,23,49,26,31,72,57,49,80,129
207263,1,312,5,172,471,194,623,643,817,366,1094,1460
207306,1,312,5,20,49,33,103,69,136,53,152,205
207315,1,312,5,403,563,230,263,966,493,633,826,1459
207324,1,312,5,231,103,149,104,334,253,380,207,587
207342,1,312,5,721,1193,111,379,1914,490,832,1572,2404
207388,1,312,5,805,1149,1446,1186,1954,2632,2251,2335,4586
207500,1,312,5,1599,2241,1362,1824,3840,3186,2961,4065,7026
207582,1,312,5,277,294,94,97,571,191,371,391,762
207661,1,312,5,26,53,12,18,79,30,38,71,109
207847,1,312,5,260,521,619,1057,781,1676,879,1578,2457
207865,1,312,5,163,295,80,298,458,378,243,593,836
207971,1,312,5,445,409,161,107,854,268,606,516,1122
208646,1,312,5,37,71,49,102,108,151,86,173,259
208822,1,312,5,208,434,284,571,642,855,492,1005,1497
209490,1,312,5,599,1080,156,283,1679,439,755,1363,2118
209506,1,312,5,15,28,25,41,43,66,40,69,109
209542,1,312,5,1634,1710,873,1170,3344,2043,2507,2880,5387
209551,1,312,5,1442,1802,120,234,3244,354,1562,2036,3598
209603,1,312,5,29,76,0,6,105,6,29,82,111
209612,1,312,5,434,1271,60,155,1705,215,494,1426,1920
209807,1,312,5,898,1544,810,1495,2442,2305,1708,3039,4747
209825,1,312,5,49,67,97,190,116,287,146,257,403
209922,1,312,5,0,0,6,5,0,11,6,5,11
210401,1,312,5,264,249,7,22,513,29,271,271,542
210429,1,312,5,83,162,58,128,245,186,141,290,431
210739,1,312,5,104,302,129,231,406,360,233,533,766
210775,1,312,5,87,176,55,148,263,203,142,324,466
211088,1,312,5,151,396,159,450,547,609,310,846,1156
211130,1,312,5,53,48,28,31,101,59,81,79,160
211291,1,312,5,13,14,3,10,27,13,16,24,40
211352,1,312,5,24,54,98,251,78,349,122,305,427
211431,1,312,5,37,287,55,478,324,533,92,765,857
211440,1,312,5,4986,3162,475,320,8148,795,5461,3482,8943
211556,1,312,5,126,535,48,179,661,227,174,714,888
211583,1,312,5,43,166,57,165,209,222,100,331,431
212054,1,312,5,1790,2603,1220,2710,4393,3930,3010,5313,8323
212106,1,312,5,992,1734,72,214,2726,286,1064,1948,3012
212115,1,312,5,91,157,135,368,248,503,226,525,751
212133,1,312,5,458,571,1238,1654,1029,2892,1696,2225,3921
212197,1,312,5,24,125,44,91,149,135,68,216,284
212601,1,312,5,581,611,124,258,1192,382,705,869,1574
212674,1,312,5,2,1,271,339,3,610,273,340,613
212771,1,312,5,22,45,31,152,67,183,53,197,250
212805,1,312,5,0,0,18,9,0,27,18,9,27
212984,1,312,5,24,129,101,503,153,604,125,632,757
213011,1,312,5,32,151,142,540,183,682,174,691,865
213020,1,312,5,290,399,372,717,689,1089,662,1116,1778
213251,1,312,5,7,5,11,10,12,21,18,15,33
213321,1,312,5,20,91,51,160,111,211,71,251,322
213349,1,312,5,107,189,147,515,296,662,254,704,958
213367,1,312,5,71,209,301,695,280,996,372,904,1276
213446,1,312,5,15,29,13,16,44,29,28,45,73
213507,1,312,5,70,147,75,105,217,180,145,252,397
213598,1,312,5,20,72,3,17,92,20,23,89,112
213987,1,312,5,84,144,58,69,228,127,142,213,355
213996,1,312,5,60,209,160,307,269,467,220,516,736
214041,1,312,5,54,129,188,590,183,778,242,719,961
214148,1,312,5,1,6,0,6,7,6,1,12,13
214157,1,312,5,80,173,104,272,253,376,184,445,629
214175,1,312,5,9,5,0,0,14,0,9,5,14
214272,1,312,5,59,115,78,221,174,299,137,336,473
214564,1,312,5,223,847,11,84,1070,95,234,931,1165
214591,1,312,5,12,18,51,26,30,77,63,44,107
214607,1,312,5,72,27,106,66,99,172,178,93,271
214643,1,312,5,0,0,1,4,0,5,1,4,5
214704,1,312,5,0,0,0,6,0,6,0,6,6
214713,1,312,5,97,109,128,175,206,303,225,284,509
214777,1,312,5,3969,3773,238,303,7742,541,4207,4076,8283
214829,1,312,5,0,0,4,3,0,7,4,3,7
214883,1,312,5,1,8,15,70,9,85,16,78,94
215062,1,312,5,5716,7431,1606,2198,13147,3804,7322,9629,16951
215105,1,312,5,29,61,19,34,90,53,48,95,143
215123,1,312,5,1112,1794,34,96,2906,130,1146,1890,3036
215293,1,312,5,3022,4317,753,1255,7339,2008,3775,5572,9347
215424,1,312,5,100,85,22,16,185,38,122,101,223
215442,1,312,5,61,80,226,503,141,729,287,583,870
215655,1,312,5,96,70,213,285,166,498,309,355,664
215743,1,312,5,59,153,57,127,212,184,116,280,396
215798,1,312,5,41,71,29,36,112,65,70,107,177
215929,1,312,5,196,308,248,386,504,634,444,694,1138
216010,1,312,5,71,145,178,325,216,503,249,470,719
216038,1,312,5,167,442,163,692,609,855,330,1134,1464
216339,1,312,5,2855,4027,742,1466,6882,2208,3597,5493,9090
216357,1,312,5,32,69,1,1,101,2,33,70,103
216366,1,312,5,909,1893,346,1367,2802,1713,1255,3260,4515
216542,1,312,5,1,3,34,37,4,71,35,40,75
216597,1,312,5,672,868,893,961,1540,1854,1565,1829,3394
216667,1,312,5,0,0,1,1,0,2,1,1,2
216694,1,312,5,28,74,52,96,102,148,80,170,250
216764,1,312,5,289,704,633,1257,993,1890,922,1961,2883
216852,1,312,5,623,1119,178,941,1742,1119,801,2060,2861
216931,1,312,5,171,360,505,2171,531,2676,676,2531,3207
217013,1,312,5,10,15,73,296,25,369,83,311,394
217059,1,312,5,27,45,45,204,72,249,72,249,321
217156,1,312,5,1633,1763,73,81,3396,154,1706,1844,3550
217165,1,312,5,82,97,85,68,179,153,167,165,332
217235,1,312,5,74,208,44,82,282,126,118,290,408
217305,1,312,5,29,118,4,24,147,28,33,142,175
217402,1,312,5,97,117,90,173,214,263,187,290,477
217420,1,312,5,58,222,164,624,280,788,222,846,1068
217493,1,312,5,166,346,0,0,512,0,166,346,512
217518,1,312,5,68,133,44,49,201,93,112,182,294
217536,1,312,5,69,95,166,352,164,518,235,447,682
217633,1,312,5,294,465,74,51,759,125,368,516,884
217688,1,312,5,65,141,143,233,206,376,208,374,582
217721,1,312,5,29,15,0,0,44,0,29,15,44
217749,1,312,5,38,36,180,176,74,356,218,212,430
217819,1,312,5,85,194,132,502,279,634,217,696,913
217864,1,312,5,89,94,445,398,183,843,534,492,1026
217873,1,312,5,9,38,7,27,47,34,16,65,81
217882,1,312,5,1867,1426,970,1637,3293,2607,2837,3063,5900
217907,1,312,5,10,23,19,48,33,67,29,71,100
217925,1,312,5,81,100,580,719,181,1299,661,819,1480
217934,1,312,5,29,138,16,158,167,174,45,296,341
217961,1,312,5,27,93,77,283,120,360,104,376,480
218061,1,312,5,12,100,73,225,112,298,85,325,410
218229,1,312,5,46,74,121,364,120,485,167,438,605
218335,1,312,5,868,1746,43,218,2614,261,911,1964,2875
218414,1,312,5,4,5,5,2,9,7,9,7,16
218441,1,312,5,125,116,24,21,241,45,149,137,286
218539,1,312,5,48,189,1,6,237,7,49,195,244
218645,1,312,5,56,102,175,362,158,537,231,464,695
218654,1,312,5,4,4,7,56,8,63,11,60,71
218663,1,312,5,2345,3354,750,1861,5699,2611,3095,5215,8310
218724,1,312,5,70,78,117,278,148,395,187,356,543
218733,1,312,5,48,123,32,72,171,104,80,195,275
218742,1,312,5,10,37,65,320,47,385,75,357,432
218751,1,312,5,177,197,0,1,374,1,177,198,375
218919,1,312,5,4,30,0,0,34,0,4,30,34
219082,1,312,5,71,23,292,98,94,390,363,121,484
219198,1,312,5,58,90,3,21,148,24,61,111,172
219204,1,312,5,39,56,74,53,95,127,113,109,222
219259,1,312,5,30,29,85,349,59,434,115,378,493
219277,1,312,5,0,0,7,23,0,30,7,23,30
219347,1,312,5,135,58,106,30,193,136,241,88,329
219471,1,312,5,665,800,406,853,1465,1259,1071,1653,2724
219602,1,312,5,153,293,247,513,446,760,400,806,1206
219639,1,312,5,2,9,2,7,11,9,4,16,20
219806,1,312,5,95,75,171,726,170,897,266,801,1067
219833,1,312,5,330,199,73,79,529,152,403,278,681
220075,1,312,5,640,1156,317,816,1796,1133,957,1972,2929
220215,1,312,5,66,51,112,251,117,363,178,302,480
220473,1,312,5,56,65,89,60,121,149,145,125,270
220516,1,312,5,53,143,7,34,196,41,60,177,237
220701,1,312,5,11,9,10,8,20,18,21,17,38
220710,1,312,5,0,2,1,1,2,2,1,3,4
220792,1,312,5,335,627,0,0,962,0,335,627,962
220862,1,312,5,1333,1356,862,1658,2689,2520,2195,3014,5209
220978,1,312,5,287,442,686,1233,729,1919,973,1675,2648
221519,1,312,5,36,31,12,12,67,24,48,43,91
221740,1,312,5,249,480,326,344,729,670,575,824,1399
221759,1,312,5,1693,2295,1245,1533,3988,2778,2938,3828,6766
221768,1,312,5,71,175,146,311,246,457,217,486,703
221838,1,312,5,238,411,300,591,649,891,538,1002,1540
221847,1,312,5,161,172,431,601,333,1032,592,773,1365
221999,1,312,5,2225,3179,379,776,5404,1155,2604,3955,6559
222178,1,312,5,63,331,461,1013,394,1474,524,1344,1868
222831,1,312,5,227,584,278,444,811,722,505,1028,1533
222877,1,312,5,1,0,1,0,1,1,2,0,2
223223,1,312,5,650,953,6,1,1603,7,656,954,1610
223232,1,312,5,1441,2368,451,1236,3809,1687,1892,3604,5496
224147,1,312,5,251,331,893,1479,582,2372,1144,1810,2954
224323,1,312,5,171,109,307,288,280,595,478,397,875
224527,1,312,5,33,34,62,63,67,125,95,97,192
224554,1,312,5,614,854,777,1678,1468,2455,1391,2532,3923
225247,1,312,5,94,219,42,63,313,105,136,282,418
225399,1,312,5,50,141,297,946,191,1243,347,1087,1434
225414,1,312,5,341,561,454,854,902,1308,795,1415,2210
225432,1,312,5,50,77,457,768,127,1225,507,845,1352
225511,1,312,5,2871,3214,1198,1474,6085,2672,4069,4688,8757
225548,1,312,5,13,3,35,14,16,49,48,17,65
226383,1,312,5,6,33,38,173,39,211,44,206,250
226471,1,312,5,91,271,43,98,362,141,134,369,503
226587,1,312,5,1,4,0,1,5,1,1,5,6
227216,1,312,5,3928,3741,1517,2558,7669,4075,5445,6299,11744
227331,1,312,5,182,792,25,132,974,157,207,924,1131
227368,1,312,5,696,1096,1070,2263,1792,3333,1766,3359,5125
227526,1,312,5,170,253,172,358,423,530,342,611,953
227757,1,312,5,2272,1333,366,207,3605,573,2638,1540,4178
227845,1,312,5,63,130,113,395,193,508,176,525,701
227863,1,312,5,123,186,250,383,309,633,373,569,942
227881,1,312,5,320,635,684,1606,955,2290,1004,2241,3245
228042,1,312,5,24,53,6,12,77,18,30,65,95
228149,1,312,5,391,486,164,211,877,375,555,697,1252
228194,1,312,5,371,441,86,105,812,191,457,546,1003
228246,1,312,5,1174,1230,1388,1205,2404,2593,2562,2435,4997
228431,1,312,5,186,430,235,571,616,806,421,1001,1422
228459,1,312,5,906,1634,599,1198,2540,1797,1505,2832,4337
228501,1,312,5,47,50,97,243,97,340,144,293,437
228529,1,312,5,207,417,498,1090,624,1588,705,1507,2212
228635,1,312,5,743,1004,336,271,1747,607,1079,1275,2354
228644,1,312,5,944,1454,94,241,2398,335,1038,1695,2733
228653,1,312,5,666,1070,212,828,1736,1040,878,1898,2776
228705,1,312,5,374,263,252,356,637,608,626,619,1245
228723,1,312,5,6869,5823,1836,1974,12692,3810,8705,7797,16502
228769,1,312,5,3233,2699,1939,5284,5932,7223,5172,7983,13155
228778,1,312,5,5227,5263,262,323,10490,585,5489,5586,11075
228787,1,312,5,4191,3147,1454,1161,7338,2615,5645,4308,9953
228796,1,312,5,666,805,897,1347,1471,2244,1563,2152,3715
228802,1,312,5,288,514,433,1116,802,1549,721,1630,2351
228875,1,312,5,654,978,45,73,1632,118,699,1051,1750
228909,1,312,5,763,1398,50,121,2161,171,813,1519,2332
229018,1,312,5,163,193,318,534,356,852,481,727,1208
229027,1,312,5,999,1136,1134,1438,2135,2572,2133,2574,4707
229063,1,312,5,448,902,148,304,1350,452,596,1206,1802
229115,1,312,5,2465,2531,987,1816,4996,2803,3452,4347,7799
229179,1,312,5,244,1947,300,3314,2191,3614,544,5261,5805
229267,1,312,5,51,79,23,27,130,50,74,106,180
229337,1,312,5,828,1642,231,987,2470,1218,1059,2629,3688
229780,1,312,5,115,168,184,236,283,420,299,404,703
229814,1,312,5,171,427,717,1026,598,1743,888,1453,2341
230038,1,312,5,1015,878,643,517,1893,1160,1658,1395,3053
230171,1,312,5,25,24,11,15,49,26,36,39,75
230603,1,312,5,184,219,596,682,403,1278,780,901,1681
230728,1,312,5,546,785,777,1000,1331,1777,1323,1785,3108
230764,1,312,5,3251,3528,815,785,6779,1600,4066,4313,8379
230782,1,312,5,176,304,207,324,480,531,383,628,1011
230807,1,312,5,72,165,29,53,237,82,101,218,319
230816,1,312,5,19,84,0,0,103,0,19,84,103
230834,1,312,5,20,18,137,460,38,597,157,478,635
230852,1,312,5,6,14,222,241,20,463,228,255,483
230913,1,312,5,6,39,64,188,45,252,70,227,297
230959,1,312,5,1,1,9,59,2,68,10,60,70
231059,1,312,5,15,23,38,114,38,152,53,137,190
231165,1,312,5,0,0,2,0,0,2,2,0,2
231174,1,312,5,665,1030,162,333,1695,495,827,1363,2190
231420,1,312,5,5,13,49,156,18,205,54,169,223
231581,1,312,5,9,24,1,2,33,3,10,26,36
231624,1,312,5,764,929,453,711,1693,1164,1217,1640,2857
231712,1,312,5,33,52,13,12,85,25,46,64,110
232025,1,312,5,81,190,3,2,271,5,84,192,276
232043,1,312,5,29,64,51,298,93,349,80,362,442
232089,1,312,5,5,6,1,8,11,9,6,14,20
232186,1,312,5,2644,2965,2384,4042,5609,6426,5028,7007,12035
232308,1,312,5,10,21,24,57,31,81,34,78,112
232557,1,312,5,8921,14036,9726,15120,22957,24846,18647,29156,47803
232566,1,312,5,87,226,276,615,313,891,363,841,1204
232609,1,312,5,214,357,74,160,571,234,288,517,805
232706,1,312,5,190,452,225,569,642,794,415,1021,1436
232982,1,312,5,576,1110,1245,1801,1686,3046,1821,2911,4732
233277,1,312,5,136,567,157,850,703,1007,293,1417,1710
233374,1,312,5,200,276,87,168,476,255,287,444,731
233541,1,312,5,226,638,182,753,864,935,408,1391,1799
233718,1,312,5,0,3,0,0,3,0,0,3,3
233921,1,312,5,3134,2579,1175,848,5713,2023,4309,3427,7736
234030,1,312,5,1648,3254,717,1505,4902,2222,2365,4759,7124
234076,1,312,5,3373,3352,692,1221,6725,1913,4065,4573,8638
234155,1,312,5,76,123,38,111,199,149,114,234,348
234207,1,312,5,188,188,0,0,376,0,188,188,376
234827,1,312,5,77,107,127,203,184,330,204,310,514
235097,1,312,5,679,1672,325,630,2351,955,1004,2302,3306
235316,1,312,5,591,1048,166,364,1639,530,757,1412,2169
235547,1,312,5,86,506,11,51,592,62,97,557,654
236328,1,312,5,82,178,5,46,260,51,87,224,311
236452,1,312,5,32,23,72,117,55,189,104,140,244
236577,1,312,5,67,248,113,258,315,371,180,506,686
236595,1,312,5,480,1135,549,911,1615,1460,1029,2046,3075
236896,1,312,5,23,92,5,12,115,17,28,104,132
236939,1,312,5,1336,1980,758,853,3316,1611,2094,2833,4927
237011,1,312,5,270,446,92,138,716,230,362,584,946
237066,1,312,5,67,95,57,149,162,206,124,244,368
237118,1,312,5,29,60,1,3,89,4,30,63,93
237181,1,312,5,0,0,13,11,0,24,13,11,24
237312,1,312,5,316,230,94,54,546,148,410,284,694
237330,1,312,5,28,97,59,165,125,224,87,262,349
237367,1,312,5,45,56,56,144,101,200,101,200,301
237385,1,312,5,6,7,0,9,13,9,6,16,22
237525,1,312,5,652,1106,279,702,1758,981,931,1808,2739
237792,1,312,5,64,156,66,231,220,297,130,387,517
237899,1,312,5,40,42,19,50,82,69,59,92,151
237969,1,312,5,19,29,2,12,48,14,21,41,62
238032,1,312,5,1844,2298,664,876,4142,1540,2508,3174,5682
238193,1,312,5,77,504,33,194,581,227,110,698,808
238263,1,312,5,3,13,5,25,16,30,8,38,46
238430,1,312,5,16,56,95,410,72,505,111,466,577
238458,1,312,5,100,284,39,89,384,128,139,373,512
239071,1,312,5,18,9,109,93,27,202,127,102,229
239105,1,312,5,998,1563,439,639,2561,1078,1437,2202,3639
239169,1,312,5,634,890,29,62,1524,91,663,952,1615
239318,1,312,5,18,38,63,35,56,98,81,73,154
239716,1,312,5,9,6,23,30,15,53,32,36,68
240107,1,312,5,149,403,78,341,552,419,227,744,971
240189,1,312,5,175,308,540,689,483,1229,715,997,1712
240268,1,312,5,10,111,289,271,121,560,299,382,681
240277,1,312,5,45,113,115,180,158,295,160,293,453
240329,1,312,5,102,275,193,357,377,550,295,632,927
240338,1,312,5,1,4,25,53,5,78,26,57,83
240365,1,312,5,57,220,278,523,277,801,335,743,1078
240374,1,312,5,69,82,263,297,151,560,332,379,711
240417,1,312,5,51,167,246,516,218,762,297,683,980
240426,1,312,5,19,108,80,290,127,370,99,398,497
240444,1,312,5,4902,5522,1021,1205,10424,2226,5923,6727,12650
240453,1,312,5,1039,1572,607,1110,2611,1717,1646,2682,4328
240462,1,312,5,18,64,220,156,82,376,238,220,458
240471,1,312,5,46,147,53,166,193,219,99,313,412
240480,1,312,5,55,140,111,345,195,456,166,485,651
240727,1,312,5,721,860,391,610,1581,1001,1112,1470,2582
241191,1,312,5,11,25,2,4,36,6,13,29,42
241225,1,312,5,31,60,24,58,91,82,55,118,173
241331,1,312,5,238,1295,35,188,1533,223,273,1483,1756
241377,1,312,5,17,56,24,85,73,109,41,141,182
241386,1,312,5,2,6,2,6,8,8,4,12,16
241395,1,312,5,31,126,38,138,157,176,69,264,333
241410,1,312,5,351,719,148,419,1070,567,499,1138,1637
241739,1,312,5,302,632,136,270,934,406,438,902,1340
241766,1,312,5,17,11,4,3,28,7,21,14,35
241836,1,312,5,4,16,1,14,20,15,5,30,35
242617,1,312,5,106,212,61,123,318,184,167,335,502
242626,1,312,5,60,126,14,10,186,24,74,136,210
242635,1,312,5,56,153,13,38,209,51,69,191,260
242644,1,312,5,21,31,11,11,52,22,32,42,74
242653,1,312,5,344,877,164,338,1221,502,508,1215,1723
242662,1,312,5,82,176,69,161,258,230,151,337,488
242680,1,312,5,37,54,4,8,91,12,41,62,103
242699,1,312,5,50,44,17,6,94,23,67,50,117
242705,1,312,5,18,32,5,13,50,18,23,45,68
242723,1,312,5,122,198,122,214,320,336,244,412,656
243203,1,312,5,588,1093,20,69,1681,89,608,1162,1770
243221,1,312,5,945,1163,324,393,2108,717,1269,1556,2825
243346,1,312,5,156,520,56,175,676,231,212,695,907
243443,1,312,5,27,57,122,287,84,409,149,344,493
243577,1,312,5,213,122,153,91,335,244,366,213,579
243586,1,312,5,11,24,4,27,35,31,15,51,66
243601,1,312,5,501,1149,182,378,1650,560,683,1527,2210
243744,1,312,5,5058,4173,680,323,9231,1003,5738,4496,10234
243780,1,312,5,3909,2960,3671,2395,6869,6066,7580,5355,12935
243832,1,312,5,33,36,16,10,69,26,49,46,95
246789,1,312,5,14,11,58,34,25,92,72,45,117
248934,1,312,5,172,169,0,0,341,0,172,169,341
262086,1,312,5,316,1071,621,1859,1387,2480,937,2930,3867
262129,1,312,5,13,7,0,0,20,0,13,7,20
363907,1,312,5,12,26,13,50,38,63,25,76,101
363916,1,312,5,0,7,2,9,7,11,2,16,18
366003,1,312,5,7,20,32,19,27,51,39,39,78
366252,1,312,5,0,7,0,0,7,0,0,7,7
366711,1,312,5,236,595,99,265,831,364,335,860,1195
367954,1,312,5,1408,3360,91,293,4768,384,1499,3653,5152
385415,1,312,5,464,624,96,119,1088,215,560,743,1303
399911,1,312,5,7,3,0,0,10,0,7,3,10
404222,1,312,5,74,139,2,1,213,3,76,140,216
408844,1,312,5,39,129,19,65,168,84,58,194,252
409254,1,312,5,0,39,7,285,39,292,7,324,331
409698,1,312,5,119,407,93,178,526,271,212,585,797
414878,1,312,5,1066,290,1913,605,1356,2518,2979,895,3874
414966,1,312,5,11,13,53,56,24,109,64,69,133
416801,1,312,5,3,17,2,5,20,7,5,22,27
420042,1,312,5,0,1,0,0,1,0,0,1,1
420246,1,312,5,70,478,10,33,548,43,80,511,591
423643,1,312,5,1459,2239,27,57,3698,84,1486,2296,3782
426314,1,312,5,1342,492,911,350,1834,1261,2253,842,3095
433387,1,312,5,12577,31551,0,0,44128,0,12577,31551,44128
433420,1,312,5,1,2,0,0,3,0,1,2,3
433660,1,312,5,223,585,367,664,808,1031,590,1249,1839
435000,1,312,5,356,550,20,66,906,86,376,616,992
438586,1,312,5,9,32,18,33,41,51,27,65,92
440031,1,312,5,195,443,7,23,638,30,202,466,668
440828,1,312,5,48,119,14,50,167,64,62,169,231
441131,1,312,5,44,125,25,89,169,114,69,214,283
441690,1,312,5,1,0,5,6,1,11,6,6,12
441900,1,312,5,1,16,1,36,17,37,2,52,54
441937,1,312,5,50,99,101,144,149,245,151,243,394
442356,1,312,5,0,1,23,111,1,134,23,112,135
442930,1,312,5,14,12,1,3,26,4,15,15,30
443049,1,312,5,44,36,47,31,80,78,91,67,158
443058,1,312,5,26,36,57,58,62,115,83,94,177
444787,1,312,5,0,5,0,1,5,1,0,6,6
445027,1,312,5,1617,2009,78,182,3626,260,1695,2191,3886
445133,1,312,5,4,12,12,21,16,33,16,33,49
445188,1,312,5,418,337,5,0,755,5,423,337,760
445267,1,312,5,26,61,63,187,87,250,89,248,337
447698,1,312,5,13,73,10,34,86,44,23,107,130
448673,1,312,5,7,47,4,33,54,37,11,80,91
449481,1,312,5,6,39,0,0,45,0,6,39,45
449889,1,312,5,2321,7540,0,0,9861,0,2321,7540,9861
449922,1,312,5,51,73,0,6,124,6,51,79,130
450571,1,312,5,0,34,4,18,34,22,4,52,56
450933,1,312,5,2526,2092,0,0,4618,0,2526,2092,4618
451079,1,312,5,14,59,0,0,73,0,14,59,73
451510,1,312,5,214,359,23,23,573,46,237,382,619
454227,1,312,5,77,733,1337,12879,810,14216,1414,13612,15026
455406,1,312,5,280,339,0,1,619,1,280,340,620
456481,1,312,5,2,6,8,11,8,19,10,17,27
456542,1,312,5,259,331,30,88,590,118,289,419,708
457299,1,312,5,3,1,0,0,4,0,3,1,4
458210,1,312,5,216,942,53,241,1158,294,269,1183,1452
459736,1,312,5,388,645,44,67,1033,111,432,712,1144
459949,1,312,5,57,144,141,351,201,492,198,495,693
460349,1,312,5,21,77,190,374,98,564,211,451,662
461643,1,312,5,1,6,0,0,7,0,1,6,7
461883,1,312,5,26,36,2,3,62,5,28,39,67
474863,1,312,5,44,119,15,46,163,61,59,165,224
476975,1,312,5,88,106,1125,1813,194,2938,1213,1919,3132
477039,1,312,5,67,349,12,65,416,77,79,414,493
479956,1,312,5,231,210,2839,2489,441,5328,3070,2699,5769
480569,1,312,5,4,3,222,222,7,444,226,225,451
480657,1,312,5,2,13,1,6,15,7,3,19,22
480790,1,312,5,746,779,2,4,1525,6,748,783,1531
481535,1,312,5,20,24,0,0,44,0,20,24,44
482149,1,312,5,1014,2014,184,550,3028,734,1198,2564,3762
482158,1,312,5,106,132,93,98,238,191,199,230,429
482413,1,312,5,12,16,44,73,28,117,56,89,145
482422,1,312,5,1,1,4,7,2,11,5,8,13
482431,1,312,5,6,4,44,40,10,84,50,44,94
482459,1,312,5,2,0,5,6,2,11,7,6,13
482468,1,312,5,3,1,6,13,4,19,9,14,23
482477,1,312,5,190,245,1034,1558,435,2592,1224,1803,3027
482556,1,312,5,1,0,2,4,1,6,3,4,7
482565,1,312,5,1,0,2,1,1,3,3,1,4
482574,1,312,5,0,0,5,3,0,8,5,3,8
482635,1,312,5,0,2,10,12,2,22,10,14,24
482653,1,312,5,1,1,6,9,2,15,7,10,17
482680,1,312,5,64,165,156,404,229,560,220,569,789
482705,1,312,5,62,166,1956,2856,228,4812,2018,3022,5040
482936,1,312,5,36,9,11,6,45,17,47,15,62
483036,1,312,5,36,88,132,230,124,362,168,318,486
483124,1,312,5,1155,2942,3986,7789,4097,11775,5141,10731,15872
483595,1,312,5,669,1819,212,542,2488,754,881,2361,3242
483975,1,312,5,356,397,6,2,753,8,362,399,761
484613,1,312,5,4769,14256,0,0,19025,0,4769,14256,19025
484631,1,312,5,53,144,0,0,197,0,53,144,197
484756,1,312,5,2,1,0,0,3,0,2,1,3
484905,1,312,5,100,180,144,260,280,404,244,440,684
485768,1,312,5,165,242,0,0,407,0,165,242,407
486840,1,312,5,694,888,1150,1531,1582,2681,1844,2419,4263
487010,1,312,5,995,1644,52,153,2639,205,1047,1797,2844
487524,1,312,5,82,195,102,257,277,359,184,452,636
487995,1,312,5,6,31,18,40,37,58,24,71,95
488031,1,312,5,60,69,0,0,129,0,60,69,129
489335,1,312,5,1,3,34,15,4,49,35,18,53
489779,1,312,5,1916,3890,1299,4510,5806,5809,3215,8400,11615
489858,1,312,5,190,397,2,2,587,4,192,399,591
490230,1,312,5,17,12,0,0,29,0,17,12,29
490601,1,312,5,335,303,4,0,638,4,339,303,642
490753,1,312,5,7,25,0,0,32,0,7,25,32
490805,1,312,5,168,113,131,323,281,454,299,436,735
491808,1,312,5,32,134,6,23,166,29,38,157,195
492209,1,312,5,7,24,0,5,31,5,7,29,36
492689,1,312,5,270,324,1,2,594,3,271,326,597
493673,1,312,5,32,37,38,52,69,90,70,89,159
494010,1,312,5,35,66,1,2,101,3,36,68,104
494551,1,312,5,2,9,2,21,11,23,4,30,34
495314,1,312,5,261,230,0,0,491,0,261,230,491
496043,1,312,5,270,266,0,0,536,0,270,266,536
497107,1,312,5,0,0,18,96,0,114,18,96,114
497480,1,312,5,0,0,36,86,0,122,36,86,122
497790,1,312,5,0,4,0,0,4,0,0,4,4
498562,1,312,5,170,379,132,377,549,509,302,756,1058
498571,1,312,5,304,1024,557,1489,1328,2046,861,2513,3374
100663,2,999,1,4333,7400,662,1185,11733,1847,4995,8585,13580
100706,2,999,1,3440,2207,558,424,5647,982,3998,2631,6629
100751,2,999,1,13074,16861,898,1473,29935,2371,13972,18334,32306
100760,2,999,1,212,235,490,596,447,1086,702,831,1533
100812,2,999,1,182,510,162,303,692,465,344,813,1157
100830,2,999,1,932,1627,335,577,2559,912,1267,2204,3471
100858,2,999,1,11471,12525,1283,1174,23996,2457,12754,13699,26453
100937,2,999,1,504,451,0,3,955,3,504,454,958
101143,2,999,1,442,337,414,403,779,817,856,740,1596
101161,2,999,1,930,1368,1601,1567,2298,3168,2531,2935,5466
101189,2,999,1,504,529,139,144,1033,283,643,673,1316
101240,2,999,1,675,892,669,961,1567,1630,1344,1853,3197
101286,2,999,1,338,623,651,1076,961,1727,989,1699,2688
101295,2,999,1,775,1206,1088,1767,1981,2855,1863,2973,4836
101301,2,999,1,224,210,528,618,434,1146,752,828,1580
101435,2,999,1,444,344,5,4,788,9,449,348,797
101453,2,999,1,18,5,11,4,23,15,29,9,38
101462,2,999,1,74,55,206,258,129,464,280,313,593
101480,2,999,1,2516,3677,623,931,6193,1554,3139,4608,7747
101505,2,999,1,657,937,1864,2967,1594,4831,2521,3904,6425
101514,2,999,1,1110,1143,1812,1994,2253,3806,2922,3137,6059
101569,2,999,1,364,481,387,741,845,1128,751,1222,1973
101587,2,999,1,524,1066,142,209,1590,351,666,1275,1941
101648,2,999,1,231,88,0,0,319,0,231,88,319
101709,2,999,1,711,1261,55,118,1972,173,766,1379,2145
101736,2,999,1,362,429,1350,1379,791,2729,1712,1808,3520
101897,2,999,1,306,494,479,929,800,1408,785,1423,2208
101912,2,999,1,492,686,41,49,1178,90,533,735,1268
101994,2,999,1,90,50,94,72,140,166,184,122,306
102030,2,999,1,285,350,526,941,635,1467,811,1291,2102
102049,2,999,1,1456,3115,21,27,4571,48,1477,3142,4619
102067,2,999,1,778,745,716,1183,1523,1899,1494,1928,3422
102076,2,999,1,335,538,476,761,873,1237,811,1299,2110
102094,2,999,1,2687,4648,392,562,7335,954,3079,5210,8289
102234,2,999,1,389,502,6,19,891,25,395,521,916
102313,2,999,1,273,297,310,467,570,777,583,764,1347
102368,2,999,1,2163,3790,607,1011,5953,1618,2770,4801,7571
102377,2,999,1,663,1371,50,77,2034,127,713,1448,2161
102395,2,999,1,4,4,16,4,8,20,20,8,28
102429,2,999,1,408,505,895,1186,913,2081,1303,1691,2994
102553,2,999,1,1197,1686,1166,1726,2883,2892,2363,3412,5775
102614,2,999,1,885,999,565,906,1884,1471,1450,1905,3355
102632,2,999,1,137,230,218,321,367,539,355,551,906
103741,2,999,1,5,77,0,23,82,23,5,100,105
104151,2,999,1,31487,30493,2449,1894,61980,4343,33936,32387,66323
104160,2,999,1,723,961,1902,2602,1684,4504,2625,3563,6188
104179,2,999,1,12684,17259,2787,3172,29943,5959,15471,20431,35902
104346,2,999,1,389,502,988,1317,891,2305,1377,1819,3196
104391,2,999,1,2,49,0,0,51,0,2,49,51
104425,2,999,1,464,609,649,762,1073,1411,1113,1371,2484
104443,2,999,1,0,25,0,5,25,5,0,30,30
104568,2,999,1,3,146,0,127,149,127,3,273,276
104577,2,999,1,399,637,649,772,1036,1421,1048,1409,2457
104586,2,999,1,2006,812,85,17,2818,102,2091,829,2920
104708,2,999,1,1559,1555,2841,3531,3114,6372,4400,5086,9486
104717,2,999,1,9237,13915,3176,9589,23152,12765,12413,23504,35917
105145,2,999,1,266,360,781,1254,626,2035,1047,1614,2661
105154,2,999,1,1636,1701,3199,4078,3337,7277,4835,5779,10614
105206,2,999,1,162,241,634,1195,403,1829,796,1436,2232
105297,2,999,1,112,272,96,227,384,323,208,499,707
105330,2,999,1,7341,12377,536,1067,19718,1603,7877,13444,21321
105349,2,999,1,201,214,581,949,415,1530,782,1163,1945
105428,2,999,1,608,1016,1767,2788,1624,4555,2375,3804,6179
105525,2,999,1,1331,1420,3087,3674,2751,6761,4418,5094,9512
105659,2,999,1,392,36,0,0,428,0,392,36,428
105668,2,999,1,573,969,4521,6252,1542,10773,5094,7221,12315
105747,2,999,1,626,610,1667,1957,1236,3624,2293,2567,4860
105792,2,999,1,337,373,874,1196,710,2070,1211,1569,2780
106148,2,999,1,521,482,1440,1598,1003,3038,1961,2080,4041
106245,2,999,1,1095,1483,768,1171,2578,1939,1863,2654,4517
106263,2,999,1,311,759,12,66,1070,78,323,825,1148
106324,2,999,1,1,13,0,6,14,6,1,19,20
106397,2,999,1,10461,13236,948,979,23697,1927,11409,14215,25624
106412,2,999,1,795,970,128,146,1765,274,923,1116,2039
106449,2,999,1,443,627,572,734,1070,1306,1015,1361,2376
106458,2,999,1,2089,3105,862,1344,5194,2206,2951,4449,7400
106467,2,999,1,2106,2486,1360,1792,4592,3152,3466,4278,7744
106546,2,999,1,26,233,4,41,259,45,30,274,304
106625,2,999,1,186,297,270,406,483,676,456,703,1159
106713,2,999,1,228,163,35,50,391,85,263,213,476
106908,2,999,1,10,210,0,5,220,5,10,215,225
107080,2,999,1,553,574,9,0,1127,9,562,574,1136
107099,2,999,1,2,57,0,0,59,0,2,57,59
107141,2,999,1,512,723,214,308,1235,522,726,1031,1757
107318,2,999,1,40,92,295,362,132,657,335,454,789
107512,2,999,1,661,925,58,100,1586,158,719,1025,1744
107521,2,999,1,69,97,769,643,166,1412,838,740,1578
107558,2,999,1,361,398,3,3,759,6,364,401,765
107585,2,999,1,340,394,278,351,734,629,618,745,1363
107600,2,999,1,213,322,28,47,535,75,241,369,610
107619,2,999,1,121,208,285,421,329,706,406,629,1035
107664,2,999,1,590,938,321,653,1528,974,911,1591,2502
107725,2,999,1,131,192,231,343,323,574,362,535,897
107743,2,999,1,118,170,110,164,288,274,228,334,562
107789,2,999,1,0,95,0,0,95,0,0,95,95
107974,2,999,1,138,201,171,265,339,436,309,466,775
107983,2,999,1,1337,1477,309,397,2814,706,1646,1874,3520
107992,2,999,1,195,197,136,201,392,337,331,398,729
108092,2,999,1,1147,1774,697,814,2921,1511,1844,2588,4432
108232,2,999,1,664,1045,412,792,1709,1204,1076,1837,2913
108667,2,999,1,237,182,1372,1530,419,2902,1609,1712,3321
108807,2,999,1,1300,1314,2312,2725,2614,5037,3612,4039,7651
108852,2,999,1,79,100,0,0,179,0,79,100,179
109208,2,999,1,1663,1619,5460,5350,3282,10810,7123,6969,14092
109350,2,999,1,1410,1472,2358,2829,2882,5187,3768,4301,8069
109785,2,999,1,891,1969,62,130,2860,192,953,2099,3052
109819,2,999,1,2579,3411,5957,7902,5990,13859,8536,11313,19849
109907,2,999,1,223,363,367,554,586,921,590,917,1507
109934,2,999,1,12,204,0,0,216,0,12,204,216
110097,2,999,1,1260,1986,118,159,3246,277,1378,2145,3523
110246,2,999,1,1556,1622,1643,1890,3178,3533,3199,3512,6711
110316,2,999,1,4,22,1,7,26,8,5,29,34
110334,2,999,1,738,785,2005,2309,1523,4314,2743,3094,5837
110361,2,999,1,2466,4403,261,506,6869,767,2727,4909,7636
110398,2,999,1,159,312,1,1,471,2,160,313,473
110404,2,999,1,870,631,0,0,1501,0,870,631,1501
110413,2,999,1,1168,1428,19,29,2596,48,1187,1457,2644
110422,2,999,1,10101,9956,640,420,20057,1060,10741,10376,21117
110486,2,999,1,1920,3894,294,517,5814,811,2214,4411,6625
110495,2,999,1,1923,4036,434,739,5959,1173,2357,4775,7132
110510,2,999,1,4299,7158,908,1347,11457,2255,5207,8505,13712
110529,2,999,1,10150,8655,1435,1032,18805,2467,11585,9687,21272
110538,2,999,1,4769,5845,428,485,10614,913,5197,6330,11527
110547,2,999,1,3361,5175,682,872,8536,1554,4043,6047,10090
110556,2,999,1,6419,9909,1239,1572,16328,2811,7658,11481,19139
110565,2,999,1,10436,15347,2210,2561,25783,4771,12646,17908,30554
110574,2,999,1,2705,3747,459,592,6452,1051,3164,4339,7503
110583,2,999,1,10356,15588,1527,1895,25944,3422,11883,17483,29366
110592,2,999,1,6566,9371,1018,1223,15937,2241,7584,10594,18178
110608,2,999,1,10273,12738,1867,1857,23011,3724,12140,14595,26735
110617,2,999,1,8205,11563,1860,2069,19768,3929,10065,13632,23697
110635,2,999,1,14561,18247,749,747,32808,1496,15310,18994,34304
110644,2,999,1,12579,19008,344,452,31587,796,12923,19460,32383
110653,2,999,1,13006,16506,362,367,29512,729,13368,16873,30241
110662,2,999,1,13890,20744,449,447,34634,896,14339,21191,35530
110671,2,999,1,10559,11371,446,371,21930,817,11005,11742,22747
110680,2,999,1,16492,17809,626,500,34301,1126,17118,18309,35427
110699,2,999,1,318,553,0,0,871,0,318,553,871
110705,2,999,1,10135,12950,333,310,23085,643,10468,13260,23728
110714,2,999,1,8249,8308,396,268,16557,664,8645,8576,17221
110918,2,999,1,0,0,0,1,0,1,0,1,1
111188,2,999,1,563,141,22,5,704,27,585,146,731
111434,2,999,1,348,270,1309,1397,618,2706,1657,1667,3324
111461,2,999,1,2125,2143,2771,3032,4268,5803,4896,5175,10071
111513,2,999,1,1,93,0,23,94,23,1,116,117
111887,2,999,1,2864,3045,2746,2856,5909,5602,5610,5901,11511
111896,2,999,1,194,240,764,1398,434,2162,958,1638,2596
111920,2,999,1,1221,1187,2091,1990,2408,4081,3312,3177,6489
111939,2,999,1,1991,2439,3526,4997,4430,8523,5517,7436,12953
111948,2,999,1,3071,4944,261,342,8015,603,3332,5286,8618
112075,2,999,1,616,969,107,138,1585,245,723,1107,1830
112084,2,999,1,122,125,15,33,247,48,137,158,295
112172,2,999,1,1543,1736,1794,2077,3279,3871,3337,3813,7150
112251,2,999,1,44,82,25,48,126,73,69,130,199
112260,2,999,1,672,707,5,1,1379,6,677,708,1385
112367,2,999,1,0,3,7,36,3,43,7,39,46
112385,2,999,1,127,140,1364,1696,267,3060,1491,1836,3327
112561,2,999,1,321,316,375,494,637,869,696,810,1506
112686,2,999,1,205,235,900,1303,440,2203,1105,1538,2643
112826,2,999,1,579,509,1184,1505,1088,2689,1763,2014,3777
113096,2,999,1,1264,1325,2741,3270,2589,6011,4005,4595,8600
113111,2,999,1,558,645,1053,1275,1203,2328,1611,1920,3531
113193,2,999,1,1236,1152,2463,2470,2388,4933,3699,3622,7321
113236,2,999,1,1774,2141,2478,3091,3915,5569,4252,5232,9484
113333,2,999,1,3831,3067,2511,2353,6898,4864,6342,5420,11762
113537,2,999,1,1,2,0,0,3,0,1,2,3
113573,2,999,1,1514,1673,1786,2246,3187,4032,3300,3919,7219
113582,2,999,1,2,38,1,3,40,4,3,41,44
113634,2,999,1,2767,2393,3023,2977,5160,6000,5790,5370,11160
113698,2,999,1,291,780,21,59,1071,80,312,839,1151
113704,2,999,1,8,2,0,0,10,0,8,2,10
113856,2,999,1,1906,2182,4357,5484,4088,9841,6263,7666,13929
113980,2,999,1,3048,2945,4154,4109,5993,8263,7202,7054,14256
114123,2,999,1,1,4,0,0,5,0,1,4,5
114266,2,999,1,790,811,1909,1953,1601,3862,2699,2764,5463
114354,2,999,1,191,1010,72,256,1201,328,263,1266,1529
114433,2,999,1,231,201,102,118,432,220,333,319,652
114549,2,999,1,2,6,2,3,8,5,4,9,13
114716,2,999,1,1284,1173,2516,2345,2457,4861,3800,3518,7318
114734,2,999,1,0,0,1,0,0,1,1,0,1
114761,2,999,1,4,30,0,0,34,0,4,30,34
114789,2,999,1,2067,2502,4290,5349,4569,9639,6357,7851,14208
114813,2,999,1,285,569,52,193,854,245,337,762,1099
114859,2,999,1,2915,2877,3445,3938,5792,7383,6360,6815,13175
114938,2,999,1,540,636,746,855,1176,1601,1286,1491,2777
114947,2,999,1,43,31,0,0,74,0,43,31,74
115001,2,999,1,1718,1638,1520,1651,3356,3171,3238,3289,6527
115083,2,999,1,67,86,16,21,153,37,83,107,190
115126,2,999,1,1252,1287,2182,2620,2539,4802,3434,3907,7341
115393,2,999,1,1350,1534,1354,1675,2884,3029,2704,3209,5913
115755,2,999,1,1632,2266,182,255,3898,437,1814,2521,4335
115861,2,999,1,1326,1593,1157,1509,2919,2666,2483,3102,5585
116439,2,999,1,1930,1468,2479,2293,3398,4772,4409,3761,8170
116563,2,999,1,3,85,0,0,88,0,3,85,88
116846,2,999,1,0,3,15,11,3,26,15,14,29
117052,2,999,1,908,740,1941,2196,1648,4137,2849,2936,5785
117104,2,999,1,120,155,12,10,275,22,132,165,297
117195,2,999,1,177,206,308,264,383,572,485,470,955
117247,2,999,1,480,341,2111,2089,821,4200,2591,2430,5021
117274,2,999,1,155,130,177,139,285,316,332,269,601
117645,2,999,1,3074,3780,3427,3990,6854,7417,6501,7770,14271
117672,2,999,1,183,0,5,8,183,13,188,8,196
117690,2,999,1,572,706,1504,2137,1278,3641,2076,2843,4919
117706,2,999,1,1723,1937,3265,3780,3660,7045,4988,5717,10705
117715,2,999,1,155,185,918,1504,340,2422,1073,1689,2762
117724,2,999,1,993,546,2659,1991,1539,4650,3652,2537,6189
117733,2,999,1,1068,1106,3234,3837,2174,7071,4302,4943,9245
117788,2,999,1,789,888,2386,3054,1677,5440,3175,3942,7117
117803,2,999,1,0,0,15,33,0,48,15,33,48
117867,2,999,1,590,702,2060,2778,1292,4838,2650,3480,6130
117894,2,999,1,1065,1222,1684,1892,2287,3576,2749,3114,5863
117946,2,999,1,3593,4349,109,109,7942,218,3702,4458,8160
118347,2,999,1,534,453,765,763,987,1528,1299,1216,2515
118684,2,999,1,190,274,769,1030,464,1799,959,1304,2263
118718,2,999,1,1535,2050,1494,2255,3585,3749,3029,4305,7334
118772,2,999,1,193,261,1277,1629,454,2906,1470,1890,3360
118930,2,999,1,509,464,1137,1196,973,2333,1646,1660,3306
118976,2,999,1,2503,3217,2187,3018,5720,5205,4690,6235,10925
119058,2,999,1,40,141,2,15,181,17,42,156,198
119067,2,999,1,763,836,1065,1246,1599,2311,1828,2082,3910
119137,2,999,1,1970,1890,2798,2950,3860,5748,4768,4840,9608
119164,2,999,1,3748,3542,5272,5811,7290,11083,9020,9353,18373
119216,2,999,1,1965,2436,2517,3536,4401,6053,4482,5972,10454
119331,2,999,1,564,665,758,965,1229,1723,1322,1630,2952
120166,2,999,1,31,16,0,0,47,0,31,16,47
120184,2,999,1,1,13,3,9,14,12,4,22,26
120254,2,999,1,777,1124,15,12,1901,27,792,1136,1928
120290,2,999,1,1209,1086,2009,1821,2295,3830,3218,2907,6125
120342,2,999,1,3031,2690,3267,3272,5721,6539,6298,5962,12260
120403,2,999,1,324,820,8,13,1144,21,332,833,1165
120421,2,999,1,624,684,1554,1618,1308,3172,2178,2302,4480
120865,2,999,1,225,338,44,47,563,91,269,385,654
120883,2,999,1,1912,2384,92,131,4296,223,2004,2515,4519
120953,2,999,1,63,98,325,197,161,522,388,295,683
120971,2,999,1,2448,2352,3633,3453,4800,7086,6081,5805,11886
121044,2,999,1,3368,3264,4080,4432,6632,8512,7448,7696,15144
121150,2,999,1,1704,2687,140,570,4391,710,1844,3257,5101
121275,2,999,1,18,13,0,0,31,0,18,13,31
121309,2,999,1,946,1834,83,135,2780,218,1029,1969,2998
121363,2,999,1,510,665,759,1273,1175,2032,1269,1938,3207
121619,2,999,1,1577,1460,4245,4445,3037,8690,5822,5905,11727
121628,2,999,1,5,1,0,0,6,0,5,1,6
121707,2,999,1,416,401,614,737,817,1351,1030,1138,2168
121886,2,999,1,1694,1646,3150,2759,3340,5909,4844,4405,9249
121901,2,999,1,1938,2459,4098,5655,4397,9753,6036,8114,14150
122180,2,999,1,1377,1773,3216,4414,3150,7630,4593,6187,10780
122205,2,999,1,2327,2120,3400,3506,4447,6906,5727,5626,11353
122296,2,999,1,48,161,2,15,209,17,50,176,226
122339,2,999,1,545,726,2730,3439,1271,6169,3275,4165,7440
122375,2,999,1,1415,1577,4190,5034,2992,9224,5605,6611,12216
122384,2,999,1,874,530,3150,3261,1404,6411,4024,3791,7815
122409,2,999,1,11212,16215,1271,1389,27427,2660,12483,17604,30087
122436,2,999,1,2470,3551,114,186,6021,300,2584,3737,6321
122597,2,999,1,6365,8958,1459,1769,15323,3228,7824,10727,18551
122612,2,999,1,2085,4050,187,343,6135,530,2272,4393,6665
122658,2,999,1,2593,3107,2706,3815,5700,6521,5299,6922,12221
122728,2,999,1,376,487,51,71,863,122,427,558,985
122746,2,999,1,510,654,1498,1886,1164,3384,2008,2540,4548
122755,2,999,1,10702,10029,2093,1755,20731,3848,12795,11784,24579
122791,2,999,1,870,734,1984,1841,1604,3825,2854,2575,5429
122889,2,999,1,2414,2795,2041,2221,5209,4262,4455,5016,9471
122931,2,999,1,3436,3262,135,121,6698,256,3571,3383,6954
122977,2,999,1,3504,3900,3527,4191,7404,7718,7031,8091,15122
123013,2,999,1,1756,1809,2874,3301,3565,6175,4630,5110,9740
123165,2,999,1,1,1076,1,3,1077,4,2,1079,1081
123217,2,999,1,1963,2281,2325,3320,4244,5645,4288,5601,9889
123341,2,999,1,2364,2480,3241,3724,4844,6965,5605,6204,11809
123457,2,999,1,218,268,12,21,486,33,230,289,519
123484,2,999,1,248,152,151,214,400,365,399,366,765
123509,2,999,1,757,679,2423,2365,1436,4788,3180,3044,6224
123563,2,999,1,874,1129,1539,1881,2003,3420,2413,3010,5423
123572,2,999,1,1675,2941,247,316,4616,563,1922,3257,5179
123800,2,999,1,2440,2845,2853,3394,5285,6247,5293,6239,11532
123952,2,999,1,161,119,4,9,280,13,165,128,293
123961,2,999,1,13641,15993,870,936,29634,1806,14511,16929,31440
124113,2,999,1,233,436,719,801,669,1520,952,1237,2189
124283,2,999,1,1,1,0,0,2,0,1,1,2
124487,2,999,1,0,0,2,4,0,6,2,4,6
125028,2,999,1,1325,1506,2168,2611,2831,4779,3493,4117,7610
125231,2,999,1,110,926,136,719,1036,855,246,1645,1891
125462,2,999,1,234,200,759,1084,434,1843,993,1284,2277
125471,2,999,1,424,477,1627,2056,901,3683,2051,2533,4584
125499,2,999,1,902,946,1407,1360,1848,2767,2309,2306,4615
125763,2,999,1,471,605,12,17,1076,29,483,622,1105
125897,2,999,1,298,384,23,21,682,44,321,405,726
126012,2,999,1,3,41,0,0,44,0,3,41,44
126119,2,999,1,472,578,1137,1606,1050,2743,1609,2184,3793
126182,2,999,1,556,500,160,241,1056,401,716,741,1457
126207,2,999,1,691,755,2007,2318,1446,4325,2698,3073,5771
126289,2,999,1,786,980,3958,4355,1766,8313,4744,5335,10079
126562,2,999,1,3406,4908,2082,2902,8314,4984,5488,7810,13298
126580,2,999,1,2773,3425,733,838,6198,1571,3506,4263,7769
126614,2,999,1,15334,13698,1569,1119,29032,2688,16903,14817,31720
126711,2,999,1,559,550,1120,1397,1109,2517,1679,1947,3626
126748,2,999,1,129,168,269,354,297,623,398,522,920
126775,2,999,1,3945,1876,165,85,5821,250,4110,1961,6071
126818,2,999,1,9637,12496,1289,1505,22133,2794,10926,14001,24927
126827,2,999,1,513,1265,318,789,1778,1107,831,2054,2885
126863,2,999,1,468,509,2535,3409,977,5944,3003,3918,6921
126915,2,999,1,18,31,41,92,49,133,59,123,182
126942,2,999,1,455,736,1564,2318,1191,3882,2019,3054,5073
126951,2,999,1,755,69,0,0,824,0,755,69,824
127185,2,999,1,1199,1424,120,154,2623,274,1319,1578,2897
127200,2,999,1,1476,1555,5421,6566,3031,11987,6897,8121,15018
127316,2,999,1,10,49,11,108,59,119,21,157,178
127389,2,999,1,154,174,122,152,328,274,276,326,602
127556,2,999,1,2709,3113,812,793,5822,1605,3521,3906,7427
127565,2,999,1,3083,3985,1542,1965,7068,3507,4625,5950,10575
127617,2,999,1,96,138,353,542,234,895,449,680,1129
127653,2,999,1,44,143,2,21,187,23,46,164,210
127714,2,999,1,1,2,26,14,3,40,27,16,43
127732,2,999,1,296,312,141,243,608,384,437,555,992
127741,2,999,1,1749,3533,390,723,5282,1113,2139,4256,6395
127778,2,999,1,194,201,151,188,395,339,345,389,734
127820,2,999,1,1105,1451,2094,2863,2556,4957,3199,4314,7513
127884,2,999,1,401,499,1382,1952,900,3334,1783,2451,4234
127909,2,999,1,676,605,1388,1763,1281,3151,2064,2368,4432
127918,2,999,1,615,1280,47,123,1895,170,662,1403,2065
128106,2,999,1,1002,1108,853,1072,2110,1925,1855,2180,4035
128258,2,999,1,229,214,231,328,443,559,460,542,1002
128337,2,999,1,1,31,0,22,32,22,1,53,54
128498,2,999,1,324,355,9,15,679,24,333,370,703
128577,2,999,1,214,171,241,252,385,493,455,423,878
128744,2,999,1,856,945,39,98,1801,137,895,1043,1938
128771,2,999,1,3080,2636,466,517,5716,983,3546,3153,6699
128780,2,999,1,16,70,35,91,86,126,51,161,212
128902,2,999,1,737,1174,10,17,1911,27,747,1191,1938
129020,2,999,1,9283,10966,394,364,20249,758,9677,11330,21007
129154,2,999,1,60,89,164,609,149,773,224,698,922
129181,2,999,1,721,61,77,10,782,87,798,71,869
129215,2,999,1,1302,1912,219,320,3214,539,1521,2232,3753
129242,2,999,1,2091,2866,94,97,4957,191,2185,2963,5148
129349,2,999,1,4,75,0,19,79,19,4,94,98
129367,2,999,1,164,292,245,515,456,760,409,807,1216
129428,2,999,1,0,0,18,7,0,25,18,7,25
129491,2,999,1,1,2,1,0,3,1,2,2,4
129525,2,999,1,1715,2254,129,182,3969,311,1844,2436,4280
129543,2,999,1,427,492,560,693,919,1253,987,1185,2172
129695,2,999,1,617,628,774,916,1245,1690,1391,1544,2935
129729,2,999,1,650,731,734,950,1381,1684,1384,1681,3065
129756,2,999,1,302,331,262,366,633,628,564,697,1261
129774,2,999,1,232,204,39,28,436,67,271,232,503
129808,2,999,1,426,514,360,639,940,999,786,1153,1939
129923,2,999,1,161,182,73,41,343,114,234,223,457
129941,2,999,1,2775,3316,192,196,6091,388,2967,3512,6479
130004,2,999,1,565,592,774,907,1157,1681,1339,1499,2838
130040,2,999,1,177,217,156,239,394,395,333,456,789
130183,2,999,1,589,936,480,1341,1525,1821,1069,2277,3346
130217,2,999,1,163,192,159,254,355,413,322,446,768
130226,2,999,1,2478,4228,100,257,6706,357,2578,4485,7063
130253,2,999,1,2722,4967,156,282,7689,438,2878,5249,8127
130314,2,999,1,253,726,18,92,979,110,271,818,1089
130396,2,999,1,632,778,905,1266,1410,2171,1537,2044,3581
130590,2,999,1,1034,1088,23,12,2122,35,1057,1100,2157
130606,2,999,1,550,625,555,593,1175,1148,1105,1218,2323
130624,2,999,1,592,420,0,0,1012,0,592,420,1012
130697,2,999,1,1376,1653,9,35,3029,44,1385,1688,3073
130776,2,999,1,1433,1512,238,286,2945,524,1671,1798,3469
130794,2,999,1,4156,4806,5,1,8962,6,4161,4807,8968
130934,2,999,1,1326,2729,348,508,4055,856,1674,3237,4911
130943,2,999,1,7821,11326,646,708,19147,1354,8467,12034,20501
130989,2,999,1,261,264,29,48,525,77,290,312,602
131113,2,999,1,913,1041,1081,1465,1954,2546,1994,2506,4500
131399,2,999,1,400,441,264,383,841,647,664,824,1488
131450,2,999,1,326,413,11,20,739,31,337,433,770
131469,2,999,1,4679,8124,331,892,12803,1223,5010,9016,14026
131496,2,999,1,4235,6085,708,545,10320,1253,4943,6630,11573
131520,2,999,1,2666,7107,281,462,9773,743,2947,7569,10516
132471,2,999,1,838,1753,281,500,2591,781,1119,2253,3372
132693,2,999,1,1391,1673,2455,3590,3064,6045,3846,5263,9109
132709,2,999,1,3335,4062,5852,7912,7397,13764,9187,11974,21161
132842,2,999,1,13,105,5,33,118,38,18,138,156
132851,2,999,1,713,1105,863,1386,1818,2249,1576,2491,4067
132879,2,999,1,87,52,3,1,139,4,90,53,143
132903,2,999,1,17988,22277,5981,6717,40265,12698,23969,28994,52963
133021,2,999,1,277,352,334,554,629,888,611,906,1517
133386,2,999,1,1512,1838,1715,2844,3350,4559,3227,4682,7909
133492,2,999,1,570,1351,20,34,1921,54,590,1385,1975
133508,2,999,1,1896,3036,2289,4086,4932,6375,4185,7122,11307
133553,2,999,1,4929,1824,1813,797,6753,2610,6742,2621,9363
133650,2,999,1,2210,4535,276,589,6745,865,2486,5124,7610
133702,2,999,1,1540,2219,3174,4966,3759,8140,4714,7185,11899
133711,2,999,1,744,1658,14,33,2402,47,758,1691,2449
133809,2,999,1,255,284,31,40,539,71,286,324,610
133872,2,999,1,67,254,79,337,321,416,146,591,737
133881,2,999,1,2152,1143,362,591,3295,953,2514,1734,4248
133960,2,999,1,144,121,100,144,265,244,244,265,509
134097,2,999,1,13243,18611,1507,1967,31854,3474,14750,20578,35328
134130,2,999,1,15330,20597,1936,2404,35927,4340,17266,23001,40267
134343,2,999,1,563,862,669,1167,1425,1836,1232,2029,3261
134495,2,999,1,3288,3844,2704,3929,7132,6633,5992,7773,13765
134608,2,999,1,2110,2507,2562,3885,4617,6447,4672,6392,11064
135160,2,999,1,237,457,421,707,694,1128,658,1164,1822
135188,2,999,1,528,791,921,1288,1319,2209,1449,2079,3528
135391,2,999,1,1276,1756,1195,1936,3032,3131,2471,3692,6163
135407,2,999,1,413,272,17,6,685,23,430,278,708
135610,2,999,1,1,4,6,3,5,9,7,7,14
135717,2,999,1,7128,8841,8378,10924,15969,19302,15506,19765,35271
135726,2,999,1,6528,7838,184,189,14366,373,6712,8027,14739
136109,2,999,1,1,46,0,38,47,38,1,84,85
136145,2,999,1,91,197,183,318,288,501,274,515,789
136172,2,999,1,4398,6311,1175,1535,10709,2710,5573,7846,13419
136233,2,999,1,709,957,723,1050,1666,1773,1432,2007,3439
136330,2,999,1,794,1507,317,413,2301,730,1111,1920,3031
136358,2,999,1,2762,3246,4580,6578,6008,11158,7342,9824,17166
136400,2,999,1,1126,1681,1782,2775,2807,4557,2908,4456,7364
136473,2,999,1,847,1367,1168,1939,2214,3107,2015,3306,5321
136516,2,999,1,897,1541,1217,2146,2438,3363,2114,3687,5801
136659,2,999,1,125,20,142,35,145,177,267,55,322
136701,2,999,1,27,0,3,0,27,3,30,0,30
136950,2,999,1,1040,1476,26,45,2516,71,1066,1521,2587
137078,2,999,1,2262,2803,3360,5123,5065,8483,5622,7926,13548
137096,2,999,1,2322,2320,2306,2991,4642,5297,4628,5311,9939
137209,2,999,1,1856,1972,2617,3308,3828,5925,4473,5280,9753
137281,2,999,1,589,818,1452,2410,1407,3862,2041,3228,5269
137351,2,999,1,12991,17901,2640,3208,30892,5848,15631,21109,36740
137546,2,999,1,1266,1714,92,96,2980,188,1358,1810,3168
137564,2,999,1,1562,2468,1705,2500,4030,4205,3267,4968,8235
137591,2,999,1,20,59,4,21,79,25,24,80,104
137759,2,999,1,2679,2910,1566,2180,5589,3746,4245,5090,9335
138187,2,999,1,6132,7740,7718,11033,13872,18751,13850,18773,32623
138275,2,999,1,351,288,39,21,639,60,390,309,699
138309,2,999,1,151,864,105,717,1015,822,256,1581,1837
138354,2,999,1,2295,2985,700,1017,5280,1717,2995,4002,6997
138558,2,999,1,1049,1224,314,685,2273,999,1363,1909,3272
138600,2,999,1,10,993,0,15,1003,15,10,1008,1018
138682,2,999,1,141,249,269,582,390,851,410,831,1241
138716,2,999,1,1139,2756,228,681,3895,909,1367,3437,4804
138761,2,999,1,91,74,1,9,165,10,92,83,175
138840,2,999,1,180,175,320,556,355,876,500,731,1231
138929,2,999,1,16,55,3,5,71,8,19,60,79
138938,2,999,1,1,67,1,21,68,22,2,88,90
138947,2,999,1,767,2579,54,106,3346,160,821,2685,3506
138956,2,999,1,378,440,660,782,818,1442,1038,1222,2260
139144,2,999,1,820,1404,15,28,2224,43,835,1432,2267
139199,2,999,1,69,772,53,249,841,302,122,1021,1143
139205,2,999,1,325,221,127,147,546,274,452,368,820
139250,2,999,1,468,1079,302,567,1547,869,770,1646,2416
139278,2,999,1,477,715,1080,1893,1192,2973,1557,2608,4165
139311,2,999,1,739,1577,495,902,2316,1397,1234,2479,3713
139357,2,999,1,161,297,445,879,458,1324,606,1176,1782
139366,2,999,1,1432,2241,446,625,3673,1071,1878,2866,4744
139384,2,999,1,448,500,1350,2032,948,3382,1798,2532,4330
139393,2,999,1,376,425,21,22,801,43,397,447,844
139463,2,999,1,976,1486,508,776,2462,1284,1484,2262,3746
139506,2,999,1,12,12,0,0,24,0,12,12,24
139621,2,999,1,517,565,268,379,1082,647,785,944,1729
139658,2,999,1,3554,5655,62,127,9209,189,3616,5782,9398
139700,2,999,1,670,881,676,1240,1551,1916,1346,2121,3467
139719,2,999,1,726,1284,68,144,2010,212,794,1428,2222
139755,2,999,1,11825,7551,2796,1284,19376,4080,14621,8835,23456
139764,2,999,1,525,938,238,323,1463,561,763,1261,2024
139861,2,999,1,1712,3187,213,360,4899,573,1925,3547,5472
139931,2,999,1,7371,10090,1302,1794,17461,3096,8673,11884,20557
139940,2,999,1,8520,12886,2086,2954,21406,5040,10606,15840,26446
139959,2,999,1,12868,18838,844,1056,31706,1900,13712,19894,33606
139986,2,999,1,266,465,817,1542,731,2359,1083,2007,3090
140012,2,999,1,622,492,1817,2441,1114,4258,2439,2933,5372
140146,2,999,1,6,1,1,0,7,1,7,1,8
140234,2,999,1,339,237,4,6,576,10,343,243,586
140243,2,999,1,425,530,1350,1962,955,3312,1775,2492,4267
140252,2,999,1,706,682,48,64,1388,112,754,746,1500
140331,2,999,1,1013,1039,1943,2333,2052,4276,2956,3372,6328
140447,2,999,1,1761,2819,102,252,4580,354,1863,3071,4934
140562,2,999,1,93,197,4,19,290,23,97,216,313
140678,2,999,1,326,313,454,713,639,1167,780,1026,1806
140696,2,999,1,505,845,22,37,1350,59,527,882,1409
140720,2,999,1,104,128,10,18,232,28,114,146,260
140818,2,999,1,349,658,12,28,1007,40,361,686,1047
140942,2,999,1,345,418,493,797,763,1290,838,1215,2053
140951,2,999,1,3452,8532,521,1253,11984,1774,3973,9785,13758
140960,2,999,1,854,1371,99,195,2225,294,953,1566,2519
140988,2,999,1,498,533,99,141,1031,240,597,674,1271
141006,2,999,1,360,207,291,414,567,705,651,621,1272
141060,2,999,1,0,2305,29,116,2305,145,29,2421,2450
141255,2,999,1,180,296,899,1465,476,2364,1079,1761,2840
141264,2,999,1,1818,3674,430,913,5492,1343,2248,4587,6835
141334,2,999,1,2115,3795,658,1336,5910,1994,2773,5131,7904
141565,2,999,1,593,1092,169,339,1685,508,762,1431,2193
141574,2,999,1,4270,7097,857,1224,11367,2081,5127,8321,13448
141644,2,999,1,660,1777,495,739,2437,1234,1155,2516,3671
141680,2,999,1,397,184,666,734,581,1400,1063,918,1981
141796,2,999,1,428,684,900,1780,1112,2680,1328,2464,3792
141802,2,999,1,100,104,288,521,204,809,388,625,1013
141811,2,999,1,583,713,1109,1964,1296,3073,1692,2677,4369
141839,2,999,1,190,280,434,820,470,1254,624,1100,1724
141981,2,999,1,366,677,239,511,1043,750,605,1188,1793
141990,2,999,1,136,233,486,714,369,1200,622,947,1569
142115,2,999,1,5266,7140,3247,4178,12406,7425,8513,11318,19831
142179,2,999,1,206,237,552,801,443,1353,758,1038,1796
142276,2,999,1,1854,2999,1503,2170,4853,3673,3357,5169,8526
142285,2,999,1,3311,3550,881,1043,6861,1924,4192,4593,8785
142407,2,999,1,7,60,0,0,67,0,7,60,67
142443,2,999,1,609,712,730,1127,1321,1857,1339,1839,3178
142461,2,999,1,442,524,36,51,966,87,478,575,1053
142522,2,999,1,6235,7764,4586,5358,13999,9944,10821,13122,23943
142559,2,999,1,642,934,2065,3256,1576,5321,2707,4190,6897
142832,2,999,1,30,276,13,66,306,79,43,342,385
142887,2,999,1,30,53,12,8,83,20,42,61,103
143118,2,999,1,1226,2474,68,187,3700,255,1294,2661,3955
143215,2,999,1,1018,1146,1290,1434,2164,2724,2308,2580,4888
143279,2,999,1,472,562,687,1162,1034,1849,1159,1724,2883
143288,2,999,1,153,172,1,4,325,5,154,176,330
143358,2,999,1,2123,2169,80,102,4292,182,2203,2271,4474
143376,2,999,1,7,101,0,36,108,36,7,137,144
143613,2,999,1,263,323,270,478,586,748,533,801,1334
143853,2,999,1,301,831,5,13,1132,18,306,844,1150
144050,2,999,1,5238,5017,164,149,10255,313,5402,5166,10568
144157,2,999,1,275,204,350,417,479,767,625,621,1246
144166,2,999,1,437,1226,641,1988,1663,2629,1078,3214,4292
144175,2,999,1,204,178,338,455,382,793,542,633,1175
144184,2,999,1,344,455,574,669,799,1243,918,1124,2042
144193,2,999,1,612,400,896,930,1012,1826,1508,1330,2838
144209,2,999,1,745,898,1055,1494,1643,2549,1800,2392,4192
144218,2,999,1,1035,796,1294,1423,1831,2717,2329,2219,4548
144351,2,999,1,530,556,102,200,1086,302,632,756,1388
144564,2,999,1,241,333,344,472,574,816,585,805,1390
144740,2,999,1,5992,7957,290,375,13949,665,6282,8332,14614
144865,2,999,1,3103,2940,4659,4908,6043,9567,7762,7848,15610
144883,2,999,1,227,227,0,0,454,0,227,227,454
144892,2,999,1,1761,2468,1169,1427,4229,2596,2930,3895,6825
144944,2,999,1,1255,1207,1665,2039,2462,3704,2920,3246,6166
144962,2,999,1,998,1717,144,130,2715,274,1142,1847,2989
144971,2,999,1,283,223,2,8,506,10,285,231,516
145099,2,999,1,12,164,0,0,176,0,12,164,176
145336,2,999,1,616,884,135,227,1500,362,751,1111,1862
145372,2,999,1,465,361,19,28,826,47,484,389,873
145521,2,999,1,203,266,198,263,469,461,401,529,930
145558,2,999,1,210,383,3,13,593,16,213,396,609
145600,2,999,1,9838,11896,881,890,21734,1771,10719,12786,23505
145619,2,999,1,934,794,79,126,1728,205,1013,920,1933
145637,2,999,1,20791,18261,1329,845,39052,2174,22120,19106,41226
145682,2,999,1,931,925,1370,2170,1856,3540,2301,3095,5396
145691,2,999,1,461,493,5,8,954,13,466,501,967
145707,2,999,1,193,203,126,168,396,294,319,371,690
145813,2,999,1,7340,9918,456,476,17258,932,7796,10394,18190
145831,2,999,1,422,450,356,644,872,1000,778,1094,1872
146205,2,999,1,468,594,572,844,1062,1416,1040,1438,2478
146278,2,999,1,281,363,236,369,644,605,517,732,1249
146296,2,999,1,1559,1669,2061,2485,3228,4546,3620,4154,7774
146339,2,999,1,358,287,9,15,645,24,367,302,669
146348,2,999,1,383,425,349,512,808,861,732,937,1669
146366,2,999,1,378,507,815,1080,885,1895,1193,1587,2780
146418,2,999,1,406,392,483,693,798,1176,889,1085,1974
146427,2,999,1,454,580,2,3,1034,5,456,583,1039
146472,2,999,1,1699,1543,1961,2333,3242,4294,3660,3876,7536
146481,2,999,1,681,974,13,21,1655,34,694,995,1689
146490,2,999,1,0,0,2,1,0,3,2,1,3
146506,2,999,1,707,853,621,831,1560,1452,1328,1684,3012
146533,2,999,1,12,32,1,13,44,14,13,45,58
146603,2,999,1,518,610,977,1210,1128,2187,1495,1820,3315
146612,2,999,1,1856,1669,360,284,3525,644,2216,1953,4169
146685,2,999,1,717,671,586,1020,1388,1606,1303,1691,2994
146700,2,999,1,668,204,0,0,872,0,668,204,872
146719,2,999,1,3708,8434,146,257,12142,403,3854,8691,12545
147004,2,999,1,926,956,2467,2916,1882,5383,3393,3872,7265
147013,2,999,1,745,634,20,26,1379,46,765,660,1425
147129,2,999,1,6,87,9,54,93,63,15,141,156
147244,2,999,1,722,828,36,48,1550,84,758,876,1634
147369,2,999,1,547,627,85,67,1174,152,632,694,1326
147378,2,999,1,1719,1725,2762,2339,3444,5101,4481,4064,8545
147411,2,999,1,512,543,866,1060,1055,1926,1378,1603,2981
147536,2,999,1,735,1397,166,416,2132,582,901,1813,2714
147590,2,999,1,33,40,1,1,73,2,34,41,75
147660,2,999,1,1107,1237,51,51,2344,102,1158,1288,2446
147679,2,999,1,706,965,53,74,1671,127,759,1039,1798
147776,2,999,1,815,1155,304,457,1970,761,1119,1612,2731
147800,2,999,1,1039,778,1404,1481,1817,2885,2443,2259,4702
147828,2,999,1,1066,1301,88,116,2367,204,1154,1417,2571
147916,2,999,1,984,877,1072,1337,1861,2409,2056,2214,4270
148007,2,999,1,330,439,383,561,769,944,713,1000,1713
148131,2,999,1,537,436,84,78,973,162,621,514,1135
148256,2,999,1,401,471,342,420,872,762,743,891,1634
148292,2,999,1,171,201,381,647,372,1028,552,848,1400
148380,2,999,1,909,1140,940,1153,2049,2093,1849,2293,4142
148487,2,999,1,862,1272,56,122,2134,178,918,1394,2312
148511,2,999,1,81,471,6,40,552,46,87,511,598
148575,2,999,1,18,136,3,31,154,34,21,167,188
148627,2,999,1,1003,1745,72,122,2748,194,1075,1867,2942
148654,2,999,1,817,950,160,175,1767,335,977,1125,2102
148672,2,999,1,243,313,216,309,556,525,459,622,1081
148821,2,999,1,150,228,190,280,378,470,340,508,848
148876,2,999,1,41,94,9,23,135,32,50,117,167
148937,2,999,1,221,220,282,365,441,647,503,585,1088
148991,2,999,1,186,214,239,318,400,557,425,532,957
149222,2,999,1,3202,3604,282,263,6806,545,3484,3867,7351
149231,2,999,1,3468,4657,553,597,8125,1150,4021,5254,9275
149310,2,999,1,44,21,0,0,65,0,44,21,65
149365,2,999,1,260,339,1145,1241,599,2386,1405,1580,2985
149532,2,999,1,1091,1162,1566,1609,2253,3175,2657,2771,5428
149727,2,999,1,1086,1043,1572,1921,2129,3493,2658,2964,5622
149772,2,999,1,2090,2617,204,301,4707,505,2294,2918,5212
149781,2,999,1,947,1233,59,105,2180,164,1006,1338,2344
149842,2,999,1,1776,1603,2559,2976,3379,5535,4335,4579,8914
150136,2,999,1,4944,7960,735,1613,12904,2348,5679,9573,15252
150163,2,999,1,1797,2729,95,154,4526,249,1892,2883,4775
150172,2,999,1,226,143,33,17,369,50,259,160,419
150215,2,999,1,0,3,0,1,3,1,0,4,4
150534,2,999,1,570,982,107,138,1552,245,677,1120,1797
150604,2,999,1,441,417,14,13,858,27,455,430,885
150668,2,999,1,243,385,13,10,628,23,256,395,651
150677,2,999,1,536,869,126,151,1405,277,662,1020,1682
150765,2,999,1,0,77,0,0,77,0,0,77,77
150941,2,999,1,335,586,145,171,921,316,480,757,1237
150987,2,999,1,4876,6650,25470,27210,11526,52680,30346,33860,64206
151111,2,999,1,6270,9626,789,1107,15896,1896,7059,10733,17792
151263,2,999,1,1324,2264,144,248,3588,392,1468,2512,3980
151290,2,999,1,834,575,123,118,1409,241,957,693,1650
151306,2,999,1,1703,3049,865,1421,4752,2286,2568,4470,7038
151324,2,999,1,2399,3263,182,190,5662,372,2581,3453,6034
151333,2,999,1,634,1191,160,280,1825,440,794,1471,2265
151342,2,999,1,856,1707,207,350,2563,557,1063,2057,3120
151351,2,999,1,18667,18605,645,500,37272,1145,19312,19105,38417
151360,2,999,1,456,1235,114,372,1691,486,570,1607,2177
151379,2,999,1,755,1278,210,338,2033,548,965,1616,2581
151388,2,999,1,396,855,175,321,1251,496,571,1176,1747
151661,2,999,1,571,102,0,0,673,0,571,102,673
151777,2,999,1,462,507,11,37,969,48,473,544,1017
151962,2,999,1,22,71,2,11,93,13,24,82,106
152080,2,999,1,5322,5016,26,20,10338,46,5348,5036,10384
152318,2,999,1,1621,523,24,8,2144,32,1645,531,2176
152336,2,999,1,507,844,16,43,1351,59,523,887,1410
152390,2,999,1,2,1415,7,38,1417,45,9,1453,1462
152451,2,999,1,21,0,1,1,21,2,22,1,23
152567,2,999,1,1434,938,588,963,2372,1551,2022,1901,3923
152600,2,999,1,1108,1406,43,33,2514,76,1151,1439,2590
152637,2,999,1,1847,1666,5964,6186,3513,12150,7811,7852,15663
152673,2,999,1,834,0,1,0,834,1,835,0,835
152798,2,999,1,18,238,3,19,256,22,21,257,278
152992,2,999,1,303,300,43,63,603,106,346,363,709
153001,2,999,1,435,536,21,108,971,129,456,644,1100
153083,2,999,1,2,103,0,0,105,0,2,103,105
153108,2,999,1,582,533,20,24,1115,44,602,557,1159
153126,2,999,1,398,342,46,55,740,101,444,397,841
153144,2,999,1,533,697,10,6,1230,16,543,703,1246
153162,2,999,1,547,503,6,2,1050,8,553,505,1058
153214,2,999,1,2122,2252,5937,7661,4374,13598,8059,9913,17972
153241,2,999,1,2,0,1,1,2,2,3,1,4
153250,2,999,1,738,721,62,106,1459,168,800,827,1627
153269,2,999,1,1243,2032,67,84,3275,151,1310,2116,3426
153302,2,999,1,72,91,12,16,163,28,84,107,191
153311,2,999,1,599,867,1957,2334,1466,4291,2556,3201,5757
153366,2,999,1,469,304,19,20,773,39,488,324,812
153384,2,999,1,803,898,2,3,1701,5,805,901,1706
153445,2,999,1,744,789,1054,1533,1533,2587,1798,2322,4120
153472,2,999,1,698,746,754,774,1444,1528,1452,1520,2972
153524,2,999,1,1273,980,858,1110,2253,1968,2131,2090,4221
153533,2,999,1,400,290,446,630,690,1076,846,920,1766
153621,2,999,1,413,286,28,37,699,65,441,323,764
153630,2,999,1,1161,865,1052,1451,2026,2503,2213,2316,4529
153658,2,999,1,9444,12488,576,678,21932,1254,10020,13166,23186
153737,2,999,1,1656,1846,3048,3681,3502,6729,4704,5527,10231
153825,2,999,1,659,489,35,16,1148,51,694,505,1199
153834,2,999,1,713,874,9,3,1587,12,722,877,1599
154004,2,999,1,564,537,26,73,1101,99,590,610,1200
154013,2,999,1,368,550,48,82,918,130,416,632,1048
154110,2,999,1,370,422,1307,1621,792,2928,1677,2043,3720
154174,2,999,1,509,524,6,0,1033,6,515,524,1039
154235,2,999,1,950,1277,29,40,2227,69,979,1317,2296
154262,2,999,1,7,55,1,43,62,44,8,98,106
154350,2,999,1,500,531,10,14,1031,24,510,545,1055
154396,2,999,1,259,288,351,449,547,800,610,737,1347
154493,2,999,1,428,355,146,127,783,273,574,482,1056
154527,2,999,1,668,694,32,20,1362,52,700,714,1414
154572,2,999,1,601,693,1201,1694,1294,2895,1802,2387,4189
154697,2,999,1,424,494,784,905,918,1689,1208,1399,2607
154712,2,999,1,1071,1078,65,87,2149,152,1136,1165,2301
154749,2,999,1,255,221,2,7,476,9,257,228,485
154800,2,999,1,997,1364,997,1597,2361,2594,1994,2961,4955
154907,2,999,1,248,261,380,537,509,917,628,798,1426
154925,2,999,1,556,268,196,113,824,309,752,381,1133
154934,2,999,1,177,303,164,402,480,566,341,705,1046
154952,2,999,1,483,517,272,434,1000,706,755,951,1706
154998,2,999,1,419,310,297,379,729,676,716,689,1405
155025,2,999,1,915,1610,123,242,2525,365,1038,1852,2890
155052,2,999,1,111,118,729,530,229,1259,840,648,1488
155089,2,999,1,444,451,116,181,895,297,560,632,1192
155098,2,999,1,314,302,324,418,616,742,638,720,1358
155104,2,999,1,526,471,282,354,997,636,808,825,1633
155140,2,999,1,220,345,11,32,565,43,231,377,608
155177,2,999,1,140,133,2,7,273,9,142,140,282
155195,2,999,1,685,776,1050,1234,1461,2284,1735,2010,3745
155210,2,999,1,2025,2098,3736,4597,4123,8333,5761,6695,12456
155292,2,999,1,572,698,836,1161,1270,1997,1408,1859,3267
155317,2,999,1,8269,9922,888,1088,18191,1976,9157,11010,20167
155399,2,999,1,6897,7065,508,617,13962,1125,7405,7682,15087
155414,2,999,1,402,322,56,22,724,78,458,344,802
155423,2,999,1,520,222,117,115,742,232,637,337,974
155487,2,999,1,138,60,355,260,198,615,493,320,813
155511,2,999,1,521,253,3,5,774,8,524,258,782
155566,2,999,1,235,267,417,466,502,883,652,733,1385
155618,2,999,1,290,78,119,87,368,206,409,165,574
155715,2,999,1,362,169,234,233,531,467,596,402,998
155812,2,999,1,403,379,69,85,782,154,472,464,936
155858,2,999,1,258,343,262,461,601,723,520,804,1324
155900,2,999,1,382,219,32,16,601,48,414,235,649
155973,2,999,1,312,190,43,57,502,100,355,247,602
156082,2,999,1,1087,1788,466,753,2875,1219,1553,2541,4094
156107,2,999,1,698,339,1483,1315,1037,2798,2181,1654,3835
156125,2,999,1,4134,4538,1028,1389,8672,2417,5162,5927,11089
156189,2,999,1,276,248,14,18,524,32,290,266,556
156213,2,999,1,430,587,58,135,1017,193,488,722,1210
156231,2,999,1,379,365,396,643,744,1039,775,1008,1783
156286,2,999,1,866,1441,43,76,2307,119,909,1517,2426
156295,2,999,1,545,825,9,6,1370,15,554,831,1385
156338,2,999,1,445,630,1075,1567,1075,2642,1520,2197,3717
156356,2,999,1,180,232,7,48,412,55,187,280,467
156392,2,999,1,1204,1489,1859,2717,2693,4576,3063,4206,7269
156408,2,999,1,649,701,4,0,1350,4,653,701,1354
156426,2,999,1,3,62,1,28,65,29,4,90,94
156541,2,999,1,1188,1885,488,687,3073,1175,1676,2572,4248
156620,2,999,1,3364,5172,678,1030,8536,1708,4042,6202,10244
156648,2,999,1,668,932,975,1397,1600,2372,1643,2329,3972
156745,2,999,1,556,638,17,42,1194,59,573,680,1253
156790,2,999,1,259,305,511,735,564,1246,770,1040,1810
156842,2,999,1,2,104,0,39,106,39,2,143,145
156851,2,999,1,81,199,252,598,280,850,333,797,1130
156860,2,999,1,150,281,287,528,431,815,437,809,1246
156921,2,999,1,1024,1128,2923,3887,2152,6810,3947,5015,8962
157030,2,999,1,28,13,7,9,41,16,35,22,57
157058,2,999,1,448,693,185,195,1141,380,633,888,1521
157076,2,999,1,355,335,36,16,690,52,391,351,742
157085,2,999,1,9342,13621,591,788,22963,1379,9933,14409,24342
157216,2,999,1,922,784,73,155,1706,228,995,939,1934
157289,2,999,1,5129,6673,1448,2129,11802,3577,6577,8802,15379
157304,2,999,1,243,450,619,808,693,1427,862,1258,2120
157331,2,999,1,344,386,1017,1399,730,2416,1361,1785,3146
157386,2,999,1,1705,2549,1332,2133,4254,3465,3037,4682,7719
157401,2,999,1,2187,3529,571,1189,5716,1760,2758,4718,7476
157438,2,999,1,416,435,1031,1343,851,2374,1447,1778,3225
157447,2,999,1,2921,4147,972,1463,7068,2435,3893,5610,9503
157483,2,999,1,501,711,1029,1397,1212,2426,1530,2108,3638
157535,2,999,1,622,776,167,230,1398,397,789,1006,1795
157553,2,999,1,386,434,477,630,820,1107,863,1064,1927
157614,2,999,1,0,39,0,13,39,13,0,52,52
157650,2,999,1,1,52,0,11,53,11,1,63,64
157669,2,999,1,2,47,0,0,49,0,2,47,49
157678,2,999,1,0,65,0,0,65,0,0,65,65
157711,2,999,1,614,740,1081,1486,1354,2567,1695,2226,3921
157739,2,999,1,253,457,529,655,710,1184,782,1112,1894
157757,2,999,1,206,386,81,95,592,176,287,481,768
157951,2,999,1,4166,6777,981,1783,10943,2764,5147,8560,13707
158662,2,999,1,821,1498,1232,2325,2319,3557,2053,3823,5876
158802,2,999,1,276,821,6,33,1097,39,282,854,1136
158884,2,999,1,194,197,501,727,391,1228,695,924,1619
159197,2,999,1,266,35,0,0,301,0,266,35,301
159382,2,999,1,505,1012,351,647,1517,998,856,1659,2515
159391,2,999,1,11994,15498,1787,2364,27492,4151,13781,17862,31643
159407,2,999,1,385,921,254,758,1306,1012,639,1679,2318
159647,2,999,1,4162,3280,1031,1479,7442,2510,5193,4759,9952
159656,2,999,1,1112,2149,70,163,3261,233,1182,2312,3494
159717,2,999,1,1707,2461,391,573,4168,964,2098,3034,5132
159939,2,999,1,1794,1871,597,702,3665,1299,2391,2573,4964
159966,2,999,1,1475,2532,298,571,4007,869,1773,3103,4876
159993,2,999,1,1558,2786,683,1339,4344,2022,2241,4125,6366
160010,2,999,1,200,49,253,151,249,404,453,200,653
160472,2,999,1,4,33,1,30,37,31,5,63,68
160579,2,999,1,689,551,544,582,1240,1126,1233,1133,2366
160612,2,999,1,2781,4658,1665,2769,7439,4434,4446,7427,11873
160621,2,999,1,1722,3441,409,784,5163,1193,2131,4225,6356
160630,2,999,1,153,336,227,363,489,590,380,699,1079
160649,2,999,1,382,568,412,712,950,1124,794,1280,2074
160658,2,999,1,4354,5943,780,908,10297,1688,5134,6851,11985
160667,2,999,1,556,379,1635,1925,935,3560,2191,2304,4495
160755,2,999,1,3664,5872,200,277,9536,477,3864,6149,10013
160904,2,999,1,654,2298,13,57,2952,70,667,2355,3022
160977,2,999,1,841,944,0,0,1785,0,841,944,1785
161004,2,999,1,920,982,0,3,1902,3,920,985,1905
161077,2,999,1,554,471,687,881,1025,1568,1241,1352,2593
161086,2,999,1,1094,1205,0,0,2299,0,1094,1205,2299
161138,2,999,1,428,343,519,490,771,1009,947,833,1780
161192,2,999,1,150,231,363,715,381,1078,513,946,1459
161208,2,999,1,22,1,0,0,23,0,22,1,23
161217,2,999,1,223,521,590,997,744,1587,813,1518,2331
161226,2,999,1,382,721,100,278,1103,378,482,999,1481
161235,2,999,1,87,157,202,382,244,584,289,539,828
161253,2,999,1,3848,3741,810,984,7589,1794,4658,4725,9383
161299,2,999,1,655,169,17,1,824,18,672,170,842
161341,2,999,1,181,272,274,441,453,715,455,713,1168
161457,2,999,1,854,1947,205,533,2801,738,1059,2480,3539
161484,2,999,1,151,97,153,147,248,300,304,244,548
161493,2,999,1,2,99,0,16,101,16,2,115,117
161509,2,999,1,81,287,1,4,368,5,82,291,373
161545,2,999,1,1000,976,978,1359,1976,2337,1978,2335,4313
161554,2,999,1,1203,1947,740,923,3150,1663,1943,2870,4813
161572,2,999,1,290,1225,7,42,1515,49,297,1267,1564
161581,2,999,1,74,46,56,91,120,147,130,137,267
161688,2,999,1,289,399,371,759,688,1130,660,1158,1818
161767,2,999,1,1192,1213,1868,2596,2405,4464,3060,3809,6869
161864,2,999,1,221,358,377,702,579,1079,598,1060,1658
161873,2,999,1,287,476,76,135,763,211,363,611,974
162104,2,999,1,232,255,343,565,487,908,575,820,1395
162122,2,999,1,683,828,801,1209,1511,2010,1484,2037,3521
162168,2,999,1,173,222,338,682,395,1020,511,904,1415
162210,2,999,1,122,180,49,66,302,115,171,246,417
162283,2,999,1,279,792,40,116,1071,156,319,908,1227
162584,2,999,1,1289,1238,214,309,2527,523,1503,1547,3050
162654,2,999,1,328,647,12,55,975,67,340,702,1042
162690,2,999,1,411,545,520,1035,956,1555,931,1580,2511
162706,2,999,1,727,724,807,1226,1451,2033,1534,1950,3484
162830,2,999,1,3,66,0,0,69,0,3,66,69
163028,2,999,1,484,49,102,10,533,112,586,59,645
163204,2,999,1,1534,1688,6035,4581,3222,10616,7569,6269,13838
163259,2,999,1,521,1460,47,175,1981,222,568,1635,2203
163268,2,999,1,5220,4404,607,512,9624,1119,5827,4916,10743
163286,2,999,1,14862,14864,1168,879,29726,2047,16030,15743,31773
163295,2,999,1,308,1061,16,41,1369,57,324,1102,1426
163338,2,999,1,785,985,52,49,1770,101,837,1034,1871
163453,2,999,1,2461,4196,158,182,6657,340,2619,4378,6997
163462,2,999,1,914,951,57,75,1865,132,971,1026,1997
163578,2,999,1,11,390,12,65,401,77,23,455,478
163851,2,999,1,2581,3163,242,222,5744,464,2823,3385,6208
163912,2,999,1,583,853,14,19,1436,33,597,872,1469
163976,2,999,1,226,227,0,1,453,1,226,228,454
164076,2,999,1,5721,8718,638,877,14439,1515,6359,9595,15954
164085,2,999,1,1,6,2,19,7,21,3,25,28
164155,2,999,1,3153,1261,0,0,4414,0,3153,1261,4414
164216,2,999,1,387,545,7,3,932,10,394,548,942
164270,2,999,1,745,1126,15,41,1871,56,760,1167,1927
164313,2,999,1,137,186,439,873,323,1312,576,1059,1635
164465,2,999,1,893,978,0,0,1871,0,893,978,1871
164492,2,999,1,416,378,51,71,794,122,467,449,916
164599,2,999,1,0,0,0,4,0,4,0,4,4
164632,2,999,1,8,669,9,140,677,149,17,809,826
164739,2,999,1,2624,1710,139,111,4334,250,2763,1821,4584
164775,2,999,1,127,141,216,360,268,576,343,501,844
164845,2,999,1,0,37,0,1,37,1,0,38,38
164872,2,999,1,74,120,5,12,194,17,79,132,211
164915,2,999,1,4,2,0,1,6,1,4,3,7
164988,2,999,1,9395,13600,659,1019,22995,1678,10054,14619,24673
165015,2,999,1,1794,2381,43,77,4175,120,1837,2458,4295
165024,2,999,1,2566,3705,462,659,6271,1121,3028,4364,7392
165033,2,999,1,691,919,727,1297,1610,2024,1418,2216,3634
165112,2,999,1,835,916,1403,1947,1751,3350,2238,2863,5101
165167,2,999,1,14,44,50,126,58,176,64,170,234
165194,2,999,1,240,266,379,517,506,896,619,783,1402
165264,2,999,1,3,10,8,108,13,116,11,118,129
165334,2,999,1,1285,1603,28,26,2888,54,1313,1629,2942
165556,2,999,1,26,257,6,29,283,35,32,286,318
165662,2,999,1,1452,3059,18,98,4511,116,1470,3157,4627
165671,2,999,1,415,1395,20,80,1810,100,435,1475,1910
165820,2,999,1,1088,1203,226,343,2291,569,1314,1546,2860
165866,2,999,1,1039,1255,144,253,2294,397,1183,1508,2691
165936,2,999,1,481,759,24,40,1240,64,505,799,1304
165945,2,999,1,24,27,20,18,51,38,44,45,89
165981,2,999,1,103,164,235,343,267,578,338,507,845
166018,2,999,1,184,306,0,0,490,0,184,306,490
166027,2,999,1,4417,5277,421,520,9694,941,4838,5797,10635
166133,2,999,1,410,521,515,880,931,1395,925,1401,2326
166391,2,999,1,416,761,49,89,1177,138,465,850,1315
166513,2,999,1,5607,3989,879,696,9596,1575,6486,4685,11171
166629,2,999,1,11592,12107,617,496,23699,1113,12209,12603,24812
166647,2,999,1,500,368,617,700,868,1317,1117,1068,2185
166674,2,999,1,342,1003,37,70,1345,107,379,1073,1452
166683,2,999,1,3637,3155,43,25,6792,68,3680,3180,6860
166708,2,999,1,94,199,1,11,293,12,95,210,305
166717,2,999,1,23,164,5,22,187,27,28,186,214
166823,2,999,1,637,716,769,1062,1353,1831,1406,1778,3184
166850,2,999,1,1996,2418,90,175,4414,265,2086,2593,4679
166887,2,999,1,617,684,1936,2598,1301,4534,2553,3282,5835
166911,2,999,1,62,214,3,5,276,8,65,219,284
166939,2,999,1,2,2127,7,10,2129,17,9,2137,2146
166957,2,999,1,265,350,382,746,615,1128,647,1096,1743
167093,2,999,1,41,183,0,0,224,0,41,183,224
167288,2,999,1,280,361,33,66,641,99,313,427,740
167312,2,999,1,411,506,633,1086,917,1719,1044,1592,2636
167358,2,999,1,10504,12216,113,108,22720,221,10617,12324,22941
167376,2,999,1,463,467,850,1319,930,2169,1313,1786,3099
167394,2,999,1,200,456,23,72,656,95,223,528,751
167534,2,999,1,714,665,1115,1613,1379,2728,1829,2278,4107
167598,2,999,1,195,747,20,167,942,187,215,914,1129
167729,2,999,1,1190,2502,288,498,3692,786,1478,3000,4478
167783,2,999,1,40,1952,23,368,1992,391,63,2320,2383
167835,2,999,1,6,2535,1,2,2541,3,7,2537,2544
167871,2,999,1,5,26,13,21,31,34,18,47,65
167905,2,999,1,548,497,540,840,1045,1380,1088,1337,2425
167987,2,999,1,2358,2381,225,228,4739,453,2583,2609,5192
168005,2,999,1,1725,3066,138,187,4791,325,1863,3253,5116
168148,2,999,1,3518,4912,134,223,8430,357,3652,5135,8787
168227,2,999,1,2594,807,207,62,3401,269,2801,869,3670
168254,2,999,1,1432,1170,81,79,2602,160,1513,1249,2762
168342,2,999,1,1006,1136,11,12,2142,23,1017,1148,2165
168421,2,999,1,3470,2034,283,143,5504,426,3753,2177,5930
168430,2,999,1,1228,2067,310,441,3295,751,1538,2508,4046
168528,2,999,1,919,787,33,44,1706,77,952,831,1783
168546,2,999,1,679,753,4,3,1432,7,683,756,1439
168591,2,999,1,560,652,15,5,1212,20,575,657,1232
168607,2,999,1,251,181,373,493,432,866,624,674,1298
168740,2,999,1,561,597,75,87,1158,162,636,684,1320
168786,2,999,1,458,584,42,48,1042,90,500,632,1132
168847,2,999,1,215,655,316,774,870,1090,531,1429,1960
168892,2,999,1,2,39,0,28,41,28,2,67,69
169099,2,999,1,10,4,1,3,14,4,11,7,18
169248,2,999,1,3753,5592,324,554,9345,878,4077,6146,10223
169275,2,999,1,511,784,938,1596,1295,2534,1449,2380,3829
169284,2,999,1,5,127,5,35,132,40,10,162,172
169424,2,999,1,11,15,0,0,26,0,11,15,26
169442,2,999,1,353,711,94,150,1064,244,447,861,1308
169503,2,999,1,0,169,0,0,169,0,0,169,169
169521,2,999,1,668,874,1118,1799,1542,2917,1786,2673,4459
169576,2,999,1,0,15,0,0,15,0,0,15,15
169655,2,999,1,747,45,0,0,792,0,747,45,792
169716,2,999,1,1033,1790,663,376,2823,1039,1696,2166,3862
169798,2,999,1,3003,4856,829,1069,7859,1898,3832,5925,9757
169910,2,999,1,3030,3475,599,853,6505,1452,3629,4328,7957
169992,2,999,1,130,158,135,223,288,358,265,381,646
170000,2,999,1,159,149,69,113,308,182,228,262,490
170055,2,999,1,1430,1517,2178,3090,2947,5268,3608,4607,8215
170082,2,999,1,6350,10441,745,1016,16791,1761,7095,11457,18552
170240,2,999,1,1509,1740,2214,2797,3249,5011,3723,4537,8260
170286,2,999,1,766,770,21,18,1536,39,787,788,1575
170550,2,999,1,235,332,512,1120,567,1632,747,1452,2199
170587,2,999,1,110,160,243,362,270,605,353,522,875
170639,2,999,1,549,643,107,176,1192,283,656,819,1475
170657,2,999,1,1127,1288,1871,2364,2415,4235,2998,3652,6650
170675,2,999,1,1161,488,423,267,1649,690,1584,755,2339
170790,2,999,1,1757,1831,3012,4045,3588,7057,4769,5876,10645
170806,2,999,1,466,719,119,117,1185,236,585,836,1421
170976,2,999,1,17840,19858,1015,819,37698,1834,18855,20677,39532
171100,2,999,1,18123,20278,1665,1675,38401,3340,19788,21953,41741
171137,2,999,1,2470,2155,651,488,4625,1139,3121,2643,5764
171146,2,999,1,950,1509,374,619,2459,993,1324,2128,3452
171155,2,999,1,367,447,629,1252,814,1881,996,1699,2695
171225,2,999,1,201,286,456,760,487,1216,657,1046,1703
171304,2,999,1,420,559,523,940,979,1463,943,1499,2442
171456,2,999,1,2182,3214,187,229,5396,416,2369,3443,5812
171483,2,999,1,444,467,604,684,911,1288,1048,1151,2199
171492,2,999,1,753,395,135,82,1148,217,888,477,1365
171571,2,999,1,4095,5867,845,890,9962,1735,4940,6757,11697
172200,2,999,1,831,728,1579,1924,1559,3503,2410,2652,5062
172291,2,999,1,330,562,547,955,892,1502,877,1517,2394
172307,2,999,1,329,363,316,369,692,685,645,732,1377
172334,2,999,1,319,548,46,82,867,128,365,630,995
172422,2,999,1,77,25,0,0,102,0,77,25,102
172617,2,999,1,1094,1055,1994,2339,2149,4333,3088,3394,6482
172644,2,999,1,5129,8013,1178,1590,13142,2768,6307,9603,15910
172680,2,999,1,3,49,1,33,52,34,4,82,86
172699,2,999,1,5433,5911,1016,1039,11344,2055,6449,6950,13399
173045,2,999,1,925,1236,23,33,2161,56,948,1269,2217
173142,2,999,1,312,321,65,85,633,150,377,406,783
173160,2,999,1,812,1248,156,254,2060,410,968,1502,2470
173258,2,999,1,995,1011,3,8,2006,11,998,1019,2017
173300,2,999,1,815,941,33,35,1756,68,848,976,1824
173452,2,999,1,297,302,11,30,599,41,308,332,640
173647,2,999,1,893,1127,20,18,2020,38,913,1145,2058
173665,2,999,1,602,1051,39,77,1653,116,641,1128,1769
173683,2,999,1,2,6,0,5,8,5,2,11,13
173896,2,999,1,9,12,0,0,21,0,9,12,21
173902,2,999,1,898,1246,19,12,2144,31,917,1258,2175
174066,2,999,1,13890,17563,4077,5509,31453,9586,17967,23072,41039
174075,2,999,1,301,488,343,497,789,840,644,985,1629
174127,2,999,1,205,457,7,12,662,19,212,469,681
174233,2,999,1,3789,3786,635,723,7575,1358,4424,4509,8933
174251,2,999,1,433,541,26,32,974,58,459,573,1032
174491,2,999,1,746,1095,431,781,1841,1212,1177,1876,3053
174507,2,999,1,138,200,16,81,338,97,154,281,435
174747,2,999,1,0,1422,0,17,1422,17,0,1439,1439
174792,2,999,1,1481,5,44,0,1486,44,1525,5,1530
174899,2,999,1,570,1148,19,61,1718,80,589,1209,1798
174914,2,999,1,2991,3075,191,164,6066,355,3182,3239,6421
174978,2,999,1,2,69,1,10,71,11,3,79,82
175005,2,999,1,32,1591,31,385,1623,416,63,1976,2039
175014,2,999,1,86,391,55,350,477,405,141,741,882
175120,2,999,1,126,41,0,0,167,0,126,41,167
175227,2,999,1,760,171,92,29,931,121,852,200,1052
175421,2,999,1,391,503,112,147,894,259,503,650,1153
175430,2,999,1,256,247,169,176,503,345,425,423,848
175573,2,999,1,713,903,333,519,1616,852,1046,1422,2468
175616,2,999,1,588,769,133,231,1357,364,721,1000,1721
175652,2,999,1,937,932,389,499,1869,888,1326,1431,2757
175786,2,999,1,1698,2160,1507,2072,3858,3579,3205,4232,7437
175810,2,999,1,954,1355,493,877,2309,1370,1447,2232,3679
175829,2,999,1,1111,1510,498,835,2621,1333,1609,2345,3954
175856,2,999,1,1490,2352,136,215,3842,351,1626,2567,4193
175883,2,999,1,984,1445,532,843,2429,1375,1516,2288,3804
175935,2,999,1,491,767,222,365,1258,587,713,1132,1845
175980,2,999,1,356,288,3,2,644,5,359,290,649
176008,2,999,1,486,718,174,360,1204,534,660,1078,1738
176017,2,999,1,7341,10198,518,534,17539,1052,7859,10732,18591
176035,2,999,1,238,1012,176,291,1250,467,414,1303,1717
176044,2,999,1,462,488,207,331,950,538,669,819,1488
176053,2,999,1,911,1374,199,229,2285,428,1110,1603,2713
176080,2,999,1,8252,8734,692,598,16986,1290,8944,9332,18276
176178,2,999,1,1587,2351,930,1544,3938,2474,2517,3895,6412
176239,2,999,1,1306,1884,427,791,3190,1218,1733,2675,4408
176318,2,999,1,154,225,64,69,379,133,218,294,512
176372,2,999,1,2772,5374,358,599,8146,957,3130,5973,9103
176433,2,999,1,1,21,0,9,22,9,1,30,31
176451,2,999,1,0,0,3,0,0,3,3,0,3
176479,2,999,1,483,867,561,882,1350,1443,1044,1749,2793
176600,2,999,1,6,2,0,3,8,3,6,5,11
176628,2,999,1,353,486,22,42,839,64,375,528,903
176947,2,999,1,501,528,8,5,1029,13,509,533,1042
176965,2,999,1,2742,3056,986,1316,5798,2302,3728,4372,8100
176983,2,999,1,40,6,5,5,46,10,45,11,56
177038,2,999,1,97,123,5,10,220,15,102,133,235
177126,2,999,1,18,10,21,13,28,34,39,23,62
177135,2,999,1,650,892,602,1115,1542,1717,1252,2007,3259
177144,2,999,1,491,384,23,33,875,56,514,417,931
177214,2,999,1,596,726,25,31,1322,56,621,757,1378
177250,2,999,1,474,632,422,713,1106,1135,896,1345,2241
177302,2,999,1,75,4,0,0,79,0,75,4,79
177418,2,999,1,307,373,14,24,680,38,321,397,718
177472,2,999,1,1720,2205,1998,2503,3925,4501,3718,4708,8426
177676,2,999,1,671,866,594,829,1537,1423,1265,1695,2960
177685,2,999,1,8,102,0,0,110,0,8,102,110
177940,2,999,1,458,645,187,285,1103,472,645,930,1575
177977,2,999,1,1513,262,175,109,1775,284,1688,371,2059
177986,2,999,1,279,305,25,61,584,86,304,366,670
177995,2,999,1,2155,2648,1843,2803,4803,4646,3998,5451,9449
178059,2,999,1,1113,2077,233,732,3190,965,1346,2809,4155
178217,2,999,1,409,690,282,542,1099,824,691,1232,1923
178341,2,999,1,851,1333,411,679,2184,1090,1262,2012,3274
178369,2,999,1,724,425,81,186,1149,267,805,611,1416
178387,2,999,1,874,1254,498,902,2128,1400,1372,2156,3528
178396,2,999,1,10425,13000,772,877,23425,1649,11197,13877,25074
178402,2,999,1,2891,4248,1854,2492,7139,4346,4745,6740,11485
178411,2,999,1,3871,1248,434,168,5119,602,4305,1416,5721
178420,2,999,1,1516,2123,2972,4405,3639,7377,4488,6528,11016
178448,2,999,1,800,1190,884,1453,1990,2337,1684,2643,4327
178615,2,999,1,1157,1841,287,375,2998,662,1444,2216,3660
178624,2,999,1,1850,2702,452,685,4552,1137,2302,3387,5689
178679,2,999,1,246,212,42,50,458,92,288,262,550
178697,2,999,1,634,821,3,11,1455,14,637,832,1469
178721,2,999,1,809,934,460,362,1743,822,1269,1296,2565
178891,2,999,1,926,74,162,7,1000,169,1088,81,1169
178989,2,999,1,10,98,0,7,108,7,10,105,115
179043,2,999,1,617,1106,326,555,1723,881,943,1661,2604
179308,2,999,1,1830,2557,1863,3127,4387,4990,3693,5684,9377
179326,2,999,1,520,713,182,312,1233,494,702,1025,1727
179344,2,999,1,184,372,307,637,556,944,491,1009,1500
179539,2,999,1,575,989,605,968,1564,1573,1180,1957,3137
179557,2,999,1,2541,3708,785,1117,6249,1902,3326,4825,8151
179566,2,999,1,4393,7030,2811,3881,11423,6692,7204,10911,18115
179645,2,999,1,351,665,343,608,1016,951,694,1273,1967
179715,2,999,1,211,438,230,552,649,782,441,990,1431
179812,2,999,1,122,204,0,3,326,3,122,207,329
179867,2,999,1,5120,5871,259,345,10991,604,5379,6216,11595
179894,2,999,1,848,1096,102,141,1944,243,950,1237,2187
179946,2,999,1,321,266,3,3,587,6,324,269,593
180081,2,999,1,153,83,170,186,236,356,323,269,592
180106,2,999,1,419,638,7,4,1057,11,426,642,1068
180151,2,999,1,98,93,109,91,191,200,207,184,391
180179,2,999,1,558,779,420,776,1337,1196,978,1555,2533
180197,2,999,1,190,240,540,582,430,1122,730,822,1552
180249,2,999,1,94,178,156,366,272,522,250,544,794
180258,2,999,1,152,207,4,14,359,18,156,221,377
180276,2,999,1,122,114,369,530,236,899,491,644,1135
180416,2,999,1,733,456,41,30,1189,71,774,486,1260
180461,2,999,1,6381,5600,1035,908,11981,1943,7416,6508,13924
180522,2,999,1,387,200,124,138,587,262,511,338,849
180595,2,999,1,404,436,4,6,840,10,408,442,850
180647,2,999,1,63,122,17,34,185,51,80,156,236
180692,2,999,1,331,551,60,118,882,178,391,669,1060
180814,2,999,1,866,930,415,459,1796,874,1281,1389,2670
180902,2,999,1,793,727,1510,2070,1520,3580,2303,2797,5100
180948,2,999,1,532,821,61,117,1353,178,593,938,1531
181002,2,999,1,2223,3351,72,84,5574,156,2295,3435,5730
181020,2,999,1,504,414,16,53,918,69,520,467,987
181127,2,999,1,441,465,5,3,906,8,446,468,914
181145,2,999,1,2,14,0,0,16,0,2,14,16
181190,2,999,1,1,76,0,0,77,0,1,76,77
181215,2,999,1,1314,2194,155,333,3508,488,1469,2527,3996
181297,2,999,1,34,409,15,119,443,134,49,528,577
181303,2,999,1,1645,1527,3861,3951,3172,7812,5506,5478,10984
181312,2,999,1,292,303,469,659,595,1128,761,962,1723
181330,2,999,1,602,542,63,113,1144,176,665,655,1320
181394,2,999,1,3944,5389,609,721,9333,1330,4553,6110,10663
181428,2,999,1,329,1103,18,76,1432,94,347,1179,1526
181446,2,999,1,670,760,14,18,1430,32,684,778,1462
181464,2,999,1,9168,9520,525,489,18688,1014,9693,10009,19702
181491,2,999,1,1032,831,998,1330,1863,2328,2030,2161,4191
181604,2,999,1,9,508,17,20,517,37,26,528,554
181640,2,999,1,1604,1088,2101,2730,2692,4831,3705,3818,7523
181738,2,999,1,177,281,37,61,458,98,214,342,556
181783,2,999,1,1192,1581,380,554,2773,934,1572,2135,3707
181817,2,999,1,247,264,296,444,511,740,543,708,1251
182005,2,999,1,3033,4014,5166,6822,7047,11988,8199,10836,19035
182281,2,999,1,7538,10294,1562,1945,17832,3507,9100,12239,21339
182290,2,999,1,6267,7320,1246,1454,13587,2700,7513,8774,16287
182306,2,999,1,273,318,502,915,591,1417,775,1233,2008
182500,2,999,1,892,1205,2049,2440,2097,4489,2941,3645,6586
182564,2,999,1,403,594,674,704,997,1378,1077,1298,2375
182670,2,999,1,2532,2492,7,4,5024,11,2539,2496,5035
182704,2,999,1,1,34,0,11,35,11,1,45,46
182722,2,999,1,3,54,0,13,57,13,3,67,70
182829,2,999,1,89,97,3,4,186,7,92,101,193
182892,2,999,1,0,16,0,7,16,7,0,23,23
182980,2,999,1,669,579,11,12,1248,23,680,591,1271
183026,2,999,1,5321,7918,10013,16298,13239,26311,15334,24216,39550
183044,2,999,1,4917,6679,222,228,11596,450,5139,6907,12046
183062,2,999,1,1166,1410,51,39,2576,90,1217,1449,2666
183071,2,999,1,169,171,21,23,340,44,190,194,384
183080,2,999,1,1622,1627,79,67,3249,146,1701,1694,3395
183202,2,999,1,1,57,0,4,58,4,1,61,62
183239,2,999,1,773,1177,12,8,1950,20,785,1185,1970
183257,2,999,1,52,133,25,79,185,104,77,212,289
183275,2,999,1,41,43,0,0,84,0,41,43,84
183488,2,999,1,11,241,3,24,252,27,14,265,279
183655,2,999,1,654,842,549,807,1496,1356,1203,1649,2852
183743,2,999,1,2654,2321,1653,1633,4975,3286,4307,3954,8261
183789,2,999,1,217,445,72,153,662,225,289,598,887
183822,2,999,1,405,559,16,23,964,39,421,582,1003
183859,2,999,1,1951,1749,1998,2255,3700,4253,3949,4004,7953
183910,2,999,1,592,938,24,63,1530,87,616,1001,1617
183938,2,999,1,1083,1346,967,1309,2429,2276,2050,2655,4705
184056,2,999,1,67,204,17,44,271,61,84,248,332
184180,2,999,1,1400,962,1222,1030,2362,2252,2622,1992,4614
184205,2,999,1,249,408,290,440,657,730,539,848,1387
184427,2,999,1,198,11,76,10,209,86,274,21,295
184481,2,999,1,1000,1275,913,1063,2275,1976,1913,2338,4251
184506,2,999,1,3,37,1,14,40,15,4,51,55
184603,2,999,1,936,1101,1357,1751,2037,3108,2293,2852,5145
184612,2,999,1,392,926,30,81,1318,111,422,1007,1429
184694,2,999,1,955,1277,63,64,2232,127,1018,1341,2359
184773,2,999,1,254,739,153,216,993,369,407,955,1362
184782,2,999,1,7161,6514,689,718,13675,1407,7850,7232,15082
184791,2,999,1,1156,1374,770,1148,2530,1918,1926,2522,4448
184816,2,999,1,1,30,1,11,31,12,2,41,43
184959,2,999,1,13,122,18,107,135,125,31,229,260
184995,2,999,1,1136,1359,716,956,2495,1672,1852,2315,4167
185262,2,999,1,3054,4963,495,729,8017,1224,3549,5692,9241
185396,2,999,1,1221,39,139,5,1260,144,1360,44,1404
185509,2,999,1,931,734,1151,1317,1665,2468,2082,2051,4133
185536,2,999,1,1825,1797,1983,2129,3622,4112,3808,3926,7734
185572,2,999,1,1408,2594,95,138,4002,233,1503,2732,4235
185590,2,999,1,5914,9466,657,976,15380,1633,6571,10442,17013
185721,2,999,1,49,106,15,36,155,51,64,142,206
185758,2,999,1,1,0,1,0,1,1,2,0,2
185828,2,999,1,5698,2204,932,432,7902,1364,6630,2636,9266
185873,2,999,1,1371,1349,1302,1736,2720,3038,2673,3085,5758
186016,2,999,1,12,160,3,88,172,91,15,248,263
186034,2,999,1,698,860,785,1093,1558,1878,1483,1953,3436
186131,2,999,1,3233,3134,32,23,6367,55,3265,3157,6422
186201,2,999,1,1726,2439,174,303,4165,477,1900,2742,4642
186283,2,999,1,1313,1742,60,109,3055,169,1373,1851,3224
186371,2,999,1,1258,1891,218,182,3149,400,1476,2073,3549
186380,2,999,1,18183,18999,686,885,37182,1571,18869,19884,38753
186399,2,999,1,2866,3218,384,434,6084,818,3250,3652,6902
186405,2,999,1,0,7,0,0,7,0,0,7,7
186432,2,999,1,916,1167,85,113,2083,198,1001,1280,2281
186469,2,999,1,203,215,119,226,418,345,322,441,763
186584,2,999,1,2873,3792,141,247,6665,388,3014,4039,7053
186618,2,999,1,231,382,10,84,613,94,241,466,707
186645,2,999,1,1273,1050,1236,1298,2323,2534,2509,2348,4857
186867,2,999,1,4267,1832,167,77,6099,244,4434,1909,6343
186876,2,999,1,2764,4462,122,182,7226,304,2886,4644,7530
187046,2,999,1,1,12,463,386,13,849,464,398,862
187134,2,999,1,2906,4001,101,106,6907,207,3007,4107,7114
187198,2,999,1,1447,1483,859,1175,2930,2034,2306,2658,4964
187444,2,999,1,1904,2636,242,361,4540,603,2146,2997,5143
187532,2,999,1,1243,1688,3214,4719,2931,7933,4457,6407,10864
187620,2,999,1,978,1300,1003,1568,2278,2571,1981,2868,4849
187639,2,999,1,147,265,376,589,412,965,523,854,1377
187648,2,999,1,645,990,444,605,1635,1049,1089,1595,2684
187897,2,999,1,363,437,84,140,800,224,447,577,1024
187912,2,999,1,288,57,46,33,345,79,334,90,424
187958,2,999,1,186,277,435,594,463,1029,621,871,1492
187967,2,999,1,783,321,46,32,1104,78,829,353,1182
187976,2,999,1,25,41,290,304,66,594,315,345,660
187985,2,999,1,4911,6729,993,1222,11640,2215,5904,7951,13855
187994,2,999,1,59,110,181,287,169,468,240,397,637
188003,2,999,1,78,148,449,669,226,1118,527,817,1344
188021,2,999,1,41,70,140,265,111,405,181,335,516
188030,2,999,1,3647,5101,570,734,8748,1304,4217,5835,10052
188049,2,999,1,82,134,540,765,216,1305,622,899,1521
188100,2,999,1,415,601,652,1314,1016,1966,1067,1915,2982
188137,2,999,1,166,276,501,674,442,1175,667,950,1617
188207,2,999,1,0,15,0,6,15,6,0,21,21
188225,2,999,1,33,57,273,492,90,765,306,549,855
188261,2,999,1,53,25,185,183,78,368,238,208,446
188340,2,999,1,633,106,114,12,739,126,747,118,865
188429,2,999,1,1606,3547,121,294,5153,415,1727,3841,5568
188438,2,999,1,603,648,449,506,1251,955,1052,1154,2206
188517,2,999,1,82,83,5,30,165,35,87,113,200
188641,2,999,1,619,703,39,48,1322,87,658,751,1409
188854,2,999,1,375,1044,0,0,1419,0,375,1044,1419
189219,2,999,1,33,1,0,0,34,0,33,1,34
189228,2,999,1,228,412,86,130,640,216,314,542,856
189282,2,999,1,9,91,3,35,100,38,12,126,138
189547,2,999,1,924,1130,1064,1340,2054,2404,1988,2470,4458
189565,2,999,1,80,130,5,19,210,24,85,149,234
189583,2,999,1,70,159,74,103,229,177,144,262,406
189592,2,999,1,56,60,3,17,116,20,59,77,136
189705,2,999,1,937,979,51,57,1916,108,988,1036,2024
189839,2,999,1,289,390,927,1332,679,2259,1216,1722,2938
190044,2,999,1,1915,938,95,59,2853,154,2010,997,3007
190053,2,999,1,142,115,249,323,257,572,391,438,829
190071,2,999,1,0,4,2,6,4,8,2,10,12
190099,2,999,1,1382,1733,8,9,3115,17,1390,1742,3132
190169,2,999,1,175,194,284,393,369,677,459,587,1046
190239,2,999,1,0,62,2,14,62,16,2,76,78
190372,2,999,1,449,448,14,1,897,15,463,449,912
190415,2,999,1,8671,10557,57,67,19228,124,8728,10624,19352
190424,2,999,1,136,264,1,1,400,2,137,265,402
190442,2,999,1,530,651,948,1248,1181,2196,1478,1899,3377
190503,2,999,1,1177,1289,27,27,2466,54,1204,1316,2520
190761,2,999,1,369,558,6,26,927,32,375,584,959
190840,2,999,1,1146,1193,1739,2159,2339,3898,2885,3352,6237
191083,2,999,1,1916,1623,1021,1261,3539,2282,2937,2884,5821
191126,2,999,1,1033,5421,158,455,6454,613,1191,5876,7067
191199,2,999,1,769,732,1132,1603,1501,2735,1901,2335,4236
191205,2,999,1,316,122,11,23,438,34,327,145,472
191241,2,999,1,4324,6690,202,467,11014,669,4526,7157,11683
191302,2,999,1,274,310,410,574,584,984,684,884,1568
191311,2,999,1,29,42,0,0,71,0,29,42,71
191339,2,999,1,485,696,962,1397,1181,2359,1447,2093,3540
191515,2,999,1,927,1143,1,0,2070,1,928,1143,2071
191533,2,999,1,440,615,5,10,1055,15,445,625,1070
191597,2,999,1,8,30,7,30,38,37,15,60,75
191612,2,999,1,382,437,302,462,819,764,684,899,1583
191649,2,999,1,2983,4352,170,240,7335,410,3153,4592,7745
191676,2,999,1,259,429,35,46,688,81,294,475,769
191719,2,999,1,2259,1579,1522,1951,3838,3473,3781,3530,7311
191940,2,999,1,2,40,0,0,42,0,2,40,42
191986,2,999,1,556,629,923,1153,1185,2076,1479,1782,3261
192022,2,999,1,375,501,323,543,876,866,698,1044,1742
192192,2,999,1,219,633,20,42,852,62,239,675,914
192271,2,999,1,105,893,4,84,998,88,109,977,1086
192323,2,999,1,954,1374,65,278,2328,343,1019,1652,2671
192448,2,999,1,1977,3994,2603,3294,5971,5897,4580,7288,11868
192703,2,999,1,1705,1309,72,26,3014,98,1777,1335,3112
192712,2,999,1,378,418,3,9,796,12,381,427,808
192749,2,999,1,519,744,57,156,1263,213,576,900,1476
192785,2,999,1,10,84,18,142,94,160,28,226,254
192819,2,999,1,2178,3049,259,318,5227,577,2437,3367,5804
193016,2,999,1,1251,2868,378,726,4119,1104,1629,3594,5223
193283,2,999,1,923,1001,1253,1508,1924,2761,2176,2509,4685
193292,2,999,1,782,1855,106,315,2637,421,888,2170,3058
193326,2,999,1,1669,1795,830,1053,3464,1883,2499,2848,5347
193380,2,999,1,0,0,2,15,0,17,2,15,17
193399,2,999,1,471,1502,22,217,1973,239,493,1719,2212
193478,2,999,1,3216,2672,1600,1622,5888,3222,4816,4294,9110
193584,2,999,1,563,1569,21,98,2132,119,584,1667,2251
193654,2,999,1,1650,5695,96,247,7345,343,1746,5942,7688
193830,2,999,1,152,277,3,22,429,25,155,299,454
193858,2,999,1,10,182,0,0,192,0,10,182,192
193900,2,999,1,15750,23003,872,1167,38753,2039,16622,24170,40792
193946,2,999,1,767,978,527,797,1745,1324,1294,1775,3069
193973,2,999,1,946,1818,28,86,2764,114,974,1904,2878
193991,2,999,1,2,23,1,4,25,5,3,27,30
194028,2,999,1,126,250,303,559,376,862,429,809,1238
194091,2,999,1,2204,1730,300,210,3934,510,2504,1940,4444
194116,2,999,1,15,128,8,75,143,83,23,203,226
194222,2,999,1,1270,1182,1940,1941,2452,3881,3210,3123,6333
194240,2,999,1,842,913,925,1313,1755,2238,1767,2226,3993
194310,2,999,1,3015,5914,348,485,8929,833,3363,6399,9762
194392,2,999,1,402,229,7,5,631,12,409,234,643
194578,2,999,1,1153,3178,18,65,4331,83,1171,3243,4414
194824,2,999,1,4322,1955,55,14,6277,69,4377,1969,6346
195003,2,999,1,8833,4687,785,303,13520,1088,9618,4990,14608
195058,2,999,1,1280,1012,961,1141,2292,2102,2241,2153,4394
195067,2,999,1,6,137,1,45,143,46,7,182,189
195128,2,999,1,317,867,19,125,1184,144,336,992,1328
195155,2,999,1,2,1,11,17,3,28,13,18,31
195164,2,999,1,1032,872,84,112,1904,196,1116,984,2100
195216,2,999,1,976,1156,10,10,2132,20,986,1166,2152
195234,2,999,1,493,1059,33,66,1552,99,526,1125,1651
195243,2,999,1,512,500,406,501,1012,907,918,1001,1919
195322,2,999,1,392,413,1028,1273,805,2301,1420,1686,3106
195474,2,999,1,1556,1912,38,47,3468,85,1594,1959,3553
195526,2,999,1,1124,1596,12,16,2720,28,1136,1612,2748
195544,2,999,1,945,2006,85,194,2951,279,1030,2200,3230
195702,2,999,1,13,55,2,16,68,18,15,71,86
195720,2,999,1,1122,1621,44,66,2743,110,1166,1687,2853
195988,2,999,1,291,263,343,508,554,851,634,771,1405
196006,2,999,1,1947,884,53,70,2831,123,2000,954,2954
196015,2,999,1,906,896,60,81,1802,141,966,977,1943
196024,2,999,1,1022,824,35,85,1846,120,1057,909,1966
196033,2,999,1,651,909,31,41,1560,72,682,950,1632
196042,2,999,1,4022,2690,692,459,6712,1151,4714,3149,7863
196051,2,999,1,814,619,40,71,1433,111,854,690,1544
196060,2,999,1,5489,6925,291,500,12414,791,5780,7425,13205
196079,2,999,1,7363,7746,223,170,15109,393,7586,7916,15502
196088,2,999,1,11891,10544,938,1040,22435,1978,12829,11584,24413
196097,2,999,1,8848,9379,577,538,18227,1115,9425,9917,19342
196103,2,999,1,624,642,144,162,1266,306,768,804,1572
196112,2,999,1,1219,461,98,112,1680,210,1317,573,1890
196121,2,999,1,1786,2532,197,373,4318,570,1983,2905,4888
196130,2,999,1,1940,2701,179,311,4641,490,2119,3012,5131
196149,2,999,1,2676,3249,94,232,5925,326,2770,3481,6251
196158,2,999,1,1268,1865,39,90,3133,129,1307,1955,3262
196167,2,999,1,1374,2578,60,84,3952,144,1434,2662,4096
196176,2,999,1,1891,3721,182,288,5612,470,2073,4009,6082
196185,2,999,1,1828,2984,70,193,4812,263,1898,3177,5075
196194,2,999,1,2611,2910,140,147,5521,287,2751,3057,5808
196200,2,999,1,745,1242,25,86,1987,111,770,1328,2098
196219,2,999,1,1142,1607,68,96,2749,164,1210,1703,2913
196246,2,999,1,1358,2175,82,92,3533,174,1440,2267,3707
196255,2,999,1,198,414,10,32,612,42,208,446,654
196264,2,999,1,333,708,509,565,1041,1074,842,1273,2115
196291,2,999,1,1024,165,70,8,1189,78,1094,173,1267
196307,2,999,1,175,339,2,13,514,15,177,352,529
196413,2,999,1,7617,9262,257,278,16879,535,7874,9540,17414
196468,2,999,1,187,1179,33,142,1366,175,220,1321,1541
196565,2,999,1,442,427,1307,1705,869,3012,1749,2132,3881
196653,2,999,1,10,130,42,167,140,209,52,297,349
196699,2,999,1,433,432,852,760,865,1612,1285,1192,2477
196884,2,999,1,7,17,3,1,24,4,10,18,28
197036,2,999,1,3359,993,0,0,4352,0,3359,993,4352
197045,2,999,1,905,1167,95,197,2072,292,1000,1364,2364
197285,2,999,1,139,227,36,76,366,112,175,303,478
197294,2,999,1,1895,1663,1429,1402,3558,2831,3324,3065,6389
197337,2,999,1,1,30,0,0,31,0,1,30,31
197708,2,999,1,1757,2061,101,83,3818,184,1858,2144,4002
197814,2,999,1,221,338,496,818,559,1314,717,1156,1873
197850,2,999,1,221,315,891,1377,536,2268,1112,1692,2804
197869,2,999,1,7477,9894,408,544,17371,952,7885,10438,18323
197887,2,999,1,500,703,1286,2004,1203,3290,1786,2707,4493
197911,2,999,1,538,463,7,14,1001,21,545,477,1022
197966,2,999,1,115,210,340,532,325,872,455,742,1197
197993,2,999,1,0,147,0,8,147,8,0,155,155
198066,2,999,1,444,273,9,6,717,15,453,279,732
198109,2,999,1,4,56,8,130,60,138,12,186,198
198118,2,999,1,480,530,793,1095,1010,1888,1273,1625,2898
198136,2,999,1,1261,1733,122,108,2994,230,1383,1841,3224
198154,2,999,1,1101,1317,2473,3054,2418,5527,3574,4371,7945
198206,2,999,1,179,236,226,461,415,687,405,697,1102
198260,2,999,1,2446,2817,3381,4558,5263,7939,5827,7375,13202
198303,2,999,1,476,303,22,7,779,29,498,310,808
198330,2,999,1,371,609,556,929,980,1485,927,1538,2465
198367,2,999,1,269,273,559,810,542,1369,828,1083,1911
198385,2,999,1,897,1027,0,0,1924,0,897,1027,1924
198455,2,999,1,266,283,855,1275,549,2130,1121,1558,2679
198464,2,999,1,7467,10389,793,1267,17856,2060,8260,11656,19916
198507,2,999,1,680,790,65,97,1470,162,745,887,1632
198516,2,999,1,2574,3883,87,95,6457,182,2661,3978,6639
198534,2,999,1,864,1164,1378,2110,2028,3488,2242,3274,5516
198543,2,999,1,897,1981,263,496,2878,759,1160,2477,3637
198552,2,999,1,717,858,1413,2386,1575,3799,2130,3244,5374
198570,2,999,1,489,655,1183,1954,1144,3137,1672,2609,4281
198598,2,999,1,364,207,19,33,571,52,383,240,623
198622,2,999,1,1280,1237,1876,2430,2517,4306,3156,3667,6823
198668,2,999,1,146,134,206,353,280,559,352,487,839
198710,2,999,1,177,252,384,607,429,991,561,859,1420
198756,2,999,1,426,445,14,15,871,29,440,460,900
198808,2,999,1,273,458,1,13,731,14,274,471,745
198817,2,999,1,250,309,391,687,559,1078,641,996,1637
198835,2,999,1,610,834,65,121,1444,186,675,955,1630
198862,2,999,1,429,307,10,9,736,19,439,316,755
198899,2,999,1,470,420,5,19,890,24,475,439,914
198905,2,999,1,38,119,218,333,157,551,256,452,708
198950,2,999,1,3,1283,5,91,1286,96,8,1374,1382
198969,2,999,1,692,570,16,37,1262,53,708,607,1315
198987,2,999,1,314,400,860,1345,714,2205,1174,1745,2919
199087,2,999,1,253,320,566,900,573,1466,819,1220,2039
199102,2,999,1,3739,6722,407,449,10461,856,4146,7171,11317
199111,2,999,1,904,1341,90,76,2245,166,994,1417,2411
199120,2,999,1,8419,13614,427,596,22033,1023,8846,14210,23056
199139,2,999,1,10230,9927,1468,1397,20157,2865,11698,11324,23022
199148,2,999,1,3696,7471,477,870,11167,1347,4173,8341,12514
199157,2,999,1,1452,3326,180,394,4778,574,1632,3720,5352
199184,2,999,1,377,576,7,14,953,21,384,590,974
199193,2,999,1,13065,13102,1245,984,26167,2229,14310,14086,28396
199218,2,999,1,4286,7304,372,743,11590,1115,4658,8047,12705
199272,2,999,1,299,230,13,15,529,28,312,245,557
199281,2,999,1,1451,2089,255,388,3540,643,1706,2477,4183
199324,2,999,1,54,74,307,435,128,742,361,509,870
199412,2,999,1,447,735,41,63,1182,104,488,798,1286
199494,2,999,1,619,811,1450,2249,1430,3699,2069,3060,5129
199607,2,999,1,0,266,0,40,266,40,0,306,306
199625,2,999,1,127,203,319,593,330,912,446,796,1242
199689,2,999,1,1,88,2,15,89,17,3,103,106
199731,2,999,1,139,197,518,724,336,1242,657,921,1578
199740,2,999,1,111,219,437,771,330,1208,548,990,1538
199759,2,999,1,225,147,218,194,372,412,443,341,784
199768,2,999,1,367,404,627,977,771,1604,994,1381,2375
199795,2,999,1,76,128,230,287,204,517,306,415,721
199856,2,999,1,2846,2581,4660,5455,5427,10115,7506,8036,15542
199865,2,999,1,237,449,0,2,686,2,237,451,688
199883,2,999,1,9,44,0,0,53,0,9,44,53
199908,2,999,1,175,229,347,575,404,922,522,804,1326
199926,2,999,1,286,283,583,860,569,1443,869,1143,2012
199971,2,999,1,21,11,0,0,32,0,21,11,32
199999,2,999,1,937,2793,76,198,3730,274,1013,2991,4004
200004,2,999,1,3324,4366,257,338,7690,595,3581,4704,8285
200013,2,999,1,9,84,13,55,93,68,22,139,161
200022,2,999,1,792,617,541,832,1409,1373,1333,1449,2782
200059,2,999,1,424,428,141,198,852,339,565,626,1191
200086,2,999,1,29,36,10,27,65,37,39,63,102
200192,2,999,1,159,173,379,639,332,1018,538,812,1350
200217,2,999,1,790,1227,216,277,2017,493,1006,1504,2510
200280,2,999,1,3523,3650,1046,658,7173,1704,4569,4308,8877
200305,2,999,1,949,447,551,709,1396,1260,1500,1156,2656
200314,2,999,1,99,129,196,391,228,587,295,520,815
200332,2,999,1,4528,4627,460,592,9155,1052,4988,5219,10207
200527,2,999,1,122,150,34,68,272,102,156,218,374
200554,2,999,1,99,156,1,4,255,5,100,160,260
200572,2,999,1,340,418,227,313,758,540,567,731,1298
200590,2,999,1,6,24,2,4,30,6,8,28,36
200697,2,999,1,135,36,39,17,171,56,174,53,227
200800,2,999,1,4486,4116,950,1193,8602,2143,5436,5309,10745
200846,2,999,1,179,271,357,489,450,846,536,760,1296
201061,2,999,1,54,181,1,4,235,5,55,185,240
201177,2,999,1,11,92,7,53,103,60,18,145,163
201195,2,999,1,1190,1540,35,31,2730,66,1225,1571,2796
201283,2,999,1,115,129,101,229,244,330,216,358,574
201432,2,999,1,315,485,308,558,800,866,623,1043,1666
201441,2,999,1,4984,6958,811,1112,11942,1923,5795,8070,13865
201469,2,999,1,76,167,4,30,243,34,80,197,277
201548,2,999,1,826,1228,19,23,2054,42,845,1251,2096
201645,2,999,1,3942,3953,127,156,7895,283,4069,4109,8178
201654,2,999,1,1809,2140,323,426,3949,749,2132,2566,4698
201821,2,999,1,36,460,9,85,496,94,45,545,590
201885,2,999,1,13619,13448,1711,2002,27067,3713,15330,15450,30780
201946,2,999,1,389,454,2214,2728,843,4942,2603,3182,5785
201955,2,999,1,1130,1505,1177,1899,2635,3076,2307,3404,5711
201964,2,999,1,202,231,203,325,433,528,405,556,961
202046,2,999,1,133,409,10,3,542,13,143,412,555
202170,2,999,1,263,621,0,8,884,8,263,629,892
202222,2,999,1,2263,2478,6190,7985,4741,14175,8453,10463,18916
202356,2,999,1,1362,1543,2726,4134,2905,6860,4088,5677,9765
202453,2,999,1,23,5,0,0,28,0,23,5,28
202480,2,999,1,4874,4371,196,210,9245,406,5070,4581,9651
202523,2,999,1,1117,1194,5,4,2311,9,1122,1198,2320
202648,2,999,1,460,564,1033,1682,1024,2715,1493,2246,3739
202763,2,999,1,819,1734,620,955,2553,1575,1439,2689,4128
203067,2,999,1,4,4,0,1,8,1,4,5,9
203085,2,999,1,516,455,15,28,971,43,531,483,1014
203128,2,999,1,332,353,114,170,685,284,446,523,969
203155,2,999,1,751,553,112,203,1304,315,863,756,1619
203289,2,999,1,11,1,0,0,12,0,11,1,12
203368,2,999,1,1311,1166,71,57,2477,128,1382,1223,2605
203447,2,999,1,57,97,370,653,154,1023,427,750,1177
203456,2,999,1,7,12,251,495,19,746,258,507,765
203465,2,999,1,359,528,717,1262,887,1979,1076,1790,2866
203474,2,999,1,103,193,385,552,296,937,488,745,1233
203483,2,999,1,180,211,456,658,391,1114,636,869,1505
203492,2,999,1,28,174,260,533,202,793,288,707,995
203517,2,999,1,6294,10921,1154,1812,17215,2966,7448,12733,20181
203526,2,999,1,131,167,482,854,298,1336,613,1021,1634
203544,2,999,1,50,345,43,138,395,181,93,483,576
203580,2,999,1,396,292,51,48,688,99,447,340,787
203599,2,999,1,489,579,873,1337,1068,2210,1362,1916,3278
203678,2,999,1,178,288,1010,1586,466,2596,1188,1874,3062
203720,2,999,1,34,11,1,4,45,5,35,15,50
203748,2,999,1,724,1094,2042,3142,1818,5184,2766,4236,7002
203757,2,999,1,331,349,67,150,680,217,398,499,897
203775,2,999,1,348,406,77,81,754,158,425,487,912
203845,2,999,1,526,547,34,45,1073,79,560,592,1152
203881,2,999,1,98,195,655,1120,293,1775,753,1315,2068
203960,2,999,1,21,216,29,184,237,213,50,400,450
204006,2,999,1,680,814,192,217,1494,409,872,1031,1903
204015,2,999,1,315,381,151,222,696,373,466,603,1069
204024,2,999,1,7982,8782,224,296,16764,520,8206,9078,17284
204194,2,999,1,506,680,80,148,1186,228,586,828,1414
204200,2,999,1,489,592,178,247,1081,425,667,839,1506
204255,2,999,1,220,222,362,656,442,1018,582,878,1460
204422,2,999,1,282,308,510,862,590,1372,792,1170,1962
204468,2,999,1,473,402,98,173,875,271,571,575,1146
204477,2,999,1,228,317,2,3,545,5,230,320,550
204617,2,999,1,376,428,33,51,804,84,409,479,888
204635,2,999,1,1393,1286,96,100,2679,196,1489,1386,2875
204662,2,999,1,158,229,17,23,387,40,175,252,427
204671,2,999,1,282,357,56,64,639,120,338,421,759
204680,2,999,1,276,330,57,83,606,140,333,413,746
204699,2,999,1,363,335,70,55,698,125,433,390,823
204705,2,999,1,889,899,162,177,1788,339,1051,1076,2127
204796,2,999,1,21961,23654,1482,1336,45615,2818,23443,24990,48433
204802,2,999,1,83,145,281,479,228,760,364,624,988
204820,2,999,1,149,316,392,741,465,1133,541,1057,1598
204839,2,999,1,117,232,447,882,349,1329,564,1114,1678
204848,2,999,1,155,274,453,792,429,1245,608,1066,1674
204857,2,999,1,6552,8789,422,803,15341,1225,6974,9592,16566
204866,2,999,1,80,275,426,824,355,1250,506,1099,1605
204909,2,999,1,607,783,6,5,1390,11,613,788,1401
204936,2,999,1,804,1224,64,66,2028,130,868,1290,2158
204945,2,999,1,619,794,1794,1773,1413,3567,2413,2567,4980
205090,2,999,1,1,6,1,35,7,36,2,41,43
205443,2,999,1,839,1118,301,491,1957,792,1140,1609,2749
205470,2,999,1,1286,1294,3701,5228,2580,8929,4987,6522,11509
205841,2,999,1,988,990,2296,3155,1978,5451,3284,4145,7429
205966,2,999,1,121,228,451,853,349,1304,572,1081,1653
206011,2,999,1,233,183,661,547,416,1208,894,730,1624
206279,2,999,1,6,16,7,25,22,32,13,41,54
206321,2,999,1,1,15,13,1,16,14,14,16,30
206349,2,999,1,22,428,4,54,450,58,26,482,508
206507,2,999,1,426,521,12,14,947,26,438,535,973
206525,2,999,1,576,637,19,23,1213,42,595,660,1255
206589,2,999,1,951,1003,2,3,1954,5,953,1006,1959
206604,2,999,1,2221,2915,822,928,5136,1750,3043,3843,6886
206613,2,999,1,266,438,207,290,704,497,473,728,1201
206622,2,999,1,2056,2584,92,152,4640,244,2148,2736,4884
206695,2,999,1,3144,3795,685,904,6939,1589,3829,4699,8528
206862,2,999,1,455,437,17,20,892,37,472,457,929
206914,2,999,1,550,938,282,444,1488,726,832,1382,2214
206923,2,999,1,293,411,194,436,704,630,487,847,1334
206996,2,999,1,196,333,178,395,529,573,374,728,1102
207041,2,999,1,813,1101,111,194,1914,305,924,1295,2219
207050,2,999,1,213,312,146,278,525,424,359,590,949
207069,2,999,1,207,233,372,644,440,1016,579,877,1456
207102,2,999,1,7,43,0,0,50,0,7,43,50
207209,2,999,1,622,993,27,35,1615,62,649,1028,1677
207236,2,999,1,271,448,331,736,719,1067,602,1184,1786
207263,2,999,1,1276,1905,289,466,3181,755,1565,2371,3936
207281,2,999,1,485,618,677,993,1103,1670,1162,1611,2773
207290,2,999,1,497,447,109,215,944,324,606,662,1268
207306,2,999,1,498,634,118,178,1132,296,616,812,1428
207315,2,999,1,120,218,6,33,338,39,126,251,377
207324,2,999,1,786,759,102,69,1545,171,888,828,1716
207342,2,999,1,316,1241,9,55,1557,64,325,1296,1621
207351,2,999,1,358,306,59,113,664,172,417,419,836
207388,2,999,1,8609,9589,937,1088,18198,2025,9546,10677,20223
207500,2,999,1,9021,10049,1119,1267,19070,2386,10140,11316,21456
207564,2,999,1,880,253,327,281,1133,608,1207,534,1741
207582,2,999,1,1016,1525,532,671,2541,1203,1548,2196,3744
207661,2,999,1,629,930,316,461,1559,777,945,1391,2336
207670,2,999,1,641,994,1142,2133,1635,3275,1783,3127,4910
207740,2,999,1,237,358,209,379,595,588,446,737,1183
207847,2,999,1,770,798,213,307,1568,520,983,1105,2088
207865,2,999,1,1192,1614,222,365,2806,587,1414,1979,3393
207935,2,999,1,1495,2104,2312,3992,3599,6304,3807,6096,9903
207962,2,999,1,465,55,0,0,520,0,465,55,520
207971,2,999,1,1311,1436,129,98,2747,227,1440,1534,2974
208035,2,999,1,223,241,158,396,464,554,381,637,1018
208275,2,999,1,208,246,151,189,454,340,359,435,794
208318,2,999,1,589,656,750,910,1245,1660,1339,1566,2905
208390,2,999,1,1237,1504,1122,1271,2741,2393,2359,2775,5134
208406,2,999,1,626,673,824,696,1299,1520,1450,1369,2819
208415,2,999,1,66,111,99,101,177,200,165,212,377
208646,2,999,1,521,629,130,230,1150,360,651,859,1510
208822,2,999,1,944,1398,50,81,2342,131,994,1479,2473
209038,2,999,1,1000,1040,1190,1336,2040,2526,2190,2376,4566
209074,2,999,1,691,619,729,980,1310,1709,1420,1599,3019
209250,2,999,1,635,738,1034,829,1373,1863,1669,1567,3236
209490,2,999,1,137,385,16,92,522,108,153,477,630
209506,2,999,1,901,780,862,1113,1681,1975,1763,1893,3656
209542,2,999,1,9502,9005,1896,2006,18507,3902,11398,11011,22409
209551,2,999,1,8175,10493,521,575,18668,1096,8696,11068,19764
209603,2,999,1,65,255,3,4,320,7,68,259,327
209612,2,999,1,698,1290,34,65,1988,99,732,1355,2087
209746,2,999,1,2248,2888,2595,3488,5136,6083,4843,6376,11219
209807,2,999,1,3433,4973,1596,2013,8406,3609,5029,6986,12015
209825,2,999,1,1211,2127,54,92,3338,146,1265,2219,3484
209922,2,999,1,619,862,10,13,1481,23,629,875,1504
210234,2,999,1,264,249,178,226,513,404,442,475,917
210270,2,999,1,245,316,237,481,561,718,482,797,1279
210401,2,999,1,630,888,12,13,1518,25,642,901,1543
210429,2,999,1,873,1675,107,195,2548,302,980,1870,2850
210605,2,999,1,1270,1325,1766,1866,2595,3632,3036,3191,6227
210739,2,999,1,716,1321,40,70,2037,110,756,1391,2147
210775,2,999,1,672,1003,20,95,1675,115,692,1098,1790
211088,2,999,1,529,1272,119,142,1801,261,648,1414,2062
211130,2,999,1,1,0,1,1,1,2,2,1,3
211291,2,999,1,1797,1939,1,11,3736,12,1798,1950,3748
211307,2,999,1,931,916,1189,1520,1847,2709,2120,2436,4556
211316,2,999,1,2,40,0,12,42,12,2,52,54
211343,2,999,1,378,471,405,679,849,1084,783,1150,1933
211352,2,999,1,440,685,36,71,1125,107,476,756,1232
211431,2,999,1,152,791,21,127,943,148,173,918,1091
211440,2,999,1,5825,5202,153,137,11027,290,5978,5339,11317
211556,2,999,1,403,1119,27,118,1522,145,430,1237,1667
211583,2,999,1,369,382,36,49,751,85,405,431,836
211608,2,999,1,202,387,11,25,589,36,213,412,625
211927,2,999,1,783,788,1431,1979,1571,3410,2214,2767,4981
212045,2,999,1,26,116,0,0,142,0,26,116,142
212054,2,999,1,7016,6955,363,427,13971,790,7379,7382,14761
212106,2,999,1,2200,4042,53,60,6242,113,2253,4102,6355
212115,2,999,1,1706,2173,140,152,3879,292,1846,2325,4171
212133,2,999,1,568,737,141,239,1305,380,709,976,1685
212197,2,999,1,679,1027,24,22,1706,46,703,1049,1752
212230,2,999,1,2,19,0,1,21,1,2,20,22
212267,2,999,1,0,30,0,22,30,22,0,52,52
212276,2,999,1,3,42,1,14,45,15,4,56,60
212294,2,999,1,1,41,0,6,42,6,1,47,48
212300,2,999,1,1,41,0,3,42,3,1,44,45
212328,2,999,1,4,36,0,26,40,26,4,62,66
212337,2,999,1,1,40,1,24,41,25,2,64,66
212355,2,999,1,2,64,1,32,66,33,3,96,99
212382,2,999,1,0,56,0,22,56,22,0,78,78
212391,2,999,1,3,19,0,4,22,4,3,23,26
212601,2,999,1,1340,1826,232,334,3166,566,1572,2160,3732
212674,2,999,1,1087,1148,9,10,2235,19,1096,1158,2254
212753,2,999,1,0,31,1,18,31,19,1,49,50
212771,2,999,1,0,58,1,70,58,71,1,128,129
212805,2,999,1,1101,1032,69,72,2133,141,1170,1104,2274
212869,2,999,1,97,249,18,86,346,104,115,335,450
212878,2,999,1,1022,1602,1999,3780,2624,5779,3021,5382,8403
212975,2,999,1,68,20,0,0,88,0,68,20,88
212984,2,999,1,434,1187,41,130,1621,171,475,1317,1792
213011,2,999,1,308,675,80,228,983,308,388,903,1291
213020,2,999,1,2381,3984,234,318,6365,552,2615,4302,6917
213181,2,999,1,12,177,2,30,189,32,14,207,221
213251,2,999,1,529,616,13,21,1145,34,542,637,1179
213321,2,999,1,800,817,47,76,1617,123,847,893,1740
213349,2,999,1,2576,3362,154,234,5938,388,2730,3596,6326
213367,2,999,1,776,1294,205,445,2070,650,981,1739,2720
213376,2,999,1,534,496,82,156,1030,238,616,652,1268
213385,2,999,1,1353,1354,8,6,2707,14,1361,1360,2721
213507,2,999,1,776,983,46,69,1759,115,822,1052,1874
213525,2,999,1,807,853,1047,1807,1660,2854,1854,2660,4514
213570,2,999,1,34,159,0,0,193,0,34,159,193
213589,2,999,1,163,20,11,1,183,12,174,21,195
213598,2,999,1,538,1033,18,27,1571,45,556,1060,1616
213659,2,999,1,465,613,659,1120,1078,1779,1124,1733,2857
213668,2,999,1,496,545,1,3,1041,4,497,548,1045
213774,2,999,1,87,216,63,106,303,169,150,322,472
213987,2,999,1,948,1344,39,84,2292,123,987,1428,2415
213996,2,999,1,919,1470,97,163,2389,260,1016,1633,2649
214041,2,999,1,1926,2631,320,471,4557,791,2246,3102,5348
214111,2,999,1,1128,1082,1558,2177,2210,3735,2686,3259,5945
214148,2,999,1,1,335,0,6,336,6,1,341,342
214157,2,999,1,716,1152,37,66,1868,103,753,1218,1971
214175,2,999,1,733,1132,10,12,1865,22,743,1144,1887
214272,2,999,1,494,860,64,141,1354,205,558,1001,1559
214379,2,999,1,1170,1328,1145,1860,2498,3005,2315,3188,5503
214564,2,999,1,79,392,1,12,471,13,80,404,484
214591,2,999,1,1893,1080,91,42,2973,133,1984,1122,3106
214607,2,999,1,32,13,20,14,45,34,52,27,79
214625,2,999,1,232,139,22,22,371,44,254,161,415
214634,2,999,1,51,111,23,43,162,66,74,154,228
214643,2,999,1,204,119,11,7,323,18,215,126,341
214652,2,999,1,427,343,20,17,770,37,447,360,807
214670,2,999,1,447,300,39,45,747,84,486,345,831
214689,2,999,1,1270,1151,36,26,2421,62,1306,1177,2483
214698,2,999,1,264,209,10,19,473,29,274,228,502
214704,2,999,1,1075,718,59,73,1793,132,1134,791,1925
214713,2,999,1,2268,1444,140,93,3712,233,2408,1537,3945
214731,2,999,1,650,421,45,26,1071,71,695,447,1142
214740,2,999,1,181,115,18,37,296,55,199,152,351
214759,2,999,1,170,206,11,8,376,19,181,214,395
214768,2,999,1,231,201,5,5,432,10,236,206,442
214777,2,999,1,22971,20929,636,365,43900,1001,23607,21294,44901
214786,2,999,1,206,120,8,7,326,15,214,127,341
214795,2,999,1,217,331,31,39,548,70,248,370,618
214801,2,999,1,1591,1129,113,76,2720,189,1704,1205,2909
214810,2,999,1,196,337,17,37,533,54,213,374,587
214829,2,999,1,354,189,47,37,543,84,401,226,627
214883,2,999,1,12,17,14,32,29,46,26,49,75
215053,2,999,1,55,158,2,7,213,9,57,165,222
215062,2,999,1,6532,8468,424,588,15000,1012,6956,9056,16012
215105,2,999,1,378,752,9,16,1130,25,387,768,1155
215123,2,999,1,237,551,4,35,788,39,241,586,827
215239,2,999,1,1178,1897,1421,2541,3075,3962,2599,4438,7037
215266,2,999,1,462,528,16,27,990,43,478,555,1033
215275,2,999,1,498,715,19,16,1213,35,517,731,1248
215284,2,999,1,1102,848,21,15,1950,36,1123,863,1986
215293,2,999,1,9053,12988,2172,2932,22041,5104,11225,15920,27145
215309,2,999,1,1,6,0,3,7,3,1,9,10
215381,2,999,1,386,32,0,0,418,0,386,32,418
215424,2,999,1,5,4,1,0,9,1,6,4,10
215442,2,999,1,749,1383,43,79,2132,122,792,1462,2254
215479,2,999,1,5,28,0,0,33,0,5,28,33
215585,2,999,1,343,432,891,1526,775,2417,1234,1958,3192
215655,2,999,1,1407,1123,75,70,2530,145,1482,1193,2675
215743,2,999,1,583,1007,356,519,1590,875,939,1526,2465
215798,2,999,1,752,554,31,36,1306,67,783,590,1373
215929,2,999,1,1541,2148,81,129,3689,210,1622,2277,3899
216010,2,999,1,1936,2094,165,247,4030,412,2101,2341,4442
216038,2,999,1,2777,3765,187,214,6542,401,2964,3979,6943
216339,2,999,1,9953,13606,692,751,23559,1443,10645,14357,25002
216357,2,999,1,409,431,7,6,840,13,416,437,853
216366,2,999,1,1136,3114,56,218,4250,274,1192,3332,4524
216454,2,999,1,51,5,0,0,56,0,51,5,56
216524,2,999,1,772,720,15,8,1492,23,787,728,1515
216542,2,999,1,205,219,22,35,424,57,227,254,481
216579,2,999,1,2,65,0,0,67,0,2,65,67
216597,2,999,1,3328,3977,174,177,7305,351,3502,4154,7656
216667,2,999,1,592,541,9,3,1133,12,601,544,1145
216694,2,999,1,470,606,41,37,1076,78,511,643,1154
216746,2,999,1,23,3,5,1,26,6,28,4,32
216764,2,999,1,5059,7560,532,814,12619,1346,5591,8374,13965
216825,2,999,1,464,627,716,1339,1091,2055,1180,1966,3146
216852,2,999,1,1232,1753,49,134,2985,183,1281,1887,3168
216931,2,999,1,917,1069,86,160,1986,246,1003,1229,2232
216940,2,999,1,278,0,0,0,278,0,278,0,278
217013,2,999,1,121,393,30,92,514,122,151,485,636
217059,2,999,1,1231,1643,165,146,2874,311,1396,1789,3185
217156,2,999,1,4079,4325,135,306,8404,441,4214,4631,8845
217165,2,999,1,2063,1182,29,10,3245,39,2092,1192,3284
217235,2,999,1,1465,2504,87,104,3969,191,1552,2608,4160
217305,2,999,1,777,321,48,30,1098,78,825,351,1176
217323,2,999,1,49,3,0,0,52,0,49,3,52
217402,2,999,1,1832,2164,37,47,3996,84,1869,2211,4080
217420,2,999,1,990,2238,173,456,3228,629,1163,2694,3857
217493,2,999,1,714,1521,0,0,2235,0,714,1521,2235
217518,2,999,1,1860,1954,100,81,3814,181,1960,2035,3995
217536,2,999,1,704,1496,26,42,2200,68,730,1538,2268
217581,2,999,1,1,53,0,17,54,17,1,70,71
217633,2,999,1,967,1916,98,203,2883,301,1065,2119,3184
217688,2,999,1,854,1569,92,105,2423,197,946,1674,2620
217712,2,999,1,122,206,358,719,328,1077,480,925,1405
217721,2,999,1,727,920,41,40,1647,81,768,960,1728
217749,2,999,1,1039,1220,166,207,2259,373,1205,1427,2632
217819,2,999,1,2785,6210,222,366,8995,588,3007,6576,9583
217864,2,999,1,2028,355,139,106,2383,245,2167,461,2628
217873,2,999,1,416,1003,16,27,1419,43,432,1030,1462
217882,2,999,1,10802,12038,455,472,22840,927,11257,12510,23767
217891,2,999,1,55,63,2,1,118,3,57,64,121
217907,2,999,1,313,358,121,77,671,198,434,435,869
217925,2,999,1,314,289,137,185,603,322,451,474,925
217934,2,999,1,105,527,12,99,632,111,117,626,743
217961,2,999,1,171,595,17,51,766,68,188,646,834
217989,2,999,1,142,143,122,211,285,333,264,354,618
218025,2,999,1,453,438,434,744,891,1178,887,1182,2069
218061,2,999,1,846,1662,332,625,2508,957,1178,2287,3465
218113,2,999,1,1460,1740,2008,2781,3200,4789,3468,4521,7989
218140,2,999,1,1216,1544,948,1838,2760,2786,2164,3382,5546
218229,2,999,1,1026,2121,124,282,3147,406,1150,2403,3553
218335,2,999,1,310,1040,2,28,1350,30,312,1068,1380
218353,2,999,1,1396,1503,1256,1995,2899,3251,2652,3498,6150
218399,2,999,1,146,171,1,0,317,1,147,171,318
218414,2,999,1,692,535,10,8,1227,18,702,543,1245
218441,2,999,1,800,789,68,154,1589,222,868,943,1811
218487,2,999,1,179,243,323,612,422,935,502,855,1357
218520,2,999,1,489,702,700,1215,1191,1915,1189,1917,3106
218539,2,999,1,467,555,18,46,1022,64,485,601,1086
218645,2,999,1,832,1348,156,289,2180,445,988,1637,2625
218654,2,999,1,496,1030,91,178,1526,269,587,1208,1795
218663,2,999,1,12043,16314,487,537,28357,1024,12530,16851,29381
218672,2,999,1,274,374,416,570,648,986,690,944,1634
218681,2,999,1,137,131,137,222,268,359,274,353,627
218690,2,999,1,239,242,391,561,481,952,630,803,1433
218706,2,999,1,143,132,337,439,275,776,480,571,1051
218724,2,999,1,3935,4943,361,334,8878,695,4296,5277,9573
218733,2,999,1,940,1144,110,85,2084,195,1050,1229,2279
218742,2,999,1,1025,2168,184,418,3193,602,1209,2586,3795
218751,2,999,1,65,87,0,0,152,0,65,87,152
218821,2,999,1,425,491,42,55,916,97,467,546,1013
218830,2,999,1,839,944,991,1379,1783,2370,1830,2323,4153
218885,2,999,1,1566,1369,782,1001,2935,1783,2348,2370,4718
218919,2,999,1,162,204,25,22,366,47,187,226,413
218973,2,999,1,860,947,10,4,1807,14,870,951,1821
218991,2,999,1,740,802,767,991,1542,1758,1507,1793,3300
219037,2,999,1,0,44,0,1,44,1,0,45,45
219082,2,999,1,936,374,508,494,1310,1002,1444,868,2312
219125,2,999,1,1,44,2,4,45,6,3,48,51
219170,2,999,1,1,17,0,0,18,0,1,17,18
219189,2,999,1,565,209,133,114,774,247,698,323,1021
219198,2,999,1,304,283,164,237,587,401,468,520,988
219204,2,999,1,6,11,52,64,17,116,58,75,133
219259,2,999,1,458,599,619,1056,1057,1675,1077,1655,2732
219277,2,999,1,80,132,52,140,212,192,132,272,404
219338,2,999,1,2,10,0,0,12,0,2,10,12
219347,2,999,1,1330,394,258,136,1724,394,1588,530,2118
219426,2,999,1,641,434,280,509,1075,789,921,943,1864
219471,2,999,1,1856,3227,833,1522,5083,2355,2689,4749,7438
219480,2,999,1,196,147,238,362,343,600,434,509,943
219602,2,999,1,1662,2816,803,1193,4478,1996,2465,4009,6474
219639,2,999,1,24,211,22,237,235,259,46,448,494
219806,2,999,1,670,801,73,128,1471,201,743,929,1672
219824,2,999,1,976,1458,838,1460,2434,2298,1814,2918,4732
219833,2,999,1,544,594,115,122,1138,237,659,716,1375
219879,2,999,1,588,734,565,721,1322,1286,1153,1455,2608
219888,2,999,1,947,1327,666,1147,2274,1813,1613,2474,4087
219921,2,999,1,90,41,145,34,131,179,235,75,310
219994,2,999,1,272,142,261,78,414,339,533,220,753
220057,2,999,1,329,585,298,621,914,919,627,1206,1833
220075,2,999,1,3279,5139,561,920,8418,1481,3840,6059,9899
220127,2,999,1,179,99,70,3,278,73,249,102,351
220163,2,999,1,2,35,0,13,37,13,2,48,50
220215,2,999,1,646,739,214,313,1385,527,860,1052,1912
220251,2,999,1,93,40,237,164,133,401,330,204,534
220279,2,999,1,117,36,295,131,153,426,412,167,579
220321,2,999,1,141,108,251,331,249,582,392,439,831
220394,2,999,1,117,66,68,26,183,94,185,92,277
220400,2,999,1,377,723,472,1053,1100,1525,849,1776,2625
220473,2,999,1,282,341,21,19,623,40,303,360,663
220516,2,999,1,308,421,23,50,729,73,331,471,802
220598,2,999,1,494,394,25,28,888,53,519,422,941
220604,2,999,1,151,230,13,17,381,30,164,247,411
220701,2,999,1,308,421,53,91,729,144,361,512,873
220710,2,999,1,425,507,40,49,932,89,465,556,1021
220792,2,999,1,65,157,0,0,222,0,65,157,222
220862,2,999,1,4568,6436,1603,2514,11004,4117,6171,8950,15121
220978,2,999,1,5963,6900,1072,1442,12863,2514,7035,8342,15377
221050,2,999,1,274,109,249,44,383,293,523,153,676
221096,2,999,1,1078,1490,665,1216,2568,1881,1743,2706,4449
221148,2,999,1,825,65,0,0,890,0,825,65,890
221184,2,999,1,907,1221,820,1308,2128,2128,1727,2529,4256
221333,2,999,1,99,48,303,47,147,350,402,95,497
221397,2,999,1,746,1146,487,1062,1892,1549,1233,2208,3441
221430,2,999,1,130,33,752,368,163,1120,882,401,1283
221485,2,999,1,831,1215,1005,1476,2046,2481,1836,2691,4527
221494,2,999,1,235,37,133,20,272,153,368,57,425
221519,2,999,1,751,839,7,13,1590,20,758,852,1610
221582,2,999,1,69,24,227,69,93,296,296,93,389
221607,2,999,1,107,48,309,56,155,365,416,104,520
221625,2,999,1,343,157,273,142,500,415,616,299,915
221643,2,999,1,1850,1765,1318,1592,3615,2910,3168,3357,6525
221740,2,999,1,3558,5249,315,329,8807,644,3873,5578,9451
221759,2,999,1,12123,15123,695,705,27246,1400,12818,15828,28646
221768,2,999,1,1564,2513,586,1077,4077,1663,2150,3590,5740
221838,2,999,1,2237,4378,264,479,6615,743,2501,4857,7358
221847,2,999,1,4136,3417,393,386,7553,779,4529,3803,8332
221908,2,999,1,965,1190,673,749,2155,1422,1638,1939,3577
221999,2,999,1,4108,4977,66,121,9085,187,4174,5098,9272
222053,2,999,1,1240,1739,808,1383,2979,2191,2048,3122,5170
222062,2,999,1,876,1364,747,1530,2240,2277,1623,2894,4517
222178,2,999,1,1177,2104,126,189,3281,315,1303,2293,3596
222576,2,999,1,1077,1496,1382,2421,2573,3803,2459,3917,6376
222822,2,999,1,449,684,806,1284,1133,2090,1255,1968,3223
222831,2,999,1,1977,2831,1678,2402,4808,4080,3655,5233,8888
222877,2,999,1,123,76,1,0,199,1,124,76,200
222992,2,999,1,2815,3073,7603,10000,5888,17603,10418,13073,23491
223223,2,999,1,244,401,0,0,645,0,244,401,645
223232,2,999,1,6364,9659,158,262,16023,420,6522,9921,16443
223320,2,999,1,265,374,1013,1605,639,2618,1278,1979,3257
223506,2,999,1,310,372,1061,1171,682,2232,1371,1543,2914
223816,2,999,1,490,698,1654,2049,1188,3703,2144,2747,4891
223922,2,999,1,215,245,261,418,460,679,476,663,1139
224147,2,999,1,2298,3565,628,902,5863,1530,2926,4467,7393
224156,2,999,1,0,126,1,43,126,44,1,169,170
224323,2,999,1,662,828,51,61,1490,112,713,889,1602
224527,2,999,1,623,610,137,208,1233,345,760,818,1578
224554,2,999,1,1772,2652,558,848,4424,1406,2330,3500,5830
224615,2,999,1,5798,6670,15800,22324,12468,38124,21598,28994,50592
224642,2,999,1,2711,3322,6108,7971,6033,14079,8819,11293,20112
224891,2,999,1,219,306,456,517,525,973,675,823,1498
224961,2,999,1,221,294,307,555,515,862,528,849,1377
225247,2,999,1,627,749,42,49,1376,91,669,798,1467
225399,2,999,1,813,1322,178,312,2135,490,991,1634,2625
225414,2,999,1,977,1605,622,1074,2582,1696,1599,2679,4278
225432,2,999,1,1763,2685,1143,1824,4448,2967,2906,4509,7415
225511,2,999,1,12941,15235,4406,4058,28176,8464,17347,19293,36640
225548,2,999,1,360,283,42,44,643,86,402,327,729
225885,2,999,1,275,291,14,15,566,29,289,306,595
226116,2,999,1,205,318,638,826,523,1464,843,1144,1987
226134,2,999,1,827,1102,2718,3472,1929,6190,3545,4574,8119
226204,2,999,1,326,371,2277,2686,697,4963,2603,3057,5660
226277,2,999,1,803,63,0,0,866,0,803,63,866
226383,2,999,1,403,644,82,91,1047,173,485,735,1220
226408,2,999,1,421,535,1033,1370,956,2403,1454,1905,3359
226471,2,999,1,974,1863,78,108,2837,186,1052,1971,3023
226578,2,999,1,635,1068,1176,2208,1703,3384,1811,3276,5087
226587,2,999,1,491,391,80,78,882,158,571,469,1040
226675,2,999,1,20,178,0,0,198,0,20,178,198
227146,2,999,1,934,1068,1264,2002,2002,3266,2198,3070,5268
227182,2,999,1,7314,8446,16054,22510,15760,38564,23368,30956,54324
227216,2,999,1,12676,15297,2514,2915,27973,5429,15190,18212,33402
227331,2,999,1,355,653,18,54,1008,72,373,707,1080
227368,2,999,1,7176,11061,2337,2992,18237,5329,9513,14053,23566
227377,2,999,1,685,743,2209,3197,1428,5406,2894,3940,6834
227386,2,999,1,296,452,439,709,748,1148,735,1161,1896
227401,2,999,1,470,646,955,1539,1116,2494,1425,2185,3610
227526,2,999,1,2178,4753,308,542,6931,850,2486,5295,7781
227757,2,999,1,2895,2584,173,111,5479,284,3068,2695,5763
227845,2,999,1,944,1597,53,122,2541,175,997,1719,2716
227863,2,999,1,727,1123,168,95,1850,263,895,1218,2113
227881,2,999,1,4929,8718,968,1680,13647,2648,5897,10398,16295
227979,2,999,1,3555,4693,6854,9224,8248,16078,10409,13917,24326
228042,2,999,1,446,540,16,29,986,45,462,569,1031
228149,2,999,1,890,1362,44,43,2252,87,934,1405,2339
228158,2,999,1,1469,1658,1415,2072,3127,3487,2884,3730,6614
228194,2,999,1,160,231,7,9,391,16,167,240,407
228246,2,999,1,3830,4094,274,280,7924,554,4104,4374,8478
228282,2,999,1,3,10,0,0,13,0,3,10,13
228343,2,999,1,660,773,7,6,1433,13,667,779,1446
228431,2,999,1,2808,4722,657,1067,7530,1724,3465,5789,9254
228459,2,999,1,10312,16710,1861,2746,27022,4607,12173,19456,31629
228501,2,999,1,458,370,125,237,828,362,583,607,1190
228529,2,999,1,2976,5288,828,1229,8264,2057,3804,6517,10321
228547,2,999,1,2831,3236,10361,13573,6067,23934,13192,16809,30001
228635,2,999,1,236,396,8,18,632,26,244,414,658
228644,2,999,1,444,974,24,82,1418,106,468,1056,1524
228653,2,999,1,178,531,6,53,709,59,184,584,768
228699,2,999,1,294,426,930,1354,720,2284,1224,1780,3004
228705,2,999,1,2008,1886,382,425,3894,807,2390,2311,4701
228723,2,999,1,29438,26855,3833,2819,56293,6652,33271,29674,62945
228769,2,999,1,8770,10022,2245,3022,18792,5267,11015,13044,24059
228778,2,999,1,17595,24070,1234,1252,41665,2486,18829,25322,44151
228787,2,999,1,11127,9057,1825,1177,20184,3002,12952,10234,23186
228796,2,999,1,5498,7077,2094,2418,12575,4512,7592,9495,17087
228802,2,999,1,1585,2514,552,937,4099,1489,2137,3451,5588
228875,2,999,1,3944,6622,62,71,10566,133,4006,6693,10699
228909,2,999,1,276,654,13,31,930,44,289,685,974
229018,2,999,1,966,1283,412,580,2249,992,1378,1863,3241
229027,2,999,1,9271,11253,2944,2977,20524,5921,12215,14230,26445
229063,2,999,1,1884,3748,294,515,5632,809,2178,4263,6441
229115,2,999,1,15085,15067,1495,1345,30152,2840,16580,16412,32992
229179,2,999,1,498,5957,626,2121,6455,2747,1124,8078,9202
229267,2,999,1,1186,1376,22,26,2562,48,1208,1402,2610
229337,2,999,1,352,1479,9,71,1831,80,361,1550,1911
229355,2,999,1,1816,2568,2069,3420,4384,5489,3885,5988,9873
229504,2,999,1,198,282,417,687,480,1104,615,969,1584
229780,2,999,1,452,283,117,140,735,257,569,423,992
229799,2,999,1,519,812,1160,1795,1331,2955,1679,2607,4286
229814,2,999,1,2024,2880,399,588,4904,987,2423,3468,5891
229841,2,999,1,1026,1089,1052,1541,2115,2593,2078,2630,4708
229887,2,999,1,265,255,4,12,520,16,269,267,536
230038,2,999,1,12777,14690,1076,1409,27467,2485,13853,16099,29952
230047,2,999,1,728,1238,28,53,1966,81,756,1291,2047
230162,2,999,1,118,163,1520,798,281,2318,1638,961,2599
230171,2,999,1,2587,4048,1996,2417,6635,4413,4583,6465,11048
230214,2,999,1,5,64,22,104,69,126,27,168,195
230597,2,999,1,1560,1794,1031,1287,3354,2318,2591,3081,5672
230603,2,999,1,3041,4384,1116,1521,7425,2637,4157,5905,10062
230676,2,999,1,21,26,724,302,47,1026,745,328,1073
230728,2,999,1,7033,8739,2828,3850,15772,6678,9861,12589,22450
230746,2,999,1,2109,2323,6765,8460,4432,15225,8874,10783,19657
230764,2,999,1,10826,10633,1601,1489,21459,3090,12427,12122,24549
230782,2,999,1,4066,5489,6550,7756,9555,14306,10616,13245,23861
230807,2,999,1,335,541,20,15,876,35,355,556,911
230816,2,999,1,216,490,17,22,706,39,233,512,745
230834,2,999,1,673,720,96,134,1393,230,769,854,1623
230852,2,999,1,1132,668,89,60,1800,149,1221,728,1949
230861,2,999,1,206,402,878,1652,608,2530,1084,2054,3138
230913,2,999,1,366,479,84,170,845,254,450,649,1099
230959,2,999,1,1283,1464,7,12,2747,19,1290,1476,2766
231059,2,999,1,556,640,9,5,1196,14,565,645,1210
231095,2,999,1,25,39,6,3,64,9,31,42,73
231165,2,999,1,311,171,130,124,482,254,441,295,736
231174,2,999,1,4151,7437,197,290,11588,487,4348,7727,12075
231280,2,999,1,3,62,0,8,65,8,3,70,73
231411,2,999,1,230,17,0,0,247,0,230,17,247
231420,2,999,1,496,354,39,28,850,67,535,382,917
231536,2,999,1,422,527,730,1091,949,1821,1152,1618,2770
231581,2,999,1,670,732,2,3,1402,5,672,735,1407
231624,2,999,1,3071,4306,64,83,7377,147,3135,4389,7524
231688,2,999,1,1,11,1,4,12,5,2,15,17
231697,2,999,1,391,536,764,960,927,1724,1155,1496,2651
231712,2,999,1,2025,2364,56,50,4389,106,2081,2414,4495
231785,2,999,1,155,174,12,130,329,142,167,304,471
231873,2,999,1,121,117,239,336,238,575,360,453,813
231882,2,999,1,352,358,448,628,710,1076,800,986,1786
232025,2,999,1,556,647,11,10,1203,21,567,657,1224
232043,2,999,1,311,459,45,55,770,100,356,514,870
232052,2,999,1,52,90,195,203,142,398,247,293,540
232089,2,999,1,453,292,37,38,745,75,490,330,820
232186,2,999,1,10758,10788,2022,1847,21546,3869,12780,12635,25415
232195,2,999,1,804,1033,1571,2608,1837,4179,2375,3641,6016
232308,2,999,1,1,677,0,3,678,3,1,680,681
232414,2,999,1,882,1044,1363,1846,1926,3209,2245,2890,5135
232450,2,999,1,799,891,2233,3017,1690,5250,3032,3908,6940
232557,2,999,1,9434,13904,2134,3183,23338,5317,11568,17087,28655
232566,2,999,1,895,2086,113,174,2981,287,1008,2260,3268
232575,2,999,1,712,876,1225,1927,1588,3152,1937,2803,4740
232609,2,999,1,611,1040,28,66,1651,94,639,1106,1745
232706,2,999,1,557,1116,413,205,1673,618,970,1321,2291
232788,2,999,1,279,369,309,499,648,808,588,868,1456
232867,2,999,1,665,548,1068,1038,1213,2106,1733,1586,3319
232946,2,999,1,6083,5349,14764,15421,11432,30185,20847,20770,41617
232982,2,999,1,5638,6901,934,1100,12539,2034,6572,8001,14573
233019,2,999,1,434,493,267,326,927,593,701,819,1520
233037,2,999,1,113,132,250,440,245,690,363,572,935
233116,2,999,1,377,454,1325,1673,831,2998,1702,2127,3829
233277,2,999,1,2026,3545,133,242,5571,375,2159,3787,5946
233286,2,999,1,10,56,1,6,66,7,11,62,73
233295,2,999,1,648,790,22,15,1438,37,670,805,1475
233310,2,999,1,228,343,588,970,571,1558,816,1313,2129
233338,2,999,1,304,371,539,750,675,1289,843,1121,1964
233374,2,999,1,1463,1742,30,31,3205,61,1493,1773,3266
233426,2,999,1,787,941,22,21,1728,43,809,962,1771
233541,2,999,1,914,1403,95,374,2317,469,1009,1777,2786
233611,2,999,1,442,453,12,12,895,24,454,465,919
233639,2,999,1,253,536,574,954,789,1528,827,1490,2317
233648,2,999,1,356,428,317,524,784,841,673,952,1625
233666,2,999,1,0,12,0,5,12,5,0,17,17
233718,2,999,1,0,447,0,3,447,3,0,450,450
233754,2,999,1,660,722,1222,1697,1382,2919,1882,2419,4301
233772,2,999,1,1520,2013,3233,4050,3533,7283,4753,6063,10816
233903,2,999,1,253,328,369,583,581,952,622,911,1533
233921,2,999,1,17640,13693,599,363,31333,962,18239,14056,32295
233949,2,999,1,631,713,1410,1787,1344,3197,2041,2500,4541
234030,2,999,1,6607,12524,791,1151,19131,1942,7398,13675,21073
234076,2,999,1,7979,10482,277,281,18461,558,8256,10763,19019
234119,2,999,1,13,20,5,10,33,15,18,30,48
234155,2,999,1,1582,2327,56,72,3909,128,1638,2399,4037
234207,2,999,1,972,1057,3,3,2029,6,975,1060,2035
234377,2,999,1,214,391,455,604,605,1059,669,995,1664
234669,2,999,1,2151,2265,1456,1734,4416,3190,3607,3999,7606
234696,2,999,1,358,205,103,162,563,265,461,367,828
234711,2,999,1,439,550,114,149,989,263,553,699,1252
234827,2,999,1,3096,3386,313,337,6482,650,3409,3723,7132
234845,2,999,1,384,554,199,236,938,435,583,790,1373
234924,2,999,1,22,160,0,0,182,0,22,160,182
234933,2,999,1,1136,1588,761,1065,2724,1826,1897,2653,4550
234951,2,999,1,369,458,134,247,827,381,503,705,1208
234979,2,999,1,1176,1541,666,777,2717,1443,1842,2318,4160
235024,2,999,1,135,246,8,20,381,28,143,266,409
235097,2,999,1,2577,3753,334,405,6330,739,2911,4158,7069
235103,2,999,1,972,952,711,769,1924,1480,1683,1721,3404
235149,2,999,1,1097,1275,791,1067,2372,1858,1888,2342,4230
235237,2,999,1,1326,2144,592,862,3470,1454,1918,3006,4924
235307,2,999,1,1,58,0,0,59,0,1,58,59
235316,2,999,1,2464,2998,53,44,5462,97,2517,3042,5559
235334,2,999,1,303,351,86,159,654,245,389,510,899
235343,2,999,1,1492,1585,746,855,3077,1601,2238,2440,4678
235431,2,999,1,818,1179,492,682,1997,1174,1310,1861,3171
235547,2,999,1,13,109,1,5,122,6,14,114,128
235671,2,999,1,884,258,179,157,1142,336,1063,415,1478
235699,2,999,1,542,376,244,261,918,505,786,637,1423
235750,2,999,1,320,574,218,364,894,582,538,938,1476
236072,2,999,1,454,451,400,513,905,913,854,964,1818
236188,2,999,1,796,1104,464,488,1900,952,1260,1592,2852
236258,2,999,1,181,323,91,139,504,230,272,462,734
236328,2,999,1,731,1029,15,16,1760,31,746,1045,1791
236382,2,999,1,279,195,414,149,474,563,693,344,1037
236452,2,999,1,389,672,21,37,1061,58,410,709,1119
236504,2,999,1,571,423,960,281,994,1241,1531,704,2235
236513,2,999,1,815,972,436,572,1787,1008,1251,1544,2795
236577,2,999,1,714,1582,50,81,2296,131,764,1663,2427
236595,2,999,1,1544,2615,145,202,4159,347,1689,2817,4506
236610,2,999,1,708,636,515,675,1344,1190,1223,1311,2534
236638,2,999,1,616,737,357,395,1353,752,973,1132,2105
236656,2,999,1,713,980,332,520,1693,852,1045,1500,2545
236692,2,999,1,840,1038,519,607,1878,1126,1359,1645,3004
236708,2,999,1,819,1056,288,395,1875,683,1107,1451,2558
236753,2,999,1,948,1258,409,723,2206,1132,1357,1981,3338
236887,2,999,1,457,507,161,241,964,402,618,748,1366
236896,2,999,1,582,558,56,50,1140,106,638,608,1246
236939,2,999,1,8729,10062,761,864,18791,1625,9490,10926,20416
236975,2,999,1,531,826,170,294,1357,464,701,1120,1821
237011,2,999,1,4805,6920,675,657,11725,1332,5480,7577,13057
237039,2,999,1,621,672,479,602,1293,1081,1100,1274,2374
237057,2,999,1,625,813,18,16,1438,34,643,829,1472
237066,2,999,1,835,1170,32,47,2005,79,867,1217,2084
237109,2,999,1,520,1089,187,488,1609,675,707,1577,2284
237118,2,999,1,387,237,9,30,624,39,396,267,663
237181,2,999,1,332,258,8,8,590,16,340,266,606
237303,2,999,1,14,21,0,0,35,0,14,21,35
237312,2,999,1,476,510,67,107,986,174,543,617,1160
237321,2,999,1,1,32,0,0,33,0,1,32,33
237330,2,999,1,510,642,70,93,1152,163,580,735,1315
237358,2,999,1,251,337,3,6,588,9,254,343,597
237367,2,999,1,1024,1191,240,430,2215,670,1264,1621,2885
237385,2,999,1,440,483,157,264,923,421,597,747,1344
237525,2,999,1,2738,3850,522,824,6588,1346,3260,4674,7934
237686,2,999,1,286,433,323,598,719,921,609,1031,1640
237701,2,999,1,378,440,73,152,818,225,451,592,1043
237792,2,999,1,771,1194,110,212,1965,322,881,1406,2287
237817,2,999,1,230,499,99,211,729,310,329,710,1039
237899,2,999,1,534,621,895,1344,1155,2239,1429,1965,3394
237950,2,999,1,545,367,177,296,912,473,722,663,1385
237969,2,999,1,432,461,7,5,893,12,439,466,905
238014,2,999,1,182,221,157,357,403,514,339,578,917
238032,2,999,1,9024,10063,620,824,19087,1444,9644,10887,20531
238175,2,999,1,1,87,0,0,88,0,1,87,88
238193,2,999,1,11,600,8,80,611,88,19,680,699
238263,2,999,1,1297,1189,3135,3523,2486,6658,4432,4712,9144
238397,2,999,1,170,193,286,464,363,750,456,657,1113
238430,2,999,1,145,235,85,184,380,269,230,419,649
238458,2,999,1,875,1945,66,93,2820,159,941,2038,2979
238722,2,999,1,801,630,3544,2915,1431,6459,4345,3545,7890
238759,2,999,1,409,377,3574,3303,786,6877,3983,3680,7663
239008,2,999,1,157,124,1021,786,281,1807,1178,910,2088
239017,2,999,1,641,755,10,10,1396,20,651,765,1416
239071,2,999,1,194,281,87,124,475,211,281,405,686
239105,2,999,1,3578,4941,249,263,8519,512,3827,5204,9031
239169,2,999,1,180,335,2,5,515,7,182,340,522
239248,2,999,1,1147,1051,1649,2404,2198,4053,2796,3455,6251
239309,2,999,1,176,675,4,5,851,9,180,680,860
239318,2,999,1,1713,653,38,12,2366,50,1751,665,2416
239372,2,999,1,294,291,575,780,585,1355,869,1071,1940
239442,2,999,1,54,81,252,402,135,654,306,483,789
239488,2,999,1,935,787,2804,3256,1722,6060,3739,4043,7782
239512,2,999,1,234,259,4,7,493,11,238,266,504
239716,2,999,1,771,1005,19,11,1776,30,790,1016,1806
239877,2,999,1,0,23,0,1,23,1,0,24,24
240107,2,999,1,304,867,23,99,1171,122,327,966,1293
240170,2,999,1,698,548,492,772,1246,1264,1190,1320,2510
240189,2,999,1,4106,3771,377,525,7877,902,4483,4296,8779
240198,2,999,1,290,294,476,568,584,1044,766,862,1628
240268,2,999,1,3330,5091,271,460,8421,731,3601,5551,9152
240277,2,999,1,1640,2792,876,2282,4432,3158,2516,5074,7590
240329,2,999,1,3715,5193,296,315,8908,611,4011,5508,9519
240338,2,999,1,432,522,16,15,954,31,448,537,985
240365,2,999,1,2589,3772,2049,3372,6361,5421,4638,7144,11782
240374,2,999,1,961,1224,222,330,2185,552,1183,1554,2737
240417,2,999,1,2855,2099,360,309,4954,669,3215,2408,5623
240426,2,999,1,553,786,109,214,1339,323,662,1000,1662
240444,2,999,1,17188,20140,1153,990,37328,2143,18341,21130,39471
240453,2,999,1,6327,8079,986,1328,14406,2314,7313,9407,16720
240462,2,999,1,3227,1965,285,161,5192,446,3512,2126,5638
240471,2,999,1,1322,2603,258,417,3925,675,1580,3020,4600
240480,2,999,1,2626,3470,284,542,6096,826,2910,4012,6922
240505,2,999,1,477,648,606,609,1125,1215,1083,1257,2340
240514,2,999,1,210,289,396,447,499,843,606,736,1342
240596,2,999,1,150,266,386,458,416,844,536,724,1260
240620,2,999,1,437,624,745,1040,1061,1785,1182,1664,2846
240657,2,999,1,271,295,249,289,566,538,520,584,1104
240666,2,999,1,433,583,918,912,1016,1830,1351,1495,2846
240727,2,999,1,3353,3753,304,438,7106,742,3657,4191,7848
240745,2,999,1,221,336,255,304,557,559,476,640,1116
240790,2,999,1,310,493,103,152,803,255,413,645,1058
241182,2,999,1,41,168,0,0,209,0,41,168,209
241191,2,999,1,201,354,29,38,555,67,230,392,622
241225,2,999,1,115,268,38,70,383,108,153,338,491
241331,2,999,1,144,872,13,94,1016,107,157,966,1123
241377,2,999,1,143,193,10,16,336,26,153,209,362
241386,2,999,1,9,33,2,3,42,5,11,36,47
241395,2,999,1,76,148,10,21,224,31,86,169,255
241410,2,999,1,1238,2398,136,259,3636,395,1374,2657,4031
241720,2,999,1,88,172,34,33,260,67,122,205,327
241739,2,999,1,797,1711,256,493,2508,749,1053,2204,3257
241766,2,999,1,104,54,53,21,158,74,157,75,232
241836,2,999,1,91,112,38,112,203,150,129,224,353
241906,2,999,1,68,145,0,0,213,0,68,145,213
241951,2,999,1,78,260,22,65,338,87,100,325,425
242112,2,999,1,77,116,8,19,193,27,85,135,220
242130,2,999,1,58,110,17,26,168,43,75,136,211
242149,2,999,1,42,95,9,22,137,31,51,117,168
242556,2,999,1,148,73,4,1,221,5,152,74,226
242617,2,999,1,1022,1242,128,160,2264,288,1150,1402,2552
242626,2,999,1,814,1295,137,185,2109,322,951,1480,2431
242635,2,999,1,663,1050,93,153,1713,246,756,1203,1959
242644,2,999,1,243,446,39,91,689,130,282,537,819
242653,2,999,1,952,1546,206,263,2498,469,1158,1809,2967
242662,2,999,1,680,1095,132,222,1775,354,812,1317,2129
242680,2,999,1,312,534,48,73,846,121,360,607,967
242699,2,999,1,274,591,32,83,865,115,306,674,980
242705,2,999,1,1572,1306,242,177,2878,419,1814,1483,3297
242723,2,999,1,37,84,16,34,121,50,53,118,171
243106,2,999,1,783,963,73,97,1746,170,856,1060,1916
243142,2,999,1,618,1104,187,275,1722,462,805,1379,2184
243179,2,999,1,771,1556,75,149,2327,224,846,1705,2551
243188,2,999,1,141,134,12,15,275,27,153,149,302
243203,2,999,1,255,590,2,26,845,28,257,616,873
243212,2,999,1,906,1065,45,73,1971,118,951,1138,2089
243221,2,999,1,2641,4637,299,441,7278,740,2940,5078,8018
243346,2,999,1,1002,1612,347,560,2614,907,1349,2172,3521
243443,2,999,1,1017,1779,177,299,2796,476,1194,2078,3272
243577,2,999,1,1061,488,1005,339,1549,1344,2066,827,2893
243586,2,999,1,172,315,20,43,487,63,192,358,550
243601,2,999,1,1951,3164,614,723,5115,1337,2565,3887,6452
243638,2,999,1,476,696,220,285,1172,505,696,981,1677
243647,2,999,1,115,115,51,58,230,109,166,173,339
243744,2,999,1,5127,5244,281,194,10371,475,5408,5438,10846
243780,2,999,1,22387,16744,1560,987,39131,2547,23947,17731,41678
243832,2,999,1,45,146,52,84,191,136,97,230,327
243841,2,999,1,33,103,9,28,136,37,42,131,173
244437,2,999,1,2178,2883,2625,3796,5061,6421,4803,6679,11482
244446,2,999,1,179,166,521,846,345,1367,700,1012,1712
245281,2,999,1,11,11,0,0,22,0,11,11,22
245625,2,999,1,234,324,1159,1348,558,2507,1393,1672,3065
246789,2,999,1,0,0,0,1,0,1,0,1,1
246813,2,999,1,249,288,780,1485,537,2265,1029,1773,2802
246895,2,999,1,50,108,72,72,158,144,122,180,302
247603,2,999,1,683,502,320,232,1185,552,1003,734,1737
247834,2,999,1,5117,4612,8214,10597,9729,18811,13331,15209,28540
247940,2,999,1,566,686,1054,1217,1252,2271,1620,1903,3523
248925,2,999,1,259,130,279,72,389,351,538,202,740
248934,2,999,1,1242,2191,37,52,3433,89,1279,2243,3522
249238,2,999,1,2,143,4,45,145,49,6,188,194
251260,2,999,1,1087,1011,625,891,2098,1516,1712,1902,3614
260813,2,999,1,11,56,0,0,67,0,11,56,67
260929,2,999,1,7,120,0,0,127,0,7,120,127
262031,2,999,1,1319,1586,728,1040,2905,1768,2047,2626,4673
262086,2,999,1,102,165,229,557,267,786,331,722,1053
262129,2,999,1,195,440,1,2,635,3,196,442,638
262341,2,999,1,427,64,0,0,491,0,427,64,491
363165,2,999,1,179,133,675,602,312,1277,854,735,1589
363633,2,999,1,96,109,132,153,205,285,228,262,490
363907,2,999,1,110,53,16,8,163,24,126,61,187
363916,2,999,1,22,48,3,10,70,13,25,58,83
364016,2,999,1,720,645,1112,1322,1365,2434,1832,1967,3799
364025,2,999,1,1600,1484,3993,4440,3084,8433,5593,5924,11517
364636,2,999,1,27,60,0,22,87,22,27,82,109
365198,2,999,1,0,19,248,218,19,466,248,237,485
365480,2,999,1,14,52,387,261,66,648,401,313,714
366003,2,999,1,10,12,23,23,22,46,33,35,68
366252,2,999,1,2293,903,143,231,3196,374,2436,1134,3570
366395,2,999,1,4118,4182,3829,4766,8300,8595,7947,8948,16895
366401,2,999,1,1033,926,1457,1360,1959,2817,2490,2286,4776
366465,2,999,1,237,304,327,600,541,927,564,904,1468
366623,2,999,1,7,15,115,113,22,228,122,128,250
366632,2,999,1,0,1,0,0,1,0,0,1,1
366711,2,999,1,3845,6059,726,1002,9904,1728,4571,7061,11632
367334,2,999,1,21,1,6,1,22,7,27,2,29
367459,2,999,1,718,903,1854,2671,1621,4525,2572,3574,6146
367954,2,999,1,193,878,3,13,1071,16,196,891,1087
368230,2,999,1,0,32,0,6,32,6,0,38,38
368911,2,999,1,58,124,350,794,182,1144,408,918,1326
372356,2,999,1,4,131,0,0,135,0,4,131,135
374574,2,999,1,67,258,14,64,325,78,81,322,403
375106,2,999,1,16,3,1,0,19,1,17,3,20
375407,2,999,1,8,34,0,3,42,3,8,37,45
375416,2,999,1,13,59,0,0,72,0,13,59,72
375726,2,999,1,129,72,56,38,201,94,185,110,295
375984,2,999,1,2,85,0,20,87,20,2,105,107
376288,2,999,1,15,42,0,0,57,0,15,42,57
376385,2,999,1,39,51,0,0,90,0,39,51,90
376446,2,999,1,0,7,0,17,7,17,0,24,24
376631,2,999,1,2,10,0,2,12,2,2,12,14
377218,2,999,1,82,1,0,0,83,0,82,1,83
377643,2,999,1,2,60,0,0,62,0,2,60,62
377722,2,999,1,8,246,0,0,254,0,8,246,254
379621,2,999,1,2,18,0,2,20,2,2,20,22
380359,2,999,1,21,46,26,89,67,115,47,135,182
382258,2,999,1,1,31,7,41,32,48,8,72,80
383190,2,999,1,252,223,384,592,475,976,636,815,1451
383765,2,999,1,4,58,0,25,62,25,4,83,87
383996,2,999,1,36,77,145,206,113,351,181,283,464
384254,2,999,1,279,146,28,15,425,43,307,161,468
384333,2,999,1,873,1260,2248,3357,2133,5605,3121,4617,7738
384342,2,999,1,704,694,1009,1303,1398,2312,1713,1997,3710
385415,2,999,1,123,218,4,10,341,14,127,228,355
395362,2,999,1,82,158,209,310,240,519,291,468,759
399212,2,999,1,1013,1014,2834,2044,2027,4878,3847,3058,6905
399911,2,999,1,157,290,0,0,447,0,157,290,447
400187,2,999,1,16,105,4,56,121,60,20,161,181
401764,2,999,1,0,44,4,73,44,77,4,117,121
403469,2,999,1,97,94,283,274,191,557,380,368,748
403478,2,999,1,159,132,97,135,291,232,256,267,523
403487,2,999,1,187,204,147,190,391,337,334,394,728
404222,2,999,1,25,37,0,0,62,0,25,37,62
404426,2,999,1,378,339,478,607,717,1085,856,946,1802
404684,2,999,1,78,176,0,0,254,0,78,176,254
405872,2,999,1,405,376,614,981,781,1595,1019,1357,2376
407179,2,999,1,1,40,0,20,41,20,1,60,61
407461,2,999,1,24,9,0,0,33,0,24,9,33
407470,2,999,1,2,63,0,9,65,9,2,72,74
407735,2,999,1,1,51,0,0,52,0,1,51,52
407832,2,999,1,37,18,34,30,55,64,71,48,119
408066,2,999,1,22,69,6,34,91,40,28,103,131
408844,2,999,1,278,386,69,214,664,283,347,600,947
409254,2,999,1,0,9,2,34,9,36,2,43,45
409591,2,999,1,5,23,4,19,28,23,9,42,51
409698,2,999,1,1759,2979,211,181,4738,392,1970,3160,5130
412544,2,999,1,1,55,0,24,56,24,1,79,80
413617,2,999,1,8,13,19,60,21,79,27,73,100
414878,2,999,1,515,175,677,244,690,921,1192,419,1611
414911,2,999,1,243,252,517,932,495,1449,760,1184,1944
414966,2,999,1,1,1,1,0,2,1,2,1,3
415039,2,999,1,3,24,0,8,27,8,3,32,35
416801,2,999,1,22,123,2,12,145,14,24,135,159
417008,2,999,1,2,85,0,0,87,0,2,85,87
417655,2,999,1,1,12,0,0,13,0,1,12,13
417716,2,999,1,2,49,0,0,51,0,2,49,51
417734,2,999,1,3,18,8,32,21,40,11,50,61
417752,2,999,1,4,10,1,1,14,2,5,11,16
417840,2,999,1,11,109,0,0,120,0,11,109,120
417886,2,999,1,1,8,0,0,9,0,1,8,9
417910,2,999,1,15,56,0,0,71,0,15,56,71
418029,2,999,1,3,12,0,0,15,0,3,12,15
418065,2,999,1,16,94,4,11,110,15,20,105,125
418083,2,999,1,3,8,0,0,11,0,3,8,11
418481,2,999,1,0,21,0,0,21,0,0,21,21
418533,2,999,1,15,108,7,6,123,13,22,114,136
418588,2,999,1,1,21,0,0,22,0,1,21,22
419031,2,999,1,1,14,0,0,15,0,1,14,15
420042,2,999,1,1,0,0,0,1,0,1,0,1
420130,2,999,1,4,79,0,0,83,0,4,79,83
420246,2,999,1,8,60,0,3,68,3,8,63,71
420343,2,999,1,606,16,105,8,622,113,711,24,735
420431,2,999,1,47,100,377,523,147,900,424,623,1047
420440,2,999,1,166,210,311,525,376,836,477,735,1212
420538,2,999,1,161,197,230,305,358,535,391,502,893
420556,2,999,1,99,127,210,414,226,624,309,541,850
421610,2,999,1,4,94,0,4,98,4,4,98,102
421717,2,999,1,2,1,4,4,3,8,6,5,11
423643,2,999,1,291,814,1,5,1105,6,292,819,1111
423652,2,999,1,24,65,40,104,89,144,64,169,233
426314,2,999,1,564,236,1059,300,800,1359,1623,536,2159
428055,2,999,1,29,61,0,0,90,0,29,61,90
430227,2,999,1,0,33,0,8,33,8,0,41,41
430403,2,999,1,4,48,0,0,52,0,4,48,52
430564,2,999,1,3,7,1,3,10,4,4,10,14
430971,2,999,1,0,10,0,0,10,0,0,10,10
431275,2,999,1,2,1,1,7,3,8,3,8,11
431284,2,999,1,0,32,0,3,32,3,0,35,35
433040,2,999,1,1,12,0,0,13,0,1,12,13
433101,2,999,1,41,270,12,78,311,90,53,348,401
433387,2,999,1,6765,10150,0,0,16915,0,6765,10150,16915
433420,2,999,1,148,30,0,0,178,0,148,30,178
433660,2,999,1,4692,6409,1312,1627,11101,2939,6004,8036,14040
434061,2,999,1,1076,1116,589,1003,2192,1592,1665,2119,3784
434159,2,999,1,170,33,0,0,203,0,170,33,203
434469,2,999,1,40,90,0,0,130,0,40,90,130
434584,2,999,1,13,20,18,23,33,41,31,43,74
434672,2,999,1,1662,1607,2314,3808,3269,6122,3976,5415,9391
435000,2,999,1,162,352,0,20,514,20,162,372,534
436553,2,999,1,102,467,0,0,569,0,102,467,569
436818,2,999,1,275,372,24,21,647,45,299,393,692
436827,2,999,1,244,184,13,7,428,20,257,191,448
436836,2,999,1,1022,967,86,65,1989,151,1108,1032,2140
437103,2,999,1,1061,1456,1292,2050,2517,3342,2353,3506,5859
438586,2,999,1,35,91,19,24,126,43,54,115,169
438708,2,999,1,20,56,43,146,76,189,63,202,265
439190,2,999,1,488,473,283,336,961,619,771,809,1580
439367,2,999,1,66,232,0,0,298,0,66,232,298
439844,2,999,1,0,47,0,0,47,0,0,47,47
440031,2,999,1,87,248,1,4,335,5,88,252,340
440101,2,999,1,0,29,2,30,29,32,2,59,61
440271,2,999,1,21,43,0,0,64,0,21,43,64
440749,2,999,1,0,0,11,5,0,16,11,5,16
440828,2,999,1,268,279,158,151,547,309,426,430,856
441131,2,999,1,5,11,0,1,16,1,5,12,17
441371,2,999,1,24,1031,0,0,1055,0,24,1031,1055
441690,2,999,1,5,2,3,1,7,4,8,3,11
441760,2,999,1,540,447,1259,1469,987,2728,1799,1916,3715
441900,2,999,1,338,1206,1228,2449,1544,3677,1566,3655,5221
441937,2,999,1,1118,2463,280,439,3581,719,1398,2902,4300
442073,2,999,1,80,220,9,56,300,65,89,276,365
442240,2,999,1,23,132,14,59,155,73,37,191,228
442329,2,999,1,612,60,0,0,672,0,612,60,672
442356,2,999,1,32,309,47,359,341,406,79,668,747
442523,2,999,1,24,42,0,1,66,1,24,43,67
442930,2,999,1,174,167,13,13,341,26,187,180,367
443049,2,999,1,12,11,9,5,23,14,21,16,37
443058,2,999,1,0,0,2,1,0,3,2,1,3
443100,2,999,1,13,6,0,0,19,0,13,6,19
443331,2,999,1,150,624,38,154,774,192,188,778,966
443641,2,999,1,3,34,1,51,37,52,4,85,89
444219,2,999,1,850,853,1921,2282,1703,4203,2771,3135,5906
444282,2,999,1,1,24,0,17,25,17,1,41,42
444291,2,999,1,1,52,1,20,53,21,2,72,74
444307,2,999,1,1,22,0,9,23,9,1,31,32
444468,2,999,1,1,21,0,1,22,1,1,22,23
444486,2,999,1,2,146,1,13,148,14,3,159,162
444556,2,999,1,139,158,0,0,297,0,139,158,297
444565,2,999,1,59,84,19,20,143,39,78,104,182
444583,2,999,1,129,169,0,0,298,0,129,169,298
444671,2,999,1,43,59,0,0,102,0,43,59,102
444787,2,999,1,29,192,24,181,221,205,53,373,426
445027,2,999,1,466,924,38,98,1390,136,504,1022,1526
445133,2,999,1,6,11,2,6,17,8,8,17,25
445188,2,999,1,4120,4012,72,55,8132,127,4192,4067,8259
445212,2,999,1,13,54,9,39,67,48,22,93,115
445267,2,999,1,126,387,533,907,513,1440,659,1294,1953
445498,2,999,1,5,0,0,0,5,0,5,0,5
445708,2,999,1,352,713,12,21,1065,33,364,734,1098
445911,2,999,1,215,215,54,55,430,109,269,270,539
445948,2,999,1,120,770,0,0,890,0,120,770,890
446206,2,999,1,1,33,0,5,34,5,1,38,39
446233,2,999,1,72,53,5,6,125,11,77,59,136
446288,2,999,1,0,34,0,19,34,19,0,53,53
446774,2,999,1,228,319,474,588,547,1062,702,907,1609
447148,2,999,1,1,93,0,38,94,38,1,131,132
447166,2,999,1,3,26,1,11,29,12,4,37,41
447175,2,999,1,1,24,1,14,25,15,2,38,40
447582,2,999,1,139,211,114,210,350,324,253,421,674
447689,2,999,1,2616,3627,1155,1609,6243,2764,3771,5236,9007
447698,2,999,1,1,3,0,1,4,1,1,4,5
447759,2,999,1,16,83,1,4,99,5,17,87,104
447999,2,999,1,8,37,0,0,45,0,8,37,45
448026,2,999,1,4,68,0,21,72,21,4,89,93
448196,2,999,1,4,32,0,1,36,1,4,33,37
448220,2,999,1,3,101,0,0,104,0,3,101,104
448248,2,999,1,25,304,1334,965,329,2299,1359,1269,2628
448594,2,999,1,389,584,717,1185,973,1902,1106,1769,2875
448673,2,999,1,17,201,20,210,218,230,37,411,448
448798,2,999,1,1,54,0,0,55,0,1,54,55
449320,2,999,1,456,11,141,4,467,145,597,15,612
449357,2,999,1,2,14,0,0,16,0,2,14,16
449384,2,999,1,135,92,23,22,227,45,158,114,272
449472,2,999,1,1,51,0,0,52,0,1,51,52
449481,2,999,1,0,2,0,0,2,0,0,2,2
449889,2,999,1,96,464,0,0,560,0,96,464,560
449922,2,999,1,22,34,0,4,56,4,22,38,60
449959,2,999,1,7,41,6,31,48,37,13,72,85
449968,2,999,1,15,108,6,35,123,41,21,143,164
449977,2,999,1,2,118,1,25,120,26,3,143,146
449986,2,999,1,22,76,19,23,98,42,41,99,140
449995,2,999,1,2,45,1,28,47,29,3,73,76
450571,2,999,1,8,55,5,39,63,44,13,94,107
450599,2,999,1,1,38,0,0,39,0,1,38,39
450605,2,999,1,3,18,1,9,21,10,4,27,31
450614,2,999,1,2,47,0,15,49,15,2,62,64
450641,2,999,1,10,112,0,42,122,42,10,154,164
450720,2,999,1,5,234,2,278,239,280,7,512,519
450933,2,999,1,372,398,133,97,770,230,505,495,1000
451079,2,999,1,0,2,0,0,2,0,0,2,2
451121,2,999,1,3,27,1,32,30,33,4,59,63
451510,2,999,1,109,249,4,5,358,9,113,254,367
451565,2,999,1,5,108,4,2,113,6,9,110,119
451583,2,999,1,83,23,419,170,106,589,502,193,695
451714,2,999,1,6,88,26,28,94,54,32,116,148
451750,2,999,1,178,240,15,108,418,123,193,348,541
451857,2,999,1,2,20,0,0,22,0,2,20,22
451918,2,999,1,7,71,0,0,78,0,7,71,78
452009,2,999,1,2,41,0,0,43,0,2,41,43
453297,2,999,1,0,0,11,13,0,24,11,13,24
454227,2,999,1,83,589,178,1320,672,1498,261,1909,2170
454236,2,999,1,7,72,14,110,79,124,21,182,203
454245,2,999,1,15,95,35,177,110,212,50,272,322
454652,2,999,1,2,115,0,0,117,0,2,115,117
454698,2,999,1,56,166,0,0,222,0,56,166,222
454768,2,999,1,9,63,4,34,72,38,13,97,110
454777,2,999,1,8,53,2,26,61,28,10,79,89
454810,2,999,1,512,1398,0,0,1910,0,512,1398,1910
454926,2,999,1,6,152,0,25,158,25,6,177,183
454944,2,999,1,10,188,0,0,198,0,10,188,198
455026,2,999,1,0,0,58,3,0,61,58,3,61
455080,2,999,1,10,163,0,0,173,0,10,163,173
455114,2,999,1,869,761,2639,3396,1630,6035,3508,4157,7665
455196,2,999,1,60,509,0,0,569,0,60,509,569
455284,2,999,1,4,122,2,39,126,41,6,161,167
455406,2,999,1,46,59,0,0,105,0,46,59,105
455512,2,999,1,214,309,718,1045,523,1763,932,1354,2286
455831,2,999,1,6,29,0,0,35,0,6,29,35
455868,2,999,1,17,125,0,0,142,0,17,125,142
455901,2,999,1,4,58,4,66,62,70,8,124,132
456029,2,999,1,2,107,0,43,109,43,2,150,152
456065,2,999,1,1,94,0,1,95,1,1,95,96
456074,2,999,1,5,105,0,0,110,0,5,105,110
456135,2,999,1,0,39,0,12,39,12,0,51,51
456481,2,999,1,0,0,5,1,0,6,5,1,6
456542,2,999,1,91,137,9,38,228,47,100,175,275
456825,2,999,1,3,87,4,24,90,28,7,111,118
456959,2,999,1,108,465,9,17,573,26,117,482,599
457031,2,999,1,0,36,0,19,36,19,0,55,55
457129,2,999,1,2,72,21,159,74,180,23,231,254
457253,2,999,1,1,10,1,38,11,39,2,48,50
457299,2,999,1,14,40,5,11,54,16,19,51,70
457323,2,999,1,22,240,0,0,262,0,22,240,262
457475,2,999,1,2,100,0,0,102,0,2,100,102
457493,2,999,1,3,32,0,0,35,0,3,32,35
457527,2,999,1,0,4,3,24,4,27,3,28,31
457545,2,999,1,1,60,1,10,61,11,2,70,72
457633,2,999,1,1,51,3,55,52,58,4,106,110
457679,2,999,1,1,16,0,0,17,0,1,16,17
457855,2,999,1,2,35,1,9,37,10,3,44,47
458140,2,999,1,13,2,0,0,15,0,13,2,15
458210,2,999,1,186,710,44,170,896,214,230,880,1110
458229,2,999,1,142,544,27,105,686,132,169,649,818
458274,2,999,1,5,111,0,23,116,23,5,134,139
458803,2,999,1,1,64,0,24,65,24,1,88,89
458812,2,999,1,1,46,0,8,47,8,1,54,55
458821,2,999,1,2,45,0,0,47,0,2,45,47
458830,2,999,1,0,79,0,21,79,21,0,100,100
458858,2,999,1,2,77,2,37,79,39,4,114,118
458867,2,999,1,1,85,1,29,86,30,2,114,116
459019,2,999,1,1,55,1,8,56,9,2,63,65
459046,2,999,1,1,24,0,7,25,7,1,31,32
459055,2,999,1,0,11,0,9,11,9,0,20,20
459064,2,999,1,1,32,1,9,33,10,2,41,43
459116,2,999,1,4,62,0,0,66,0,4,62,66
459170,2,999,1,12,82,2,72,94,74,14,154,168
459198,2,999,1,32,120,2,49,152,51,34,169,203
459231,2,999,1,9,130,0,0,139,0,9,130,139
459286,2,999,1,4,81,4,23,85,27,8,104,112
459301,2,999,1,2,49,1,12,51,13,3,61,64
459392,2,999,1,0,77,0,46,77,46,0,123,123
459417,2,999,1,26,9,4,5,35,9,30,14,44
459523,2,999,1,1,18,0,0,19,0,1,18,19
459578,2,999,1,9,26,4,3,35,7,13,29,42
459736,2,999,1,75,117,0,2,192,2,75,119,194
459949,2,999,1,1037,2102,417,846,3139,1263,1454,2948,4402
460349,2,999,1,73,232,122,319,305,441,195,551,746
460394,2,999,1,538,636,2058,2788,1174,4846,2596,3424,6020
460464,2,999,1,736,611,2525,3037,1347,5562,3261,3648,6909
460677,2,999,1,58,115,6,21,173,27,64,136,200
460862,2,999,1,1,61,1,53,62,54,2,114,116
460871,2,999,1,6,61,13,75,67,88,19,136,155
460932,2,999,1,0,63,0,0,63,0,0,63,63
461193,2,999,1,1,154,0,3,155,3,1,157,158
461272,2,999,1,0,37,0,16,37,16,0,53,53
461379,2,999,1,1,2,0,2,3,2,1,4,5
461421,2,999,1,3,138,0,0,141,0,3,138,141
461591,2,999,1,3,67,0,1,70,1,3,68,71
461643,2,999,1,1,8,0,0,9,0,1,8,9
461652,2,999,1,3,51,0,0,54,0,3,51,54
461704,2,999,1,2,99,0,1,101,1,2,100,102
461759,2,999,1,68,56,5,6,124,11,73,62,135
461829,2,999,1,8,39,0,0,47,0,8,39,47
461883,2,999,1,12,18,2,0,30,2,14,18,32
461917,2,999,1,0,97,0,78,97,78,0,175,175
462008,2,999,1,4,95,2,47,99,49,6,142,148
462071,2,999,1,27,83,0,0,110,0,27,83,110
463056,2,999,1,688,695,44,32,1383,76,732,727,1459
466921,2,999,1,1,49,4,83,50,87,5,132,137
466930,2,999,1,29,156,81,515,185,596,110,671,781
467863,2,999,1,15,123,0,17,138,17,15,140,155
467872,2,999,1,4,128,1,36,132,37,5,164,169
468893,2,999,1,4,85,1,31,89,32,5,116,121
470047,2,999,1,0,9,0,0,9,0,0,9,9
474863,2,999,1,23,104,22,114,127,136,45,218,263
474915,2,999,1,1,195,4,125,196,129,5,320,325
474924,2,999,1,3,32,1,97,35,98,4,129,133
475200,2,999,1,0,2,5,8,2,13,5,10,15
475431,2,999,1,1,21,0,0,22,0,1,21,22
475486,2,999,1,10,87,23,37,97,60,33,124,157
475547,2,999,1,11,34,3,33,45,36,14,67,81
475556,2,999,1,5,66,1,24,71,25,6,90,96
475653,2,999,1,0,12,0,1,12,1,0,13,13
475723,2,999,1,37,44,235,142,81,377,272,186,458
475732,2,999,1,5,73,22,232,78,254,27,305,332
475741,2,999,1,2,29,2,21,31,23,4,50,54
475839,2,999,1,9,28,11,31,37,42,20,59,79
476063,2,999,1,94,10,0,0,104,0,94,10,104
476179,2,999,1,2,70,0,28,72,28,2,98,100
476805,2,999,1,0,28,0,0,28,0,0,28,28
476841,2,999,1,12,97,3,41,109,44,15,138,153
476975,2,999,1,163,196,456,558,359,1014,619,754,1373
476984,2,999,1,6,118,0,19,124,19,6,137,143
477039,2,999,1,25,218,11,69,243,80,36,287,323
478582,2,999,1,4,61,0,18,65,18,4,79,83
478616,2,999,1,3,49,1,7,52,8,4,56,60
478953,2,999,1,3,130,0,0,133,0,3,130,133
479956,2,999,1,958,1342,1008,968,2300,1976,1966,2310,4276
479983,2,999,1,5,59,0,0,64,0,5,59,64
480028,2,999,1,12,5,0,1,17,1,12,6,18
480091,2,999,1,137,1061,329,824,1198,1153,466,1885,2351
480310,2,999,1,0,47,0,3,47,3,0,50,50
480569,2,999,1,39,100,41,45,139,86,80,145,225
480657,2,999,1,9,45,15,51,54,66,24,96,120
480790,2,999,1,78,156,0,2,234,2,78,158,236
480921,2,999,1,41,8,0,0,49,0,41,8,49
480930,2,999,1,0,19,0,4,19,4,0,23,23
480976,2,999,1,5,50,0,0,55,0,5,50,55
481191,2,999,1,23,96,0,0,119,0,23,96,119
481225,2,999,1,3,7,0,0,10,0,3,7,10
481526,2,999,1,0,83,0,0,83,0,0,83,83
481535,2,999,1,2,4,0,0,6,0,2,4,6
481678,2,999,1,1,34,0,12,35,12,1,46,47
481739,2,999,1,2,19,0,7,21,7,2,26,28
481748,2,999,1,0,64,0,7,64,7,0,71,71
481845,2,999,1,0,25,0,13,25,13,0,38,38
482149,2,999,1,1690,3487,316,481,5177,797,2006,3968,5974
482158,2,999,1,1722,1804,773,1043,3526,1816,2495,2847,5342
482167,2,999,1,0,15,0,22,15,22,0,37,37
482176,2,999,1,3,108,0,43,111,43,3,151,154
482413,2,999,1,19,7,10,9,26,19,29,16,45
482422,2,999,1,3,3,8,2,6,10,11,5,16
482431,2,999,1,60,61,69,47,121,116,129,108,237
482459,2,999,1,6,7,9,8,13,17,15,15,30
482468,2,999,1,12,14,19,11,26,30,31,25,56
482477,2,999,1,775,914,864,1197,1689,2061,1639,2111,3750
482547,2,999,1,0,0,0,1,0,1,0,1,1
482556,2,999,1,12,8,8,7,20,15,20,15,35
482565,2,999,1,0,0,0,1,0,1,0,1,1
482574,2,999,1,16,8,12,6,24,18,28,14,42
482635,2,999,1,4,1,4,5,5,9,8,6,14
482653,2,999,1,4,5,1,1,9,2,5,6,11
482680,2,999,1,4907,6253,1960,2697,11160,4657,6867,8950,15817
482699,2,999,1,358,590,174,386,948,560,532,976,1508
482705,2,999,1,557,994,889,1086,1551,1975,1446,2080,3526
482936,2,999,1,1093,252,120,29,1345,149,1213,281,1494
483036,2,999,1,137,159,163,236,296,399,300,395,695
483045,2,999,1,437,554,2462,3265,991,5727,2899,3819,6718
483054,2,999,1,29,12,0,0,41,0,29,12,41
483124,2,999,1,2405,7186,3533,8476,9591,12009,5938,15662,21600
483328,2,999,1,6,50,0,12,56,12,6,62,68
483337,2,999,1,4,68,2,34,72,36,6,102,108
483559,2,999,1,4,22,0,7,26,7,4,29,33
483595,2,999,1,189,580,157,488,769,645,346,1068,1414
483823,2,999,1,200,81,0,0,281,0,200,81,281
483911,2,999,1,0,17,0,0,17,0,0,17,17
483975,2,999,1,75,120,0,1,195,1,75,121,196
484011,2,999,1,6,46,0,10,52,10,6,56,62
484093,2,999,1,1,65,0,36,66,36,1,101,102
484109,2,999,1,1,81,0,0,82,0,1,81,82
484190,2,999,1,6,1,0,0,7,0,6,1,7
484394,2,999,1,3,70,2,33,73,35,5,103,108
484473,2,999,1,1069,1086,629,818,2155,1447,1698,1904,3602
484613,2,999,1,3443,7504,0,0,10947,0,3443,7504,10947
484631,2,999,1,9,11,0,0,20,0,9,11,20
484756,2,999,1,2,0,0,0,2,0,2,0,2
484905,2,999,1,484,994,222,450,1478,672,706,1444,2150
485014,2,999,1,3,36,0,15,39,15,3,51,54
485032,2,999,1,1,46,1,33,47,34,2,79,81
485111,2,999,1,989,1072,1276,2191,2061,3467,2265,3263,5528
485272,2,999,1,18,205,14,114,223,128,32,319,351
485397,2,999,1,2,58,0,14,60,14,2,72,74
485458,2,999,1,140,203,962,1561,343,2523,1102,1764,2866
485476,2,999,1,0,47,0,0,47,0,0,47,47
485494,2,999,1,29,4,2,0,33,2,31,4,35
485768,2,999,1,249,78,0,0,327,0,249,78,327
486123,2,999,1,7,10,0,0,17,0,7,10,17
486567,2,999,1,8,155,0,1,163,1,8,156,164
486691,2,999,1,0,38,0,15,38,15,0,53,53
486798,2,999,1,895,106,0,0,1001,0,895,106,1001
486840,2,999,1,13272,13845,3655,3800,27117,7455,16927,17645,34572
486877,2,999,1,1,9,0,0,10,0,1,9,10
486886,2,999,1,0,11,0,16,11,16,0,27,27
486938,2,999,1,19,57,18,94,76,112,37,151,188
486947,2,999,1,12,110,20,135,122,155,32,245,277
486956,2,999,1,11,101,17,179,112,196,28,280,308
486983,2,999,1,11,18,0,0,29,0,11,18,29
487010,2,999,1,347,973,4,13,1320,17,351,986,1337
487092,2,999,1,494,554,0,0,1048,0,494,554,1048
487162,2,999,1,241,479,1037,1566,720,2603,1278,2045,3323
487348,2,999,1,0,33,0,43,33,43,0,76,76
487524,2,999,1,906,1243,84,176,2149,260,990,1419,2409
487676,2,999,1,0,64,10,68,64,78,10,132,142
487773,2,999,1,0,14,0,2,14,2,0,16,16
487861,2,999,1,5,30,2,9,35,11,7,39,46
487922,2,999,1,0,42,0,11,42,11,0,53,53
487995,2,999,1,2,5,0,1,7,1,2,6,8
488013,2,999,1,5,85,0,1,90,1,5,86,91
488031,2,999,1,4,4,0,0,8,0,4,4,8
488077,2,999,1,295,2,261,2,297,263,556,4,560
488271,2,999,1,0,50,0,0,50,0,0,50,50
488305,2,999,1,40,20,6,5,60,11,46,25,71
488332,2,999,1,0,7,0,0,7,0,0,7,7
488989,2,999,1,0,55,2,28,55,30,2,83,85
488998,2,999,1,9,59,0,1,68,1,9,60,69
489140,2,999,1,0,24,5,28,24,33,5,52,57
489201,2,999,1,882,995,1719,2247,1877,3966,2601,3242,5843
489256,2,999,1,146,11,2,0,157,2,148,11,159
489335,2,999,1,0,0,1,0,0,1,1,0,1
489344,2,999,1,0,21,3,55,21,58,3,76,79
489353,2,999,1,25,100,29,103,125,132,54,203,257
489779,2,999,1,497,982,3148,4018,1479,7166,3645,5000,8645
489858,2,999,1,28,69,0,0,97,0,28,69,97
490115,2,999,1,32,8,0,0,40,0,32,8,40
490230,2,999,1,23,24,0,0,47,0,23,24,47
490258,2,999,1,13,68,0,0,81,0,13,68,81
490300,2,999,1,1,31,10,8,32,18,11,39,50
490416,2,999,1,8,4,0,0,12,0,8,4,12
490425,2,999,1,0,92,0,0,92,0,0,92,92
490601,2,999,1,59,81,0,0,140,0,59,81,140
490753,2,999,1,3,0,0,0,3,0,3,0,3
490805,2,999,1,2163,2159,1131,1596,4322,2727,3294,3755,7049
491136,2,999,1,0,34,0,17,34,17,0,51,51
491145,2,999,1,0,46,0,22,46,22,0,68,68
491534,2,999,1,0,0,1,5,0,6,1,5,6
491598,2,999,1,0,4,0,0,4,0,0,4,4
491808,2,999,1,0,2,0,1,2,1,0,3,3
491826,2,999,1,0,61,0,0,61,0,0,61,61
491835,2,999,1,1,60,0,0,61,0,1,60,61
491941,2,999,1,2,97,0,0,99,0,2,97,99
491978,2,999,1,2,2,6,11,4,17,8,13,21
492476,2,999,1,5,13,7,14,18,21,12,27,39
492689,2,999,1,105,203,1,11,308,12,106,214,320
492759,2,999,1,3,47,3,66,50,69,6,113,119
492801,2,999,1,54,115,31,63,169,94,85,178,263
492962,2,999,1,53,129,104,164,182,268,157,293,450
493451,2,999,1,2,22,0,0,24,0,2,22,24
493655,2,999,1,5,2,0,0,7,0,5,2,7
493673,2,999,1,1,1,1,0,2,1,2,1,3
493804,2,999,1,28,12,0,0,40,0,28,12,40
493831,2,999,1,12,4,0,0,16,0,12,4,16
494010,2,999,1,5,8,0,0,13,0,5,8,13
494278,2,999,1,2,13,12,28,15,40,14,41,55
494287,2,999,1,11,16,5,30,27,35,16,46,62
494472,2,999,1,0,3,0,7,3,7,0,10,10
494551,2,999,1,0,3,0,2,3,2,0,5,5
494898,2,999,1,2,14,0,0,16,0,2,14,16
494959,2,999,1,3,3,12,22,6,34,15,25,40
495077,2,999,1,2,49,0,0,51,0,2,49,51
495101,2,999,1,5,21,0,0,26,0,5,21,26
495271,2,999,1,0,3,7,12,3,19,7,15,22
495314,2,999,1,124,118,0,0,242,0,124,118,242
495350,2,999,1,2,10,0,0,12,0,2,10,12
495369,2,999,1,0,17,0,8,17,8,0,25,25
495411,2,999,1,6,62,0,1,68,1,6,63,69
495518,2,999,1,2,39,0,17,41,17,2,56,58
496043,2,999,1,84,89,0,0,173,0,84,89,173
496052,2,999,1,8,2,0,0,10,0,8,2,10
496618,2,999,1,2,50,0,0,52,0,2,50,52
496636,2,999,1,9,20,0,0,29,0,9,20,29
496733,2,999,1,0,54,0,0,54,0,0,54,54
497000,2,999,1,10,49,0,0,59,0,10,49,59
497037,2,999,1,16,117,20,63,133,83,36,180,216
497046,2,999,1,242,353,1212,2026,595,3238,1454,2379,3833
497107,2,999,1,0,0,13,86,0,99,13,86,99
497301,2,999,1,1,156,3,87,157,90,4,243,247
497417,2,999,1,0,13,0,0,13,0,0,13,13
497480,2,999,1,6,57,6,13,63,19,12,70,82
497790,2,999,1,96,1,0,0,97,0,96,1,97
498562,2,999,1,3591,5668,564,911,9259,1475,4155,6579,10734
498571,2,999,1,2930,4865,363,632,7795,995,3293,5497,8790
100663,2,999,2,3561,6088,504,785,9649,1289,4065,6873,10938
100706,2,999,2,3272,2093,407,310,5365,717,3679,2403,6082
100751,2,999,2,12433,15856,817,1262,28289,2079,13250,17118,30368
100760,2,999,2,212,235,490,596,447,1086,702,831,1533
100812,2,999,2,180,506,152,286,686,438,332,792,1124
100830,2,999,2,700,1509,253,508,2209,761,953,2017,2970
100858,2,999,2,11004,11460,1080,931,22464,2011,12084,12391,24475
100937,2,999,2,504,451,0,3,955,3,504,454,958
101143,2,999,2,442,337,414,403,779,817,856,740,1596
101161,2,999,2,930,1368,1601,1567,2298,3168,2531,2935,5466
101189,2,999,2,430,344,135,142,774,277,565,486,1051
101240,2,999,2,675,892,669,961,1567,1630,1344,1853,3197
101286,2,999,2,338,623,651,1076,961,1727,989,1699,2688
101295,2,999,2,775,1206,1088,1767,1981,2855,1863,2973,4836
101301,2,999,2,224,210,528,618,434,1146,752,828,1580
101435,2,999,2,444,343,5,4,787,9,449,347,796
101453,2,999,2,18,5,7,4,23,11,25,9,34
101462,2,999,2,74,55,206,258,129,464,280,313,593
101480,2,999,2,2437,3542,564,864,5979,1428,3001,4406,7407
101505,2,999,2,657,937,1864,2967,1594,4831,2521,3904,6425
101514,2,999,2,1110,1143,1812,1994,2253,3806,2922,3137,6059
101569,2,999,2,364,481,387,741,845,1128,751,1222,1973
101587,2,999,2,404,739,136,190,1143,326,540,929,1469
101648,2,999,2,231,88,0,0,319,0,231,88,319
101709,2,999,2,699,1180,43,84,1879,127,742,1264,2006
101736,2,999,2,362,429,1350,1379,791,2729,1712,1808,3520
101897,2,999,2,306,494,479,929,800,1408,785,1423,2208
101912,2,999,2,491,684,41,49,1175,90,532,733,1265
101994,2,999,2,90,50,94,72,140,166,184,122,306
102030,2,999,2,285,350,526,941,635,1467,811,1291,2102
102049,2,999,2,1149,2429,15,21,3578,36,1164,2450,3614
102067,2,999,2,778,745,716,1183,1523,1899,1494,1928,3422
102076,2,999,2,335,538,476,761,873,1237,811,1299,2110
102094,2,999,2,2445,4015,381,544,6460,925,2826,4559,7385
102234,2,999,2,385,499,5,13,884,18,390,512,902
102313,2,999,2,273,297,310,467,570,777,583,764,1347
102368,2,999,2,2080,3601,540,910,5681,1450,2620,4511,7131
102377,2,999,2,631,1217,45,56,1848,101,676,1273,1949
102395,2,999,2,3,2,13,4,5,17,16,6,22
102429,2,999,2,408,505,895,1186,913,2081,1303,1691,2994
102553,2,999,2,1186,1654,1161,1702,2840,2863,2347,3356,5703
102614,2,999,2,845,944,545,878,1789,1423,1390,1822,3212
102632,2,999,2,134,222,216,319,356,535,350,541,891
103741,2,999,2,5,77,0,23,82,23,5,100,105
104151,2,999,2,28098,28143,2172,1648,56241,3820,30270,29791,60061
104160,2,999,2,723,961,1902,2602,1684,4504,2625,3563,6188
104179,2,999,2,11815,15967,2581,2903,27782,5484,14396,18870,33266
104346,2,999,2,389,502,988,1317,891,2305,1377,1819,3196
104391,2,999,2,2,49,0,0,51,0,2,49,51
104425,2,999,2,464,609,649,762,1073,1411,1113,1371,2484
104443,2,999,2,0,25,0,5,25,5,0,30,30
104568,2,999,2,3,146,0,127,149,127,3,273,276
104577,2,999,2,399,637,649,772,1036,1421,1048,1409,2457
104586,2,999,2,1994,806,85,17,2800,102,2079,823,2902
104708,2,999,2,1559,1555,2841,3531,3114,6372,4400,5086,9486
104717,2,999,2,9235,13913,2595,7276,23148,9871,11830,21189,33019
105145,2,999,2,266,360,781,1254,626,2035,1047,1614,2661
105154,2,999,2,1636,1701,3199,4078,3337,7277,4835,5779,10614
105206,2,999,2,162,241,634,1195,403,1829,796,1436,2232
105297,2,999,2,112,271,96,227,383,323,208,498,706
105330,2,999,2,6956,11639,491,960,18595,1451,7447,12599,20046
105349,2,999,2,201,214,581,949,415,1530,782,1163,1945
105428,2,999,2,608,1016,1767,2788,1624,4555,2375,3804,6179
105525,2,999,2,1331,1420,3087,3674,2751,6761,4418,5094,9512
105659,2,999,2,392,36,0,0,428,0,392,36,428
105668,2,999,2,573,969,4521,6252,1542,10773,5094,7221,12315
105747,2,999,2,626,610,1667,1957,1236,3624,2293,2567,4860
105792,2,999,2,337,373,874,1196,710,2070,1211,1569,2780
106148,2,999,2,521,482,1440,1598,1003,3038,1961,2080,4041
106245,2,999,2,938,1254,646,913,2192,1559,1584,2167,3751
106263,2,999,2,37,288,10,45,325,55,47,333,380
106324,2,999,2,1,13,0,6,14,6,1,19,20
106397,2,999,2,10116,12630,735,721,22746,1456,10851,13351,24202
106412,2,999,2,763,945,122,138,1708,260,885,1083,1968
106449,2,999,2,443,627,572,734,1070,1306,1015,1361,2376
106458,2,999,2,2004,2858,689,1010,4862,1699,2693,3868,6561
106467,2,999,2,2067,2450,1317,1738,4517,3055,3384,4188,7572
106546,2,999,2,26,233,4,41,259,45,30,274,304
106625,2,999,2,186,297,270,406,483,676,456,703,1159
106713,2,999,2,228,163,35,50,391,85,263,213,476
106908,2,999,2,10,210,0,5,220,5,10,215,225
107080,2,999,2,544,572,8,0,1116,8,552,572,1124
107099,2,999,2,2,57,0,0,59,0,2,57,59
107141,2,999,2,501,693,196,260,1194,456,697,953,1650
107318,2,999,2,40,92,295,362,132,657,335,454,789
107512,2,999,2,657,899,57,99,1556,156,714,998,1712
107521,2,999,2,69,97,769,643,166,1412,838,740,1578
107558,2,999,2,361,398,3,3,759,6,364,401,765
107585,2,999,2,340,394,278,351,734,629,618,745,1363
107600,2,999,2,213,322,28,47,535,75,241,369,610
107619,2,999,2,121,208,285,421,329,706,406,629,1035
107664,2,999,2,590,938,321,653,1528,974,911,1591,2502
107725,2,999,2,131,192,231,343,323,574,362,535,897
107743,2,999,2,118,170,110,164,288,274,228,334,562
107789,2,999,2,0,95,0,0,95,0,0,95,95
107974,2,999,2,138,201,171,265,339,436,309,466,775
107983,2,999,2,1126,1347,154,241,2473,395,1280,1588,2868
107992,2,999,2,195,197,136,201,392,337,331,398,729
108092,2,999,2,1146,1770,697,806,2916,1503,1843,2576,4419
108232,2,999,2,580,856,391,714,1436,1105,971,1570,2541
108667,2,999,2,237,182,1372,1530,419,2902,1609,1712,3321
108807,2,999,2,1300,1314,2312,2725,2614,5037,3612,4039,7651
108852,2,999,2,79,100,0,0,179,0,79,100,179
109208,2,999,2,1663,1619,5460,5350,3282,10810,7123,6969,14092
109350,2,999,2,1410,1472,2358,2829,2882,5187,3768,4301,8069
109785,2,999,2,781,1621,39,80,2402,119,820,1701,2521
109819,2,999,2,2579,3411,5957,7902,5990,13859,8536,11313,19849
109907,2,999,2,223,363,367,554,586,921,590,917,1507
109934,2,999,2,12,204,0,0,216,0,12,204,216
110097,2,999,2,1176,1858,57,102,3034,159,1233,1960,3193
110246,2,999,2,1556,1622,1643,1890,3178,3533,3199,3512,6711
110316,2,999,2,3,4,0,0,7,0,3,4,7
110334,2,999,2,738,785,2005,2309,1523,4314,2743,3094,5837
110361,2,999,2,2303,3903,212,378,6206,590,2515,4281,6796
110404,2,999,2,536,442,0,0,978,0,536,442,978
110413,2,999,2,1065,1258,14,14,2323,28,1079,1272,2351
110422,2,999,2,9863,9684,561,374,19547,935,10424,10058,20482
110486,2,999,2,1852,3642,277,472,5494,749,2129,4114,6243
110495,2,999,2,1879,3803,404,690,5682,1094,2283,4493,6776
110510,2,999,2,4149,6826,826,1232,10975,2058,4975,8058,13033
110529,2,999,2,10026,8428,1307,917,18454,2224,11333,9345,20678
110538,2,999,2,4679,5602,399,410,10281,809,5078,6012,11090
110547,2,999,2,3259,4937,663,811,8196,1474,3922,5748,9670
110556,2,999,2,6160,9325,1182,1471,15485,2653,7342,10796,18138
110565,2,999,2,10110,14708,2022,2343,24818,4365,12132,17051,29183
110574,2,999,2,2413,3441,388,515,5854,903,2801,3956,6757
110583,2,999,2,9794,14731,1399,1646,24525,3045,11193,16377,27570
110592,2,999,2,6332,8985,950,1119,15317,2069,7282,10104,17386
110608,2,999,2,9919,12184,1740,1641,22103,3381,11659,13825,25484
110617,2,999,2,8049,11118,1780,1936,19167,3716,9829,13054,22883
110635,2,999,2,12957,16641,602,627,29598,1229,13559,17268,30827
110644,2,999,2,11773,17778,308,382,29551,690,12081,18160,30241
110653,2,999,2,11790,15325,309,305,27115,614,12099,15630,27729
110662,2,999,2,12002,18739,268,301,30741,569,12270,19040,31310
110671,2,999,2,9919,10868,416,347,20787,763,10335,11215,21550
110680,2,999,2,14498,16379,435,347,30877,782,14933,16726,31659
110705,2,999,2,9744,12559,315,295,22303,610,10059,12854,22913
110714,2,999,2,7964,8103,386,266,16067,652,8350,8369,16719
110918,2,999,2,0,0,0,1,0,1,0,1,1
111188,2,999,2,563,141,18,3,704,21,581,144,725
111434,2,999,2,348,270,1309,1397,618,2706,1657,1667,3324
111461,2,999,2,2125,2143,2771,3032,4268,5803,4896,5175,10071
111513,2,999,2,1,93,0,23,94,23,1,116,117
111887,2,999,2,2864,3045,2746,2856,5909,5602,5610,5901,11511
111896,2,999,2,194,240,764,1398,434,2162,958,1638,2596
111920,2,999,2,1221,1187,2091,1990,2408,4081,3312,3177,6489
111939,2,999,2,1991,2439,3526,4997,4430,8523,5517,7436,12953
111948,2,999,2,2813,4381,227,256,7194,483,3040,4637,7677
112075,2,999,2,541,799,80,99,1340,179,621,898,1519
112084,2,999,2,119,120,14,33,239,47,133,153,286
112172,2,999,2,1543,1736,1794,2077,3279,3871,3337,3813,7150
112260,2,999,2,672,704,5,1,1376,6,677,705,1382
112367,2,999,2,0,3,7,36,3,43,7,39,46
112385,2,999,2,127,140,1364,1696,267,3060,1491,1836,3327
112561,2,999,2,321,316,375,494,637,869,696,810,1506
112686,2,999,2,205,235,900,1303,440,2203,1105,1538,2643
112826,2,999,2,579,509,1184,1505,1088,2689,1763,2014,3777
113096,2,999,2,1264,1325,2741,3270,2589,6011,4005,4595,8600
113111,2,999,2,558,645,1053,1275,1203,2328,1611,1920,3531
113193,2,999,2,1236,1152,2463,2470,2388,4933,3699,3622,7321
113236,2,999,2,1774,2141,2478,3091,3915,5569,4252,5232,9484
113333,2,999,2,3831,3067,2511,2353,6898,4864,6342,5420,11762
113537,2,999,2,1,2,0,0,3,0,1,2,3
113573,2,999,2,1514,1673,1786,2246,3187,4032,3300,3919,7219
113582,2,999,2,2,37,1,3,39,4,3,40,43
113634,2,999,2,2767,2393,3023,2977,5160,6000,5790,5370,11160
113698,2,999,2,253,692,19,51,945,70,272,743,1015
113856,2,999,2,1906,2182,4357,5484,4088,9841,6263,7666,13929
113980,2,999,2,3048,2945,4154,4109,5993,8263,7202,7054,14256
114266,2,999,2,790,811,1909,1953,1601,3862,2699,2764,5463
114354,2,999,2,191,1003,71,254,1194,325,262,1257,1519
114433,2,999,2,231,201,102,118,432,220,333,319,652
114716,2,999,2,1284,1173,2516,2345,2457,4861,3800,3518,7318
114761,2,999,2,4,30,0,0,34,0,4,30,34
114789,2,999,2,2067,2502,4290,5349,4569,9639,6357,7851,14208
114813,2,999,2,254,453,34,158,707,192,288,611,899
114859,2,999,2,2915,2877,3445,3938,5792,7383,6360,6815,13175
114938,2,999,2,540,636,746,855,1176,1601,1286,1491,2777
114947,2,999,2,43,31,0,0,74,0,43,31,74
115001,2,999,2,1718,1638,1520,1651,3356,3171,3238,3289,6527
115083,2,999,2,21,14,4,4,35,8,25,18,43
115126,2,999,2,1252,1287,2182,2620,2539,4802,3434,3907,7341
115393,2,999,2,1350,1534,1354,1675,2884,3029,2704,3209,5913
115755,2,999,2,1591,2192,177,246,3783,423,1768,2438,4206
115861,2,999,2,1326,1593,1157,1509,2919,2666,2483,3102,5585
116439,2,999,2,1930,1468,2479,2293,3398,4772,4409,3761,8170
116563,2,999,2,3,85,0,0,88,0,3,85,88
116846,2,999,2,0,1,15,11,1,26,15,12,27
117052,2,999,2,908,740,1941,2196,1648,4137,2849,2936,5785
117104,2,999,2,117,149,12,10,266,22,129,159,288
117195,2,999,2,177,206,308,264,383,572,485,470,955
117247,2,999,2,480,341,2111,2089,821,4200,2591,2430,5021
117274,2,999,2,155,130,177,139,285,316,332,269,601
117645,2,999,2,3074,3780,3427,3990,6854,7417,6501,7770,14271
117672,2,999,2,8,0,4,4,8,8,12,4,16
117690,2,999,2,572,706,1504,2137,1278,3641,2076,2843,4919
117706,2,999,2,1723,1937,3265,3780,3660,7045,4988,5717,10705
117715,2,999,2,155,185,918,1504,340,2422,1073,1689,2762
117724,2,999,2,993,546,2659,1991,1539,4650,3652,2537,6189
117733,2,999,2,1068,1106,3234,3837,2174,7071,4302,4943,9245
117788,2,999,2,789,888,2386,3054,1677,5440,3175,3942,7117
117803,2,999,2,0,0,15,33,0,48,15,33,48
117867,2,999,2,590,702,2060,2778,1292,4838,2650,3480,6130
117894,2,999,2,1065,1222,1684,1892,2287,3576,2749,3114,5863
117946,2,999,2,3272,3742,88,69,7014,157,3360,3811,7171
118347,2,999,2,534,453,765,763,987,1528,1299,1216,2515
118684,2,999,2,190,274,769,1030,464,1799,959,1304,2263
118718,2,999,2,1535,2050,1494,2255,3585,3749,3029,4305,7334
118772,2,999,2,193,261,1277,1629,454,2906,1470,1890,3360
118930,2,999,2,509,464,1137,1196,973,2333,1646,1660,3306
118976,2,999,2,2503,3217,2187,3018,5720,5205,4690,6235,10925
119058,2,999,2,4,5,0,1,9,1,4,6,10
119067,2,999,2,763,836,1065,1246,1599,2311,1828,2082,3910
119137,2,999,2,1970,1890,2798,2950,3860,5748,4768,4840,9608
119164,2,999,2,3748,3542,5272,5811,7290,11083,9020,9353,18373
119216,2,999,2,1965,2436,2517,3536,4401,6053,4482,5972,10454
119331,2,999,2,564,665,758,965,1229,1723,1322,1630,2952
120166,2,999,2,15,6,0,0,21,0,15,6,21
120254,2,999,2,777,1124,15,12,1901,27,792,1136,1928
120290,2,999,2,1209,1086,2009,1821,2295,3830,3218,2907,6125
120342,2,999,2,3031,2690,3267,3272,5721,6539,6298,5962,12260
120403,2,999,2,322,814,8,13,1136,21,330,827,1157
120421,2,999,2,624,684,1554,1618,1308,3172,2178,2302,4480
120865,2,999,2,225,338,39,47,563,86,264,385,649
120883,2,999,2,1403,1636,30,41,3039,71,1433,1677,3110
120953,2,999,2,63,98,325,197,161,522,388,295,683
120971,2,999,2,2448,2352,3633,3453,4800,7086,6081,5805,11886
121044,2,999,2,3368,3264,4080,4432,6632,8512,7448,7696,15144
121150,2,999,2,1410,2001,46,69,3411,115,1456,2070,3526
121275,2,999,2,18,13,0,0,31,0,18,13,31
121309,2,999,2,899,1696,59,83,2595,142,958,1779,2737
121363,2,999,2,510,665,759,1273,1175,2032,1269,1938,3207
121619,2,999,2,1577,1460,4245,4445,3037,8690,5822,5905,11727
121707,2,999,2,416,401,614,737,817,1351,1030,1138,2168
121886,2,999,2,1694,1646,3150,2759,3340,5909,4844,4405,9249
121901,2,999,2,1938,2459,4098,5655,4397,9753,6036,8114,14150
122180,2,999,2,1377,1773,3216,4414,3150,7630,4593,6187,10780
122205,2,999,2,2327,2120,3400,3506,4447,6906,5727,5626,11353
122296,2,999,2,20,103,1,10,123,11,21,113,134
122339,2,999,2,545,726,2730,3439,1271,6169,3275,4165,7440
122375,2,999,2,1415,1577,4190,5034,2992,9224,5605,6611,12216
122384,2,999,2,874,530,3150,3261,1404,6411,4024,3791,7815
122409,2,999,2,10822,15329,1108,1171,26151,2279,11930,16500,28430
122436,2,999,2,2244,3051,66,67,5295,133,2310,3118,5428
122597,2,999,2,6171,8547,1390,1621,14718,3011,7561,10168,17729
122612,2,999,2,1902,3619,58,71,5521,129,1960,3690,5650
122658,2,999,2,2593,3107,2706,3815,5700,6521,5299,6922,12221
122728,2,999,2,330,445,45,52,775,97,375,497,872
122746,2,999,2,510,654,1498,1886,1164,3384,2008,2540,4548
122755,2,999,2,9873,9202,1868,1485,19075,3353,11741,10687,22428
122791,2,999,2,870,734,1984,1841,1604,3825,2854,2575,5429
122889,2,999,2,2414,2795,2041,2221,5209,4262,4455,5016,9471
122931,2,999,2,3044,2884,70,33,5928,103,3114,2917,6031
122977,2,999,2,3504,3900,3527,4191,7404,7718,7031,8091,15122
123013,2,999,2,1756,1809,2874,3301,3565,6175,4630,5110,9740
123165,2,999,2,0,1072,1,2,1072,3,1,1074,1075
123217,2,999,2,1963,2281,2325,3320,4244,5645,4288,5601,9889
123341,2,999,2,2364,2480,3241,3724,4844,6965,5605,6204,11809
123457,2,999,2,215,263,7,10,478,17,222,273,495
123484,2,999,2,248,152,151,214,400,365,399,366,765
123509,2,999,2,757,679,2423,2365,1436,4788,3180,3044,6224
123563,2,999,2,874,1129,1539,1881,2003,3420,2413,3010,5423
123572,2,999,2,1652,2846,230,295,4498,525,1882,3141,5023
123800,2,999,2,2440,2845,2853,3394,5285,6247,5293,6239,11532
123952,2,999,2,111,78,4,9,189,13,115,87,202
123961,2,999,2,9367,10430,258,192,19797,450,9625,10622,20247
124113,2,999,2,233,436,719,801,669,1520,952,1237,2189
124487,2,999,2,0,0,2,3,0,5,2,3,5
125028,2,999,2,1325,1506,2168,2611,2831,4779,3493,4117,7610
125231,2,999,2,17,151,103,457,168,560,120,608,728
125462,2,999,2,234,200,759,1084,434,1843,993,1284,2277
125471,2,999,2,424,477,1627,2056,901,3683,2051,2533,4584
125499,2,999,2,902,946,1407,1360,1848,2767,2309,2306,4615
125763,2,999,2,467,593,11,11,1060,22,478,604,1082
125897,2,999,2,294,373,23,19,667,42,317,392,709
126119,2,999,2,472,578,1137,1606,1050,2743,1609,2184,3793
126182,2,999,2,539,444,123,212,983,335,662,656,1318
126207,2,999,2,691,755,2007,2318,1446,4325,2698,3073,5771
126289,2,999,2,786,980,3958,4355,1766,8313,4744,5335,10079
126562,2,999,2,2915,4049,1860,2489,6964,4349,4775,6538,11313
126580,2,999,2,2738,3340,671,762,6078,1433,3409,4102,7511
126614,2,999,2,14682,13091,884,635,27773,1519,15566,13726,29292
126711,2,999,2,559,550,1120,1397,1109,2517,1679,1947,3626
126748,2,999,2,129,168,269,354,297,623,398,522,920
126775,2,999,2,3585,1705,127,68,5290,195,3712,1773,5485
126818,2,999,2,9266,11689,1087,1187,20955,2274,10353,12876,23229
126827,2,999,2,500,1233,317,787,1733,1104,817,2020,2837
126863,2,999,2,468,509,2535,3409,977,5944,3003,3918,6921
126915,2,999,2,18,31,41,92,49,133,59,123,182
126942,2,999,2,455,736,1564,2318,1191,3882,2019,3054,5073
126951,2,999,2,755,69,0,0,824,0,755,69,824
127185,2,999,2,1198,1420,118,149,2618,267,1316,1569,2885
127200,2,999,2,1476,1555,5421,6566,3031,11987,6897,8121,15018
127316,2,999,2,10,49,11,108,59,119,21,157,178
127389,2,999,2,154,174,122,152,328,274,276,326,602
127556,2,999,2,2691,3084,799,782,5775,1581,3490,3866,7356
127565,2,999,2,3073,3880,1531,1929,6953,3460,4604,5809,10413
127617,2,999,2,96,138,353,542,234,895,449,680,1129
127653,2,999,2,36,105,1,7,141,8,37,112,149
127714,2,999,2,1,2,26,14,3,40,27,16,43
127732,2,999,2,296,312,141,243,608,384,437,555,992
127741,2,999,2,1674,3309,363,592,4983,955,2037,3901,5938
127778,2,999,2,194,201,151,188,395,339,345,389,734
127820,2,999,2,1105,1451,2094,2863,2556,4957,3199,4314,7513
127884,2,999,2,401,499,1382,1952,900,3334,1783,2451,4234
127909,2,999,2,676,600,1388,1763,1276,3151,2064,2363,4427
127918,2,999,2,500,1045,38,96,1545,134,538,1141,1679
128106,2,999,2,990,1097,845,1044,2087,1889,1835,2141,3976
128258,2,999,2,229,214,231,328,443,559,460,542,1002
128337,2,999,2,1,31,0,22,32,22,1,53,54
128498,2,999,2,303,319,8,7,622,15,311,326,637
128577,2,999,2,214,171,241,252,385,493,455,423,878
128744,2,999,2,369,675,19,40,1044,59,388,715,1103
128771,2,999,2,3015,2514,410,420,5529,830,3425,2934,6359
128780,2,999,2,16,70,35,90,86,125,51,160,211
128902,2,999,2,737,1174,10,17,1911,27,747,1191,1938
129020,2,999,2,8429,9643,251,192,18072,443,8680,9835,18515
129154,2,999,2,60,88,161,602,148,763,221,690,911
129181,2,999,2,721,61,77,10,782,87,798,71,869
129215,2,999,2,1287,1873,213,302,3160,515,1500,2175,3675
129242,2,999,2,1945,2680,52,26,4625,78,1997,2706,4703
129349,2,999,2,4,75,0,19,79,19,4,94,98
129367,2,999,2,164,292,245,515,456,760,409,807,1216
129525,2,999,2,1593,2023,84,94,3616,178,1677,2117,3794
129543,2,999,2,427,492,560,693,919,1253,987,1185,2172
129695,2,999,2,617,628,774,916,1245,1690,1391,1544,2935
129729,2,999,2,650,731,734,950,1381,1684,1384,1681,3065
129756,2,999,2,302,331,262,366,633,628,564,697,1261
129774,2,999,2,232,204,39,28,436,67,271,232,503
129808,2,999,2,426,514,360,639,940,999,786,1153,1939
129923,2,999,2,161,182,73,41,343,114,234,223,457
129941,2,999,2,1819,2523,102,86,4342,188,1921,2609,4530
130004,2,999,2,565,592,774,907,1157,1681,1339,1499,2838
130040,2,999,2,177,217,156,239,394,395,333,456,789
130183,2,999,2,575,917,440,1265,1492,1705,1015,2182,3197
130217,2,999,2,163,192,159,254,355,413,322,446,768
130226,2,999,2,2169,3522,65,69,5691,134,2234,3591,5825
130253,2,999,2,2065,4165,79,153,6230,232,2144,4318,6462
130314,2,999,2,204,537,7,10,741,17,211,547,758
130396,2,999,2,632,778,905,1266,1410,2171,1537,2044,3581
130590,2,999,2,1034,1088,11,9,2122,20,1045,1097,2142
130606,2,999,2,550,625,555,593,1175,1148,1105,1218,2323
130624,2,999,2,592,420,0,0,1012,0,592,420,1012
130697,2,999,2,1362,1616,7,20,2978,27,1369,1636,3005
130776,2,999,2,1420,1495,210,196,2915,406,1630,1691,3321
130794,2,999,2,3211,3372,2,0,6583,2,3213,3372,6585
130934,2,999,2,1282,2587,347,504,3869,851,1629,3091,4720
130943,2,999,2,7280,10570,588,607,17850,1195,7868,11177,19045
130989,2,999,2,254,228,19,25,482,44,273,253,526
131113,2,999,2,656,839,976,1285,1495,2261,1632,2124,3756
131399,2,999,2,371,372,261,379,743,640,632,751,1383
131450,2,999,2,309,336,10,14,645,24,319,350,669
131469,2,999,2,3634,6277,124,348,9911,472,3758,6625,10383
131496,2,999,2,2935,4152,397,94,7087,491,3332,4246,7578
131520,2,999,2,2408,6501,274,439,8909,713,2682,6940,9622
132471,2,999,2,668,1272,254,386,1940,640,922,1658,2580
132693,2,999,2,1391,1673,2455,3590,3064,6045,3846,5263,9109
132709,2,999,2,3335,4062,5852,7912,7397,13764,9187,11974,21161
132842,2,999,2,3,23,4,24,26,28,7,47,54
132851,2,999,2,713,1105,863,1386,1818,2249,1576,2491,4067
132879,2,999,2,87,52,3,1,139,4,90,53,143
132903,2,999,2,17237,21092,5640,6229,38329,11869,22877,27321,50198
133021,2,999,2,277,352,334,554,629,888,611,906,1517
133386,2,999,2,1512,1838,1715,2844,3350,4559,3227,4682,7909
133492,2,999,2,570,1351,20,34,1921,54,590,1385,1975
133508,2,999,2,1896,3036,2289,4086,4932,6375,4185,7122,11307
133553,2,999,2,4718,1711,1800,788,6429,2588,6518,2499,9017
133650,2,999,2,2062,4189,263,569,6251,832,2325,4758,7083
133702,2,999,2,1540,2219,3174,4966,3759,8140,4714,7185,11899
133711,2,999,2,744,1658,14,29,2402,43,758,1687,2445
133809,2,999,2,255,284,31,40,539,71,286,324,610
133872,2,999,2,46,191,77,320,237,397,123,511,634
133881,2,999,2,1892,922,216,121,2814,337,2108,1043,3151
133960,2,999,2,144,121,100,144,265,244,244,265,509
134097,2,999,2,12253,16885,1274,1452,29138,2726,13527,18337,31864
134130,2,999,2,13045,17511,1523,1504,30556,3027,14568,19015,33583
134343,2,999,2,563,862,669,1167,1425,1836,1232,2029,3261
134495,2,999,2,3288,3844,2704,3929,7132,6633,5992,7773,13765
134608,2,999,2,2110,2507,2562,3885,4617,6447,4672,6392,11064
135160,2,999,2,237,457,421,707,694,1128,658,1164,1822
135188,2,999,2,528,791,921,1288,1319,2209,1449,2079,3528
135391,2,999,2,1276,1756,1195,1936,3032,3131,2471,3692,6163
135407,2,999,2,413,272,17,6,685,23,430,278,708
135610,2,999,2,1,2,6,2,3,8,7,4,11
135717,2,999,2,7128,8841,8378,10924,15969,19302,15506,19765,35271
135726,2,999,2,5490,6316,149,134,11806,283,5639,6450,12089
136109,2,999,2,1,46,0,38,47,38,1,84,85
136145,2,999,2,91,197,183,318,288,501,274,515,789
136172,2,999,2,4242,5919,1100,1375,10161,2475,5342,7294,12636
136233,2,999,2,709,957,723,1050,1666,1773,1432,2007,3439
136330,2,999,2,732,1389,290,367,2121,657,1022,1756,2778
136358,2,999,2,2762,3246,4580,6578,6008,11158,7342,9824,17166
136400,2,999,2,1126,1681,1782,2775,2807,4557,2908,4456,7364
136473,2,999,2,847,1367,1168,1939,2214,3107,2015,3306,5321
136516,2,999,2,897,1541,1217,2146,2438,3363,2114,3687,5801
136659,2,999,2,125,20,142,35,145,177,267,55,322
136950,2,999,2,954,1416,15,21,2370,36,969,1437,2406
137078,2,999,2,2262,2803,3360,5123,5065,8483,5622,7926,13548
137096,2,999,2,2322,2320,2306,2991,4642,5297,4628,5311,9939
137209,2,999,2,1856,1972,2617,3308,3828,5925,4473,5280,9753
137281,2,999,2,589,818,1452,2410,1407,3862,2041,3228,5269
137351,2,999,2,11932,16219,2415,2758,28151,5173,14347,18977,33324
137546,2,999,2,1041,1393,32,23,2434,55,1073,1416,2489
137564,2,999,2,1506,2357,1680,2451,3863,4131,3186,4808,7994
137591,2,999,2,20,59,4,21,79,25,24,80,104
137759,2,999,2,2679,2910,1566,2180,5589,3746,4245,5090,9335
138187,2,999,2,6132,7740,7718,11033,13872,18751,13850,18773,32623
138275,2,999,2,347,288,20,15,635,35,367,303,670
138309,2,999,2,147,854,104,716,1001,820,251,1570,1821
138354,2,999,2,2237,2848,526,623,5085,1149,2763,3471,6234
138558,2,999,2,1049,1224,314,685,2273,999,1363,1909,3272
138600,2,999,2,6,946,0,9,952,9,6,955,961
138682,2,999,2,141,249,269,582,390,851,410,831,1241
138716,2,999,2,1117,2688,223,665,3805,888,1340,3353,4693
138761,2,999,2,91,74,1,9,165,10,92,83,175
138840,2,999,2,180,175,320,556,355,876,500,731,1231
138938,2,999,2,1,67,1,21,68,22,2,88,90
138947,2,999,2,721,2475,52,98,3196,150,773,2573,3346
138956,2,999,2,378,440,660,782,818,1442,1038,1222,2260
139144,2,999,2,815,1404,8,12,2219,20,823,1416,2239
139199,2,999,2,38,579,48,199,617,247,86,778,864
139205,2,999,2,325,221,127,147,546,274,452,368,820
139250,2,999,2,468,1079,302,567,1547,869,770,1646,2416
139278,2,999,2,477,715,1080,1893,1192,2973,1557,2608,4165
139311,2,999,2,724,1542,484,876,2266,1360,1208,2418,3626
139357,2,999,2,161,297,445,879,458,1324,606,1176,1782
139366,2,999,2,1392,2168,422,566,3560,988,1814,2734,4548
139384,2,999,2,448,500,1350,2032,948,3382,1798,2532,4330
139393,2,999,2,372,420,21,22,792,43,393,442,835
139463,2,999,2,976,1486,508,776,2462,1284,1484,2262,3746
139506,2,999,2,12,12,0,0,24,0,12,12,24
139621,2,999,2,517,565,268,379,1082,647,785,944,1729
139658,2,999,2,2974,3950,28,41,6924,69,3002,3991,6993
139700,2,999,2,670,881,676,1240,1551,1916,1346,2121,3467
139719,2,999,2,717,1252,67,137,1969,204,784,1389,2173
139755,2,999,2,9570,6389,1314,742,15959,2056,10884,7131,18015
139764,2,999,2,515,877,231,306,1392,537,746,1183,1929
139861,2,999,2,1658,3099,176,283,4757,459,1834,3382,5216
139931,2,999,2,7177,9589,1248,1593,16766,2841,8425,11182,19607
139940,2,999,2,7974,11766,2019,2797,19740,4816,9993,14563,24556
139959,2,999,2,11771,16764,775,847,28535,1622,12546,17611,30157
139986,2,999,2,266,465,817,1542,731,2359,1083,2007,3090
140012,2,999,2,622,492,1817,2441,1114,4258,2439,2933,5372
140234,2,999,2,333,224,4,6,557,10,337,230,567
140243,2,999,2,425,530,1350,1962,955,3312,1775,2492,4267
140252,2,999,2,372,304,32,41,676,73,404,345,749
140331,2,999,2,1013,1039,1943,2333,2052,4276,2956,3372,6328
140447,2,999,2,1420,2050,63,150,3470,213,1483,2200,3683
140678,2,999,2,326,313,454,713,639,1167,780,1026,1806
140696,2,999,2,505,845,22,37,1350,59,527,882,1409
140720,2,999,2,104,128,10,18,232,28,114,146,260
140818,2,999,2,337,638,9,19,975,28,346,657,1003
140942,2,999,2,345,418,493,797,763,1290,838,1215,2053
140951,2,999,2,3200,7794,502,1178,10994,1680,3702,8972,12674
140960,2,999,2,838,1340,95,181,2178,276,933,1521,2454
140988,2,999,2,469,506,91,137,975,228,560,643,1203
141006,2,999,2,360,207,291,414,567,705,651,621,1272
141060,2,999,2,0,2305,29,116,2305,145,29,2421,2450
141255,2,999,2,180,296,899,1465,476,2364,1079,1761,2840
141264,2,999,2,1748,3442,399,787,5190,1186,2147,4229,6376
141334,2,999,2,2045,3641,594,1156,5686,1750,2639,4797,7436
141565,2,999,2,568,1027,160,312,1595,472,728,1339,2067
141574,2,999,2,4010,6588,755,1043,10598,1798,4765,7631,12396
141644,2,999,2,616,1656,490,727,2272,1217,1106,2383,3489
141680,2,999,2,397,184,666,734,581,1400,1063,918,1981
141796,2,999,2,428,684,900,1780,1112,2680,1328,2464,3792
141802,2,999,2,100,104,288,521,204,809,388,625,1013
141811,2,999,2,583,713,1109,1964,1296,3073,1692,2677,4369
141839,2,999,2,190,280,434,820,470,1254,624,1100,1724
141981,2,999,2,366,677,239,511,1043,750,605,1188,1793
141990,2,999,2,136,233,486,714,369,1200,622,947,1569
142115,2,999,2,5149,6912,3192,4055,12061,7247,8341,10967,19308
142179,2,999,2,206,237,552,801,443,1353,758,1038,1796
142276,2,999,2,1716,2683,1492,2138,4399,3630,3208,4821,8029
142285,2,999,2,3061,3150,847,1005,6211,1852,3908,4155,8063
142407,2,999,2,7,60,0,0,67,0,7,60,67
142443,2,999,2,609,712,730,1127,1321,1857,1339,1839,3178
142461,2,999,2,431,500,21,27,931,48,452,527,979
142522,2,999,2,6235,7764,4586,5358,13999,9944,10821,13122,23943
142559,2,999,2,642,934,2065,3256,1576,5321,2707,4190,6897
142887,2,999,2,30,53,12,8,83,20,42,61,103
143118,2,999,2,1155,2193,52,112,3348,164,1207,2305,3512
143215,2,999,2,1018,1146,1290,1434,2164,2724,2308,2580,4888
143279,2,999,2,472,562,687,1162,1034,1849,1159,1724,2883
143288,2,999,2,153,172,1,4,325,5,154,176,330
143358,2,999,2,1925,2052,49,28,3977,77,1974,2080,4054
143376,2,999,2,7,101,0,36,108,36,7,137,144
143613,2,999,2,263,323,270,478,586,748,533,801,1334
144050,2,999,2,3952,3542,16,16,7494,32,3968,3558,7526
144157,2,999,2,275,204,350,417,479,767,625,621,1246
144166,2,999,2,437,1226,641,1988,1663,2629,1078,3214,4292
144175,2,999,2,204,178,338,455,382,793,542,633,1175
144184,2,999,2,344,455,574,669,799,1243,918,1124,2042
144193,2,999,2,612,400,896,930,1012,1826,1508,1330,2838
144209,2,999,2,745,898,1055,1494,1643,2549,1800,2392,4192
144218,2,999,2,1035,796,1294,1423,1831,2717,2329,2219,4548
144351,2,999,2,497,523,26,53,1020,79,523,576,1099
144564,2,999,2,241,333,344,472,574,816,585,805,1390
144740,2,999,2,5278,6818,225,295,12096,520,5503,7113,12616
144865,2,999,2,3103,2940,4659,4908,6043,9567,7762,7848,15610
144883,2,999,2,227,227,0,0,454,0,227,227,454
144892,2,999,2,1479,2204,1110,1355,3683,2465,2589,3559,6148
144944,2,999,2,1255,1207,1665,2039,2462,3704,2920,3246,6166
144962,2,999,2,976,1584,78,75,2560,153,1054,1659,2713
144971,2,999,2,283,223,2,8,506,10,285,231,516
145099,2,999,2,12,164,0,0,176,0,12,164,176
145336,2,999,2,454,700,117,175,1154,292,571,875,1446
145372,2,999,2,460,353,11,18,813,29,471,371,842
145521,2,999,2,203,266,198,263,469,461,401,529,930
145600,2,999,2,8578,9960,705,674,18538,1379,9283,10634,19917
145619,2,999,2,903,743,57,77,1646,134,960,820,1780
145637,2,999,2,17784,15717,749,401,33501,1150,18533,16118,34651
145682,2,999,2,931,925,1370,2170,1856,3540,2301,3095,5396
145691,2,999,2,461,493,5,8,954,13,466,501,967
145707,2,999,2,193,203,126,168,396,294,319,371,690
145813,2,999,2,7050,9458,427,377,16508,804,7477,9835,17312
145831,2,999,2,422,450,356,644,872,1000,778,1094,1872
146205,2,999,2,468,594,572,844,1062,1416,1040,1438,2478
146278,2,999,2,281,363,236,369,644,605,517,732,1249
146296,2,999,2,1559,1669,2061,2485,3228,4546,3620,4154,7774
146339,2,999,2,340,273,8,10,613,18,348,283,631
146348,2,999,2,383,425,349,512,808,861,732,937,1669
146366,2,999,2,378,507,815,1080,885,1895,1193,1587,2780
146418,2,999,2,406,392,483,693,798,1176,889,1085,1974
146427,2,999,2,454,580,2,3,1034,5,456,583,1039
146472,2,999,2,1699,1543,1961,2333,3242,4294,3660,3876,7536
146481,2,999,2,679,965,12,20,1644,32,691,985,1676
146506,2,999,2,707,853,621,831,1560,1452,1328,1684,3012
146533,2,999,2,12,32,1,13,44,14,13,45,58
146603,2,999,2,518,610,977,1210,1128,2187,1495,1820,3315
146612,2,999,2,1446,1391,297,200,2837,497,1743,1591,3334
146685,2,999,2,717,671,586,1020,1388,1606,1303,1691,2994
146700,2,999,2,668,204,0,0,872,0,668,204,872
146719,2,999,2,3310,7400,111,166,10710,277,3421,7566,10987
147004,2,999,2,926,956,2467,2916,1882,5383,3393,3872,7265
147013,2,999,2,707,592,13,16,1299,29,720,608,1328
147129,2,999,2,6,85,9,54,91,63,15,139,154
147244,2,999,2,711,819,34,48,1530,82,745,867,1612
147369,2,999,2,525,607,65,57,1132,122,590,664,1254
147378,2,999,2,1719,1725,2762,2339,3444,5101,4481,4064,8545
147411,2,999,2,512,543,866,1060,1055,1926,1378,1603,2981
147536,2,999,2,712,1258,156,324,1970,480,868,1582,2450
147590,2,999,2,4,4,1,0,8,1,5,4,9
147660,2,999,2,1063,1117,49,46,2180,95,1112,1163,2275
147679,2,999,2,695,949,25,34,1644,59,720,983,1703
147776,2,999,2,781,1089,279,409,1870,688,1060,1498,2558
147800,2,999,2,1039,778,1404,1481,1817,2885,2443,2259,4702
147828,2,999,2,1059,1295,23,33,2354,56,1082,1328,2410
147916,2,999,2,984,877,1072,1337,1861,2409,2056,2214,4270
148007,2,999,2,330,439,383,561,769,944,713,1000,1713
148131,2,999,2,523,427,53,65,950,118,576,492,1068
148256,2,999,2,401,471,342,420,872,762,743,891,1634
148292,2,999,2,171,201,381,647,372,1028,552,848,1400
148380,2,999,2,909,1140,940,1153,2049,2093,1849,2293,4142
148487,2,999,2,760,1032,47,72,1792,119,807,1104,1911
148511,2,999,2,2,19,4,12,21,16,6,31,37
148575,2,999,2,18,136,3,27,154,30,21,163,184
148627,2,999,2,984,1659,60,89,2643,149,1044,1748,2792
148654,2,999,2,591,798,99,103,1389,202,690,901,1591
148672,2,999,2,243,313,216,309,556,525,459,622,1081
148821,2,999,2,150,228,190,280,378,470,340,508,848
148876,2,999,2,41,94,9,23,135,32,50,117,167
148937,2,999,2,221,220,282,365,441,647,503,585,1088
148991,2,999,2,186,214,239,318,400,557,425,532,957
149222,2,999,2,2895,3098,255,214,5993,469,3150,3312,6462
149231,2,999,2,3078,4168,447,442,7246,889,3525,4610,8135
149310,2,999,2,44,21,0,0,65,0,44,21,65
149365,2,999,2,260,339,1145,1241,599,2386,1405,1580,2985
149532,2,999,2,1091,1162,1566,1609,2253,3175,2657,2771,5428
149727,2,999,2,1086,1043,1572,1921,2129,3493,2658,2964,5622
149772,2,999,2,1746,2323,170,231,4069,401,1916,2554,4470
149781,2,999,2,913,1156,32,45,2069,77,945,1201,2146
149842,2,999,2,1776,1603,2559,2976,3379,5535,4335,4579,8914
150136,2,999,2,4755,7500,604,814,12255,1418,5359,8314,13673
150163,2,999,2,1708,2511,54,108,4219,162,1762,2619,4381
150172,2,999,2,221,137,31,16,358,47,252,153,405
150534,2,999,2,520,843,107,135,1363,242,627,978,1605
150604,2,999,2,438,399,12,12,837,24,450,411,861
150668,2,999,2,242,385,13,10,627,23,255,395,650
150677,2,999,2,528,857,103,125,1385,228,631,982,1613
150765,2,999,2,0,77,0,0,77,0,0,77,77
150941,2,999,2,321,522,128,139,843,267,449,661,1110
150987,2,999,2,4876,6650,25470,27210,11526,52680,30346,33860,64206
151111,2,999,2,5284,8122,692,824,13406,1516,5976,8946,14922
151263,2,999,2,1223,1914,98,159,3137,257,1321,2073,3394
151290,2,999,2,755,516,90,98,1271,188,845,614,1459
151306,2,999,2,1672,2935,813,1328,4607,2141,2485,4263,6748
151324,2,999,2,2268,3003,151,122,5271,273,2419,3125,5544
151333,2,999,2,623,1174,153,277,1797,430,776,1451,2227
151342,2,999,2,845,1635,193,310,2480,503,1038,1945,2983
151351,2,999,2,17215,17136,460,341,34351,801,17675,17477,35152
151360,2,999,2,450,1216,111,357,1666,468,561,1573,2134
151379,2,999,2,750,1253,195,304,2003,499,945,1557,2502
151388,2,999,2,395,845,167,306,1240,473,562,1151,1713
151661,2,999,2,571,102,0,0,673,0,571,102,673
151777,2,999,2,429,440,9,33,869,42,438,473,911
151962,2,999,2,22,71,2,11,93,13,24,82,106
152080,2,999,2,4577,4362,13,5,8939,18,4590,4367,8957
152318,2,999,2,1611,519,22,8,2130,30,1633,527,2160
152336,2,999,2,485,803,11,27,1288,38,496,830,1326
152390,2,999,2,1,1365,7,23,1366,30,8,1388,1396
152567,2,999,2,1400,824,588,961,2224,1549,1988,1785,3773
152600,2,999,2,964,1269,15,11,2233,26,979,1280,2259
152637,2,999,2,1847,1666,5964,6186,3513,12150,7811,7852,15663
152673,2,999,2,834,0,1,0,834,1,835,0,835
152798,2,999,2,12,185,3,16,197,19,15,201,216
152992,2,999,2,276,252,40,53,528,93,316,305,621
153001,2,999,2,435,536,16,49,971,65,451,585,1036
153083,2,999,2,2,103,0,0,105,0,2,103,105
153108,2,999,2,582,533,20,24,1115,44,602,557,1159
153126,2,999,2,386,289,28,37,675,65,414,326,740
153144,2,999,2,533,697,10,6,1230,16,543,703,1246
153162,2,999,2,547,503,1,0,1050,1,548,503,1051
153214,2,999,2,2122,2252,5937,7661,4374,13598,8059,9913,17972
153241,2,999,2,2,0,1,1,2,2,3,1,4
153250,2,999,2,737,706,58,92,1443,150,795,798,1593
153269,2,999,2,1051,1619,38,21,2670,59,1089,1640,2729
153302,2,999,2,72,91,12,16,163,28,84,107,191
153311,2,999,2,599,867,1957,2334,1466,4291,2556,3201,5757
153366,2,999,2,462,294,17,16,756,33,479,310,789
153384,2,999,2,803,898,2,3,1701,5,805,901,1706
153445,2,999,2,744,789,1054,1533,1533,2587,1798,2322,4120
153472,2,999,2,698,746,754,774,1444,1528,1452,1520,2972
153524,2,999,2,1273,980,858,1110,2253,1968,2131,2090,4221
153533,2,999,2,400,290,446,630,690,1076,846,920,1766
153621,2,999,2,385,268,25,36,653,61,410,304,714
153630,2,999,2,1161,865,1052,1451,2026,2503,2213,2316,4529
153658,2,999,2,8555,11164,497,557,19719,1054,9052,11721,20773
153737,2,999,2,1656,1846,3048,3681,3502,6729,4704,5527,10231
153825,2,999,2,647,458,34,13,1105,47,681,471,1152
153834,2,999,2,713,874,9,3,1587,12,722,877,1599
154004,2,999,2,562,534,12,17,1096,29,574,551,1125
154013,2,999,2,358,523,39,71,881,110,397,594,991
154110,2,999,2,370,422,1307,1621,792,2928,1677,2043,3720
154174,2,999,2,10,11,2,0,21,2,12,11,23
154235,2,999,2,885,1035,12,19,1920,31,897,1054,1951
154262,2,999,2,7,55,1,43,62,44,8,98,106
154350,2,999,2,500,529,9,12,1029,21,509,541,1050
154396,2,999,2,259,288,351,449,547,800,610,737,1347
154493,2,999,2,394,325,136,122,719,258,530,447,977
154527,2,999,2,666,691,32,20,1357,52,698,711,1409
154572,2,999,2,601,693,1201,1694,1294,2895,1802,2387,4189
154697,2,999,2,424,494,784,905,918,1689,1208,1399,2607
154712,2,999,2,1049,1071,56,78,2120,134,1105,1149,2254
154749,2,999,2,255,221,2,7,476,9,257,228,485
154800,2,999,2,997,1364,997,1597,2361,2594,1994,2961,4955
154907,2,999,2,248,261,380,537,509,917,628,798,1426
154925,2,999,2,556,268,196,113,824,309,752,381,1133
154934,2,999,2,177,303,164,402,480,566,341,705,1046
154952,2,999,2,483,517,272,434,1000,706,755,951,1706
154998,2,999,2,419,310,297,379,729,676,716,689,1405
155025,2,999,2,859,1476,51,70,2335,121,910,1546,2456
155052,2,999,2,111,118,729,530,229,1259,840,648,1488
155089,2,999,2,438,422,95,164,860,259,533,586,1119
155098,2,999,2,314,302,324,418,616,742,638,720,1358
155104,2,999,2,526,471,282,354,997,636,808,825,1633
155140,2,999,2,220,345,11,32,565,43,231,377,608
155177,2,999,2,140,133,2,7,273,9,142,140,282
155195,2,999,2,685,776,1050,1234,1461,2284,1735,2010,3745
155210,2,999,2,2025,2098,3736,4597,4123,8333,5761,6695,12456
155292,2,999,2,572,698,836,1161,1270,1997,1408,1859,3267
155317,2,999,2,7506,8679,788,930,16185,1718,8294,9609,17903
155399,2,999,2,6497,6324,427,473,12821,900,6924,6797,13721
155414,2,999,2,402,322,19,7,724,26,421,329,750
155423,2,999,2,520,222,117,115,742,232,637,337,974
155487,2,999,2,138,60,355,260,198,615,493,320,813
155511,2,999,2,521,252,3,4,773,7,524,256,780
155566,2,999,2,235,267,417,466,502,883,652,733,1385
155618,2,999,2,290,78,119,87,368,206,409,165,574
155715,2,999,2,362,169,234,233,531,467,596,402,998
155812,2,999,2,357,313,46,70,670,116,403,383,786
155858,2,999,2,258,343,262,461,601,723,520,804,1324
155900,2,999,2,367,217,31,15,584,46,398,232,630
155973,2,999,2,312,190,18,46,502,64,330,236,566
156082,2,999,2,995,1666,458,743,2661,1201,1453,2409,3862
156107,2,999,2,698,339,1483,1315,1037,2798,2181,1654,3835
156125,2,999,2,3289,3905,920,1259,7194,2179,4209,5164,9373
156189,2,999,2,276,248,14,18,524,32,290,266,556
156213,2,999,2,425,584,51,114,1009,165,476,698,1174
156231,2,999,2,379,365,396,643,744,1039,775,1008,1783
156286,2,999,2,799,1313,30,41,2112,71,829,1354,2183
156295,2,999,2,545,825,9,6,1370,15,554,831,1385
156338,2,999,2,445,630,1075,1567,1075,2642,1520,2197,3717
156356,2,999,2,179,212,6,41,391,47,185,253,438
156392,2,999,2,1204,1489,1859,2717,2693,4576,3063,4206,7269
156408,2,999,2,649,701,4,0,1350,4,653,701,1354
156426,2,999,2,3,62,1,28,65,29,4,90,94
156541,2,999,2,1043,1587,293,424,2630,717,1336,2011,3347
156620,2,999,2,3258,4907,638,894,8165,1532,3896,5801,9697
156648,2,999,2,668,932,975,1397,1600,2372,1643,2329,3972
156745,2,999,2,556,638,14,17,1194,31,570,655,1225
156790,2,999,2,259,305,511,735,564,1246,770,1040,1810
156842,2,999,2,2,104,0,39,106,39,2,143,145
156851,2,999,2,81,199,252,598,280,850,333,797,1130
156860,2,999,2,150,281,287,528,431,815,437,809,1246
156921,2,999,2,1024,1128,2923,3887,2152,6810,3947,5015,8962
157030,2,999,2,28,13,7,9,41,16,35,22,57
157058,2,999,2,439,689,176,192,1128,368,615,881,1496
157076,2,999,2,355,335,36,16,690,52,391,351,742
157085,2,999,2,8440,11748,525,631,20188,1156,8965,12379,21344
157216,2,999,2,669,690,54,115,1359,169,723,805,1528
157289,2,999,2,4567,5756,1322,1961,10323,3283,5889,7717,13606
157304,2,999,2,243,450,619,808,693,1427,862,1258,2120
157331,2,999,2,344,386,1017,1399,730,2416,1361,1785,3146
157386,2,999,2,1660,2525,1317,2100,4185,3417,2977,4625,7602
157401,2,999,2,2115,3339,484,1057,5454,1541,2599,4396,6995
157438,2,999,2,416,435,1031,1343,851,2374,1447,1778,3225
157447,2,999,2,2789,3901,879,1298,6690,2177,3668,5199,8867
157483,2,999,2,501,711,1029,1397,1212,2426,1530,2108,3638
157535,2,999,2,464,568,163,229,1032,392,627,797,1424
157553,2,999,2,386,434,477,630,820,1107,863,1064,1927
157614,2,999,2,0,39,0,13,39,13,0,52,52
157650,2,999,2,1,52,0,11,53,11,1,63,64
157669,2,999,2,2,47,0,0,49,0,2,47,49
157678,2,999,2,0,65,0,0,65,0,0,65,65
157711,2,999,2,614,740,1081,1486,1354,2567,1695,2226,3921
157739,2,999,2,253,457,529,655,710,1184,782,1112,1894
157757,2,999,2,182,260,73,71,442,144,255,331,586
157951,2,999,2,4047,6469,924,1640,10516,2564,4971,8109,13080
158662,2,999,2,821,1498,1232,2325,2319,3557,2053,3823,5876
158802,2,999,2,276,821,6,33,1097,39,282,854,1136
158884,2,999,2,194,197,501,727,391,1228,695,924,1619
159197,2,999,2,266,35,0,0,301,0,266,35,301
159382,2,999,2,505,1012,351,647,1517,998,856,1659,2515
159391,2,999,2,11427,14233,1717,2244,25660,3961,13144,16477,29621
159407,2,999,2,385,921,254,758,1306,1012,639,1679,2318
159647,2,999,2,4048,3099,1002,1447,7147,2449,5050,4546,9596
159656,2,999,2,968,1938,58,121,2906,179,1026,2059,3085
159717,2,999,2,1656,2383,377,553,4039,930,2033,2936,4969
159939,2,999,2,1720,1776,566,656,3496,1222,2286,2432,4718
159966,2,999,2,1441,2426,277,535,3867,812,1718,2961,4679
159993,2,999,2,1419,2435,659,1255,3854,1914,2078,3690,5768
160010,2,999,2,200,49,253,151,249,404,453,200,653
160472,2,999,2,4,33,1,30,37,31,5,63,68
160579,2,999,2,689,551,544,582,1240,1126,1233,1133,2366
160612,2,999,2,2706,4478,1645,2719,7184,4364,4351,7197,11548
160621,2,999,2,1579,3184,365,730,4763,1095,1944,3914,5858
160630,2,999,2,137,312,227,362,449,589,364,674,1038
160649,2,999,2,382,568,412,712,950,1124,794,1280,2074
160658,2,999,2,4190,5693,723,830,9883,1553,4913,6523,11436
160667,2,999,2,556,379,1635,1925,935,3560,2191,2304,4495
160755,2,999,2,3124,4985,130,142,8109,272,3254,5127,8381
160904,2,999,2,570,2022,13,56,2592,69,583,2078,2661
160977,2,999,2,841,944,0,0,1785,0,841,944,1785
161004,2,999,2,920,982,0,3,1902,3,920,985,1905
161077,2,999,2,554,471,687,881,1025,1568,1241,1352,2593
161086,2,999,2,1094,1205,0,0,2299,0,1094,1205,2299
161138,2,999,2,428,343,519,490,771,1009,947,833,1780
161192,2,999,2,150,231,363,715,381,1078,513,946,1459
161208,2,999,2,22,1,0,0,23,0,22,1,23
161217,2,999,2,222,521,588,995,743,1583,810,1516,2326
161226,2,999,2,382,711,100,260,1093,360,482,971,1453
161235,2,999,2,87,157,202,382,244,584,289,539,828
161253,2,999,2,3771,3578,690,839,7349,1529,4461,4417,8878
161299,2,999,2,654,167,16,1,821,17,670,168,838
161341,2,999,2,181,272,273,440,453,713,454,712,1166
161457,2,999,2,703,1485,202,513,2188,715,905,1998,2903
161484,2,999,2,151,97,153,147,248,300,304,244,548
161493,2,999,2,2,99,0,16,101,16,2,115,117
161509,2,999,2,79,272,1,4,351,5,80,276,356
161545,2,999,2,1000,976,978,1359,1976,2337,1978,2335,4313
161554,2,999,2,1159,1832,711,817,2991,1528,1870,2649,4519
161572,2,999,2,283,1168,0,4,1451,4,283,1172,1455
161581,2,999,2,74,46,56,91,120,147,130,137,267
161688,2,999,2,289,399,371,759,688,1130,660,1158,1818
161767,2,999,2,1192,1213,1868,2596,2405,4464,3060,3809,6869
161864,2,999,2,221,358,377,702,579,1079,598,1060,1658
161873,2,999,2,169,232,57,66,401,123,226,298,524
162104,2,999,2,232,255,343,565,487,908,575,820,1395
162122,2,999,2,683,828,801,1209,1511,2010,1484,2037,3521
162168,2,999,2,173,222,338,682,395,1020,511,904,1415
162210,2,999,2,121,172,44,61,293,105,165,233,398
162283,2,999,2,278,786,37,108,1064,145,315,894,1209
162584,2,999,2,1232,1164,189,280,2396,469,1421,1444,2865
162654,2,999,2,316,637,7,16,953,23,323,653,976
162690,2,999,2,411,545,520,1035,956,1555,931,1580,2511
162706,2,999,2,727,724,807,1226,1451,2033,1534,1950,3484
162830,2,999,2,3,66,0,0,69,0,3,66,69
163028,2,999,2,484,49,102,10,533,112,586,59,645
163204,2,999,2,1531,1685,5817,4272,3216,10089,7348,5957,13305
163259,2,999,2,75,388,8,51,463,59,83,439,522
163268,2,999,2,4587,3924,497,406,8511,903,5084,4330,9414
163286,2,999,2,13564,13585,934,676,27149,1610,14498,14261,28759
163295,2,999,2,285,991,11,16,1276,27,296,1007,1303
163338,2,999,2,747,899,47,35,1646,82,794,934,1728
163453,2,999,2,2416,4103,147,173,6519,320,2563,4276,6839
163462,2,999,2,818,906,29,35,1724,64,847,941,1788
163578,2,999,2,3,338,1,31,341,32,4,369,373
163851,2,999,2,2535,3044,227,180,5579,407,2762,3224,5986
163912,2,999,2,580,837,14,19,1417,33,594,856,1450
163976,2,999,2,221,224,0,1,445,1,221,225,446
164076,2,999,2,5606,8272,582,702,13878,1284,6188,8974,15162
164155,2,999,2,3153,1261,0,0,4414,0,3153,1261,4414
164216,2,999,2,387,545,7,3,932,10,394,548,942
164270,2,999,2,708,1012,10,8,1720,18,718,1020,1738
164313,2,999,2,137,186,439,873,323,1312,576,1059,1635
164465,2,999,2,893,978,0,0,1871,0,893,978,1871
164492,2,999,2,399,348,36,49,747,85,435,397,832
164599,2,999,2,0,0,0,4,0,4,0,4,4
164632,2,999,2,0,530,4,96,530,100,4,626,630
164739,2,999,2,2464,1599,38,17,4063,55,2502,1616,4118
164775,2,999,2,127,141,216,360,268,576,343,501,844
164845,2,999,2,0,37,0,1,37,1,0,38,38
164872,2,999,2,44,73,4,9,117,13,48,82,130
164988,2,999,2,7310,10304,159,174,17614,333,7469,10478,17947
165015,2,999,2,1564,2103,3,4,3667,7,1567,2107,3674
165024,2,999,2,2527,3548,424,541,6075,965,2951,4089,7040
165033,2,999,2,691,919,727,1297,1610,2024,1418,2216,3634
165112,2,999,2,835,916,1403,1947,1751,3350,2238,2863,5101
165167,2,999,2,7,17,45,86,24,131,52,103,155
165194,2,999,2,240,266,379,517,506,896,619,783,1402
165264,2,999,2,3,10,8,108,13,116,11,118,129
165334,2,999,2,952,1327,12,13,2279,25,964,1340,2304
165556,2,999,2,26,257,6,29,283,35,32,286,318
165662,2,999,2,1397,2658,13,29,4055,42,1410,2687,4097
165671,2,999,2,414,1384,18,77,1798,95,432,1461,1893
165820,2,999,2,1028,1108,154,193,2136,347,1182,1301,2483
165866,2,999,2,1032,1237,131,188,2269,319,1163,1425,2588
165936,2,999,2,480,744,21,23,1224,44,501,767,1268
165981,2,999,2,103,164,235,343,267,578,338,507,845
166018,2,999,2,184,306,0,0,490,0,184,306,490
166027,2,999,2,3441,3753,284,302,7194,586,3725,4055,7780
166133,2,999,2,410,521,515,880,931,1395,925,1401,2326
166391,2,999,2,410,752,11,13,1162,24,421,765,1186
166513,2,999,2,5224,3633,676,502,8857,1178,5900,4135,10035
166629,2,999,2,10937,11482,352,307,22419,659,11289,11789,23078
166647,2,999,2,500,368,617,700,868,1317,1117,1068,2185
166674,2,999,2,340,986,36,70,1326,106,376,1056,1432
166683,2,999,2,2353,2209,30,18,4562,48,2383,2227,4610
166717,2,999,2,1,2,0,4,3,4,1,6,7
166823,2,999,2,637,716,769,1062,1353,1831,1406,1778,3184
166850,2,999,2,1830,2115,65,103,3945,168,1895,2218,4113
166887,2,999,2,617,684,1936,2598,1301,4534,2553,3282,5835
166911,2,999,2,62,214,3,5,276,8,65,219,284
166939,2,999,2,0,2122,2,3,2122,5,2,2125,2127
166957,2,999,2,265,350,382,746,615,1128,647,1096,1743
167288,2,999,2,279,357,31,64,636,95,310,421,731
167312,2,999,2,411,506,633,1086,917,1719,1044,1592,2636
167358,2,999,2,7074,9115,14,9,16189,23,7088,9124,16212
167376,2,999,2,463,467,850,1319,930,2169,1313,1786,3099
167394,2,999,2,182,441,16,58,623,74,198,499,697
167534,2,999,2,714,665,1115,1613,1379,2728,1829,2278,4107
167598,2,999,2,186,636,8,36,822,44,194,672,866
167729,2,999,2,1165,2369,271,448,3534,719,1436,2817,4253
167783,2,999,2,0,1541,0,48,1541,48,0,1589,1589
167835,2,999,2,0,2459,0,0,2459,0,0,2459,2459
167871,2,999,2,5,26,13,21,31,34,18,47,65
167905,2,999,2,548,497,540,840,1045,1380,1088,1337,2425
167987,2,999,2,2181,2189,168,164,4370,332,2349,2353,4702
168005,2,999,2,1500,2576,65,63,4076,128,1565,2639,4204
168148,2,999,2,2903,3706,54,74,6609,128,2957,3780,6737
168227,2,999,2,2529,757,196,59,3286,255,2725,816,3541
168254,2,999,2,1314,966,35,18,2280,53,1349,984,2333
168342,2,999,2,1000,1125,11,12,2125,23,1011,1137,2148
168421,2,999,2,3190,1899,89,34,5089,123,3279,1933,5212
168430,2,999,2,1219,1971,280,359,3190,639,1499,2330,3829
168528,2,999,2,893,762,29,40,1655,69,922,802,1724
168546,2,999,2,679,753,4,3,1432,7,683,756,1439
168591,2,999,2,560,651,15,5,1211,20,575,656,1231
168607,2,999,2,251,181,373,493,432,866,624,674,1298
168740,2,999,2,507,532,55,56,1039,111,562,588,1150
168786,2,999,2,451,569,39,44,1020,83,490,613,1103
168847,2,999,2,212,641,315,763,853,1078,527,1404,1931
168892,2,999,2,2,39,0,28,41,28,2,67,69
169248,2,999,2,3320,5063,256,412,8383,668,3576,5475,9051
169275,2,999,2,511,784,938,1596,1295,2534,1449,2380,3829
169284,2,999,2,5,127,5,35,132,40,10,162,172
169442,2,999,2,337,702,93,150,1039,243,430,852,1282
169503,2,999,2,0,169,0,0,169,0,0,169,169
169521,2,999,2,668,874,1118,1799,1542,2917,1786,2673,4459
169576,2,999,2,0,15,0,0,15,0,0,15,15
169655,2,999,2,747,45,0,0,792,0,747,45,792
169716,2,999,2,716,1281,629,302,1997,931,1345,1583,2928
169798,2,999,2,2895,4615,767,922,7510,1689,3662,5537,9199
169910,2,999,2,2892,3203,590,837,6095,1427,3482,4040,7522
169992,2,999,2,130,158,135,223,288,358,265,381,646
170000,2,999,2,157,147,69,112,304,181,226,259,485
170055,2,999,2,1430,1517,2178,3090,2947,5268,3608,4607,8215
170082,2,999,2,6113,9714,672,836,15827,1508,6785,10550,17335
170240,2,999,2,1509,1740,2214,2797,3249,5011,3723,4537,8260
170286,2,999,2,756,765,17,15,1521,32,773,780,1553
170550,2,999,2,235,332,512,1120,567,1632,747,1452,2199
170587,2,999,2,110,160,243,362,270,605,353,522,875
170639,2,999,2,549,643,107,176,1192,283,656,819,1475
170657,2,999,2,1127,1288,1871,2364,2415,4235,2998,3652,6650
170675,2,999,2,1156,456,289,217,1612,506,1445,673,2118
170790,2,999,2,1757,1831,3012,4045,3588,7057,4769,5876,10645
170806,2,999,2,448,689,109,105,1137,214,557,794,1351
170976,2,999,2,14568,16359,707,552,30927,1259,15275,16911,32186
171100,2,999,2,17003,18565,1507,1346,35568,2853,18510,19911,38421
171137,2,999,2,2237,2035,499,394,4272,893,2736,2429,5165
171146,2,999,2,891,1355,360,593,2246,953,1251,1948,3199
171155,2,999,2,367,447,629,1252,814,1881,996,1699,2695
171225,2,999,2,201,286,456,760,487,1216,657,1046,1703
171304,2,999,2,420,559,523,940,979,1463,943,1499,2442
171456,2,999,2,2141,3141,172,216,5282,388,2313,3357,5670
171483,2,999,2,444,467,604,684,911,1288,1048,1151,2199
171492,2,999,2,726,371,110,60,1097,170,836,431,1267
171571,2,999,2,3845,5440,784,813,9285,1597,4629,6253,10882
172200,2,999,2,831,728,1579,1924,1559,3503,2410,2652,5062
172291,2,999,2,330,562,547,955,892,1502,877,1517,2394
172307,2,999,2,329,363,316,369,692,685,645,732,1377
172334,2,999,2,305,481,46,78,786,124,351,559,910
172422,2,999,2,77,25,0,0,102,0,77,25,102
172617,2,999,2,1094,1055,1994,2339,2149,4333,3088,3394,6482
172644,2,999,2,4468,6756,1021,1310,11224,2331,5489,8066,13555
172680,2,999,2,3,49,1,33,52,34,4,82,86
172699,2,999,2,5313,5549,794,713,10862,1507,6107,6262,12369
173045,2,999,2,903,1176,21,22,2079,43,924,1198,2122
173142,2,999,2,309,316,65,85,625,150,374,401,775
173160,2,999,2,800,1176,145,222,1976,367,945,1398,2343
173258,2,999,2,995,1011,3,8,2006,11,998,1019,2017
173300,2,999,2,815,941,29,21,1756,50,844,962,1806
173452,2,999,2,296,302,4,17,598,21,300,319,619
173647,2,999,2,893,1127,20,18,2020,38,913,1145,2058
173665,2,999,2,600,1043,19,18,1643,37,619,1061,1680
173902,2,999,2,898,1246,19,12,2144,31,917,1258,2175
174066,2,999,2,12681,15439,3764,5140,28120,8904,16445,20579,37024
174075,2,999,2,301,488,343,497,789,840,644,985,1629
174127,2,999,2,203,441,7,6,644,13,210,447,657
174233,2,999,2,3698,3584,588,676,7282,1264,4286,4260,8546
174251,2,999,2,433,541,26,32,974,58,459,573,1032
174491,2,999,2,746,1095,424,775,1841,1199,1170,1870,3040
174507,2,999,2,20,33,16,76,53,92,36,109,145
174747,2,999,2,0,1418,0,15,1418,15,0,1433,1433
174792,2,999,2,1479,0,44,0,1479,44,1523,0,1523
174899,2,999,2,517,944,14,45,1461,59,531,989,1520
174914,2,999,2,2866,2755,85,47,5621,132,2951,2802,5753
174978,2,999,2,2,69,1,10,71,11,3,79,82
175005,2,999,2,9,1349,23,276,1358,299,32,1625,1657
175014,2,999,2,84,375,55,348,459,403,139,723,862
175120,2,999,2,126,41,0,0,167,0,126,41,167
175227,2,999,2,760,171,92,29,931,121,852,200,1052
175421,2,999,2,387,496,48,58,883,106,435,554,989
175430,2,999,2,251,247,169,176,498,345,420,423,843
175573,2,999,2,713,903,333,519,1616,852,1046,1422,2468
175616,2,999,2,550,703,123,194,1253,317,673,897,1570
175652,2,999,2,937,932,389,499,1869,888,1326,1431,2757
175786,2,999,2,1698,2160,1507,2072,3858,3579,3205,4232,7437
175810,2,999,2,954,1355,493,877,2309,1370,1447,2232,3679
175829,2,999,2,1111,1510,498,835,2621,1333,1609,2345,3954
175856,2,999,2,1431,2232,121,168,3663,289,1552,2400,3952
175883,2,999,2,984,1445,532,843,2429,1375,1516,2288,3804
175935,2,999,2,491,767,222,365,1258,587,713,1132,1845
175980,2,999,2,340,280,1,2,620,3,341,282,623
176008,2,999,2,486,718,174,360,1204,534,660,1078,1738
176017,2,999,2,6701,9078,409,285,15779,694,7110,9363,16473
176035,2,999,2,235,947,175,272,1182,447,410,1219,1629
176044,2,999,2,439,471,199,324,910,523,638,795,1433
176053,2,999,2,770,1081,172,180,1851,352,942,1261,2203
176080,2,999,2,7866,8039,564,413,15905,977,8430,8452,16882
176178,2,999,2,1587,2351,930,1544,3938,2474,2517,3895,6412
176239,2,999,2,1306,1884,427,791,3190,1218,1733,2675,4408
176318,2,999,2,154,225,64,69,379,133,218,294,512
176372,2,999,2,2580,5006,296,493,7586,789,2876,5499,8375
176433,2,999,2,1,21,0,9,22,9,1,30,31
176479,2,999,2,422,723,553,874,1145,1427,975,1597,2572
176628,2,999,2,330,432,19,35,762,54,349,467,816
176947,2,999,2,501,528,8,5,1029,13,509,533,1042
176965,2,999,2,2176,2576,630,1015,4752,1645,2806,3591,6397
176983,2,999,2,40,6,5,5,46,10,45,11,56
177038,2,999,2,9,18,4,9,27,13,13,27,40
177135,2,999,2,650,892,602,1115,1542,1717,1252,2007,3259
177144,2,999,2,465,353,21,30,818,51,486,383,869
177214,2,999,2,596,721,5,10,1317,15,601,731,1332
177250,2,999,2,474,632,422,713,1106,1135,896,1345,2241
177302,2,999,2,75,4,0,0,79,0,75,4,79
177418,2,999,2,295,284,9,13,579,22,304,297,601
177472,2,999,2,1720,2205,1998,2503,3925,4501,3718,4708,8426
177676,2,999,2,671,866,594,829,1537,1423,1265,1695,2960
177685,2,999,2,8,102,0,0,110,0,8,102,110
177940,2,999,2,452,635,185,284,1087,469,637,919,1556
177977,2,999,2,1513,262,175,109,1775,284,1688,371,2059
177986,2,999,2,29,53,17,33,82,50,46,86,132
177995,2,999,2,2155,2648,1843,2803,4803,4646,3998,5451,9449
178059,2,999,2,1044,1850,184,558,2894,742,1228,2408,3636
178217,2,999,2,409,690,282,542,1099,824,691,1232,1923
178341,2,999,2,844,1327,403,668,2171,1071,1247,1995,3242
178369,2,999,2,724,422,80,182,1146,262,804,604,1408
178387,2,999,2,869,1248,469,868,2117,1337,1338,2116,3454
178396,2,999,2,9749,11835,666,621,21584,1287,10415,12456,22871
178402,2,999,2,1868,3089,1741,2354,4957,4095,3609,5443,9052
178411,2,999,2,3647,1120,379,143,4767,522,4026,1263,5289
178420,2,999,2,1395,1881,2905,4238,3276,7143,4300,6119,10419
178448,2,999,2,800,1190,884,1453,1990,2337,1684,2643,4327
178615,2,999,2,1103,1701,275,354,2804,629,1378,2055,3433
178624,2,999,2,1624,2482,316,486,4106,802,1940,2968,4908
178679,2,999,2,246,212,32,47,458,79,278,259,537
178697,2,999,2,634,821,3,11,1455,14,637,832,1469
178721,2,999,2,760,898,390,303,1658,693,1150,1201,2351
178891,2,999,2,926,74,162,7,1000,169,1088,81,1169
178989,2,999,2,10,98,0,4,108,4,10,102,112
179043,2,999,2,563,938,295,508,1501,803,858,1446,2304
179308,2,999,2,1830,2557,1863,3127,4387,4990,3693,5684,9377
179326,2,999,2,466,620,161,288,1086,449,627,908,1535
179344,2,999,2,184,372,307,637,556,944,491,1009,1500
179539,2,999,2,575,989,605,968,1564,1573,1180,1957,3137
179557,2,999,2,2316,3493,729,1043,5809,1772,3045,4536,7581
179566,2,999,2,4045,6397,2677,3580,10442,6257,6722,9977,16699
179645,2,999,2,351,665,343,608,1016,951,694,1273,1967
179715,2,999,2,211,438,230,552,649,782,441,990,1431
179867,2,999,2,3471,3927,54,76,7398,130,3525,4003,7528
179894,2,999,2,648,941,43,57,1589,100,691,998,1689
179946,2,999,2,321,266,3,3,587,6,324,269,593
180081,2,999,2,153,83,170,186,236,356,323,269,592
180106,2,999,2,419,634,7,4,1053,11,426,638,1064
180151,2,999,2,98,93,109,91,191,200,207,184,391
180179,2,999,2,554,761,420,765,1315,1185,974,1526,2500
180197,2,999,2,190,240,540,582,430,1122,730,822,1552
180249,2,999,2,94,178,156,366,272,522,250,544,794
180258,2,999,2,148,190,3,13,338,16,151,203,354
180276,2,999,2,122,114,369,530,236,899,491,644,1135
180416,2,999,2,718,448,38,23,1166,61,756,471,1227
180461,2,999,2,6266,5452,919,775,11718,1694,7185,6227,13412
180522,2,999,2,387,198,124,137,585,261,511,335,846
180595,2,999,2,400,377,4,6,777,10,404,383,787
180647,2,999,2,63,122,17,34,185,51,80,156,236
180692,2,999,2,331,551,60,118,882,178,391,669,1060
180814,2,999,2,791,777,393,439,1568,832,1184,1216,2400
180902,2,999,2,793,727,1510,2070,1520,3580,2303,2797,5100
180948,2,999,2,514,790,56,104,1304,160,570,894,1464
181002,2,999,2,1707,2363,26,24,4070,50,1733,2387,4120
181020,2,999,2,486,371,7,2,857,9,493,373,866
181127,2,999,2,432,464,4,3,896,7,436,467,903
181145,2,999,2,2,14,0,0,16,0,2,14,16
181190,2,999,2,1,76,0,0,77,0,1,76,77
181215,2,999,2,1287,2102,111,217,3389,328,1398,2319,3717
181297,2,999,2,29,361,15,119,390,134,44,480,524
181303,2,999,2,1645,1527,3861,3951,3172,7812,5506,5478,10984
181312,2,999,2,292,303,469,659,595,1128,761,962,1723
181330,2,999,2,586,533,47,90,1119,137,633,623,1256
181394,2,999,2,3771,5106,503,501,8877,1004,4274,5607,9881
181428,2,999,2,61,555,5,44,616,49,66,599,665
181446,2,999,2,666,756,6,13,1422,19,672,769,1441
181464,2,999,2,8697,8988,424,314,17685,738,9121,9302,18423
181491,2,999,2,1032,831,998,1330,1863,2328,2030,2161,4191
181604,2,999,2,0,382,15,16,382,31,15,398,413
181640,2,999,2,1604,1088,2101,2730,2692,4831,3705,3818,7523
181738,2,999,2,175,240,37,61,415,98,212,301,513
181783,2,999,2,1170,1544,362,509,2714,871,1532,2053,3585
181817,2,999,2,247,264,296,444,511,740,543,708,1251
182005,2,999,2,3033,4014,5166,6822,7047,11988,8199,10836,19035
182281,2,999,2,7274,9804,1494,1839,17078,3333,8768,11643,20411
182290,2,999,2,6077,6949,1121,1250,13026,2371,7198,8199,15397
182306,2,999,2,273,318,502,915,591,1417,775,1233,2008
182500,2,999,2,892,1205,2049,2440,2097,4489,2941,3645,6586
182564,2,999,2,403,594,674,704,997,1378,1077,1298,2375
182670,2,999,2,2260,2176,0,0,4436,0,2260,2176,4436
182704,2,999,2,1,34,0,11,35,11,1,45,46
182722,2,999,2,3,54,0,13,57,13,3,67,70
182892,2,999,2,0,16,0,7,16,7,0,23,23
182980,2,999,2,387,459,9,7,846,16,396,466,862
183026,2,999,2,4981,7073,9760,15637,12054,25397,14741,22710,37451
183044,2,999,2,4744,6293,139,101,11037,240,4883,6394,11277
183062,2,999,2,1164,1400,41,27,2564,68,1205,1427,2632
183071,2,999,2,169,171,20,22,340,42,189,193,382
183080,2,999,2,1576,1547,61,38,3123,99,1637,1585,3222
183202,2,999,2,1,57,0,4,58,4,1,61,62
183239,2,999,2,766,1167,12,7,1933,19,778,1174,1952
183257,2,999,2,52,129,23,73,181,96,75,202,277
183275,2,999,2,41,43,0,0,84,0,41,43,84
183488,2,999,2,11,241,3,24,252,27,14,265,279
183655,2,999,2,654,842,549,807,1496,1356,1203,1649,2852
183743,2,999,2,2654,2321,1653,1633,4975,3286,4307,3954,8261
183789,2,999,2,213,441,70,145,654,215,283,586,869
183822,2,999,2,404,559,16,23,963,39,420,582,1002
183859,2,999,2,1951,1749,1998,2255,3700,4253,3949,4004,7953
183910,2,999,2,581,893,22,14,1474,36,603,907,1510
183938,2,999,2,1083,1346,967,1309,2429,2276,2050,2655,4705
184056,2,999,2,67,204,17,44,271,61,84,248,332
184180,2,999,2,1400,962,1222,1030,2362,2252,2622,1992,4614
184205,2,999,2,249,408,290,440,657,730,539,848,1387
184427,2,999,2,198,11,76,10,209,86,274,21,295
184481,2,999,2,1000,1275,913,1063,2275,1976,1913,2338,4251
184506,2,999,2,3,37,1,14,40,15,4,51,55
184603,2,999,2,840,921,1335,1685,1761,3020,2175,2606,4781
184612,2,999,2,384,901,17,54,1285,71,401,955,1356
184694,2,999,2,866,1040,50,41,1906,91,916,1081,1997
184773,2,999,2,230,691,149,203,921,352,379,894,1273
184782,2,999,2,6561,5853,592,579,12414,1171,7153,6432,13585
184791,2,999,2,1156,1374,770,1148,2530,1918,1926,2522,4448
184816,2,999,2,1,30,1,11,31,12,2,41,43
184959,2,999,2,13,122,18,107,135,125,31,229,260
184995,2,999,2,1136,1359,716,956,2495,1672,1852,2315,4167
185262,2,999,2,2946,4599,476,657,7545,1133,3422,5256,8678
185396,2,999,2,1221,39,139,5,1260,144,1360,44,1404
185509,2,999,2,931,734,1151,1317,1665,2468,2082,2051,4133
185536,2,999,2,1825,1797,1983,2129,3622,4112,3808,3926,7734
185572,2,999,2,1299,2299,56,59,3598,115,1355,2358,3713
185590,2,999,2,5722,8829,554,707,14551,1261,6276,9536,15812
185721,2,999,2,49,106,15,36,155,51,64,142,206
185828,2,999,2,4905,1851,790,375,6756,1165,5695,2226,7921
185873,2,999,2,1371,1349,1302,1736,2720,3038,2673,3085,5758
186016,2,999,2,12,160,3,88,172,91,15,248,263
186034,2,999,2,698,860,785,1093,1558,1878,1483,1953,3436
186131,2,999,2,2734,2761,32,23,5495,55,2766,2784,5550
186201,2,999,2,1688,2362,156,243,4050,399,1844,2605,4449
186283,2,999,2,1247,1626,31,43,2873,74,1278,1669,2947
186371,2,999,2,1136,1711,172,108,2847,280,1308,1819,3127
186380,2,999,2,16800,16758,492,426,33558,918,17292,17184,34476
186399,2,999,2,2573,2964,280,324,5537,604,2853,3288,6141
186405,2,999,2,0,7,0,0,7,0,0,7,7
186432,2,999,2,653,1007,78,97,1660,175,731,1104,1835
186469,2,999,2,203,215,119,226,418,345,322,441,763
186584,2,999,2,2576,3176,65,53,5752,118,2641,3229,5870
186618,2,999,2,218,321,6,72,539,78,224,393,617
186645,2,999,2,1273,1050,1236,1298,2323,2534,2509,2348,4857
186867,2,999,2,2736,1297,16,4,4033,20,2752,1301,4053
186876,2,999,2,2696,4262,100,118,6958,218,2796,4380,7176
187046,2,999,2,1,12,458,375,13,833,459,387,846
187134,2,999,2,2881,3860,85,66,6741,151,2966,3926,6892
187198,2,999,2,1447,1483,859,1175,2930,2034,2306,2658,4964
187444,2,999,2,1843,2472,205,261,4315,466,2048,2733,4781
187532,2,999,2,1243,1688,3214,4719,2931,7933,4457,6407,10864
187620,2,999,2,978,1300,1003,1568,2278,2571,1981,2868,4849
187639,2,999,2,147,265,376,589,412,965,523,854,1377
187648,2,999,2,613,897,421,535,1510,956,1034,1432,2466
187897,2,999,2,334,357,76,122,691,198,410,479,889
187912,2,999,2,288,57,46,33,345,79,334,90,424
187958,2,999,2,186,277,435,594,463,1029,621,871,1492
187967,2,999,2,721,300,35,20,1021,55,756,320,1076
187976,2,999,2,25,41,290,304,66,594,315,345,660
187985,2,999,2,4496,6125,848,1068,10621,1916,5344,7193,12537
187994,2,999,2,59,110,181,287,169,468,240,397,637
188003,2,999,2,78,148,449,669,226,1118,527,817,1344
188021,2,999,2,41,70,140,265,111,405,181,335,516
188030,2,999,2,3488,4836,524,652,8324,1176,4012,5488,9500
188049,2,999,2,82,134,540,765,216,1305,622,899,1521
188100,2,999,2,415,601,652,1314,1016,1966,1067,1915,2982
188137,2,999,2,166,276,501,674,442,1175,667,950,1617
188225,2,999,2,33,57,273,492,90,765,306,549,855
188261,2,999,2,53,25,185,183,78,368,238,208,446
188340,2,999,2,632,105,113,11,737,124,745,116,861
188429,2,999,2,1470,3074,68,128,4544,196,1538,3202,4740
188438,2,999,2,603,648,449,506,1251,955,1052,1154,2206
188517,2,999,2,82,83,5,30,165,35,87,113,200
188641,2,999,2,596,647,27,25,1243,52,623,672,1295
188854,2,999,2,375,1042,0,0,1417,0,375,1042,1417
189219,2,999,2,33,1,0,0,34,0,33,1,34
189228,2,999,2,228,408,85,129,636,214,313,537,850
189282,2,999,2,9,91,3,35,100,38,12,126,138
189547,2,999,2,924,1130,1064,1340,2054,2404,1988,2470,4458
189565,2,999,2,80,130,5,19,210,24,85,149,234
189583,2,999,2,70,159,74,103,229,177,144,262,406
189592,2,999,2,56,60,3,17,116,20,59,77,136
189705,2,999,2,838,852,24,15,1690,39,862,867,1729
189839,2,999,2,289,390,927,1332,679,2259,1216,1722,2938
190044,2,999,2,1797,810,23,13,2607,36,1820,823,2643
190053,2,999,2,142,115,249,323,257,572,391,438,829
190071,2,999,2,0,4,2,6,4,8,2,10,12
190099,2,999,2,1382,1728,7,9,3110,16,1389,1737,3126
190169,2,999,2,175,194,284,393,369,677,459,587,1046
190239,2,999,2,0,62,2,14,62,16,2,76,78
190372,2,999,2,428,443,0,0,871,0,428,443,871
190415,2,999,2,7038,8518,21,15,15556,36,7059,8533,15592
190442,2,999,2,530,651,948,1248,1181,2196,1478,1899,3377
190503,2,999,2,1169,1277,25,27,2446,52,1194,1304,2498
190761,2,999,2,356,526,5,18,882,23,361,544,905
190840,2,999,2,1146,1193,1739,2159,2339,3898,2885,3352,6237
191083,2,999,2,1916,1623,1021,1261,3539,2282,2937,2884,5821
191126,2,999,2,1025,5371,158,454,6396,612,1183,5825,7008
191199,2,999,2,769,732,1132,1603,1501,2735,1901,2335,4236
191205,2,999,2,314,121,11,22,435,33,325,143,468
191241,2,999,2,3742,5790,88,113,9532,201,3830,5903,9733
191302,2,999,2,274,310,410,574,584,984,684,884,1568
191311,2,999,2,29,42,0,0,71,0,29,42,71
191339,2,999,2,485,696,962,1397,1181,2359,1447,2093,3540
191515,2,999,2,927,1143,1,0,2070,1,928,1143,2071
191533,2,999,2,440,615,5,10,1055,15,445,625,1070
191597,2,999,2,8,30,7,30,38,37,15,60,75
191612,2,999,2,382,437,302,462,819,764,684,899,1583
191649,2,999,2,2457,3315,106,89,5772,195,2563,3404,5967
191676,2,999,2,257,427,31,43,684,74,288,470,758
191719,2,999,2,2259,1579,1522,1951,3838,3473,3781,3530,7311
191940,2,999,2,2,40,0,0,42,0,2,40,42
191986,2,999,2,556,629,923,1153,1185,2076,1479,1782,3261
192022,2,999,2,375,501,323,543,876,866,698,1044,1742
192192,2,999,2,214,573,7,11,787,18,221,584,805
192271,2,999,2,99,810,3,59,909,62,102,869,971
192323,2,999,2,897,1244,47,227,2141,274,944,1471,2415
192448,2,999,2,1656,2964,2564,3142,4620,5706,4220,6106,10326
192703,2,999,2,1591,1205,55,19,2796,74,1646,1224,2870
192712,2,999,2,239,244,1,4,483,5,240,248,488
192749,2,999,2,476,667,15,16,1143,31,491,683,1174
192785,2,999,2,10,72,18,142,82,160,28,214,242
192819,2,999,2,2009,2852,229,262,4861,491,2238,3114,5352
193016,2,999,2,1164,2568,362,624,3732,986,1526,3192,4718
193283,2,999,2,923,1001,1253,1508,1924,2761,2176,2509,4685
193292,2,999,2,739,1696,64,221,2435,285,803,1917,2720
193326,2,999,2,1669,1795,830,1053,3464,1883,2499,2848,5347
193380,2,999,2,0,0,2,15,0,17,2,15,17
193399,2,999,2,454,1392,16,104,1846,120,470,1496,1966
193478,2,999,2,3216,2672,1600,1622,5888,3222,4816,4294,9110
193584,2,999,2,524,1356,8,31,1880,39,532,1387,1919
193654,2,999,2,1418,4945,77,207,6363,284,1495,5152,6647
193858,2,999,2,10,182,0,0,192,0,10,182,192
193900,2,999,2,11281,16359,356,441,27640,797,11637,16800,28437
193946,2,999,2,767,978,527,797,1745,1324,1294,1775,3069
193973,2,999,2,843,1517,12,15,2360,27,855,1532,2387
193991,2,999,2,2,23,1,4,25,5,3,27,30
194028,2,999,2,126,250,303,559,376,862,429,809,1238
194091,2,999,2,1646,1118,259,160,2764,419,1905,1278,3183
194116,2,999,2,8,89,8,75,97,83,16,164,180
194222,2,999,2,1270,1182,1940,1941,2452,3881,3210,3123,6333
194240,2,999,2,842,913,925,1313,1755,2238,1767,2226,3993
194310,2,999,2,2315,4894,260,270,7209,530,2575,5164,7739
194392,2,999,2,400,226,5,5,626,10,405,231,636
194578,2,999,2,1021,2711,18,44,3732,62,1039,2755,3794
194824,2,999,2,4022,1786,47,11,5808,58,4069,1797,5866
195003,2,999,2,8207,4277,739,263,12484,1002,8946,4540,13486
195058,2,999,2,1280,1012,961,1141,2292,2102,2241,2153,4394
195067,2,999,2,6,137,1,45,143,46,7,182,189
195128,2,999,2,283,710,1,16,993,17,284,726,1010
195164,2,999,2,976,788,34,38,1764,72,1010,826,1836
195216,2,999,2,975,1152,6,7,2127,13,981,1159,2140
195234,2,999,2,430,872,18,17,1302,35,448,889,1337
195243,2,999,2,491,463,384,470,954,854,875,933,1808
195322,2,999,2,392,413,1028,1273,805,2301,1420,1686,3106
195474,2,999,2,1514,1885,26,37,3399,63,1540,1922,3462
195526,2,999,2,1124,1596,12,16,2720,28,1136,1612,2748
195544,2,999,2,925,1963,37,56,2888,93,962,2019,2981
195702,2,999,2,13,55,2,16,68,18,15,71,86
195720,2,999,2,1036,1438,17,24,2474,41,1053,1462,2515
195988,2,999,2,291,263,343,508,554,851,634,771,1405
196006,2,999,2,1947,884,53,70,2831,123,2000,954,2954
196015,2,999,2,906,896,60,81,1802,141,966,977,1943
196024,2,999,2,1022,821,35,83,1843,118,1057,904,1961
196033,2,999,2,651,909,31,41,1560,72,682,950,1632
196042,2,999,2,4019,2689,681,457,6708,1138,4700,3146,7846
196051,2,999,2,814,619,40,71,1433,111,854,690,1544
196060,2,999,2,5009,6157,211,222,11166,433,5220,6379,11599
196079,2,999,2,6549,7071,158,104,13620,262,6707,7175,13882
196088,2,999,2,9966,8458,530,706,18424,1236,10496,9164,19660
196097,2,999,2,7684,8063,401,311,15747,712,8085,8374,16459
196103,2,999,2,603,603,139,150,1206,289,742,753,1495
196112,2,999,2,1131,413,65,83,1544,148,1196,496,1692
196121,2,999,2,1733,2384,117,197,4117,314,1850,2581,4431
196130,2,999,2,1897,2542,143,149,4439,292,2040,2691,4731
196149,2,999,2,2636,3108,58,41,5744,99,2694,3149,5843
196158,2,999,2,1248,1772,31,47,3020,78,1279,1819,3098
196167,2,999,2,1365,2550,55,65,3915,120,1420,2615,4035
196176,2,999,2,1786,3508,153,200,5294,353,1939,3708,5647
196185,2,999,2,1813,2881,42,32,4694,74,1855,2913,4768
196194,2,999,2,2521,2775,107,88,5296,195,2628,2863,5491
196200,2,999,2,726,1172,18,45,1898,63,744,1217,1961
196219,2,999,2,1134,1601,68,95,2735,163,1202,1696,2898
196246,2,999,2,1321,2019,77,75,3340,152,1398,2094,3492
196255,2,999,2,23,106,2,7,129,9,25,113,138
196264,2,999,2,326,684,476,482,1010,958,802,1166,1968
196291,2,999,2,987,158,61,6,1145,67,1048,164,1212
196307,2,999,2,14,57,0,8,71,8,14,65,79
196413,2,999,2,6568,8084,172,128,14652,300,6740,8212,14952
196565,2,999,2,442,427,1307,1705,869,3012,1749,2132,3881
196653,2,999,2,10,130,42,167,140,209,52,297,349
196699,2,999,2,433,432,852,760,865,1612,1285,1192,2477
197036,2,999,2,3359,993,0,0,4352,0,3359,993,4352
197045,2,999,2,861,1048,51,110,1909,161,912,1158,2070
197285,2,999,2,139,227,36,76,366,112,175,303,478
197294,2,999,2,1895,1663,1429,1402,3558,2831,3324,3065,6389
197337,2,999,2,1,30,0,0,31,0,1,30,31
197708,2,999,2,1508,1272,63,7,2780,70,1571,1279,2850
197814,2,999,2,221,338,496,818,559,1314,717,1156,1873
197850,2,999,2,221,315,891,1377,536,2268,1112,1692,2804
197869,2,999,2,7281,9499,374,437,16780,811,7655,9936,17591
197887,2,999,2,500,703,1286,2004,1203,3290,1786,2707,4493
197911,2,999,2,518,452,6,14,970,20,524,466,990
197966,2,999,2,115,210,340,532,325,872,455,742,1197
197993,2,999,2,0,147,0,8,147,8,0,155,155
198066,2,999,2,437,265,7,5,702,12,444,270,714
198109,2,999,2,4,56,8,130,60,138,12,186,198
198118,2,999,2,480,530,793,1095,1010,1888,1273,1625,2898
198136,2,999,2,945,1183,91,73,2128,164,1036,1256,2292
198154,2,999,2,1101,1317,2473,3054,2418,5527,3574,4371,7945
198206,2,999,2,179,236,226,461,415,687,405,697,1102
198260,2,999,2,2446,2817,3381,4558,5263,7939,5827,7375,13202
198303,2,999,2,459,294,4,3,753,7,463,297,760
198330,2,999,2,371,609,556,929,980,1485,927,1538,2465
198367,2,999,2,269,273,559,810,542,1369,828,1083,1911
198385,2,999,2,897,1027,0,0,1924,0,897,1027,1924
198455,2,999,2,266,283,855,1275,549,2130,1121,1558,2679
198464,2,999,2,7058,9521,703,1031,16579,1734,7761,10552,18313
198507,2,999,2,677,783,61,90,1460,151,738,873,1611
198516,2,999,2,2460,3653,84,95,6113,179,2544,3748,6292
198534,2,999,2,864,1164,1378,2110,2028,3488,2242,3274,5516
198543,2,999,2,876,1917,253,467,2793,720,1129,2384,3513
198552,2,999,2,717,858,1413,2386,1575,3799,2130,3244,5374
198570,2,999,2,489,655,1183,1954,1144,3137,1672,2609,4281
198598,2,999,2,363,207,19,33,570,52,382,240,622
198622,2,999,2,1280,1237,1876,2430,2517,4306,3156,3667,6823
198668,2,999,2,146,134,206,353,280,559,352,487,839
198710,2,999,2,177,252,384,607,429,991,561,859,1420
198756,2,999,2,424,434,14,15,858,29,438,449,887
198808,2,999,2,273,458,1,13,731,14,274,471,745
198817,2,999,2,250,309,391,687,559,1078,641,996,1637
198835,2,999,2,575,709,60,102,1284,162,635,811,1446
198862,2,999,2,429,307,10,9,736,19,439,316,755
198899,2,999,2,463,412,5,10,875,15,468,422,890
198905,2,999,2,38,119,218,333,157,551,256,452,708
198950,2,999,2,0,1227,2,40,1227,42,2,1267,1269
198969,2,999,2,656,471,11,23,1127,34,667,494,1161
198987,2,999,2,314,400,860,1345,714,2205,1174,1745,2919
199087,2,999,2,253,320,566,900,573,1466,819,1220,2039
199102,2,999,2,3623,6484,390,388,10107,778,4013,6872,10885
199111,2,999,2,904,1341,90,76,2245,166,994,1417,2411
199120,2,999,2,7394,11483,346,385,18877,731,7740,11868,19608
199139,2,999,2,9579,9175,1302,1025,18754,2327,10881,10200,21081
199148,2,999,2,3490,6981,435,730,10471,1165,3925,7711,11636
199157,2,999,2,1309,2888,164,334,4197,498,1473,3222,4695
199184,2,999,2,339,534,7,13,873,20,346,547,893
199193,2,999,2,11534,11678,1026,723,23212,1749,12560,12401,24961
199218,2,999,2,4113,6893,322,598,11006,920,4435,7491,11926
199272,2,999,2,299,230,13,15,529,28,312,245,557
199281,2,999,2,1405,1947,192,257,3352,449,1597,2204,3801
199324,2,999,2,54,74,307,435,128,742,361,509,870
199412,2,999,2,430,714,12,31,1144,43,442,745,1187
199494,2,999,2,619,811,1450,2249,1430,3699,2069,3060,5129
199607,2,999,2,0,266,0,35,266,35,0,301,301
199625,2,999,2,127,203,319,593,330,912,446,796,1242
199689,2,999,2,1,88,2,15,89,17,3,103,106
199731,2,999,2,139,197,518,724,336,1242,657,921,1578
199740,2,999,2,111,219,437,771,330,1208,548,990,1538
199759,2,999,2,92,93,133,140,185,273,225,233,458
199768,2,999,2,367,404,627,977,771,1604,994,1381,2375
199795,2,999,2,76,128,230,287,204,517,306,415,721
199856,2,999,2,2846,2581,4660,5455,5427,10115,7506,8036,15542
199865,2,999,2,236,446,0,2,682,2,236,448,684
199883,2,999,2,9,44,0,0,53,0,9,44,53
199908,2,999,2,175,229,347,575,404,922,522,804,1326
199926,2,999,2,286,283,583,860,569,1443,869,1143,2012
199971,2,999,2,21,11,0,0,32,0,21,11,32
199999,2,999,2,914,2697,71,187,3611,258,985,2884,3869
200004,2,999,2,3229,4106,237,280,7335,517,3466,4386,7852
200013,2,999,2,7,83,13,55,90,68,20,138,158
200022,2,999,2,792,617,541,832,1409,1373,1333,1449,2782
200059,2,999,2,423,424,136,192,847,328,559,616,1175
200086,2,999,2,29,36,10,27,65,37,39,63,102
200192,2,999,2,159,173,379,639,332,1018,538,812,1350
200217,2,999,2,718,1013,196,240,1731,436,914,1253,2167
200280,2,999,2,3284,3107,984,497,6391,1481,4268,3604,7872
200305,2,999,2,949,447,551,709,1396,1260,1500,1156,2656
200314,2,999,2,99,129,196,391,228,587,295,520,815
200332,2,999,2,4323,4309,378,488,8632,866,4701,4797,9498
200527,2,999,2,122,150,34,68,272,102,156,218,374
200554,2,999,2,99,156,1,4,255,5,100,160,260
200572,2,999,2,340,416,224,309,756,533,564,725,1289
200590,2,999,2,6,24,2,4,30,6,8,28,36
200800,2,999,2,4280,3812,919,1123,8092,2042,5199,4935,10134
200846,2,999,2,179,271,357,489,450,846,536,760,1296
201061,2,999,2,54,181,1,4,235,5,55,185,240
201177,2,999,2,11,92,7,53,103,60,18,145,163
201195,2,999,2,1134,1408,33,27,2542,60,1167,1435,2602
201283,2,999,2,115,129,101,229,244,330,216,358,574
201432,2,999,2,315,485,308,558,800,866,623,1043,1666
201441,2,999,2,4751,6519,755,954,11270,1709,5506,7473,12979
201469,2,999,2,76,167,4,30,243,34,80,197,277
201548,2,999,2,736,1072,14,12,1808,26,750,1084,1834
201645,2,999,2,3067,2818,29,33,5885,62,3096,2851,5947
201654,2,999,2,1722,2071,302,407,3793,709,2024,2478,4502
201821,2,999,2,36,460,9,85,496,94,45,545,590
201885,2,999,2,12367,11752,1444,1412,24119,2856,13811,13164,26975
201946,2,999,2,389,454,2214,2728,843,4942,2603,3182,5785
201955,2,999,2,1130,1505,1177,1899,2635,3076,2307,3404,5711
201964,2,999,2,186,222,203,324,408,527,389,546,935
202046,2,999,2,133,409,10,3,542,13,143,412,555
202170,2,999,2,261,619,0,8,880,8,261,627,888
202222,2,999,2,2263,2478,6190,7985,4741,14175,8453,10463,18916
202356,2,999,2,1362,1543,2726,4134,2905,6860,4088,5677,9765
202453,2,999,2,23,5,0,0,28,0,23,5,28
202480,2,999,2,4196,3850,115,121,8046,236,4311,3971,8282
202523,2,999,2,1117,1194,5,4,2311,9,1122,1198,2320
202648,2,999,2,460,564,1033,1682,1024,2715,1493,2246,3739
202763,2,999,2,676,1495,610,916,2171,1526,1286,2411,3697
203085,2,999,2,482,411,8,22,893,30,490,433,923
203128,2,999,2,329,345,114,170,674,284,443,515,958
203155,2,999,2,751,553,112,203,1304,315,863,756,1619
203289,2,999,2,11,1,0,0,12,0,11,1,12
203368,2,999,2,1262,1065,35,22,2327,57,1297,1087,2384
203447,2,999,2,57,97,370,653,154,1023,427,750,1177
203456,2,999,2,7,12,251,495,19,746,258,507,765
203465,2,999,2,359,528,717,1260,887,1977,1076,1788,2864
203474,2,999,2,103,193,385,552,296,937,488,745,1233
203483,2,999,2,180,211,456,658,391,1114,636,869,1505
203492,2,999,2,28,174,260,533,202,793,288,707,995
203517,2,999,2,5911,10193,1083,1578,16104,2661,6994,11771,18765
203526,2,999,2,131,167,482,854,298,1336,613,1021,1634
203544,2,999,2,39,250,43,136,289,179,82,386,468
203580,2,999,2,377,258,36,37,635,73,413,295,708
203599,2,999,2,489,579,873,1337,1068,2210,1362,1916,3278
203678,2,999,2,178,288,1010,1586,466,2596,1188,1874,3062
203720,2,999,2,34,11,1,4,45,5,35,15,50
203748,2,999,2,724,1094,2042,3142,1818,5184,2766,4236,7002
203757,2,999,2,308,333,67,149,641,216,375,482,857
203775,2,999,2,332,388,73,64,720,137,405,452,857
203845,2,999,2,517,496,30,41,1013,71,547,537,1084
203881,2,999,2,98,195,655,1120,293,1775,753,1315,2068
203960,2,999,2,19,198,29,182,217,211,48,380,428
204006,2,999,2,679,811,192,215,1490,407,871,1026,1897
204015,2,999,2,315,381,151,222,696,373,466,603,1069
204024,2,999,2,7812,8501,195,176,16313,371,8007,8677,16684
204194,2,999,2,484,654,75,142,1138,217,559,796,1355
204200,2,999,2,445,505,169,225,950,394,614,730,1344
204255,2,999,2,220,222,362,656,442,1018,582,878,1460
204422,2,999,2,282,308,510,862,590,1372,792,1170,1962
204468,2,999,2,473,402,82,158,875,240,555,560,1115
204617,2,999,2,345,363,24,26,708,50,369,389,758
204635,2,999,2,1272,1069,95,98,2341,193,1367,1167,2534
204662,2,999,2,158,229,17,23,387,40,175,252,427
204671,2,999,2,282,357,56,64,639,120,338,421,759
204680,2,999,2,276,330,57,83,606,140,333,413,746
204699,2,999,2,363,335,70,55,698,125,433,390,823
204705,2,999,2,889,899,162,177,1788,339,1051,1076,2127
204796,2,999,2,20225,20767,1357,1143,40992,2500,21582,21910,43492
204802,2,999,2,83,145,281,479,228,760,364,624,988
204820,2,999,2,149,316,392,741,465,1133,541,1057,1598
204839,2,999,2,117,232,447,882,349,1329,564,1114,1678
204848,2,999,2,155,274,453,792,429,1245,608,1066,1674
204857,2,999,2,6113,7997,343,642,14110,985,6456,8639,15095
204866,2,999,2,80,275,426,824,355,1250,506,1099,1605
204909,2,999,2,607,783,6,5,1390,11,613,788,1401
204936,2,999,2,792,1214,48,48,2006,96,840,1262,2102
204945,2,999,2,619,794,1794,1773,1413,3567,2413,2567,4980
205090,2,999,2,1,6,1,35,7,36,2,41,43
205443,2,999,2,833,1078,294,484,1911,778,1127,1562,2689
205470,2,999,2,1286,1294,3701,5228,2580,8929,4987,6522,11509
205841,2,999,2,988,990,2296,3155,1978,5451,3284,4145,7429
205966,2,999,2,121,228,451,853,349,1304,572,1081,1653
206011,2,999,2,233,183,661,547,416,1208,894,730,1624
206279,2,999,2,6,12,6,21,18,27,12,33,45
206321,2,999,2,1,15,13,1,16,14,14,16,30
206349,2,999,2,20,406,2,30,426,32,22,436,458
206507,2,999,2,422,505,11,13,927,24,433,518,951
206525,2,999,2,573,632,13,14,1205,27,586,646,1232
206589,2,999,2,951,1003,2,3,1954,5,953,1006,1959
206604,2,999,2,1988,2610,524,679,4598,1203,2512,3289,5801
206613,2,999,2,266,438,207,290,704,497,473,728,1201
206622,2,999,2,1974,2427,62,65,4401,127,2036,2492,4528
206695,2,999,2,2961,3542,634,821,6503,1455,3595,4363,7958
206862,2,999,2,432,421,8,11,853,19,440,432,872
206914,2,999,2,537,916,276,430,1453,706,813,1346,2159
206923,2,999,2,293,411,194,436,704,630,487,847,1334
206996,2,999,2,196,333,178,395,529,573,374,728,1102
207041,2,999,2,776,1046,105,180,1822,285,881,1226,2107
207050,2,999,2,213,312,146,278,525,424,359,590,949
207069,2,999,2,207,233,372,644,440,1016,579,877,1456
207102,2,999,2,7,43,0,0,50,0,7,43,50
207209,2,999,2,614,973,12,27,1587,39,626,1000,1626
207236,2,999,2,271,448,331,736,719,1067,602,1184,1786
207263,2,999,2,1212,1711,268,403,2923,671,1480,2114,3594
207281,2,999,2,485,618,677,993,1103,1670,1162,1611,2773
207290,2,999,2,497,447,109,215,944,324,606,662,1268
207306,2,999,2,485,619,110,162,1104,272,595,781,1376
207324,2,999,2,661,710,70,49,1371,119,731,759,1490
207342,2,999,2,62,632,0,6,694,6,62,638,700
207351,2,999,2,358,306,59,113,664,172,417,419,836
207388,2,999,2,8277,8998,779,899,17275,1678,9056,9897,18953
207500,2,999,2,8514,9276,960,1039,17790,1999,9474,10315,19789
207564,2,999,2,880,253,327,281,1133,608,1207,534,1741
207582,2,999,2,945,1475,514,661,2420,1175,1459,2136,3595
207661,2,999,2,624,916,315,457,1540,772,939,1373,2312
207670,2,999,2,641,994,1142,2133,1635,3275,1783,3127,4910
207740,2,999,2,237,358,209,379,595,588,446,737,1183
207847,2,999,2,733,733,166,248,1466,414,899,981,1880
207865,2,999,2,1092,1488,213,339,2580,552,1305,1827,3132
207935,2,999,2,1495,2104,2312,3992,3599,6304,3807,6096,9903
207962,2,999,2,465,55,0,0,520,0,465,55,520
207971,2,999,2,1128,1231,107,78,2359,185,1235,1309,2544
208035,2,999,2,223,241,158,396,464,554,381,637,1018
208275,2,999,2,208,246,151,189,454,340,359,435,794
208318,2,999,2,589,656,750,910,1245,1660,1339,1566,2905
208390,2,999,2,1237,1504,1122,1271,2741,2393,2359,2775,5134
208406,2,999,2,626,673,824,696,1299,1520,1450,1369,2819
208415,2,999,2,66,111,99,101,177,200,165,212,377
208646,2,999,2,507,601,114,219,1108,333,621,820,1441
208822,2,999,2,889,1252,36,43,2141,79,925,1295,2220
209038,2,999,2,1000,1040,1190,1336,2040,2526,2190,2376,4566
209074,2,999,2,691,619,729,980,1310,1709,1420,1599,3019
209250,2,999,2,635,738,1034,829,1373,1863,1669,1567,3236
209490,2,999,2,23,148,12,77,171,89,35,225,260
209506,2,999,2,897,772,861,1112,1669,1973,1758,1884,3642
209542,2,999,2,8970,8389,1806,1867,17359,3673,10776,10256,21032
209551,2,999,2,7743,9939,503,547,17682,1050,8246,10486,18732
209603,2,999,2,62,244,3,4,306,7,65,248,313
209612,2,999,2,585,831,31,53,1416,84,616,884,1500
209746,2,999,2,2248,2888,2595,3488,5136,6083,4843,6376,11219
209807,2,999,2,3252,4661,1543,1918,7913,3461,4795,6579,11374
209825,2,999,2,1175,2098,33,42,3273,75,1208,2140,3348
209922,2,999,2,619,862,10,13,1481,23,629,875,1504
210234,2,999,2,264,249,178,226,513,404,442,475,917
210270,2,999,2,245,316,237,481,561,718,482,797,1279
210401,2,999,2,533,791,10,10,1324,20,543,801,1344
210429,2,999,2,855,1633,96,179,2488,275,951,1812,2763
210605,2,999,2,1270,1325,1766,1866,2595,3632,3036,3191,6227
210739,2,999,2,663,1149,27,45,1812,72,690,1194,1884
210775,2,999,2,632,918,16,76,1550,92,648,994,1642
211088,2,999,2,471,1050,96,91,1521,187,567,1141,1708
211291,2,999,2,1790,1933,0,9,3723,9,1790,1942,3732
211307,2,999,2,931,916,1189,1520,1847,2709,2120,2436,4556
211316,2,999,2,2,40,0,12,42,12,2,52,54
211343,2,999,2,378,471,405,679,849,1084,783,1150,1933
211352,2,999,2,423,650,28,36,1073,64,451,686,1137
211431,2,999,2,138,641,13,60,779,73,151,701,852
211440,2,999,2,3381,3454,77,73,6835,150,3458,3527,6985
211556,2,999,2,340,811,20,98,1151,118,360,909,1269
211583,2,999,2,358,332,19,19,690,38,377,351,728
211608,2,999,2,202,387,11,25,589,36,213,412,625
211927,2,999,2,783,788,1431,1979,1571,3410,2214,2767,4981
212045,2,999,2,26,116,0,0,142,0,26,116,142
212054,2,999,2,6442,5950,269,216,12392,485,6711,6166,12877
212106,2,999,2,1768,3133,34,31,4901,65,1802,3164,4966
212115,2,999,2,1650,2058,125,126,3708,251,1775,2184,3959
212133,2,999,2,517,652,36,97,1169,133,553,749,1302
212197,2,999,2,660,925,20,18,1585,38,680,943,1623
212230,2,999,2,2,19,0,1,21,1,2,20,22
212267,2,999,2,0,30,0,22,30,22,0,52,52
212276,2,999,2,3,42,1,14,45,15,4,56,60
212294,2,999,2,1,41,0,6,42,6,1,47,48
212300,2,999,2,1,41,0,3,42,3,1,44,45
212328,2,999,2,4,36,0,26,40,26,4,62,66
212337,2,999,2,1,40,1,24,41,25,2,64,66
212355,2,999,2,2,64,1,32,66,33,3,96,99
212382,2,999,2,0,56,0,22,56,22,0,78,78
212391,2,999,2,3,19,0,4,22,4,3,23,26
212601,2,999,2,1019,1428,214,306,2447,520,1233,1734,2967
212674,2,999,2,1086,1148,2,2,2234,4,1088,1150,2238
212753,2,999,2,0,31,1,18,31,19,1,49,50
212771,2,999,2,0,58,1,65,58,66,1,123,124
212805,2,999,2,1101,1032,67,71,2133,138,1168,1103,2271
212869,2,999,2,97,249,18,86,346,104,115,335,450
212878,2,999,2,1022,1602,1999,3780,2624,5779,3021,5382,8403
212975,2,999,2,68,20,0,0,88,0,68,20,88
212984,2,999,2,424,1155,31,85,1579,116,455,1240,1695
213011,2,999,2,301,616,72,194,917,266,373,810,1183
213020,2,999,2,2221,3730,207,257,5951,464,2428,3987,6415
213181,2,999,2,12,177,2,30,189,32,14,207,221
213251,2,999,2,523,611,9,15,1134,24,532,626,1158
213321,2,999,2,781,743,36,54,1524,90,817,797,1614
213349,2,999,2,2512,3262,135,148,5774,283,2647,3410,6057
213367,2,999,2,741,1180,165,375,1921,540,906,1555,2461
213376,2,999,2,534,496,82,156,1030,238,616,652,1268
213385,2,999,2,1353,1354,8,6,2707,14,1361,1360,2721
213507,2,999,2,716,858,36,43,1574,79,752,901,1653
213525,2,999,2,807,853,1047,1807,1660,2854,1854,2660,4514
213570,2,999,2,34,159,0,0,193,0,34,159,193
213589,2,999,2,163,20,11,1,183,12,174,21,195
213598,2,999,2,535,1025,18,26,1560,44,553,1051,1604
213659,2,999,2,465,613,659,1120,1078,1779,1124,1733,2857
213668,2,999,2,496,545,1,3,1041,4,497,548,1045
213774,2,999,2,87,216,63,106,303,169,150,322,472
213987,2,999,2,891,1233,25,66,2124,91,916,1299,2215
213996,2,999,2,889,1358,70,124,2247,194,959,1482,2441
214041,2,999,2,1900,2566,289,368,4466,657,2189,2934,5123
214111,2,999,2,1128,1082,1558,2177,2210,3735,2686,3259,5945
214148,2,999,2,0,333,0,5,333,5,0,338,338
214157,2,999,2,677,1025,18,36,1702,54,695,1061,1756
214175,2,999,2,728,1131,10,12,1859,22,738,1143,1881
214272,2,999,2,474,805,43,121,1279,164,517,926,1443
214379,2,999,2,1170,1328,1145,1860,2498,3005,2315,3188,5503
214591,2,999,2,1883,1068,76,32,2951,108,1959,1100,3059
214625,2,999,2,232,139,22,22,371,44,254,161,415
214634,2,999,2,51,111,23,43,162,66,74,154,228
214643,2,999,2,204,119,11,7,323,18,215,126,341
214652,2,999,2,427,343,20,17,770,37,447,360,807
214670,2,999,2,447,300,39,45,747,84,486,345,831
214689,2,999,2,1270,1151,36,26,2421,62,1306,1177,2483
214698,2,999,2,264,209,10,19,473,29,274,228,502
214704,2,999,2,1075,718,59,73,1793,132,1134,791,1925
214713,2,999,2,2211,1381,117,65,3592,182,2328,1446,3774
214731,2,999,2,650,421,45,26,1071,71,695,447,1142
214740,2,999,2,181,115,18,37,296,55,199,152,351
214759,2,999,2,170,206,11,8,376,19,181,214,395
214768,2,999,2,231,201,5,5,432,10,236,206,442
214777,2,999,2,21182,19093,580,311,40275,891,21762,19404,41166
214786,2,999,2,206,120,8,7,326,15,214,127,341
214795,2,999,2,217,331,31,39,548,70,248,370,618
214801,2,999,2,1591,1129,113,76,2720,189,1704,1205,2909
214810,2,999,2,196,337,17,37,533,54,213,374,587
214829,2,999,2,354,189,47,36,543,83,401,225,626
214883,2,999,2,12,17,14,31,29,45,26,48,74
215053,2,999,2,55,158,2,7,213,9,57,165,222
215062,2,999,2,4657,5558,137,181,10215,318,4794,5739,10533
215105,2,999,2,369,729,7,13,1098,20,376,742,1118
215239,2,999,2,1178,1897,1421,2541,3075,3962,2599,4438,7037
215266,2,999,2,462,528,16,27,990,43,478,555,1033
215275,2,999,2,498,715,19,16,1213,35,517,731,1248
215284,2,999,2,1102,848,21,15,1950,36,1123,863,1986
215293,2,999,2,7960,11007,2065,2767,18967,4832,10025,13774,23799
215309,2,999,2,1,6,0,3,7,3,1,9,10
215381,2,999,2,386,32,0,0,418,0,386,32,418
215442,2,999,2,720,1345,27,35,2065,62,747,1380,2127
215479,2,999,2,5,28,0,0,33,0,5,28,33
215585,2,999,2,343,432,891,1526,775,2417,1234,1958,3192
215655,2,999,2,1369,1105,47,38,2474,85,1416,1143,2559
215743,2,999,2,541,881,344,497,1422,841,885,1378,2263
215798,2,999,2,746,545,16,19,1291,35,762,564,1326
215929,2,999,2,1450,1974,41,52,3424,93,1491,2026,3517
216010,2,999,2,1894,1994,141,176,3888,317,2035,2170,4205
216038,2,999,2,2677,3469,157,116,6146,273,2834,3585,6419
216339,2,999,2,9014,11992,618,566,21006,1184,9632,12558,22190
216357,2,999,2,390,386,7,6,776,13,397,392,789
216366,2,999,2,760,2107,22,72,2867,94,782,2179,2961
216454,2,999,2,51,5,0,0,56,0,51,5,56
216524,2,999,2,772,720,15,8,1492,23,787,728,1515
216542,2,999,2,204,218,13,21,422,34,217,239,456
216579,2,999,2,2,65,0,0,67,0,2,65,67
216597,2,999,2,3070,3601,48,40,6671,88,3118,3641,6759
216667,2,999,2,592,541,8,2,1133,10,600,543,1143
216694,2,999,2,455,580,18,22,1035,40,473,602,1075
216746,2,999,2,23,3,5,1,26,6,28,4,32
216764,2,999,2,4922,7184,457,627,12106,1084,5379,7811,13190
216825,2,999,2,464,627,716,1339,1091,2055,1180,1966,3146
216852,2,999,2,961,1251,25,50,2212,75,986,1301,2287
216931,2,999,2,815,892,64,76,1707,140,879,968,1847
216940,2,999,2,278,0,0,0,278,0,278,0,278
217013,2,999,2,119,392,28,73,511,101,147,465,612
217059,2,999,2,1221,1637,162,111,2858,273,1383,1748,3131
217156,2,999,2,3497,3616,122,293,7113,415,3619,3909,7528
217165,2,999,2,2008,1151,14,2,3159,16,2022,1153,3175
217235,2,999,2,1440,2393,77,81,3833,158,1517,2474,3991
217305,2,999,2,771,309,48,29,1080,77,819,338,1157
217323,2,999,2,49,3,0,0,52,0,49,3,52
217402,2,999,2,1754,2068,29,19,3822,48,1783,2087,3870
217420,2,999,2,978,2161,156,360,3139,516,1134,2521,3655
217493,2,999,2,673,1399,0,0,2072,0,673,1399,2072
217518,2,999,2,1800,1839,97,71,3639,168,1897,1910,3807
217536,2,999,2,658,1455,10,9,2113,19,668,1464,2132
217581,2,999,2,1,53,0,17,54,17,1,70,71
217633,2,999,2,905,1810,96,197,2715,293,1001,2007,3008
217688,2,999,2,824,1489,61,68,2313,129,885,1557,2442
217712,2,999,2,122,206,358,719,328,1077,480,925,1405
217721,2,999,2,715,911,41,40,1626,81,756,951,1707
217749,2,999,2,1017,1204,145,167,2221,312,1162,1371,2533
217819,2,999,2,2740,6079,201,315,8819,516,2941,6394,9335
217864,2,999,2,1992,309,82,30,2301,112,2074,339,2413
217873,2,999,2,413,993,15,27,1406,42,428,1020,1448
217882,2,999,2,9989,11382,358,274,21371,632,10347,11656,22003
217891,2,999,2,55,63,2,1,118,3,57,64,121
217907,2,999,2,308,353,112,72,661,184,420,425,845
217925,2,999,2,289,252,116,160,541,276,405,412,817
217934,2,999,2,100,501,12,78,601,90,112,579,691
217961,2,999,2,163,568,1,7,731,8,164,575,739
217989,2,999,2,142,143,122,211,285,333,264,354,618
218025,2,999,2,453,438,434,744,891,1178,887,1182,2069
218061,2,999,2,841,1605,313,578,2446,891,1154,2183,3337
218113,2,999,2,1460,1740,2008,2781,3200,4789,3468,4521,7989
218140,2,999,2,1216,1544,948,1838,2760,2786,2164,3382,5546
218229,2,999,2,1000,2076,95,187,3076,282,1095,2263,3358
218335,2,999,2,13,151,0,5,164,5,13,156,169
218353,2,999,2,1396,1503,1256,1995,2899,3251,2652,3498,6150
218399,2,999,2,146,171,1,0,317,1,147,171,318
218414,2,999,2,688,533,6,6,1221,12,694,539,1233
218441,2,999,2,736,739,65,153,1475,218,801,892,1693
218487,2,999,2,179,243,323,612,422,935,502,855,1357
218520,2,999,2,489,702,700,1215,1191,1915,1189,1917,3106
218539,2,999,2,440,436,17,45,876,62,457,481,938
218645,2,999,2,822,1319,143,271,2141,414,965,1590,2555
218654,2,999,2,494,1029,91,168,1523,259,585,1197,1782
218663,2,999,2,11144,14650,411,338,25794,749,11555,14988,26543
218672,2,999,2,274,374,416,570,648,986,690,944,1634
218681,2,999,2,137,131,137,222,268,359,274,353,627
218690,2,999,2,239,242,391,561,481,952,630,803,1433
218706,2,999,2,143,132,337,439,275,776,480,571,1051
218724,2,999,2,3885,4877,334,281,8762,615,4219,5158,9377
218733,2,999,2,923,1114,108,84,2037,192,1031,1198,2229
218742,2,999,2,1019,2159,181,368,3178,549,1200,2527,3727
218821,2,999,2,425,491,42,55,916,97,467,546,1013
218830,2,999,2,839,944,991,1379,1783,2370,1830,2323,4153
218885,2,999,2,1566,1369,782,1001,2935,1783,2348,2370,4718
218919,2,999,2,162,200,25,22,362,47,187,222,409
218973,2,999,2,860,947,10,4,1807,14,870,951,1821
218991,2,999,2,740,802,767,991,1542,1758,1507,1793,3300
219037,2,999,2,0,44,0,1,44,1,0,45,45
219082,2,999,2,913,360,480,478,1273,958,1393,838,2231
219125,2,999,2,1,44,2,4,45,6,3,48,51
219170,2,999,2,1,17,0,0,18,0,1,17,18
219189,2,999,2,565,209,133,114,774,247,698,323,1021
219198,2,999,2,291,277,164,235,568,399,455,512,967
219204,2,999,2,6,10,52,64,16,116,58,74,132
219259,2,999,2,434,582,607,1017,1016,1624,1041,1599,2640
219277,2,999,2,80,132,52,140,212,192,132,272,404
219338,2,999,2,2,10,0,0,12,0,2,10,12
219347,2,999,2,1281,364,237,127,1645,364,1518,491,2009
219426,2,999,2,641,434,280,509,1075,789,921,943,1864
219471,2,999,2,1555,2761,792,1374,4316,2166,2347,4135,6482
219480,2,999,2,196,147,238,362,343,600,434,509,943
219602,2,999,2,1624,2727,754,1102,4351,1856,2378,3829,6207
219639,2,999,2,24,211,22,237,235,259,46,448,494
219806,2,999,2,598,759,48,53,1357,101,646,812,1458
219824,2,999,2,976,1458,838,1460,2434,2298,1814,2918,4732
219833,2,999,2,433,515,102,116,948,218,535,631,1166
219879,2,999,2,588,734,565,721,1322,1286,1153,1455,2608
219888,2,999,2,947,1327,666,1147,2274,1813,1613,2474,4087
219921,2,999,2,90,41,145,34,131,179,235,75,310
219994,2,999,2,272,142,261,78,414,339,533,220,753
220057,2,999,2,329,585,298,621,914,919,627,1206,1833
220075,2,999,2,3016,4577,507,788,7593,1295,3523,5365,8888
220127,2,999,2,179,99,70,3,278,73,249,102,351
220163,2,999,2,2,35,0,13,37,13,2,48,50
220215,2,999,2,602,716,197,292,1318,489,799,1008,1807
220251,2,999,2,93,40,237,164,133,401,330,204,534
220279,2,999,2,117,36,295,131,153,426,412,167,579
220321,2,999,2,141,108,251,331,249,582,392,439,831
220394,2,999,2,117,66,68,26,183,94,185,92,277
220400,2,999,2,377,723,472,1053,1100,1525,849,1776,2625
220473,2,999,2,266,311,8,13,577,21,274,324,598
220516,2,999,2,291,381,23,49,672,72,314,430,744
220598,2,999,2,494,394,25,28,888,53,519,422,941
220604,2,999,2,151,230,13,17,381,30,164,247,411
220701,2,999,2,301,414,47,87,715,134,348,501,849
220710,2,999,2,425,507,40,49,932,89,465,556,1021
220862,2,999,2,3927,5805,1498,2333,9732,3831,5425,8138,13563
220978,2,999,2,5855,6722,982,1277,12577,2259,6837,7999,14836
221050,2,999,2,274,109,249,44,383,293,523,153,676
221096,2,999,2,1078,1490,665,1216,2568,1881,1743,2706,4449
221148,2,999,2,825,65,0,0,890,0,825,65,890
221184,2,999,2,907,1221,820,1308,2128,2128,1727,2529,4256
221333,2,999,2,99,48,303,47,147,350,402,95,497
221397,2,999,2,746,1146,487,1062,1892,1549,1233,2208,3441
221430,2,999,2,130,33,752,368,163,1120,882,401,1283
221485,2,999,2,831,1215,1005,1476,2046,2481,1836,2691,4527
221494,2,999,2,235,37,133,20,272,153,368,57,425
221519,2,999,2,750,838,7,13,1588,20,757,851,1608
221582,2,999,2,69,24,227,69,93,296,296,93,389
221607,2,999,2,107,48,309,56,155,365,416,104,520
221625,2,999,2,343,157,273,142,500,415,616,299,915
221643,2,999,2,1850,1765,1318,1592,3615,2910,3168,3357,6525
221740,2,999,2,3437,4968,263,282,8405,545,3700,5250,8950
221759,2,999,2,11347,13875,438,376,25222,814,11785,14251,26036
221768,2,999,2,1529,2446,559,1025,3975,1584,2088,3471,5559
221838,2,999,2,2150,4222,245,427,6372,672,2395,4649,7044
221847,2,999,2,4030,3341,282,252,7371,534,4312,3593,7905
221908,2,999,2,965,1190,673,749,2155,1422,1638,1939,3577
221999,2,999,2,3397,3676,39,28,7073,67,3436,3704,7140
222053,2,999,2,1240,1739,808,1383,2979,2191,2048,3122,5170
222062,2,999,2,876,1364,747,1530,2240,2277,1623,2894,4517
222178,2,999,2,1139,1884,55,72,3023,127,1194,1956,3150
222576,2,999,2,1077,1496,1382,2421,2573,3803,2459,3917,6376
222822,2,999,2,449,684,806,1284,1133,2090,1255,1968,3223
222831,2,999,2,1873,2629,1632,2325,4502,3957,3505,4954,8459
222877,2,999,2,123,76,0,0,199,0,123,76,199
222992,2,999,2,2815,3073,7603,10000,5888,17603,10418,13073,23491
223232,2,999,2,5930,8722,116,131,14652,247,6046,8853,14899
223320,2,999,2,265,374,1013,1605,639,2618,1278,1979,3257
223506,2,999,2,310,372,1061,1171,682,2232,1371,1543,2914
223816,2,999,2,490,698,1654,2049,1188,3703,2144,2747,4891
223922,2,999,2,215,245,261,418,460,679,476,663,1139
224147,2,999,2,2160,3397,502,662,5557,1164,2662,4059,6721
224156,2,999,2,0,126,1,43,126,44,1,169,170
224323,2,999,2,620,791,8,12,1411,20,628,803,1431
224527,2,999,2,600,587,100,185,1187,285,700,772,1472
224554,2,999,2,1539,2416,478,690,3955,1168,2017,3106,5123
224615,2,999,2,5798,6670,15800,22324,12468,38124,21598,28994,50592
224642,2,999,2,2711,3322,6108,7971,6033,14079,8819,11293,20112
224891,2,999,2,219,306,456,517,525,973,675,823,1498
224961,2,999,2,221,294,307,555,515,862,528,849,1377
225247,2,999,2,583,626,30,31,1209,61,613,657,1270
225399,2,999,2,795,1276,131,206,2071,337,926,1482,2408
225414,2,999,2,831,1415,555,923,2246,1478,1386,2338,3724
225432,2,999,2,1751,2668,1110,1750,4419,2860,2861,4418,7279
225511,2,999,2,11670,13715,4168,3773,25385,7941,15838,17488,33326
225548,2,999,2,352,282,27,39,634,66,379,321,700
225885,2,999,2,275,291,14,15,566,29,289,306,595
226116,2,999,2,205,318,638,826,523,1464,843,1144,1987
226134,2,999,2,827,1102,2718,3472,1929,6190,3545,4574,8119
226204,2,999,2,326,371,2277,2686,697,4963,2603,3057,5660
226277,2,999,2,803,63,0,0,866,0,803,63,866
226383,2,999,2,399,637,77,81,1036,158,476,718,1194
226408,2,999,2,421,535,1033,1370,956,2403,1454,1905,3359
226471,2,999,2,929,1701,63,90,2630,153,992,1791,2783
226578,2,999,2,635,1068,1176,2208,1703,3384,1811,3276,5087
226587,2,999,2,491,388,80,78,879,158,571,466,1037
226675,2,999,2,20,178,0,0,198,0,20,178,198
227146,2,999,2,934,1068,1264,2002,2002,3266,2198,3070,5268
227182,2,999,2,7314,8446,16054,22510,15760,38564,23368,30956,54324
227216,2,999,2,10585,13377,2143,2383,23962,4526,12728,15760,28488
227331,2,999,2,333,560,18,50,893,68,351,610,961
227368,2,999,2,6981,10657,2173,2616,17638,4789,9154,13273,22427
227377,2,999,2,685,743,2209,3197,1428,5406,2894,3940,6834
227386,2,999,2,296,452,439,709,748,1148,735,1161,1896
227401,2,999,2,470,646,955,1539,1116,2494,1425,2185,3610
227526,2,999,2,2117,4692,261,484,6809,745,2378,5176,7554
227757,2,999,2,2228,2150,54,45,4378,99,2282,2195,4477
227845,2,999,2,922,1540,45,62,2462,107,967,1602,2569
227863,2,999,2,699,1072,154,72,1771,226,853,1144,1997
227881,2,999,2,4782,8364,850,1389,13146,2239,5632,9753,15385
227979,2,999,2,3555,4693,6854,9224,8248,16078,10409,13917,24326
228042,2,999,2,436,524,14,28,960,42,450,552,1002
228149,2,999,2,723,1130,17,23,1853,40,740,1153,1893
228158,2,999,2,1469,1658,1415,2072,3127,3487,2884,3730,6614
228246,2,999,2,3325,3466,81,65,6791,146,3406,3531,6937
228282,2,999,2,3,10,0,0,13,0,3,10,13
228343,2,999,2,660,773,7,6,1433,13,667,779,1446
228431,2,999,2,2699,4486,620,993,7185,1613,3319,5479,8798
228459,2,999,2,10020,15978,1811,2546,25998,4357,11831,18524,30355
228501,2,999,2,440,356,110,209,796,319,550,565,1115
228529,2,999,2,2899,5109,728,1003,8008,1731,3627,6112,9739
228547,2,999,2,2831,3236,10361,13573,6067,23934,13192,16809,30001
228644,2,999,2,80,318,5,18,398,23,85,336,421
228653,2,999,2,35,232,5,52,267,57,40,284,324
228699,2,999,2,294,426,930,1354,720,2284,1224,1780,3004
228705,2,999,2,1841,1765,337,355,3606,692,2178,2120,4298
228723,2,999,2,26488,23933,3498,2521,50421,6019,29986,26454,56440
228769,2,999,2,7126,8875,2048,2753,16001,4801,9174,11628,20802
228778,2,999,2,15952,22165,1200,1203,38117,2403,17152,23368,40520
228787,2,999,2,9320,7524,1567,982,16844,2549,10887,8506,19393
228796,2,999,2,5302,6769,1962,2262,12071,4224,7264,9031,16295
228802,2,999,2,1505,2375,523,875,3880,1398,2028,3250,5278
228875,2,999,2,3770,6285,60,67,10055,127,3830,6352,10182
228909,2,999,2,0,0,2,2,0,4,2,2,4
229018,2,999,2,921,1244,379,532,2165,911,1300,1776,3076
229027,2,999,2,8924,10753,2754,2715,19677,5469,11678,13468,25146
229063,2,999,2,1740,3360,277,480,5100,757,2017,3840,5857
229115,2,999,2,14094,13811,1381,1117,27905,2498,15475,14928,30403
229179,2,999,2,401,5075,601,1760,5476,2361,1002,6835,7837
229267,2,999,2,1148,1320,14,15,2468,29,1162,1335,2497
229337,2,999,2,95,777,5,32,872,37,100,809,909
229355,2,999,2,1816,2568,2069,3420,4384,5489,3885,5988,9873
229504,2,999,2,198,282,417,687,480,1104,615,969,1584
229780,2,999,2,440,268,108,123,708,231,548,391,939
229799,2,999,2,519,812,1160,1795,1331,2955,1679,2607,4286
229814,2,999,2,1956,2725,337,453,4681,790,2293,3178,5471
229841,2,999,2,1026,1089,1052,1541,2115,2593,2078,2630,4708
229887,2,999,2,265,255,4,12,520,16,269,267,536
230038,2,999,2,12522,14332,1025,1314,26854,2339,13547,15646,29193
230047,2,999,2,728,1238,28,53,1966,81,756,1291,2047
230162,2,999,2,118,163,1520,798,281,2318,1638,961,2599
230171,2,999,2,2578,4031,1993,2413,6609,4406,4571,6444,11015
230214,2,999,2,5,64,22,104,69,126,27,168,195
230597,2,999,2,1560,1794,1031,1287,3354,2318,2591,3081,5672
230603,2,999,2,2990,4300,1075,1449,7290,2524,4065,5749,9814
230676,2,999,2,21,26,724,302,47,1026,745,328,1073
230728,2,999,2,6873,8479,2747,3686,15352,6433,9620,12165,21785
230746,2,999,2,2109,2323,6765,8460,4432,15225,8874,10783,19657
230764,2,999,2,10100,9628,1542,1428,19728,2970,11642,11056,22698
230782,2,999,2,4041,5421,6537,7722,9462,14259,10578,13143,23721
230807,2,999,2,332,506,18,10,838,28,350,516,866
230816,2,999,2,216,486,17,22,702,39,233,508,741
230834,2,999,2,657,708,79,111,1365,190,736,819,1555
230852,2,999,2,1131,666,81,36,1797,117,1212,702,1914
230861,2,999,2,206,402,878,1652,608,2530,1084,2054,3138
230913,2,999,2,364,474,80,156,838,236,444,630,1074
230959,2,999,2,1283,1464,7,12,2747,19,1290,1476,2766
231059,2,999,2,553,628,8,2,1181,10,561,630,1191
231095,2,999,2,25,39,6,3,64,9,31,42,73
231165,2,999,2,311,171,130,124,482,254,441,295,736
231174,2,999,2,3962,7067,179,226,11029,405,4141,7293,11434
231280,2,999,2,3,62,0,8,65,8,3,70,73
231411,2,999,2,230,17,0,0,247,0,230,17,247
231420,2,999,2,495,351,22,13,846,35,517,364,881
231536,2,999,2,422,527,730,1091,949,1821,1152,1618,2770
231581,2,999,2,661,712,2,3,1373,5,663,715,1378
231624,2,999,2,2768,3886,26,33,6654,59,2794,3919,6713
231688,2,999,2,1,11,1,4,12,5,2,15,17
231697,2,999,2,391,536,764,960,927,1724,1155,1496,2651
231712,2,999,2,1994,2316,46,41,4310,87,2040,2357,4397
231785,2,999,2,155,174,12,130,329,142,167,304,471
231873,2,999,2,121,117,239,336,238,575,360,453,813
231882,2,999,2,352,358,448,628,710,1076,800,986,1786
232025,2,999,2,514,529,11,10,1043,21,525,539,1064
232043,2,999,2,306,439,41,43,745,84,347,482,829
232052,2,999,2,52,90,195,203,142,398,247,293,540
232089,2,999,2,449,290,37,38,739,75,486,328,814
232186,2,999,2,9694,9590,1683,1281,19284,2964,11377,10871,22248
232195,2,999,2,804,1033,1571,2608,1837,4179,2375,3641,6016
232308,2,999,2,0,674,0,1,674,1,0,675,675
232414,2,999,2,882,1044,1363,1846,1926,3209,2245,2890,5135
232450,2,999,2,799,891,2233,3017,1690,5250,3032,3908,6940
232557,2,999,2,8502,11763,1774,2268,20265,4042,10276,14031,24307
232566,2,999,2,862,1956,72,132,2818,204,934,2088,3022
232575,2,999,2,712,876,1225,1927,1588,3152,1937,2803,4740
232609,2,999,2,545,911,13,43,1456,56,558,954,1512
232706,2,999,2,509,888,407,158,1397,565,916,1046,1962
232788,2,999,2,279,369,309,499,648,808,588,868,1456
232867,2,999,2,665,548,1068,1038,1213,2106,1733,1586,3319
232946,2,999,2,6083,5349,14764,15421,11432,30185,20847,20770,41617
232982,2,999,2,5441,6519,815,943,11960,1758,6256,7462,13718
233019,2,999,2,434,493,267,326,927,593,701,819,1520
233037,2,999,2,113,132,250,440,245,690,363,572,935
233116,2,999,2,377,454,1325,1673,831,2998,1702,2127,3829
233277,2,999,2,1945,3188,114,165,5133,279,2059,3353,5412
233286,2,999,2,10,56,1,6,66,7,11,62,73
233295,2,999,2,648,790,22,15,1438,37,670,805,1475
233310,2,999,2,228,343,588,970,571,1558,816,1313,2129
233338,2,999,2,304,371,539,750,675,1289,843,1121,1964
233374,2,999,2,1388,1612,23,17,3000,40,1411,1629,3040
233426,2,999,2,787,941,22,21,1728,43,809,962,1771
233541,2,999,2,816,1080,80,295,1896,375,896,1375,2271
233611,2,999,2,442,453,12,12,895,24,454,465,919
233639,2,999,2,253,536,574,954,789,1528,827,1490,2317
233648,2,999,2,356,428,317,524,784,841,673,952,1625
233666,2,999,2,0,12,0,5,12,5,0,17,17
233718,2,999,2,0,444,0,3,444,3,0,447,447
233754,2,999,2,660,722,1222,1697,1382,2919,1882,2419,4301
233772,2,999,2,1520,2013,3233,4050,3533,7283,4753,6063,10816
233903,2,999,2,253,328,369,583,581,952,622,911,1533
233921,2,999,2,16570,12676,472,249,29246,721,17042,12925,29967
233949,2,999,2,631,713,1410,1787,1344,3197,2041,2500,4541
234030,2,999,2,6069,11161,727,999,17230,1726,6796,12160,18956
234076,2,999,2,7012,9212,193,184,16224,377,7205,9396,16601
234119,2,999,2,13,20,5,10,33,15,18,30,48
234155,2,999,2,1551,2290,53,56,3841,109,1604,2346,3950
234207,2,999,2,910,948,3,3,1858,6,913,951,1864
234377,2,999,2,214,391,455,604,605,1059,669,995,1664
234669,2,999,2,2151,2265,1456,1734,4416,3190,3607,3999,7606
234696,2,999,2,358,205,103,162,563,265,461,367,828
234711,2,999,2,439,550,114,149,989,263,553,699,1252
234827,2,999,2,3068,3338,281,285,6406,566,3349,3623,6972
234845,2,999,2,384,554,199,236,938,435,583,790,1373
234924,2,999,2,22,160,0,0,182,0,22,160,182
234933,2,999,2,1136,1588,761,1065,2724,1826,1897,2653,4550
234951,2,999,2,369,458,134,247,827,381,503,705,1208
234979,2,999,2,1176,1541,666,777,2717,1443,1842,2318,4160
235024,2,999,2,135,246,8,20,381,28,143,266,409
235097,2,999,2,2446,3333,313,348,5779,661,2759,3681,6440
235103,2,999,2,972,952,711,769,1924,1480,1683,1721,3404
235149,2,999,2,1097,1275,791,1067,2372,1858,1888,2342,4230
235237,2,999,2,1326,2144,592,862,3470,1454,1918,3006,4924
235307,2,999,2,1,58,0,0,59,0,1,58,59
235316,2,999,2,2255,2681,46,29,4936,75,2301,2710,5011
235334,2,999,2,303,351,86,159,654,245,389,510,899
235343,2,999,2,1492,1585,746,855,3077,1601,2238,2440,4678
235431,2,999,2,818,1179,492,682,1997,1174,1310,1861,3171
235547,2,999,2,3,16,0,5,19,5,3,21,24
235671,2,999,2,884,258,179,157,1142,336,1063,415,1478
235699,2,999,2,542,376,244,261,918,505,786,637,1423
235750,2,999,2,320,574,218,364,894,582,538,938,1476
236072,2,999,2,454,451,400,513,905,913,854,964,1818
236188,2,999,2,796,1104,464,488,1900,952,1260,1592,2852
236258,2,999,2,181,323,91,139,504,230,272,462,734
236328,2,999,2,702,949,14,9,1651,23,716,958,1674
236382,2,999,2,279,195,414,149,474,563,693,344,1037
236452,2,999,2,377,664,8,22,1041,30,385,686,1071
236504,2,999,2,571,423,960,281,994,1241,1531,704,2235
236513,2,999,2,815,972,436,572,1787,1008,1251,1544,2795
236577,2,999,2,698,1516,37,47,2214,84,735,1563,2298
236595,2,999,2,1404,2265,49,82,3669,131,1453,2347,3800
236610,2,999,2,708,636,515,675,1344,1190,1223,1311,2534
236638,2,999,2,616,737,357,395,1353,752,973,1132,2105
236656,2,999,2,713,980,332,520,1693,852,1045,1500,2545
236692,2,999,2,840,1038,519,607,1878,1126,1359,1645,3004
236708,2,999,2,819,1056,288,395,1875,683,1107,1451,2558
236753,2,999,2,948,1258,409,723,2206,1132,1357,1981,3338
236887,2,999,2,457,507,161,241,964,402,618,748,1366
236896,2,999,2,581,543,55,48,1124,103,636,591,1227
236939,2,999,2,8450,9403,704,782,17853,1486,9154,10185,19339
236975,2,999,2,531,826,170,294,1357,464,701,1120,1821
237011,2,999,2,4719,6746,660,639,11465,1299,5379,7385,12764
237039,2,999,2,621,672,479,602,1293,1081,1100,1274,2374
237057,2,999,2,625,813,18,16,1438,34,643,829,1472
237066,2,999,2,807,1126,24,17,1933,41,831,1143,1974
237109,2,999,2,520,1089,187,488,1609,675,707,1577,2284
237118,2,999,2,379,210,9,28,589,37,388,238,626
237181,2,999,2,332,258,1,0,590,1,333,258,591
237303,2,999,2,14,21,0,0,35,0,14,21,35
237312,2,999,2,421,439,67,105,860,172,488,544,1032
237321,2,999,2,1,32,0,0,33,0,1,32,33
237330,2,999,2,490,606,50,62,1096,112,540,668,1208
237358,2,999,2,251,337,3,6,588,9,254,343,597
237367,2,999,2,993,1159,226,407,2152,633,1219,1566,2785
237385,2,999,2,435,480,157,262,915,419,592,742,1334
237525,2,999,2,2468,3324,500,749,5792,1249,2968,4073,7041
237686,2,999,2,286,433,323,598,719,921,609,1031,1640
237701,2,999,2,378,440,73,152,818,225,451,592,1043
237792,2,999,2,744,1166,100,199,1910,299,844,1365,2209
237817,2,999,2,230,499,99,211,729,310,329,710,1039
237899,2,999,2,514,602,894,1340,1116,2234,1408,1942,3350
237950,2,999,2,545,367,177,296,912,473,722,663,1385
237969,2,999,2,420,453,7,3,873,10,427,456,883
238014,2,999,2,182,221,157,357,403,514,339,578,917
238032,2,999,2,8249,8862,522,676,17111,1198,8771,9538,18309
238175,2,999,2,1,87,0,0,88,0,1,87,88
238193,2,999,2,1,494,7,71,495,78,8,565,573
238263,2,999,2,1296,1187,3135,3521,2483,6656,4431,4708,9139
238397,2,999,2,170,193,286,464,363,750,456,657,1113
238430,2,999,2,141,225,82,167,366,249,223,392,615
238458,2,999,2,805,1730,53,73,2535,126,858,1803,2661
238722,2,999,2,801,630,3544,2915,1431,6459,4345,3545,7890
238759,2,999,2,409,377,3574,3303,786,6877,3983,3680,7663
239008,2,999,2,157,124,1021,786,281,1807,1178,910,2088
239017,2,999,2,641,755,10,10,1396,20,651,765,1416
239071,2,999,2,191,276,76,115,467,191,267,391,658
239105,2,999,2,3138,4013,144,132,7151,276,3282,4145,7427
239248,2,999,2,1147,1051,1649,2404,2198,4053,2796,3455,6251
239309,2,999,2,176,675,4,5,851,9,180,680,860
239318,2,999,2,1711,645,27,9,2356,36,1738,654,2392
239372,2,999,2,294,291,575,780,585,1355,869,1071,1940
239442,2,999,2,54,81,252,402,135,654,306,483,789
239488,2,999,2,935,787,2804,3256,1722,6060,3739,4043,7782
239512,2,999,2,234,259,4,7,493,11,238,266,504
239716,2,999,2,769,1003,19,10,1772,29,788,1013,1801
239877,2,999,2,0,23,0,1,23,1,0,24,24
240107,2,999,2,275,797,20,80,1072,100,295,877,1172
240170,2,999,2,698,548,492,772,1246,1264,1190,1320,2510
240189,2,999,2,4046,3633,332,448,7679,780,4378,4081,8459
240198,2,999,2,290,294,476,568,584,1044,766,862,1628
240268,2,999,2,3328,5032,264,442,8360,706,3592,5474,9066
240277,2,999,2,1616,2737,860,2255,4353,3115,2476,4992,7468
240329,2,999,2,3653,4996,270,241,8649,511,3923,5237,9160
240338,2,999,2,431,521,13,10,952,23,444,531,975
240365,2,999,2,2574,3702,2030,3321,6276,5351,4604,7023,11627
240374,2,999,2,926,1174,197,296,2100,493,1123,1470,2593
240417,2,999,2,2837,1998,343,275,4835,618,3180,2273,5453
240426,2,999,2,545,756,107,182,1301,289,652,938,1590
240444,2,999,2,15505,17898,929,764,33403,1693,16434,18662,35096
240453,2,999,2,5986,7436,919,1187,13422,2106,6905,8623,15528
240462,2,999,2,3218,1942,269,136,5160,405,3487,2078,5565
240471,2,999,2,1306,2540,252,380,3846,632,1558,2920,4478
240480,2,999,2,2596,3362,272,487,5958,759,2868,3849,6717
240505,2,999,2,477,648,606,609,1125,1215,1083,1257,2340
240514,2,999,2,210,289,396,447,499,843,606,736,1342
240596,2,999,2,150,266,386,458,416,844,536,724,1260
240620,2,999,2,437,624,745,1040,1061,1785,1182,1664,2846
240657,2,999,2,271,295,249,289,566,538,520,584,1104
240666,2,999,2,433,583,918,912,1016,1830,1351,1495,2846
240727,2,999,2,3124,3394,279,398,6518,677,3403,3792,7195
240745,2,999,2,221,336,255,304,557,559,476,640,1116
240790,2,999,2,310,493,103,152,803,255,413,645,1058
241182,2,999,2,41,168,0,0,209,0,41,168,209
241191,2,999,2,200,353,29,38,553,67,229,391,620
241225,2,999,2,113,259,37,68,372,105,150,327,477
241331,2,999,2,79,427,7,68,506,75,86,495,581
241377,2,999,2,142,192,10,15,334,25,152,207,359
241386,2,999,2,9,33,2,3,42,5,11,36,47
241395,2,999,2,72,134,10,20,206,30,82,154,236
241410,2,999,2,1175,2222,132,246,3397,378,1307,2468,3775
241720,2,999,2,88,172,34,33,260,67,122,205,327
241739,2,999,2,767,1648,256,487,2415,743,1023,2135,3158
241766,2,999,2,103,53,53,21,156,74,156,74,230
241836,2,999,2,91,109,38,108,200,146,129,217,346
241906,2,999,2,68,145,0,0,213,0,68,145,213
241951,2,999,2,78,260,22,65,338,87,100,325,425
242112,2,999,2,77,116,8,19,193,27,85,135,220
242130,2,999,2,58,110,17,26,168,43,75,136,211
242149,2,999,2,42,95,9,22,137,31,51,117,168
242556,2,999,2,148,73,4,1,221,5,152,74,226
242617,2,999,2,1005,1190,128,158,2195,286,1133,1348,2481
242626,2,999,2,801,1267,135,181,2068,316,936,1448,2384
242635,2,999,2,657,1042,93,152,1699,245,750,1194,1944
242644,2,999,2,240,440,39,91,680,130,279,531,810
242653,2,999,2,777,1053,203,258,1830,461,980,1311,2291
242662,2,999,2,666,1075,132,219,1741,351,798,1294,2092
242680,2,999,2,307,526,48,72,833,120,355,598,953
242699,2,999,2,269,586,32,83,855,115,301,669,970
242705,2,999,2,1558,1276,242,176,2834,418,1800,1452,3252
243106,2,999,2,783,963,73,97,1746,170,856,1060,1916
243142,2,999,2,618,1104,187,275,1722,462,805,1379,2184
243179,2,999,2,771,1556,75,149,2327,224,846,1705,2551
243188,2,999,2,141,134,12,15,275,27,153,149,302
243203,2,999,2,30,186,2,12,216,14,32,198,230
243212,2,999,2,906,1065,45,73,1971,118,951,1138,2089
243221,2,999,2,2412,4373,246,395,6785,641,2658,4768,7426
243346,2,999,2,987,1541,345,550,2528,895,1332,2091,3423
243443,2,999,2,1012,1770,158,229,2782,387,1170,1999,3169
243577,2,999,2,1029,469,995,336,1498,1331,2024,805,2829
243586,2,999,2,171,313,20,42,484,62,191,355,546
243601,2,999,2,1889,2991,613,714,4880,1327,2502,3705,6207
243638,2,999,2,476,696,220,285,1172,505,696,981,1677
243647,2,999,2,115,115,51,58,230,109,166,173,339
243744,2,999,2,3661,3982,168,120,7643,288,3829,4102,7931
243780,2,999,2,20775,15301,876,570,36076,1446,21651,15871,37522
243832,2,999,2,42,141,51,84,183,135,93,225,318
243841,2,999,2,33,103,9,28,136,37,42,131,173
244437,2,999,2,2178,2883,2625,3796,5061,6421,4803,6679,11482
244446,2,999,2,179,166,521,846,345,1367,700,1012,1712
245281,2,999,2,11,11,0,0,22,0,11,11,22
245625,2,999,2,234,324,1159,1348,558,2507,1393,1672,3065
246813,2,999,2,249,288,780,1485,537,2265,1029,1773,2802
246895,2,999,2,50,108,72,72,158,144,122,180,302
247603,2,999,2,683,502,320,232,1185,552,1003,734,1737
247834,2,999,2,5117,4612,8214,10597,9729,18811,13331,15209,28540
247940,2,999,2,566,686,1054,1217,1252,2271,1620,1903,3523
248925,2,999,2,259,130,279,72,389,351,538,202,740
248934,2,999,2,1233,2182,37,52,3415,89,1270,2234,3504
249238,2,999,2,2,143,4,45,145,49,6,188,194
251260,2,999,2,1087,1011,625,891,2098,1516,1712,1902,3614
260813,2,999,2,11,56,0,0,67,0,11,56,67
260929,2,999,2,7,120,0,0,127,0,7,120,127
262031,2,999,2,1319,1586,728,1040,2905,1768,2047,2626,4673
262086,2,999,2,85,101,211,481,186,692,296,582,878
262129,2,999,2,194,437,1,2,631,3,195,439,634
262341,2,999,2,427,64,0,0,491,0,427,64,491
363165,2,999,2,179,133,675,602,312,1277,854,735,1589
363633,2,999,2,96,109,132,153,205,285,228,262,490
363907,2,999,2,110,51,16,8,161,24,126,59,185
363916,2,999,2,22,48,3,10,70,13,25,58,83
364016,2,999,2,720,645,1112,1322,1365,2434,1832,1967,3799
364025,2,999,2,1600,1484,3993,4440,3084,8433,5593,5924,11517
364636,2,999,2,27,60,0,22,87,22,27,82,109
365198,2,999,2,0,19,248,218,19,466,248,237,485
365480,2,999,2,14,52,387,261,66,648,401,313,714
366003,2,999,2,10,11,22,23,21,45,32,34,66
366252,2,999,2,2293,903,143,231,3196,374,2436,1134,3570
366395,2,999,2,4118,4182,3829,4766,8300,8595,7947,8948,16895
366401,2,999,2,1033,926,1457,1360,1959,2817,2490,2286,4776
366465,2,999,2,237,304,327,600,541,927,564,904,1468
366623,2,999,2,7,15,115,113,22,228,122,128,250
366632,2,999,2,0,1,0,0,1,0,0,1,1
366711,2,999,2,3781,5828,716,970,9609,1686,4497,6798,11295
367334,2,999,2,21,1,6,1,22,7,27,2,29
367459,2,999,2,718,903,1854,2671,1621,4525,2572,3574,6146
368230,2,999,2,0,32,0,6,32,6,0,38,38
368911,2,999,2,58,124,350,794,182,1144,408,918,1326
372356,2,999,2,4,131,0,0,135,0,4,131,135
374574,2,999,2,67,258,14,64,325,78,81,322,403
375106,2,999,2,16,3,1,0,19,1,17,3,20
375407,2,999,2,8,34,0,3,42,3,8,37,45
375416,2,999,2,13,59,0,0,72,0,13,59,72
375726,2,999,2,129,72,56,38,201,94,185,110,295
375984,2,999,2,2,85,0,20,87,20,2,105,107
376288,2,999,2,15,42,0,0,57,0,15,42,57
376385,2,999,2,39,51,0,0,90,0,39,51,90
376446,2,999,2,0,7,0,17,7,17,0,24,24
376631,2,999,2,2,10,0,2,12,2,2,12,14
377218,2,999,2,82,1,0,0,83,0,82,1,83
377643,2,999,2,2,60,0,0,62,0,2,60,62
377722,2,999,2,8,246,0,0,254,0,8,246,254
379621,2,999,2,2,18,0,2,20,2,2,20,22
380359,2,999,2,21,46,26,89,67,115,47,135,182
382258,2,999,2,1,31,7,41,32,48,8,72,80
383190,2,999,2,252,223,384,592,475,976,636,815,1451
383765,2,999,2,4,58,0,25,62,25,4,83,87
383996,2,999,2,36,77,145,206,113,351,181,283,464
384254,2,999,2,279,146,28,15,425,43,307,161,468
384333,2,999,2,873,1260,2248,3357,2133,5605,3121,4617,7738
384342,2,999,2,704,694,1009,1303,1398,2312,1713,1997,3710
395362,2,999,2,82,158,209,310,240,519,291,468,759
399212,2,999,2,1013,1014,2834,2044,2027,4878,3847,3058,6905
399911,2,999,2,154,288,0,0,442,0,154,288,442
400187,2,999,2,16,105,4,56,121,60,20,161,181
401764,2,999,2,0,44,4,73,44,77,4,117,121
403469,2,999,2,97,94,283,274,191,557,380,368,748
403478,2,999,2,159,132,97,135,291,232,256,267,523
403487,2,999,2,187,204,147,190,391,337,334,394,728
404426,2,999,2,378,339,478,607,717,1085,856,946,1802
404684,2,999,2,78,176,0,0,254,0,78,176,254
405872,2,999,2,405,376,614,981,781,1595,1019,1357,2376
407179,2,999,2,1,40,0,20,41,20,1,60,61
407461,2,999,2,24,9,0,0,33,0,24,9,33
407470,2,999,2,2,63,0,9,65,9,2,72,74
407735,2,999,2,1,51,0,0,52,0,1,51,52
407832,2,999,2,37,18,34,30,55,64,71,48,119
408066,2,999,2,22,69,6,34,91,40,28,103,131
408844,2,999,2,271,370,69,212,641,281,340,582,922
409591,2,999,2,5,23,4,19,28,23,9,42,51
409698,2,999,2,1736,2880,200,166,4616,366,1936,3046,4982
412544,2,999,2,1,55,0,24,56,24,1,79,80
413617,2,999,2,8,13,19,60,21,79,27,73,100
414878,2,999,2,36,51,90,111,87,201,126,162,288
414911,2,999,2,243,252,517,932,495,1449,760,1184,1944
415039,2,999,2,3,24,0,8,27,8,3,32,35
416801,2,999,2,20,116,2,12,136,14,22,128,150
417008,2,999,2,2,85,0,0,87,0,2,85,87
417655,2,999,2,1,12,0,0,13,0,1,12,13
417716,2,999,2,2,49,0,0,51,0,2,49,51
417734,2,999,2,3,18,8,32,21,40,11,50,61
417752,2,999,2,4,10,1,1,14,2,5,11,16
417840,2,999,2,11,109,0,0,120,0,11,109,120
417886,2,999,2,1,8,0,0,9,0,1,8,9
417910,2,999,2,15,56,0,0,71,0,15,56,71
418029,2,999,2,3,12,0,0,15,0,3,12,15
418065,2,999,2,16,94,4,11,110,15,20,105,125
418083,2,999,2,3,8,0,0,11,0,3,8,11
418481,2,999,2,0,21,0,0,21,0,0,21,21
418533,2,999,2,15,108,7,6,123,13,22,114,136
418588,2,999,2,1,21,0,0,22,0,1,21,22
419031,2,999,2,1,14,0,0,15,0,1,14,15
420042,2,999,2,1,0,0,0,1,0,1,0,1
420130,2,999,2,4,79,0,0,83,0,4,79,83
420343,2,999,2,606,16,105,8,622,113,711,24,735
420431,2,999,2,47,100,377,523,147,900,424,623,1047
420440,2,999,2,166,210,311,525,376,836,477,735,1212
420538,2,999,2,161,197,230,305,358,535,391,502,893
420556,2,999,2,99,127,210,414,226,624,309,541,850
421610,2,999,2,4,94,0,4,98,4,4,98,102
421717,2,999,2,2,1,4,4,3,8,6,5,11
423652,2,999,2,24,65,40,104,89,144,64,169,233
426314,2,999,2,460,148,1012,261,608,1273,1472,409,1881
428055,2,999,2,29,61,0,0,90,0,29,61,90
430227,2,999,2,0,33,0,8,33,8,0,41,41
430403,2,999,2,4,48,0,0,52,0,4,48,52
430564,2,999,2,3,7,1,3,10,4,4,10,14
430971,2,999,2,0,10,0,0,10,0,0,10,10
431275,2,999,2,2,1,1,7,3,8,3,8,11
431284,2,999,2,0,32,0,3,32,3,0,35,35
433040,2,999,2,1,12,0,0,13,0,1,12,13
433101,2,999,2,41,270,12,78,311,90,53,348,401
433387,2,999,2,6288,8461,0,0,14749,0,6288,8461,14749
433420,2,999,2,148,30,0,0,178,0,148,30,178
433660,2,999,2,4623,6171,1143,1325,10794,2468,5766,7496,13262
434061,2,999,2,1076,1116,589,1003,2192,1592,1665,2119,3784
434159,2,999,2,170,33,0,0,203,0,170,33,203
434469,2,999,2,40,90,0,0,130,0,40,90,130
434584,2,999,2,13,20,18,23,33,41,31,43,74
434672,2,999,2,1662,1607,2314,3808,3269,6122,3976,5415,9391
435000,2,999,2,4,7,0,0,11,0,4,7,11
436553,2,999,2,102,467,0,0,569,0,102,467,569
436818,2,999,2,275,372,24,21,647,45,299,393,692
436827,2,999,2,244,184,13,7,428,20,257,191,448
436836,2,999,2,1022,967,86,65,1989,151,1108,1032,2140
437103,2,999,2,1061,1456,1292,2050,2517,3342,2353,3506,5859
438586,2,999,2,35,91,19,24,126,43,54,115,169
438708,2,999,2,20,56,43,146,76,189,63,202,265
439190,2,999,2,488,473,283,336,961,619,771,809,1580
439367,2,999,2,66,232,0,0,298,0,66,232,298
439844,2,999,2,0,47,0,0,47,0,0,47,47
440101,2,999,2,0,29,2,30,29,32,2,59,61
440271,2,999,2,21,43,0,0,64,0,21,43,64
440749,2,999,2,0,0,11,5,0,16,11,5,16
440828,2,999,2,251,238,157,147,489,304,408,385,793
441371,2,999,2,24,1031,0,0,1055,0,24,1031,1055
441690,2,999,2,5,2,3,1,7,4,8,3,11
441760,2,999,2,540,447,1259,1469,987,2728,1799,1916,3715
441900,2,999,2,338,1199,1228,2445,1537,3673,1566,3644,5210
441937,2,999,2,1099,2418,271,429,3517,700,1370,2847,4217
442073,2,999,2,80,220,9,56,300,65,89,276,365
442240,2,999,2,23,132,14,59,155,73,37,191,228
442329,2,999,2,612,60,0,0,672,0,612,60,672
442356,2,999,2,32,309,45,356,341,401,77,665,742
442523,2,999,2,24,42,0,1,66,1,24,43,67
442930,2,999,2,163,162,13,12,325,25,176,174,350
443049,2,999,2,12,11,9,5,23,14,21,16,37
443058,2,999,2,0,0,2,1,0,3,2,1,3
443100,2,999,2,13,6,0,0,19,0,13,6,19
443331,2,999,2,150,624,38,154,774,192,188,778,966
443641,2,999,2,3,34,1,51,37,52,4,85,89
444219,2,999,2,850,853,1921,2282,1703,4203,2771,3135,5906
444282,2,999,2,1,24,0,17,25,17,1,41,42
444291,2,999,2,1,52,1,20,53,21,2,72,74
444307,2,999,2,1,22,0,9,23,9,1,31,32
444468,2,999,2,1,21,0,1,22,1,1,22,23
444486,2,999,2,2,146,1,13,148,14,3,159,162
444556,2,999,2,139,158,0,0,297,0,139,158,297
444565,2,999,2,59,84,19,20,143,39,78,104,182
444583,2,999,2,129,169,0,0,298,0,129,169,298
444671,2,999,2,43,59,0,0,102,0,43,59,102
444787,2,999,2,29,192,24,181,221,205,53,373,426
445027,2,999,2,447,893,37,91,1340,128,484,984,1468
445133,2,999,2,6,11,1,5,17,6,7,16,23
445188,2,999,2,4046,3949,71,55,7995,126,4117,4004,8121
445212,2,999,2,13,54,9,39,67,48,22,93,115
445267,2,999,2,115,364,518,888,479,1406,633,1252,1885
445498,2,999,2,5,0,0,0,5,0,5,0,5
445708,2,999,2,352,713,12,21,1065,33,364,734,1098
445911,2,999,2,215,215,54,55,430,109,269,270,539
445948,2,999,2,120,770,0,0,890,0,120,770,890
446206,2,999,2,1,33,0,5,34,5,1,38,39
446233,2,999,2,72,53,5,6,125,11,77,59,136
446288,2,999,2,0,34,0,19,34,19,0,53,53
446774,2,999,2,228,319,474,588,547,1062,702,907,1609
447148,2,999,2,1,93,0,38,94,38,1,131,132
447166,2,999,2,3,26,1,11,29,12,4,37,41
447175,2,999,2,1,24,1,14,25,15,2,38,40
447582,2,999,2,139,211,114,210,350,324,253,421,674
447689,2,999,2,2616,3627,1155,1609,6243,2764,3771,5236,9007
447759,2,999,2,16,83,1,4,99,5,17,87,104
447999,2,999,2,8,37,0,0,45,0,8,37,45
448026,2,999,2,4,68,0,21,72,21,4,89,93
448196,2,999,2,4,32,0,1,36,1,4,33,37
448220,2,999,2,3,101,0,0,104,0,3,101,104
448248,2,999,2,25,304,1334,965,329,2299,1359,1269,2628
448594,2,999,2,389,584,717,1185,973,1902,1106,1769,2875
448673,2,999,2,17,195,19,209,212,228,36,404,440
448798,2,999,2,1,54,0,0,55,0,1,54,55
449320,2,999,2,456,11,141,4,467,145,597,15,612
449357,2,999,2,2,14,0,0,16,0,2,14,16
449384,2,999,2,135,92,23,22,227,45,158,114,272
449472,2,999,2,1,51,0,0,52,0,1,51,52
449889,2,999,2,7,10,0,0,17,0,7,10,17
449959,2,999,2,7,41,6,31,48,37,13,72,85
449968,2,999,2,15,108,6,35,123,41,21,143,164
449977,2,999,2,2,118,1,25,120,26,3,143,146
449986,2,999,2,22,76,19,23,98,42,41,99,140
449995,2,999,2,2,45,1,28,47,29,3,73,76
450571,2,999,2,8,52,5,39,60,44,13,91,104
450599,2,999,2,1,38,0,0,39,0,1,38,39
450605,2,999,2,3,18,1,9,21,10,4,27,31
450614,2,999,2,2,47,0,15,49,15,2,62,64
450641,2,999,2,10,112,0,42,122,42,10,154,164
450720,2,999,2,5,234,2,278,239,280,7,512,519
450933,2,999,2,340,335,133,97,675,230,473,432,905
451121,2,999,2,3,27,1,32,30,33,4,59,63
451565,2,999,2,5,108,4,2,113,6,9,110,119
451583,2,999,2,83,23,419,170,106,589,502,193,695
451714,2,999,2,6,88,26,28,94,54,32,116,148
451750,2,999,2,178,240,15,108,418,123,193,348,541
451857,2,999,2,2,20,0,0,22,0,2,20,22
451918,2,999,2,7,71,0,0,78,0,7,71,78
452009,2,999,2,2,41,0,0,43,0,2,41,43
453297,2,999,2,0,0,11,13,0,24,11,13,24
454227,2,999,2,76,524,140,949,600,1089,216,1473,1689
454236,2,999,2,7,72,14,110,79,124,21,182,203
454245,2,999,2,15,95,35,177,110,212,50,272,322
454652,2,999,2,2,115,0,0,117,0,2,115,117
454698,2,999,2,56,166,0,0,222,0,56,166,222
454768,2,999,2,9,63,4,34,72,38,13,97,110
454777,2,999,2,8,53,2,26,61,28,10,79,89
454810,2,999,2,512,1398,0,0,1910,0,512,1398,1910
454926,2,999,2,6,152,0,25,158,25,6,177,183
454944,2,999,2,10,188,0,0,198,0,10,188,198
455026,2,999,2,0,0,58,3,0,61,58,3,61
455080,2,999,2,10,163,0,0,173,0,10,163,173
455114,2,999,2,869,761,2639,3396,1630,6035,3508,4157,7665
455196,2,999,2,60,509,0,0,569,0,60,509,569
455284,2,999,2,4,122,2,39,126,41,6,161,167
455512,2,999,2,214,309,718,1045,523,1763,932,1354,2286
455831,2,999,2,6,29,0,0,35,0,6,29,35
455868,2,999,2,17,125,0,0,142,0,17,125,142
455901,2,999,2,4,58,4,66,62,70,8,124,132
456029,2,999,2,2,107,0,43,109,43,2,150,152
456065,2,999,2,1,94,0,1,95,1,1,95,96
456074,2,999,2,5,105,0,0,110,0,5,105,110
456135,2,999,2,0,39,0,12,39,12,0,51,51
456481,2,999,2,0,0,5,0,0,5,5,0,5
456825,2,999,2,3,87,4,24,90,28,7,111,118
456959,2,999,2,108,465,9,17,573,26,117,482,599
457031,2,999,2,0,36,0,19,36,19,0,55,55
457129,2,999,2,2,72,21,159,74,180,23,231,254
457253,2,999,2,1,10,1,38,11,39,2,48,50
457299,2,999,2,13,40,5,11,53,16,18,51,69
457323,2,999,2,22,240,0,0,262,0,22,240,262
457475,2,999,2,2,100,0,0,102,0,2,100,102
457493,2,999,2,3,32,0,0,35,0,3,32,35
457527,2,999,2,0,4,3,24,4,27,3,28,31
457545,2,999,2,1,60,1,10,61,11,2,70,72
457633,2,999,2,1,51,3,55,52,58,4,106,110
457679,2,999,2,1,16,0,0,17,0,1,16,17
457855,2,999,2,2,35,1,9,37,10,3,44,47
458140,2,999,2,13,2,0,0,15,0,13,2,15
458210,2,999,2,169,653,44,161,822,205,213,814,1027
458229,2,999,2,142,544,27,105,686,132,169,649,818
458274,2,999,2,5,111,0,23,116,23,5,134,139
458803,2,999,2,1,64,0,24,65,24,1,88,89
458812,2,999,2,1,46,0,8,47,8,1,54,55
458821,2,999,2,2,45,0,0,47,0,2,45,47
458830,2,999,2,0,79,0,21,79,21,0,100,100
458858,2,999,2,2,77,2,37,79,39,4,114,118
458867,2,999,2,1,85,1,29,86,30,2,114,116
459019,2,999,2,1,55,1,8,56,9,2,63,65
459046,2,999,2,1,24,0,7,25,7,1,31,32
459055,2,999,2,0,11,0,9,11,9,0,20,20
459064,2,999,2,1,32,1,9,33,10,2,41,43
459116,2,999,2,4,62,0,0,66,0,4,62,66
459170,2,999,2,12,82,2,72,94,74,14,154,168
459198,2,999,2,32,120,2,49,152,51,34,169,203
459231,2,999,2,9,130,0,0,139,0,9,130,139
459286,2,999,2,4,81,4,23,85,27,8,104,112
459301,2,999,2,2,49,1,12,51,13,3,61,64
459392,2,999,2,0,77,0,46,77,46,0,123,123
459417,2,999,2,26,9,4,5,35,9,30,14,44
459523,2,999,2,1,18,0,0,19,0,1,18,19
459578,2,999,2,9,26,4,3,35,7,13,29,42
459949,2,999,2,1026,2055,407,805,3081,1212,1433,2860,4293
460349,2,999,2,60,199,100,259,259,359,160,458,618
460394,2,999,2,538,636,2058,2788,1174,4846,2596,3424,6020
460464,2,999,2,736,611,2525,3037,1347,5562,3261,3648,6909
460677,2,999,2,58,115,6,21,173,27,64,136,200
460862,2,999,2,1,61,1,53,62,54,2,114,116
460871,2,999,2,6,61,13,75,67,88,19,136,155
460932,2,999,2,0,63,0,0,63,0,0,63,63
461193,2,999,2,1,154,0,3,155,3,1,157,158
461272,2,999,2,0,37,0,16,37,16,0,53,53
461379,2,999,2,1,2,0,2,3,2,1,4,5
461421,2,999,2,3,138,0,0,141,0,3,138,141
461591,2,999,2,3,67,0,1,70,1,3,68,71
461643,2,999,2,1,7,0,0,8,0,1,7,8
461652,2,999,2,3,51,0,0,54,0,3,51,54
461704,2,999,2,2,99,0,1,101,1,2,100,102
461759,2,999,2,68,56,5,6,124,11,73,62,135
461829,2,999,2,8,39,0,0,47,0,8,39,47
461883,2,999,2,10,9,2,0,19,2,12,9,21
461917,2,999,2,0,97,0,78,97,78,0,175,175
462008,2,999,2,4,95,2,47,99,49,6,142,148
462071,2,999,2,27,83,0,0,110,0,27,83,110
463056,2,999,2,688,695,44,32,1383,76,732,727,1459
466921,2,999,2,1,49,4,83,50,87,5,132,137
466930,2,999,2,29,156,81,515,185,596,110,671,781
467863,2,999,2,15,123,0,17,138,17,15,140,155
467872,2,999,2,4,128,1,36,132,37,5,164,169
468893,2,999,2,4,85,1,31,89,32,5,116,121
470047,2,999,2,0,9,0,0,9,0,0,9,9
474863,2,999,2,22,95,22,112,117,134,44,207,251
474915,2,999,2,1,195,4,125,196,129,5,320,325
474924,2,999,2,3,32,1,97,35,98,4,129,133
475200,2,999,2,0,2,5,8,2,13,5,10,15
475431,2,999,2,1,21,0,0,22,0,1,21,22
475486,2,999,2,10,87,23,37,97,60,33,124,157
475547,2,999,2,11,34,3,33,45,36,14,67,81
475556,2,999,2,5,66,1,24,71,25,6,90,96
475653,2,999,2,0,12,0,1,12,1,0,13,13
475723,2,999,2,37,44,235,142,81,377,272,186,458
475732,2,999,2,5,73,22,232,78,254,27,305,332
475741,2,999,2,2,29,2,21,31,23,4,50,54
475839,2,999,2,9,28,11,31,37,42,20,59,79
476063,2,999,2,94,10,0,0,104,0,94,10,104
476179,2,999,2,2,70,0,28,72,28,2,98,100
476805,2,999,2,0,28,0,0,28,0,0,28,28
476841,2,999,2,12,97,3,41,109,44,15,138,153
476975,2,999,2,155,181,406,464,336,870,561,645,1206
476984,2,999,2,6,118,0,19,124,19,6,137,143
477039,2,999,2,22,181,11,68,203,79,33,249,282
478582,2,999,2,4,61,0,18,65,18,4,79,83
478616,2,999,2,3,49,1,7,52,8,4,56,60
478953,2,999,2,3,130,0,0,133,0,3,130,133
479956,2,999,2,903,1285,659,552,2188,1211,1562,1837,3399
479983,2,999,2,5,59,0,0,64,0,5,59,64
480028,2,999,2,12,5,0,1,17,1,12,6,18
480091,2,999,2,137,1061,329,824,1198,1153,466,1885,2351
480310,2,999,2,0,47,0,3,47,3,0,50,50
480569,2,999,2,39,99,14,19,138,33,53,118,171
480657,2,999,2,9,44,15,51,53,66,24,95,119
480921,2,999,2,41,8,0,0,49,0,41,8,49
480930,2,999,2,0,19,0,4,19,4,0,23,23
480976,2,999,2,5,50,0,0,55,0,5,50,55
481191,2,999,2,23,96,0,0,119,0,23,96,119
481225,2,999,2,3,7,0,0,10,0,3,7,10
481526,2,999,2,0,83,0,0,83,0,0,83,83
481678,2,999,2,1,34,0,12,35,12,1,46,47
481739,2,999,2,2,19,0,7,21,7,2,26,28
481748,2,999,2,0,64,0,7,64,7,0,71,71
481845,2,999,2,0,25,0,13,25,13,0,38,38
482149,2,999,2,1316,2640,289,428,3956,717,1605,3068,4673
482158,2,999,2,1701,1786,763,1028,3487,1791,2464,2814,5278
482167,2,999,2,0,15,0,22,15,22,0,37,37
482176,2,999,2,3,108,0,43,111,43,3,151,154
482413,2,999,2,18,6,10,6,24,16,28,12,40
482422,2,999,2,3,3,8,2,6,10,11,5,16
482431,2,999,2,59,61,68,44,120,112,127,105,232
482459,2,999,2,6,7,9,8,13,17,15,15,30
482468,2,999,2,12,14,19,10,26,29,31,24,55
482477,2,999,2,759,896,833,1161,1655,1994,1592,2057,3649
482547,2,999,2,0,0,0,1,0,1,0,1,1
482556,2,999,2,12,8,8,6,20,14,20,14,34
482565,2,999,2,0,0,0,1,0,1,0,1,1
482574,2,999,2,16,8,12,6,24,18,28,14,42
482635,2,999,2,4,1,4,3,5,7,8,4,12
482653,2,999,2,4,5,0,1,9,1,4,6,10
482680,2,999,2,4883,6175,1933,2594,11058,4527,6816,8769,15585
482699,2,999,2,358,590,174,386,948,560,532,976,1508
482705,2,999,2,554,957,257,335,1511,592,811,1292,2103
482936,2,999,2,1070,248,118,27,1318,145,1188,275,1463
483036,2,999,2,132,133,147,211,265,358,279,344,623
483045,2,999,2,437,554,2462,3265,991,5727,2899,3819,6718
483054,2,999,2,29,12,0,0,41,0,29,12,41
483124,2,999,2,2202,6317,3137,7105,8519,10242,5339,13422,18761
483328,2,999,2,6,50,0,12,56,12,6,62,68
483337,2,999,2,4,68,2,34,72,36,6,102,108
483559,2,999,2,4,22,0,7,26,7,4,29,33
483595,2,999,2,153,488,150,471,641,621,303,959,1262
483823,2,999,2,200,81,0,0,281,0,200,81,281
483911,2,999,2,0,17,0,0,17,0,0,17,17
484011,2,999,2,6,46,0,10,52,10,6,56,62
484093,2,999,2,1,65,0,36,66,36,1,101,102
484109,2,999,2,1,81,0,0,82,0,1,81,82
484190,2,999,2,6,1,0,0,7,0,6,1,7
484394,2,999,2,3,70,2,33,73,35,5,103,108
484473,2,999,2,1069,1086,629,818,2155,1447,1698,1904,3602
484613,2,999,2,3276,6948,0,0,10224,0,3276,6948,10224
484631,2,999,2,8,10,0,0,18,0,8,10,18
484756,2,999,2,2,0,0,0,2,0,2,0,2
484905,2,999,2,454,908,197,395,1362,592,651,1303,1954
485014,2,999,2,3,36,0,15,39,15,3,51,54
485032,2,999,2,1,46,1,33,47,34,2,79,81
485111,2,999,2,989,1072,1276,2191,2061,3467,2265,3263,5528
485272,2,999,2,18,205,14,114,223,128,32,319,351
485397,2,999,2,2,58,0,14,60,14,2,72,74
485458,2,999,2,140,203,962,1561,343,2523,1102,1764,2866
485476,2,999,2,0,47,0,0,47,0,0,47,47
485494,2,999,2,29,4,2,0,33,2,31,4,35
485768,2,999,2,238,68,0,0,306,0,238,68,306
486123,2,999,2,7,10,0,0,17,0,7,10,17
486567,2,999,2,8,155,0,1,163,1,8,156,164
486691,2,999,2,0,38,0,15,38,15,0,53,53
486798,2,999,2,895,106,0,0,1001,0,895,106,1001
486840,2,999,2,12994,13499,3535,3658,26493,7193,16529,17157,33686
486877,2,999,2,1,9,0,0,10,0,1,9,10
486886,2,999,2,0,11,0,16,11,16,0,27,27
486938,2,999,2,19,57,18,94,76,112,37,151,188
486947,2,999,2,12,110,20,135,122,155,32,245,277
486956,2,999,2,11,101,17,179,112,196,28,280,308
486983,2,999,2,11,18,0,0,29,0,11,18,29
487010,2,999,2,9,200,1,1,209,2,10,201,211
487092,2,999,2,494,554,0,0,1048,0,494,554,1048
487162,2,999,2,241,479,1037,1566,720,2603,1278,2045,3323
487348,2,999,2,0,33,0,43,33,43,0,76,76
487524,2,999,2,852,1112,66,138,1964,204,918,1250,2168
487676,2,999,2,0,64,10,68,64,78,10,132,142
487773,2,999,2,0,14,0,2,14,2,0,16,16
487861,2,999,2,5,30,2,9,35,11,7,39,46
487922,2,999,2,0,42,0,11,42,11,0,53,53
487995,2,999,2,2,4,0,1,6,1,2,5,7
488013,2,999,2,5,85,0,1,90,1,5,86,91
488031,2,999,2,3,3,0,0,6,0,3,3,6
488077,2,999,2,295,2,261,2,297,263,556,4,560
488271,2,999,2,0,50,0,0,50,0,0,50,50
488305,2,999,2,40,20,6,5,60,11,46,25,71
488332,2,999,2,0,7,0,0,7,0,0,7,7
488989,2,999,2,0,55,2,28,55,30,2,83,85
488998,2,999,2,9,59,0,1,68,1,9,60,69
489140,2,999,2,0,24,5,28,24,33,5,52,57
489201,2,999,2,882,995,1719,2247,1877,3966,2601,3242,5843
489256,2,999,2,146,11,2,0,157,2,148,11,159
489344,2,999,2,0,21,3,55,21,58,3,76,79
489353,2,999,2,25,100,29,103,125,132,54,203,257
489779,2,999,2,353,611,3094,3728,964,6822,3447,4339,7786
490115,2,999,2,32,8,0,0,40,0,32,8,40
490230,2,999,2,22,21,0,0,43,0,22,21,43
490258,2,999,2,13,68,0,0,81,0,13,68,81
490300,2,999,2,1,31,10,8,32,18,11,39,50
490416,2,999,2,8,4,0,0,12,0,8,4,12
490425,2,999,2,0,92,0,0,92,0,0,92,92
490753,2,999,2,3,0,0,0,3,0,3,0,3
490805,2,999,2,2073,2103,1101,1575,4176,2676,3174,3678,6852
491136,2,999,2,0,34,0,17,34,17,0,51,51
491145,2,999,2,0,46,0,22,46,22,0,68,68
491534,2,999,2,0,0,1,5,0,6,1,5,6
491598,2,999,2,0,4,0,0,4,0,0,4,4
491826,2,999,2,0,61,0,0,61,0,0,61,61
491835,2,999,2,1,60,0,0,61,0,1,60,61
491941,2,999,2,2,97,0,0,99,0,2,97,99
491978,2,999,2,2,2,6,11,4,17,8,13,21
492476,2,999,2,5,13,7,14,18,21,12,27,39
492689,2,999,2,13,75,1,10,88,11,14,85,99
492759,2,999,2,3,47,3,66,50,69,6,113,119
492801,2,999,2,54,115,31,63,169,94,85,178,263
492962,2,999,2,53,129,104,164,182,268,157,293,450
493451,2,999,2,2,22,0,0,24,0,2,22,24
493655,2,999,2,5,2,0,0,7,0,5,2,7
493804,2,999,2,28,12,0,0,40,0,28,12,40
493831,2,999,2,12,4,0,0,16,0,12,4,16
494278,2,999,2,2,13,12,28,15,40,14,41,55
494287,2,999,2,11,16,5,30,27,35,16,46,62
494472,2,999,2,0,3,0,7,3,7,0,10,10
494898,2,999,2,2,14,0,0,16,0,2,14,16
494959,2,999,2,3,3,12,22,6,34,15,25,40
495077,2,999,2,2,49,0,0,51,0,2,49,51
495101,2,999,2,5,21,0,0,26,0,5,21,26
495271,2,999,2,0,3,7,12,3,19,7,15,22
495350,2,999,2,2,10,0,0,12,0,2,10,12
495369,2,999,2,0,17,0,8,17,8,0,25,25
495411,2,999,2,6,62,0,1,68,1,6,63,69
495518,2,999,2,2,39,0,17,41,17,2,56,58
496052,2,999,2,8,2,0,0,10,0,8,2,10
496618,2,999,2,2,50,0,0,52,0,2,50,52
496636,2,999,2,9,20,0,0,29,0,9,20,29
496733,2,999,2,0,54,0,0,54,0,0,54,54
497000,2,999,2,10,49,0,0,59,0,10,49,59
497037,2,999,2,16,117,20,63,133,83,36,180,216
497046,2,999,2,242,353,1212,2026,595,3238,1454,2379,3833
497107,2,999,2,0,0,12,76,0,88,12,76,88
497301,2,999,2,1,156,3,87,157,90,4,243,247
497417,2,999,2,0,13,0,0,13,0,0,13,13
497480,2,999,2,6,57,5,6,63,11,11,63,74
497790,2,999,2,96,1,0,0,97,0,96,1,97
498562,2,999,2,3490,5421,535,851,8911,1386,4025,6272,10297
498571,2,999,2,2786,4381,308,439,7167,747,3094,4820,7914
100663,2,999,5,772,1312,158,400,2084,558,930,1712,2642
100706,2,999,5,168,114,151,114,282,265,319,228,547
100751,2,999,5,641,1005,81,211,1646,292,722,1216,1938
100812,2,999,5,2,4,10,17,6,27,12,21,33
100830,2,999,5,232,118,82,69,350,151,314,187,501
100858,2,999,5,467,1065,203,243,1532,446,670,1308,1978
101189,2,999,5,74,185,4,2,259,6,78,187,265
101435,2,999,5,0,1,0,0,1,0,0,1,1
101453,2,999,5,0,0,4,0,0,4,4,0,4
101480,2,999,5,79,135,59,67,214,126,138,202,340
101587,2,999,5,120,327,6,19,447,25,126,346,472
101709,2,999,5,12,81,12,34,93,46,24,115,139
101912,2,999,5,1,2,0,0,3,0,1,2,3
102049,2,999,5,307,686,6,6,993,12,313,692,1005
102094,2,999,5,242,633,11,18,875,29,253,651,904
102234,2,999,5,4,3,1,6,7,7,5,9,14
102368,2,999,5,83,189,67,101,272,168,150,290,440
102377,2,999,5,32,154,5,21,186,26,37,175,212
102395,2,999,5,1,2,3,0,3,3,4,2,6
102553,2,999,5,11,32,5,24,43,29,16,56,72
102614,2,999,5,40,55,20,28,95,48,60,83,143
102632,2,999,5,3,8,2,2,11,4,5,10,15
104151,2,999,5,3389,2350,277,246,5739,523,3666,2596,6262
104179,2,999,5,869,1292,206,269,2161,475,1075,1561,2636
104586,2,999,5,12,6,0,0,18,0,12,6,18
104717,2,999,5,2,2,581,2313,4,2894,583,2315,2898
105297,2,999,5,0,1,0,0,1,0,0,1,1
105330,2,999,5,385,738,45,107,1123,152,430,845,1275
106245,2,999,5,157,229,122,258,386,380,279,487,766
106263,2,999,5,274,471,2,21,745,23,276,492,768
106397,2,999,5,345,606,213,258,951,471,558,864,1422
106412,2,999,5,32,25,6,8,57,14,38,33,71
106458,2,999,5,85,247,173,334,332,507,258,581,839
106467,2,999,5,39,36,43,54,75,97,82,90,172
107080,2,999,5,9,2,1,0,11,1,10,2,12
107141,2,999,5,11,30,18,48,41,66,29,78,107
107512,2,999,5,4,26,1,1,30,2,5,27,32
107983,2,999,5,211,130,155,156,341,311,366,286,652
108092,2,999,5,1,4,0,8,5,8,1,12,13
108232,2,999,5,84,189,21,78,273,99,105,267,372
109785,2,999,5,110,348,23,50,458,73,133,398,531
110097,2,999,5,84,128,61,57,212,118,145,185,330
110316,2,999,5,1,18,1,7,19,8,2,25,27
110361,2,999,5,163,500,49,128,663,177,212,628,840
110398,2,999,5,159,312,1,1,471,2,160,313,473
110404,2,999,5,334,189,0,0,523,0,334,189,523
110413,2,999,5,103,170,5,15,273,20,108,185,293
110422,2,999,5,238,272,79,46,510,125,317,318,635
110486,2,999,5,68,252,17,45,320,62,85,297,382
110495,2,999,5,44,233,30,49,277,79,74,282,356
110510,2,999,5,150,332,82,115,482,197,232,447,679
110529,2,999,5,124,227,128,115,351,243,252,342,594
110538,2,999,5,90,243,29,75,333,104,119,318,437
110547,2,999,5,102,238,19,61,340,80,121,299,420
110556,2,999,5,259,584,57,101,843,158,316,685,1001
110565,2,999,5,326,639,188,218,965,406,514,857,1371
110574,2,999,5,292,306,71,77,598,148,363,383,746
110583,2,999,5,562,857,128,249,1419,377,690,1106,1796
110592,2,999,5,234,386,68,104,620,172,302,490,792
110608,2,999,5,354,554,127,216,908,343,481,770,1251
110617,2,999,5,156,445,80,133,601,213,236,578,814
110635,2,999,5,1604,1606,147,120,3210,267,1751,1726,3477
110644,2,999,5,806,1230,36,70,2036,106,842,1300,2142
110653,2,999,5,1216,1181,53,62,2397,115,1269,1243,2512
110662,2,999,5,1888,2005,181,146,3893,327,2069,2151,4220
110671,2,999,5,640,503,30,24,1143,54,670,527,1197
110680,2,999,5,1994,1430,191,153,3424,344,2185,1583,3768
110699,2,999,5,318,553,0,0,871,0,318,553,871
110705,2,999,5,391,391,18,15,782,33,409,406,815
110714,2,999,5,285,205,10,2,490,12,295,207,502
111188,2,999,5,0,0,4,2,0,6,4,2,6
111948,2,999,5,258,563,34,86,821,120,292,649,941
112075,2,999,5,75,170,27,39,245,66,102,209,311
112084,2,999,5,3,5,1,0,8,1,4,5,9
112251,2,999,5,44,82,25,48,126,73,69,130,199
112260,2,999,5,0,3,0,0,3,0,0,3,3
113582,2,999,5,0,1,0,0,1,0,0,1,1
113698,2,999,5,38,88,2,8,126,10,40,96,136
113704,2,999,5,8,2,0,0,10,0,8,2,10
114123,2,999,5,1,4,0,0,5,0,1,4,5
114354,2,999,5,0,7,1,2,7,3,1,9,10
114549,2,999,5,2,6,2,3,8,5,4,9,13
114734,2,999,5,0,0,1,0,0,1,1,0,1
114813,2,999,5,31,116,18,35,147,53,49,151,200
115083,2,999,5,46,72,12,17,118,29,58,89,147
115755,2,999,5,41,74,5,9,115,14,46,83,129
116846,2,999,5,0,2,0,0,2,0,0,2,2
117104,2,999,5,3,6,0,0,9,0,3,6,9
117672,2,999,5,175,0,1,4,175,5,176,4,180
117946,2,999,5,321,607,21,40,928,61,342,647,989
119058,2,999,5,36,136,2,14,172,16,38,150,188
120166,2,999,5,16,10,0,0,26,0,16,10,26
120184,2,999,5,1,13,3,9,14,12,4,22,26
120403,2,999,5,2,6,0,0,8,0,2,6,8
120865,2,999,5,0,0,5,0,0,5,5,0,5
120883,2,999,5,509,748,62,90,1257,152,571,838,1409
121150,2,999,5,294,686,94,501,980,595,388,1187,1575
121309,2,999,5,47,138,24,52,185,76,71,190,261
121628,2,999,5,5,1,0,0,6,0,5,1,6
122296,2,999,5,28,58,1,5,86,6,29,63,92
122409,2,999,5,390,886,163,218,1276,381,553,1104,1657
122436,2,999,5,226,500,48,119,726,167,274,619,893
122597,2,999,5,194,411,69,148,605,217,263,559,822
122612,2,999,5,183,431,129,272,614,401,312,703,1015
122728,2,999,5,46,42,6,19,88,25,52,61,113
122755,2,999,5,829,827,225,270,1656,495,1054,1097,2151
122931,2,999,5,392,378,65,88,770,153,457,466,923
123165,2,999,5,1,4,0,1,5,1,1,5,6
123457,2,999,5,3,5,5,11,8,16,8,16,24
123572,2,999,5,23,95,17,21,118,38,40,116,156
123952,2,999,5,50,41,0,0,91,0,50,41,91
123961,2,999,5,4274,5563,612,744,9837,1356,4886,6307,11193
124283,2,999,5,1,1,0,0,2,0,1,1,2
124487,2,999,5,0,0,0,1,0,1,0,1,1
125231,2,999,5,93,775,33,262,868,295,126,1037,1163
125763,2,999,5,4,12,1,6,16,7,5,18,23
125897,2,999,5,4,11,0,2,15,2,4,13,17
126012,2,999,5,3,41,0,0,44,0,3,41,44
126182,2,999,5,17,56,37,29,73,66,54,85,139
126562,2,999,5,491,859,222,413,1350,635,713,1272,1985
126580,2,999,5,35,85,62,76,120,138,97,161,258
126614,2,999,5,652,607,685,484,1259,1169,1337,1091,2428
126775,2,999,5,360,171,38,17,531,55,398,188,586
126818,2,999,5,371,807,202,318,1178,520,573,1125,1698
126827,2,999,5,13,32,1,2,45,3,14,34,48
127185,2,999,5,1,4,2,5,5,7,3,9,12
127556,2,999,5,18,29,13,11,47,24,31,40,71
127565,2,999,5,10,105,11,36,115,47,21,141,162
127653,2,999,5,8,38,1,14,46,15,9,52,61
127741,2,999,5,75,224,27,131,299,158,102,355,457
127909,2,999,5,0,5,0,0,5,0,0,5,5
127918,2,999,5,115,235,9,27,350,36,124,262,386
128106,2,999,5,12,11,8,28,23,36,20,39,59
128498,2,999,5,21,36,1,8,57,9,22,44,66
128744,2,999,5,487,270,20,58,757,78,507,328,835
128771,2,999,5,65,122,56,97,187,153,121,219,340
128780,2,999,5,0,0,0,1,0,1,0,1,1
129020,2,999,5,854,1323,143,172,2177,315,997,1495,2492
129154,2,999,5,0,1,3,7,1,10,3,8,11
129215,2,999,5,15,39,6,18,54,24,21,57,78
129242,2,999,5,146,186,42,71,332,113,188,257,445
129428,2,999,5,0,0,18,7,0,25,18,7,25
129491,2,999,5,1,2,1,0,3,1,2,2,4
129525,2,999,5,122,231,45,88,353,133,167,319,486
129941,2,999,5,956,793,90,110,1749,200,1046,903,1949
130183,2,999,5,14,19,40,76,33,116,54,95,149
130226,2,999,5,309,706,35,188,1015,223,344,894,1238
130253,2,999,5,657,802,77,129,1459,206,734,931,1665
130314,2,999,5,49,189,11,82,238,93,60,271,331
130590,2,999,5,0,0,12,3,0,15,12,3,15
130697,2,999,5,14,37,2,15,51,17,16,52,68
130776,2,999,5,13,17,28,90,30,118,41,107,148
130794,2,999,5,945,1434,3,1,2379,4,948,1435,2383
130934,2,999,5,44,142,1,4,186,5,45,146,191
130943,2,999,5,541,756,58,101,1297,159,599,857,1456
130989,2,999,5,7,36,10,23,43,33,17,59,76
131113,2,999,5,257,202,105,180,459,285,362,382,744
131399,2,999,5,29,69,3,4,98,7,32,73,105
131450,2,999,5,17,77,1,6,94,7,18,83,101
131469,2,999,5,1045,1847,207,544,2892,751,1252,2391,3643
131496,2,999,5,1300,1933,311,451,3233,762,1611,2384,3995
131520,2,999,5,258,606,7,23,864,30,265,629,894
132471,2,999,5,170,481,27,114,651,141,197,595,792
132842,2,999,5,10,82,1,9,92,10,11,91,102
132903,2,999,5,751,1185,341,488,1936,829,1092,1673,2765
133553,2,999,5,211,113,13,9,324,22,224,122,346
133650,2,999,5,148,346,13,20,494,33,161,366,527
133711,2,999,5,0,0,0,4,0,4,0,4,4
133872,2,999,5,21,63,2,17,84,19,23,80,103
133881,2,999,5,260,221,146,470,481,616,406,691,1097
134097,2,999,5,990,1726,233,515,2716,748,1223,2241,3464
134130,2,999,5,2285,3086,413,900,5371,1313,2698,3986,6684
135610,2,999,5,0,2,0,1,2,1,0,3,3
135726,2,999,5,1038,1522,35,55,2560,90,1073,1577,2650
136172,2,999,5,156,392,75,160,548,235,231,552,783
136330,2,999,5,62,118,27,46,180,73,89,164,253
136701,2,999,5,27,0,3,0,27,3,30,0,30
136950,2,999,5,86,60,11,24,146,35,97,84,181
137351,2,999,5,1059,1682,225,450,2741,675,1284,2132,3416
137546,2,999,5,225,321,60,73,546,133,285,394,679
137564,2,999,5,56,111,25,49,167,74,81,160,241
138275,2,999,5,4,0,19,6,4,25,23,6,29
138309,2,999,5,4,10,1,1,14,2,5,11,16
138354,2,999,5,58,137,174,394,195,568,232,531,763
138600,2,999,5,4,47,0,6,51,6,4,53,57
138716,2,999,5,22,68,5,16,90,21,27,84,111
138929,2,999,5,16,55,3,5,71,8,19,60,79
138947,2,999,5,46,104,2,8,150,10,48,112,160
139144,2,999,5,5,0,7,16,5,23,12,16,28
139199,2,999,5,31,193,5,50,224,55,36,243,279
139311,2,999,5,15,35,11,26,50,37,26,61,87
139366,2,999,5,40,73,24,59,113,83,64,132,196
139393,2,999,5,4,5,0,0,9,0,4,5,9
139658,2,999,5,580,1705,34,86,2285,120,614,1791,2405
139719,2,999,5,9,32,1,7,41,8,10,39,49
139755,2,999,5,2255,1162,1482,542,3417,2024,3737,1704,5441
139764,2,999,5,10,61,7,17,71,24,17,78,95
139861,2,999,5,54,88,37,77,142,114,91,165,256
139931,2,999,5,194,501,54,201,695,255,248,702,950
139940,2,999,5,546,1120,67,157,1666,224,613,1277,1890
139959,2,999,5,1097,2074,69,209,3171,278,1166,2283,3449
140146,2,999,5,6,1,1,0,7,1,7,1,8
140234,2,999,5,6,13,0,0,19,0,6,13,19
140252,2,999,5,334,378,16,23,712,39,350,401,751
140447,2,999,5,341,769,39,102,1110,141,380,871,1251
140562,2,999,5,93,197,4,19,290,23,97,216,313
140818,2,999,5,12,20,3,9,32,12,15,29,44
140951,2,999,5,252,738,19,75,990,94,271,813,1084
140960,2,999,5,16,31,4,14,47,18,20,45,65
140988,2,999,5,29,27,8,4,56,12,37,31,68
141264,2,999,5,70,232,31,126,302,157,101,358,459
141334,2,999,5,70,154,64,180,224,244,134,334,468
141565,2,999,5,25,65,9,27,90,36,34,92,126
141574,2,999,5,260,509,102,181,769,283,362,690,1052
141644,2,999,5,44,121,5,12,165,17,49,133,182
142115,2,999,5,117,228,55,123,345,178,172,351,523
142276,2,999,5,138,316,11,32,454,43,149,348,497
142285,2,999,5,250,400,34,38,650,72,284,438,722
142461,2,999,5,11,24,15,24,35,39,26,48,74
142832,2,999,5,30,276,13,66,306,79,43,342,385
143118,2,999,5,71,281,16,75,352,91,87,356,443
143358,2,999,5,198,117,31,74,315,105,229,191,420
143853,2,999,5,301,831,5,13,1132,18,306,844,1150
144050,2,999,5,1286,1475,148,133,2761,281,1434,1608,3042
144351,2,999,5,33,33,76,147,66,223,109,180,289
144740,2,999,5,714,1139,65,80,1853,145,779,1219,1998
144892,2,999,5,282,264,59,72,546,131,341,336,677
144962,2,999,5,22,133,66,55,155,121,88,188,276
145336,2,999,5,162,184,18,52,346,70,180,236,416
145372,2,999,5,5,8,8,10,13,18,13,18,31
145558,2,999,5,210,383,3,13,593,16,213,396,609
145600,2,999,5,1260,1936,176,216,3196,392,1436,2152,3588
145619,2,999,5,31,51,22,49,82,71,53,100,153
145637,2,999,5,3007,2544,580,444,5551,1024,3587,2988,6575
145813,2,999,5,290,460,29,99,750,128,319,559,878
146339,2,999,5,18,14,1,5,32,6,19,19,38
146481,2,999,5,2,9,1,1,11,2,3,10,13
146490,2,999,5,0,0,2,1,0,3,2,1,3
146612,2,999,5,410,278,63,84,688,147,473,362,835
146719,2,999,5,398,1034,35,91,1432,126,433,1125,1558
147013,2,999,5,38,42,7,10,80,17,45,52,97
147129,2,999,5,0,2,0,0,2,0,0,2,2
147244,2,999,5,11,9,2,0,20,2,13,9,22
147369,2,999,5,22,20,20,10,42,30,42,30,72
147536,2,999,5,23,139,10,92,162,102,33,231,264
147590,2,999,5,29,36,0,1,65,1,29,37,66
147660,2,999,5,44,120,2,5,164,7,46,125,171
147679,2,999,5,11,16,28,40,27,68,39,56,95
147776,2,999,5,34,66,25,48,100,73,59,114,173
147828,2,999,5,7,6,65,83,13,148,72,89,161
148131,2,999,5,14,9,31,13,23,44,45,22,67
148487,2,999,5,102,240,9,50,342,59,111,290,401
148511,2,999,5,79,452,2,28,531,30,81,480,561
148575,2,999,5,0,0,0,4,0,4,0,4,4
148627,2,999,5,19,86,12,33,105,45,31,119,150
148654,2,999,5,226,152,61,72,378,133,287,224,511
149222,2,999,5,307,506,27,49,813,76,334,555,889
149231,2,999,5,390,489,106,155,879,261,496,644,1140
149772,2,999,5,344,294,34,70,638,104,378,364,742
149781,2,999,5,34,77,27,60,111,87,61,137,198
150136,2,999,5,189,460,131,799,649,930,320,1259,1579
150163,2,999,5,89,218,41,46,307,87,130,264,394
150172,2,999,5,5,6,2,1,11,3,7,7,14
150215,2,999,5,0,3,0,1,3,1,0,4,4
150534,2,999,5,50,139,0,3,189,3,50,142,192
150604,2,999,5,3,18,2,1,21,3,5,19,24
150668,2,999,5,1,0,0,0,1,0,1,0,1
150677,2,999,5,8,12,23,26,20,49,31,38,69
150941,2,999,5,14,64,17,32,78,49,31,96,127
151111,2,999,5,986,1504,97,283,2490,380,1083,1787,2870
151263,2,999,5,101,350,46,89,451,135,147,439,586
151290,2,999,5,79,59,33,20,138,53,112,79,191
151306,2,999,5,31,114,52,93,145,145,83,207,290
151324,2,999,5,131,260,31,68,391,99,162,328,490
151333,2,999,5,11,17,7,3,28,10,18,20,38
151342,2,999,5,11,72,14,40,83,54,25,112,137
151351,2,999,5,1452,1469,185,159,2921,344,1637,1628,3265
151360,2,999,5,6,19,3,15,25,18,9,34,43
151379,2,999,5,5,25,15,34,30,49,20,59,79
151388,2,999,5,1,10,8,15,11,23,9,25,34
151777,2,999,5,33,67,2,4,100,6,35,71,106
152080,2,999,5,745,654,13,15,1399,28,758,669,1427
152318,2,999,5,10,4,2,0,14,2,12,4,16
152336,2,999,5,22,41,5,16,63,21,27,57,84
152390,2,999,5,1,50,0,15,51,15,1,65,66
152451,2,999,5,21,0,1,1,21,2,22,1,23
152567,2,999,5,34,114,0,2,148,2,34,116,150
152600,2,999,5,144,137,28,22,281,50,172,159,331
152798,2,999,5,6,53,0,3,59,3,6,56,62
152992,2,999,5,27,48,3,10,75,13,30,58,88
153001,2,999,5,0,0,5,59,0,64,5,59,64
153126,2,999,5,12,53,18,18,65,36,30,71,101
153162,2,999,5,0,0,5,2,0,7,5,2,7
153250,2,999,5,1,15,4,14,16,18,5,29,34
153269,2,999,5,192,413,29,63,605,92,221,476,697
153366,2,999,5,7,10,2,4,17,6,9,14,23
153621,2,999,5,28,18,3,1,46,4,31,19,50
153658,2,999,5,889,1324,79,121,2213,200,968,1445,2413
153825,2,999,5,12,31,1,3,43,4,13,34,47
154004,2,999,5,2,3,14,56,5,70,16,59,75
154013,2,999,5,10,27,9,11,37,20,19,38,57
154174,2,999,5,499,513,4,0,1012,4,503,513,1016
154235,2,999,5,65,242,17,21,307,38,82,263,345
154350,2,999,5,0,2,1,2,2,3,1,4,5
154493,2,999,5,34,30,10,5,64,15,44,35,79
154527,2,999,5,2,3,0,0,5,0,2,3,5
154712,2,999,5,22,7,9,9,29,18,31,16,47
155025,2,999,5,56,134,72,172,190,244,128,306,434
155089,2,999,5,6,29,21,17,35,38,27,46,73
155317,2,999,5,763,1243,100,158,2006,258,863,1401,2264
155399,2,999,5,400,741,81,144,1141,225,481,885,1366
155414,2,999,5,0,0,37,15,0,52,37,15,52
155511,2,999,5,0,1,0,1,1,1,0,2,2
155812,2,999,5,46,66,23,15,112,38,69,81,150
155900,2,999,5,15,2,1,1,17,2,16,3,19
155973,2,999,5,0,0,25,11,0,36,25,11,36
156082,2,999,5,92,122,8,10,214,18,100,132,232
156125,2,999,5,845,633,108,130,1478,238,953,763,1716
156213,2,999,5,5,3,7,21,8,28,12,24,36
156286,2,999,5,67,128,13,35,195,48,80,163,243
156356,2,999,5,1,20,1,7,21,8,2,27,29
156541,2,999,5,145,298,195,263,443,458,340,561,901
156620,2,999,5,106,265,40,136,371,176,146,401,547
156745,2,999,5,0,0,3,25,0,28,3,25,28
157058,2,999,5,9,4,9,3,13,12,18,7,25
157085,2,999,5,902,1873,66,157,2775,223,968,2030,2998
157216,2,999,5,253,94,19,40,347,59,272,134,406
157289,2,999,5,562,917,126,168,1479,294,688,1085,1773
157386,2,999,5,45,24,15,33,69,48,60,57,117
157401,2,999,5,72,190,87,132,262,219,159,322,481
157447,2,999,5,132,246,93,165,378,258,225,411,636
157535,2,999,5,158,208,4,1,366,5,162,209,371
157757,2,999,5,24,126,8,24,150,32,32,150,182
157951,2,999,5,119,308,57,143,427,200,176,451,627
159391,2,999,5,567,1265,70,120,1832,190,637,1385,2022
159647,2,999,5,114,181,29,32,295,61,143,213,356
159656,2,999,5,144,211,12,42,355,54,156,253,409
159717,2,999,5,51,78,14,20,129,34,65,98,163
159939,2,999,5,74,95,31,46,169,77,105,141,246
159966,2,999,5,34,106,21,36,140,57,55,142,197
159993,2,999,5,139,351,24,84,490,108,163,435,598
160612,2,999,5,75,180,20,50,255,70,95,230,325
160621,2,999,5,143,257,44,54,400,98,187,311,498
160630,2,999,5,16,24,0,1,40,1,16,25,41
160658,2,999,5,164,250,57,78,414,135,221,328,549
160755,2,999,5,540,887,70,135,1427,205,610,1022,1632
160904,2,999,5,84,276,0,1,360,1,84,277,361
161217,2,999,5,1,0,2,2,1,4,3,2,5
161226,2,999,5,0,10,0,18,10,18,0,28,28
161253,2,999,5,77,163,120,145,240,265,197,308,505
161299,2,999,5,1,2,1,0,3,1,2,2,4
161341,2,999,5,0,0,1,1,0,2,1,1,2
161457,2,999,5,151,462,3,20,613,23,154,482,636
161509,2,999,5,2,15,0,0,17,0,2,15,17
161554,2,999,5,44,115,29,106,159,135,73,221,294
161572,2,999,5,7,57,7,38,64,45,14,95,109
161873,2,999,5,118,244,19,69,362,88,137,313,450
162210,2,999,5,1,8,5,5,9,10,6,13,19
162283,2,999,5,1,6,3,8,7,11,4,14,18
162584,2,999,5,57,74,25,29,131,54,82,103,185
162654,2,999,5,12,10,5,39,22,44,17,49,66
163204,2,999,5,3,3,218,309,6,527,221,312,533
163259,2,999,5,446,1072,39,124,1518,163,485,1196,1681
163268,2,999,5,633,480,110,106,1113,216,743,586,1329
163286,2,999,5,1298,1279,234,203,2577,437,1532,1482,3014
163295,2,999,5,23,70,5,25,93,30,28,95,123
163338,2,999,5,38,86,5,14,124,19,43,100,143
163453,2,999,5,45,93,11,9,138,20,56,102,158
163462,2,999,5,96,45,28,40,141,68,124,85,209
163578,2,999,5,8,52,11,34,60,45,19,86,105
163851,2,999,5,46,119,15,42,165,57,61,161,222
163912,2,999,5,3,16,0,0,19,0,3,16,19
163976,2,999,5,5,3,0,0,8,0,5,3,8
164076,2,999,5,115,446,56,175,561,231,171,621,792
164085,2,999,5,1,6,2,19,7,21,3,25,28
164270,2,999,5,37,114,5,33,151,38,42,147,189
164492,2,999,5,17,30,15,22,47,37,32,52,84
164632,2,999,5,8,139,5,44,147,49,13,183,196
164739,2,999,5,160,111,101,94,271,195,261,205,466
164872,2,999,5,30,47,1,3,77,4,31,50,81
164915,2,999,5,4,2,0,1,6,1,4,3,7
164988,2,999,5,2085,3296,500,845,5381,1345,2585,4141,6726
165015,2,999,5,230,278,40,73,508,113,270,351,621
165024,2,999,5,39,157,38,118,196,156,77,275,352
165167,2,999,5,7,27,5,40,34,45,12,67,79
165334,2,999,5,333,276,16,13,609,29,349,289,638
165662,2,999,5,55,401,5,69,456,74,60,470,530
165671,2,999,5,1,11,2,3,12,5,3,14,17
165820,2,999,5,60,95,72,150,155,222,132,245,377
165866,2,999,5,7,18,13,65,25,78,20,83,103
165936,2,999,5,1,15,3,17,16,20,4,32,36
165945,2,999,5,24,27,20,18,51,38,44,45,89
166027,2,999,5,976,1524,137,218,2500,355,1113,1742,2855
166391,2,999,5,6,9,38,76,15,114,44,85,129
166513,2,999,5,383,356,203,194,739,397,586,550,1136
166629,2,999,5,655,625,265,189,1280,454,920,814,1734
166674,2,999,5,2,17,1,0,19,1,3,17,20
166683,2,999,5,1284,946,13,7,2230,20,1297,953,2250
166708,2,999,5,94,199,1,11,293,12,95,210,305
166717,2,999,5,22,162,5,18,184,23,27,180,207
166850,2,999,5,166,303,25,72,469,97,191,375,566
166939,2,999,5,2,5,5,7,7,12,7,12,19
167093,2,999,5,41,183,0,0,224,0,41,183,224
167288,2,999,5,1,4,2,2,5,4,3,6,9
167358,2,999,5,3430,3101,99,99,6531,198,3529,3200,6729
167394,2,999,5,18,15,7,14,33,21,25,29,54
167598,2,999,5,9,111,12,131,120,143,21,242,263
167729,2,999,5,25,133,17,50,158,67,42,183,225
167783,2,999,5,40,411,23,320,451,343,63,731,794
167835,2,999,5,6,76,1,2,82,3,7,78,85
167987,2,999,5,177,192,57,64,369,121,234,256,490
168005,2,999,5,225,490,73,124,715,197,298,614,912
168148,2,999,5,615,1206,80,149,1821,229,695,1355,2050
168227,2,999,5,65,50,11,3,115,14,76,53,129
168254,2,999,5,118,204,46,61,322,107,164,265,429
168342,2,999,5,6,11,0,0,17,0,6,11,17
168421,2,999,5,280,135,194,109,415,303,474,244,718
168430,2,999,5,9,96,30,82,105,112,39,178,217
168528,2,999,5,26,25,4,4,51,8,30,29,59
168591,2,999,5,0,1,0,0,1,0,0,1,1
168740,2,999,5,54,65,20,31,119,51,74,96,170
168786,2,999,5,7,15,3,4,22,7,10,19,29
168847,2,999,5,3,14,1,11,17,12,4,25,29
169099,2,999,5,10,4,1,3,14,4,11,7,18
169248,2,999,5,433,529,68,142,962,210,501,671,1172
169424,2,999,5,11,15,0,0,26,0,11,15,26
169442,2,999,5,16,9,1,0,25,1,17,9,26
169716,2,999,5,317,509,34,74,826,108,351,583,934
169798,2,999,5,108,241,62,147,349,209,170,388,558
169910,2,999,5,138,272,9,16,410,25,147,288,435
170000,2,999,5,2,2,0,1,4,1,2,3,5
170082,2,999,5,237,727,73,180,964,253,310,907,1217
170286,2,999,5,10,5,4,3,15,7,14,8,22
170675,2,999,5,5,32,134,50,37,184,139,82,221
170806,2,999,5,18,30,10,12,48,22,28,42,70
170976,2,999,5,3272,3499,308,267,6771,575,3580,3766,7346
171100,2,999,5,1120,1713,158,329,2833,487,1278,2042,3320
171137,2,999,5,233,120,152,94,353,246,385,214,599
171146,2,999,5,59,154,14,26,213,40,73,180,253
171456,2,999,5,41,73,15,13,114,28,56,86,142
171492,2,999,5,27,24,25,22,51,47,52,46,98
171571,2,999,5,250,427,61,77,677,138,311,504,815
172334,2,999,5,14,67,0,4,81,4,14,71,85
172644,2,999,5,661,1257,157,280,1918,437,818,1537,2355
172699,2,999,5,120,362,222,326,482,548,342,688,1030
173045,2,999,5,22,60,2,11,82,13,24,71,95
173142,2,999,5,3,5,0,0,8,0,3,5,8
173160,2,999,5,12,72,11,32,84,43,23,104,127
173300,2,999,5,0,0,4,14,0,18,4,14,18
173452,2,999,5,1,0,7,13,1,20,8,13,21
173665,2,999,5,2,8,20,59,10,79,22,67,89
173683,2,999,5,2,6,0,5,8,5,2,11,13
173896,2,999,5,9,12,0,0,21,0,9,12,21
174066,2,999,5,1209,2124,313,369,3333,682,1522,2493,4015
174127,2,999,5,2,16,0,6,18,6,2,22,24
174233,2,999,5,91,202,47,47,293,94,138,249,387
174491,2,999,5,0,0,7,6,0,13,7,6,13
174507,2,999,5,118,167,0,5,285,5,118,172,290
174747,2,999,5,0,4,0,2,4,2,0,6,6
174792,2,999,5,2,5,0,0,7,0,2,5,7
174899,2,999,5,53,204,5,16,257,21,58,220,278
174914,2,999,5,125,320,106,117,445,223,231,437,668
175005,2,999,5,23,242,8,109,265,117,31,351,382
175014,2,999,5,2,16,0,2,18,2,2,18,20
175421,2,999,5,4,7,64,89,11,153,68,96,164
175430,2,999,5,5,0,0,0,5,0,5,0,5
175616,2,999,5,38,66,10,37,104,47,48,103,151
175856,2,999,5,59,120,15,47,179,62,74,167,241
175980,2,999,5,16,8,2,0,24,2,18,8,26
176017,2,999,5,640,1120,109,249,1760,358,749,1369,2118
176035,2,999,5,3,65,1,19,68,20,4,84,88
176044,2,999,5,23,17,8,7,40,15,31,24,55
176053,2,999,5,141,293,27,49,434,76,168,342,510
176080,2,999,5,386,695,128,185,1081,313,514,880,1394
176372,2,999,5,192,368,62,106,560,168,254,474,728
176451,2,999,5,0,0,3,0,0,3,3,0,3
176479,2,999,5,61,144,8,8,205,16,69,152,221
176600,2,999,5,6,2,0,3,8,3,6,5,11
176628,2,999,5,23,54,3,7,77,10,26,61,87
176965,2,999,5,566,480,356,301,1046,657,922,781,1703
177038,2,999,5,88,105,1,1,193,2,89,106,195
177126,2,999,5,18,10,21,13,28,34,39,23,62
177144,2,999,5,26,31,2,3,57,5,28,34,62
177214,2,999,5,0,5,20,21,5,41,20,26,46
177418,2,999,5,12,89,5,11,101,16,17,100,117
177940,2,999,5,6,10,2,1,16,3,8,11,19
177986,2,999,5,250,252,8,28,502,36,258,280,538
178059,2,999,5,69,227,49,174,296,223,118,401,519
178341,2,999,5,7,6,8,11,13,19,15,17,32
178369,2,999,5,0,3,1,4,3,5,1,7,8
178387,2,999,5,5,6,29,34,11,63,34,40,74
178396,2,999,5,676,1165,106,256,1841,362,782,1421,2203
178402,2,999,5,1023,1159,113,138,2182,251,1136,1297,2433
178411,2,999,5,224,128,55,25,352,80,279,153,432
178420,2,999,5,121,242,67,167,363,234,188,409,597
178615,2,999,5,54,140,12,21,194,33,66,161,227
178624,2,999,5,226,220,136,199,446,335,362,419,781
178679,2,999,5,0,0,10,3,0,13,10,3,13
178721,2,999,5,49,36,70,59,85,129,119,95,214
178989,2,999,5,0,0,0,3,0,3,0,3,3
179043,2,999,5,54,168,31,47,222,78,85,215,300
179326,2,999,5,54,93,21,24,147,45,75,117,192
179557,2,999,5,225,215,56,74,440,130,281,289,570
179566,2,999,5,348,633,134,301,981,435,482,934,1416
179812,2,999,5,122,204,0,3,326,3,122,207,329
179867,2,999,5,1649,1944,205,269,3593,474,1854,2213,4067
179894,2,999,5,200,155,59,84,355,143,259,239,498
180106,2,999,5,0,4,0,0,4,0,0,4,4
180179,2,999,5,4,18,0,11,22,11,4,29,33
180258,2,999,5,4,17,1,1,21,2,5,18,23
180416,2,999,5,15,8,3,7,23,10,18,15,33
180461,2,999,5,115,148,116,133,263,249,231,281,512
180522,2,999,5,0,2,0,1,2,1,0,3,3
180595,2,999,5,4,59,0,0,63,0,4,59,63
180814,2,999,5,75,153,22,20,228,42,97,173,270
180948,2,999,5,18,31,5,13,49,18,23,44,67
181002,2,999,5,516,988,46,60,1504,106,562,1048,1610
181020,2,999,5,18,43,9,51,61,60,27,94,121
181127,2,999,5,9,1,1,0,10,1,10,1,11
181215,2,999,5,27,92,44,116,119,160,71,208,279
181297,2,999,5,5,48,0,0,53,0,5,48,53
181330,2,999,5,16,9,16,23,25,39,32,32,64
181394,2,999,5,173,283,106,220,456,326,279,503,782
181428,2,999,5,268,548,13,32,816,45,281,580,861
181446,2,999,5,4,4,8,5,8,13,12,9,21
181464,2,999,5,471,532,101,175,1003,276,572,707,1279
181604,2,999,5,9,126,2,4,135,6,11,130,141
181738,2,999,5,2,41,0,0,43,0,2,41,43
181783,2,999,5,22,37,18,45,59,63,40,82,122
182281,2,999,5,264,490,68,106,754,174,332,596,928
182290,2,999,5,190,371,125,204,561,329,315,575,890
182670,2,999,5,272,316,7,4,588,11,279,320,599
182829,2,999,5,89,97,3,4,186,7,92,101,193
182980,2,999,5,282,120,2,5,402,7,284,125,409
183026,2,999,5,340,845,253,661,1185,914,593,1506,2099
183044,2,999,5,173,386,83,127,559,210,256,513,769
183062,2,999,5,2,10,10,12,12,22,12,22,34
183071,2,999,5,0,0,1,1,0,2,1,1,2
183080,2,999,5,46,80,18,29,126,47,64,109,173
183239,2,999,5,7,10,0,1,17,1,7,11,18
183257,2,999,5,0,4,2,6,4,8,2,10,12
183789,2,999,5,4,4,2,8,8,10,6,12,18
183822,2,999,5,1,0,0,0,1,0,1,0,1
183910,2,999,5,11,45,2,49,56,51,13,94,107
184603,2,999,5,96,180,22,66,276,88,118,246,364
184612,2,999,5,8,25,13,27,33,40,21,52,73
184694,2,999,5,89,237,13,23,326,36,102,260,362
184773,2,999,5,24,48,4,13,72,17,28,61,89
184782,2,999,5,600,661,97,139,1261,236,697,800,1497
185262,2,999,5,108,364,19,72,472,91,127,436,563
185572,2,999,5,109,295,39,79,404,118,148,374,522
185590,2,999,5,192,637,103,269,829,372,295,906,1201
185758,2,999,5,1,0,1,0,1,1,2,0,2
185828,2,999,5,793,353,142,57,1146,199,935,410,1345
186131,2,999,5,499,373,0,0,872,0,499,373,872
186201,2,999,5,38,77,18,60,115,78,56,137,193
186283,2,999,5,66,116,29,66,182,95,95,182,277
186371,2,999,5,122,180,46,74,302,120,168,254,422
186380,2,999,5,1383,2241,194,459,3624,653,1577,2700,4277
186399,2,999,5,293,254,104,110,547,214,397,364,761
186432,2,999,5,263,160,7,16,423,23,270,176,446
186584,2,999,5,297,616,76,194,913,270,373,810,1183
186618,2,999,5,13,61,4,12,74,16,17,73,90
186867,2,999,5,1531,535,151,73,2066,224,1682,608,2290
186876,2,999,5,68,200,22,64,268,86,90,264,354
187046,2,999,5,0,0,5,11,0,16,5,11,16
187134,2,999,5,25,141,16,40,166,56,41,181,222
187444,2,999,5,61,164,37,100,225,137,98,264,362
187648,2,999,5,32,93,23,70,125,93,55,163,218
187897,2,999,5,29,80,8,18,109,26,37,98,135
187967,2,999,5,62,21,11,12,83,23,73,33,106
187985,2,999,5,415,604,145,154,1019,299,560,758,1318
188030,2,999,5,159,265,46,82,424,128,205,347,552
188207,2,999,5,0,15,0,6,15,6,0,21,21
188340,2,999,5,1,1,1,1,2,2,2,2,4
188429,2,999,5,136,473,53,166,609,219,189,639,828
188641,2,999,5,23,56,12,23,79,35,35,79,114
188854,2,999,5,0,2,0,0,2,0,0,2,2
189228,2,999,5,0,4,1,1,4,2,1,5,6
189705,2,999,5,99,127,27,42,226,69,126,169,295
190044,2,999,5,118,128,72,46,246,118,190,174,364
190099,2,999,5,0,5,1,0,5,1,1,5,6
190372,2,999,5,21,5,14,1,26,15,35,6,41
190415,2,999,5,1633,2039,36,52,3672,88,1669,2091,3760
190424,2,999,5,136,264,1,1,400,2,137,265,402
190503,2,999,5,8,12,2,0,20,2,10,12,22
190761,2,999,5,13,32,1,8,45,9,14,40,54
191126,2,999,5,8,50,0,1,58,1,8,51,59
191205,2,999,5,2,1,0,1,3,1,2,2,4
191241,2,999,5,582,900,114,354,1482,468,696,1254,1950
191649,2,999,5,526,1037,64,151,1563,215,590,1188,1778
191676,2,999,5,2,2,4,3,4,7,6,5,11
192192,2,999,5,5,60,13,31,65,44,18,91,109
192271,2,999,5,6,83,1,25,89,26,7,108,115
192323,2,999,5,57,130,18,51,187,69,75,181,256
192448,2,999,5,321,1030,39,152,1351,191,360,1182,1542
192703,2,999,5,114,104,17,7,218,24,131,111,242
192712,2,999,5,139,174,2,5,313,7,141,179,320
192749,2,999,5,43,77,42,140,120,182,85,217,302
192785,2,999,5,0,12,0,0,12,0,0,12,12
192819,2,999,5,169,197,30,56,366,86,199,253,452
193016,2,999,5,87,300,16,102,387,118,103,402,505
193292,2,999,5,43,159,42,94,202,136,85,253,338
193399,2,999,5,17,110,6,113,127,119,23,223,246
193584,2,999,5,39,213,13,67,252,80,52,280,332
193654,2,999,5,232,750,19,40,982,59,251,790,1041
193830,2,999,5,152,277,3,22,429,25,155,299,454
193900,2,999,5,4469,6644,516,726,11113,1242,4985,7370,12355
193973,2,999,5,103,301,16,71,404,87,119,372,491
194091,2,999,5,558,612,41,50,1170,91,599,662,1261
194116,2,999,5,7,39,0,0,46,0,7,39,46
194310,2,999,5,700,1020,88,215,1720,303,788,1235,2023
194392,2,999,5,2,3,2,0,5,2,4,3,7
194578,2,999,5,132,467,0,21,599,21,132,488,620
194824,2,999,5,300,169,8,3,469,11,308,172,480
195003,2,999,5,626,410,46,40,1036,86,672,450,1122
195128,2,999,5,34,157,18,109,191,127,52,266,318
195155,2,999,5,2,1,11,17,3,28,13,18,31
195164,2,999,5,56,84,50,74,140,124,106,158,264
195216,2,999,5,1,4,4,3,5,7,5,7,12
195234,2,999,5,63,187,15,49,250,64,78,236,314
195243,2,999,5,21,37,22,31,58,53,43,68,111
195474,2,999,5,42,27,12,10,69,22,54,37,91
195544,2,999,5,20,43,48,138,63,186,68,181,249
195720,2,999,5,86,183,27,42,269,69,113,225,338
196024,2,999,5,0,3,0,2,3,2,0,5,5
196042,2,999,5,3,1,11,2,4,13,14,3,17
196060,2,999,5,480,768,80,278,1248,358,560,1046,1606
196079,2,999,5,814,675,65,66,1489,131,879,741,1620
196088,2,999,5,1925,2086,408,334,4011,742,2333,2420,4753
196097,2,999,5,1164,1316,176,227,2480,403,1340,1543,2883
196103,2,999,5,21,39,5,12,60,17,26,51,77
196112,2,999,5,88,48,33,29,136,62,121,77,198
196121,2,999,5,53,148,80,176,201,256,133,324,457
196130,2,999,5,43,159,36,162,202,198,79,321,400
196149,2,999,5,40,141,36,191,181,227,76,332,408
196158,2,999,5,20,93,8,43,113,51,28,136,164
196167,2,999,5,9,28,5,19,37,24,14,47,61
196176,2,999,5,105,213,29,88,318,117,134,301,435
196185,2,999,5,15,103,28,161,118,189,43,264,307
196194,2,999,5,90,135,33,59,225,92,123,194,317
196200,2,999,5,19,70,7,41,89,48,26,111,137
196219,2,999,5,8,6,0,1,14,1,8,7,15
196246,2,999,5,37,156,5,17,193,22,42,173,215
196255,2,999,5,175,308,8,25,483,33,183,333,516
196264,2,999,5,7,24,33,83,31,116,40,107,147
196291,2,999,5,37,7,9,2,44,11,46,9,55
196307,2,999,5,161,282,2,5,443,7,163,287,450
196413,2,999,5,1049,1178,85,150,2227,235,1134,1328,2462
196468,2,999,5,187,1179,33,142,1366,175,220,1321,1541
196884,2,999,5,7,17,3,1,24,4,10,18,28
197045,2,999,5,44,119,44,87,163,131,88,206,294
197708,2,999,5,249,789,38,76,1038,114,287,865,1152
197869,2,999,5,196,395,34,107,591,141,230,502,732
197911,2,999,5,20,11,1,0,31,1,21,11,32
198066,2,999,5,7,8,2,1,15,3,9,9,18
198136,2,999,5,316,550,31,35,866,66,347,585,932
198303,2,999,5,17,9,18,4,26,22,35,13,48
198464,2,999,5,409,868,90,236,1277,326,499,1104,1603
198507,2,999,5,3,7,4,7,10,11,7,14,21
198516,2,999,5,114,230,3,0,344,3,117,230,347
198543,2,999,5,21,64,10,29,85,39,31,93,124
198598,2,999,5,1,0,0,0,1,0,1,0,1
198756,2,999,5,2,11,0,0,13,0,2,11,13
198835,2,999,5,35,125,5,19,160,24,40,144,184
198899,2,999,5,7,8,0,9,15,9,7,17,24
198950,2,999,5,3,56,3,51,59,54,6,107,113
198969,2,999,5,36,99,5,14,135,19,41,113,154
199102,2,999,5,116,238,17,61,354,78,133,299,432
199120,2,999,5,1025,2131,81,211,3156,292,1106,2342,3448
199139,2,999,5,651,752,166,372,1403,538,817,1124,1941
199148,2,999,5,206,490,42,140,696,182,248,630,878
199157,2,999,5,143,438,16,60,581,76,159,498,657
199184,2,999,5,38,42,0,1,80,1,38,43,81
199193,2,999,5,1531,1424,219,261,2955,480,1750,1685,3435
199218,2,999,5,173,411,50,145,584,195,223,556,779
199281,2,999,5,46,142,63,131,188,194,109,273,382
199412,2,999,5,17,21,29,32,38,61,46,53,99
199607,2,999,5,0,0,0,5,0,5,0,5,5
199759,2,999,5,133,54,85,54,187,139,218,108,326
199865,2,999,5,1,3,0,0,4,0,1,3,4
199999,2,999,5,23,96,5,11,119,16,28,107,135
200004,2,999,5,95,260,20,58,355,78,115,318,433
200013,2,999,5,2,1,0,0,3,0,2,1,3
200059,2,999,5,1,4,5,6,5,11,6,10,16
200217,2,999,5,72,214,20,37,286,57,92,251,343
200280,2,999,5,239,543,62,161,782,223,301,704,1005
200332,2,999,5,205,318,82,104,523,186,287,422,709
200572,2,999,5,0,2,3,4,2,7,3,6,9
200697,2,999,5,135,36,39,17,171,56,174,53,227
200800,2,999,5,206,304,31,70,510,101,237,374,611
201195,2,999,5,56,132,2,4,188,6,58,136,194
201441,2,999,5,233,439,56,158,672,214,289,597,886
201548,2,999,5,90,156,5,11,246,16,95,167,262
201645,2,999,5,875,1135,98,123,2010,221,973,1258,2231
201654,2,999,5,87,69,21,19,156,40,108,88,196
201885,2,999,5,1252,1696,267,590,2948,857,1519,2286,3805
201964,2,999,5,16,9,0,1,25,1,16,10,26
202170,2,999,5,2,2,0,0,4,0,2,2,4
202480,2,999,5,678,521,81,89,1199,170,759,610,1369
202763,2,999,5,143,239,10,39,382,49,153,278,431
203067,2,999,5,4,4,0,1,8,1,4,5,9
203085,2,999,5,34,44,7,6,78,13,41,50,91
203128,2,999,5,3,8,0,0,11,0,3,8,11
203368,2,999,5,49,101,36,35,150,71,85,136,221
203465,2,999,5,0,0,0,2,0,2,0,2,2
203517,2,999,5,383,728,71,234,1111,305,454,962,1416
203544,2,999,5,11,95,0,2,106,2,11,97,108
203580,2,999,5,19,34,15,11,53,26,34,45,79
203757,2,999,5,23,16,0,1,39,1,23,17,40
203775,2,999,5,16,18,4,17,34,21,20,35,55
203845,2,999,5,9,51,4,4,60,8,13,55,68
203960,2,999,5,2,18,0,2,20,2,2,20,22
204006,2,999,5,1,3,0,2,4,2,1,5,6
204024,2,999,5,170,281,29,120,451,149,199,401,600
204194,2,999,5,22,26,5,6,48,11,27,32,59
204200,2,999,5,44,87,9,22,131,31,53,109,162
204468,2,999,5,0,0,16,15,0,31,16,15,31
204477,2,999,5,228,317,2,3,545,5,230,320,550
204617,2,999,5,31,65,9,25,96,34,40,90,130
204635,2,999,5,121,217,1,2,338,3,122,219,341
204796,2,999,5,1736,2887,125,193,4623,318,1861,3080,4941
204857,2,999,5,439,792,79,161,1231,240,518,953,1471
204936,2,999,5,12,10,16,18,22,34,28,28,56
205443,2,999,5,6,40,7,7,46,14,13,47,60
206279,2,999,5,0,4,1,4,4,5,1,8,9
206349,2,999,5,2,22,2,24,24,26,4,46,50
206507,2,999,5,4,16,1,1,20,2,5,17,22
206525,2,999,5,3,5,6,9,8,15,9,14,23
206604,2,999,5,233,305,298,249,538,547,531,554,1085
206622,2,999,5,82,157,30,87,239,117,112,244,356
206695,2,999,5,183,253,51,83,436,134,234,336,570
206862,2,999,5,23,16,9,9,39,18,32,25,57
206914,2,999,5,13,22,6,14,35,20,19,36,55
207041,2,999,5,37,55,6,14,92,20,43,69,112
207209,2,999,5,8,20,15,8,28,23,23,28,51
207263,2,999,5,64,194,21,63,258,84,85,257,342
207306,2,999,5,13,15,8,16,28,24,21,31,52
207315,2,999,5,120,218,6,33,338,39,126,251,377
207324,2,999,5,125,49,32,20,174,52,157,69,226
207342,2,999,5,254,609,9,49,863,58,263,658,921
207388,2,999,5,332,591,158,189,923,347,490,780,1270
207500,2,999,5,507,773,159,228,1280,387,666,1001,1667
207582,2,999,5,71,50,18,10,121,28,89,60,149
207661,2,999,5,5,14,1,4,19,5,6,18,24
207847,2,999,5,37,65,47,59,102,106,84,124,208
207865,2,999,5,100,126,9,26,226,35,109,152,261
207971,2,999,5,183,205,22,20,388,42,205,225,430
208646,2,999,5,14,28,16,11,42,27,30,39,69
208822,2,999,5,55,146,14,38,201,52,69,184,253
209490,2,999,5,114,237,4,15,351,19,118,252,370
209506,2,999,5,4,8,1,1,12,2,5,9,14
209542,2,999,5,532,616,90,139,1148,229,622,755,1377
209551,2,999,5,432,554,18,28,986,46,450,582,1032
209603,2,999,5,3,11,0,0,14,0,3,11,14
209612,2,999,5,113,459,3,12,572,15,116,471,587
209807,2,999,5,181,312,53,95,493,148,234,407,641
209825,2,999,5,36,29,21,50,65,71,57,79,136
210401,2,999,5,97,97,2,3,194,5,99,100,199
210429,2,999,5,18,42,11,16,60,27,29,58,87
210739,2,999,5,53,172,13,25,225,38,66,197,263
210775,2,999,5,40,85,4,19,125,23,44,104,148
211088,2,999,5,58,222,23,51,280,74,81,273,354
211130,2,999,5,1,0,1,1,1,2,2,1,3
211291,2,999,5,7,6,1,2,13,3,8,8,16
211352,2,999,5,17,35,8,35,52,43,25,70,95
211431,2,999,5,14,150,8,67,164,75,22,217,239
211440,2,999,5,2444,1748,76,64,4192,140,2520,1812,4332
211556,2,999,5,63,308,7,20,371,27,70,328,398
211583,2,999,5,11,50,17,30,61,47,28,80,108
212054,2,999,5,574,1005,94,211,1579,305,668,1216,1884
212106,2,999,5,432,909,19,29,1341,48,451,938,1389
212115,2,999,5,56,115,15,26,171,41,71,141,212
212133,2,999,5,51,85,105,142,136,247,156,227,383
212197,2,999,5,19,102,4,4,121,8,23,106,129
212601,2,999,5,321,398,18,28,719,46,339,426,765
212674,2,999,5,1,0,7,8,1,15,8,8,16
212771,2,999,5,0,0,0,5,0,5,0,5,5
212805,2,999,5,0,0,2,1,0,3,2,1,3
212984,2,999,5,10,32,10,45,42,55,20,77,97
213011,2,999,5,7,59,8,34,66,42,15,93,108
213020,2,999,5,160,254,27,61,414,88,187,315,502
213251,2,999,5,6,5,4,6,11,10,10,11,21
213321,2,999,5,19,74,11,22,93,33,30,96,126
213349,2,999,5,64,100,19,86,164,105,83,186,269
213367,2,999,5,35,114,40,70,149,110,75,184,259
213507,2,999,5,60,125,10,26,185,36,70,151,221
213598,2,999,5,3,8,0,1,11,1,3,9,12
213987,2,999,5,57,111,14,18,168,32,71,129,200
213996,2,999,5,30,112,27,39,142,66,57,151,208
214041,2,999,5,26,65,31,103,91,134,57,168,225
214148,2,999,5,1,2,0,1,3,1,1,3,4
214157,2,999,5,39,127,19,30,166,49,58,157,215
214175,2,999,5,5,1,0,0,6,0,5,1,6
214272,2,999,5,20,55,21,20,75,41,41,75,116
214564,2,999,5,79,392,1,12,471,13,80,404,484
214591,2,999,5,10,12,15,10,22,25,25,22,47
214607,2,999,5,32,13,20,14,45,34,52,27,79
214713,2,999,5,57,63,23,28,120,51,80,91,171
214777,2,999,5,1789,1836,56,54,3625,110,1845,1890,3735
214829,2,999,5,0,0,0,1,0,1,0,1,1
214883,2,999,5,0,0,0,1,0,1,0,1,1
215062,2,999,5,1875,2910,287,407,4785,694,2162,3317,5479
215105,2,999,5,9,23,2,3,32,5,11,26,37
215123,2,999,5,237,551,4,35,788,39,241,586,827
215293,2,999,5,1093,1981,107,165,3074,272,1200,2146,3346
215424,2,999,5,5,4,1,0,9,1,6,4,10
215442,2,999,5,29,38,16,44,67,60,45,82,127
215655,2,999,5,38,18,28,32,56,60,66,50,116
215743,2,999,5,42,126,12,22,168,34,54,148,202
215798,2,999,5,6,9,15,17,15,32,21,26,47
215929,2,999,5,91,174,40,77,265,117,131,251,382
216010,2,999,5,42,100,24,71,142,95,66,171,237
216038,2,999,5,100,296,30,98,396,128,130,394,524
216339,2,999,5,939,1614,74,185,2553,259,1013,1799,2812
216357,2,999,5,19,45,0,0,64,0,19,45,64
216366,2,999,5,376,1007,34,146,1383,180,410,1153,1563
216542,2,999,5,1,1,9,14,2,23,10,15,25
216597,2,999,5,258,376,126,137,634,263,384,513,897
216667,2,999,5,0,0,1,1,0,2,1,1,2
216694,2,999,5,15,26,23,15,41,38,38,41,79
216764,2,999,5,137,376,75,187,513,262,212,563,775
216852,2,999,5,271,502,24,84,773,108,295,586,881
216931,2,999,5,102,177,22,84,279,106,124,261,385
217013,2,999,5,2,1,2,19,3,21,4,20,24
217059,2,999,5,10,6,3,35,16,38,13,41,54
217156,2,999,5,582,709,13,13,1291,26,595,722,1317
217165,2,999,5,55,31,15,8,86,23,70,39,109
217235,2,999,5,25,111,10,23,136,33,35,134,169
217305,2,999,5,6,12,0,1,18,1,6,13,19
217402,2,999,5,78,96,8,28,174,36,86,124,210
217420,2,999,5,12,77,17,96,89,113,29,173,202
217493,2,999,5,41,122,0,0,163,0,41,122,163
217518,2,999,5,60,115,3,10,175,13,63,125,188
217536,2,999,5,46,41,16,33,87,49,62,74,136
217633,2,999,5,62,106,2,6,168,8,64,112,176
217688,2,999,5,30,80,31,37,110,68,61,117,178
217721,2,999,5,12,9,0,0,21,0,12,9,21
217749,2,999,5,22,16,21,40,38,61,43,56,99
217819,2,999,5,45,131,21,51,176,72,66,182,248
217864,2,999,5,36,46,57,76,82,133,93,122,215
217873,2,999,5,3,10,1,0,13,1,4,10,14
217882,2,999,5,813,656,97,198,1469,295,910,854,1764
217907,2,999,5,5,5,9,5,10,14,14,10,24
217925,2,999,5,25,37,21,25,62,46,46,62,108
217934,2,999,5,5,26,0,21,31,21,5,47,52
217961,2,999,5,8,27,16,44,35,60,24,71,95
218061,2,999,5,5,57,19,47,62,66,24,104,128
218229,2,999,5,26,45,29,95,71,124,55,140,195
218335,2,999,5,297,889,2,23,1186,25,299,912,1211
218414,2,999,5,4,2,4,2,6,6,8,4,12
218441,2,999,5,64,50,3,1,114,4,67,51,118
218539,2,999,5,27,119,1,1,146,2,28,120,148
218645,2,999,5,10,29,13,18,39,31,23,47,70
218654,2,999,5,2,1,0,10,3,10,2,11,13
218663,2,999,5,899,1664,76,199,2563,275,975,1863,2838
218724,2,999,5,50,66,27,53,116,80,77,119,196
218733,2,999,5,17,30,2,1,47,3,19,31,50
218742,2,999,5,6,9,3,50,15,53,9,59,68
218751,2,999,5,65,87,0,0,152,0,65,87,152
218919,2,999,5,0,4,0,0,4,0,0,4,4
219082,2,999,5,23,14,28,16,37,44,51,30,81
219198,2,999,5,13,6,0,2,19,2,13,8,21
219204,2,999,5,0,1,0,0,1,0,0,1,1
219259,2,999,5,24,17,12,39,41,51,36,56,92
219347,2,999,5,49,30,21,9,79,30,70,39,109
219471,2,999,5,301,466,41,148,767,189,342,614,956
219602,2,999,5,38,89,49,91,127,140,87,180,267
219806,2,999,5,72,42,25,75,114,100,97,117,214
219833,2,999,5,111,79,13,6,190,19,124,85,209
220075,2,999,5,263,562,54,132,825,186,317,694,1011
220215,2,999,5,44,23,17,21,67,38,61,44,105
220473,2,999,5,16,30,13,6,46,19,29,36,65
220516,2,999,5,17,40,0,1,57,1,17,41,58
220701,2,999,5,7,7,6,4,14,10,13,11,24
220792,2,999,5,65,157,0,0,222,0,65,157,222
220862,2,999,5,641,631,105,181,1272,286,746,812,1558
220978,2,999,5,108,178,90,165,286,255,198,343,541
221519,2,999,5,1,1,0,0,2,0,1,1,2
221740,2,999,5,121,281,52,47,402,99,173,328,501
221759,2,999,5,776,1248,257,329,2024,586,1033,1577,2610
221768,2,999,5,35,67,27,52,102,79,62,119,181
221838,2,999,5,87,156,19,52,243,71,106,208,314
221847,2,999,5,106,76,111,134,182,245,217,210,427
221999,2,999,5,711,1301,27,93,2012,120,738,1394,2132
222178,2,999,5,38,220,71,117,258,188,109,337,446
222831,2,999,5,104,202,46,77,306,123,150,279,429
222877,2,999,5,0,0,1,0,0,1,1,0,1
223223,2,999,5,244,401,0,0,645,0,244,401,645
223232,2,999,5,434,937,42,131,1371,173,476,1068,1544
224147,2,999,5,138,168,126,240,306,366,264,408,672
224323,2,999,5,42,37,43,49,79,92,85,86,171
224527,2,999,5,23,23,37,23,46,60,60,46,106
224554,2,999,5,233,236,80,158,469,238,313,394,707
225247,2,999,5,44,123,12,18,167,30,56,141,197
225399,2,999,5,18,46,47,106,64,153,65,152,217
225414,2,999,5,146,190,67,151,336,218,213,341,554
225432,2,999,5,12,17,33,74,29,107,45,91,136
225511,2,999,5,1271,1520,238,285,2791,523,1509,1805,3314
225548,2,999,5,8,1,15,5,9,20,23,6,29
226383,2,999,5,4,7,5,10,11,15,9,17,26
226471,2,999,5,45,162,15,18,207,33,60,180,240
226587,2,999,5,0,3,0,0,3,0,0,3,3
227216,2,999,5,2091,1920,371,532,4011,903,2462,2452,4914
227331,2,999,5,22,93,0,4,115,4,22,97,119
227368,2,999,5,195,404,164,376,599,540,359,780,1139
227526,2,999,5,61,61,47,58,122,105,108,119,227
227757,2,999,5,667,434,119,66,1101,185,786,500,1286
227845,2,999,5,22,57,8,60,79,68,30,117,147
227863,2,999,5,28,51,14,23,79,37,42,74,116
227881,2,999,5,147,354,118,291,501,409,265,645,910
228042,2,999,5,10,16,2,1,26,3,12,17,29
228149,2,999,5,167,232,27,20,399,47,194,252,446
228194,2,999,5,160,231,7,9,391,16,167,240,407
228246,2,999,5,505,628,193,215,1133,408,698,843,1541
228431,2,999,5,109,236,37,74,345,111,146,310,456
228459,2,999,5,292,732,50,200,1024,250,342,932,1274
228501,2,999,5,18,14,15,28,32,43,33,42,75
228529,2,999,5,77,179,100,226,256,326,177,405,582
228635,2,999,5,236,396,8,18,632,26,244,414,658
228644,2,999,5,364,656,19,64,1020,83,383,720,1103
228653,2,999,5,143,299,1,1,442,2,144,300,444
228705,2,999,5,167,121,45,70,288,115,212,191,403
228723,2,999,5,2950,2922,335,298,5872,633,3285,3220,6505
228769,2,999,5,1644,1147,197,269,2791,466,1841,1416,3257
228778,2,999,5,1643,1905,34,49,3548,83,1677,1954,3631
228787,2,999,5,1807,1533,258,195,3340,453,2065,1728,3793
228796,2,999,5,196,308,132,156,504,288,328,464,792
228802,2,999,5,80,139,29,62,219,91,109,201,310
228875,2,999,5,174,337,2,4,511,6,176,341,517
228909,2,999,5,276,654,11,29,930,40,287,683,970
229018,2,999,5,45,39,33,48,84,81,78,87,165
229027,2,999,5,347,500,190,262,847,452,537,762,1299
229063,2,999,5,144,388,17,35,532,52,161,423,584
229115,2,999,5,991,1256,114,228,2247,342,1105,1484,2589
229179,2,999,5,97,882,25,361,979,386,122,1243,1365
229267,2,999,5,38,56,8,11,94,19,46,67,113
229337,2,999,5,257,702,4,39,959,43,261,741,1002
229780,2,999,5,12,15,9,17,27,26,21,32,53
229814,2,999,5,68,155,62,135,223,197,130,290,420
230038,2,999,5,255,358,51,95,613,146,306,453,759
230171,2,999,5,9,17,3,4,26,7,12,21,33
230603,2,999,5,51,84,41,72,135,113,92,156,248
230728,2,999,5,160,260,81,164,420,245,241,424,665
230764,2,999,5,726,1005,59,61,1731,120,785,1066,1851
230782,2,999,5,25,68,13,34,93,47,38,102,140
230807,2,999,5,3,35,2,5,38,7,5,40,45
230816,2,999,5,0,4,0,0,4,0,0,4,4
230834,2,999,5,16,12,17,23,28,40,33,35,68
230852,2,999,5,1,2,8,24,3,32,9,26,35
230913,2,999,5,2,5,4,14,7,18,6,19,25
231059,2,999,5,3,12,1,3,15,4,4,15,19
231174,2,999,5,189,370,18,64,559,82,207,434,641
231420,2,999,5,1,3,17,15,4,32,18,18,36
231581,2,999,5,9,20,0,0,29,0,9,20,29
231624,2,999,5,303,420,38,50,723,88,341,470,811
231712,2,999,5,31,48,10,9,79,19,41,57,98
232025,2,999,5,42,118,0,0,160,0,42,118,160
232043,2,999,5,5,20,4,12,25,16,9,32,41
232089,2,999,5,4,2,0,0,6,0,4,2,6
232186,2,999,5,1064,1198,339,566,2262,905,1403,1764,3167
232308,2,999,5,1,3,0,2,4,2,1,5,6
232557,2,999,5,932,2141,360,915,3073,1275,1292,3056,4348
232566,2,999,5,33,130,41,42,163,83,74,172,246
232609,2,999,5,66,129,15,23,195,38,81,152,233
232706,2,999,5,48,228,6,47,276,53,54,275,329
232982,2,999,5,197,382,119,157,579,276,316,539,855
233277,2,999,5,81,357,19,77,438,96,100,434,534
233374,2,999,5,75,130,7,14,205,21,82,144,226
233541,2,999,5,98,323,15,79,421,94,113,402,515
233718,2,999,5,0,3,0,0,3,0,0,3,3
233921,2,999,5,1070,1017,127,114,2087,241,1197,1131,2328
234030,2,999,5,538,1363,64,152,1901,216,602,1515,2117
234076,2,999,5,967,1270,84,97,2237,181,1051,1367,2418
234155,2,999,5,31,37,3,16,68,19,34,53,87
234207,2,999,5,62,109,0,0,171,0,62,109,171
234827,2,999,5,28,48,32,52,76,84,60,100,160
235097,2,999,5,131,420,21,57,551,78,152,477,629
235316,2,999,5,209,317,7,15,526,22,216,332,548
235547,2,999,5,10,93,1,0,103,1,11,93,104
236328,2,999,5,29,80,1,7,109,8,30,87,117
236452,2,999,5,12,8,13,15,20,28,25,23,48
236577,2,999,5,16,66,13,34,82,47,29,100,129
236595,2,999,5,140,350,96,120,490,216,236,470,706
236896,2,999,5,1,15,1,2,16,3,2,17,19
236939,2,999,5,279,659,57,82,938,139,336,741,1077
237011,2,999,5,86,174,15,18,260,33,101,192,293
237066,2,999,5,28,44,8,30,72,38,36,74,110
237118,2,999,5,8,27,0,2,35,2,8,29,37
237181,2,999,5,0,0,7,8,0,15,7,8,15
237312,2,999,5,55,71,0,2,126,2,55,73,128
237330,2,999,5,20,36,20,31,56,51,40,67,107
237367,2,999,5,31,32,14,23,63,37,45,55,100
237385,2,999,5,5,3,0,2,8,2,5,5,10
237525,2,999,5,270,526,22,75,796,97,292,601,893
237792,2,999,5,27,28,10,13,55,23,37,41,78
237899,2,999,5,20,19,1,4,39,5,21,23,44
237969,2,999,5,12,8,0,2,20,2,12,10,22
238032,2,999,5,775,1201,98,148,1976,246,873,1349,2222
238193,2,999,5,10,106,1,9,116,10,11,115,126
238263,2,999,5,1,2,0,2,3,2,1,4,5
238430,2,999,5,4,10,3,17,14,20,7,27,34
238458,2,999,5,70,215,13,20,285,33,83,235,318
239071,2,999,5,3,5,11,9,8,20,14,14,28
239105,2,999,5,440,928,105,131,1368,236,545,1059,1604
239169,2,999,5,180,335,2,5,515,7,182,340,522
239318,2,999,5,2,8,11,3,10,14,13,11,24
239716,2,999,5,2,2,0,1,4,1,2,3,5
240107,2,999,5,29,70,3,19,99,22,32,89,121
240189,2,999,5,60,138,45,77,198,122,105,215,320
240268,2,999,5,2,59,7,18,61,25,9,77,86
240277,2,999,5,24,55,16,27,79,43,40,82,122
240329,2,999,5,62,197,26,74,259,100,88,271,359
240338,2,999,5,1,1,3,5,2,8,4,6,10
240365,2,999,5,15,70,19,51,85,70,34,121,155
240374,2,999,5,35,50,25,34,85,59,60,84,144
240417,2,999,5,18,101,17,34,119,51,35,135,170
240426,2,999,5,8,30,2,32,38,34,10,62,72
240444,2,999,5,1683,2242,224,226,3925,450,1907,2468,4375
240453,2,999,5,341,643,67,141,984,208,408,784,1192
240462,2,999,5,9,23,16,25,32,41,25,48,73
240471,2,999,5,16,63,6,37,79,43,22,100,122
240480,2,999,5,30,108,12,55,138,67,42,163,205
240727,2,999,5,229,359,25,40,588,65,254,399,653
241191,2,999,5,1,1,0,0,2,0,1,1,2
241225,2,999,5,2,9,1,2,11,3,3,11,14
241331,2,999,5,65,445,6,26,510,32,71,471,542
241377,2,999,5,1,1,0,1,2,1,1,2,3
241395,2,999,5,4,14,0,1,18,1,4,15,19
241410,2,999,5,63,176,4,13,239,17,67,189,256
241739,2,999,5,30,63,0,6,93,6,30,69,99
241766,2,999,5,1,1,0,0,2,0,1,1,2
241836,2,999,5,0,3,0,4,3,4,0,7,7
242617,2,999,5,17,52,0,2,69,2,17,54,71
242626,2,999,5,13,28,2,4,41,6,15,32,47
242635,2,999,5,6,8,0,1,14,1,6,9,15
242644,2,999,5,3,6,0,0,9,0,3,6,9
242653,2,999,5,175,493,3,5,668,8,178,498,676
242662,2,999,5,14,20,0,3,34,3,14,23,37
242680,2,999,5,5,8,0,1,13,1,5,9,14
242699,2,999,5,5,5,0,0,10,0,5,5,10
242705,2,999,5,14,30,0,1,44,1,14,31,45
242723,2,999,5,37,84,16,34,121,50,53,118,171
243203,2,999,5,225,404,0,14,629,14,225,418,643
243221,2,999,5,229,264,53,46,493,99,282,310,592
243346,2,999,5,15,71,2,10,86,12,17,81,98
243443,2,999,5,5,9,19,70,14,89,24,79,103
243577,2,999,5,32,19,10,3,51,13,42,22,64
243586,2,999,5,1,2,0,1,3,1,1,3,4
243601,2,999,5,62,173,1,9,235,10,63,182,245
243744,2,999,5,1466,1262,113,74,2728,187,1579,1336,2915
243780,2,999,5,1612,1443,684,417,3055,1101,2296,1860,4156
243832,2,999,5,3,5,1,0,8,1,4,5,9
246789,2,999,5,0,0,0,1,0,1,0,1,1
248934,2,999,5,9,9,0,0,18,0,9,9,18
262086,2,999,5,17,64,18,76,81,94,35,140,175
262129,2,999,5,1,3,0,0,4,0,1,3,4
363907,2,999,5,0,2,0,0,2,0,0,2,2
366003,2,999,5,0,1,1,0,1,1,1,1,2
366711,2,999,5,64,231,10,32,295,42,74,263,337
367954,2,999,5,193,878,3,13,1071,16,196,891,1087
385415,2,999,5,123,218,4,10,341,14,127,228,355
399911,2,999,5,3,2,0,0,5,0,3,2,5
404222,2,999,5,25,37,0,0,62,0,25,37,62
408844,2,999,5,7,16,0,2,23,2,7,18,25
409254,2,999,5,0,9,2,34,9,36,2,43,45
409698,2,999,5,23,99,11,15,122,26,34,114,148
414878,2,999,5,479,124,587,133,603,720,1066,257,1323
414966,2,999,5,1,1,1,0,2,1,2,1,3
416801,2,999,5,2,7,0,0,9,0,2,7,9
420246,2,999,5,8,60,0,3,68,3,8,63,71
423643,2,999,5,291,814,1,5,1105,6,292,819,1111
426314,2,999,5,104,88,47,39,192,86,151,127,278
433387,2,999,5,477,1689,0,0,2166,0,477,1689,2166
433660,2,999,5,69,238,169,302,307,471,238,540,778
435000,2,999,5,158,345,0,20,503,20,158,365,523
440031,2,999,5,87,248,1,4,335,5,88,252,340
440828,2,999,5,17,41,1,4,58,5,18,45,63
441131,2,999,5,5,11,0,1,16,1,5,12,17
441900,2,999,5,0,7,0,4,7,4,0,11,11
441937,2,999,5,19,45,9,10,64,19,28,55,83
442356,2,999,5,0,0,2,3,0,5,2,3,5
442930,2,999,5,11,5,0,1,16,1,11,6,17
445027,2,999,5,19,31,1,7,50,8,20,38,58
445133,2,999,5,0,0,1,1,0,2,1,1,2
445188,2,999,5,74,63,1,0,137,1,75,63,138
445267,2,999,5,11,23,15,19,34,34,26,42,68
447698,2,999,5,1,3,0,1,4,1,1,4,5
448673,2,999,5,0,6,1,1,6,2,1,7,8
449481,2,999,5,0,2,0,0,2,0,0,2,2
449889,2,999,5,89,454,0,0,543,0,89,454,543
449922,2,999,5,22,34,0,4,56,4,22,38,60
450571,2,999,5,0,3,0,0,3,0,0,3,3
450933,2,999,5,32,63,0,0,95,0,32,63,95
451079,2,999,5,0,2,0,0,2,0,0,2,2
451510,2,999,5,109,249,4,5,358,9,113,254,367
454227,2,999,5,7,65,38,371,72,409,45,436,481
455406,2,999,5,46,59,0,0,105,0,46,59,105
456481,2,999,5,0,0,0,1,0,1,0,1,1
456542,2,999,5,91,137,9,38,228,47,100,175,275
457299,2,999,5,1,0,0,0,1,0,1,0,1
458210,2,999,5,17,57,0,9,74,9,17,66,83
459736,2,999,5,75,117,0,2,192,2,75,119,194
459949,2,999,5,11,47,10,41,58,51,21,88,109
460349,2,999,5,13,33,22,60,46,82,35,93,128
461643,2,999,5,0,1,0,0,1,0,0,1,1
461883,2,999,5,2,9,0,0,11,0,2,9,11
474863,2,999,5,1,9,0,2,10,2,1,11,12
476975,2,999,5,8,15,50,94,23,144,58,109,167
477039,2,999,5,3,37,0,1,40,1,3,38,41
479956,2,999,5,55,57,349,416,112,765,404,473,877
480569,2,999,5,0,1,27,26,1,53,27,27,54
480657,2,999,5,0,1,0,0,1,0,0,1,1
480790,2,999,5,78,156,0,2,234,2,78,158,236
481535,2,999,5,2,4,0,0,6,0,2,4,6
482149,2,999,5,374,847,27,53,1221,80,401,900,1301
482158,2,999,5,21,18,10,15,39,25,31,33,64
482413,2,999,5,1,1,0,3,2,3,1,4,5
482431,2,999,5,1,0,1,3,1,4,2,3,5
482468,2,999,5,0,0,0,1,0,1,0,1,1
482477,2,999,5,16,18,31,36,34,67,47,54,101
482556,2,999,5,0,0,0,1,0,1,0,1,1
482635,2,999,5,0,0,0,2,0,2,0,2,2
482653,2,999,5,0,0,1,0,0,1,1,0,1
482680,2,999,5,24,78,27,103,102,130,51,181,232
482705,2,999,5,3,37,632,751,40,1383,635,788,1423
482936,2,999,5,23,4,2,2,27,4,25,6,31
483036,2,999,5,5,26,16,25,31,41,21,51,72
483124,2,999,5,203,869,396,1371,1072,1767,599,2240,2839
483595,2,999,5,36,92,7,17,128,24,43,109,152
483975,2,999,5,75,120,0,1,195,1,75,121,196
484613,2,999,5,167,556,0,0,723,0,167,556,723
484631,2,999,5,1,1,0,0,2,0,1,1,2
484905,2,999,5,30,86,25,55,116,80,55,141,196
485768,2,999,5,11,10,0,0,21,0,11,10,21
486840,2,999,5,278,346,120,142,624,262,398,488,886
487010,2,999,5,338,773,3,12,1111,15,341,785,1126
487524,2,999,5,54,131,18,38,185,56,72,169,241
487995,2,999,5,0,1,0,0,1,0,0,1,1
488031,2,999,5,1,1,0,0,2,0,1,1,2
489335,2,999,5,0,0,1,0,0,1,1,0,1
489779,2,999,5,144,371,54,290,515,344,198,661,859
489858,2,999,5,28,69,0,0,97,0,28,69,97
490230,2,999,5,1,3,0,0,4,0,1,3,4
490601,2,999,5,59,81,0,0,140,0,59,81,140
490805,2,999,5,90,56,30,21,146,51,120,77,197
491808,2,999,5,0,2,0,1,2,1,0,3,3
492689,2,999,5,92,128,0,1,220,1,92,129,221
493673,2,999,5,1,1,1,0,2,1,2,1,3
494010,2,999,5,5,8,0,0,13,0,5,8,13
494551,2,999,5,0,3,0,2,3,2,0,5,5
495314,2,999,5,124,118,0,0,242,0,124,118,242
496043,2,999,5,84,89,0,0,173,0,84,89,173
497107,2,999,5,0,0,1,10,0,11,1,10,11
497480,2,999,5,0,0,1,7,0,8,1,7,8
498562,2,999,5,101,247,29,60,348,89,130,307,437
498571,2,999,5,144,484,55,193,628,248,199,677,876
100663,3,1,1,34,63,24,54,97,78,58,117,175
100706,3,1,1,41,36,63,76,77,139,104,112,216
100751,3,1,1,98,211,289,647,309,936,387,858,1245
100760,3,1,1,3,8,328,403,11,731,331,411,742
100812,3,1,1,0,1,2,1,1,3,2,2,4
100830,3,1,1,6,16,58,193,22,251,64,209,273
100858,3,1,1,42,73,169,327,115,496,211,400,611
100937,3,1,1,0,4,0,0,4,0,0,4,4
101143,3,1,1,25,26,263,265,51,528,288,291,579
101161,3,1,1,12,24,1012,697,36,1709,1024,721,1745
101189,3,1,1,2,0,87,102,2,189,89,102,191
101240,3,1,1,8,14,320,333,22,653,328,347,675
101286,3,1,1,2,11,284,409,13,693,286,420,706
101295,3,1,1,32,62,691,829,94,1520,723,891,1614
101301,3,1,1,11,7,425,470,18,895,436,477,913
101453,3,1,1,0,1,2,2,1,4,2,3,5
101462,3,1,1,2,0,101,149,2,250,103,149,252
101480,3,1,1,9,37,349,624,46,973,358,661,1019
101505,3,1,1,12,35,927,1531,47,2458,939,1566,2505
101514,3,1,1,16,21,642,607,37,1249,658,628,1286
101569,3,1,1,0,5,96,207,5,303,96,212,308
101587,3,1,1,4,8,13,31,12,44,17,39,56
101648,3,1,1,4,1,0,0,5,0,4,1,5
101709,3,1,1,4,8,9,19,12,28,13,27,40
101736,3,1,1,3,3,947,809,6,1756,950,812,1762
101897,3,1,1,18,41,278,583,59,861,296,624,920
101912,3,1,1,18,40,23,28,58,51,41,68,109
101994,3,1,1,0,0,64,34,0,98,64,34,98
102030,3,1,1,2,3,341,607,5,948,343,610,953
102049,3,1,1,8,15,0,0,23,0,8,15,23
102067,3,1,1,7,8,206,445,15,651,213,453,666
102076,3,1,1,13,25,152,291,38,443,165,316,481
102094,3,1,1,18,34,57,153,52,210,75,187,262
102234,3,1,1,5,14,0,0,19,0,5,14,19
102313,3,1,1,4,5,117,194,9,311,121,199,320
102368,3,1,1,14,31,115,160,45,275,129,191,320
102377,3,1,1,20,43,9,14,63,23,29,57,86
102429,3,1,1,10,3,612,719,13,1331,622,722,1344
102553,3,1,1,76,128,437,568,204,1005,513,696,1209
102614,3,1,1,18,38,227,342,56,569,245,380,625
102632,3,1,1,4,4,110,136,8,246,114,140,254
103741,3,1,1,1,3,0,0,4,0,1,3,4
104151,3,1,1,667,756,171,216,1423,387,838,972,1810
104160,3,1,1,70,95,780,1098,165,1878,850,1193,2043
104179,3,1,1,151,262,324,212,413,536,475,474,949
104346,3,1,1,1,3,134,190,4,324,135,193,328
104391,3,1,1,0,1,0,0,1,0,0,1,1
104425,3,1,1,11,29,228,311,40,539,239,340,579
104568,3,1,1,0,5,0,1,5,1,0,6,6
104577,3,1,1,74,120,385,435,194,820,459,555,1014
104586,3,1,1,28,19,0,0,47,0,28,19,47
104708,3,1,1,63,88,823,1075,151,1898,886,1163,2049
104717,3,1,1,20,56,321,604,76,925,341,660,1001
105145,3,1,1,24,43,298,488,67,786,322,531,853
105154,3,1,1,90,152,872,1333,242,2205,962,1485,2447
105206,3,1,1,12,28,193,301,40,494,205,329,534
105297,3,1,1,3,9,36,75,12,111,39,84,123
105330,3,1,1,88,246,3,10,334,13,91,256,347
105349,3,1,1,102,101,405,641,203,1046,507,742,1249
105428,3,1,1,36,74,833,1075,110,1908,869,1149,2018
105525,3,1,1,36,60,166,139,96,305,202,199,401
105659,3,1,1,12,1,0,0,13,0,12,1,13
105668,3,1,1,399,749,3465,4747,1148,8212,3864,5496,9360
105747,3,1,1,16,30,645,854,46,1499,661,884,1545
105792,3,1,1,30,48,394,612,78,1006,424,660,1084
106148,3,1,1,61,84,934,911,145,1845,995,995,1990
106245,3,1,1,37,41,345,373,78,718,382,414,796
106397,3,1,1,45,95,10,4,140,14,55,99,154
106412,3,1,1,6,13,0,3,19,3,6,16,22
106449,3,1,1,25,24,442,511,49,953,467,535,1002
106458,3,1,1,10,22,279,361,32,640,289,383,672
106467,3,1,1,94,143,1051,1434,237,2485,1145,1577,2722
106625,3,1,1,15,25,201,306,40,507,216,331,547
106713,3,1,1,3,3,30,38,6,68,33,41,74
106908,3,1,1,0,1,0,0,1,0,0,1,1
107080,3,1,1,3,5,0,0,8,0,3,5,8
107141,3,1,1,9,16,158,216,25,374,167,232,399
107318,3,1,1,4,4,196,256,8,452,200,260,460
107512,3,1,1,3,9,41,84,12,125,44,93,137
107521,3,1,1,6,10,689,582,16,1271,695,592,1287
107558,3,1,1,3,21,2,2,24,4,5,23,28
107585,3,1,1,11,20,151,162,31,313,162,182,344
107600,3,1,1,0,3,0,0,3,0,0,3,3
107619,3,1,1,83,146,271,357,229,628,354,503,857
107664,3,1,1,6,21,57,115,27,172,63,136,199
107725,3,1,1,30,53,171,198,83,369,201,251,452
107743,3,1,1,8,26,76,124,34,200,84,150,234
107789,3,1,1,0,1,0,0,1,0,0,1,1
107974,3,1,1,0,7,125,124,7,249,125,131,256
107983,3,1,1,14,27,109,185,41,294,123,212,335
107992,3,1,1,3,5,91,151,8,242,94,156,250
108092,3,1,1,106,149,476,528,255,1004,582,677,1259
108232,3,1,1,1,13,3,11,14,14,4,24,28
108667,3,1,1,15,12,256,277,27,533,271,289,560
108807,3,1,1,59,79,1055,1254,138,2309,1114,1333,2447
108852,3,1,1,1,0,0,0,1,0,1,0,1
109208,3,1,1,82,91,772,1091,173,1863,854,1182,2036
109350,3,1,1,59,79,347,516,138,863,406,595,1001
109785,3,1,1,1,2,0,0,3,0,1,2,3
109819,3,1,1,130,191,3103,4151,321,7254,3233,4342,7575
109907,3,1,1,7,12,91,146,19,237,98,158,256
109934,3,1,1,0,1,0,0,1,0,0,1,1
110097,3,1,1,22,50,12,6,72,18,34,56,90
110246,3,1,1,48,76,513,591,124,1104,561,667,1228
110334,3,1,1,23,36,237,417,59,654,260,453,713
110361,3,1,1,59,135,88,156,194,244,147,291,438
110404,3,1,1,14,7,0,0,21,0,14,7,21
110413,3,1,1,2,7,0,0,9,0,2,7,9
110422,3,1,1,141,206,1,0,347,1,142,206,348
110486,3,1,1,40,92,2,1,132,3,42,93,135
110495,3,1,1,26,85,13,30,111,43,39,115,154
110510,3,1,1,89,168,68,149,257,217,157,317,474
110529,3,1,1,200,187,14,14,387,28,214,201,415
110538,3,1,1,42,90,6,6,132,12,48,96,144
110547,3,1,1,86,141,12,9,227,21,98,150,248
110556,3,1,1,128,229,160,202,357,362,288,431,719
110565,3,1,1,245,353,19,16,598,35,264,369,633
110574,3,1,1,47,47,0,0,94,0,47,47,94
110583,3,1,1,177,351,4,8,528,12,181,359,540
110592,3,1,1,248,306,5,6,554,11,253,312,565
110608,3,1,1,235,314,0,3,549,3,235,317,552
110617,3,1,1,166,234,140,133,400,273,306,367,673
110635,3,1,1,275,550,3,0,825,3,278,550,828
110644,3,1,1,272,541,6,8,813,14,278,549,827
110653,3,1,1,223,530,0,2,753,2,223,532,755
110662,3,1,1,261,507,1,1,768,2,262,508,770
110671,3,1,1,355,488,1,5,843,6,356,493,849
110680,3,1,1,384,560,1,2,944,3,385,562,947
110705,3,1,1,199,367,2,0,566,2,201,367,568
110714,3,1,1,186,281,1,5,467,6,187,286,473
111188,3,1,1,5,3,0,0,8,0,5,3,8
111434,3,1,1,15,12,231,267,27,498,246,279,525
111461,3,1,1,85,110,696,906,195,1602,781,1016,1797
111513,3,1,1,0,5,0,0,5,0,0,5,5
111887,3,1,1,118,168,412,592,286,1004,530,760,1290
111896,3,1,1,10,27,393,770,37,1163,403,797,1200
111920,3,1,1,49,44,170,232,93,402,219,276,495
111939,3,1,1,107,126,705,1264,233,1969,812,1390,2202
111948,3,1,1,34,99,93,81,133,174,127,180,307
112075,3,1,1,22,28,0,0,50,0,22,28,50
112084,3,1,1,3,4,0,0,7,0,3,4,7
112172,3,1,1,67,75,455,743,142,1198,522,818,1340
112260,3,1,1,14,14,0,0,28,0,14,14,28
112385,3,1,1,4,5,365,437,9,802,369,442,811
112561,3,1,1,19,25,194,265,44,459,213,290,503
112686,3,1,1,9,10,586,855,19,1441,595,865,1460
112826,3,1,1,21,26,345,469,47,814,366,495,861
113096,3,1,1,56,90,162,236,146,398,218,326,544
113111,3,1,1,24,30,163,281,54,444,187,311,498
113193,3,1,1,25,64,1271,1187,89,2458,1296,1251,2547
113236,3,1,1,93,130,494,572,223,1066,587,702,1289
113333,3,1,1,192,185,430,533,377,963,622,718,1340
113573,3,1,1,71,122,503,683,193,1186,574,805,1379
113634,3,1,1,92,104,380,513,196,893,472,617,1089
113698,3,1,1,3,17,0,0,20,0,3,17,20
113856,3,1,1,97,119,1174,1686,216,2860,1271,1805,3076
113980,3,1,1,130,159,1078,1072,289,2150,1208,1231,2439
114266,3,1,1,45,36,307,315,81,622,352,351,703
114354,3,1,1,2,10,0,0,12,0,2,10,12
114433,3,1,1,5,6,29,30,11,59,34,36,70
114716,3,1,1,71,60,820,814,131,1634,891,874,1765
114761,3,1,1,1,4,0,0,5,0,1,4,5
114789,3,1,1,133,146,1061,1408,279,2469,1194,1554,2748
114813,3,1,1,4,16,0,1,20,1,4,17,21
114859,3,1,1,105,124,379,608,229,987,484,732,1216
114938,3,1,1,20,17,182,225,37,407,202,242,444
115001,3,1,1,103,96,407,542,199,949,510,638,1148
115126,3,1,1,42,62,375,469,104,844,417,531,948
115393,3,1,1,74,93,342,533,167,875,416,626,1042
115755,3,1,1,25,60,0,1,85,1,25,61,86
115861,3,1,1,51,73,161,333,124,494,212,406,618
116439,3,1,1,103,96,725,783,199,1508,828,879,1707
116846,3,1,1,0,0,13,10,0,23,13,10,23
117052,3,1,1,54,52,719,869,106,1588,773,921,1694
117104,3,1,1,2,3,0,0,5,0,2,3,5
117195,3,1,1,4,6,56,61,10,117,60,67,127
117247,3,1,1,15,22,596,702,37,1298,611,724,1335
117274,3,1,1,1,3,61,65,4,126,62,68,130
117645,3,1,1,118,181,317,408,299,725,435,589,1024
117690,3,1,1,29,33,438,652,62,1090,467,685,1152
117706,3,1,1,106,135,607,917,241,1524,713,1052,1765
117715,3,1,1,4,18,345,533,22,878,349,551,900
117724,3,1,1,58,20,587,663,78,1250,645,683,1328
117733,3,1,1,65,93,1056,1253,158,2309,1121,1346,2467
117788,3,1,1,37,50,770,1144,87,1914,807,1194,2001
117867,3,1,1,32,41,632,981,73,1613,664,1022,1686
117894,3,1,1,52,64,247,398,116,645,299,462,761
117946,3,1,1,55,87,0,0,142,0,55,87,142
118347,3,1,1,12,21,148,204,33,352,160,225,385
118684,3,1,1,10,17,455,588,27,1043,465,605,1070
118718,3,1,1,88,109,471,902,197,1373,559,1011,1570
118772,3,1,1,12,7,433,547,19,980,445,554,999
118930,3,1,1,38,54,213,270,92,483,251,324,575
118976,3,1,1,116,159,395,605,275,1000,511,764,1275
119067,3,1,1,20,43,381,490,63,871,401,533,934
119137,3,1,1,83,100,463,641,183,1104,546,741,1287
119164,3,1,1,156,182,714,1066,338,1780,870,1248,2118
119216,3,1,1,83,127,422,796,210,1218,505,923,1428
119331,3,1,1,28,38,191,208,66,399,219,246,465
120166,3,1,1,1,0,0,0,1,0,1,0,1
120254,3,1,1,9,29,0,0,38,0,9,29,38
120290,3,1,1,77,74,746,706,151,1452,823,780,1603
120342,3,1,1,116,121,135,187,237,322,251,308,559
120403,3,1,1,9,25,0,0,34,0,9,25,34
120421,3,1,1,38,45,190,283,83,473,228,328,556
120865,3,1,1,5,5,31,31,10,62,36,36,72
120883,3,1,1,60,62,0,0,122,0,60,62,122
120953,3,1,1,2,5,160,102,7,262,162,107,269
120971,3,1,1,82,123,657,853,205,1510,739,976,1715
121044,3,1,1,142,158,708,802,300,1510,850,960,1810
121150,3,1,1,28,42,1,0,70,1,29,42,71
121309,3,1,1,15,31,0,0,46,0,15,31,46
121363,3,1,1,26,41,362,628,67,990,388,669,1057
121619,3,1,1,74,87,1119,1424,161,2543,1193,1511,2704
121707,3,1,1,11,21,277,346,32,623,288,367,655
121886,3,1,1,72,84,451,633,156,1084,523,717,1240
121901,3,1,1,98,161,455,825,259,1280,553,986,1539
122180,3,1,1,53,87,398,628,140,1026,451,715,1166
122205,3,1,1,63,86,583,724,149,1307,646,810,1456
122339,3,1,1,28,38,517,765,66,1282,545,803,1348
122375,3,1,1,44,58,863,1103,102,1966,907,1161,2068
122384,3,1,1,27,36,693,863,63,1556,720,899,1619
122409,3,1,1,135,340,2,3,475,5,137,343,480
122436,3,1,1,35,79,18,18,114,36,53,97,150
122597,3,1,1,133,190,238,329,323,567,371,519,890
122612,3,1,1,62,159,0,0,221,0,62,159,221
122658,3,1,1,220,303,978,1538,523,2516,1198,1841,3039
122728,3,1,1,6,20,11,11,26,22,17,31,48
122746,3,1,1,19,37,350,446,56,796,369,483,852
122755,3,1,1,196,227,9,10,423,19,205,237,442
122791,3,1,1,28,45,385,499,73,884,413,544,957
122889,3,1,1,56,91,599,631,147,1230,655,722,1377
122931,3,1,1,4,7,1,1,11,2,5,8,13
122977,3,1,1,156,182,355,462,338,817,511,644,1155
123013,3,1,1,53,94,559,769,147,1328,612,863,1475
123165,3,1,1,0,12,1,0,12,1,1,12,13
123217,3,1,1,108,151,676,1249,259,1925,784,1400,2184
123341,3,1,1,99,166,1149,1456,265,2605,1248,1622,2870
123457,3,1,1,5,11,1,0,16,1,6,11,17
123484,3,1,1,2,8,65,131,10,196,67,139,206
123509,3,1,1,43,46,913,965,89,1878,956,1011,1967
123563,3,1,1,47,63,343,476,110,819,390,539,929
123572,3,1,1,25,46,7,8,71,15,32,54,86
123800,3,1,1,89,150,414,637,239,1051,503,787,1290
123952,3,1,1,0,1,0,0,1,0,0,1,1
123961,3,1,1,129,246,11,8,375,19,140,254,394
124113,3,1,1,9,19,173,354,28,527,182,373,555
125028,3,1,1,41,91,294,483,132,777,335,574,909
125462,3,1,1,14,15,403,620,29,1023,417,635,1052
125471,3,1,1,22,23,457,721,45,1178,479,744,1223
125499,3,1,1,28,34,349,366,62,715,377,400,777
125897,3,1,1,7,10,0,0,17,0,7,10,17
126119,3,1,1,25,32,396,596,57,992,421,628,1049
126182,3,1,1,6,17,74,147,23,221,80,164,244
126207,3,1,1,87,114,1211,1245,201,2456,1298,1359,2657
126289,3,1,1,140,328,2897,3143,468,6040,3037,3471,6508
126562,3,1,1,36,76,1147,1621,112,2768,1183,1697,2880
126580,3,1,1,23,52,147,190,75,337,170,242,412
126614,3,1,1,130,214,18,16,344,34,148,230,378
126711,3,1,1,71,80,791,959,151,1750,862,1039,1901
126748,3,1,1,10,33,227,278,43,505,237,311,548
126775,3,1,1,48,35,6,1,83,7,54,36,90
126818,3,1,1,50,144,85,87,194,172,135,231,366
126827,3,1,1,0,0,0,2,0,2,0,2,2
126863,3,1,1,113,146,1953,2610,259,4563,2066,2756,4822
126915,3,1,1,0,0,24,49,0,73,24,49,73
126942,3,1,1,21,40,803,1110,61,1913,824,1150,1974
126951,3,1,1,5,0,0,0,5,0,5,0,5
127185,3,1,1,5,21,40,54,26,94,45,75,120
127200,3,1,1,148,200,3281,3738,348,7019,3429,3938,7367
127389,3,1,1,9,25,87,100,34,187,96,125,221
127556,3,1,1,35,61,417,420,96,837,452,481,933
127565,3,1,1,36,60,172,273,96,445,208,333,541
127617,3,1,1,21,43,228,363,64,591,249,406,655
127653,3,1,1,0,1,0,0,1,0,0,1,1
127732,3,1,1,9,13,97,153,22,250,106,166,272
127741,3,1,1,12,33,190,320,45,510,202,353,555
127778,3,1,1,7,18,117,122,25,239,124,140,264
127820,3,1,1,114,203,725,1026,317,1751,839,1229,2068
127884,3,1,1,102,126,996,1270,228,2266,1098,1396,2494
127909,3,1,1,61,52,646,970,113,1616,707,1022,1729
127918,3,1,1,0,3,0,0,3,0,0,3,3
128106,3,1,1,32,57,524,763,89,1287,556,820,1376
128258,3,1,1,9,18,150,193,27,343,159,211,370
128498,3,1,1,6,12,0,0,18,0,6,12,18
128577,3,1,1,23,15,80,72,38,152,103,87,190
128744,3,1,1,16,15,5,2,31,7,21,17,38
128771,3,1,1,89,100,14,35,189,49,103,135,238
128780,3,1,1,0,1,1,1,1,2,1,2,3
128902,3,1,1,11,27,6,12,38,18,17,39,56
129020,3,1,1,232,389,3,4,621,7,235,393,628
129154,3,1,1,6,2,78,86,8,164,84,88,172
129181,3,1,1,2,0,0,0,2,0,2,0,2
129215,3,1,1,28,88,124,226,116,350,152,314,466
129242,3,1,1,21,43,17,2,64,19,38,45,83
129349,3,1,1,0,5,0,0,5,0,0,5,5
129367,3,1,1,16,19,14,45,35,59,30,64,94
129525,3,1,1,76,118,21,25,194,46,97,143,240
129543,3,1,1,36,45,94,79,81,173,130,124,254
129695,3,1,1,45,55,68,95,100,163,113,150,263
129729,3,1,1,59,62,51,75,121,126,110,137,247
129756,3,1,1,23,27,15,24,50,39,38,51,89
129774,3,1,1,5,5,3,8,10,11,8,13,21
129808,3,1,1,37,53,29,61,90,90,66,114,180
129941,3,1,1,82,111,10,20,193,30,92,131,223
130004,3,1,1,54,52,111,118,106,229,165,170,335
130040,3,1,1,6,18,33,57,24,90,39,75,114
130183,3,1,1,13,9,117,162,22,279,130,171,301
130217,3,1,1,20,24,31,57,44,88,51,81,132
130226,3,1,1,1,5,11,17,6,28,12,22,34
130253,3,1,1,2,9,0,8,11,8,2,17,19
130314,3,1,1,6,25,0,1,31,1,6,26,32
130396,3,1,1,32,64,59,90,96,149,91,154,245
130590,3,1,1,6,25,3,4,31,7,9,29,38
130606,3,1,1,35,51,16,38,86,54,51,89,140
130624,3,1,1,6,6,0,0,12,0,6,6,12
130697,3,1,1,19,33,3,15,52,18,22,48,70
130776,3,1,1,42,55,20,28,97,48,62,83,145
130794,3,1,1,35,55,0,0,90,0,35,55,90
130934,3,1,1,20,68,150,222,88,372,170,290,460
130943,3,1,1,82,220,56,128,302,184,138,348,486
130989,3,1,1,0,0,0,1,0,1,0,1,1
131113,3,1,1,3,5,341,429,8,770,344,434,778
131399,3,1,1,4,6,21,59,10,80,25,65,90
131469,3,1,1,7,28,32,145,35,177,39,173,212
131496,3,1,1,34,72,294,9,106,303,328,81,409
131520,3,1,1,176,577,171,324,753,495,347,901,1248
132471,3,1,1,4,22,199,287,26,486,203,309,512
132693,3,1,1,132,239,922,1438,371,2360,1054,1677,2731
132709,3,1,1,317,666,1045,1708,983,2753,1362,2374,3736
132851,3,1,1,96,185,264,390,281,654,360,575,935
132879,3,1,1,1,0,0,0,1,0,1,0,1
132903,3,1,1,93,149,31,26,242,57,124,175,299
133021,3,1,1,23,27,188,307,50,495,211,334,545
133386,3,1,1,147,269,616,1002,416,1618,763,1271,2034
133492,3,1,1,5,11,0,0,16,0,5,11,16
133508,3,1,1,419,842,551,1172,1261,1723,970,2014,2984
133553,3,1,1,58,28,1469,657,86,2126,1527,685,2212
133650,3,1,1,3,26,39,97,29,136,42,123,165
133702,3,1,1,141,294,870,1322,435,2192,1011,1616,2627
133711,3,1,1,7,37,0,0,44,0,7,37,44
133809,3,1,1,1,5,24,33,6,57,25,38,63
133872,3,1,1,1,3,30,55,4,85,31,58,89
133881,3,1,1,40,15,32,32,55,64,72,47,119
133960,3,1,1,1,3,1,1,4,2,2,4,6
134097,3,1,1,45,81,23,23,126,46,68,104,172
134130,3,1,1,37,53,7,7,90,14,44,60,104
134343,3,1,1,13,17,301,510,30,811,314,527,841
134495,3,1,1,44,105,27,45,149,72,71,150,221
134608,3,1,1,207,325,884,1342,532,2226,1091,1667,2758
135160,3,1,1,24,61,185,286,85,471,209,347,556
135188,3,1,1,94,176,342,503,270,845,436,679,1115
135391,3,1,1,156,290,149,285,446,434,305,575,880
135407,3,1,1,21,7,1,0,28,1,22,7,29
135610,3,1,1,0,0,0,1,0,1,0,1,1
135717,3,1,1,272,471,1583,2688,743,4271,1855,3159,5014
135726,3,1,1,48,70,15,30,118,45,63,100,163
136109,3,1,1,0,2,0,1,2,1,0,3,3
136145,3,1,1,23,60,87,134,83,221,110,194,304
136172,3,1,1,911,1420,66,86,2331,152,977,1506,2483
136233,3,1,1,173,318,346,521,491,867,519,839,1358
136330,3,1,1,7,23,236,302,30,538,243,325,568
136358,3,1,1,146,298,813,1352,444,2165,959,1650,2609
136400,3,1,1,175,373,607,1098,548,1705,782,1471,2253
136473,3,1,1,112,183,466,670,295,1136,578,853,1431
136516,3,1,1,221,435,338,614,656,952,559,1049,1608
136659,3,1,1,3,0,73,24,3,97,76,24,100
136950,3,1,1,6,20,1,0,26,1,7,20,27
137078,3,1,1,378,562,872,1277,940,2149,1250,1839,3089
137096,3,1,1,115,173,254,411,288,665,369,584,953
137209,3,1,1,149,87,660,845,236,1505,809,932,1741
137281,3,1,1,83,153,785,1332,236,2117,868,1485,2353
137351,3,1,1,78,104,183,232,182,415,261,336,597
137546,3,1,1,8,28,0,0,36,0,8,28,36
137564,3,1,1,48,73,1267,1966,121,3233,1315,2039,3354
137759,3,1,1,44,100,219,361,144,580,263,461,724
138187,3,1,1,625,1014,1100,1892,1639,2992,1725,2906,4631
138275,3,1,1,0,1,7,6,1,13,7,7,14
138309,3,1,1,1,1,0,2,2,2,1,3,4
138354,3,1,1,9,22,1,0,31,1,10,22,32
138558,3,1,1,5,12,129,279,17,408,134,291,425
138600,3,1,1,0,5,0,0,5,0,0,5,5
138682,3,1,1,5,15,88,206,20,294,93,221,314
138716,3,1,1,17,46,38,80,63,118,55,126,181
138761,3,1,1,0,2,0,1,2,1,0,3,3
138840,3,1,1,5,1,59,123,6,182,64,124,188
138947,3,1,1,15,86,0,8,101,8,15,94,109
138956,3,1,1,13,19,118,212,32,330,131,231,362
139144,3,1,1,5,17,1,6,22,7,6,23,29
139199,3,1,1,2,8,35,111,10,146,37,119,156
139205,3,1,1,3,2,82,113,5,195,85,115,200
139250,3,1,1,4,15,88,155,19,243,92,170,262
139278,3,1,1,89,144,387,648,233,1035,476,792,1268
139311,3,1,1,33,71,199,358,104,557,232,429,661
139357,3,1,1,11,6,99,195,17,294,110,201,311
139366,3,1,1,20,39,78,121,59,199,98,160,258
139384,3,1,1,66,41,628,990,107,1618,694,1031,1725
139393,3,1,1,2,4,13,18,6,31,15,22,37
139463,3,1,1,16,30,74,83,46,157,90,113,203
139621,3,1,1,2,10,103,201,12,304,105,211,316
139658,3,1,1,32,38,1,1,70,2,33,39,72
139700,3,1,1,11,22,88,166,33,254,99,188,287
139719,3,1,1,3,13,2,7,16,9,5,20,25
139755,3,1,1,100,91,503,236,191,739,603,327,930
139764,3,1,1,5,7,62,133,12,195,67,140,207
139861,3,1,1,2,8,22,28,10,50,24,36,60
139931,3,1,1,32,93,245,431,125,676,277,524,801
139940,3,1,1,107,192,69,130,299,199,176,322,498
139959,3,1,1,30,68,24,38,98,62,54,106,160
139986,3,1,1,23,47,298,662,70,960,321,709,1030
140012,3,1,1,41,64,461,770,105,1231,502,834,1336
140234,3,1,1,4,1,2,4,5,6,6,5,11
140243,3,1,1,17,31,424,803,48,1227,441,834,1275
140252,3,1,1,1,4,0,0,5,0,1,4,5
140331,3,1,1,83,90,434,671,173,1105,517,761,1278
140447,3,1,1,7,14,10,2,21,12,17,16,33
140678,3,1,1,1,10,137,266,11,403,138,276,414
140696,3,1,1,3,13,12,27,16,39,15,40,55
140720,3,1,1,2,8,2,9,10,11,4,17,21
140818,3,1,1,0,4,1,3,4,4,1,7,8
140942,3,1,1,46,56,118,152,102,270,164,208,372
140951,3,1,1,22,114,29,116,136,145,51,230,281
140960,3,1,1,4,13,18,52,17,70,22,65,87
140988,3,1,1,3,10,71,104,13,175,74,114,188
141006,3,1,1,5,5,97,180,10,277,102,185,287
141060,3,1,1,0,45,0,0,45,0,0,45,45
141255,3,1,1,16,20,471,747,36,1218,487,767,1254
141264,3,1,1,6,23,75,125,29,200,81,148,229
141334,3,1,1,22,41,159,395,63,554,181,436,617
141565,3,1,1,15,50,56,107,65,163,71,157,228
141574,3,1,1,165,329,27,26,494,53,192,355,547
141644,3,1,1,41,83,411,596,124,1007,452,679,1131
141680,3,1,1,28,18,118,213,46,331,146,231,377
141796,3,1,1,25,45,91,201,70,292,116,246,362
141802,3,1,1,9,13,142,216,22,358,151,229,380
141811,3,1,1,44,57,290,688,101,978,334,745,1079
141839,3,1,1,18,30,201,355,48,556,219,385,604
141981,3,1,1,15,31,88,242,46,330,103,273,376
141990,3,1,1,16,34,211,268,50,479,227,302,529
142115,3,1,1,76,172,2435,3213,248,5648,2511,3385,5896
142179,3,1,1,18,25,419,509,43,928,437,534,971
142276,3,1,1,29,44,1119,1668,73,2787,1148,1712,2860
142285,3,1,1,28,36,620,793,64,1413,648,829,1477
142407,3,1,1,0,1,0,0,1,0,0,1,1
142443,3,1,1,91,141,431,596,232,1027,522,737,1259
142461,3,1,1,3,5,1,1,8,2,4,6,10
142522,3,1,1,61,131,263,345,192,608,324,476,800
142559,3,1,1,52,106,1710,2519,158,4229,1762,2625,4387
142887,3,1,1,1,1,0,0,2,0,1,1,2
143118,3,1,1,4,13,0,0,17,0,4,13,17
143215,3,1,1,76,130,390,469,206,859,466,599,1065
143279,3,1,1,3,9,390,624,12,1014,393,633,1026
143288,3,1,1,2,0,0,0,2,0,2,0,2
143358,3,1,1,5,11,1,0,16,1,6,11,17
143613,3,1,1,10,25,175,278,35,453,185,303,488
144050,3,1,1,47,46,9,10,93,19,56,56,112
144157,3,1,1,10,13,174,240,23,414,184,253,437
144166,3,1,1,10,9,167,296,19,463,177,305,482
144175,3,1,1,1,3,166,255,4,421,167,258,425
144184,3,1,1,9,7,63,109,16,172,72,116,188
144193,3,1,1,57,62,294,375,119,669,351,437,788
144209,3,1,1,7,12,359,548,19,907,366,560,926
144218,3,1,1,13,7,272,375,20,647,285,382,667
144351,3,1,1,3,1,9,26,4,35,12,27,39
144564,3,1,1,19,35,239,287,54,526,258,322,580
144740,3,1,1,20,50,0,1,70,1,20,51,71
144865,3,1,1,19,182,1543,1672,201,3215,1562,1854,3416
144892,3,1,1,10,17,1010,1263,27,2273,1020,1280,2300
144944,3,1,1,77,146,253,485,223,738,330,631,961
144962,3,1,1,0,0,44,51,0,95,44,51,95
144971,3,1,1,1,2,0,0,3,0,1,2,3
145336,3,1,1,0,3,0,0,3,0,0,3,3
145372,3,1,1,5,6,1,0,11,1,6,6,12
145521,3,1,1,13,29,123,152,42,275,136,181,317
145600,3,1,1,107,136,4,15,243,19,111,151,262
145619,3,1,1,1,4,0,0,5,0,1,4,5
145637,3,1,1,263,235,46,41,498,87,309,276,585
145682,3,1,1,37,45,600,973,82,1573,637,1018,1655
145691,3,1,1,0,1,1,0,1,1,1,1,2
145707,3,1,1,12,16,83,109,28,192,95,125,220
145813,3,1,1,11,39,4,7,50,11,15,46,61
145831,3,1,1,9,28,144,326,37,470,153,354,507
146205,3,1,1,15,42,305,520,57,825,320,562,882
146278,3,1,1,1,10,111,151,11,262,112,161,273
146296,3,1,1,10,12,406,457,22,863,416,469,885
146339,3,1,1,5,6,2,5,11,7,7,11,18
146348,3,1,1,28,56,81,96,84,177,109,152,261
146366,3,1,1,4,8,631,750,12,1381,635,758,1393
146418,3,1,1,6,22,218,327,28,545,224,349,573
146427,3,1,1,3,10,0,1,13,1,3,11,14
146472,3,1,1,11,19,107,126,30,233,118,145,263
146481,3,1,1,2,6,0,0,8,0,2,6,8
146506,3,1,1,10,12,383,499,22,882,393,511,904
146603,3,1,1,4,7,613,677,11,1290,617,684,1301
146612,3,1,1,8,12,139,81,20,220,147,93,240
146685,3,1,1,0,7,89,215,7,304,89,222,311
146719,3,1,1,30,101,2,5,131,7,32,106,138
147004,3,1,1,26,53,1493,1879,79,3372,1519,1932,3451
147013,3,1,1,5,9,2,1,14,3,7,10,17
147244,3,1,1,7,2,16,17,9,33,23,19,42
147369,3,1,1,3,9,7,4,12,11,10,13,23
147378,3,1,1,37,43,1303,905,80,2208,1340,948,2288
147411,3,1,1,3,2,355,340,5,695,358,342,700
147536,3,1,1,3,4,2,2,7,4,5,6,11
147660,3,1,1,1,3,30,28,4,58,31,31,62
147679,3,1,1,4,4,0,0,8,0,4,4,8
147776,3,1,1,4,9,34,67,13,101,38,76,114
147800,3,1,1,22,14,201,287,36,488,223,301,524
147828,3,1,1,18,23,7,20,41,27,25,43,68
147916,3,1,1,13,14,367,476,27,843,380,490,870
148007,3,1,1,15,17,55,104,32,159,70,121,191
148131,3,1,1,2,2,38,45,4,83,40,47,87
148256,3,1,1,17,34,241,286,51,527,258,320,578
148292,3,1,1,8,17,190,329,25,519,198,346,544
148380,3,1,1,87,184,161,162,271,323,248,346,594
148487,3,1,1,1,1,6,9,2,15,7,10,17
148627,3,1,1,3,3,2,0,6,2,5,3,8
148654,3,1,1,6,7,0,0,13,0,6,7,13
148672,3,1,1,6,13,85,114,19,199,91,127,218
148821,3,1,1,8,34,103,163,42,266,111,197,308
148937,3,1,1,5,9,203,268,14,471,208,277,485
148991,3,1,1,3,11,125,169,14,294,128,180,308
149222,3,1,1,5,23,4,3,28,7,9,26,35
149231,3,1,1,13,21,1,1,34,2,14,22,36
149310,3,1,1,0,1,0,0,1,0,0,1,1
149365,3,1,1,1,4,832,758,5,1590,833,762,1595
149532,3,1,1,8,15,413,441,23,854,421,456,877
149727,3,1,1,15,13,453,594,28,1047,468,607,1075
149772,3,1,1,14,25,42,67,39,109,56,92,148
149781,3,1,1,8,18,0,1,26,1,8,19,27
149842,3,1,1,17,19,859,1027,36,1886,876,1046,1922
150136,3,1,1,38,86,350,502,124,852,388,588,976
150163,3,1,1,3,5,11,57,8,68,14,62,76
150172,3,1,1,11,9,2,0,20,2,13,9,22
150534,3,1,1,3,8,90,106,11,196,93,114,207
150604,3,1,1,0,1,3,5,1,8,3,6,9
150668,3,1,1,0,1,0,2,1,2,0,3,3
150677,3,1,1,8,12,73,95,20,168,81,107,188
150941,3,1,1,3,8,66,78,11,144,69,86,155
150987,3,1,1,673,971,14534,15753,1644,30287,15207,16724,31931
151111,3,1,1,72,115,43,73,187,116,115,188,303
151263,3,1,1,12,19,39,68,31,107,51,87,138
151290,3,1,1,9,14,57,73,23,130,66,87,153
151306,3,1,1,8,28,502,884,36,1386,510,912,1422
151324,3,1,1,25,28,1,0,53,1,26,28,54
151333,3,1,1,3,8,69,121,11,190,72,129,201
151342,3,1,1,8,23,9,23,31,32,17,46,63
151351,3,1,1,281,320,16,6,601,22,297,326,623
151360,3,1,1,1,9,10,36,10,46,11,45,56
151379,3,1,1,4,19,2,3,23,5,6,22,28
151388,3,1,1,3,10,11,41,13,52,14,51,65
151661,3,1,1,1,0,0,0,1,0,1,0,1
151777,3,1,1,3,1,2,11,4,13,5,12,17
151962,3,1,1,0,1,0,0,1,0,0,1,1
152080,3,1,1,28,41,0,0,69,0,28,41,69
152318,3,1,1,19,8,3,1,27,4,22,9,31
152336,3,1,1,2,5,0,0,7,0,2,5,7
152390,3,1,1,0,12,0,1,12,1,0,13,13
152567,3,1,1,30,28,508,896,58,1404,538,924,1462
152600,3,1,1,10,18,0,0,28,0,10,18,28
152637,3,1,1,448,624,4966,5407,1072,10373,5414,6031,11445
152673,3,1,1,5,0,0,0,5,0,5,0,5
152992,3,1,1,3,2,32,38,5,70,35,40,75
153001,3,1,1,0,4,2,13,4,15,2,17,19
153083,3,1,1,0,2,0,0,2,0,0,2,2
153108,3,1,1,2,3,3,16,5,19,5,19,24
153126,3,1,1,1,0,17,30,1,47,18,30,48
153144,3,1,1,0,6,2,1,6,3,2,7,9
153162,3,1,1,0,3,0,0,3,0,0,3,3
153214,3,1,1,95,234,3946,5053,329,8999,4041,5287,9328
153250,3,1,1,0,0,4,12,0,16,4,12,16
153269,3,1,1,6,20,14,1,26,15,20,21,41
153302,3,1,1,2,1,3,2,3,5,5,3,8
153311,3,1,1,86,161,1464,1627,247,3091,1550,1788,3338
153366,3,1,1,8,2,14,10,10,24,22,12,34
153384,3,1,1,8,19,0,0,27,0,8,19,27
153445,3,1,1,29,70,806,1125,99,1931,835,1195,2030
153472,3,1,1,89,166,631,611,255,1242,720,777,1497
153524,3,1,1,61,108,661,854,169,1515,722,962,1684
153533,3,1,1,18,21,301,498,39,799,319,519,838
153621,3,1,1,2,0,10,16,2,26,12,16,28
153630,3,1,1,138,142,719,923,280,1642,857,1065,1922
153658,3,1,1,56,77,42,50,133,92,98,127,225
153737,3,1,1,52,146,1959,2091,198,4050,2011,2237,4248
153825,3,1,1,3,1,0,0,4,0,3,1,4
153834,3,1,1,6,3,0,0,9,0,6,3,9
154004,3,1,1,1,0,1,1,1,2,2,1,3
154013,3,1,1,1,1,23,30,2,53,24,31,55
154110,3,1,1,1,9,370,436,10,806,371,445,816
154174,3,1,1,0,1,0,0,1,0,0,1,1
154235,3,1,1,0,7,0,0,7,0,0,7,7
154350,3,1,1,0,0,1,4,0,5,1,4,5
154396,3,1,1,7,27,240,316,34,556,247,343,590
154493,3,1,1,2,0,18,4,2,22,20,4,24
154527,3,1,1,2,1,5,5,3,10,7,6,13
154572,3,1,1,63,133,866,1156,196,2022,929,1289,2218
154697,3,1,1,8,9,136,226,17,362,144,235,379
154712,3,1,1,10,11,39,57,21,96,49,68,117
154749,3,1,1,2,0,0,1,2,1,2,1,3
154800,3,1,1,82,156,360,572,238,932,442,728,1170
154907,3,1,1,7,19,291,409,26,700,298,428,726
154925,3,1,1,69,11,135,80,80,215,204,91,295
154934,3,1,1,5,11,90,200,16,290,95,211,306
154952,3,1,1,67,33,156,239,100,395,223,272,495
154998,3,1,1,17,14,96,150,31,246,113,164,277
155025,3,1,1,0,13,19,20,13,39,19,33,52
155052,3,1,1,5,32,631,456,37,1087,636,488,1124
155089,3,1,1,12,20,73,134,32,207,85,154,239
155098,3,1,1,32,26,241,344,58,585,273,370,643
155104,3,1,1,14,7,140,186,21,326,154,193,347
155140,3,1,1,2,3,0,0,5,0,2,3,5
155177,3,1,1,3,2,0,1,5,1,3,3,6
155195,3,1,1,27,29,577,662,56,1239,604,691,1295
155210,3,1,1,163,196,1575,2280,359,3855,1738,2476,4214
155292,3,1,1,43,82,423,487,125,910,466,569,1035
155317,3,1,1,28,38,130,174,66,304,158,212,370
155399,3,1,1,12,24,50,43,36,93,62,67,129
155414,3,1,1,0,5,1,0,5,1,1,5,6
155423,3,1,1,313,134,55,68,447,123,368,202,570
155487,3,1,1,15,7,304,215,22,519,319,222,541
155511,3,1,1,1,5,0,1,6,1,1,6,7
155566,3,1,1,17,25,355,358,42,713,372,383,755
155618,3,1,1,52,9,78,60,61,138,130,69,199
155715,3,1,1,9,7,132,123,16,255,141,130,271
155812,3,1,1,1,3,40,59,4,99,41,62,103
155858,3,1,1,33,48,160,296,81,456,193,344,537
155973,3,1,1,8,4,10,43,12,53,18,47,65
156082,3,1,1,2,13,268,452,15,720,270,465,735
156107,3,1,1,144,74,1089,903,218,1992,1233,977,2210
156125,3,1,1,31,35,215,459,66,674,246,494,740
156189,3,1,1,1,0,11,15,1,26,12,15,27
156213,3,1,1,3,7,33,77,10,110,36,84,120
156231,3,1,1,13,20,219,368,33,587,232,388,620
156286,3,1,1,8,28,15,26,36,41,23,54,77
156295,3,1,1,10,19,6,2,29,8,16,21,37
156338,3,1,1,12,30,690,1022,42,1712,702,1052,1754
156356,3,1,1,1,0,0,0,1,0,1,0,1
156392,3,1,1,40,121,888,1248,161,2136,928,1369,2297
156408,3,1,1,8,11,0,0,19,0,8,11,19
156426,3,1,1,0,2,0,0,2,0,0,2,2
156541,3,1,1,5,18,126,188,23,314,131,206,337
156620,3,1,1,11,32,276,455,43,731,287,487,774
156648,3,1,1,116,228,509,744,344,1253,625,972,1597
156745,3,1,1,8,16,8,13,24,21,16,29,45
156790,3,1,1,17,30,313,435,47,748,330,465,795
156842,3,1,1,0,2,0,1,2,1,0,3,3
156851,3,1,1,11,23,172,373,34,545,183,396,579
156860,3,1,1,9,14,155,273,23,428,164,287,451
156921,3,1,1,72,119,1749,2312,191,4061,1821,2431,4252
157030,3,1,1,0,0,1,2,0,3,1,2,3
157058,3,1,1,1,6,105,117,7,222,106,123,229
157076,3,1,1,1,3,19,9,4,28,20,12,32
157085,3,1,1,25,77,120,234,102,354,145,311,456
157216,3,1,1,22,22,30,87,44,117,52,109,161
157289,3,1,1,29,63,486,1077,92,1563,515,1140,1655
157304,3,1,1,52,86,403,485,138,888,455,571,1026
157331,3,1,1,51,56,787,962,107,1749,838,1018,1856
157386,3,1,1,62,102,962,1681,164,2643,1024,1783,2807
157401,3,1,1,4,15,243,678,19,921,247,693,940
157438,3,1,1,49,105,611,789,154,1400,660,894,1554
157447,3,1,1,92,145,451,762,237,1213,543,907,1450
157483,3,1,1,4,6,482,717,10,1199,486,723,1209
157535,3,1,1,7,18,130,209,25,339,137,227,364
157553,3,1,1,13,29,216,308,42,524,229,337,566
157614,3,1,1,0,1,0,0,1,0,0,1,1
157678,3,1,1,0,1,0,0,1,0,0,1,1
157711,3,1,1,19,26,708,880,45,1588,727,906,1633
157739,3,1,1,29,78,356,400,107,756,385,478,863
157757,3,1,1,1,4,54,52,5,106,55,56,111
157951,3,1,1,93,116,617,1236,209,1853,710,1352,2062
158662,3,1,1,11,21,292,321,32,613,303,342,645
158802,3,1,1,4,13,0,2,17,2,4,15,19
158884,3,1,1,26,27,297,446,53,743,323,473,796
159197,3,1,1,1,0,0,0,1,0,1,0,1
159382,3,1,1,11,19,193,306,30,499,204,325,529
159391,3,1,1,162,309,1188,1729,471,2917,1350,2038,3388
159407,3,1,1,24,96,162,342,120,504,186,438,624
159647,3,1,1,154,238,778,1204,392,1982,932,1442,2374
159656,3,1,1,10,28,16,35,38,51,26,63,89
159717,3,1,1,68,110,244,377,178,621,312,487,799
159939,3,1,1,27,60,315,375,87,690,342,435,777
159966,3,1,1,28,37,148,309,65,457,176,346,522
159993,3,1,1,34,86,464,880,120,1344,498,966,1464
160010,3,1,1,35,9,54,50,44,104,89,59,148
160472,3,1,1,0,2,0,0,2,0,0,2,2
160579,3,1,1,11,16,119,116,27,235,130,132,262
160612,3,1,1,38,75,1048,1776,113,2824,1086,1851,2937
160621,3,1,1,2,17,136,315,19,451,138,332,470
160630,3,1,1,0,2,160,246,2,406,160,248,408
160649,3,1,1,24,42,186,324,66,510,210,366,576
160658,3,1,1,69,95,391,476,164,867,460,571,1031
160667,3,1,1,48,23,1010,1193,71,2203,1058,1216,2274
160755,3,1,1,17,42,23,18,59,41,40,60,100
160904,3,1,1,12,62,2,2,74,4,14,64,78
160977,3,1,1,5,14,0,0,19,0,5,14,19
161004,3,1,1,8,22,0,0,30,0,8,22,30
161077,3,1,1,14,10,457,530,24,987,471,540,1011
161086,3,1,1,0,2,0,0,2,0,0,2,2
161138,3,1,1,23,12,292,290,35,582,315,302,617
161192,3,1,1,11,10,224,435,21,659,235,445,680
161217,3,1,1,9,14,429,672,23,1101,438,686,1124
161226,3,1,1,2,4,71,206,6,277,73,210,283
161235,3,1,1,0,0,161,300,0,461,161,300,461
161253,3,1,1,23,34,292,475,57,767,315,509,824
161299,3,1,1,126,33,0,0,159,0,126,33,159
161341,3,1,1,10,24,213,305,34,518,223,329,552
161457,3,1,1,2,12,12,14,14,26,14,26,40
161484,3,1,1,3,2,109,86,5,195,112,88,200
161509,3,1,1,0,4,0,0,4,0,0,4,4
161545,3,1,1,6,23,421,591,29,1012,427,614,1041
161554,3,1,1,11,34,406,504,45,910,417,538,955
161572,3,1,1,2,2,0,0,4,0,2,2,4
161581,3,1,1,2,2,39,58,4,97,41,60,101
161688,3,1,1,21,20,277,471,41,748,298,491,789
161767,3,1,1,27,44,461,645,71,1106,488,689,1177
161864,3,1,1,6,9,115,159,15,274,121,168,289
161873,3,1,1,1,1,2,0,2,2,3,1,4
162104,3,1,1,21,26,155,254,47,409,176,280,456
162122,3,1,1,37,69,117,205,106,322,154,274,428
162168,3,1,1,3,13,142,292,16,434,145,305,450
162210,3,1,1,0,3,23,22,3,45,23,25,48
162283,3,1,1,5,16,15,23,21,38,20,39,59
162584,3,1,1,2,3,1,0,5,1,3,3,6
162654,3,1,1,6,11,0,0,17,0,6,11,17
162690,3,1,1,35,72,226,405,107,631,261,477,738
162706,3,1,1,14,17,200,381,31,581,214,398,612
162830,3,1,1,0,2,0,0,2,0,0,2,2
163204,3,1,1,3,4,38,67,7,105,41,71,112
163268,3,1,1,105,113,2,1,218,3,107,114,221
163286,3,1,1,34,37,10,16,71,26,44,53,97
163295,3,1,1,1,6,0,0,7,0,1,6,7
163338,3,1,1,2,4,9,4,6,13,11,8,19
163453,3,1,1,544,1094,1,4,1638,5,545,1098,1643
163462,3,1,1,9,19,13,24,28,37,22,43,65
163578,3,1,1,0,8,0,0,8,0,0,8,8
163851,3,1,1,310,448,30,40,758,70,340,488,828
163912,3,1,1,1,9,4,7,10,11,5,16,21
164076,3,1,1,51,113,4,1,164,5,55,114,169
164155,3,1,1,26,24,0,0,50,0,26,24,50
164216,3,1,1,3,7,3,0,10,3,6,7,13
164270,3,1,1,8,19,3,2,27,5,11,21,32
164313,3,1,1,4,9,132,273,13,405,136,282,418
164465,3,1,1,15,13,0,0,28,0,15,13,28
164492,3,1,1,10,6,4,33,16,37,14,39,53
164632,3,1,1,0,6,3,24,6,27,3,30,33
164739,3,1,1,547,403,0,0,950,0,547,403,950
164775,3,1,1,6,11,67,150,17,217,73,161,234
164988,3,1,1,107,165,2,1,272,3,109,166,275
165015,3,1,1,22,36,0,0,58,0,22,36,58
165024,3,1,1,4,11,15,42,15,57,19,53,72
165033,3,1,1,24,27,201,303,51,504,225,330,555
165112,3,1,1,134,185,303,551,319,854,437,736,1173
165167,3,1,1,1,0,17,28,1,45,18,28,46
165194,3,1,1,7,9,27,43,16,70,34,52,86
165334,3,1,1,23,42,1,4,65,5,24,46,70
165662,3,1,1,7,29,0,0,36,0,7,29,36
165671,3,1,1,1,5,0,0,6,0,1,5,6
165820,3,1,1,4,8,49,79,12,128,53,87,140
165866,3,1,1,0,0,68,107,0,175,68,107,175
165936,3,1,1,7,15,5,6,22,11,12,21,33
165981,3,1,1,13,31,65,94,44,159,78,125,203
166018,3,1,1,9,22,0,0,31,0,9,22,31
166027,3,1,1,6,3,89,66,9,155,95,69,164
166133,3,1,1,6,16,107,187,22,294,113,203,316
166391,3,1,1,3,8,0,0,11,0,3,8,11
166513,3,1,1,31,27,53,90,58,143,84,117,201
166629,3,1,1,112,153,4,1,265,5,116,154,270
166647,3,1,1,6,2,29,53,8,82,35,55,90
166674,3,1,1,0,1,2,1,1,3,2,2,4
166683,3,1,1,53,80,0,0,133,0,53,80,133
166823,3,1,1,51,85,203,287,136,490,254,372,626
166850,3,1,1,16,29,39,77,45,116,55,106,161
166887,3,1,1,28,32,1114,1392,60,2506,1142,1424,2566
166939,3,1,1,0,28,1,2,28,3,1,30,31
166957,3,1,1,18,59,101,246,77,347,119,305,424
167288,3,1,1,3,8,20,45,11,65,23,53,76
167312,3,1,1,8,11,149,230,19,379,157,241,398
167358,3,1,1,60,119,0,1,179,1,60,120,180
167376,3,1,1,10,21,269,438,31,707,279,459,738
167394,3,1,1,3,3,9,40,6,49,12,43,55
167534,3,1,1,31,37,294,525,68,819,325,562,887
167598,3,1,1,2,4,0,0,6,0,2,4,6
167729,3,1,1,0,3,88,169,3,257,88,172,260
167783,3,1,1,0,10,0,0,10,0,0,10,10
167835,3,1,1,0,37,0,0,37,0,0,37,37
167905,3,1,1,1,4,37,79,5,116,38,83,121
167987,3,1,1,0,4,28,45,4,73,28,49,77
168005,3,1,1,13,38,8,10,51,18,21,48,69
168148,3,1,1,24,45,1,2,69,3,25,47,72
168227,3,1,1,20,4,89,37,24,126,109,41,150
168342,3,1,1,17,24,7,6,41,13,24,30,54
168421,3,1,1,65,40,1,1,105,2,66,41,107
168430,3,1,1,13,25,122,123,38,245,135,148,283
168528,3,1,1,11,5,19,31,16,50,30,36,66
168546,3,1,1,14,20,1,1,34,2,15,21,36
168591,3,1,1,6,21,5,0,27,5,11,21,32
168607,3,1,1,5,17,257,363,22,620,262,380,642
168740,3,1,1,7,10,4,4,17,8,11,14,25
168786,3,1,1,0,1,16,22,1,38,16,23,39
168847,3,1,1,2,8,131,247,10,378,133,255,388
168892,3,1,1,1,15,0,3,16,3,1,18,19
169248,3,1,1,2,10,16,24,12,40,18,34,52
169275,3,1,1,30,80,277,538,110,815,307,618,925
169442,3,1,1,2,7,41,71,9,112,43,78,121
169503,3,1,1,0,1,0,0,1,0,0,1,1
169521,3,1,1,8,20,289,563,28,852,297,583,880
169655,3,1,1,2,0,0,0,2,0,2,0,2
169716,3,1,1,22,33,155,90,55,245,177,123,300
169798,3,1,1,82,162,87,102,244,189,169,264,433
169910,3,1,1,5,5,151,331,10,482,156,336,492
169992,3,1,1,2,4,75,116,6,191,77,120,197
170000,3,1,1,2,7,56,80,9,136,58,87,145
170055,3,1,1,35,50,433,772,85,1205,468,822,1290
170082,3,1,1,110,296,34,95,406,129,144,391,535
170240,3,1,1,105,140,651,891,245,1542,756,1031,1787
170286,3,1,1,4,10,7,4,14,11,11,14,25
170550,3,1,1,20,28,227,483,48,710,247,511,758
170587,3,1,1,2,6,141,187,8,328,143,193,336
170639,3,1,1,4,9,57,98,13,155,61,107,168
170657,3,1,1,38,74,310,599,112,909,348,673,1021
170675,3,1,1,10,7,185,181,17,366,195,188,383
170790,3,1,1,161,179,406,782,340,1188,567,961,1528
170806,3,1,1,4,13,48,11,17,59,52,24,76
170976,3,1,1,340,538,12,16,878,28,352,554,906
171100,3,1,1,328,534,32,31,862,63,360,565,925
171137,3,1,1,82,104,35,55,186,90,117,159,276
171146,3,1,1,9,36,165,247,45,412,174,283,457
171155,3,1,1,82,125,421,810,207,1231,503,935,1438
171225,3,1,1,11,21,206,403,32,609,217,424,641
171304,3,1,1,1,6,125,311,7,436,126,317,443
171456,3,1,1,27,46,30,57,73,87,57,103,160
171483,3,1,1,13,20,121,207,33,328,134,227,361
171492,3,1,1,7,3,9,7,10,16,16,10,26
171571,3,1,1,99,153,12,15,252,27,111,168,279
172200,3,1,1,23,27,182,307,50,489,205,334,539
172291,3,1,1,17,26,254,529,43,783,271,555,826
172307,3,1,1,10,17,188,192,27,380,198,209,407
172334,3,1,1,1,1,23,36,2,59,24,37,61
172422,3,1,1,0,1,0,0,1,0,0,1,1
172617,3,1,1,148,189,371,456,337,827,519,645,1164
172644,3,1,1,171,284,24,52,455,76,195,336,531
172699,3,1,1,70,149,90,135,219,225,160,284,444
173045,3,1,1,12,15,0,0,27,0,12,15,27
173142,3,1,1,4,5,55,73,9,128,59,78,137
173160,3,1,1,85,115,86,151,200,237,171,266,437
173258,3,1,1,10,19,0,3,29,3,10,22,32
173300,3,1,1,3,3,7,8,6,15,10,11,21
173452,3,1,1,5,2,1,10,7,11,6,12,18
173647,3,1,1,6,9,0,0,15,0,6,9,15
173665,3,1,1,4,8,4,6,12,10,8,14,22
173902,3,1,1,8,15,0,0,23,0,8,15,23
174066,3,1,1,244,293,2663,3967,537,6630,2907,4260,7167
174075,3,1,1,13,24,263,410,37,673,276,434,710
174127,3,1,1,1,5,6,4,6,10,7,9,16
174233,3,1,1,51,87,326,472,138,798,377,559,936
174251,3,1,1,12,6,6,9,18,15,18,15,33
174491,3,1,1,159,313,338,677,472,1015,497,990,1487
174747,3,1,1,0,7,0,7,7,7,0,14,14
174792,3,1,1,10,0,15,0,10,15,25,0,25
174899,3,1,1,0,5,1,4,5,5,1,9,10
174914,3,1,1,16,23,0,0,39,0,16,23,39
175005,3,1,1,0,25,7,39,25,46,7,64,71
175014,3,1,1,0,1,0,1,1,1,0,2,2
175227,3,1,1,328,72,19,3,400,22,347,75,422
175421,3,1,1,2,4,16,16,6,32,18,20,38
175430,3,1,1,10,15,163,173,25,336,173,188,361
175573,3,1,1,21,83,214,388,104,602,235,471,706
175616,3,1,1,0,2,63,110,2,173,63,112,175
175652,3,1,1,24,30,197,241,54,438,221,271,492
175786,3,1,1,131,216,1108,1374,347,2482,1239,1590,2829
175810,3,1,1,9,11,200,403,20,603,209,414,623
175829,3,1,1,51,113,297,503,164,800,348,616,964
175856,3,1,1,1,4,0,0,5,0,1,4,5
175883,3,1,1,6,32,209,325,38,534,215,357,572
175935,3,1,1,14,6,124,180,20,304,138,186,324
175980,3,1,1,10,5,0,0,15,0,10,5,15
176008,3,1,1,7,21,75,174,28,249,82,195,277
176017,3,1,1,7,25,5,9,32,14,12,34,46
176035,3,1,1,0,4,118,150,4,268,118,154,272
176044,3,1,1,3,10,128,242,13,370,131,252,383
176053,3,1,1,0,4,107,120,4,227,107,124,231
176080,3,1,1,69,111,28,32,180,60,97,143,240
176178,3,1,1,1018,1481,773,1240,2499,2013,1791,2721,4512
176239,3,1,1,42,79,180,338,121,518,222,417,639
176318,3,1,1,1,0,5,13,1,18,6,13,19
176372,3,1,1,33,73,8,52,106,60,41,125,166
176433,3,1,1,0,3,0,0,3,0,0,3,3
176479,3,1,1,11,17,95,181,28,276,106,198,304
176628,3,1,1,3,1,10,20,4,30,13,21,34
176947,3,1,1,4,2,0,0,6,0,4,2,6
176965,3,1,1,8,13,381,763,21,1144,389,776,1165
176983,3,1,1,0,0,1,1,0,2,1,1,2
177135,3,1,1,29,37,411,745,66,1156,440,782,1222
177144,3,1,1,1,1,15,20,2,35,16,21,37
177214,3,1,1,1,3,0,0,4,0,1,3,4
177250,3,1,1,47,75,250,377,122,627,297,452,749
177418,3,1,1,0,2,0,0,2,0,0,2,2
177472,3,1,1,67,114,965,1278,181,2243,1032,1392,2424
177676,3,1,1,35,91,364,450,126,814,399,541,940
177685,3,1,1,1,0,0,0,1,0,1,0,1
177940,3,1,1,7,7,130,202,14,332,137,209,346
177977,3,1,1,1,1,35,54,2,89,36,55,91
177986,3,1,1,0,1,0,0,1,0,0,1,1
177995,3,1,1,156,213,555,872,369,1427,711,1085,1796
178059,3,1,1,4,5,3,10,9,13,7,15,22
178217,3,1,1,38,94,197,368,132,565,235,462,697
178341,3,1,1,7,20,243,440,27,683,250,460,710
178369,3,1,1,1,3,49,120,4,169,50,123,173
178387,3,1,1,8,18,321,678,26,999,329,696,1025
178396,3,1,1,17,51,14,8,68,22,31,59,90
178402,3,1,1,10,26,1287,1895,36,3182,1297,1921,3218
178411,3,1,1,21,10,8,16,31,24,29,26,55
178420,3,1,1,121,172,2346,3595,293,5941,2467,3767,6234
178448,3,1,1,83,166,505,883,249,1388,588,1049,1637
178615,3,1,1,3,10,205,276,13,481,208,286,494
178624,3,1,1,6,15,192,302,21,494,198,317,515
178679,3,1,1,2,1,0,0,3,0,2,1,3
178697,3,1,1,1,8,1,3,9,4,2,11,13
178721,3,1,1,11,9,1,1,20,2,12,10,22
178891,3,1,1,14,1,0,0,15,0,14,1,15
179043,3,1,1,5,7,224,432,12,656,229,439,668
179308,3,1,1,151,300,525,866,451,1391,676,1166,1842
179326,3,1,1,14,19,111,178,33,289,125,197,322
179344,3,1,1,12,28,233,460,40,693,245,488,733
179539,3,1,1,26,46,379,599,72,978,405,645,1050
179557,3,1,1,14,47,439,751,61,1190,453,798,1251
179566,3,1,1,31,58,1722,2596,89,4318,1753,2654,4407
179645,3,1,1,10,37,220,386,47,606,230,423,653
179715,3,1,1,5,14,161,359,19,520,166,373,539
179867,3,1,1,22,39,1,2,61,3,23,41,64
179894,3,1,1,3,5,2,2,8,4,5,7,12
179946,3,1,1,1,0,0,1,1,1,1,1,2
180081,3,1,1,2,2,133,151,4,284,135,153,288
180106,3,1,1,0,0,1,1,0,2,1,1,2
180151,3,1,1,1,2,28,45,3,73,29,47,76
180179,3,1,1,0,2,71,134,2,205,71,136,207
180197,3,1,1,12,16,360,359,28,719,372,375,747
180249,3,1,1,12,9,105,231,21,336,117,240,357
180258,3,1,1,1,2,0,0,3,0,1,2,3
180276,3,1,1,10,8,265,374,18,639,275,382,657
180416,3,1,1,3,3,0,0,6,0,3,3,6
180461,3,1,1,35,63,59,79,98,138,94,142,236
180522,3,1,1,1,1,64,89,2,153,65,90,155
180595,3,1,1,4,9,0,1,13,1,4,10,14
180647,3,1,1,0,0,7,9,0,16,7,9,16
180692,3,1,1,1,2,31,56,3,87,32,58,90
180814,3,1,1,2,1,1,0,3,1,3,1,4
180902,3,1,1,16,32,984,1150,48,2134,1000,1182,2182
180948,3,1,1,0,4,25,47,4,72,25,51,76
181002,3,1,1,21,47,0,0,68,0,21,47,68
181020,3,1,1,5,6,0,0,11,0,5,6,11
181127,3,1,1,3,4,0,0,7,0,3,4,7
181190,3,1,1,0,3,0,0,3,0,0,3,3
181215,3,1,1,17,24,15,24,41,39,32,48,80
181297,3,1,1,0,1,0,0,1,0,0,1,1
181303,3,1,1,427,520,2142,2285,947,4427,2569,2805,5374
181312,3,1,1,3,30,325,439,33,764,328,469,797
181330,3,1,1,5,13,39,87,18,126,44,100,144
181394,3,1,1,43,102,23,23,145,46,66,125,191
181446,3,1,1,3,15,0,1,18,1,3,16,19
181464,3,1,1,89,141,22,31,230,53,111,172,283
181491,3,1,1,17,37,545,890,54,1435,562,927,1489
181604,3,1,1,0,1,13,13,1,26,13,14,27
181640,3,1,1,44,49,1016,1389,93,2405,1060,1438,2498
181738,3,1,1,0,1,23,36,1,59,23,37,60
181783,3,1,1,5,2,259,413,7,672,264,415,679
181817,3,1,1,8,13,146,223,21,369,154,236,390
182005,3,1,1,273,487,1319,1779,760,3098,1592,2266,3858
182281,3,1,1,18,31,174,358,49,532,192,389,581
182290,3,1,1,87,158,398,452,245,850,485,610,1095
182306,3,1,1,27,41,353,591,68,944,380,632,1012
182500,3,1,1,60,115,680,925,175,1605,740,1040,1780
182564,3,1,1,132,263,357,341,395,698,489,604,1093
182670,3,1,1,26,28,0,0,54,0,26,28,54
182980,3,1,1,3,8,0,0,11,0,3,8,11
183026,3,1,1,45,101,835,1202,146,2037,880,1303,2183
183044,3,1,1,49,125,7,17,174,24,56,142,198
183062,3,1,1,6,17,1,0,23,1,7,17,24
183071,3,1,1,1,2,0,2,3,2,1,4,5
183080,3,1,1,3,14,0,1,17,1,3,15,18
183239,3,1,1,1,1,0,0,2,0,1,1,2
183257,3,1,1,0,1,0,1,1,1,0,2,2
183275,3,1,1,1,1,0,0,2,0,1,1,2
183655,3,1,1,16,23,48,59,39,107,64,82,146
183743,3,1,1,81,91,155,213,172,368,236,304,540
183789,3,1,1,0,1,23,24,1,47,23,25,48
183822,3,1,1,11,9,0,1,20,1,11,10,21
183859,3,1,1,68,84,688,967,152,1655,756,1051,1807
183910,3,1,1,4,7,0,1,11,1,4,8,12
183938,3,1,1,44,76,92,161,120,253,136,237,373
184180,3,1,1,30,47,104,101,77,205,134,148,282
184205,3,1,1,0,0,1,0,0,1,1,0,1
184427,3,1,1,1,0,0,0,1,0,1,0,1
184481,3,1,1,88,168,115,137,256,252,203,305,508
184603,3,1,1,6,3,1001,1387,9,2388,1007,1390,2397
184612,3,1,1,3,11,0,0,14,0,3,11,14
184694,3,1,1,2,1,6,4,3,10,8,5,13
184773,3,1,1,0,0,118,137,0,255,118,137,255
184782,3,1,1,78,119,82,142,197,224,160,261,421
184791,3,1,1,25,48,202,430,73,632,227,478,705
184995,3,1,1,22,27,102,177,49,279,124,204,328
185262,3,1,1,30,91,41,75,121,116,71,166,237
185396,3,1,1,1,0,0,0,1,0,1,0,1
185509,3,1,1,19,15,181,260,34,441,200,275,475
185536,3,1,1,39,44,552,677,83,1229,591,721,1312
185572,3,1,1,7,33,0,0,40,0,7,33,40
185590,3,1,1,10,17,85,169,27,254,95,186,281
185721,3,1,1,0,2,0,0,2,0,0,2,2
185828,3,1,1,15,13,228,164,28,392,243,177,420
185873,3,1,1,29,68,349,529,97,878,378,597,975
186016,3,1,1,0,0,0,1,0,1,0,1,1
186034,3,1,1,11,31,40,81,42,121,51,112,163
186131,3,1,1,2,8,23,15,10,38,25,23,48
186201,3,1,1,3,3,40,113,6,153,43,116,159
186283,3,1,1,3,4,1,1,7,2,4,5,9
186371,3,1,1,3,3,61,5,6,66,64,8,72
186380,3,1,1,43,30,12,9,73,21,55,39,94
186399,3,1,1,13,11,0,1,24,1,13,12,25
186432,3,1,1,9,14,43,46,23,89,52,60,112
186469,3,1,1,11,33,65,115,44,180,76,148,224
186584,3,1,1,23,47,2,0,70,2,25,47,72
186618,3,1,1,1,0,2,42,1,44,3,42,45
186645,3,1,1,23,41,306,442,64,748,329,483,812
186867,3,1,1,3,1,2,0,4,2,5,1,6
186876,3,1,1,0,7,0,2,7,2,0,9,9
187134,3,1,1,0,6,4,3,6,7,4,9,13
187198,3,1,1,19,21,50,64,40,114,69,85,154
187444,3,1,1,2,5,0,0,7,0,2,5,7
187532,3,1,1,57,80,1153,1499,137,2652,1210,1579,2789
187620,3,1,1,93,140,264,406,233,670,357,546,903
187639,3,1,1,36,43,233,305,79,538,269,348,617
187648,3,1,1,1,4,279,362,5,641,280,366,646
187897,3,1,1,0,1,21,38,1,59,21,39,60
187912,3,1,1,9,3,35,30,12,65,44,33,77
187958,3,1,1,57,95,209,257,152,466,266,352,618
187967,3,1,1,13,5,5,3,18,8,18,8,26
187976,3,1,1,3,0,47,40,3,87,50,40,90
187985,3,1,1,49,109,67,85,158,152,116,194,310
187994,3,1,1,2,5,45,75,7,120,47,80,127
188003,3,1,1,21,25,316,365,46,681,337,390,727
188021,3,1,1,3,7,51,90,10,141,54,97,151
188030,3,1,1,38,68,70,138,106,208,108,206,314
188049,3,1,1,2,8,315,360,10,675,317,368,685
188100,3,1,1,37,57,285,494,94,779,322,551,873
188137,3,1,1,21,34,261,337,55,598,282,371,653
188225,3,1,1,6,13,145,225,19,370,151,238,389
188261,3,1,1,13,3,147,171,16,318,160,174,334
188340,3,1,1,20,3,2,0,23,2,22,3,25
188429,3,1,1,76,166,7,7,242,14,83,173,256
188438,3,1,1,35,55,283,307,90,590,318,362,680
188517,3,1,1,4,4,0,12,8,12,4,16,20
188641,3,1,1,32,32,17,17,64,34,49,49,98
188854,3,1,1,4,11,0,0,15,0,4,11,15
189228,3,1,1,0,4,8,7,4,15,8,11,19
189547,3,1,1,106,140,833,981,246,1814,939,1121,2060
189565,3,1,1,4,5,0,0,9,0,4,5,9
189583,3,1,1,4,5,34,48,9,82,38,53,91
189592,3,1,1,0,4,0,0,4,0,0,4,4
189705,3,1,1,25,26,0,1,51,1,25,27,52
189839,3,1,1,53,80,829,1157,133,1986,882,1237,2119
190044,3,1,1,49,54,4,7,103,11,53,61,114
190053,3,1,1,26,31,220,280,57,500,246,311,557
190071,3,1,1,0,0,1,1,0,2,1,1,2
190099,3,1,1,20,52,1,5,72,6,21,57,78
190169,3,1,1,18,19,210,270,37,480,228,289,517
190372,3,1,1,15,18,0,0,33,0,15,18,33
190415,3,1,1,66,122,0,0,188,0,66,122,188
190442,3,1,1,192,279,840,1103,471,1943,1032,1382,2414
190503,3,1,1,30,40,0,0,70,0,30,40,70
190840,3,1,1,172,257,1250,1632,429,2882,1422,1889,3311
191083,3,1,1,115,111,495,675,226,1170,610,786,1396
191126,3,1,1,39,163,2,6,202,8,41,169,210
191199,3,1,1,79,104,896,1322,183,2218,975,1426,2401
191205,3,1,1,7,3,3,19,10,22,10,22,32
191241,3,1,1,192,381,1,2,573,3,193,383,576
191302,3,1,1,30,54,337,480,84,817,367,534,901
191339,3,1,1,71,174,814,1161,245,1975,885,1335,2220
191515,3,1,1,5,15,0,0,20,0,5,15,20
191533,3,1,1,9,30,0,1,39,1,9,31,40
191612,3,1,1,37,68,239,393,105,632,276,461,737
191649,3,1,1,79,158,2,1,237,3,81,159,240
191676,3,1,1,0,2,22,24,2,46,22,26,48
191719,3,1,1,196,176,992,1201,372,2193,1188,1377,2565
191940,3,1,1,0,1,0,0,1,0,0,1,1
191986,3,1,1,103,169,825,1003,272,1828,928,1172,2100
192022,3,1,1,30,61,252,405,91,657,282,466,748
192192,3,1,1,5,15,0,0,20,0,5,15,20
192271,3,1,1,4,22,0,0,26,0,4,22,26
192323,3,1,1,22,45,0,3,67,3,22,48,70
192448,3,1,1,131,204,2470,2957,335,5427,2601,3161,5762
192703,3,1,1,456,303,0,1,759,1,456,304,760
192712,3,1,1,3,7,0,0,10,0,3,7,10
192749,3,1,1,11,26,1,0,37,1,12,26,38
192785,3,1,1,0,0,1,0,0,1,1,0,1
192819,3,1,1,28,51,177,207,79,384,205,258,463
193016,3,1,1,79,160,273,446,239,719,352,606,958
193283,3,1,1,100,151,1076,1241,251,2317,1176,1392,2568
193292,3,1,1,22,55,0,0,77,0,22,55,77
193326,3,1,1,110,153,52,75,263,127,162,228,390
193399,3,1,1,17,42,0,0,59,0,17,42,59
193478,3,1,1,256,243,158,165,499,323,414,408,822
193584,3,1,1,13,38,0,0,51,0,13,38,51
193654,3,1,1,20,78,1,3,98,4,21,81,102
193858,3,1,1,0,1,0,0,1,0,0,1,1
193900,3,1,1,214,432,2,3,646,5,216,435,651
193946,3,1,1,87,127,386,545,214,931,473,672,1145
193973,3,1,1,17,63,0,1,80,1,17,64,81
194028,3,1,1,26,58,276,489,84,765,302,547,849
194091,3,1,1,20,21,79,67,41,146,99,88,187
194116,3,1,1,0,2,0,1,2,1,0,3,3
194222,3,1,1,118,111,1536,1536,229,3072,1654,1647,3301
194240,3,1,1,111,118,548,765,229,1313,659,883,1542
194310,3,1,1,34,111,55,29,145,84,89,140,229
194392,3,1,1,4,2,0,0,6,0,4,2,6
194578,3,1,1,18,34,2,14,52,16,20,48,68
194824,3,1,1,107,68,8,6,175,14,115,74,189
195003,3,1,1,150,112,494,184,262,678,644,296,940
195058,3,1,1,158,136,565,697,294,1262,723,833,1556
195067,3,1,1,0,2,0,0,2,0,0,2,2
195128,3,1,1,16,25,0,3,41,3,16,28,44
195164,3,1,1,30,36,27,32,66,59,57,68,125
195216,3,1,1,7,22,3,7,29,10,10,29,39
195234,3,1,1,16,44,0,0,60,0,16,44,60
195243,3,1,1,2,12,368,457,14,825,370,469,839
195322,3,1,1,69,75,879,1072,144,1951,948,1147,2095
195474,3,1,1,45,63,4,9,108,13,49,72,121
195526,3,1,1,7,26,0,0,33,0,7,26,33
195544,3,1,1,25,61,0,0,86,0,25,61,86
195720,3,1,1,21,53,0,0,74,0,21,53,74
195988,3,1,1,44,64,281,421,108,702,325,485,810
196006,3,1,1,121,67,0,0,188,0,121,67,188
196015,3,1,1,20,24,4,0,44,4,24,24,48
196024,3,1,1,71,67,0,0,138,0,71,67,138
196033,3,1,1,30,55,0,0,85,0,30,55,85
196042,3,1,1,215,166,8,7,381,15,223,173,396
196051,3,1,1,61,41,0,1,102,1,61,42,103
196060,3,1,1,245,406,4,0,651,4,249,406,655
196079,3,1,1,98,153,1,2,251,3,99,155,254
196088,3,1,1,245,271,40,21,516,61,285,292,577
196097,3,1,1,433,492,2,0,925,2,435,492,927
196103,3,1,1,25,29,0,1,54,1,25,30,55
196112,3,1,1,46,22,1,1,68,2,47,23,70
196121,3,1,1,82,125,8,23,207,31,90,148,238
196130,3,1,1,119,175,0,1,294,1,119,176,295
196149,3,1,1,103,165,0,1,268,1,103,166,269
196158,3,1,1,51,78,2,4,129,6,53,82,135
196167,3,1,1,17,59,0,0,76,0,17,59,76
196176,3,1,1,86,178,4,1,264,5,90,179,269
196185,3,1,1,77,181,0,1,258,1,77,182,259
196194,3,1,1,135,197,1,1,332,2,136,198,334
196200,3,1,1,13,33,0,1,46,1,13,34,47
196219,3,1,1,53,96,2,1,149,3,55,97,152
196246,3,1,1,59,114,1,1,173,2,60,115,175
196255,3,1,1,0,1,0,0,1,0,0,1,1
196264,3,1,1,5,10,7,9,15,16,12,19,31
196291,3,1,1,43,6,0,0,49,0,43,6,49
196413,3,1,1,133,204,2,5,337,7,135,209,344
196468,3,1,1,1,0,0,0,1,0,1,0,1
196565,3,1,1,83,106,1183,1529,189,2712,1266,1635,2901
196653,3,1,1,0,3,23,24,3,47,23,27,50
196699,3,1,1,88,106,707,581,194,1288,795,687,1482
197036,3,1,1,19,6,0,0,25,0,19,6,25
197045,3,1,1,29,27,9,16,56,25,38,43,81
197285,3,1,1,1,1,17,46,2,63,18,47,65
197294,3,1,1,149,151,212,249,300,461,361,400,761
197337,3,1,1,0,1,0,0,1,0,0,1,1
197708,3,1,1,40,39,45,1,79,46,85,40,125
197814,3,1,1,81,145,324,471,226,795,405,616,1021
197850,3,1,1,21,70,481,743,91,1224,502,813,1315
197869,3,1,1,58,124,3,16,182,19,61,140,201
197887,3,1,1,94,179,750,1076,273,1826,844,1255,2099
197911,3,1,1,3,11,0,0,14,0,3,11,14
197966,3,1,1,39,78,201,276,117,477,240,354,594
197993,3,1,1,0,2,0,0,2,0,0,2,2
198066,3,1,1,2,3,0,0,5,0,2,3,5
198109,3,1,1,0,2,0,1,2,1,0,3,3
198118,3,1,1,81,119,456,552,200,1008,537,671,1208
198136,3,1,1,5,13,0,0,18,0,5,13,18
198154,3,1,1,52,106,588,884,158,1472,640,990,1630
198206,3,1,1,9,23,118,232,32,350,127,255,382
198260,3,1,1,180,325,840,1535,505,2375,1020,1860,2880
198303,3,1,1,2,5,0,0,7,0,2,5,7
198330,3,1,1,14,31,165,373,45,538,179,404,583
198367,3,1,1,22,32,245,353,54,598,267,385,652
198385,3,1,1,3,6,0,0,9,0,3,6,9
198455,3,1,1,25,47,218,405,72,623,243,452,695
198464,3,1,1,65,181,63,117,246,180,128,298,426
198507,3,1,1,12,21,38,40,33,78,50,61,111
198516,3,1,1,3,3,10,20,6,30,13,23,36
198534,3,1,1,55,72,464,696,127,1160,519,768,1287
198543,3,1,1,63,150,104,231,213,335,167,381,548
198552,3,1,1,47,106,295,554,153,849,342,660,1002
198570,3,1,1,64,124,645,1098,188,1743,709,1222,1931
198598,3,1,1,0,0,6,16,0,22,6,16,22
198622,3,1,1,113,186,647,936,299,1583,760,1122,1882
198668,3,1,1,8,13,131,196,21,327,139,209,348
198710,3,1,1,26,57,237,350,83,587,263,407,670
198756,3,1,1,7,15,0,1,22,1,7,16,23
198808,3,1,1,1,5,0,0,6,0,1,5,6
198817,3,1,1,51,108,244,363,159,607,295,471,766
198835,3,1,1,0,0,14,20,0,34,14,20,34
198862,3,1,1,18,8,0,0,26,0,18,8,26
198899,3,1,1,2,5,5,1,7,6,7,6,13
198905,3,1,1,6,20,139,214,26,353,145,234,379
198950,3,1,1,0,20,0,2,20,2,0,22,22
198969,3,1,1,3,4,0,0,7,0,3,4,7
198987,3,1,1,27,40,461,775,67,1236,488,815,1303
199087,3,1,1,20,43,291,465,63,756,311,508,819
199102,3,1,1,161,326,53,16,487,69,214,342,556
199111,3,1,1,9,24,1,1,33,2,10,25,35
199120,3,1,1,160,307,27,24,467,51,187,331,518
199139,3,1,1,133,201,103,97,334,200,236,298,534
199148,3,1,1,72,196,36,74,268,110,108,270,378
199157,3,1,1,88,215,93,145,303,238,181,360,541
199184,3,1,1,10,17,0,0,27,0,10,17,27
199193,3,1,1,175,230,145,80,405,225,320,310,630
199218,3,1,1,54,142,17,32,196,49,71,174,245
199272,3,1,1,1,6,0,0,7,0,1,6,7
199281,3,1,1,21,36,1,4,57,5,22,40,62
199324,3,1,1,31,33,145,235,64,380,176,268,444
199412,3,1,1,3,10,0,0,13,0,3,10,13
199494,3,1,1,150,233,810,1301,383,2111,960,1534,2494
199607,3,1,1,0,1,0,23,1,23,0,24,24
199625,3,1,1,9,30,194,371,39,565,203,401,604
199731,3,1,1,21,29,254,346,50,600,275,375,650
199740,3,1,1,22,70,249,415,92,664,271,485,756
199759,3,1,1,3,3,94,111,6,205,97,114,211
199768,3,1,1,44,66,347,610,110,957,391,676,1067
199795,3,1,1,26,51,147,189,77,336,173,240,413
199856,3,1,1,88,183,936,1520,271,2456,1024,1703,2727
199865,3,1,1,5,6,0,0,11,0,5,6,11
199908,3,1,1,35,53,174,309,88,483,209,362,571
199926,3,1,1,29,22,358,496,51,854,387,518,905
199999,3,1,1,20,62,2,5,82,7,22,67,89
200004,3,1,1,34,80,1,5,114,6,35,85,120
200013,3,1,1,0,0,0,1,0,1,0,1,1
200022,3,1,1,8,12,315,565,20,880,323,577,900
200059,3,1,1,4,1,90,120,5,210,94,121,215
200086,3,1,1,0,2,7,20,2,27,7,22,29
200192,3,1,1,2,7,245,428,9,673,247,435,682
200217,3,1,1,2,11,131,165,13,296,133,176,309
200280,3,1,1,13,19,44,19,32,63,57,38,95
200305,3,1,1,9,11,362,548,20,910,371,559,930
200314,3,1,1,1,9,143,314,10,457,144,323,467
200332,3,1,1,7,16,6,14,23,20,13,30,43
200527,3,1,1,29,43,27,59,72,86,56,102,158
200572,3,1,1,0,2,151,201,2,352,151,203,354
200800,3,1,1,64,107,458,727,171,1185,522,834,1356
200846,3,1,1,10,12,220,345,22,565,230,357,587
201061,3,1,1,0,2,0,0,2,0,0,2,2
201177,3,1,1,0,3,2,0,3,2,2,3,5
201195,3,1,1,8,17,1,0,25,1,9,17,26
201283,3,1,1,2,4,47,127,6,174,49,131,180
201432,3,1,1,19,43,218,438,62,656,237,481,718
201441,3,1,1,47,105,389,688,152,1077,436,793,1229
201469,3,1,1,0,2,0,0,2,0,0,2,2
201548,3,1,1,7,12,0,0,19,0,7,12,19
201645,3,1,1,70,86,5,5,156,10,75,91,166
201654,3,1,1,38,53,246,358,91,604,284,411,695
201821,3,1,1,0,5,0,0,5,0,0,5,5
201885,3,1,1,154,250,277,242,404,519,431,492,923
201946,3,1,1,17,30,254,420,47,674,271,450,721
201955,3,1,1,27,58,108,200,85,308,135,258,393
201964,3,1,1,6,13,169,279,19,448,175,292,467
202046,3,1,1,0,6,0,0,6,0,0,6,6
202170,3,1,1,0,4,0,0,4,0,0,4,4
202222,3,1,1,79,149,2023,3386,228,5409,2102,3535,5637
202356,3,1,1,66,150,1061,1768,216,2829,1127,1918,3045
202480,3,1,1,22,24,0,0,46,0,22,24,46
202523,3,1,1,17,24,1,0,41,1,18,24,42
202648,3,1,1,167,317,744,1200,484,1944,911,1517,2428
202763,3,1,1,4,19,536,843,23,1379,540,862,1402
203085,3,1,1,0,0,1,8,0,9,1,8,9
203128,3,1,1,2,10,90,152,12,242,92,162,254
203155,3,1,1,15,33,45,95,48,140,60,128,188
203368,3,1,1,10,14,0,1,24,1,10,15,25
203447,3,1,1,2,7,101,221,9,322,103,228,331
203456,3,1,1,0,0,71,187,0,258,71,187,258
203465,3,1,1,5,23,248,475,28,723,253,498,751
203474,3,1,1,5,7,81,148,12,229,86,155,241
203483,3,1,1,9,13,89,173,22,262,98,186,284
203492,3,1,1,0,2,104,166,2,270,104,168,272
203517,3,1,1,40,130,323,581,170,904,363,711,1074
203526,3,1,1,2,13,178,341,15,519,180,354,534
203544,3,1,1,0,3,18,22,3,40,18,25,43
203580,3,1,1,5,8,22,28,13,50,27,36,63
203599,3,1,1,97,135,372,670,232,1042,469,805,1274
203678,3,1,1,27,53,817,1065,80,1882,844,1118,1962
203748,3,1,1,121,229,1278,1929,350,3207,1399,2158,3557
203757,3,1,1,37,54,57,131,91,188,94,185,279
203775,3,1,1,1,10,59,47,11,106,60,57,117
203845,3,1,1,7,9,6,15,16,21,13,24,37
203881,3,1,1,23,34,512,856,57,1368,535,890,1425
203960,3,1,1,0,1,0,2,1,2,0,3,3
204006,3,1,1,16,34,36,90,50,126,52,124,176
204015,3,1,1,13,34,87,148,47,235,100,182,282
204024,3,1,1,62,97,33,53,159,86,95,150,245
204194,3,1,1,18,32,56,101,50,157,74,133,207
204200,3,1,1,3,8,142,196,11,338,145,204,349
204255,3,1,1,52,85,226,442,137,668,278,527,805
204422,3,1,1,96,98,343,541,194,884,439,639,1078
204468,3,1,1,0,1,27,74,1,101,27,75,102
204617,3,1,1,9,9,8,19,18,27,17,28,45
204635,3,1,1,7,10,62,73,17,135,69,83,152
204662,3,1,1,2,9,3,11,11,14,5,20,25
204671,3,1,1,12,9,15,29,21,44,27,38,65
204680,3,1,1,6,16,26,49,22,75,32,65,97
204699,3,1,1,21,11,19,22,32,41,40,33,73
204705,3,1,1,40,61,37,52,101,89,77,113,190
204796,3,1,1,323,478,198,175,801,373,521,653,1174
204802,3,1,1,2,4,43,82,6,125,45,86,131
204820,3,1,1,5,7,64,122,12,186,69,129,198
204839,3,1,1,2,5,71,149,7,220,73,154,227
204848,3,1,1,2,7,50,104,9,154,52,111,163
204857,3,1,1,15,19,32,64,34,96,47,83,130
204866,3,1,1,3,5,44,121,8,165,47,126,173
204909,3,1,1,5,13,0,0,18,0,5,13,18
204936,3,1,1,9,22,15,21,31,36,24,43,67
204945,3,1,1,16,27,540,612,43,1152,556,639,1195
205443,3,1,1,17,50,185,329,67,514,202,379,581
205470,3,1,1,63,133,1496,2435,196,3931,1559,2568,4127
205841,3,1,1,100,188,1310,1856,288,3166,1410,2044,3454
205966,3,1,1,42,98,358,653,140,1011,400,751,1151
206011,3,1,1,11,9,352,329,20,681,363,338,701
206349,3,1,1,0,6,0,0,6,0,0,6,6
206507,3,1,1,2,0,1,0,2,1,3,0,3
206525,3,1,1,6,7,6,6,13,12,12,13,25
206589,3,1,1,27,28,0,0,55,0,27,28,55
206604,3,1,1,22,61,188,268,83,456,210,329,539
206613,3,1,1,1,12,92,155,13,247,93,167,260
206622,3,1,1,18,39,0,1,57,1,18,40,58
206695,3,1,1,29,75,351,526,104,877,380,601,981
206862,3,1,1,0,0,2,0,0,2,2,0,2
206914,3,1,1,16,23,156,265,39,421,172,288,460
206923,3,1,1,3,7,84,189,10,273,87,196,283
206996,3,1,1,2,7,80,156,9,236,82,163,245
207041,3,1,1,0,3,35,80,3,115,35,83,118
207050,3,1,1,2,1,79,114,3,193,81,115,196
207069,3,1,1,1,1,190,338,2,528,191,339,530
207209,3,1,1,22,35,0,0,57,0,22,35,57
207236,3,1,1,1,3,138,334,4,472,139,337,476
207263,3,1,1,1,6,69,129,7,198,70,135,205
207281,3,1,1,6,6,99,165,12,264,105,171,276
207290,3,1,1,6,3,40,82,9,122,46,85,131
207306,3,1,1,1,1,65,92,2,157,66,93,159
207324,3,1,1,4,3,31,15,7,46,35,18,53
207351,3,1,1,0,0,20,53,0,73,20,53,73
207388,3,1,1,4,10,70,125,14,195,74,135,209
207500,3,1,1,26,63,55,88,89,143,81,151,232
207564,3,1,1,2,2,93,127,4,220,95,129,224
207582,3,1,1,7,13,299,431,20,730,306,444,750
207661,3,1,1,1,1,122,219,2,341,123,220,343
207670,3,1,1,3,5,241,533,8,774,244,538,782
207740,3,1,1,4,6,94,164,10,258,98,170,268
207847,3,1,1,1,4,28,67,5,95,29,71,100
207865,3,1,1,8,7,53,130,15,183,61,137,198
207935,3,1,1,68,129,577,1049,197,1626,645,1178,1823
207962,3,1,1,19,1,0,0,20,0,19,1,20
207971,3,1,1,4,12,6,4,16,10,10,16,26
208035,3,1,1,6,12,69,200,18,269,75,212,287
208275,3,1,1,6,3,24,60,9,84,30,63,93
208318,3,1,1,33,52,251,407,85,658,284,459,743
208390,3,1,1,59,103,167,232,162,399,226,335,561
208406,3,1,1,61,79,140,114,140,254,201,193,394
208415,3,1,1,2,12,25,18,14,43,27,30,57
208646,3,1,1,1,3,19,44,4,63,20,47,67
208822,3,1,1,11,18,8,11,29,19,19,29,48
209038,3,1,1,42,41,344,455,83,799,386,496,882
209074,3,1,1,7,5,5,12,12,17,12,17,29
209250,3,1,1,60,100,228,312,160,540,288,412,700
209506,3,1,1,14,14,615,839,28,1454,629,853,1482
209542,3,1,1,54,101,39,55,155,94,93,156,249
209551,3,1,1,43,103,13,13,146,26,56,116,172
209603,3,1,1,1,2,0,0,3,0,1,2,3
209612,3,1,1,11,12,10,19,23,29,21,31,52
209746,3,1,1,238,406,420,596,644,1016,658,1002,1660
209807,3,1,1,14,22,515,700,36,1215,529,722,1251
209825,3,1,1,13,34,2,3,47,5,15,37,52
209922,3,1,1,14,23,7,8,37,15,21,31,52
210234,3,1,1,4,10,66,81,14,147,70,91,161
210270,3,1,1,11,16,107,205,27,312,118,221,339
210401,3,1,1,7,16,2,0,23,2,9,16,25
210429,3,1,1,2,4,0,2,6,2,2,6,8
210605,3,1,1,23,19,241,246,42,487,264,265,529
210739,3,1,1,6,22,9,12,28,21,15,34,49
210775,3,1,1,4,11,0,0,15,0,4,11,15
211088,3,1,1,3,7,22,39,10,61,25,46,71
211291,3,1,1,32,47,0,4,79,4,32,51,83
211307,3,1,1,4,8,142,257,12,399,146,265,411
211343,3,1,1,4,4,172,299,8,471,176,303,479
211352,3,1,1,1,5,9,15,6,24,10,20,30
211431,3,1,1,0,1,0,0,1,0,0,1,1
211440,3,1,1,65,80,0,0,145,0,65,80,145
211556,3,1,1,0,2,2,8,2,10,2,10,12
211583,3,1,1,1,1,4,4,2,8,5,5,10
211608,3,1,1,4,10,0,8,14,8,4,18,22
211927,3,1,1,24,20,288,425,44,713,312,445,757
212054,3,1,1,24,23,5,10,47,15,29,33,62
212106,3,1,1,9,27,0,4,36,4,9,31,40
212115,3,1,1,33,55,4,18,88,22,37,73,110
212133,3,1,1,9,24,18,42,33,60,27,66,93
212197,3,1,1,0,9,9,8,9,17,9,17,26
212267,3,1,1,0,0,0,1,0,1,0,1,1
212294,3,1,1,0,1,0,0,1,0,0,1,1
212337,3,1,1,0,1,0,0,1,0,0,1,1
212601,3,1,1,10,16,164,262,26,426,174,278,452
212674,3,1,1,11,31,0,0,42,0,11,31,42
212771,3,1,1,0,3,1,18,3,19,1,21,22
212805,3,1,1,4,18,50,61,22,111,54,79,133
212869,3,1,1,0,2,0,0,2,0,0,2,2
212878,3,1,1,42,86,769,1383,128,2152,811,1469,2280
212984,3,1,1,3,3,4,22,6,26,7,25,32
213011,3,1,1,0,1,52,140,1,192,52,141,193
213020,3,1,1,6,33,25,60,39,85,31,93,124
213181,3,1,1,0,4,0,0,4,0,0,4,4
213251,3,1,1,6,11,7,13,17,20,13,24,37
213321,3,1,1,9,7,19,43,16,62,28,50,78
213349,3,1,1,31,39,2,4,70,6,33,43,76
213367,3,1,1,8,10,126,300,18,426,134,310,444
213376,3,1,1,18,20,5,17,38,22,23,37,60
213385,3,1,1,7,13,0,1,20,1,7,14,21
213507,3,1,1,4,3,21,25,7,46,25,28,53
213525,3,1,1,56,106,435,767,162,1202,491,873,1364
213598,3,1,1,5,28,0,0,33,0,5,28,33
213659,3,1,1,15,20,284,457,35,741,299,477,776
213668,3,1,1,5,4,0,1,9,1,5,5,10
213774,3,1,1,1,1,46,68,2,114,47,69,116
213987,3,1,1,3,11,15,42,14,57,18,53,71
213996,3,1,1,8,20,41,94,28,135,49,114,163
214041,3,1,1,13,27,25,31,40,56,38,58,96
214111,3,1,1,15,39,307,502,54,809,322,541,863
214148,3,1,1,0,9,0,0,9,0,0,9,9
214157,3,1,1,9,8,9,11,17,20,18,19,37
214175,3,1,1,10,10,0,0,20,0,10,10,20
214272,3,1,1,1,8,19,43,9,62,20,51,71
214379,3,1,1,4,14,175,342,18,517,179,356,535
214591,3,1,1,358,240,15,13,598,28,373,253,626
214625,3,1,1,49,39,3,1,88,4,52,40,92
214634,3,1,1,5,21,13,21,26,34,18,42,60
214643,3,1,1,54,32,4,5,86,9,58,37,95
214652,3,1,1,91,71,3,4,162,7,94,75,169
214670,3,1,1,126,78,11,33,204,44,137,111,248
214689,3,1,1,345,322,6,5,667,11,351,327,678
214698,3,1,1,71,57,3,11,128,14,74,68,142
214704,3,1,1,252,204,8,35,456,43,260,239,499
214713,3,1,1,539,366,4,3,905,7,543,369,912
214731,3,1,1,180,108,6,4,288,10,186,112,298
214740,3,1,1,42,27,11,26,69,37,53,53,106
214759,3,1,1,28,35,1,1,63,2,29,36,65
214768,3,1,1,67,51,1,0,118,1,68,51,119
214777,3,1,1,3701,4069,19,9,7770,28,3720,4078,7798
214786,3,1,1,52,23,1,2,75,3,53,25,78
214795,3,1,1,49,86,17,20,135,37,66,106,172
214801,3,1,1,376,264,6,8,640,14,382,272,654
214810,3,1,1,36,93,12,18,129,30,48,111,159
214829,3,1,1,81,50,24,19,131,43,105,69,174
215053,3,1,1,0,4,0,2,4,2,0,6,6
215062,3,1,1,55,69,27,19,124,46,82,88,170
215105,3,1,1,2,6,0,0,8,0,2,6,8
215239,3,1,1,399,664,320,520,1063,840,719,1184,1903
215266,3,1,1,6,9,2,8,15,10,8,17,25
215275,3,1,1,8,4,0,0,12,0,8,4,12
215284,3,1,1,5,10,1,1,15,2,6,11,17
215293,3,1,1,68,149,1599,2293,217,3892,1667,2442,4109
215381,3,1,1,1,0,0,0,1,0,1,0,1
215442,3,1,1,6,16,0,1,22,1,6,17,23
215585,3,1,1,26,29,432,645,55,1077,458,674,1132
215655,3,1,1,13,20,0,1,33,1,13,21,34
215743,3,1,1,6,22,305,460,28,765,311,482,793
215798,3,1,1,4,7,2,4,11,6,6,11,17
215929,3,1,1,0,0,7,8,0,15,7,8,15
216010,3,1,1,17,23,27,69,40,96,44,92,136
216038,3,1,1,4,25,2,1,29,3,6,26,32
216339,3,1,1,106,201,21,43,307,64,127,244,371
216357,3,1,1,3,5,4,2,8,6,7,7,14
216366,3,1,1,8,28,0,2,36,2,8,30,38
216454,3,1,1,1,0,0,0,1,0,1,0,1
216524,3,1,1,5,5,8,3,10,11,13,8,21
216542,3,1,1,7,4,6,12,11,18,13,16,29
216579,3,1,1,0,2,0,0,2,0,0,2,2
216597,3,1,1,28,27,6,9,55,15,34,36,70
216667,3,1,1,3,4,1,0,7,1,4,4,8
216694,3,1,1,0,1,8,17,1,25,8,18,26
216764,3,1,1,23,80,75,141,103,216,98,221,319
216825,3,1,1,29,69,405,681,98,1086,434,750,1184
216852,3,1,1,8,16,2,0,24,2,10,16,26
216931,3,1,1,0,4,21,24,4,45,21,28,49
216940,3,1,1,3,0,0,0,3,0,3,0,3
217013,3,1,1,1,2,16,30,3,46,17,32,49
217059,3,1,1,14,27,39,58,41,97,53,85,138
217156,3,1,1,39,63,9,29,102,38,48,92,140
217165,3,1,1,10,14,0,0,24,0,10,14,24
217235,3,1,1,29,58,0,3,87,3,29,61,90
217305,3,1,1,8,2,1,1,10,2,9,3,12
217402,3,1,1,20,30,1,1,50,2,21,31,52
217420,3,1,1,8,16,4,9,24,13,12,25,37
217493,3,1,1,7,25,0,0,32,0,7,25,32
217518,3,1,1,11,28,31,30,39,61,42,58,100
217536,3,1,1,1,2,0,0,3,0,1,2,3
217633,3,1,1,4,9,62,142,13,204,66,151,217
217688,3,1,1,5,25,14,22,30,36,19,47,66
217712,3,1,1,5,32,128,266,37,394,133,298,431
217721,3,1,1,0,5,34,35,5,69,34,40,74
217749,3,1,1,19,23,98,118,42,216,117,141,258
217819,3,1,1,8,50,43,108,58,151,51,158,209
217864,3,1,1,9,3,0,0,12,0,9,3,12
217873,3,1,1,0,2,1,3,2,4,1,5,6
217882,3,1,1,22,84,0,0,106,0,22,84,106
217891,3,1,1,0,1,0,0,1,0,0,1,1
217907,3,1,1,3,4,96,58,7,154,99,62,161
217925,3,1,1,1,6,69,117,7,186,70,123,193
217934,3,1,1,0,5,0,0,5,0,0,5,5
217961,3,1,1,0,8,0,0,8,0,0,8,8
217989,3,1,1,8,21,96,170,29,266,104,191,295
218025,3,1,1,9,25,160,229,34,389,169,254,423
218061,3,1,1,14,53,267,517,67,784,281,570,851
218113,3,1,1,54,85,919,1152,139,2071,973,1237,2210
218140,3,1,1,66,112,360,645,178,1005,426,757,1183
218229,3,1,1,4,32,57,115,36,172,61,147,208
218335,3,1,1,1,0,0,0,1,0,1,0,1
218353,3,1,1,43,103,347,665,146,1012,390,768,1158
218399,3,1,1,0,3,0,0,3,0,0,3,3
218414,3,1,1,1,2,3,1,3,4,4,3,7
218441,3,1,1,5,4,32,116,9,148,37,120,157
218487,3,1,1,10,32,210,322,42,532,220,354,574
218520,3,1,1,60,118,272,406,178,678,332,524,856
218539,3,1,1,1,7,16,42,8,58,17,49,66
218645,3,1,1,35,68,71,153,103,224,106,221,327
218654,3,1,1,7,18,40,98,25,138,47,116,163
218663,3,1,1,124,256,1,2,380,3,125,258,383
218672,3,1,1,27,59,373,512,86,885,400,571,971
218681,3,1,1,12,29,126,205,41,331,138,234,372
218690,3,1,1,26,58,320,504,84,824,346,562,908
218706,3,1,1,29,41,308,416,70,724,337,457,794
218724,3,1,1,32,55,56,58,87,114,88,113,201
218733,3,1,1,8,26,2,19,34,21,10,45,55
218742,3,1,1,27,84,90,231,111,321,117,315,432
218821,3,1,1,0,14,1,4,14,5,1,18,19
218830,3,1,1,65,83,382,601,148,983,447,684,1131
218885,3,1,1,20,43,268,346,63,614,288,389,677
218919,3,1,1,5,12,6,1,17,7,11,13,24
218991,3,1,1,76,133,281,350,209,631,357,483,840
219082,3,1,1,1,0,115,142,1,257,116,142,258
219125,3,1,1,0,1,0,0,1,0,0,1,1
219189,3,1,1,10,6,61,57,16,118,71,63,134
219198,3,1,1,1,0,129,188,1,317,130,188,318
219204,3,1,1,0,0,1,0,0,1,1,0,1
219259,3,1,1,3,7,331,635,10,966,334,642,976
219277,3,1,1,0,0,0,11,0,11,0,11,11
219347,3,1,1,6,1,36,30,7,66,42,31,73
219426,3,1,1,5,3,80,138,8,218,85,141,226
219471,3,1,1,6,23,400,797,29,1197,406,820,1226
219480,3,1,1,4,4,173,269,8,442,177,273,450
219602,3,1,1,51,112,375,594,163,969,426,706,1132
219639,3,1,1,0,1,0,0,1,0,0,1,1
219806,3,1,1,5,7,37,44,12,81,42,51,93
219824,3,1,1,77,114,501,822,191,1323,578,936,1514
219833,3,1,1,9,16,87,101,25,188,96,117,213
219879,3,1,1,47,81,416,549,128,965,463,630,1093
219888,3,1,1,47,55,367,701,102,1068,414,756,1170
219921,3,1,1,1,0,63,24,1,87,64,24,88
219994,3,1,1,2,1,205,66,3,271,207,67,274
220057,3,1,1,22,54,220,396,76,616,242,450,692
220075,3,1,1,42,111,227,405,153,632,269,516,785
220127,3,1,1,1,0,41,2,1,43,42,2,44
220215,3,1,1,6,10,150,211,16,361,156,221,377
220251,3,1,1,1,0,165,129,1,294,166,129,295
220279,3,1,1,0,0,207,87,0,294,207,87,294
220321,3,1,1,1,0,187,284,1,471,188,284,472
220394,3,1,1,2,2,50,20,4,70,52,22,74
220400,3,1,1,25,91,267,584,116,851,292,675,967
220516,3,1,1,0,2,10,32,2,42,10,34,44
220598,3,1,1,0,1,0,0,1,0,0,1,1
220604,3,1,1,0,4,0,0,4,0,0,4,4
220701,3,1,1,0,1,32,66,1,98,32,67,99
220710,3,1,1,6,11,29,42,17,71,35,53,88
220862,3,1,1,11,28,653,1155,39,1808,664,1183,1847
220978,3,1,1,24,35,276,487,59,763,300,522,822
221050,3,1,1,1,1,151,35,2,186,152,36,188
221096,3,1,1,88,162,434,871,250,1305,522,1033,1555
221148,3,1,1,6,0,0,0,6,0,6,0,6
221184,3,1,1,69,96,445,726,165,1171,514,822,1336
221333,3,1,1,1,0,198,25,1,223,199,25,224
221397,3,1,1,93,129,335,703,222,1038,428,832,1260
221430,3,1,1,0,0,618,321,0,939,618,321,939
221485,3,1,1,23,56,538,786,79,1324,561,842,1403
221494,3,1,1,0,0,66,6,0,72,66,6,72
221519,3,1,1,6,9,4,7,15,11,10,16,26
221582,3,1,1,0,0,149,45,0,194,149,45,194
221607,3,1,1,1,1,238,34,2,272,239,35,274
221625,3,1,1,2,0,209,113,2,322,211,113,324
221643,3,1,1,62,105,489,883,167,1372,551,988,1539
221740,3,1,1,36,96,3,2,132,5,39,98,137
221759,3,1,1,1588,2677,10,13,4265,23,1598,2690,4288
221768,3,1,1,4,3,361,691,7,1052,365,694,1059
221838,3,1,1,109,263,42,99,372,141,151,362,513
221847,3,1,1,59,63,61,72,122,133,120,135,255
221908,3,1,1,45,87,338,435,132,773,383,522,905
221999,3,1,1,42,57,0,1,99,1,42,58,100
222053,3,1,1,61,137,457,863,198,1320,518,1000,1518
222062,3,1,1,50,105,554,1127,155,1681,604,1232,1836
222178,3,1,1,7,27,22,24,34,46,29,51,80
222576,3,1,1,61,109,664,997,170,1661,725,1106,1831
222822,3,1,1,33,57,516,785,90,1301,549,842,1391
222831,3,1,1,27,76,1356,2016,103,3372,1383,2092,3475
222992,3,1,1,257,292,2847,3790,549,6637,3104,4082,7186
223232,3,1,1,62,128,11,26,190,37,73,154,227
223320,3,1,1,35,74,777,1186,109,1963,812,1260,2072
223506,3,1,1,25,38,443,564,63,1007,468,602,1070
223816,3,1,1,155,223,550,869,378,1419,705,1092,1797
223922,3,1,1,7,21,177,292,28,469,184,313,497
224147,3,1,1,10,37,0,2,47,2,10,39,49
224156,3,1,1,0,3,0,0,3,0,0,3,3
224323,3,1,1,4,21,0,1,25,1,4,22,26
224527,3,1,1,11,13,73,160,24,233,84,173,257
224554,3,1,1,20,37,175,295,57,470,195,332,527
224615,3,1,1,2122,2781,8829,12723,4903,21552,10951,15504,26455
224642,3,1,1,491,760,3061,4127,1251,7188,3552,4887,8439
224891,3,1,1,24,68,302,336,92,638,326,404,730
224961,3,1,1,48,76,136,195,124,331,184,271,455
225247,3,1,1,3,5,7,12,8,19,10,17,27
225399,3,1,1,15,20,5,5,35,10,20,25,45
225414,3,1,1,0,4,0,1,4,1,0,5,5
225432,3,1,1,18,26,0,4,44,4,18,30,48
225511,3,1,1,892,1301,109,140,2193,249,1001,1441,2442
225548,3,1,1,0,0,20,22,0,42,20,22,42
225885,3,1,1,7,2,0,0,9,0,7,2,9
226116,3,1,1,28,33,477,540,61,1017,505,573,1078
226134,3,1,1,17,38,1260,1808,55,3068,1277,1846,3123
226204,3,1,1,57,130,1134,1510,187,2644,1191,1640,2831
226277,3,1,1,3,0,0,0,3,0,3,0,3
226383,3,1,1,2,0,38,36,2,74,40,36,76
226408,3,1,1,54,114,444,630,168,1074,498,744,1242
226471,3,1,1,13,34,21,24,47,45,34,58,92
226578,3,1,1,20,41,662,1025,61,1687,682,1066,1748
226587,3,1,1,5,2,50,52,7,102,55,54,109
227146,3,1,1,70,90,832,1284,160,2116,902,1374,2276
227182,3,1,1,1152,1658,7548,10434,2810,17982,8700,12092,20792
227216,3,1,1,257,328,44,86,585,130,301,414,715
227331,3,1,1,1,2,6,12,3,18,7,14,21
227368,3,1,1,1418,2075,434,548,3493,982,1852,2623,4475
227377,3,1,1,27,47,1296,1978,74,3274,1323,2025,3348
227386,3,1,1,36,44,357,462,80,819,393,506,899
227401,3,1,1,51,89,690,1006,140,1696,741,1095,1836
227526,3,1,1,21,31,0,3,52,3,21,34,55
227757,3,1,1,25,34,1,0,59,1,26,34,60
227845,3,1,1,9,14,0,0,23,0,9,14,23
227863,3,1,1,4,13,87,9,17,96,91,22,113
227881,3,1,1,29,74,19,41,103,60,48,115,163
227979,3,1,1,381,706,2272,3291,1087,5563,2653,3997,6650
228042,3,1,1,1,14,6,24,15,30,7,38,45
228149,3,1,1,7,12,0,0,19,0,7,12,19
228158,3,1,1,6,10,332,526,16,858,338,536,874
228246,3,1,1,17,54,1,0,71,1,18,54,72
228343,3,1,1,8,10,0,0,18,0,8,10,18
228431,3,1,1,16,43,342,527,59,869,358,570,928
228459,3,1,1,17,34,1,0,51,1,18,34,52
228501,3,1,1,0,2,16,26,2,42,16,28,44
228529,3,1,1,10,40,0,1,50,1,10,41,51
228547,3,1,1,380,566,3651,4912,946,8563,4031,5478,9509
228699,3,1,1,86,157,692,965,243,1657,778,1122,1900
228705,3,1,1,2,16,111,130,18,241,113,146,259
228723,3,1,1,259,251,46,25,510,71,305,276,581
228769,3,1,1,41,52,52,73,93,125,93,125,218
228778,3,1,1,174,282,3,3,456,6,177,285,462
228787,3,1,1,38,31,0,2,69,2,38,33,71
228796,3,1,1,79,97,42,88,176,130,121,185,306
228802,3,1,1,1,2,99,172,3,271,100,174,274
228875,3,1,1,1,11,0,0,12,0,1,11,12
229018,3,1,1,8,17,194,291,25,485,202,308,510
229027,3,1,1,46,128,94,89,174,183,140,217,357
229063,3,1,1,23,100,3,11,123,14,26,111,137
229115,3,1,1,99,170,36,35,269,71,135,205,340
229179,3,1,1,10,54,472,741,64,1213,482,795,1277
229267,3,1,1,8,11,0,2,19,2,8,13,21
229355,3,1,1,168,301,1026,1537,469,2563,1194,1838,3032
229504,3,1,1,6,10,217,290,16,507,223,300,523
229780,3,1,1,25,10,36,60,35,96,61,70,131
229799,3,1,1,52,77,725,866,129,1591,777,943,1720
229814,3,1,1,7,24,48,22,31,70,55,46,101
229841,3,1,1,38,46,264,422,84,686,302,468,770
229887,3,1,1,6,5,0,0,11,0,6,5,11
230038,3,1,1,78,162,1,10,240,11,79,172,251
230047,3,1,1,3,13,2,0,16,2,5,13,18
230162,3,1,1,10,12,725,361,22,1086,735,373,1108
230171,3,1,1,93,135,1199,1465,228,2664,1292,1600,2892
230597,3,1,1,123,187,805,1031,310,1836,928,1218,2146
230603,3,1,1,102,157,691,1009,259,1700,793,1166,1959
230676,3,1,1,0,7,645,275,7,920,645,282,927
230728,3,1,1,73,119,1479,2275,192,3754,1552,2394,3946
230746,3,1,1,214,243,3340,4386,457,7726,3554,4629,8183
230764,3,1,1,113,138,126,89,251,215,239,227,466
230782,3,1,1,594,746,5174,5974,1340,11148,5768,6720,12488
230807,3,1,1,0,2,0,0,2,0,0,2,2
230816,3,1,1,2,9,14,20,11,34,16,29,45
230834,3,1,1,16,33,15,25,49,40,31,58,89
230852,3,1,1,16,17,2,0,33,2,18,17,35
230861,3,1,1,30,122,303,515,152,818,333,637,970
230913,3,1,1,15,39,21,46,54,67,36,85,121
230959,3,1,1,7,17,0,0,24,0,7,17,24
231059,3,1,1,1,5,0,1,6,1,1,6,7
231095,3,1,1,0,1,3,1,1,4,3,2,5
231165,3,1,1,32,22,18,17,54,35,50,39,89
231174,3,1,1,37,171,26,42,208,68,63,213,276
231280,3,1,1,0,1,0,1,1,1,0,2,2
231411,3,1,1,2,0,0,0,2,0,2,0,2
231420,3,1,1,0,0,1,0,0,1,1,0,1
231536,3,1,1,34,72,284,449,106,733,318,521,839
231581,3,1,1,2,3,0,0,5,0,2,3,5
231624,3,1,1,18,38,2,2,56,4,20,40,60
231697,3,1,1,128,267,405,408,395,813,533,675,1208
231712,3,1,1,3,10,0,0,13,0,3,10,13
231785,3,1,1,3,2,0,0,5,0,3,2,5
231873,3,1,1,14,20,191,255,34,446,205,275,480
231882,3,1,1,102,113,304,377,215,681,406,490,896
232025,3,1,1,8,22,0,0,30,0,8,22,30
232043,3,1,1,1,5,26,34,6,60,27,39,66
232052,3,1,1,14,25,107,83,39,190,121,108,229
232089,3,1,1,0,2,9,20,2,29,9,22,31
232186,3,1,1,71,76,99,73,147,172,170,149,319
232195,3,1,1,105,189,735,1176,294,1911,840,1365,2205
232414,3,1,1,278,353,500,640,631,1140,778,993,1771
232450,3,1,1,66,96,1159,1667,162,2826,1225,1763,2988
232557,3,1,1,54,100,12,20,154,32,66,120,186
232566,3,1,1,5,16,0,1,21,1,5,17,22
232575,3,1,1,271,343,779,1103,614,1882,1050,1446,2496
232609,3,1,1,4,25,3,24,29,27,7,49,56
232706,3,1,1,2,9,343,107,11,450,345,116,461
232788,3,1,1,68,111,211,330,179,541,279,441,720
232867,3,1,1,145,182,653,645,327,1298,798,827,1625
232946,3,1,1,424,421,7342,8296,845,15638,7766,8717,16483
232982,3,1,1,109,190,6,6,299,12,115,196,311
233019,3,1,1,91,151,111,126,242,237,202,277,479
233037,3,1,1,23,37,195,322,60,517,218,359,577
233116,3,1,1,56,100,808,870,156,1678,864,970,1834
233277,3,1,1,23,72,17,9,95,26,40,81,121
233286,3,1,1,0,4,0,0,4,0,0,4,4
233295,3,1,1,5,15,0,1,20,1,5,16,21
233310,3,1,1,102,178,411,575,280,986,513,753,1266
233338,3,1,1,13,30,199,299,43,498,212,329,541
233374,3,1,1,1,0,0,0,1,0,1,0,1
233426,3,1,1,6,14,1,0,20,1,7,14,21
233541,3,1,1,4,9,62,273,13,335,66,282,348
233611,3,1,1,1,2,1,0,3,1,2,2,4
233639,3,1,1,166,286,381,550,452,931,547,836,1383
233648,3,1,1,37,65,194,282,102,476,231,347,578
233718,3,1,1,0,10,0,0,10,0,0,10,10
233754,3,1,1,73,99,608,804,172,1412,681,903,1584
233772,3,1,1,144,244,1339,1675,388,3014,1483,1919,3402
233903,3,1,1,32,101,221,323,133,544,253,424,677
233921,3,1,1,71,76,0,2,147,2,71,78,149
233949,3,1,1,55,86,805,985,141,1790,860,1071,1931
234030,3,1,1,43,90,58,60,133,118,101,150,251
234076,3,1,1,40,65,39,32,105,71,79,97,176
234119,3,1,1,0,0,0,1,0,1,0,1,1
234155,3,1,1,5,14,0,0,19,0,5,14,19
234207,3,1,1,6,12,0,0,18,0,6,12,18
234377,3,1,1,42,132,339,329,174,668,381,461,842
234669,3,1,1,667,773,373,516,1440,889,1040,1289,2329
234696,3,1,1,34,27,10,12,61,22,44,39,83
234711,3,1,1,114,205,18,18,319,36,132,223,355
234827,3,1,1,2,3,1,0,5,1,3,3,6
234845,3,1,1,116,190,95,99,306,194,211,289,500
234933,3,1,1,355,600,209,276,955,485,564,876,1440
234951,3,1,1,78,97,6,17,175,23,84,114,198
234979,3,1,1,299,450,121,191,749,312,420,641,1061
235024,3,1,1,2,3,0,1,5,1,2,4,6
235097,3,1,1,169,234,69,117,403,186,238,351,589
235103,3,1,1,209,283,211,285,492,496,420,568,988
235149,3,1,1,286,399,151,265,685,416,437,664,1101
235237,3,1,1,590,935,84,104,1525,188,674,1039,1713
235307,3,1,1,0,1,0,0,1,0,0,1,1
235316,3,1,1,23,48,12,8,71,20,35,56,91
235334,3,1,1,78,122,24,52,200,76,102,174,276
235343,3,1,1,496,702,130,207,1198,337,626,909,1535
235431,3,1,1,320,481,101,117,801,218,421,598,1019
235671,3,1,1,168,37,7,12,205,19,175,49,224
235699,3,1,1,109,78,36,50,187,86,145,128,273
235750,3,1,1,104,211,97,111,315,208,201,322,523
236072,3,1,1,55,66,105,148,121,253,160,214,374
236188,3,1,1,282,437,53,73,719,126,335,510,845
236258,3,1,1,61,105,26,24,166,50,87,129,216
236328,3,1,1,6,18,0,0,24,0,6,18,24
236382,3,1,1,38,33,23,27,71,50,61,60,121
236452,3,1,1,8,17,0,0,25,0,8,17,25
236504,3,1,1,138,129,47,36,267,83,185,165,350
236513,3,1,1,116,147,85,135,263,220,201,282,483
236577,3,1,1,3,13,7,4,16,11,10,17,27
236595,3,1,1,6,42,1,0,48,1,7,42,49
236610,3,1,1,127,97,105,170,224,275,232,267,499
236638,3,1,1,142,206,57,90,348,147,199,296,495
236656,3,1,1,280,479,77,146,759,223,357,625,982
236692,3,1,1,157,230,52,84,387,136,209,314,523
236708,3,1,1,182,314,52,80,496,132,234,394,628
236753,3,1,1,305,441,81,137,746,218,386,578,964
236887,3,1,1,60,83,30,54,143,84,90,137,227
236896,3,1,1,9,12,24,20,21,44,33,32,65
236939,3,1,1,77,117,73,73,194,146,150,190,340
236975,3,1,1,166,303,61,99,469,160,227,402,629
237011,3,1,1,21,42,0,1,63,1,21,43,64
237039,3,1,1,158,221,135,186,379,321,293,407,700
237057,3,1,1,2,9,5,6,11,11,7,15,22
237066,3,1,1,7,9,3,1,16,4,10,10,20
237109,3,1,1,139,328,38,105,467,143,177,433,610
237118,3,1,1,2,2,8,26,4,34,10,28,38
237181,3,1,1,1,2,0,0,3,0,1,2,3
237303,3,1,1,0,2,0,0,2,0,0,2,2
237312,3,1,1,0,1,9,19,1,28,9,20,29
237321,3,1,1,0,3,0,0,3,0,0,3,3
237330,3,1,1,2,4,32,37,6,69,34,41,75
237358,3,1,1,5,8,2,3,13,5,7,11,18
237367,3,1,1,17,31,147,249,48,396,164,280,444
237385,3,1,1,9,36,116,224,45,340,125,260,385
237525,3,1,1,11,20,300,475,31,775,311,495,806
237686,3,1,1,9,19,187,341,28,528,196,360,556
237701,3,1,1,2,1,44,116,3,160,46,117,163
237792,3,1,1,4,10,39,102,14,141,43,112,155
237817,3,1,1,47,99,39,82,146,121,86,181,267
237899,3,1,1,40,51,744,1162,91,1906,784,1213,1997
237950,3,1,1,3,7,130,249,10,379,133,256,389
237969,3,1,1,5,10,1,0,15,1,6,10,16
238014,3,1,1,6,15,91,173,21,264,97,188,285
238032,3,1,1,26,32,217,393,58,610,243,425,668
238193,3,1,1,0,16,1,15,16,16,1,31,32
238263,3,1,1,68,111,1384,1353,179,2737,1452,1464,2916
238397,3,1,1,0,0,4,9,0,13,4,9,13
238430,3,1,1,1,1,63,115,2,178,64,116,180
238458,3,1,1,2,10,20,28,12,48,22,38,60
238722,3,1,1,13,13,2090,1798,26,3888,2103,1811,3914
238759,3,1,1,24,11,2642,2147,35,4789,2666,2158,4824
239008,3,1,1,4,2,701,472,6,1173,705,474,1179
239017,3,1,1,11,8,2,2,19,4,13,10,23
239071,3,1,1,8,22,45,76,30,121,53,98,151
239105,3,1,1,13,23,42,44,36,86,55,67,122
239248,3,1,1,51,64,119,272,115,391,170,336,506
239309,3,1,1,0,2,0,0,2,0,0,2,2
239318,3,1,1,6,3,3,3,9,6,9,6,15
239372,3,1,1,4,4,253,301,8,554,257,305,562
239442,3,1,1,3,2,146,199,5,345,149,201,350
239488,3,1,1,79,97,2055,2039,176,4094,2134,2136,4270
239512,3,1,1,1,1,4,4,2,8,5,5,10
239716,3,1,1,2,6,11,6,8,17,13,12,25
240107,3,1,1,1,2,1,23,3,24,2,25,27
240170,3,1,1,2,3,73,163,5,236,75,166,241
240189,3,1,1,6,7,49,154,13,203,55,161,216
240198,3,1,1,8,7,218,204,15,422,226,211,437
240268,3,1,1,7,17,60,146,24,206,67,163,230
240277,3,1,1,42,110,571,1674,152,2245,613,1784,2397
240329,3,1,1,2,3,46,77,5,123,48,80,128
240338,3,1,1,1,4,5,3,5,8,6,7,13
240365,3,1,1,29,46,1555,2730,75,4285,1584,2776,4360
240374,3,1,1,1,8,69,122,9,191,70,130,200
240417,3,1,1,3,2,6,8,5,14,9,10,19
240426,3,1,1,1,6,52,83,7,135,53,89,142
240444,3,1,1,181,163,55,54,344,109,236,217,453
240453,3,1,1,17,44,242,450,61,692,259,494,753
240462,3,1,1,4,15,18,33,19,51,22,48,70
240471,3,1,1,6,11,125,207,17,332,131,218,349
240480,3,1,1,1,11,70,173,12,243,71,184,255
240505,3,1,1,3,8,320,207,11,527,323,215,538
240514,3,1,1,17,22,227,302,39,529,244,324,568
240596,3,1,1,16,48,320,388,64,708,336,436,772
240620,3,1,1,12,14,302,403,26,705,314,417,731
240657,3,1,1,23,31,166,212,54,378,189,243,432
240666,3,1,1,42,110,722,682,152,1404,764,792,1556
240727,3,1,1,14,35,12,16,49,28,26,51,77
240745,3,1,1,1,2,11,11,3,22,12,13,25
240790,3,1,1,14,48,9,10,62,19,23,58,81
241182,3,1,1,0,2,0,0,2,0,0,2,2
241191,3,1,1,2,3,1,0,5,1,3,3,6
241331,3,1,1,7,39,0,0,46,0,7,39,46
241377,3,1,1,1,1,0,0,2,0,1,1,2
241395,3,1,1,3,5,0,0,8,0,3,5,8
241410,3,1,1,67,116,4,14,183,18,71,130,201
241720,3,1,1,7,12,0,0,19,0,7,12,19
241739,3,1,1,8,35,1,0,43,1,9,35,44
241766,3,1,1,2,2,3,1,4,4,5,3,8
241836,3,1,1,0,3,0,2,3,2,0,5,5
241906,3,1,1,19,22,0,0,41,0,19,22,41
241951,3,1,1,1,12,0,0,13,0,1,12,13
242112,3,1,1,7,13,0,0,20,0,7,13,20
242130,3,1,1,1,2,0,0,3,0,1,2,3
242556,3,1,1,1,3,0,0,4,0,1,3,4
242617,3,1,1,33,36,2,3,69,5,35,39,74
242626,3,1,1,26,39,3,3,65,6,29,42,71
242635,3,1,1,14,27,0,1,41,1,14,28,42
242644,3,1,1,5,15,1,0,20,1,6,15,21
242653,3,1,1,17,23,1,2,40,3,18,25,43
242662,3,1,1,17,31,2,1,48,3,19,32,51
242680,3,1,1,8,17,0,0,25,0,8,17,25
242699,3,1,1,6,24,0,0,30,0,6,24,30
242705,3,1,1,38,28,0,0,66,0,38,28,66
243106,3,1,1,9,17,0,0,26,0,9,17,26
243142,3,1,1,54,96,38,31,150,69,92,127,219
243179,3,1,1,9,13,1,5,22,6,10,18,28
243188,3,1,1,4,2,0,0,6,0,4,2,6
243203,3,1,1,0,1,0,0,1,0,0,1,1
243212,3,1,1,2,0,3,8,2,11,5,8,13
243221,3,1,1,174,328,1,2,502,3,175,330,505
243346,3,1,1,20,44,6,3,64,9,26,47,73
243443,3,1,1,75,171,2,1,246,3,77,172,249
243577,3,1,1,58,34,5,6,92,11,63,40,103
243586,3,1,1,4,15,0,1,19,1,4,16,20
243601,3,1,1,35,75,3,2,110,5,38,77,115
243638,3,1,1,7,19,6,8,26,14,13,27,40
243647,3,1,1,1,3,1,2,4,3,2,5,7
243744,3,1,1,8,12,137,101,20,238,145,113,258
243780,3,1,1,186,135,15,6,321,21,201,141,342
243832,3,1,1,1,1,1,1,2,2,2,2,4
243841,3,1,1,0,1,0,0,1,0,0,1,1
244437,3,1,1,105,166,790,993,271,1783,895,1159,2054
244446,3,1,1,18,18,191,430,36,621,209,448,657
245625,3,1,1,77,104,928,1078,181,2006,1005,1182,2187
246813,3,1,1,12,13,195,391,25,586,207,404,611
246895,3,1,1,0,1,26,26,1,52,26,27,53
247603,3,1,1,5,4,56,50,9,106,61,54,115
247834,3,1,1,259,402,3336,5141,661,8477,3595,5543,9138
247940,3,1,1,100,204,631,679,304,1310,731,883,1614
248925,3,1,1,1,2,190,43,3,233,191,45,236
248934,3,1,1,3,7,34,39,10,73,37,46,83
251260,3,1,1,9,8,184,256,17,440,193,264,457
260929,3,1,1,0,2,0,0,2,0,0,2,2
262031,3,1,1,23,46,88,154,69,242,111,200,311
262086,3,1,1,0,0,23,37,0,60,23,37,60
262129,3,1,1,1,2,0,0,3,0,1,2,3
262341,3,1,1,1,1,0,0,2,0,1,1,2
363165,3,1,1,0,0,412,404,0,816,412,404,816
363633,3,1,1,0,4,64,61,4,125,64,65,129
363916,3,1,1,3,6,0,0,9,0,3,6,9
364016,3,1,1,26,42,246,365,68,611,272,407,679
364025,3,1,1,207,240,2235,2742,447,4977,2442,2982,5424
364636,3,1,1,0,0,0,1,0,1,0,1,1
365198,3,1,1,0,0,112,114,0,226,112,114,226
365480,3,1,1,0,0,90,94,0,184,90,94,184
366003,3,1,1,3,0,14,17,3,31,17,17,34
366252,3,1,1,39,20,6,5,59,11,45,25,70
366395,3,1,1,440,447,2107,2721,887,4828,2547,3168,5715
366401,3,1,1,42,46,160,152,88,312,202,198,400
366465,3,1,1,28,2,102,182,30,284,130,184,314
366623,3,1,1,0,0,80,85,0,165,80,85,165
366711,3,1,1,89,149,7,6,238,13,96,155,251
367459,3,1,1,99,158,932,1390,257,2322,1031,1548,2579
368911,3,1,1,6,5,193,378,11,571,199,383,582
372356,3,1,1,0,3,0,0,3,0,0,3,3
374574,3,1,1,0,1,0,0,1,0,0,1,1
375726,3,1,1,3,0,4,2,3,6,7,2,9
376288,3,1,1,4,9,0,0,13,0,4,9,13
376385,3,1,1,3,1,0,0,4,0,3,1,4
376446,3,1,1,0,1,0,0,1,0,0,1,1
376631,3,1,1,0,0,0,1,0,1,0,1,1
377218,3,1,1,1,0,0,0,1,0,1,0,1
377643,3,1,1,0,1,0,0,1,0,0,1,1
380359,3,1,1,0,2,2,9,2,11,2,11,13
383190,3,1,1,26,21,154,247,47,401,180,268,448
383996,3,1,1,8,23,98,146,31,244,106,169,275
384254,3,1,1,1,1,0,1,2,1,1,2,3
384333,3,1,1,54,109,1062,1624,163,2686,1116,1733,2849
384342,3,1,1,19,10,383,603,29,986,402,613,1015
395362,3,1,1,0,12,68,105,12,173,68,117,185
399212,3,1,1,64,77,331,474,141,805,395,551,946
399911,3,1,1,0,3,0,0,3,0,0,3,3
400187,3,1,1,0,2,0,0,2,0,0,2,2
401764,3,1,1,0,2,0,0,2,0,0,2,2
403469,3,1,1,7,15,161,169,22,330,168,184,352
403478,3,1,1,14,6,69,101,20,170,83,107,190
403487,3,1,1,8,21,107,117,29,224,115,138,253
404426,3,1,1,3,19,148,256,22,404,151,275,426
404684,3,1,1,2,6,0,0,8,0,2,6,8
405872,3,1,1,22,23,255,474,45,729,277,497,774
407832,3,1,1,0,1,1,1,1,2,1,2,3
408066,3,1,1,0,1,0,0,1,0,0,1,1
408844,3,1,1,0,5,0,0,5,0,0,5,5
409698,3,1,1,24,56,3,2,80,5,27,58,85
413617,3,1,1,4,1,11,28,5,39,15,29,44
414878,3,1,1,0,0,1,1,0,2,1,1,2
414911,3,1,1,14,35,397,720,49,1117,411,755,1166
418029,3,1,1,0,1,0,0,1,0,0,1,1
418533,3,1,1,0,5,0,0,5,0,0,5,5
420343,3,1,1,2,0,0,0,2,0,2,0,2
420431,3,1,1,2,3,125,207,5,332,127,210,337
420440,3,1,1,4,6,219,349,10,568,223,355,578
420538,3,1,1,4,12,154,179,16,333,158,191,349
420556,3,1,1,12,33,140,299,45,439,152,332,484
421610,3,1,1,0,11,0,0,11,0,0,11,11
423652,3,1,1,2,7,20,56,9,76,22,63,85
426314,3,1,1,12,4,74,29,16,103,86,33,119
428055,3,1,1,5,17,0,0,22,0,5,17,22
431284,3,1,1,0,1,0,0,1,0,0,1,1
433387,3,1,1,12,18,0,0,30,0,12,18,30
433660,3,1,1,105,121,101,140,226,241,206,261,467
434061,3,1,1,128,186,136,338,314,474,264,524,788
434159,3,1,1,1,0,0,0,1,0,1,0,1
434584,3,1,1,0,5,0,1,5,1,0,6,6
434672,3,1,1,98,127,603,1155,225,1758,701,1282,1983
435000,3,1,1,1,0,0,0,1,0,1,0,1
436553,3,1,1,8,75,0,0,83,0,8,75,83
436818,3,1,1,23,32,0,0,55,0,23,32,55
436827,3,1,1,20,9,0,0,29,0,20,9,29
436836,3,1,1,61,68,1,0,129,1,62,68,130
437103,3,1,1,12,9,619,819,21,1438,631,828,1459
438708,3,1,1,2,1,26,89,3,115,28,90,118
439190,3,1,1,169,200,67,89,369,156,236,289,525
440101,3,1,1,0,1,0,0,1,0,0,1,1
440828,3,1,1,1,6,2,3,7,5,3,9,12
441760,3,1,1,67,89,810,803,156,1613,877,892,1769
441900,3,1,1,27,104,993,1681,131,2674,1020,1785,2805
441937,3,1,1,17,53,2,2,70,4,19,55,74
442329,3,1,1,32,4,0,0,36,0,32,4,36
442356,3,1,1,0,3,3,33,3,36,3,36,39
442523,3,1,1,0,1,0,0,1,0,0,1,1
442930,3,1,1,3,8,0,0,11,0,3,8,11
443058,3,1,1,0,0,1,0,0,1,1,0,1
443331,3,1,1,0,1,0,0,1,0,0,1,1
444219,3,1,1,23,42,214,281,65,495,237,323,560
444291,3,1,1,0,2,0,1,2,1,0,3,3
444307,3,1,1,0,1,0,0,1,0,0,1,1
444583,3,1,1,5,11,0,0,16,0,5,11,16
444671,3,1,1,15,12,0,0,27,0,15,12,27
444787,3,1,1,1,1,1,0,2,1,2,1,3
445027,3,1,1,0,2,0,0,2,0,0,2,2
445188,3,1,1,204,183,2,2,387,4,206,185,391
445212,3,1,1,0,1,0,0,1,0,0,1,1
445267,3,1,1,2,17,388,644,19,1032,390,661,1051
445708,3,1,1,5,18,0,0,23,0,5,18,23
445911,3,1,1,1,0,0,0,1,0,1,0,1
445948,3,1,1,2,2,0,0,4,0,2,2,4
446233,3,1,1,0,1,2,3,1,5,2,4,6
446288,3,1,1,0,2,0,0,2,0,0,2,2
446774,3,1,1,30,63,142,221,93,363,172,284,456
447148,3,1,1,0,1,0,0,1,0,0,1,1
447582,3,1,1,2,5,49,69,7,118,51,74,125
447689,3,1,1,49,63,98,209,112,307,147,272,419
447759,3,1,1,0,2,0,0,2,0,0,2,2
448026,3,1,1,0,4,0,2,4,2,0,6,6
448248,3,1,1,3,85,369,502,88,871,372,587,959
448594,3,1,1,16,35,221,461,51,682,237,496,733
448673,3,1,1,0,1,0,1,1,1,0,2,2
449320,3,1,1,2,0,0,0,2,0,2,0,2
449472,3,1,1,0,2,0,0,2,0,0,2,2
449977,3,1,1,0,1,0,0,1,0,0,1,1
449986,3,1,1,0,1,0,0,1,0,0,1,1
450614,3,1,1,0,1,0,0,1,0,0,1,1
450641,3,1,1,1,2,0,1,3,1,1,3,4
450720,3,1,1,0,3,0,0,3,0,0,3,3
450933,3,1,1,16,14,3,3,30,6,19,17,36
451565,3,1,1,0,1,0,0,1,0,0,1,1
451583,3,1,1,18,1,59,39,19,98,77,40,117
451714,3,1,1,0,5,0,0,5,0,0,5,5
451750,3,1,1,1,0,0,0,1,0,1,0,1
454227,3,1,1,0,3,0,0,3,0,0,3,3
454245,3,1,1,0,2,0,0,2,0,0,2,2
454652,3,1,1,0,2,0,0,2,0,0,2,2
454698,3,1,1,2,4,0,0,6,0,2,4,6
454768,3,1,1,0,1,0,1,1,1,0,2,2
454777,3,1,1,0,1,0,0,1,0,0,1,1
454810,3,1,1,2,4,0,0,6,0,2,4,6
454926,3,1,1,0,0,0,1,0,1,0,1,1
454944,3,1,1,0,4,0,0,4,0,0,4,4
455114,3,1,1,38,47,1628,2021,85,3649,1666,2068,3734
455196,3,1,1,0,13,0,0,13,0,0,13,13
455284,3,1,1,0,1,0,0,1,0,0,1,1
455512,3,1,1,14,15,182,269,29,451,196,284,480
455831,3,1,1,0,1,0,0,1,0,0,1,1
455868,3,1,1,0,2,0,0,2,0,0,2,2
455901,3,1,1,0,1,0,0,1,0,0,1,1
456029,3,1,1,0,1,0,0,1,0,0,1,1
456065,3,1,1,0,1,0,0,1,0,0,1,1
456074,3,1,1,0,1,0,0,1,0,0,1,1
456959,3,1,1,1,13,1,1,14,2,2,14,16
457253,3,1,1,0,0,0,2,0,2,0,2,2
457323,3,1,1,0,2,0,0,2,0,0,2,2
457475,3,1,1,0,1,0,0,1,0,0,1,1
457633,3,1,1,0,1,0,2,1,2,0,3,3
457679,3,1,1,0,3,0,0,3,0,0,3,3
457855,3,1,1,0,3,0,0,3,0,0,3,3
458830,3,1,1,0,1,0,0,1,0,0,1,1
458858,3,1,1,0,2,0,0,2,0,0,2,2
458867,3,1,1,0,1,0,0,1,0,0,1,1
459019,3,1,1,0,2,0,0,2,0,0,2,2
459046,3,1,1,1,1,0,0,2,0,1,1,2
459170,3,1,1,0,0,0,1,0,1,0,1,1
459198,3,1,1,0,1,0,1,1,1,0,2,2
459231,3,1,1,0,3,0,0,3,0,0,3,3
459392,3,1,1,0,1,0,1,1,1,0,2,2
459949,3,1,1,15,24,78,111,39,189,93,135,228
460394,3,1,1,37,50,216,306,87,522,253,356,609
460464,3,1,1,38,41,523,895,79,1418,561,936,1497
460677,3,1,1,2,0,0,0,2,0,2,0,2
461193,3,1,1,0,1,0,0,1,0,0,1,1
461272,3,1,1,0,6,0,0,6,0,0,6,6
461591,3,1,1,0,2,0,0,2,0,0,2,2
461652,3,1,1,0,1,0,0,1,0,0,1,1
461759,3,1,1,4,1,0,0,5,0,4,1,5
461917,3,1,1,0,2,0,31,2,31,0,33,33
462008,3,1,1,0,1,0,1,1,1,0,2,2
463056,3,1,1,56,72,1,1,128,2,57,73,130
466921,3,1,1,0,1,0,0,1,0,0,1,1
467863,3,1,1,0,7,0,0,7,0,0,7,7
467872,3,1,1,0,3,0,0,3,0,0,3,3
468893,3,1,1,0,2,0,0,2,0,0,2,2
474863,3,1,1,0,0,0,1,0,1,0,1,1
474915,3,1,1,0,7,0,0,7,0,0,7,7
474924,3,1,1,0,1,0,1,1,1,0,2,2
475486,3,1,1,0,2,1,0,2,1,1,2,3
475547,3,1,1,0,0,0,1,0,1,0,1,1
475556,3,1,1,0,1,0,0,1,0,0,1,1
475723,3,1,1,5,6,151,97,11,248,156,103,259
475732,3,1,1,0,1,1,0,1,1,1,1,2
475741,3,1,1,0,1,0,0,1,0,0,1,1
475839,3,1,1,0,0,0,2,0,2,0,2,2
476063,3,1,1,1,1,0,0,2,0,1,1,2
476841,3,1,1,0,1,0,0,1,0,0,1,1
476975,3,1,1,0,0,33,49,0,82,33,49,82
476984,3,1,1,1,0,0,0,1,0,1,0,1
478582,3,1,1,0,1,0,0,1,0,0,1,1
478953,3,1,1,0,2,0,0,2,0,0,2,2
479956,3,1,1,37,70,10,13,107,23,47,83,130
479983,3,1,1,0,1,0,0,1,0,0,1,1
480091,3,1,1,0,4,6,5,4,11,6,9,15
480310,3,1,1,0,2,0,0,2,0,0,2,2
480569,3,1,1,0,1,0,0,1,0,0,1,1
481191,3,1,1,0,2,0,0,2,0,0,2,2
481526,3,1,1,0,2,0,0,2,0,0,2,2
481678,3,1,1,0,1,0,0,1,0,0,1,1
481739,3,1,1,0,1,0,0,1,0,0,1,1
481748,3,1,1,0,1,0,0,1,0,0,1,1
481845,3,1,1,0,0,0,1,0,1,0,1,1
482149,3,1,1,11,37,52,69,48,121,63,106,169
482158,3,1,1,16,20,188,270,36,458,204,290,494
482176,3,1,1,1,1,0,0,2,0,1,1,2
482431,3,1,1,0,1,0,0,1,0,0,1,1
482477,3,1,1,39,50,23,25,89,48,62,75,137
482680,3,1,1,48,92,383,644,140,1027,431,736,1167
482699,3,1,1,1,6,54,132,7,186,55,138,193
482705,3,1,1,21,52,0,3,73,3,21,55,76
482936,3,1,1,19,8,2,0,27,2,21,8,29
483036,3,1,1,1,0,1,2,1,3,2,2,4
483045,3,1,1,34,78,1443,1880,112,3323,1477,1958,3435
483054,3,1,1,1,0,0,0,1,0,1,0,1
483124,3,1,1,4,15,25,72,19,97,29,87,116
483328,3,1,1,0,1,0,0,1,0,0,1,1
483337,3,1,1,0,1,0,1,1,1,0,2,2
483595,3,1,1,0,9,1,13,9,14,1,22,23
483911,3,1,1,0,1,0,0,1,0,0,1,1
484011,3,1,1,0,3,0,0,3,0,0,3,3
484093,3,1,1,0,1,0,0,1,0,0,1,1
484109,3,1,1,0,1,0,0,1,0,0,1,1
484394,3,1,1,0,2,0,0,2,0,0,2,2
484473,3,1,1,5,4,235,300,9,535,240,304,544
484613,3,1,1,22,50,0,0,72,0,22,50,72
484905,3,1,1,13,45,1,1,58,2,14,46,60
485014,3,1,1,0,1,0,0,1,0,0,1,1
485032,3,1,1,0,2,0,0,2,0,0,2,2
485111,3,1,1,11,31,594,1160,42,1754,605,1191,1796
485458,3,1,1,57,67,630,1006,124,1636,687,1073,1760
486567,3,1,1,0,2,0,0,2,0,0,2,2
486798,3,1,1,27,1,0,0,28,0,27,1,28
486840,3,1,1,119,209,189,290,328,479,308,499,807
486956,3,1,1,0,1,0,0,1,0,0,1,1
487092,3,1,1,6,14,0,0,20,0,6,14,20
487162,3,1,1,23,16,595,794,39,1389,618,810,1428
487524,3,1,1,2,9,15,54,11,69,17,63,80
487773,3,1,1,0,1,0,0,1,0,0,1,1
488013,3,1,1,1,0,0,0,1,0,1,0,1
488031,3,1,1,1,0,0,0,1,0,1,0,1
488305,3,1,1,1,0,0,0,1,0,1,0,1
488998,3,1,1,0,4,0,0,4,0,0,4,4
489140,3,1,1,0,1,0,2,1,2,0,3,3
489201,3,1,1,28,56,235,363,84,598,263,419,682
489344,3,1,1,0,1,0,0,1,0,0,1,1
489353,3,1,1,0,1,0,1,1,1,0,2,2
489779,3,1,1,1,1,3,3,2,6,4,4,8
490115,3,1,1,4,1,0,0,5,0,4,1,5
490300,3,1,1,0,0,0,1,0,1,0,1,1
490425,3,1,1,0,2,0,0,2,0,0,2,2
490805,3,1,1,22,40,747,1129,62,1876,769,1169,1938
491145,3,1,1,0,2,0,0,2,0,0,2,2
491808,3,1,1,0,0,0,1,0,1,0,1,1
491835,3,1,1,0,1,0,0,1,0,0,1,1
492476,3,1,1,0,0,0,1,0,1,0,1,1
492759,3,1,1,0,0,0,4,0,4,0,4,4
492801,3,1,1,1,0,0,3,1,3,1,3,4
492962,3,1,1,0,0,0,1,0,1,0,1,1
493804,3,1,1,0,1,0,0,1,0,0,1,1
493831,3,1,1,1,0,0,0,1,0,1,0,1
494959,3,1,1,0,0,1,7,0,8,1,7,8
495101,3,1,1,0,1,0,0,1,0,0,1,1
495271,3,1,1,0,0,2,4,0,6,2,4,6
495411,3,1,1,0,2,0,0,2,0,0,2,2
495518,3,1,1,0,3,0,0,3,0,0,3,3
496052,3,1,1,1,0,0,0,1,0,1,0,1
496733,3,1,1,0,3,0,0,3,0,0,3,3
497046,3,1,1,22,27,250,540,49,790,272,567,839
497107,3,1,1,0,0,12,57,0,69,12,57,69
497301,3,1,1,0,11,0,1,11,1,0,12,12
498562,3,1,1,81,157,179,370,238,549,260,527,787
498571,3,1,1,13,41,53,85,54,138,66,126,192
100663,3,1,2,34,63,24,54,97,78,58,117,175
100706,3,1,2,41,36,63,76,77,139,104,112,216
100751,3,1,2,98,211,289,647,309,936,387,858,1245
100760,3,1,2,3,8,328,403,11,731,331,411,742
100812,3,1,2,0,1,2,1,1,3,2,2,4
100830,3,1,2,6,16,58,193,22,251,64,209,273
100858,3,1,2,42,73,169,326,115,495,211,399,610
100937,3,1,2,0,4,0,0,4,0,0,4,4
101143,3,1,2,25,26,263,265,51,528,288,291,579
101161,3,1,2,12,24,1012,697,36,1709,1024,721,1745
101189,3,1,2,2,0,87,102,2,189,89,102,191
101240,3,1,2,8,14,320,333,22,653,328,347,675
101286,3,1,2,2,11,284,409,13,693,286,420,706
101295,3,1,2,32,62,691,829,94,1520,723,891,1614
101301,3,1,2,11,7,425,470,18,895,436,477,913
101453,3,1,2,0,1,2,2,1,4,2,3,5
101462,3,1,2,2,0,101,149,2,250,103,149,252
101480,3,1,2,9,37,349,624,46,973,358,661,1019
101505,3,1,2,12,35,927,1531,47,2458,939,1566,2505
101514,3,1,2,16,21,642,607,37,1249,658,628,1286
101569,3,1,2,0,5,96,207,5,303,96,212,308
101587,3,1,2,4,8,13,31,12,44,17,39,56
101648,3,1,2,4,1,0,0,5,0,4,1,5
101709,3,1,2,4,8,9,19,12,28,13,27,40
101736,3,1,2,3,3,947,809,6,1756,950,812,1762
101897,3,1,2,18,41,278,583,59,861,296,624,920
101912,3,1,2,18,40,23,28,58,51,41,68,109
101994,3,1,2,0,0,64,34,0,98,64,34,98
102030,3,1,2,2,3,341,607,5,948,343,610,953
102049,3,1,2,8,15,0,0,23,0,8,15,23
102067,3,1,2,7,8,206,445,15,651,213,453,666
102076,3,1,2,13,25,152,291,38,443,165,316,481
102094,3,1,2,18,34,57,153,52,210,75,187,262
102234,3,1,2,5,14,0,0,19,0,5,14,19
102313,3,1,2,4,5,117,194,9,311,121,199,320
102368,3,1,2,14,31,115,160,45,275,129,191,320
102377,3,1,2,20,43,9,14,63,23,29,57,86
102429,3,1,2,10,3,612,719,13,1331,622,722,1344
102553,3,1,2,76,128,437,568,204,1005,513,696,1209
102614,3,1,2,18,38,227,342,56,569,245,380,625
102632,3,1,2,4,4,110,136,8,246,114,140,254
103741,3,1,2,1,3,0,0,4,0,1,3,4
104151,3,1,2,666,754,171,216,1420,387,837,970,1807
104160,3,1,2,70,95,780,1098,165,1878,850,1193,2043
104179,3,1,2,151,262,324,211,413,535,475,473,948
104346,3,1,2,1,3,134,190,4,324,135,193,328
104391,3,1,2,0,1,0,0,1,0,0,1,1
104425,3,1,2,11,29,228,311,40,539,239,340,579
104568,3,1,2,0,5,0,1,5,1,0,6,6
104577,3,1,2,74,120,385,435,194,820,459,555,1014
104586,3,1,2,28,19,0,0,47,0,28,19,47
104708,3,1,2,63,88,823,1075,151,1898,886,1163,2049
104717,3,1,2,20,56,321,603,76,924,341,659,1000
105145,3,1,2,24,43,298,488,67,786,322,531,853
105154,3,1,2,90,152,872,1333,242,2205,962,1485,2447
105206,3,1,2,12,28,193,301,40,494,205,329,534
105297,3,1,2,3,9,36,75,12,111,39,84,123
105330,3,1,2,88,246,3,10,334,13,91,256,347
105349,3,1,2,102,101,405,641,203,1046,507,742,1249
105428,3,1,2,36,74,833,1075,110,1908,869,1149,2018
105525,3,1,2,36,60,166,139,96,305,202,199,401
105659,3,1,2,12,1,0,0,13,0,12,1,13
105668,3,1,2,399,749,3465,4747,1148,8212,3864,5496,9360
105747,3,1,2,16,30,645,854,46,1499,661,884,1545
105792,3,1,2,30,48,394,612,78,1006,424,660,1084
106148,3,1,2,61,84,934,911,145,1845,995,995,1990
106245,3,1,2,37,41,345,373,78,718,382,414,796
106397,3,1,2,45,95,10,4,140,14,55,99,154
106412,3,1,2,6,13,0,3,19,3,6,16,22
106449,3,1,2,25,24,442,511,49,953,467,535,1002
106458,3,1,2,10,22,279,361,32,640,289,383,672
106467,3,1,2,94,143,1051,1434,237,2485,1145,1577,2722
106625,3,1,2,15,25,201,306,40,507,216,331,547
106713,3,1,2,3,3,30,38,6,68,33,41,74
106908,3,1,2,0,1,0,0,1,0,0,1,1
107080,3,1,2,3,5,0,0,8,0,3,5,8
107141,3,1,2,9,16,158,216,25,374,167,232,399
107318,3,1,2,4,4,196,256,8,452,200,260,460
107512,3,1,2,3,9,41,84,12,125,44,93,137
107521,3,1,2,6,10,689,582,16,1271,695,592,1287
107558,3,1,2,3,21,2,2,24,4,5,23,28
107585,3,1,2,11,20,151,162,31,313,162,182,344
107600,3,1,2,0,3,0,0,3,0,0,3,3
107619,3,1,2,83,146,271,357,229,628,354,503,857
107664,3,1,2,6,21,57,115,27,172,63,136,199
107725,3,1,2,30,53,171,198,83,369,201,251,452
107743,3,1,2,8,26,76,124,34,200,84,150,234
107789,3,1,2,0,1,0,0,1,0,0,1,1
107974,3,1,2,0,7,125,124,7,249,125,131,256
107983,3,1,2,14,27,109,185,41,294,123,212,335
107992,3,1,2,3,5,91,151,8,242,94,156,250
108092,3,1,2,106,149,476,528,255,1004,582,677,1259
108232,3,1,2,1,13,3,11,14,14,4,24,28
108667,3,1,2,15,12,256,277,27,533,271,289,560
108807,3,1,2,59,79,1055,1254,138,2309,1114,1333,2447
108852,3,1,2,1,0,0,0,1,0,1,0,1
109208,3,1,2,82,91,772,1091,173,1863,854,1182,2036
109350,3,1,2,59,79,347,516,138,863,406,595,1001
109785,3,1,2,1,2,0,0,3,0,1,2,3
109819,3,1,2,130,191,3103,4151,321,7254,3233,4342,7575
109907,3,1,2,7,12,91,146,19,237,98,158,256
109934,3,1,2,0,1,0,0,1,0,0,1,1
110097,3,1,2,22,50,10,6,72,16,32,56,88
110246,3,1,2,48,76,513,591,124,1104,561,667,1228
110334,3,1,2,23,36,237,417,59,654,260,453,713
110361,3,1,2,59,135,88,156,194,244,147,291,438
110404,3,1,2,14,7,0,0,21,0,14,7,21
110413,3,1,2,2,7,0,0,9,0,2,7,9
110422,3,1,2,141,206,1,0,347,1,142,206,348
110486,3,1,2,40,92,2,1,132,3,42,93,135
110495,3,1,2,26,85,13,30,111,43,39,115,154
110510,3,1,2,89,168,68,149,257,217,157,317,474
110529,3,1,2,199,187,14,14,386,28,213,201,414
110538,3,1,2,42,90,6,6,132,12,48,96,144
110547,3,1,2,86,141,12,9,227,21,98,150,248
110556,3,1,2,128,229,160,202,357,362,288,431,719
110565,3,1,2,245,353,19,16,598,35,264,369,633
110574,3,1,2,47,47,0,0,94,0,47,47,94
110583,3,1,2,177,351,4,8,528,12,181,359,540
110592,3,1,2,248,306,5,6,554,11,253,312,565
110608,3,1,2,235,314,0,3,549,3,235,317,552
110617,3,1,2,166,234,140,133,400,273,306,367,673
110635,3,1,2,275,550,3,0,825,3,278,550,828
110644,3,1,2,272,541,6,8,813,14,278,549,827
110653,3,1,2,223,530,0,2,753,2,223,532,755
110662,3,1,2,261,507,1,1,768,2,262,508,770
110671,3,1,2,354,488,1,5,842,6,355,493,848
110680,3,1,2,384,559,1,2,943,3,385,561,946
110705,3,1,2,199,367,2,0,566,2,201,367,568
110714,3,1,2,186,281,1,5,467,6,187,286,473
111188,3,1,2,5,3,0,0,8,0,5,3,8
111434,3,1,2,15,12,231,267,27,498,246,279,525
111461,3,1,2,85,110,696,906,195,1602,781,1016,1797
111513,3,1,2,0,5,0,0,5,0,0,5,5
111887,3,1,2,118,168,412,592,286,1004,530,760,1290
111896,3,1,2,10,27,393,770,37,1163,403,797,1200
111920,3,1,2,49,44,170,232,93,402,219,276,495
111939,3,1,2,107,126,705,1264,233,1969,812,1390,2202
111948,3,1,2,34,99,93,81,133,174,127,180,307
112075,3,1,2,22,28,0,0,50,0,22,28,50
112084,3,1,2,3,4,0,0,7,0,3,4,7
112172,3,1,2,67,75,455,743,142,1198,522,818,1340
112260,3,1,2,14,14,0,0,28,0,14,14,28
112385,3,1,2,4,5,365,437,9,802,369,442,811
112561,3,1,2,19,25,194,265,44,459,213,290,503
112686,3,1,2,9,10,586,855,19,1441,595,865,1460
112826,3,1,2,21,26,345,469,47,814,366,495,861
113096,3,1,2,56,90,162,236,146,398,218,326,544
113111,3,1,2,24,30,163,281,54,444,187,311,498
113193,3,1,2,25,64,1271,1187,89,2458,1296,1251,2547
113236,3,1,2,93,130,494,572,223,1066,587,702,1289
113333,3,1,2,192,185,430,533,377,963,622,718,1340
113573,3,1,2,71,122,503,683,193,1186,574,805,1379
113634,3,1,2,92,104,380,513,196,893,472,617,1089
113698,3,1,2,3,17,0,0,20,0,3,17,20
113856,3,1,2,97,119,1174,1686,216,2860,1271,1805,3076
113980,3,1,2,130,159,1078,1072,289,2150,1208,1231,2439
114266,3,1,2,45,36,307,315,81,622,352,351,703
114354,3,1,2,2,10,0,0,12,0,2,10,12
114433,3,1,2,5,6,29,30,11,59,34,36,70
114716,3,1,2,71,60,820,814,131,1634,891,874,1765
114761,3,1,2,1,4,0,0,5,0,1,4,5
114789,3,1,2,133,146,1061,1408,279,2469,1194,1554,2748
114813,3,1,2,4,16,0,1,20,1,4,17,21
114859,3,1,2,105,124,379,608,229,987,484,732,1216
114938,3,1,2,20,17,182,225,37,407,202,242,444
115001,3,1,2,103,96,407,542,199,949,510,638,1148
115126,3,1,2,42,62,375,469,104,844,417,531,948
115393,3,1,2,74,93,342,533,167,875,416,626,1042
115755,3,1,2,25,60,0,1,85,1,25,61,86
115861,3,1,2,51,73,161,333,124,494,212,406,618
116439,3,1,2,103,96,725,783,199,1508,828,879,1707
116846,3,1,2,0,0,13,10,0,23,13,10,23
117052,3,1,2,54,52,719,869,106,1588,773,921,1694
117104,3,1,2,2,3,0,0,5,0,2,3,5
117195,3,1,2,4,6,56,61,10,117,60,67,127
117247,3,1,2,15,22,596,702,37,1298,611,724,1335
117274,3,1,2,1,3,61,65,4,126,62,68,130
117645,3,1,2,118,181,317,408,299,725,435,589,1024
117690,3,1,2,29,33,438,652,62,1090,467,685,1152
117706,3,1,2,106,135,607,917,241,1524,713,1052,1765
117715,3,1,2,4,18,345,533,22,878,349,551,900
117724,3,1,2,58,20,587,663,78,1250,645,683,1328
117733,3,1,2,65,93,1056,1253,158,2309,1121,1346,2467
117788,3,1,2,37,50,770,1144,87,1914,807,1194,2001
117867,3,1,2,32,41,632,981,73,1613,664,1022,1686
117894,3,1,2,52,64,247,398,116,645,299,462,761
117946,3,1,2,55,87,0,0,142,0,55,87,142
118347,3,1,2,12,21,148,204,33,352,160,225,385
118684,3,1,2,10,17,455,588,27,1043,465,605,1070
118718,3,1,2,88,109,471,902,197,1373,559,1011,1570
118772,3,1,2,12,7,433,547,19,980,445,554,999
118930,3,1,2,38,54,213,270,92,483,251,324,575
118976,3,1,2,116,159,395,605,275,1000,511,764,1275
119067,3,1,2,20,43,381,490,63,871,401,533,934
119137,3,1,2,83,100,463,641,183,1104,546,741,1287
119164,3,1,2,156,182,714,1066,338,1780,870,1248,2118
119216,3,1,2,83,127,422,796,210,1218,505,923,1428
119331,3,1,2,28,38,191,208,66,399,219,246,465
120166,3,1,2,1,0,0,0,1,0,1,0,1
120254,3,1,2,9,29,0,0,38,0,9,29,38
120290,3,1,2,77,74,746,706,151,1452,823,780,1603
120342,3,1,2,116,121,135,187,237,322,251,308,559
120403,3,1,2,9,25,0,0,34,0,9,25,34
120421,3,1,2,38,45,190,283,83,473,228,328,556
120865,3,1,2,5,5,31,31,10,62,36,36,72
120883,3,1,2,60,62,0,0,122,0,60,62,122
120953,3,1,2,2,5,160,102,7,262,162,107,269
120971,3,1,2,82,123,657,853,205,1510,739,976,1715
121044,3,1,2,142,158,708,802,300,1510,850,960,1810
121150,3,1,2,27,42,1,0,69,1,28,42,70
121309,3,1,2,15,31,0,0,46,0,15,31,46
121363,3,1,2,26,41,362,628,67,990,388,669,1057
121619,3,1,2,74,87,1119,1424,161,2543,1193,1511,2704
121707,3,1,2,11,21,277,346,32,623,288,367,655
121886,3,1,2,72,84,451,633,156,1084,523,717,1240
121901,3,1,2,98,161,455,825,259,1280,553,986,1539
122180,3,1,2,53,87,398,628,140,1026,451,715,1166
122205,3,1,2,63,86,583,724,149,1307,646,810,1456
122339,3,1,2,28,38,517,765,66,1282,545,803,1348
122375,3,1,2,44,58,863,1103,102,1966,907,1161,2068
122384,3,1,2,27,36,693,863,63,1556,720,899,1619
122409,3,1,2,135,340,2,3,475,5,137,343,480
122436,3,1,2,35,79,18,18,114,36,53,97,150
122597,3,1,2,133,190,238,329,323,567,371,519,890
122612,3,1,2,62,159,0,0,221,0,62,159,221
122658,3,1,2,220,303,978,1538,523,2516,1198,1841,3039
122728,3,1,2,6,20,11,11,26,22,17,31,48
122746,3,1,2,19,37,350,446,56,796,369,483,852
122755,3,1,2,196,227,9,10,423,19,205,237,442
122791,3,1,2,28,45,385,499,73,884,413,544,957
122889,3,1,2,56,91,599,631,147,1230,655,722,1377
122931,3,1,2,4,7,1,1,11,2,5,8,13
122977,3,1,2,156,182,355,462,338,817,511,644,1155
123013,3,1,2,53,94,559,769,147,1328,612,863,1475
123165,3,1,2,0,12,1,0,12,1,1,12,13
123217,3,1,2,108,151,676,1249,259,1925,784,1400,2184
123341,3,1,2,99,166,1149,1456,265,2605,1248,1622,2870
123457,3,1,2,5,11,1,0,16,1,6,11,17
123484,3,1,2,2,8,65,131,10,196,67,139,206
123509,3,1,2,43,46,913,965,89,1878,956,1011,1967
123563,3,1,2,47,63,343,476,110,819,390,539,929
123572,3,1,2,25,46,7,8,71,15,32,54,86
123800,3,1,2,89,150,414,637,239,1051,503,787,1290
123952,3,1,2,0,1,0,0,1,0,0,1,1
123961,3,1,2,129,245,9,6,374,15,138,251,389
124113,3,1,2,9,19,173,354,28,527,182,373,555
125028,3,1,2,41,91,294,483,132,777,335,574,909
125462,3,1,2,14,15,403,620,29,1023,417,635,1052
125471,3,1,2,22,23,457,721,45,1178,479,744,1223
125499,3,1,2,28,34,349,366,62,715,377,400,777
125897,3,1,2,7,10,0,0,17,0,7,10,17
126119,3,1,2,25,32,396,596,57,992,421,628,1049
126182,3,1,2,6,17,74,147,23,221,80,164,244
126207,3,1,2,87,114,1211,1245,201,2456,1298,1359,2657
126289,3,1,2,140,328,2897,3143,468,6040,3037,3471,6508
126562,3,1,2,35,76,1147,1620,111,2767,1182,1696,2878
126580,3,1,2,23,52,147,190,75,337,170,242,412
126614,3,1,2,130,214,18,16,344,34,148,230,378
126711,3,1,2,71,80,791,959,151,1750,862,1039,1901
126748,3,1,2,10,33,227,278,43,505,237,311,548
126775,3,1,2,48,35,6,1,83,7,54,36,90
126818,3,1,2,50,144,85,87,194,172,135,231,366
126827,3,1,2,0,0,0,2,0,2,0,2,2
126863,3,1,2,113,146,1953,2610,259,4563,2066,2756,4822
126915,3,1,2,0,0,24,49,0,73,24,49,73
126942,3,1,2,21,40,803,1110,61,1913,824,1150,1974
126951,3,1,2,5,0,0,0,5,0,5,0,5
127185,3,1,2,5,21,40,54,26,94,45,75,120
127200,3,1,2,148,200,3281,3738,348,7019,3429,3938,7367
127389,3,1,2,9,25,87,100,34,187,96,125,221
127556,3,1,2,35,61,417,420,96,837,452,481,933
127565,3,1,2,36,60,172,273,96,445,208,333,541
127617,3,1,2,21,43,228,363,64,591,249,406,655
127653,3,1,2,0,1,0,0,1,0,0,1,1
127732,3,1,2,9,13,97,153,22,250,106,166,272
127741,3,1,2,12,33,190,320,45,510,202,353,555
127778,3,1,2,7,18,117,122,25,239,124,140,264
127820,3,1,2,114,203,725,1026,317,1751,839,1229,2068
127884,3,1,2,102,126,996,1270,228,2266,1098,1396,2494
127909,3,1,2,61,52,646,970,113,1616,707,1022,1729
127918,3,1,2,0,3,0,0,3,0,0,3,3
128106,3,1,2,32,57,524,763,89,1287,556,820,1376
128258,3,1,2,9,18,150,193,27,343,159,211,370
128498,3,1,2,6,12,0,0,18,0,6,12,18
128577,3,1,2,23,15,80,72,38,152,103,87,190
128744,3,1,2,16,15,5,2,31,7,21,17,38
128771,3,1,2,89,100,14,35,189,49,103,135,238
128780,3,1,2,0,1,1,1,1,2,1,2,3
128902,3,1,2,11,27,6,12,38,18,17,39,56
129020,3,1,2,232,389,3,4,621,7,235,393,628
129154,3,1,2,6,2,78,86,8,164,84,88,172
129181,3,1,2,2,0,0,0,2,0,2,0,2
129215,3,1,2,28,88,124,226,116,350,152,314,466
129242,3,1,2,21,43,17,2,64,19,38,45,83
129349,3,1,2,0,5,0,0,5,0,0,5,5
129367,3,1,2,16,19,14,45,35,59,30,64,94
129525,3,1,2,76,118,21,25,194,46,97,143,240
129543,3,1,2,36,45,94,79,81,173,130,124,254
129695,3,1,2,45,55,68,95,100,163,113,150,263
129729,3,1,2,59,62,51,75,121,126,110,137,247
129756,3,1,2,23,27,15,24,50,39,38,51,89
129774,3,1,2,5,5,3,8,10,11,8,13,21
129808,3,1,2,37,53,29,61,90,90,66,114,180
129941,3,1,2,82,111,10,20,193,30,92,131,223
130004,3,1,2,54,52,111,118,106,229,165,170,335
130040,3,1,2,6,18,33,57,24,90,39,75,114
130183,3,1,2,13,9,117,162,22,279,130,171,301
130217,3,1,2,20,24,31,57,44,88,51,81,132
130226,3,1,2,1,5,11,17,6,28,12,22,34
130253,3,1,2,2,9,0,8,11,8,2,17,19
130314,3,1,2,6,25,0,1,31,1,6,26,32
130396,3,1,2,32,64,59,90,96,149,91,154,245
130590,3,1,2,6,25,3,4,31,7,9,29,38
130606,3,1,2,35,51,16,38,86,54,51,89,140
130624,3,1,2,6,6,0,0,12,0,6,6,12
130697,3,1,2,19,33,3,15,52,18,22,48,70
130776,3,1,2,42,55,20,28,97,48,62,83,145
130794,3,1,2,35,55,0,0,90,0,35,55,90
130934,3,1,2,20,68,150,222,88,372,170,290,460
130943,3,1,2,82,220,55,128,302,183,137,348,485
130989,3,1,2,0,0,0,1,0,1,0,1,1
131113,3,1,2,3,5,341,429,8,770,344,434,778
131399,3,1,2,4,6,21,59,10,80,25,65,90
131469,3,1,2,7,28,32,145,35,177,39,173,212
131496,3,1,2,34,72,294,9,106,303,328,81,409
131520,3,1,2,176,577,171,324,753,495,347,901,1248
132471,3,1,2,4,22,199,287,26,486,203,309,512
132693,3,1,2,132,239,922,1438,371,2360,1054,1677,2731
132709,3,1,2,317,666,1045,1708,983,2753,1362,2374,3736
132851,3,1,2,96,185,264,390,281,654,360,575,935
132879,3,1,2,1,0,0,0,1,0,1,0,1
132903,3,1,2,93,149,30,26,242,56,123,175,298
133021,3,1,2,23,27,188,307,50,495,211,334,545
133386,3,1,2,147,269,616,1002,416,1618,763,1271,2034
133492,3,1,2,5,11,0,0,16,0,5,11,16
133508,3,1,2,419,842,551,1172,1261,1723,970,2014,2984
133553,3,1,2,57,28,1469,657,85,2126,1526,685,2211
133650,3,1,2,3,26,39,97,29,136,42,123,165
133702,3,1,2,141,294,870,1322,435,2192,1011,1616,2627
133711,3,1,2,7,37,0,0,44,0,7,37,44
133809,3,1,2,1,5,24,33,6,57,25,38,63
133872,3,1,2,1,3,30,55,4,85,31,58,89
133881,3,1,2,40,15,32,32,55,64,72,47,119
133960,3,1,2,1,3,1,1,4,2,2,4,6
134097,3,1,2,45,81,23,23,126,46,68,104,172
134130,3,1,2,36,53,7,7,89,14,43,60,103
134343,3,1,2,13,17,301,510,30,811,314,527,841
134495,3,1,2,44,105,27,45,149,72,71,150,221
134608,3,1,2,207,325,884,1342,532,2226,1091,1667,2758
135160,3,1,2,24,61,185,286,85,471,209,347,556
135188,3,1,2,94,176,342,503,270,845,436,679,1115
135391,3,1,2,156,290,149,285,446,434,305,575,880
135407,3,1,2,21,7,1,0,28,1,22,7,29
135610,3,1,2,0,0,0,1,0,1,0,1,1
135717,3,1,2,272,471,1583,2688,743,4271,1855,3159,5014
135726,3,1,2,48,70,15,30,118,45,63,100,163
136109,3,1,2,0,2,0,1,2,1,0,3,3
136145,3,1,2,23,60,87,134,83,221,110,194,304
136172,3,1,2,911,1420,66,86,2331,152,977,1506,2483
136233,3,1,2,173,318,346,521,491,867,519,839,1358
136330,3,1,2,7,23,236,302,30,538,243,325,568
136358,3,1,2,146,298,813,1352,444,2165,959,1650,2609
136400,3,1,2,175,373,607,1098,548,1705,782,1471,2253
136473,3,1,2,112,183,466,670,295,1136,578,853,1431
136516,3,1,2,221,435,338,614,656,952,559,1049,1608
136659,3,1,2,3,0,73,24,3,97,76,24,100
136950,3,1,2,6,20,0,0,26,0,6,20,26
137078,3,1,2,378,562,872,1277,940,2149,1250,1839,3089
137096,3,1,2,115,173,254,411,288,665,369,584,953
137209,3,1,2,149,87,660,845,236,1505,809,932,1741
137281,3,1,2,83,153,785,1332,236,2117,868,1485,2353
137351,3,1,2,78,104,183,232,182,415,261,336,597
137546,3,1,2,8,28,0,0,36,0,8,28,36
137564,3,1,2,48,73,1267,1966,121,3233,1315,2039,3354
137759,3,1,2,44,100,219,361,144,580,263,461,724
138187,3,1,2,625,1014,1100,1892,1639,2992,1725,2906,4631
138275,3,1,2,0,1,7,6,1,13,7,7,14
138309,3,1,2,1,1,0,2,2,2,1,3,4
138354,3,1,2,9,22,1,0,31,1,10,22,32
138558,3,1,2,5,12,129,279,17,408,134,291,425
138600,3,1,2,0,5,0,0,5,0,0,5,5
138682,3,1,2,5,15,88,206,20,294,93,221,314
138716,3,1,2,17,46,38,80,63,118,55,126,181
138761,3,1,2,0,2,0,1,2,1,0,3,3
138840,3,1,2,5,1,59,123,6,182,64,124,188
138947,3,1,2,15,86,0,8,101,8,15,94,109
138956,3,1,2,13,19,118,212,32,330,131,231,362
139144,3,1,2,5,17,1,6,22,7,6,23,29
139199,3,1,2,2,8,35,111,10,146,37,119,156
139205,3,1,2,3,2,82,113,5,195,85,115,200
139250,3,1,2,4,15,88,155,19,243,92,170,262
139278,3,1,2,89,144,387,648,233,1035,476,792,1268
139311,3,1,2,33,71,199,358,104,557,232,429,661
139357,3,1,2,11,6,99,195,17,294,110,201,311
139366,3,1,2,20,39,78,121,59,199,98,160,258
139384,3,1,2,66,41,628,990,107,1618,694,1031,1725
139393,3,1,2,2,4,13,18,6,31,15,22,37
139463,3,1,2,16,30,74,83,46,157,90,113,203
139621,3,1,2,2,10,103,201,12,304,105,211,316
139658,3,1,2,32,38,1,1,70,2,33,39,72
139700,3,1,2,11,22,88,166,33,254,99,188,287
139719,3,1,2,3,13,2,7,16,9,5,20,25
139755,3,1,2,100,91,502,236,191,738,602,327,929
139764,3,1,2,5,7,62,133,12,195,67,140,207
139861,3,1,2,2,8,22,28,10,50,24,36,60
139931,3,1,2,32,93,245,431,125,676,277,524,801
139940,3,1,2,107,192,69,130,299,199,176,322,498
139959,3,1,2,30,68,24,38,98,62,54,106,160
139986,3,1,2,23,47,298,662,70,960,321,709,1030
140012,3,1,2,41,64,461,770,105,1231,502,834,1336
140234,3,1,2,4,1,2,4,5,6,6,5,11
140243,3,1,2,17,31,424,803,48,1227,441,834,1275
140252,3,1,2,1,4,0,0,5,0,1,4,5
140331,3,1,2,83,90,434,671,173,1105,517,761,1278
140447,3,1,2,7,14,10,2,21,12,17,16,33
140678,3,1,2,1,10,137,266,11,403,138,276,414
140696,3,1,2,3,13,12,27,16,39,15,40,55
140720,3,1,2,2,8,2,9,10,11,4,17,21
140818,3,1,2,0,4,1,3,4,4,1,7,8
140942,3,1,2,46,56,118,152,102,270,164,208,372
140951,3,1,2,22,114,29,116,136,145,51,230,281
140960,3,1,2,4,13,18,52,17,70,22,65,87
140988,3,1,2,3,10,71,104,13,175,74,114,188
141006,3,1,2,5,5,97,180,10,277,102,185,287
141060,3,1,2,0,45,0,0,45,0,0,45,45
141255,3,1,2,16,20,471,747,36,1218,487,767,1254
141264,3,1,2,6,23,75,125,29,200,81,148,229
141334,3,1,2,22,41,159,395,63,554,181,436,617
141565,3,1,2,15,50,56,107,65,163,71,157,228
141574,3,1,2,164,329,27,26,493,53,191,355,546
141644,3,1,2,41,83,411,596,124,1007,452,679,1131
141680,3,1,2,28,18,118,213,46,331,146,231,377
141796,3,1,2,25,45,91,201,70,292,116,246,362
141802,3,1,2,9,13,142,216,22,358,151,229,380
141811,3,1,2,44,57,290,688,101,978,334,745,1079
141839,3,1,2,18,30,201,355,48,556,219,385,604
141981,3,1,2,15,31,88,242,46,330,103,273,376
141990,3,1,2,16,34,211,268,50,479,227,302,529
142115,3,1,2,76,172,2435,3213,248,5648,2511,3385,5896
142179,3,1,2,18,25,419,509,43,928,437,534,971
142276,3,1,2,29,44,1119,1668,73,2787,1148,1712,2860
142285,3,1,2,28,36,620,793,64,1413,648,829,1477
142407,3,1,2,0,1,0,0,1,0,0,1,1
142443,3,1,2,91,141,431,596,232,1027,522,737,1259
142461,3,1,2,3,5,1,1,8,2,4,6,10
142522,3,1,2,61,131,263,345,192,608,324,476,800
142559,3,1,2,52,106,1710,2519,158,4229,1762,2625,4387
142887,3,1,2,1,1,0,0,2,0,1,1,2
143118,3,1,2,4,13,0,0,17,0,4,13,17
143215,3,1,2,76,130,390,469,206,859,466,599,1065
143279,3,1,2,3,9,390,624,12,1014,393,633,1026
143288,3,1,2,2,0,0,0,2,0,2,0,2
143358,3,1,2,5,11,1,0,16,1,6,11,17
143613,3,1,2,10,25,175,278,35,453,185,303,488
144050,3,1,2,47,46,9,10,93,19,56,56,112
144157,3,1,2,10,13,174,240,23,414,184,253,437
144166,3,1,2,10,9,167,296,19,463,177,305,482
144175,3,1,2,1,3,166,255,4,421,167,258,425
144184,3,1,2,9,7,63,109,16,172,72,116,188
144193,3,1,2,57,62,294,375,119,669,351,437,788
144209,3,1,2,7,12,359,548,19,907,366,560,926
144218,3,1,2,13,7,272,375,20,647,285,382,667
144351,3,1,2,3,1,9,26,4,35,12,27,39
144564,3,1,2,19,35,239,287,54,526,258,322,580
144740,3,1,2,20,50,0,1,70,1,20,51,71
144865,3,1,2,19,182,1543,1672,201,3215,1562,1854,3416
144892,3,1,2,10,17,1010,1263,27,2273,1020,1280,2300
144944,3,1,2,77,146,253,485,223,738,330,631,961
144962,3,1,2,0,0,44,51,0,95,44,51,95
144971,3,1,2,1,2,0,0,3,0,1,2,3
145336,3,1,2,0,3,0,0,3,0,0,3,3
145372,3,1,2,5,6,1,0,11,1,6,6,12
145521,3,1,2,13,29,123,152,42,275,136,181,317
145600,3,1,2,107,136,4,15,243,19,111,151,262
145619,3,1,2,1,4,0,0,5,0,1,4,5
145637,3,1,2,262,235,46,41,497,87,308,276,584
145682,3,1,2,37,45,600,973,82,1573,637,1018,1655
145691,3,1,2,0,1,1,0,1,1,1,1,2
145707,3,1,2,12,16,83,109,28,192,95,125,220
145813,3,1,2,11,39,4,7,50,11,15,46,61
145831,3,1,2,9,28,144,326,37,470,153,354,507
146205,3,1,2,15,42,305,520,57,825,320,562,882
146278,3,1,2,1,10,111,151,11,262,112,161,273
146296,3,1,2,10,12,406,457,22,863,416,469,885
146339,3,1,2,5,6,2,5,11,7,7,11,18
146348,3,1,2,28,56,81,96,84,177,109,152,261
146366,3,1,2,4,8,631,750,12,1381,635,758,1393
146418,3,1,2,6,22,218,327,28,545,224,349,573
146427,3,1,2,3,10,0,1,13,1,3,11,14
146472,3,1,2,11,19,107,126,30,233,118,145,263
146481,3,1,2,2,6,0,0,8,0,2,6,8
146506,3,1,2,10,12,383,499,22,882,393,511,904
146603,3,1,2,4,7,613,677,11,1290,617,684,1301
146612,3,1,2,8,12,139,81,20,220,147,93,240
146685,3,1,2,0,7,89,215,7,304,89,222,311
146719,3,1,2,30,101,2,5,131,7,32,106,138
147004,3,1,2,26,53,1493,1879,79,3372,1519,1932,3451
147013,3,1,2,5,9,2,1,14,3,7,10,17
147244,3,1,2,7,2,16,17,9,33,23,19,42
147369,3,1,2,3,9,7,4,12,11,10,13,23
147378,3,1,2,37,43,1303,905,80,2208,1340,948,2288
147411,3,1,2,3,2,355,340,5,695,358,342,700
147536,3,1,2,3,4,2,2,7,4,5,6,11
147660,3,1,2,1,3,30,28,4,58,31,31,62
147679,3,1,2,4,4,0,0,8,0,4,4,8
147776,3,1,2,4,9,34,67,13,101,38,76,114
147800,3,1,2,22,14,201,287,36,488,223,301,524
147828,3,1,2,18,23,7,20,41,27,25,43,68
147916,3,1,2,13,14,367,476,27,843,380,490,870
148007,3,1,2,15,17,55,104,32,159,70,121,191
148131,3,1,2,2,2,38,45,4,83,40,47,87
148256,3,1,2,17,34,241,286,51,527,258,320,578
148292,3,1,2,8,17,190,329,25,519,198,346,544
148380,3,1,2,87,184,161,162,271,323,248,346,594
148487,3,1,2,1,1,6,9,2,15,7,10,17
148627,3,1,2,3,3,2,0,6,2,5,3,8
148654,3,1,2,6,7,0,0,13,0,6,7,13
148672,3,1,2,6,13,85,114,19,199,91,127,218
148821,3,1,2,8,34,103,163,42,266,111,197,308
148937,3,1,2,5,9,203,268,14,471,208,277,485
148991,3,1,2,3,11,125,169,14,294,128,180,308
149222,3,1,2,5,23,4,3,28,7,9,26,35
149231,3,1,2,13,21,1,1,34,2,14,22,36
149310,3,1,2,0,1,0,0,1,0,0,1,1
149365,3,1,2,1,4,832,758,5,1590,833,762,1595
149532,3,1,2,8,15,413,441,23,854,421,456,877
149727,3,1,2,15,13,453,594,28,1047,468,607,1075
149772,3,1,2,14,25,42,67,39,109,56,92,148
149781,3,1,2,8,18,0,1,26,1,8,19,27
149842,3,1,2,17,19,859,1027,36,1886,876,1046,1922
150136,3,1,2,38,86,350,502,124,852,388,588,976
150163,3,1,2,3,5,11,57,8,68,14,62,76
150172,3,1,2,11,9,2,0,20,2,13,9,22
150534,3,1,2,3,8,90,106,11,196,93,114,207
150604,3,1,2,0,1,3,5,1,8,3,6,9
150668,3,1,2,0,1,0,2,1,2,0,3,3
150677,3,1,2,8,12,73,95,20,168,81,107,188
150941,3,1,2,3,8,66,78,11,144,69,86,155
150987,3,1,2,673,971,14534,15753,1644,30287,15207,16724,31931
151111,3,1,2,72,115,43,73,187,116,115,188,303
151263,3,1,2,12,19,39,68,31,107,51,87,138
151290,3,1,2,9,14,57,73,23,130,66,87,153
151306,3,1,2,8,28,502,884,36,1386,510,912,1422
151324,3,1,2,25,28,1,0,53,1,26,28,54
151333,3,1,2,3,8,69,121,11,190,72,129,201
151342,3,1,2,8,23,9,23,31,32,17,46,63
151351,3,1,2,281,319,16,6,600,22,297,325,622
151360,3,1,2,1,9,10,36,10,46,11,45,56
151379,3,1,2,4,19,2,3,23,5,6,22,28
151388,3,1,2,3,10,11,41,13,52,14,51,65
151661,3,1,2,1,0,0,0,1,0,1,0,1
151777,3,1,2,3,1,2,11,4,13,5,12,17
151962,3,1,2,0,1,0,0,1,0,0,1,1
152080,3,1,2,28,41,0,0,69,0,28,41,69
152318,3,1,2,19,8,3,1,27,4,22,9,31
152336,3,1,2,2,5,0,0,7,0,2,5,7
152390,3,1,2,0,12,0,1,12,1,0,13,13
152567,3,1,2,30,28,508,896,58,1404,538,924,1462
152600,3,1,2,10,18,0,0,28,0,10,18,28
152637,3,1,2,448,624,4966,5407,1072,10373,5414,6031,11445
152673,3,1,2,5,0,0,0,5,0,5,0,5
152992,3,1,2,3,2,32,38,5,70,35,40,75
153001,3,1,2,0,4,2,13,4,15,2,17,19
153083,3,1,2,0,2,0,0,2,0,0,2,2
153108,3,1,2,2,3,3,16,5,19,5,19,24
153126,3,1,2,1,0,17,30,1,47,18,30,48
153144,3,1,2,0,6,2,1,6,3,2,7,9
153162,3,1,2,0,3,0,0,3,0,0,3,3
153214,3,1,2,95,234,3946,5053,329,8999,4041,5287,9328
153250,3,1,2,0,0,4,12,0,16,4,12,16
153269,3,1,2,6,20,14,1,26,15,20,21,41
153302,3,1,2,2,1,3,2,3,5,5,3,8
153311,3,1,2,86,161,1464,1627,247,3091,1550,1788,3338
153366,3,1,2,8,2,14,10,10,24,22,12,34
153384,3,1,2,8,19,0,0,27,0,8,19,27
153445,3,1,2,29,70,806,1125,99,1931,835,1195,2030
153472,3,1,2,89,166,631,611,255,1242,720,777,1497
153524,3,1,2,61,108,661,854,169,1515,722,962,1684
153533,3,1,2,18,21,301,498,39,799,319,519,838
153621,3,1,2,2,0,10,16,2,26,12,16,28
153630,3,1,2,138,142,719,923,280,1642,857,1065,1922
153658,3,1,2,56,77,42,50,133,92,98,127,225
153737,3,1,2,52,146,1959,2091,198,4050,2011,2237,4248
153825,3,1,2,3,1,0,0,4,0,3,1,4
153834,3,1,2,6,3,0,0,9,0,6,3,9
154004,3,1,2,1,0,1,1,1,2,2,1,3
154013,3,1,2,1,1,23,30,2,53,24,31,55
154110,3,1,2,1,9,370,436,10,806,371,445,816
154174,3,1,2,0,1,0,0,1,0,0,1,1
154235,3,1,2,0,7,0,0,7,0,0,7,7
154350,3,1,2,0,0,1,4,0,5,1,4,5
154396,3,1,2,7,27,240,316,34,556,247,343,590
154493,3,1,2,2,0,18,4,2,22,20,4,24
154527,3,1,2,2,1,5,5,3,10,7,6,13
154572,3,1,2,63,133,866,1156,196,2022,929,1289,2218
154697,3,1,2,8,9,136,226,17,362,144,235,379
154712,3,1,2,10,11,39,57,21,96,49,68,117
154749,3,1,2,2,0,0,1,2,1,2,1,3
154800,3,1,2,82,156,360,572,238,932,442,728,1170
154907,3,1,2,7,19,291,409,26,700,298,428,726
154925,3,1,2,69,11,135,80,80,215,204,91,295
154934,3,1,2,5,11,90,200,16,290,95,211,306
154952,3,1,2,67,33,156,239,100,395,223,272,495
154998,3,1,2,17,14,96,150,31,246,113,164,277
155025,3,1,2,0,13,19,19,13,38,19,32,51
155052,3,1,2,5,32,631,456,37,1087,636,488,1124
155089,3,1,2,12,20,73,134,32,207,85,154,239
155098,3,1,2,32,26,241,344,58,585,273,370,643
155104,3,1,2,14,7,140,186,21,326,154,193,347
155140,3,1,2,2,3,0,0,5,0,2,3,5
155177,3,1,2,3,2,0,1,5,1,3,3,6
155195,3,1,2,27,29,577,662,56,1239,604,691,1295
155210,3,1,2,163,196,1575,2280,359,3855,1738,2476,4214
155292,3,1,2,43,82,423,487,125,910,466,569,1035
155317,3,1,2,28,38,130,174,66,304,158,212,370
155399,3,1,2,12,24,50,43,36,93,62,67,129
155414,3,1,2,0,5,1,0,5,1,1,5,6
155423,3,1,2,313,134,55,68,447,123,368,202,570
155487,3,1,2,15,7,304,215,22,519,319,222,541
155511,3,1,2,1,5,0,1,6,1,1,6,7
155566,3,1,2,17,25,355,358,42,713,372,383,755
155618,3,1,2,52,9,78,60,61,138,130,69,199
155715,3,1,2,9,7,132,123,16,255,141,130,271
155812,3,1,2,1,3,40,59,4,99,41,62,103
155858,3,1,2,33,48,160,296,81,456,193,344,537
155973,3,1,2,8,4,10,43,12,53,18,47,65
156082,3,1,2,2,13,268,452,15,720,270,465,735
156107,3,1,2,144,74,1089,903,218,1992,1233,977,2210
156125,3,1,2,31,35,215,459,66,674,246,494,740
156189,3,1,2,1,0,11,15,1,26,12,15,27
156213,3,1,2,3,7,33,77,10,110,36,84,120
156231,3,1,2,13,20,219,368,33,587,232,388,620
156286,3,1,2,8,28,15,26,36,41,23,54,77
156295,3,1,2,10,19,6,2,29,8,16,21,37
156338,3,1,2,12,30,690,1022,42,1712,702,1052,1754
156356,3,1,2,1,0,0,0,1,0,1,0,1
156392,3,1,2,40,121,888,1248,161,2136,928,1369,2297
156408,3,1,2,8,11,0,0,19,0,8,11,19
156426,3,1,2,0,2,0,0,2,0,0,2,2
156541,3,1,2,5,18,126,188,23,314,131,206,337
156620,3,1,2,11,32,276,455,43,731,287,487,774
156648,3,1,2,116,228,509,744,344,1253,625,972,1597
156745,3,1,2,8,16,8,13,24,21,16,29,45
156790,3,1,2,17,30,313,435,47,748,330,465,795
156842,3,1,2,0,2,0,1,2,1,0,3,3
156851,3,1,2,11,23,172,373,34,545,183,396,579
156860,3,1,2,9,14,155,273,23,428,164,287,451
156921,3,1,2,72,119,1749,2312,191,4061,1821,2431,4252
157030,3,1,2,0,0,1,2,0,3,1,2,3
157058,3,1,2,1,6,105,117,7,222,106,123,229
157076,3,1,2,1,3,19,9,4,28,20,12,32
157085,3,1,2,25,77,120,234,102,354,145,311,456
157216,3,1,2,22,22,30,87,44,117,52,109,161
157289,3,1,2,29,63,486,1077,92,1563,515,1140,1655
157304,3,1,2,52,86,403,485,138,888,455,571,1026
157331,3,1,2,51,56,787,962,107,1749,838,1018,1856
157386,3,1,2,62,102,962,1681,164,2643,1024,1783,2807
157401,3,1,2,4,15,243,678,19,921,247,693,940
157438,3,1,2,49,105,611,789,154,1400,660,894,1554
157447,3,1,2,92,145,451,762,237,1213,543,907,1450
157483,3,1,2,4,6,482,717,10,1199,486,723,1209
157535,3,1,2,7,18,130,209,25,339,137,227,364
157553,3,1,2,13,29,216,308,42,524,229,337,566
157614,3,1,2,0,1,0,0,1,0,0,1,1
157678,3,1,2,0,1,0,0,1,0,0,1,1
157711,3,1,2,19,26,708,880,45,1588,727,906,1633
157739,3,1,2,29,78,356,400,107,756,385,478,863
157757,3,1,2,1,4,54,52,5,106,55,56,111
157951,3,1,2,93,116,617,1236,209,1853,710,1352,2062
158662,3,1,2,11,21,292,321,32,613,303,342,645
158802,3,1,2,4,13,0,2,17,2,4,15,19
158884,3,1,2,26,27,297,446,53,743,323,473,796
159197,3,1,2,1,0,0,0,1,0,1,0,1
159382,3,1,2,11,19,193,306,30,499,204,325,529
159391,3,1,2,162,309,1188,1729,471,2917,1350,2038,3388
159407,3,1,2,24,96,162,342,120,504,186,438,624
159647,3,1,2,154,238,778,1204,392,1982,932,1442,2374
159656,3,1,2,10,27,16,35,37,51,26,62,88
159717,3,1,2,68,110,244,377,178,621,312,487,799
159939,3,1,2,27,60,315,375,87,690,342,435,777
159966,3,1,2,28,37,148,309,65,457,176,346,522
159993,3,1,2,34,86,464,880,120,1344,498,966,1464
160010,3,1,2,35,9,54,50,44,104,89,59,148
160472,3,1,2,0,2,0,0,2,0,0,2,2
160579,3,1,2,11,16,119,116,27,235,130,132,262
160612,3,1,2,38,75,1048,1776,113,2824,1086,1851,2937
160621,3,1,2,2,17,136,315,19,451,138,332,470
160630,3,1,2,0,2,160,246,2,406,160,248,408
160649,3,1,2,24,42,186,324,66,510,210,366,576
160658,3,1,2,69,95,391,476,164,867,460,571,1031
160667,3,1,2,48,23,1010,1193,71,2203,1058,1216,2274
160755,3,1,2,17,42,23,18,59,41,40,60,100
160904,3,1,2,12,62,2,2,74,4,14,64,78
160977,3,1,2,5,14,0,0,19,0,5,14,19
161004,3,1,2,8,22,0,0,30,0,8,22,30
161077,3,1,2,14,10,457,530,24,987,471,540,1011
161086,3,1,2,0,2,0,0,2,0,0,2,2
161138,3,1,2,23,12,292,290,35,582,315,302,617
161192,3,1,2,11,10,224,435,21,659,235,445,680
161217,3,1,2,9,14,429,672,23,1101,438,686,1124
161226,3,1,2,2,4,71,206,6,277,73,210,283
161235,3,1,2,0,0,161,300,0,461,161,300,461
161253,3,1,2,23,34,292,475,57,767,315,509,824
161299,3,1,2,126,33,0,0,159,0,126,33,159
161341,3,1,2,10,24,213,305,34,518,223,329,552
161457,3,1,2,2,12,12,14,14,26,14,26,40
161484,3,1,2,3,2,109,86,5,195,112,88,200
161509,3,1,2,0,4,0,0,4,0,0,4,4
161545,3,1,2,6,23,421,591,29,1012,427,614,1041
161554,3,1,2,11,34,406,504,45,910,417,538,955
161572,3,1,2,2,2,0,0,4,0,2,2,4
161581,3,1,2,2,2,39,58,4,97,41,60,101
161688,3,1,2,21,20,277,471,41,748,298,491,789
161767,3,1,2,27,44,461,645,71,1106,488,689,1177
161864,3,1,2,6,9,115,159,15,274,121,168,289
161873,3,1,2,1,1,2,0,2,2,3,1,4
162104,3,1,2,21,26,155,254,47,409,176,280,456
162122,3,1,2,37,69,117,205,106,322,154,274,428
162168,3,1,2,3,13,142,292,16,434,145,305,450
162210,3,1,2,0,3,23,22,3,45,23,25,48
162283,3,1,2,5,16,15,23,21,38,20,39,59
162584,3,1,2,2,3,1,0,5,1,3,3,6
162654,3,1,2,6,11,0,0,17,0,6,11,17
162690,3,1,2,35,72,226,405,107,631,261,477,738
162706,3,1,2,14,17,200,381,31,581,214,398,612
162830,3,1,2,0,2,0,0,2,0,0,2,2
163204,3,1,2,3,4,38,67,7,105,41,71,112
163268,3,1,2,105,113,2,1,218,3,107,114,221
163286,3,1,2,34,37,10,16,71,26,44,53,97
163295,3,1,2,1,6,0,0,7,0,1,6,7
163338,3,1,2,2,4,9,4,6,13,11,8,19
163453,3,1,2,544,1094,1,4,1638,5,545,1098,1643
163462,3,1,2,9,19,13,24,28,37,22,43,65
163578,3,1,2,0,8,0,0,8,0,0,8,8
163851,3,1,2,310,448,30,40,758,70,340,488,828
163912,3,1,2,1,9,4,7,10,11,5,16,21
164076,3,1,2,51,113,4,1,164,5,55,114,169
164155,3,1,2,26,24,0,0,50,0,26,24,50
164216,3,1,2,3,7,3,0,10,3,6,7,13
164270,3,1,2,8,19,3,2,27,5,11,21,32
164313,3,1,2,4,9,132,273,13,405,136,282,418
164465,3,1,2,15,13,0,0,28,0,15,13,28
164492,3,1,2,10,6,4,33,16,37,14,39,53
164632,3,1,2,0,6,3,24,6,27,3,30,33
164739,3,1,2,547,403,0,0,950,0,547,403,950
164775,3,1,2,6,11,67,150,17,217,73,161,234
164988,3,1,2,107,165,2,1,272,3,109,166,275
165015,3,1,2,22,36,0,0,58,0,22,36,58
165024,3,1,2,4,11,15,42,15,57,19,53,72
165033,3,1,2,24,27,201,303,51,504,225,330,555
165112,3,1,2,134,185,303,551,319,854,437,736,1173
165167,3,1,2,1,0,17,28,1,45,18,28,46
165194,3,1,2,7,9,27,43,16,70,34,52,86
165334,3,1,2,23,42,1,4,65,5,24,46,70
165662,3,1,2,7,29,0,0,36,0,7,29,36
165671,3,1,2,1,5,0,0,6,0,1,5,6
165820,3,1,2,4,8,49,79,12,128,53,87,140
165866,3,1,2,0,0,68,107,0,175,68,107,175
165936,3,1,2,7,15,5,6,22,11,12,21,33
165981,3,1,2,13,31,65,94,44,159,78,125,203
166018,3,1,2,9,22,0,0,31,0,9,22,31
166027,3,1,2,6,3,89,66,9,155,95,69,164
166133,3,1,2,6,16,107,187,22,294,113,203,316
166391,3,1,2,3,8,0,0,11,0,3,8,11
166513,3,1,2,31,27,53,90,58,143,84,117,201
166629,3,1,2,112,153,4,1,265,5,116,154,270
166647,3,1,2,6,2,29,53,8,82,35,55,90
166674,3,1,2,0,1,2,1,1,3,2,2,4
166683,3,1,2,53,80,0,0,133,0,53,80,133
166823,3,1,2,51,85,203,287,136,490,254,372,626
166850,3,1,2,16,29,39,77,45,116,55,106,161
166887,3,1,2,28,32,1114,1392,60,2506,1142,1424,2566
166939,3,1,2,0,28,1,2,28,3,1,30,31
166957,3,1,2,18,59,101,246,77,347,119,305,424
167288,3,1,2,3,8,20,45,11,65,23,53,76
167312,3,1,2,8,11,149,230,19,379,157,241,398
167358,3,1,2,60,119,0,1,179,1,60,120,180
167376,3,1,2,10,21,269,438,31,707,279,459,738
167394,3,1,2,3,3,9,40,6,49,12,43,55
167534,3,1,2,31,37,294,525,68,819,325,562,887
167598,3,1,2,2,4,0,0,6,0,2,4,6
167729,3,1,2,0,3,88,169,3,257,88,172,260
167783,3,1,2,0,10,0,0,10,0,0,10,10
167835,3,1,2,0,37,0,0,37,0,0,37,37
167905,3,1,2,1,4,37,79,5,116,38,83,121
167987,3,1,2,0,4,28,45,4,73,28,49,77
168005,3,1,2,13,38,7,10,51,17,20,48,68
168148,3,1,2,24,45,1,2,69,3,25,47,72
168227,3,1,2,20,4,89,37,24,126,109,41,150
168342,3,1,2,17,24,7,6,41,13,24,30,54
168421,3,1,2,65,40,1,1,105,2,66,41,107
168430,3,1,2,13,25,122,123,38,245,135,148,283
168528,3,1,2,11,5,19,31,16,50,30,36,66
168546,3,1,2,14,20,1,1,34,2,15,21,36
168591,3,1,2,6,21,5,0,27,5,11,21,32
168607,3,1,2,5,17,257,363,22,620,262,380,642
168740,3,1,2,7,10,4,4,17,8,11,14,25
168786,3,1,2,0,1,16,22,1,38,16,23,39
168847,3,1,2,2,8,131,247,10,378,133,255,388
168892,3,1,2,1,15,0,3,16,3,1,18,19
169248,3,1,2,2,10,16,24,12,40,18,34,52
169275,3,1,2,30,80,277,538,110,815,307,618,925
169442,3,1,2,2,7,41,71,9,112,43,78,121
169503,3,1,2,0,1,0,0,1,0,0,1,1
169521,3,1,2,8,20,289,563,28,852,297,583,880
169655,3,1,2,2,0,0,0,2,0,2,0,2
169716,3,1,2,22,33,155,90,55,245,177,123,300
169798,3,1,2,82,162,87,102,244,189,169,264,433
169910,3,1,2,5,5,151,331,10,482,156,336,492
169992,3,1,2,2,4,75,116,6,191,77,120,197
170000,3,1,2,2,7,56,80,9,136,58,87,145
170055,3,1,2,35,50,433,772,85,1205,468,822,1290
170082,3,1,2,110,296,34,95,406,129,144,391,535
170240,3,1,2,105,140,651,891,245,1542,756,1031,1787
170286,3,1,2,4,10,7,4,14,11,11,14,25
170550,3,1,2,20,28,227,483,48,710,247,511,758
170587,3,1,2,2,6,141,187,8,328,143,193,336
170639,3,1,2,4,9,57,98,13,155,61,107,168
170657,3,1,2,38,74,310,599,112,909,348,673,1021
170675,3,1,2,10,7,185,181,17,366,195,188,383
170790,3,1,2,161,179,406,782,340,1188,567,961,1528
170806,3,1,2,4,13,48,11,17,59,52,24,76
170976,3,1,2,340,538,12,16,878,28,352,554,906
171100,3,1,2,328,534,32,31,862,63,360,565,925
171137,3,1,2,82,104,35,55,186,90,117,159,276
171146,3,1,2,9,36,165,247,45,412,174,283,457
171155,3,1,2,82,125,421,810,207,1231,503,935,1438
171225,3,1,2,11,21,206,403,32,609,217,424,641
171304,3,1,2,1,6,125,311,7,436,126,317,443
171456,3,1,2,27,46,30,57,73,87,57,103,160
171483,3,1,2,13,20,121,207,33,328,134,227,361
171492,3,1,2,7,3,9,7,10,16,16,10,26
171571,3,1,2,99,153,12,15,252,27,111,168,279
172200,3,1,2,23,27,182,307,50,489,205,334,539
172291,3,1,2,17,26,254,529,43,783,271,555,826
172307,3,1,2,10,17,188,192,27,380,198,209,407
172334,3,1,2,1,1,23,36,2,59,24,37,61
172422,3,1,2,0,1,0,0,1,0,0,1,1
172617,3,1,2,148,189,371,456,337,827,519,645,1164
172644,3,1,2,171,284,24,52,455,76,195,336,531
172699,3,1,2,70,149,90,135,219,225,160,284,444
173045,3,1,2,12,15,0,0,27,0,12,15,27
173142,3,1,2,4,5,55,73,9,128,59,78,137
173160,3,1,2,85,115,86,151,200,237,171,266,437
173258,3,1,2,10,19,0,3,29,3,10,22,32
173300,3,1,2,3,3,7,8,6,15,10,11,21
173452,3,1,2,5,2,1,10,7,11,6,12,18
173647,3,1,2,6,9,0,0,15,0,6,9,15
173665,3,1,2,4,8,4,6,12,10,8,14,22
173902,3,1,2,8,15,0,0,23,0,8,15,23
174066,3,1,2,243,293,2663,3967,536,6630,2906,4260,7166
174075,3,1,2,13,24,263,410,37,673,276,434,710
174127,3,1,2,1,5,6,4,6,10,7,9,16
174233,3,1,2,51,87,326,472,138,798,377,559,936
174251,3,1,2,12,6,6,9,18,15,18,15,33
174491,3,1,2,159,313,338,677,472,1015,497,990,1487
174747,3,1,2,0,7,0,7,7,7,0,14,14
174792,3,1,2,10,0,15,0,10,15,25,0,25
174899,3,1,2,0,5,1,3,5,4,1,8,9
174914,3,1,2,16,23,0,0,39,0,16,23,39
175005,3,1,2,0,25,7,39,25,46,7,64,71
175014,3,1,2,0,1,0,1,1,1,0,2,2
175227,3,1,2,328,72,19,3,400,22,347,75,422
175421,3,1,2,2,4,16,16,6,32,18,20,38
175430,3,1,2,10,15,163,173,25,336,173,188,361
175573,3,1,2,21,83,214,388,104,602,235,471,706
175616,3,1,2,0,2,63,110,2,173,63,112,175
175652,3,1,2,24,30,197,241,54,438,221,271,492
175786,3,1,2,131,216,1108,1374,347,2482,1239,1590,2829
175810,3,1,2,9,11,200,403,20,603,209,414,623
175829,3,1,2,51,113,297,503,164,800,348,616,964
175856,3,1,2,1,4,0,0,5,0,1,4,5
175883,3,1,2,6,32,209,325,38,534,215,357,572
175935,3,1,2,14,6,124,180,20,304,138,186,324
175980,3,1,2,10,5,0,0,15,0,10,5,15
176008,3,1,2,7,21,75,174,28,249,82,195,277
176017,3,1,2,7,25,5,9,32,14,12,34,46
176035,3,1,2,0,4,118,150,4,268,118,154,272
176044,3,1,2,3,10,128,242,13,370,131,252,383
176053,3,1,2,0,4,107,120,4,227,107,124,231
176080,3,1,2,69,111,28,32,180,60,97,143,240
176178,3,1,2,1018,1481,773,1240,2499,2013,1791,2721,4512
176239,3,1,2,42,79,180,338,121,518,222,417,639
176318,3,1,2,1,0,5,13,1,18,6,13,19
176372,3,1,2,33,73,8,52,106,60,41,125,166
176433,3,1,2,0,3,0,0,3,0,0,3,3
176479,3,1,2,11,17,95,181,28,276,106,198,304
176628,3,1,2,3,1,10,20,4,30,13,21,34
176947,3,1,2,4,2,0,0,6,0,4,2,6
176965,3,1,2,8,13,381,763,21,1144,389,776,1165
176983,3,1,2,0,0,1,1,0,2,1,1,2
177135,3,1,2,29,37,411,745,66,1156,440,782,1222
177144,3,1,2,1,1,15,20,2,35,16,21,37
177214,3,1,2,1,3,0,0,4,0,1,3,4
177250,3,1,2,47,75,250,377,122,627,297,452,749
177418,3,1,2,0,2,0,0,2,0,0,2,2
177472,3,1,2,67,114,965,1278,181,2243,1032,1392,2424
177676,3,1,2,35,91,364,450,126,814,399,541,940
177685,3,1,2,1,0,0,0,1,0,1,0,1
177940,3,1,2,7,7,130,202,14,332,137,209,346
177977,3,1,2,1,1,35,54,2,89,36,55,91
177986,3,1,2,0,1,0,0,1,0,0,1,1
177995,3,1,2,156,213,555,872,369,1427,711,1085,1796
178059,3,1,2,4,5,2,10,9,12,6,15,21
178217,3,1,2,38,94,197,368,132,565,235,462,697
178341,3,1,2,7,20,243,440,27,683,250,460,710
178369,3,1,2,1,3,49,120,4,169,50,123,173
178387,3,1,2,8,18,321,678,26,999,329,696,1025
178396,3,1,2,17,51,14,8,68,22,31,59,90
178402,3,1,2,10,26,1287,1895,36,3182,1297,1921,3218
178411,3,1,2,21,10,8,16,31,24,29,26,55
178420,3,1,2,121,172,2346,3595,293,5941,2467,3767,6234
178448,3,1,2,83,166,505,883,249,1388,588,1049,1637
178615,3,1,2,3,10,205,276,13,481,208,286,494
178624,3,1,2,6,15,192,302,21,494,198,317,515
178679,3,1,2,2,1,0,0,3,0,2,1,3
178697,3,1,2,1,8,1,3,9,4,2,11,13
178721,3,1,2,11,9,1,1,20,2,12,10,22
178891,3,1,2,14,1,0,0,15,0,14,1,15
179043,3,1,2,5,7,224,432,12,656,229,439,668
179308,3,1,2,151,300,525,866,451,1391,676,1166,1842
179326,3,1,2,14,19,111,178,33,289,125,197,322
179344,3,1,2,12,28,233,460,40,693,245,488,733
179539,3,1,2,26,46,379,599,72,978,405,645,1050
179557,3,1,2,14,47,439,751,61,1190,453,798,1251
179566,3,1,2,31,58,1721,2596,89,4317,1752,2654,4406
179645,3,1,2,10,37,220,386,47,606,230,423,653
179715,3,1,2,5,14,161,359,19,520,166,373,539
179867,3,1,2,22,39,1,2,61,3,23,41,64
179894,3,1,2,3,5,2,2,8,4,5,7,12
179946,3,1,2,1,0,0,1,1,1,1,1,2
180081,3,1,2,2,2,133,151,4,284,135,153,288
180106,3,1,2,0,0,1,1,0,2,1,1,2
180151,3,1,2,1,2,28,45,3,73,29,47,76
180179,3,1,2,0,2,71,134,2,205,71,136,207
180197,3,1,2,12,16,360,359,28,719,372,375,747
180249,3,1,2,12,9,105,231,21,336,117,240,357
180258,3,1,2,1,2,0,0,3,0,1,2,3
180276,3,1,2,10,8,265,374,18,639,275,382,657
180416,3,1,2,3,3,0,0,6,0,3,3,6
180461,3,1,2,35,63,59,78,98,137,94,141,235
180522,3,1,2,1,1,64,89,2,153,65,90,155
180595,3,1,2,4,9,0,1,13,1,4,10,14
180647,3,1,2,0,0,7,9,0,16,7,9,16
180692,3,1,2,1,2,31,56,3,87,32,58,90
180814,3,1,2,2,1,1,0,3,1,3,1,4
180902,3,1,2,16,32,984,1150,48,2134,1000,1182,2182
180948,3,1,2,0,4,25,47,4,72,25,51,76
181002,3,1,2,21,47,0,0,68,0,21,47,68
181020,3,1,2,5,6,0,0,11,0,5,6,11
181127,3,1,2,3,4,0,0,7,0,3,4,7
181190,3,1,2,0,3,0,0,3,0,0,3,3
181215,3,1,2,17,24,15,24,41,39,32,48,80
181297,3,1,2,0,1,0,0,1,0,0,1,1
181303,3,1,2,427,520,2142,2285,947,4427,2569,2805,5374
181312,3,1,2,3,30,325,439,33,764,328,469,797
181330,3,1,2,5,13,39,87,18,126,44,100,144
181394,3,1,2,43,102,23,23,145,46,66,125,191
181446,3,1,2,3,15,0,1,18,1,3,16,19
181464,3,1,2,89,141,22,31,230,53,111,172,283
181491,3,1,2,17,37,545,890,54,1435,562,927,1489
181604,3,1,2,0,1,13,13,1,26,13,14,27
181640,3,1,2,44,49,1016,1389,93,2405,1060,1438,2498
181738,3,1,2,0,1,23,36,1,59,23,37,60
181783,3,1,2,5,2,259,413,7,672,264,415,679
181817,3,1,2,8,13,146,223,21,369,154,236,390
182005,3,1,2,273,487,1319,1779,760,3098,1592,2266,3858
182281,3,1,2,18,31,174,358,49,532,192,389,581
182290,3,1,2,87,158,398,452,245,850,485,610,1095
182306,3,1,2,27,41,353,591,68,944,380,632,1012
182500,3,1,2,60,115,680,925,175,1605,740,1040,1780
182564,3,1,2,132,263,357,341,395,698,489,604,1093
182670,3,1,2,26,28,0,0,54,0,26,28,54
182980,3,1,2,3,8,0,0,11,0,3,8,11
183026,3,1,2,45,101,835,1202,146,2037,880,1303,2183
183044,3,1,2,49,125,7,17,174,24,56,142,198
183062,3,1,2,6,17,1,0,23,1,7,17,24
183071,3,1,2,1,2,0,2,3,2,1,4,5
183080,3,1,2,3,14,0,1,17,1,3,15,18
183239,3,1,2,1,1,0,0,2,0,1,1,2
183257,3,1,2,0,1,0,1,1,1,0,2,2
183275,3,1,2,1,1,0,0,2,0,1,1,2
183655,3,1,2,16,23,48,59,39,107,64,82,146
183743,3,1,2,81,91,155,213,172,368,236,304,540
183789,3,1,2,0,1,23,24,1,47,23,25,48
183822,3,1,2,11,9,0,1,20,1,11,10,21
183859,3,1,2,68,84,688,967,152,1655,756,1051,1807
183910,3,1,2,4,7,0,1,11,1,4,8,12
183938,3,1,2,44,76,92,161,120,253,136,237,373
184180,3,1,2,30,47,104,101,77,205,134,148,282
184205,3,1,2,0,0,1,0,0,1,1,0,1
184427,3,1,2,1,0,0,0,1,0,1,0,1
184481,3,1,2,88,168,115,137,256,252,203,305,508
184603,3,1,2,6,3,1001,1387,9,2388,1007,1390,2397
184612,3,1,2,3,11,0,0,14,0,3,11,14
184694,3,1,2,2,1,6,4,3,10,8,5,13
184773,3,1,2,0,0,118,137,0,255,118,137,255
184782,3,1,2,78,119,82,142,197,224,160,261,421
184791,3,1,2,25,48,202,430,73,632,227,478,705
184995,3,1,2,22,27,102,177,49,279,124,204,328
185262,3,1,2,30,91,41,75,121,116,71,166,237
185396,3,1,2,1,0,0,0,1,0,1,0,1
185509,3,1,2,19,15,181,260,34,441,200,275,475
185536,3,1,2,39,44,552,677,83,1229,591,721,1312
185572,3,1,2,7,33,0,0,40,0,7,33,40
185590,3,1,2,10,17,85,169,27,254,95,186,281
185721,3,1,2,0,2,0,0,2,0,0,2,2
185828,3,1,2,15,13,228,164,28,392,243,177,420
185873,3,1,2,29,68,349,529,97,878,378,597,975
186016,3,1,2,0,0,0,1,0,1,0,1,1
186034,3,1,2,11,31,40,81,42,121,51,112,163
186131,3,1,2,2,8,23,15,10,38,25,23,48
186201,3,1,2,3,3,40,113,6,153,43,116,159
186283,3,1,2,3,4,1,1,7,2,4,5,9
186371,3,1,2,3,3,61,5,6,66,64,8,72
186380,3,1,2,43,30,12,9,73,21,55,39,94
186399,3,1,2,13,11,0,1,24,1,13,12,25
186432,3,1,2,9,14,43,46,23,89,52,60,112
186469,3,1,2,11,33,65,115,44,180,76,148,224
186584,3,1,2,23,47,2,0,70,2,25,47,72
186618,3,1,2,1,0,2,42,1,44,3,42,45
186645,3,1,2,23,41,306,442,64,748,329,483,812
186867,3,1,2,3,1,2,0,4,2,5,1,6
186876,3,1,2,0,7,0,2,7,2,0,9,9
187134,3,1,2,0,6,4,3,6,7,4,9,13
187198,3,1,2,19,21,50,64,40,114,69,85,154
187444,3,1,2,2,5,0,0,7,0,2,5,7
187532,3,1,2,57,80,1153,1499,137,2652,1210,1579,2789
187620,3,1,2,93,140,264,406,233,670,357,546,903
187639,3,1,2,36,43,233,305,79,538,269,348,617
187648,3,1,2,1,4,279,362,5,641,280,366,646
187897,3,1,2,0,1,21,38,1,59,21,39,60
187912,3,1,2,9,3,35,30,12,65,44,33,77
187958,3,1,2,57,95,209,257,152,466,266,352,618
187967,3,1,2,13,5,5,3,18,8,18,8,26
187976,3,1,2,3,0,47,40,3,87,50,40,90
187985,3,1,2,49,109,67,85,158,152,116,194,310
187994,3,1,2,2,5,45,75,7,120,47,80,127
188003,3,1,2,21,25,316,365,46,681,337,390,727
188021,3,1,2,3,7,51,90,10,141,54,97,151
188030,3,1,2,38,68,70,138,106,208,108,206,314
188049,3,1,2,2,8,315,360,10,675,317,368,685
188100,3,1,2,37,57,285,494,94,779,322,551,873
188137,3,1,2,21,34,261,337,55,598,282,371,653
188225,3,1,2,6,13,145,225,19,370,151,238,389
188261,3,1,2,13,3,147,171,16,318,160,174,334
188340,3,1,2,20,3,2,0,23,2,22,3,25
188429,3,1,2,76,166,7,7,242,14,83,173,256
188438,3,1,2,35,55,283,307,90,590,318,362,680
188517,3,1,2,4,4,0,12,8,12,4,16,20
188641,3,1,2,32,32,17,17,64,34,49,49,98
188854,3,1,2,4,11,0,0,15,0,4,11,15
189228,3,1,2,0,4,8,7,4,15,8,11,19
189547,3,1,2,106,140,833,981,246,1814,939,1121,2060
189565,3,1,2,4,5,0,0,9,0,4,5,9
189583,3,1,2,4,5,34,48,9,82,38,53,91
189592,3,1,2,0,4,0,0,4,0,0,4,4
189705,3,1,2,25,26,0,1,51,1,25,27,52
189839,3,1,2,53,80,829,1157,133,1986,882,1237,2119
190044,3,1,2,49,54,4,5,103,9,53,59,112
190053,3,1,2,26,31,220,280,57,500,246,311,557
190071,3,1,2,0,0,1,1,0,2,1,1,2
190099,3,1,2,20,52,1,5,72,6,21,57,78
190169,3,1,2,18,19,210,270,37,480,228,289,517
190372,3,1,2,15,18,0,0,33,0,15,18,33
190415,3,1,2,66,122,0,0,188,0,66,122,188
190442,3,1,2,192,279,840,1103,471,1943,1032,1382,2414
190503,3,1,2,30,40,0,0,70,0,30,40,70
190840,3,1,2,172,257,1250,1632,429,2882,1422,1889,3311
191083,3,1,2,115,111,495,675,226,1170,610,786,1396
191126,3,1,2,39,163,2,6,202,8,41,169,210
191199,3,1,2,79,104,896,1322,183,2218,975,1426,2401
191205,3,1,2,7,3,3,19,10,22,10,22,32
191241,3,1,2,192,381,1,2,573,3,193,383,576
191302,3,1,2,30,54,337,480,84,817,367,534,901
191339,3,1,2,71,174,814,1161,245,1975,885,1335,2220
191515,3,1,2,5,15,0,0,20,0,5,15,20
191533,3,1,2,9,30,0,1,39,1,9,31,40
191612,3,1,2,37,68,239,393,105,632,276,461,737
191649,3,1,2,79,158,2,1,237,3,81,159,240
191676,3,1,2,0,2,22,24,2,46,22,26,48
191719,3,1,2,196,176,992,1201,372,2193,1188,1377,2565
191940,3,1,2,0,1,0,0,1,0,0,1,1
191986,3,1,2,103,169,825,1003,272,1828,928,1172,2100
192022,3,1,2,30,61,252,405,91,657,282,466,748
192192,3,1,2,5,15,0,0,20,0,5,15,20
192271,3,1,2,4,22,0,0,26,0,4,22,26
192323,3,1,2,22,45,0,3,67,3,22,48,70
192448,3,1,2,131,204,2470,2957,335,5427,2601,3161,5762
192703,3,1,2,456,303,0,1,759,1,456,304,760
192712,3,1,2,3,7,0,0,10,0,3,7,10
192749,3,1,2,11,26,1,0,37,1,12,26,38
192785,3,1,2,0,0,1,0,0,1,1,0,1
192819,3,1,2,28,51,177,207,79,384,205,258,463
193016,3,1,2,79,160,273,446,239,719,352,606,958
193283,3,1,2,100,151,1076,1241,251,2317,1176,1392,2568
193292,3,1,2,22,55,0,0,77,0,22,55,77
193326,3,1,2,110,153,52,75,263,127,162,228,390
193399,3,1,2,17,42,0,0,59,0,17,42,59
193478,3,1,2,256,243,158,165,499,323,414,408,822
193584,3,1,2,13,38,0,0,51,0,13,38,51
193654,3,1,2,20,78,1,3,98,4,21,81,102
193858,3,1,2,0,1,0,0,1,0,0,1,1
193900,3,1,2,214,432,2,3,646,5,216,435,651
193946,3,1,2,87,127,386,545,214,931,473,672,1145
193973,3,1,2,17,59,0,0,76,0,17,59,76
194028,3,1,2,26,58,276,489,84,765,302,547,849
194091,3,1,2,20,21,79,67,41,146,99,88,187
194116,3,1,2,0,2,0,1,2,1,0,3,3
194222,3,1,2,118,111,1536,1536,229,3072,1654,1647,3301
194240,3,1,2,111,118,548,765,229,1313,659,883,1542
194310,3,1,2,34,111,55,29,145,84,89,140,229
194392,3,1,2,4,2,0,0,6,0,4,2,6
194578,3,1,2,18,34,2,14,52,16,20,48,68
194824,3,1,2,107,68,8,6,175,14,115,74,189
195003,3,1,2,150,112,494,184,262,678,644,296,940
195058,3,1,2,158,136,565,697,294,1262,723,833,1556
195067,3,1,2,0,2,0,0,2,0,0,2,2
195128,3,1,2,16,25,0,3,41,3,16,28,44
195164,3,1,2,30,36,27,32,66,59,57,68,125
195216,3,1,2,7,22,3,7,29,10,10,29,39
195234,3,1,2,16,44,0,0,60,0,16,44,60
195243,3,1,2,2,12,368,457,14,825,370,469,839
195322,3,1,2,69,75,879,1072,144,1951,948,1147,2095
195474,3,1,2,45,63,4,9,108,13,49,72,121
195526,3,1,2,7,26,0,0,33,0,7,26,33
195544,3,1,2,25,61,0,0,86,0,25,61,86
195720,3,1,2,21,53,0,0,74,0,21,53,74
195988,3,1,2,44,64,281,421,108,702,325,485,810
196006,3,1,2,121,67,0,0,188,0,121,67,188
196015,3,1,2,20,24,4,0,44,4,24,24,48
196024,3,1,2,71,67,0,0,138,0,71,67,138
196033,3,1,2,30,55,0,0,85,0,30,55,85
196042,3,1,2,215,166,8,7,381,15,223,173,396
196051,3,1,2,61,41,0,1,102,1,61,42,103
196060,3,1,2,245,406,4,0,651,4,249,406,655
196079,3,1,2,98,153,1,2,251,3,99,155,254
196088,3,1,2,245,271,40,21,516,61,285,292,577
196097,3,1,2,433,492,2,0,925,2,435,492,927
196103,3,1,2,25,29,0,1,54,1,25,30,55
196112,3,1,2,46,22,1,1,68,2,47,23,70
196121,3,1,2,82,125,8,23,207,31,90,148,238
196130,3,1,2,119,175,0,1,294,1,119,176,295
196149,3,1,2,103,165,0,1,268,1,103,166,269
196158,3,1,2,51,78,2,4,129,6,53,82,135
196167,3,1,2,17,59,0,0,76,0,17,59,76
196176,3,1,2,86,178,4,1,264,5,90,179,269
196185,3,1,2,77,181,0,1,258,1,77,182,259
196194,3,1,2,135,197,1,1,332,2,136,198,334
196200,3,1,2,13,33,0,1,46,1,13,34,47
196219,3,1,2,53,96,2,1,149,3,55,97,152
196246,3,1,2,59,114,1,1,173,2,60,115,175
196264,3,1,2,5,10,7,9,15,16,12,19,31
196291,3,1,2,43,6,0,0,49,0,43,6,49
196413,3,1,2,133,204,2,5,337,7,135,209,344
196565,3,1,2,83,106,1183,1529,189,2712,1266,1635,2901
196653,3,1,2,0,3,23,24,3,47,23,27,50
196699,3,1,2,88,106,707,581,194,1288,795,687,1482
197036,3,1,2,19,6,0,0,25,0,19,6,25
197045,3,1,2,29,27,9,16,56,25,38,43,81
197285,3,1,2,1,1,17,46,2,63,18,47,65
197294,3,1,2,149,151,212,249,300,461,361,400,761
197337,3,1,2,0,1,0,0,1,0,0,1,1
197708,3,1,2,39,36,44,0,75,44,83,36,119
197814,3,1,2,81,145,324,471,226,795,405,616,1021
197850,3,1,2,21,70,481,743,91,1224,502,813,1315
197869,3,1,2,58,124,3,16,182,19,61,140,201
197887,3,1,2,94,179,750,1076,273,1826,844,1255,2099
197911,3,1,2,3,11,0,0,14,0,3,11,14
197966,3,1,2,39,78,201,276,117,477,240,354,594
197993,3,1,2,0,2,0,0,2,0,0,2,2
198066,3,1,2,2,3,0,0,5,0,2,3,5
198109,3,1,2,0,2,0,1,2,1,0,3,3
198118,3,1,2,81,119,456,552,200,1008,537,671,1208
198136,3,1,2,5,13,0,0,18,0,5,13,18
198154,3,1,2,52,106,588,884,158,1472,640,990,1630
198206,3,1,2,9,23,118,232,32,350,127,255,382
198260,3,1,2,180,325,840,1535,505,2375,1020,1860,2880
198303,3,1,2,2,5,0,0,7,0,2,5,7
198330,3,1,2,14,31,165,373,45,538,179,404,583
198367,3,1,2,22,32,245,353,54,598,267,385,652
198385,3,1,2,3,6,0,0,9,0,3,6,9
198455,3,1,2,25,47,218,405,72,623,243,452,695
198464,3,1,2,65,181,63,117,246,180,128,298,426
198507,3,1,2,12,21,38,40,33,78,50,61,111
198516,3,1,2,3,3,10,20,6,30,13,23,36
198534,3,1,2,55,72,464,696,127,1160,519,768,1287
198543,3,1,2,63,150,104,231,213,335,167,381,548
198552,3,1,2,47,106,295,554,153,849,342,660,1002
198570,3,1,2,64,124,645,1098,188,1743,709,1222,1931
198598,3,1,2,0,0,6,16,0,22,6,16,22
198622,3,1,2,113,186,647,936,299,1583,760,1122,1882
198668,3,1,2,8,13,131,196,21,327,139,209,348
198710,3,1,2,26,57,237,350,83,587,263,407,670
198756,3,1,2,7,15,0,1,22,1,7,16,23
198808,3,1,2,1,5,0,0,6,0,1,5,6
198817,3,1,2,51,108,244,363,159,607,295,471,766
198835,3,1,2,0,0,14,20,0,34,14,20,34
198862,3,1,2,18,8,0,0,26,0,18,8,26
198899,3,1,2,2,5,5,1,7,6,7,6,13
198905,3,1,2,6,20,139,214,26,353,145,234,379
198950,3,1,2,0,20,0,2,20,2,0,22,22
198969,3,1,2,3,4,0,0,7,0,3,4,7
198987,3,1,2,27,40,461,775,67,1236,488,815,1303
199087,3,1,2,20,43,291,465,63,756,311,508,819
199102,3,1,2,161,326,53,16,487,69,214,342,556
199111,3,1,2,9,24,1,1,33,2,10,25,35
199120,3,1,2,160,307,27,24,467,51,187,331,518
199139,3,1,2,133,201,103,97,334,200,236,298,534
199148,3,1,2,72,196,36,74,268,110,108,270,378
199157,3,1,2,88,215,93,145,303,238,181,360,541
199184,3,1,2,10,17,0,0,27,0,10,17,27
199193,3,1,2,174,230,145,80,404,225,319,310,629
199218,3,1,2,54,142,17,32,196,49,71,174,245
199272,3,1,2,1,6,0,0,7,0,1,6,7
199281,3,1,2,21,36,1,4,57,5,22,40,62
199324,3,1,2,31,33,145,235,64,380,176,268,444
199412,3,1,2,3,10,0,0,13,0,3,10,13
199494,3,1,2,150,233,810,1301,383,2111,960,1534,2494
199607,3,1,2,0,1,0,23,1,23,0,24,24
199625,3,1,2,9,30,194,371,39,565,203,401,604
199731,3,1,2,21,29,254,346,50,600,275,375,650
199740,3,1,2,22,70,249,415,92,664,271,485,756
199759,3,1,2,3,3,94,111,6,205,97,114,211
199768,3,1,2,44,66,347,610,110,957,391,676,1067
199795,3,1,2,26,51,147,189,77,336,173,240,413
199856,3,1,2,88,183,936,1520,271,2456,1024,1703,2727
199865,3,1,2,5,6,0,0,11,0,5,6,11
199908,3,1,2,35,53,174,309,88,483,209,362,571
199926,3,1,2,29,22,358,496,51,854,387,518,905
199999,3,1,2,20,62,2,5,82,7,22,67,89
200004,3,1,2,34,80,1,5,114,6,35,85,120
200013,3,1,2,0,0,0,1,0,1,0,1,1
200022,3,1,2,8,12,315,565,20,880,323,577,900
200059,3,1,2,4,1,90,120,5,210,94,121,215
200086,3,1,2,0,2,7,20,2,27,7,22,29
200192,3,1,2,2,7,245,428,9,673,247,435,682
200217,3,1,2,2,11,131,165,13,296,133,176,309
200280,3,1,2,13,19,44,19,32,63,57,38,95
200305,3,1,2,9,11,362,548,20,910,371,559,930
200314,3,1,2,1,9,143,314,10,457,144,323,467
200332,3,1,2,7,16,6,14,23,20,13,30,43
200527,3,1,2,29,43,27,59,72,86,56,102,158
200572,3,1,2,0,2,151,201,2,352,151,203,354
200800,3,1,2,64,107,458,727,171,1185,522,834,1356
200846,3,1,2,10,12,220,345,22,565,230,357,587
201061,3,1,2,0,2,0,0,2,0,0,2,2
201177,3,1,2,0,3,2,0,3,2,2,3,5
201195,3,1,2,8,17,1,0,25,1,9,17,26
201283,3,1,2,2,4,47,127,6,174,49,131,180
201432,3,1,2,19,43,218,438,62,656,237,481,718
201441,3,1,2,47,105,389,688,152,1077,436,793,1229
201469,3,1,2,0,2,0,0,2,0,0,2,2
201548,3,1,2,7,12,0,0,19,0,7,12,19
201645,3,1,2,70,86,5,5,156,10,75,91,166
201654,3,1,2,38,53,246,358,91,604,284,411,695
201821,3,1,2,0,5,0,0,5,0,0,5,5
201885,3,1,2,154,250,277,242,404,519,431,492,923
201946,3,1,2,17,30,254,420,47,674,271,450,721
201955,3,1,2,27,58,108,200,85,308,135,258,393
201964,3,1,2,6,13,169,279,19,448,175,292,467
202046,3,1,2,0,6,0,0,6,0,0,6,6
202170,3,1,2,0,4,0,0,4,0,0,4,4
202222,3,1,2,79,149,2023,3386,228,5409,2102,3535,5637
202356,3,1,2,66,150,1061,1768,216,2829,1127,1918,3045
202480,3,1,2,22,24,0,0,46,0,22,24,46
202523,3,1,2,17,24,1,0,41,1,18,24,42
202648,3,1,2,167,317,744,1200,484,1944,911,1517,2428
202763,3,1,2,4,19,536,843,23,1379,540,862,1402
203085,3,1,2,0,0,1,8,0,9,1,8,9
203128,3,1,2,2,10,90,152,12,242,92,162,254
203155,3,1,2,15,33,45,95,48,140,60,128,188
203368,3,1,2,10,14,0,1,24,1,10,15,25
203447,3,1,2,2,7,101,221,9,322,103,228,331
203456,3,1,2,0,0,71,187,0,258,71,187,258
203465,3,1,2,5,23,248,475,28,723,253,498,751
203474,3,1,2,5,7,81,148,12,229,86,155,241
203483,3,1,2,9,13,89,173,22,262,98,186,284
203492,3,1,2,0,2,104,166,2,270,104,168,272
203517,3,1,2,40,130,323,581,170,904,363,711,1074
203526,3,1,2,2,13,178,341,15,519,180,354,534
203544,3,1,2,0,3,18,22,3,40,18,25,43
203580,3,1,2,5,8,22,28,13,50,27,36,63
203599,3,1,2,97,135,372,670,232,1042,469,805,1274
203678,3,1,2,27,53,817,1065,80,1882,844,1118,1962
203748,3,1,2,121,229,1278,1929,350,3207,1399,2158,3557
203757,3,1,2,37,54,57,131,91,188,94,185,279
203775,3,1,2,1,10,59,47,11,106,60,57,117
203845,3,1,2,7,9,6,15,16,21,13,24,37
203881,3,1,2,23,34,512,856,57,1368,535,890,1425
203960,3,1,2,0,1,0,2,1,2,0,3,3
204006,3,1,2,16,34,36,90,50,126,52,124,176
204015,3,1,2,13,34,87,148,47,235,100,182,282
204024,3,1,2,62,97,33,53,159,86,95,150,245
204194,3,1,2,18,32,56,101,50,157,74,133,207
204200,3,1,2,3,8,142,196,11,338,145,204,349
204255,3,1,2,52,85,226,442,137,668,278,527,805
204422,3,1,2,96,98,343,541,194,884,439,639,1078
204468,3,1,2,0,1,27,74,1,101,27,75,102
204617,3,1,2,9,9,8,19,18,27,17,28,45
204635,3,1,2,7,10,62,73,17,135,69,83,152
204662,3,1,2,2,9,3,11,11,14,5,20,25
204671,3,1,2,12,9,15,29,21,44,27,38,65
204680,3,1,2,6,16,26,49,22,75,32,65,97
204699,3,1,2,21,11,19,22,32,41,40,33,73
204705,3,1,2,40,61,37,52,101,89,77,113,190
204796,3,1,2,323,478,198,175,801,373,521,653,1174
204802,3,1,2,2,4,43,82,6,125,45,86,131
204820,3,1,2,5,7,64,122,12,186,69,129,198
204839,3,1,2,2,5,71,149,7,220,73,154,227
204848,3,1,2,2,7,50,104,9,154,52,111,163
204857,3,1,2,15,19,32,64,34,96,47,83,130
204866,3,1,2,3,5,44,121,8,165,47,126,173
204909,3,1,2,5,13,0,0,18,0,5,13,18
204936,3,1,2,9,22,15,21,31,36,24,43,67
204945,3,1,2,16,27,540,612,43,1152,556,639,1195
205443,3,1,2,17,50,185,329,67,514,202,379,581
205470,3,1,2,63,133,1496,2435,196,3931,1559,2568,4127
205841,3,1,2,100,188,1310,1856,288,3166,1410,2044,3454
205966,3,1,2,42,98,358,653,140,1011,400,751,1151
206011,3,1,2,11,9,352,329,20,681,363,338,701
206349,3,1,2,0,6,0,0,6,0,0,6,6
206507,3,1,2,2,0,1,0,2,1,3,0,3
206525,3,1,2,6,7,6,6,13,12,12,13,25
206589,3,1,2,27,28,0,0,55,0,27,28,55
206604,3,1,2,22,61,188,268,83,456,210,329,539
206613,3,1,2,1,12,92,155,13,247,93,167,260
206622,3,1,2,18,39,0,1,57,1,18,40,58
206695,3,1,2,29,75,350,526,104,876,379,601,980
206862,3,1,2,0,0,2,0,0,2,2,0,2
206914,3,1,2,16,23,156,265,39,421,172,288,460
206923,3,1,2,3,7,84,189,10,273,87,196,283
206996,3,1,2,2,7,80,156,9,236,82,163,245
207041,3,1,2,0,3,35,80,3,115,35,83,118
207050,3,1,2,2,1,79,114,3,193,81,115,196
207069,3,1,2,1,1,190,338,2,528,191,339,530
207209,3,1,2,22,35,0,0,57,0,22,35,57
207236,3,1,2,1,3,138,334,4,472,139,337,476
207263,3,1,2,1,6,69,129,7,198,70,135,205
207281,3,1,2,6,6,99,165,12,264,105,171,276
207290,3,1,2,6,3,40,82,9,122,46,85,131
207306,3,1,2,1,1,65,92,2,157,66,93,159
207324,3,1,2,4,3,30,15,7,45,34,18,52
207351,3,1,2,0,0,20,53,0,73,20,53,73
207388,3,1,2,4,10,70,125,14,195,74,135,209
207500,3,1,2,26,63,55,88,89,143,81,151,232
207564,3,1,2,2,2,93,127,4,220,95,129,224
207582,3,1,2,7,13,299,431,20,730,306,444,750
207661,3,1,2,1,1,122,219,2,341,123,220,343
207670,3,1,2,3,5,241,533,8,774,244,538,782
207740,3,1,2,4,6,94,164,10,258,98,170,268
207847,3,1,2,1,4,28,67,5,95,29,71,100
207865,3,1,2,8,7,53,130,15,183,61,137,198
207935,3,1,2,68,129,577,1049,197,1626,645,1178,1823
207962,3,1,2,19,1,0,0,20,0,19,1,20
207971,3,1,2,4,12,6,4,16,10,10,16,26
208035,3,1,2,6,12,69,200,18,269,75,212,287
208275,3,1,2,6,3,24,60,9,84,30,63,93
208318,3,1,2,33,52,251,407,85,658,284,459,743
208390,3,1,2,59,103,167,232,162,399,226,335,561
208406,3,1,2,61,79,140,114,140,254,201,193,394
208415,3,1,2,2,12,25,18,14,43,27,30,57
208646,3,1,2,1,3,19,44,4,63,20,47,67
208822,3,1,2,11,18,8,11,29,19,19,29,48
209038,3,1,2,42,41,344,455,83,799,386,496,882
209074,3,1,2,7,5,5,12,12,17,12,17,29
209250,3,1,2,60,100,228,312,160,540,288,412,700
209506,3,1,2,14,14,615,839,28,1454,629,853,1482
209542,3,1,2,54,101,39,55,155,94,93,156,249
209551,3,1,2,43,103,13,13,146,26,56,116,172
209603,3,1,2,1,2,0,0,3,0,1,2,3
209612,3,1,2,11,12,10,19,23,29,21,31,52
209746,3,1,2,238,406,420,596,644,1016,658,1002,1660
209807,3,1,2,14,22,515,700,36,1215,529,722,1251
209825,3,1,2,13,34,2,3,47,5,15,37,52
209922,3,1,2,14,23,7,8,37,15,21,31,52
210234,3,1,2,4,10,66,81,14,147,70,91,161
210270,3,1,2,11,16,107,205,27,312,118,221,339
210401,3,1,2,7,16,2,0,23,2,9,16,25
210429,3,1,2,2,4,0,2,6,2,2,6,8
210605,3,1,2,23,19,241,246,42,487,264,265,529
210739,3,1,2,6,22,9,12,28,21,15,34,49
210775,3,1,2,4,11,0,0,15,0,4,11,15
211088,3,1,2,3,7,22,39,10,61,25,46,71
211291,3,1,2,32,47,0,4,79,4,32,51,83
211307,3,1,2,4,8,142,257,12,399,146,265,411
211343,3,1,2,4,4,172,299,8,471,176,303,479
211352,3,1,2,1,5,9,15,6,24,10,20,30
211431,3,1,2,0,1,0,0,1,0,0,1,1
211440,3,1,2,65,80,0,0,145,0,65,80,145
211556,3,1,2,0,2,2,8,2,10,2,10,12
211583,3,1,2,1,1,4,4,2,8,5,5,10
211608,3,1,2,4,10,0,8,14,8,4,18,22
211927,3,1,2,24,20,288,425,44,713,312,445,757
212054,3,1,2,24,23,5,10,47,15,29,33,62
212106,3,1,2,9,27,0,4,36,4,9,31,40
212115,3,1,2,33,55,4,18,88,22,37,73,110
212133,3,1,2,9,24,18,42,33,60,27,66,93
212197,3,1,2,0,9,9,8,9,17,9,17,26
212267,3,1,2,0,0,0,1,0,1,0,1,1
212294,3,1,2,0,1,0,0,1,0,0,1,1
212337,3,1,2,0,1,0,0,1,0,0,1,1
212601,3,1,2,10,16,164,262,26,426,174,278,452
212674,3,1,2,11,31,0,0,42,0,11,31,42
212771,3,1,2,0,3,1,18,3,19,1,21,22
212805,3,1,2,4,18,50,61,22,111,54,79,133
212869,3,1,2,0,2,0,0,2,0,0,2,2
212878,3,1,2,42,86,769,1383,128,2152,811,1469,2280
212984,3,1,2,3,3,4,22,6,26,7,25,32
213011,3,1,2,0,1,52,140,1,192,52,141,193
213020,3,1,2,6,33,25,60,39,85,31,93,124
213181,3,1,2,0,4,0,0,4,0,0,4,4
213251,3,1,2,6,11,7,13,17,20,13,24,37
213321,3,1,2,9,7,19,43,16,62,28,50,78
213349,3,1,2,31,39,2,4,70,6,33,43,76
213367,3,1,2,8,10,126,300,18,426,134,310,444
213376,3,1,2,18,20,5,17,38,22,23,37,60
213385,3,1,2,7,13,0,1,20,1,7,14,21
213507,3,1,2,4,3,21,25,7,46,25,28,53
213525,3,1,2,56,106,435,767,162,1202,491,873,1364
213598,3,1,2,5,28,0,0,33,0,5,28,33
213659,3,1,2,15,20,284,457,35,741,299,477,776
213668,3,1,2,5,4,0,1,9,1,5,5,10
213774,3,1,2,1,1,46,68,2,114,47,69,116
213987,3,1,2,3,11,15,42,14,57,18,53,71
213996,3,1,2,8,20,41,94,28,135,49,114,163
214041,3,1,2,13,27,25,31,40,56,38,58,96
214111,3,1,2,15,39,307,502,54,809,322,541,863
214148,3,1,2,0,9,0,0,9,0,0,9,9
214157,3,1,2,9,8,9,11,17,20,18,19,37
214175,3,1,2,10,10,0,0,20,0,10,10,20
214272,3,1,2,1,8,19,43,9,62,20,51,71
214379,3,1,2,4,14,175,342,18,517,179,356,535
214591,3,1,2,358,240,15,13,598,28,373,253,626
214625,3,1,2,49,39,3,1,88,4,52,40,92
214634,3,1,2,5,21,13,21,26,34,18,42,60
214643,3,1,2,54,32,4,5,86,9,58,37,95
214652,3,1,2,91,71,3,4,162,7,94,75,169
214670,3,1,2,126,78,11,33,204,44,137,111,248
214689,3,1,2,345,322,6,5,667,11,351,327,678
214698,3,1,2,71,57,3,11,128,14,74,68,142
214704,3,1,2,252,204,8,35,456,43,260,239,499
214713,3,1,2,539,366,4,3,905,7,543,369,912
214731,3,1,2,180,108,6,4,288,10,186,112,298
214740,3,1,2,42,27,11,26,69,37,53,53,106
214759,3,1,2,28,35,1,1,63,2,29,36,65
214768,3,1,2,67,51,1,0,118,1,68,51,119
214777,3,1,2,3701,4068,19,9,7769,28,3720,4077,7797
214786,3,1,2,52,23,1,2,75,3,53,25,78
214795,3,1,2,49,86,17,20,135,37,66,106,172
214801,3,1,2,376,264,6,8,640,14,382,272,654
214810,3,1,2,36,93,12,18,129,30,48,111,159
214829,3,1,2,81,50,24,19,131,43,105,69,174
215053,3,1,2,0,4,0,2,4,2,0,6,6
215062,3,1,2,55,69,27,19,124,46,82,88,170
215105,3,1,2,2,6,0,0,8,0,2,6,8
215239,3,1,2,399,664,320,520,1063,840,719,1184,1903
215266,3,1,2,6,9,2,8,15,10,8,17,25
215275,3,1,2,8,4,0,0,12,0,8,4,12
215284,3,1,2,5,10,1,1,15,2,6,11,17
215293,3,1,2,68,149,1598,2293,217,3891,1666,2442,4108
215381,3,1,2,1,0,0,0,1,0,1,0,1
215442,3,1,2,6,16,0,1,22,1,6,17,23
215585,3,1,2,26,29,432,645,55,1077,458,674,1132
215655,3,1,2,13,20,0,1,33,1,13,21,34
215743,3,1,2,6,22,305,460,28,765,311,482,793
215798,3,1,2,4,7,2,4,11,6,6,11,17
215929,3,1,2,0,0,7,8,0,15,7,8,15
216010,3,1,2,17,23,27,69,40,96,44,92,136
216038,3,1,2,4,25,2,1,29,3,6,26,32
216339,3,1,2,106,201,21,43,307,64,127,244,371
216357,3,1,2,3,5,4,2,8,6,7,7,14
216366,3,1,2,8,28,0,2,36,2,8,30,38
216454,3,1,2,1,0,0,0,1,0,1,0,1
216524,3,1,2,5,5,8,3,10,11,13,8,21
216542,3,1,2,7,4,6,12,11,18,13,16,29
216579,3,1,2,0,2,0,0,2,0,0,2,2
216597,3,1,2,28,27,6,9,55,15,34,36,70
216667,3,1,2,3,4,1,0,7,1,4,4,8
216694,3,1,2,0,1,8,17,1,25,8,18,26
216764,3,1,2,23,80,75,141,103,216,98,221,319
216825,3,1,2,29,69,405,681,98,1086,434,750,1184
216852,3,1,2,8,16,2,0,24,2,10,16,26
216931,3,1,2,0,4,21,24,4,45,21,28,49
216940,3,1,2,3,0,0,0,3,0,3,0,3
217013,3,1,2,1,2,16,30,3,46,17,32,49
217059,3,1,2,14,27,39,58,41,97,53,85,138
217156,3,1,2,39,63,9,29,102,38,48,92,140
217165,3,1,2,10,14,0,0,24,0,10,14,24
217235,3,1,2,29,58,0,3,87,3,29,61,90
217305,3,1,2,8,2,1,1,10,2,9,3,12
217402,3,1,2,20,30,1,1,50,2,21,31,52
217420,3,1,2,8,16,4,9,24,13,12,25,37
217493,3,1,2,7,25,0,0,32,0,7,25,32
217518,3,1,2,11,28,31,30,39,61,42,58,100
217536,3,1,2,1,2,0,0,3,0,1,2,3
217633,3,1,2,4,9,62,142,13,204,66,151,217
217688,3,1,2,5,25,14,22,30,36,19,47,66
217712,3,1,2,5,32,128,266,37,394,133,298,431
217721,3,1,2,0,5,34,35,5,69,34,40,74
217749,3,1,2,19,23,98,118,42,216,117,141,258
217819,3,1,2,8,50,43,108,58,151,51,158,209
217864,3,1,2,9,3,0,0,12,0,9,3,12
217873,3,1,2,0,2,1,3,2,4,1,5,6
217882,3,1,2,22,84,0,0,106,0,22,84,106
217891,3,1,2,0,1,0,0,1,0,0,1,1
217907,3,1,2,3,4,96,58,7,154,99,62,161
217925,3,1,2,1,6,69,117,7,186,70,123,193
217934,3,1,2,0,5,0,0,5,0,0,5,5
217961,3,1,2,0,8,0,0,8,0,0,8,8
217989,3,1,2,8,21,96,170,29,266,104,191,295
218025,3,1,2,9,25,160,229,34,389,169,254,423
218061,3,1,2,14,53,267,517,67,784,281,570,851
218113,3,1,2,54,85,919,1152,139,2071,973,1237,2210
218140,3,1,2,66,112,360,645,178,1005,426,757,1183
218229,3,1,2,4,32,57,115,36,172,61,147,208
218353,3,1,2,43,103,347,665,146,1012,390,768,1158
218399,3,1,2,0,3,0,0,3,0,0,3,3
218414,3,1,2,1,2,3,1,3,4,4,3,7
218441,3,1,2,5,4,32,116,9,148,37,120,157
218487,3,1,2,10,32,210,322,42,532,220,354,574
218520,3,1,2,60,118,272,406,178,678,332,524,856
218539,3,1,2,1,7,16,42,8,58,17,49,66
218645,3,1,2,35,68,71,153,103,224,106,221,327
218654,3,1,2,7,18,40,98,25,138,47,116,163
218663,3,1,2,124,256,1,2,380,3,125,258,383
218672,3,1,2,27,59,373,512,86,885,400,571,971
218681,3,1,2,12,29,126,205,41,331,138,234,372
218690,3,1,2,26,58,320,504,84,824,346,562,908
218706,3,1,2,29,41,308,416,70,724,337,457,794
218724,3,1,2,32,55,56,58,87,114,88,113,201
218733,3,1,2,8,26,2,19,34,21,10,45,55
218742,3,1,2,27,84,90,231,111,321,117,315,432
218821,3,1,2,0,14,1,4,14,5,1,18,19
218830,3,1,2,65,83,382,601,148,983,447,684,1131
218885,3,1,2,20,43,268,346,63,614,288,389,677
218919,3,1,2,5,12,6,1,17,7,11,13,24
218991,3,1,2,76,133,281,350,209,631,357,483,840
219082,3,1,2,1,0,115,142,1,257,116,142,258
219125,3,1,2,0,1,0,0,1,0,0,1,1
219189,3,1,2,10,6,61,57,16,118,71,63,134
219198,3,1,2,1,0,129,188,1,317,130,188,318
219204,3,1,2,0,0,1,0,0,1,1,0,1
219259,3,1,2,3,7,331,635,10,966,334,642,976
219277,3,1,2,0,0,0,11,0,11,0,11,11
219347,3,1,2,6,1,36,30,7,66,42,31,73
219426,3,1,2,5,3,80,138,8,218,85,141,226
219471,3,1,2,6,23,400,797,29,1197,406,820,1226
219480,3,1,2,4,4,173,269,8,442,177,273,450
219602,3,1,2,51,112,375,594,163,969,426,706,1132
219639,3,1,2,0,1,0,0,1,0,0,1,1
219806,3,1,2,5,7,37,44,12,81,42,51,93
219824,3,1,2,77,114,501,822,191,1323,578,936,1514
219833,3,1,2,9,16,87,101,25,188,96,117,213
219879,3,1,2,47,81,416,549,128,965,463,630,1093
219888,3,1,2,47,55,367,701,102,1068,414,756,1170
219921,3,1,2,1,0,63,24,1,87,64,24,88
219994,3,1,2,2,1,205,66,3,271,207,67,274
220057,3,1,2,22,54,220,396,76,616,242,450,692
220075,3,1,2,42,111,227,405,153,632,269,516,785
220127,3,1,2,1,0,41,2,1,43,42,2,44
220215,3,1,2,6,10,150,211,16,361,156,221,377
220251,3,1,2,1,0,165,129,1,294,166,129,295
220279,3,1,2,0,0,207,87,0,294,207,87,294
220321,3,1,2,1,0,187,284,1,471,188,284,472
220394,3,1,2,2,2,50,20,4,70,52,22,74
220400,3,1,2,25,91,267,584,116,851,292,675,967
220516,3,1,2,0,2,10,32,2,42,10,34,44
220598,3,1,2,0,1,0,0,1,0,0,1,1
220604,3,1,2,0,4,0,0,4,0,0,4,4
220701,3,1,2,0,1,32,66,1,98,32,67,99
220710,3,1,2,6,11,29,42,17,71,35,53,88
220862,3,1,2,11,28,653,1155,39,1808,664,1183,1847
220978,3,1,2,24,35,276,487,59,763,300,522,822
221050,3,1,2,1,1,151,35,2,186,152,36,188
221096,3,1,2,88,162,434,871,250,1305,522,1033,1555
221148,3,1,2,6,0,0,0,6,0,6,0,6
221184,3,1,2,69,96,445,726,165,1171,514,822,1336
221333,3,1,2,1,0,198,25,1,223,199,25,224
221397,3,1,2,93,129,335,703,222,1038,428,832,1260
221430,3,1,2,0,0,618,321,0,939,618,321,939
221485,3,1,2,23,56,538,786,79,1324,561,842,1403
221494,3,1,2,0,0,66,6,0,72,66,6,72
221519,3,1,2,6,9,4,7,15,11,10,16,26
221582,3,1,2,0,0,149,45,0,194,149,45,194
221607,3,1,2,1,1,238,34,2,272,239,35,274
221625,3,1,2,2,0,209,113,2,322,211,113,324
221643,3,1,2,62,105,489,883,167,1372,551,988,1539
221740,3,1,2,36,96,3,2,132,5,39,98,137
221759,3,1,2,1588,2677,10,13,4265,23,1598,2690,4288
221768,3,1,2,4,3,361,691,7,1052,365,694,1059
221838,3,1,2,109,263,42,99,372,141,151,362,513
221847,3,1,2,59,63,61,72,122,133,120,135,255
221908,3,1,2,45,87,338,435,132,773,383,522,905
221999,3,1,2,42,57,0,1,99,1,42,58,100
222053,3,1,2,61,137,457,863,198,1320,518,1000,1518
222062,3,1,2,50,105,554,1127,155,1681,604,1232,1836
222178,3,1,2,7,27,22,24,34,46,29,51,80
222576,3,1,2,61,109,664,997,170,1661,725,1106,1831
222822,3,1,2,33,57,516,785,90,1301,549,842,1391
222831,3,1,2,27,76,1356,2016,103,3372,1383,2092,3475
222992,3,1,2,257,292,2847,3790,549,6637,3104,4082,7186
223232,3,1,2,62,128,11,26,190,37,73,154,227
223320,3,1,2,35,74,777,1186,109,1963,812,1260,2072
223506,3,1,2,25,38,443,564,63,1007,468,602,1070
223816,3,1,2,155,223,550,869,378,1419,705,1092,1797
223922,3,1,2,7,21,177,292,28,469,184,313,497
224147,3,1,2,10,37,0,2,47,2,10,39,49
224156,3,1,2,0,3,0,0,3,0,0,3,3
224323,3,1,2,4,21,0,1,25,1,4,22,26
224527,3,1,2,11,13,73,160,24,233,84,173,257
224554,3,1,2,20,37,175,295,57,470,195,332,527
224615,3,1,2,2122,2781,8829,12723,4903,21552,10951,15504,26455
224642,3,1,2,491,760,3061,4127,1251,7188,3552,4887,8439
224891,3,1,2,24,68,302,336,92,638,326,404,730
224961,3,1,2,48,76,136,195,124,331,184,271,455
225247,3,1,2,3,5,7,12,8,19,10,17,27
225399,3,1,2,15,20,5,5,35,10,20,25,45
225414,3,1,2,0,4,0,1,4,1,0,5,5
225432,3,1,2,18,26,0,4,44,4,18,30,48
225511,3,1,2,890,1297,103,136,2187,239,993,1433,2426
225548,3,1,2,0,0,20,22,0,42,20,22,42
225885,3,1,2,7,2,0,0,9,0,7,2,9
226116,3,1,2,28,33,477,540,61,1017,505,573,1078
226134,3,1,2,17,38,1260,1808,55,3068,1277,1846,3123
226204,3,1,2,57,130,1134,1510,187,2644,1191,1640,2831
226277,3,1,2,3,0,0,0,3,0,3,0,3
226383,3,1,2,2,0,38,36,2,74,40,36,76
226408,3,1,2,54,114,444,630,168,1074,498,744,1242
226471,3,1,2,13,34,21,24,47,45,34,58,92
226578,3,1,2,20,41,662,1025,61,1687,682,1066,1748
226587,3,1,2,5,2,50,52,7,102,55,54,109
227146,3,1,2,70,90,832,1284,160,2116,902,1374,2276
227182,3,1,2,1152,1658,7548,10434,2810,17982,8700,12092,20792
227216,3,1,2,257,328,44,86,585,130,301,414,715
227331,3,1,2,1,2,6,12,3,18,7,14,21
227368,3,1,2,1418,2075,434,548,3493,982,1852,2623,4475
227377,3,1,2,27,47,1296,1978,74,3274,1323,2025,3348
227386,3,1,2,36,44,357,462,80,819,393,506,899
227401,3,1,2,51,89,690,1006,140,1696,741,1095,1836
227526,3,1,2,21,31,0,3,52,3,21,34,55
227757,3,1,2,25,34,1,0,59,1,26,34,60
227845,3,1,2,9,14,0,0,23,0,9,14,23
227863,3,1,2,4,13,87,9,17,96,91,22,113
227881,3,1,2,29,74,19,41,103,60,48,115,163
227979,3,1,2,381,706,2272,3291,1087,5563,2653,3997,6650
228042,3,1,2,1,14,6,24,15,30,7,38,45
228149,3,1,2,7,12,0,0,19,0,7,12,19
228158,3,1,2,6,10,332,526,16,858,338,536,874
228246,3,1,2,17,54,1,0,71,1,18,54,72
228343,3,1,2,8,10,0,0,18,0,8,10,18
228431,3,1,2,16,43,342,527,59,869,358,570,928
228459,3,1,2,17,34,1,0,51,1,18,34,52
228501,3,1,2,0,2,16,26,2,42,16,28,44
228529,3,1,2,9,40,0,1,49,1,9,41,50
228547,3,1,2,380,566,3651,4912,946,8563,4031,5478,9509
228699,3,1,2,86,157,692,965,243,1657,778,1122,1900
228705,3,1,2,2,16,111,130,18,241,113,146,259
228723,3,1,2,259,251,46,25,510,71,305,276,581
228769,3,1,2,41,52,52,73,93,125,93,125,218
228778,3,1,2,174,281,3,3,455,6,177,284,461
228787,3,1,2,38,31,0,2,69,2,38,33,71
228796,3,1,2,79,97,42,88,176,130,121,185,306
228802,3,1,2,1,2,99,172,3,271,100,174,274
228875,3,1,2,1,11,0,0,12,0,1,11,12
229018,3,1,2,8,17,194,291,25,485,202,308,510
229027,3,1,2,46,128,94,89,174,183,140,217,357
229063,3,1,2,23,100,3,11,123,14,26,111,137
229115,3,1,2,99,170,36,35,269,71,135,205,340
229179,3,1,2,10,54,472,741,64,1213,482,795,1277
229267,3,1,2,8,11,0,2,19,2,8,13,21
229355,3,1,2,168,301,1026,1537,469,2563,1194,1838,3032
229504,3,1,2,6,10,217,290,16,507,223,300,523
229780,3,1,2,25,10,36,60,35,96,61,70,131
229799,3,1,2,52,77,725,866,129,1591,777,943,1720
229814,3,1,2,7,24,48,22,31,70,55,46,101
229841,3,1,2,38,46,264,422,84,686,302,468,770
229887,3,1,2,6,5,0,0,11,0,6,5,11
230038,3,1,2,78,162,1,10,240,11,79,172,251
230047,3,1,2,3,13,2,0,16,2,5,13,18
230162,3,1,2,10,12,725,361,22,1086,735,373,1108
230171,3,1,2,93,135,1199,1465,228,2664,1292,1600,2892
230597,3,1,2,123,187,805,1031,310,1836,928,1218,2146
230603,3,1,2,102,157,691,1009,259,1700,793,1166,1959
230676,3,1,2,0,7,645,275,7,920,645,282,927
230728,3,1,2,73,119,1479,2275,192,3754,1552,2394,3946
230746,3,1,2,214,243,3340,4386,457,7726,3554,4629,8183
230764,3,1,2,113,138,126,89,251,215,239,227,466
230782,3,1,2,594,746,5174,5974,1340,11148,5768,6720,12488
230807,3,1,2,0,2,0,0,2,0,0,2,2
230816,3,1,2,2,9,14,20,11,34,16,29,45
230834,3,1,2,16,33,15,25,49,40,31,58,89
230852,3,1,2,16,17,2,0,33,2,18,17,35
230861,3,1,2,30,122,303,515,152,818,333,637,970
230913,3,1,2,15,39,21,46,54,67,36,85,121
230959,3,1,2,7,17,0,0,24,0,7,17,24
231059,3,1,2,1,5,0,1,6,1,1,6,7
231095,3,1,2,0,1,3,1,1,4,3,2,5
231165,3,1,2,32,22,18,17,54,35,50,39,89
231174,3,1,2,37,171,26,42,208,68,63,213,276
231280,3,1,2,0,1,0,1,1,1,0,2,2
231411,3,1,2,2,0,0,0,2,0,2,0,2
231420,3,1,2,0,0,1,0,0,1,1,0,1
231536,3,1,2,34,72,284,449,106,733,318,521,839
231581,3,1,2,2,3,0,0,5,0,2,3,5
231624,3,1,2,18,38,2,2,56,4,20,40,60
231697,3,1,2,128,267,405,408,395,813,533,675,1208
231712,3,1,2,3,10,0,0,13,0,3,10,13
231785,3,1,2,3,2,0,0,5,0,3,2,5
231873,3,1,2,14,20,191,255,34,446,205,275,480
231882,3,1,2,102,113,304,377,215,681,406,490,896
232025,3,1,2,8,22,0,0,30,0,8,22,30
232043,3,1,2,1,5,26,34,6,60,27,39,66
232052,3,1,2,14,25,107,83,39,190,121,108,229
232089,3,1,2,0,2,9,20,2,29,9,22,31
232186,3,1,2,71,76,99,73,147,172,170,149,319
232195,3,1,2,105,189,735,1176,294,1911,840,1365,2205
232414,3,1,2,278,353,500,640,631,1140,778,993,1771
232450,3,1,2,66,96,1159,1667,162,2826,1225,1763,2988
232557,3,1,2,53,99,12,20,152,32,65,119,184
232566,3,1,2,5,16,0,1,21,1,5,17,22
232575,3,1,2,271,343,779,1103,614,1882,1050,1446,2496
232609,3,1,2,4,25,3,24,29,27,7,49,56
232706,3,1,2,2,9,343,107,11,450,345,116,461
232788,3,1,2,68,111,211,330,179,541,279,441,720
232867,3,1,2,145,182,653,645,327,1298,798,827,1625
232946,3,1,2,424,421,7342,8296,845,15638,7766,8717,16483
232982,3,1,2,109,190,6,6,299,12,115,196,311
233019,3,1,2,91,151,111,126,242,237,202,277,479
233037,3,1,2,23,37,195,322,60,517,218,359,577
233116,3,1,2,56,100,808,870,156,1678,864,970,1834
233277,3,1,2,23,72,17,9,95,26,40,81,121
233286,3,1,2,0,4,0,0,4,0,0,4,4
233295,3,1,2,5,15,0,1,20,1,5,16,21
233310,3,1,2,102,178,411,575,280,986,513,753,1266
233338,3,1,2,13,30,199,299,43,498,212,329,541
233374,3,1,2,1,0,0,0,1,0,1,0,1
233426,3,1,2,6,14,1,0,20,1,7,14,21
233541,3,1,2,4,9,60,263,13,323,64,272,336
233611,3,1,2,1,2,1,0,3,1,2,2,4
233639,3,1,2,166,286,381,550,452,931,547,836,1383
233648,3,1,2,37,65,194,282,102,476,231,347,578
233718,3,1,2,0,10,0,0,10,0,0,10,10
233754,3,1,2,73,99,608,804,172,1412,681,903,1584
233772,3,1,2,144,244,1339,1675,388,3014,1483,1919,3402
233903,3,1,2,32,101,221,323,133,544,253,424,677
233921,3,1,2,71,76,0,2,147,2,71,78,149
233949,3,1,2,55,86,805,985,141,1790,860,1071,1931
234030,3,1,2,43,90,58,60,133,118,101,150,251
234076,3,1,2,40,65,39,32,105,71,79,97,176
234119,3,1,2,0,0,0,1,0,1,0,1,1
234155,3,1,2,5,14,0,0,19,0,5,14,19
234207,3,1,2,6,12,0,0,18,0,6,12,18
234377,3,1,2,42,132,339,329,174,668,381,461,842
234669,3,1,2,667,773,373,516,1440,889,1040,1289,2329
234696,3,1,2,34,27,10,12,61,22,44,39,83
234711,3,1,2,114,205,18,18,319,36,132,223,355
234827,3,1,2,2,3,1,0,5,1,3,3,6
234845,3,1,2,116,190,95,99,306,194,211,289,500
234933,3,1,2,355,600,209,276,955,485,564,876,1440
234951,3,1,2,78,97,6,17,175,23,84,114,198
234979,3,1,2,299,450,121,191,749,312,420,641,1061
235024,3,1,2,2,3,0,1,5,1,2,4,6
235097,3,1,2,169,234,69,117,403,186,238,351,589
235103,3,1,2,209,283,211,285,492,496,420,568,988
235149,3,1,2,286,399,151,265,685,416,437,664,1101
235237,3,1,2,590,935,84,104,1525,188,674,1039,1713
235307,3,1,2,0,1,0,0,1,0,0,1,1
235316,3,1,2,23,47,12,8,70,20,35,55,90
235334,3,1,2,78,122,24,52,200,76,102,174,276
235343,3,1,2,496,702,130,207,1198,337,626,909,1535
235431,3,1,2,320,481,101,117,801,218,421,598,1019
235671,3,1,2,168,37,7,12,205,19,175,49,224
235699,3,1,2,109,78,36,50,187,86,145,128,273
235750,3,1,2,104,211,97,111,315,208,201,322,523
236072,3,1,2,55,66,105,148,121,253,160,214,374
236188,3,1,2,282,437,53,73,719,126,335,510,845
236258,3,1,2,61,105,26,24,166,50,87,129,216
236328,3,1,2,6,18,0,0,24,0,6,18,24
236382,3,1,2,38,33,23,27,71,50,61,60,121
236452,3,1,2,8,17,0,0,25,0,8,17,25
236504,3,1,2,138,129,47,36,267,83,185,165,350
236513,3,1,2,116,147,85,135,263,220,201,282,483
236577,3,1,2,3,11,7,3,14,10,10,14,24
236595,3,1,2,6,42,1,0,48,1,7,42,49
236610,3,1,2,127,97,105,170,224,275,232,267,499
236638,3,1,2,142,206,57,90,348,147,199,296,495
236656,3,1,2,280,479,77,146,759,223,357,625,982
236692,3,1,2,157,230,52,84,387,136,209,314,523
236708,3,1,2,182,314,52,80,496,132,234,394,628
236753,3,1,2,305,441,81,137,746,218,386,578,964
236887,3,1,2,60,83,30,54,143,84,90,137,227
236896,3,1,2,9,12,24,20,21,44,33,32,65
236939,3,1,2,77,117,73,73,194,146,150,190,340
236975,3,1,2,166,303,61,99,469,160,227,402,629
237011,3,1,2,21,42,0,1,63,1,21,43,64
237039,3,1,2,158,221,135,186,379,321,293,407,700
237057,3,1,2,2,9,5,6,11,11,7,15,22
237066,3,1,2,7,9,3,1,16,4,10,10,20
237109,3,1,2,139,328,38,105,467,143,177,433,610
237118,3,1,2,2,2,8,26,4,34,10,28,38
237181,3,1,2,1,2,0,0,3,0,1,2,3
237303,3,1,2,0,2,0,0,2,0,0,2,2
237312,3,1,2,0,1,9,19,1,28,9,20,29
237321,3,1,2,0,3,0,0,3,0,0,3,3
237330,3,1,2,2,4,32,37,6,69,34,41,75
237358,3,1,2,5,8,2,3,13,5,7,11,18
237367,3,1,2,17,31,147,249,48,396,164,280,444
237385,3,1,2,9,36,116,224,45,340,125,260,385
237525,3,1,2,11,20,300,475,31,775,311,495,806
237686,3,1,2,9,19,187,341,28,528,196,360,556
237701,3,1,2,2,1,44,116,3,160,46,117,163
237792,3,1,2,4,9,39,102,13,141,43,111,154
237817,3,1,2,47,99,39,82,146,121,86,181,267
237899,3,1,2,40,51,744,1162,91,1906,784,1213,1997
237950,3,1,2,3,7,130,249,10,379,133,256,389
237969,3,1,2,5,10,1,0,15,1,6,10,16
238014,3,1,2,6,15,91,173,21,264,97,188,285
238032,3,1,2,26,32,217,393,58,610,243,425,668
238193,3,1,2,0,16,1,15,16,16,1,31,32
238263,3,1,2,68,111,1384,1353,179,2737,1452,1464,2916
238397,3,1,2,0,0,4,9,0,13,4,9,13
238430,3,1,2,1,1,63,115,2,178,64,116,180
238458,3,1,2,2,10,20,28,12,48,22,38,60
238722,3,1,2,13,13,2090,1798,26,3888,2103,1811,3914
238759,3,1,2,24,11,2642,2147,35,4789,2666,2158,4824
239008,3,1,2,4,2,701,472,6,1173,705,474,1179
239017,3,1,2,11,8,2,2,19,4,13,10,23
239071,3,1,2,8,22,45,76,30,121,53,98,151
239105,3,1,2,13,23,42,44,36,86,55,67,122
239248,3,1,2,51,64,119,272,115,391,170,336,506
239309,3,1,2,0,2,0,0,2,0,0,2,2
239318,3,1,2,6,3,3,3,9,6,9,6,15
239372,3,1,2,4,4,253,301,8,554,257,305,562
239442,3,1,2,3,2,146,199,5,345,149,201,350
239488,3,1,2,79,97,2055,2039,176,4094,2134,2136,4270
239512,3,1,2,1,1,4,4,2,8,5,5,10
239716,3,1,2,2,6,11,6,8,17,13,12,25
240107,3,1,2,1,2,1,23,3,24,2,25,27
240170,3,1,2,2,3,73,163,5,236,75,166,241
240189,3,1,2,6,7,49,154,13,203,55,161,216
240198,3,1,2,8,7,218,204,15,422,226,211,437
240268,3,1,2,7,17,60,146,24,206,67,163,230
240277,3,1,2,42,110,571,1674,152,2245,613,1784,2397
240329,3,1,2,2,3,46,77,5,123,48,80,128
240338,3,1,2,1,4,5,3,5,8,6,7,13
240365,3,1,2,29,46,1555,2730,75,4285,1584,2776,4360
240374,3,1,2,1,8,69,122,9,191,70,130,200
240417,3,1,2,3,2,6,8,5,14,9,10,19
240426,3,1,2,1,6,52,83,7,135,53,89,142
240444,3,1,2,181,163,55,54,344,109,236,217,453
240453,3,1,2,17,44,242,450,61,692,259,494,753
240462,3,1,2,4,15,18,33,19,51,22,48,70
240471,3,1,2,6,11,125,207,17,332,131,218,349
240480,3,1,2,1,11,70,173,12,243,71,184,255
240505,3,1,2,3,8,320,207,11,527,323,215,538
240514,3,1,2,17,22,227,302,39,529,244,324,568
240596,3,1,2,16,48,320,388,64,708,336,436,772
240620,3,1,2,12,14,302,403,26,705,314,417,731
240657,3,1,2,23,31,166,212,54,378,189,243,432
240666,3,1,2,42,110,722,682,152,1404,764,792,1556
240727,3,1,2,14,35,12,16,49,28,26,51,77
240745,3,1,2,1,2,11,11,3,22,12,13,25
240790,3,1,2,14,48,9,10,62,19,23,58,81
241182,3,1,2,0,2,0,0,2,0,0,2,2
241191,3,1,2,2,3,1,0,5,1,3,3,6
241331,3,1,2,7,39,0,0,46,0,7,39,46
241377,3,1,2,1,1,0,0,2,0,1,1,2
241395,3,1,2,3,5,0,0,8,0,3,5,8
241410,3,1,2,67,116,4,14,183,18,71,130,201
241720,3,1,2,7,12,0,0,19,0,7,12,19
241739,3,1,2,8,35,1,0,43,1,9,35,44
241766,3,1,2,2,2,3,1,4,4,5,3,8
241836,3,1,2,0,3,0,2,3,2,0,5,5
241906,3,1,2,19,22,0,0,41,0,19,22,41
241951,3,1,2,1,12,0,0,13,0,1,12,13
242112,3,1,2,7,13,0,0,20,0,7,13,20
242130,3,1,2,1,2,0,0,3,0,1,2,3
242556,3,1,2,1,3,0,0,4,0,1,3,4
242617,3,1,2,33,36,2,3,69,5,35,39,74
242626,3,1,2,26,39,3,3,65,6,29,42,71
242635,3,1,2,14,27,0,1,41,1,14,28,42
242644,3,1,2,5,14,1,0,19,1,6,14,20
242653,3,1,2,17,19,1,2,36,3,18,21,39
242662,3,1,2,17,31,2,1,48,3,19,32,51
242680,3,1,2,8,17,0,0,25,0,8,17,25
242699,3,1,2,6,24,0,0,30,0,6,24,30
242705,3,1,2,38,28,0,0,66,0,38,28,66
243106,3,1,2,9,17,0,0,26,0,9,17,26
243142,3,1,2,54,96,38,31,150,69,92,127,219
243179,3,1,2,9,13,1,5,22,6,10,18,28
243188,3,1,2,4,2,0,0,6,0,4,2,6
243203,3,1,2,0,1,0,0,1,0,0,1,1
243212,3,1,2,2,0,3,8,2,11,5,8,13
243221,3,1,2,174,328,1,2,502,3,175,330,505
243346,3,1,2,20,44,6,3,64,9,26,47,73
243443,3,1,2,75,171,2,1,246,3,77,172,249
243577,3,1,2,58,34,5,6,92,11,63,40,103
243586,3,1,2,4,15,0,1,19,1,4,16,20
243601,3,1,2,35,75,3,2,110,5,38,77,115
243638,3,1,2,7,19,6,8,26,14,13,27,40
243647,3,1,2,1,3,1,2,4,3,2,5,7
243744,3,1,2,7,11,137,101,18,238,144,112,256
243780,3,1,2,186,135,15,6,321,21,201,141,342
243832,3,1,2,1,1,1,1,2,2,2,2,4
243841,3,1,2,0,1,0,0,1,0,0,1,1
244437,3,1,2,105,166,790,993,271,1783,895,1159,2054
244446,3,1,2,18,18,191,430,36,621,209,448,657
245625,3,1,2,77,104,928,1078,181,2006,1005,1182,2187
246813,3,1,2,12,13,195,391,25,586,207,404,611
246895,3,1,2,0,1,26,26,1,52,26,27,53
247603,3,1,2,5,4,56,50,9,106,61,54,115
247834,3,1,2,259,402,3336,5141,661,8477,3595,5543,9138
247940,3,1,2,100,204,631,679,304,1310,731,883,1614
248925,3,1,2,1,2,190,43,3,233,191,45,236
248934,3,1,2,3,7,34,39,10,73,37,46,83
251260,3,1,2,9,8,184,256,17,440,193,264,457
260929,3,1,2,0,2,0,0,2,0,0,2,2
262031,3,1,2,23,46,88,154,69,242,111,200,311
262086,3,1,2,0,0,23,37,0,60,23,37,60
262129,3,1,2,1,2,0,0,3,0,1,2,3
262341,3,1,2,1,1,0,0,2,0,1,1,2
363165,3,1,2,0,0,412,404,0,816,412,404,816
363633,3,1,2,0,4,64,61,4,125,64,65,129
363916,3,1,2,3,6,0,0,9,0,3,6,9
364016,3,1,2,26,42,246,365,68,611,272,407,679
364025,3,1,2,207,240,2235,2742,447,4977,2442,2982,5424
364636,3,1,2,0,0,0,1,0,1,0,1,1
365198,3,1,2,0,0,112,114,0,226,112,114,226
365480,3,1,2,0,0,90,94,0,184,90,94,184
366003,3,1,2,3,0,14,17,3,31,17,17,34
366252,3,1,2,39,20,6,5,59,11,45,25,70
366395,3,1,2,440,447,2107,2721,887,4828,2547,3168,5715
366401,3,1,2,42,46,160,152,88,312,202,198,400
366465,3,1,2,28,2,102,182,30,284,130,184,314
366623,3,1,2,0,0,80,85,0,165,80,85,165
366711,3,1,2,89,149,7,6,238,13,96,155,251
367459,3,1,2,99,158,932,1390,257,2322,1031,1548,2579
368911,3,1,2,6,5,193,378,11,571,199,383,582
372356,3,1,2,0,3,0,0,3,0,0,3,3
374574,3,1,2,0,1,0,0,1,0,0,1,1
375726,3,1,2,3,0,4,2,3,6,7,2,9
376288,3,1,2,4,9,0,0,13,0,4,9,13
376385,3,1,2,3,1,0,0,4,0,3,1,4
376446,3,1,2,0,1,0,0,1,0,0,1,1
376631,3,1,2,0,0,0,1,0,1,0,1,1
377218,3,1,2,1,0,0,0,1,0,1,0,1
377643,3,1,2,0,1,0,0,1,0,0,1,1
380359,3,1,2,0,2,2,9,2,11,2,11,13
383190,3,1,2,26,21,154,247,47,401,180,268,448
383996,3,1,2,8,23,98,146,31,244,106,169,275
384254,3,1,2,1,1,0,1,2,1,1,2,3
384333,3,1,2,54,109,1062,1624,163,2686,1116,1733,2849
384342,3,1,2,19,10,383,603,29,986,402,613,1015
395362,3,1,2,0,12,68,105,12,173,68,117,185
399212,3,1,2,64,77,331,474,141,805,395,551,946
399911,3,1,2,0,3,0,0,3,0,0,3,3
400187,3,1,2,0,2,0,0,2,0,0,2,2
401764,3,1,2,0,2,0,0,2,0,0,2,2
403469,3,1,2,7,15,161,169,22,330,168,184,352
403478,3,1,2,14,6,69,101,20,170,83,107,190
403487,3,1,2,8,21,107,117,29,224,115,138,253
404426,3,1,2,3,19,148,256,22,404,151,275,426
404684,3,1,2,2,6,0,0,8,0,2,6,8
405872,3,1,2,22,23,255,474,45,729,277,497,774
407832,3,1,2,0,1,1,1,1,2,1,2,3
408066,3,1,2,0,1,0,0,1,0,0,1,1
408844,3,1,2,0,5,0,0,5,0,0,5,5
409698,3,1,2,24,56,3,2,80,5,27,58,85
413617,3,1,2,4,1,11,28,5,39,15,29,44
414878,3,1,2,0,0,1,1,0,2,1,1,2
414911,3,1,2,14,35,397,720,49,1117,411,755,1166
418029,3,1,2,0,1,0,0,1,0,0,1,1
418533,3,1,2,0,5,0,0,5,0,0,5,5
420343,3,1,2,2,0,0,0,2,0,2,0,2
420431,3,1,2,2,3,125,207,5,332,127,210,337
420440,3,1,2,4,6,219,349,10,568,223,355,578
420538,3,1,2,4,12,154,179,16,333,158,191,349
420556,3,1,2,12,33,140,299,45,439,152,332,484
421610,3,1,2,0,11,0,0,11,0,0,11,11
423652,3,1,2,2,7,20,56,9,76,22,63,85
426314,3,1,2,11,4,74,29,15,103,85,33,118
428055,3,1,2,5,17,0,0,22,0,5,17,22
431284,3,1,2,0,1,0,0,1,0,0,1,1
433387,3,1,2,11,18,0,0,29,0,11,18,29
433660,3,1,2,105,121,101,140,226,241,206,261,467
434061,3,1,2,128,186,136,338,314,474,264,524,788
434159,3,1,2,1,0,0,0,1,0,1,0,1
434584,3,1,2,0,5,0,1,5,1,0,6,6
434672,3,1,2,98,127,603,1155,225,1758,701,1282,1983
435000,3,1,2,1,0,0,0,1,0,1,0,1
436553,3,1,2,8,75,0,0,83,0,8,75,83
436818,3,1,2,23,32,0,0,55,0,23,32,55
436827,3,1,2,20,9,0,0,29,0,20,9,29
436836,3,1,2,61,68,1,0,129,1,62,68,130
437103,3,1,2,12,9,619,819,21,1438,631,828,1459
438708,3,1,2,2,1,26,89,3,115,28,90,118
439190,3,1,2,169,200,67,89,369,156,236,289,525
440101,3,1,2,0,1,0,0,1,0,0,1,1
440828,3,1,2,1,6,2,3,7,5,3,9,12
441760,3,1,2,67,89,810,803,156,1613,877,892,1769
441900,3,1,2,27,104,993,1681,131,2674,1020,1785,2805
441937,3,1,2,17,53,2,2,70,4,19,55,74
442329,3,1,2,32,4,0,0,36,0,32,4,36
442356,3,1,2,0,3,3,33,3,36,3,36,39
442523,3,1,2,0,1,0,0,1,0,0,1,1
442930,3,1,2,3,8,0,0,11,0,3,8,11
443058,3,1,2,0,0,1,0,0,1,1,0,1
443331,3,1,2,0,1,0,0,1,0,0,1,1
444219,3,1,2,23,42,214,281,65,495,237,323,560
444291,3,1,2,0,2,0,1,2,1,0,3,3
444307,3,1,2,0,1,0,0,1,0,0,1,1
444583,3,1,2,5,11,0,0,16,0,5,11,16
444671,3,1,2,15,12,0,0,27,0,15,12,27
444787,3,1,2,1,1,1,0,2,1,2,1,3
445027,3,1,2,0,2,0,0,2,0,0,2,2
445188,3,1,2,204,183,2,2,387,4,206,185,391
445212,3,1,2,0,1,0,0,1,0,0,1,1
445267,3,1,2,2,17,388,644,19,1032,390,661,1051
445708,3,1,2,5,18,0,0,23,0,5,18,23
445911,3,1,2,1,0,0,0,1,0,1,0,1
445948,3,1,2,2,2,0,0,4,0,2,2,4
446233,3,1,2,0,1,2,3,1,5,2,4,6
446288,3,1,2,0,2,0,0,2,0,0,2,2
446774,3,1,2,30,63,142,221,93,363,172,284,456
447148,3,1,2,0,1,0,0,1,0,0,1,1
447582,3,1,2,2,5,49,69,7,118,51,74,125
447689,3,1,2,49,63,98,209,112,307,147,272,419
447759,3,1,2,0,2,0,0,2,0,0,2,2
448026,3,1,2,0,4,0,2,4,2,0,6,6
448248,3,1,2,3,85,369,502,88,871,372,587,959
448594,3,1,2,16,35,221,461,51,682,237,496,733
448673,3,1,2,0,0,0,1,0,1,0,1,1
449320,3,1,2,2,0,0,0,2,0,2,0,2
449472,3,1,2,0,2,0,0,2,0,0,2,2
449977,3,1,2,0,1,0,0,1,0,0,1,1
449986,3,1,2,0,1,0,0,1,0,0,1,1
450614,3,1,2,0,1,0,0,1,0,0,1,1
450641,3,1,2,1,2,0,1,3,1,1,3,4
450720,3,1,2,0,3,0,0,3,0,0,3,3
450933,3,1,2,16,14,3,3,30,6,19,17,36
451565,3,1,2,0,1,0,0,1,0,0,1,1
451583,3,1,2,18,1,59,39,19,98,77,40,117
451714,3,1,2,0,5,0,0,5,0,0,5,5
451750,3,1,2,1,0,0,0,1,0,1,0,1
454227,3,1,2,0,3,0,0,3,0,0,3,3
454245,3,1,2,0,2,0,0,2,0,0,2,2
454652,3,1,2,0,2,0,0,2,0,0,2,2
454698,3,1,2,2,4,0,0,6,0,2,4,6
454768,3,1,2,0,1,0,1,1,1,0,2,2
454777,3,1,2,0,1,0,0,1,0,0,1,1
454810,3,1,2,2,4,0,0,6,0,2,4,6
454926,3,1,2,0,0,0,1,0,1,0,1,1
454944,3,1,2,0,4,0,0,4,0,0,4,4
455114,3,1,2,38,47,1628,2021,85,3649,1666,2068,3734
455196,3,1,2,0,13,0,0,13,0,0,13,13
455284,3,1,2,0,1,0,0,1,0,0,1,1
455512,3,1,2,14,15,182,269,29,451,196,284,480
455831,3,1,2,0,1,0,0,1,0,0,1,1
455868,3,1,2,0,2,0,0,2,0,0,2,2
455901,3,1,2,0,1,0,0,1,0,0,1,1
456029,3,1,2,0,1,0,0,1,0,0,1,1
456065,3,1,2,0,1,0,0,1,0,0,1,1
456074,3,1,2,0,1,0,0,1,0,0,1,1
456959,3,1,2,1,13,1,1,14,2,2,14,16
457253,3,1,2,0,0,0,2,0,2,0,2,2
457323,3,1,2,0,2,0,0,2,0,0,2,2
457475,3,1,2,0,1,0,0,1,0,0,1,1
457633,3,1,2,0,1,0,2,1,2,0,3,3
457679,3,1,2,0,3,0,0,3,0,0,3,3
457855,3,1,2,0,3,0,0,3,0,0,3,3
458830,3,1,2,0,1,0,0,1,0,0,1,1
458858,3,1,2,0,2,0,0,2,0,0,2,2
458867,3,1,2,0,1,0,0,1,0,0,1,1
459019,3,1,2,0,2,0,0,2,0,0,2,2
459046,3,1,2,1,1,0,0,2,0,1,1,2
459170,3,1,2,0,0,0,1,0,1,0,1,1
459198,3,1,2,0,1,0,1,1,1,0,2,2
459231,3,1,2,0,3,0,0,3,0,0,3,3
459392,3,1,2,0,1,0,1,1,1,0,2,2
459949,3,1,2,15,24,78,111,39,189,93,135,228
460394,3,1,2,37,50,216,306,87,522,253,356,609
460464,3,1,2,38,41,523,895,79,1418,561,936,1497
460677,3,1,2,2,0,0,0,2,0,2,0,2
461193,3,1,2,0,1,0,0,1,0,0,1,1
461272,3,1,2,0,6,0,0,6,0,0,6,6
461591,3,1,2,0,2,0,0,2,0,0,2,2
461652,3,1,2,0,1,0,0,1,0,0,1,1
461759,3,1,2,4,1,0,0,5,0,4,1,5
461917,3,1,2,0,2,0,31,2,31,0,33,33
462008,3,1,2,0,1,0,1,1,1,0,2,2
463056,3,1,2,56,72,1,1,128,2,57,73,130
466921,3,1,2,0,1,0,0,1,0,0,1,1
467863,3,1,2,0,7,0,0,7,0,0,7,7
467872,3,1,2,0,3,0,0,3,0,0,3,3
468893,3,1,2,0,2,0,0,2,0,0,2,2
474863,3,1,2,0,0,0,1,0,1,0,1,1
474915,3,1,2,0,7,0,0,7,0,0,7,7
474924,3,1,2,0,1,0,1,1,1,0,2,2
475486,3,1,2,0,2,1,0,2,1,1,2,3
475547,3,1,2,0,0,0,1,0,1,0,1,1
475556,3,1,2,0,1,0,0,1,0,0,1,1
475723,3,1,2,5,6,151,97,11,248,156,103,259
475732,3,1,2,0,1,1,0,1,1,1,1,2
475741,3,1,2,0,1,0,0,1,0,0,1,1
475839,3,1,2,0,0,0,2,0,2,0,2,2
476063,3,1,2,1,1,0,0,2,0,1,1,2
476841,3,1,2,0,1,0,0,1,0,0,1,1
476975,3,1,2,0,0,33,49,0,82,33,49,82
476984,3,1,2,1,0,0,0,1,0,1,0,1
478582,3,1,2,0,1,0,0,1,0,0,1,1
478953,3,1,2,0,2,0,0,2,0,0,2,2
479956,3,1,2,37,70,10,13,107,23,47,83,130
479983,3,1,2,0,1,0,0,1,0,0,1,1
480091,3,1,2,0,4,6,5,4,11,6,9,15
480310,3,1,2,0,2,0,0,2,0,0,2,2
480569,3,1,2,0,1,0,0,1,0,0,1,1
481191,3,1,2,0,2,0,0,2,0,0,2,2
481526,3,1,2,0,2,0,0,2,0,0,2,2
481678,3,1,2,0,1,0,0,1,0,0,1,1
481739,3,1,2,0,1,0,0,1,0,0,1,1
481748,3,1,2,0,1,0,0,1,0,0,1,1
481845,3,1,2,0,0,0,1,0,1,0,1,1
482149,3,1,2,11,37,52,69,48,121,63,106,169
482158,3,1,2,16,20,188,270,36,458,204,290,494
482176,3,1,2,1,1,0,0,2,0,1,1,2
482431,3,1,2,0,1,0,0,1,0,0,1,1
482477,3,1,2,39,50,23,25,89,48,62,75,137
482680,3,1,2,48,92,383,644,140,1027,431,736,1167
482699,3,1,2,1,6,54,132,7,186,55,138,193
482705,3,1,2,21,52,0,3,73,3,21,55,76
482936,3,1,2,19,8,2,0,27,2,21,8,29
483036,3,1,2,1,0,1,2,1,3,2,2,4
483045,3,1,2,34,78,1443,1880,112,3323,1477,1958,3435
483054,3,1,2,1,0,0,0,1,0,1,0,1
483124,3,1,2,4,14,25,72,18,97,29,86,115
483328,3,1,2,0,1,0,0,1,0,0,1,1
483337,3,1,2,0,1,0,1,1,1,0,2,2
483595,3,1,2,0,9,1,13,9,14,1,22,23
483911,3,1,2,0,1,0,0,1,0,0,1,1
484011,3,1,2,0,3,0,0,3,0,0,3,3
484093,3,1,2,0,1,0,0,1,0,0,1,1
484109,3,1,2,0,1,0,0,1,0,0,1,1
484394,3,1,2,0,2,0,0,2,0,0,2,2
484473,3,1,2,5,4,235,300,9,535,240,304,544
484613,3,1,2,22,50,0,0,72,0,22,50,72
484905,3,1,2,13,45,1,1,58,2,14,46,60
485014,3,1,2,0,1,0,0,1,0,0,1,1
485032,3,1,2,0,2,0,0,2,0,0,2,2
485111,3,1,2,11,31,594,1160,42,1754,605,1191,1796
485458,3,1,2,57,67,630,1006,124,1636,687,1073,1760
486567,3,1,2,0,2,0,0,2,0,0,2,2
486798,3,1,2,27,1,0,0,28,0,27,1,28
486840,3,1,2,119,209,189,290,328,479,308,499,807
486956,3,1,2,0,1,0,0,1,0,0,1,1
487092,3,1,2,6,14,0,0,20,0,6,14,20
487162,3,1,2,23,16,595,794,39,1389,618,810,1428
487524,3,1,2,2,9,15,54,11,69,17,63,80
487773,3,1,2,0,1,0,0,1,0,0,1,1
488013,3,1,2,1,0,0,0,1,0,1,0,1
488031,3,1,2,1,0,0,0,1,0,1,0,1
488305,3,1,2,1,0,0,0,1,0,1,0,1
488998,3,1,2,0,4,0,0,4,0,0,4,4
489140,3,1,2,0,1,0,2,1,2,0,3,3
489201,3,1,2,28,56,235,363,84,598,263,419,682
489344,3,1,2,0,1,0,0,1,0,0,1,1
489353,3,1,2,0,1,0,1,1,1,0,2,2
489779,3,1,2,1,1,3,3,2,6,4,4,8
490115,3,1,2,4,1,0,0,5,0,4,1,5
490300,3,1,2,0,0,0,1,0,1,0,1,1
490425,3,1,2,0,2,0,0,2,0,0,2,2
490805,3,1,2,22,40,747,1129,62,1876,769,1169,1938
491145,3,1,2,0,2,0,0,2,0,0,2,2
491835,3,1,2,0,1,0,0,1,0,0,1,1
492476,3,1,2,0,0,0,1,0,1,0,1,1
492759,3,1,2,0,0,0,4,0,4,0,4,4
492801,3,1,2,1,0,0,3,1,3,1,3,4
492962,3,1,2,0,0,0,1,0,1,0,1,1
493804,3,1,2,0,1,0,0,1,0,0,1,1
493831,3,1,2,1,0,0,0,1,0,1,0,1
494959,3,1,2,0,0,1,7,0,8,1,7,8
495101,3,1,2,0,1,0,0,1,0,0,1,1
495271,3,1,2,0,0,2,4,0,6,2,4,6
495411,3,1,2,0,2,0,0,2,0,0,2,2
495518,3,1,2,0,3,0,0,3,0,0,3,3
496052,3,1,2,1,0,0,0,1,0,1,0,1
496733,3,1,2,0,3,0,0,3,0,0,3,3
497046,3,1,2,22,27,250,540,49,790,272,567,839
497107,3,1,2,0,0,12,57,0,69,12,57,69
497301,3,1,2,0,11,0,1,11,1,0,12,12
498562,3,1,2,81,157,179,370,238,549,260,527,787
498571,3,1,2,13,41,53,85,54,138,66,126,192
100858,3,1,5,0,0,0,1,0,1,0,1,1
104151,3,1,5,1,2,0,0,3,0,1,2,3
104179,3,1,5,0,0,0,1,0,1,0,1,1
104717,3,1,5,0,0,0,1,0,1,0,1,1
110097,3,1,5,0,0,2,0,0,2,2,0,2
110529,3,1,5,1,0,0,0,1,0,1,0,1
110671,3,1,5,1,0,0,0,1,0,1,0,1
110680,3,1,5,0,1,0,0,1,0,0,1,1
121150,3,1,5,1,0,0,0,1,0,1,0,1
123961,3,1,5,0,1,2,2,1,4,2,3,5
126562,3,1,5,1,0,0,1,1,1,1,1,2
130943,3,1,5,0,0,1,0,0,1,1,0,1
132903,3,1,5,0,0,1,0,0,1,1,0,1
133553,3,1,5,1,0,0,0,1,0,1,0,1
134130,3,1,5,1,0,0,0,1,0,1,0,1
136950,3,1,5,0,0,1,0,0,1,1,0,1
139755,3,1,5,0,0,1,0,0,1,1,0,1
141574,3,1,5,1,0,0,0,1,0,1,0,1
145637,3,1,5,1,0,0,0,1,0,1,0,1
151351,3,1,5,0,1,0,0,1,0,0,1,1
155025,3,1,5,0,0,0,1,0,1,0,1,1
159656,3,1,5,0,1,0,0,1,0,0,1,1
168005,3,1,5,0,0,1,0,0,1,1,0,1
174066,3,1,5,1,0,0,0,1,0,1,0,1
174899,3,1,5,0,0,0,1,0,1,0,1,1
178059,3,1,5,0,0,1,0,0,1,1,0,1
179566,3,1,5,0,0,1,0,0,1,1,0,1
180461,3,1,5,0,0,0,1,0,1,0,1,1
190044,3,1,5,0,0,0,2,0,2,0,2,2
193973,3,1,5,0,4,0,1,4,1,0,5,5
196255,3,1,5,0,1,0,0,1,0,0,1,1
196468,3,1,5,1,0,0,0,1,0,1,0,1
197708,3,1,5,1,3,1,1,4,2,2,4,6
199193,3,1,5,1,0,0,0,1,0,1,0,1
206695,3,1,5,0,0,1,0,0,1,1,0,1
207324,3,1,5,0,0,1,0,0,1,1,0,1
214777,3,1,5,0,1,0,0,1,0,0,1,1
215293,3,1,5,0,0,1,0,0,1,1,0,1
218335,3,1,5,1,0,0,0,1,0,1,0,1
225511,3,1,5,2,4,6,4,6,10,8,8,16
228529,3,1,5,1,0,0,0,1,0,1,0,1
228778,3,1,5,0,1,0,0,1,0,0,1,1
232557,3,1,5,1,1,0,0,2,0,1,1,2
233541,3,1,5,0,0,2,10,0,12,2,10,12
235316,3,1,5,0,1,0,0,1,0,0,1,1
236577,3,1,5,0,2,0,1,2,1,0,3,3
237792,3,1,5,0,1,0,0,1,0,0,1,1
242644,3,1,5,0,1,0,0,1,0,0,1,1
242653,3,1,5,0,4,0,0,4,0,0,4,4
243744,3,1,5,1,1,0,0,2,0,1,1,2
426314,3,1,5,1,0,0,0,1,0,1,0,1
433387,3,1,5,1,0,0,0,1,0,1,0,1
448673,3,1,5,0,1,0,0,1,0,0,1,1
483124,3,1,5,0,1,0,0,1,0,0,1,1
491808,3,1,5,0,0,0,1,0,1,0,1,1
100663,4,2,1,1365,2721,38,68,4086,106,1403,2789,4192
100706,4,2,1,1260,754,24,20,2014,44,1284,774,2058
100751,4,2,1,5783,8037,76,94,13820,170,5859,8131,13990
100760,4,2,1,149,167,92,75,316,167,241,242,483
100812,4,2,1,2,25,2,3,27,5,4,28,32
100830,4,2,1,235,520,35,51,755,86,270,571,841
100858,4,2,1,4329,5393,143,94,9722,237,4472,5487,9959
100937,4,2,1,221,190,0,0,411,0,221,190,411
101143,4,2,1,249,225,77,65,474,142,326,290,616
101161,4,2,1,621,938,315,284,1559,599,936,1222,2158
101189,4,2,1,137,95,9,8,232,17,146,103,249
101240,4,2,1,418,549,175,203,967,378,593,752,1345
101286,4,2,1,217,360,166,221,577,387,383,581,964
101295,4,2,1,486,731,186,359,1217,545,672,1090,1762
101301,4,2,1,142,129,66,62,271,128,208,191,399
101435,4,2,1,131,103,0,0,234,0,131,103,234
101453,4,2,1,4,3,0,1,7,1,4,4,8
101462,4,2,1,41,29,43,36,70,79,84,65,149
101480,4,2,1,1129,1753,57,56,2882,113,1186,1809,2995
101505,4,2,1,376,558,376,517,934,893,752,1075,1827
101514,4,2,1,663,740,475,494,1403,969,1138,1234,2372
101569,4,2,1,247,302,111,183,549,294,358,485,843
101587,4,2,1,182,274,13,19,456,32,195,293,488
101648,4,2,1,161,78,0,0,239,0,161,78,239
101709,4,2,1,296,526,3,9,822,12,299,535,834
101736,4,2,1,248,274,243,234,522,477,491,508,999
101897,4,2,1,216,295,102,148,511,250,318,443,761
101912,4,2,1,215,295,5,5,510,10,220,300,520
101994,4,2,1,64,16,23,18,80,41,87,34,121
102030,4,2,1,157,195,108,110,352,218,265,305,570
102049,4,2,1,506,1188,1,1,1694,2,507,1189,1696
102067,4,2,1,468,495,151,219,963,370,619,714,1333
102076,4,2,1,240,386,102,189,626,291,342,575,917
102094,4,2,1,994,1767,32,35,2761,67,1026,1802,2828
102234,4,2,1,156,217,1,0,373,1,157,217,374
102313,4,2,1,146,131,68,90,277,158,214,221,435
102368,4,2,1,694,1399,58,94,2093,152,752,1493,2245
102377,4,2,1,350,580,3,5,930,8,353,585,938
102395,4,2,1,0,0,1,0,0,1,1,0,1
102429,4,2,1,265,375,140,177,640,317,405,552,957
102553,4,2,1,449,595,196,346,1044,542,645,941,1586
102614,4,2,1,353,443,77,129,796,206,430,572,1002
102632,4,2,1,51,76,42,59,127,101,93,135,228
103741,4,2,1,0,20,0,1,20,1,0,21,21
104151,4,2,1,12398,13099,296,243,25497,539,12694,13342,26036
104160,4,2,1,407,593,468,629,1000,1097,875,1222,2097
104179,4,2,1,4880,7486,1236,1629,12366,2865,6116,9115,15231
104346,4,2,1,138,216,404,492,354,896,542,708,1250
104391,4,2,1,1,15,0,0,16,0,1,15,16
104425,4,2,1,265,360,137,142,625,279,402,502,904
104443,4,2,1,0,9,0,0,9,0,0,9,9
104568,4,2,1,2,65,0,48,67,48,2,113,115
104577,4,2,1,180,376,103,125,556,228,283,501,784
104586,4,2,1,845,371,3,2,1216,5,848,373,1221
104708,4,2,1,908,962,688,807,1870,1495,1596,1769,3365
104717,4,2,1,4113,6831,274,748,10944,1022,4387,7579,11966
105145,4,2,1,129,155,145,214,284,359,274,369,643
105154,4,2,1,812,939,743,839,1751,1582,1555,1778,3333
105206,4,2,1,66,79,242,373,145,615,308,452,760
105297,4,2,1,57,97,16,30,154,46,73,127,200
105330,4,2,1,3229,5694,118,328,8923,446,3347,6022,9369
105349,4,2,1,69,60,91,152,129,243,160,212,372
105428,4,2,1,282,494,329,494,776,823,611,988,1599
105525,4,2,1,704,747,987,1221,1451,2208,1691,1968,3659
105659,4,2,1,139,7,0,0,146,0,139,7,146
105668,4,2,1,63,89,356,399,152,755,419,488,907
105747,4,2,1,347,324,349,338,671,687,696,662,1358
105792,4,2,1,204,210,167,180,414,347,371,390,761
106148,4,2,1,255,284,236,229,539,465,491,513,1004
106245,4,2,1,280,435,76,123,715,199,356,558,914
106263,4,2,1,1,7,0,0,8,0,1,7,8
106324,4,2,1,0,3,0,0,3,0,0,3,3
106397,4,2,1,5055,6913,125,117,11968,242,5180,7030,12210
106412,4,2,1,347,459,59,60,806,119,406,519,925
106449,4,2,1,300,419,61,73,719,134,361,492,853
106458,4,2,1,848,1251,90,108,2099,198,938,1359,2297
106467,4,2,1,913,1094,89,102,2007,191,1002,1196,2198
106546,4,2,1,0,15,1,6,15,7,1,21,22
106625,4,2,1,107,156,37,33,263,70,144,189,333
106713,4,2,1,101,76,1,3,177,4,102,79,181
106908,4,2,1,2,74,0,2,76,2,2,76,78
107080,4,2,1,282,301,0,0,583,0,282,301,583
107099,4,2,1,1,23,0,0,24,0,1,23,24
107141,4,2,1,212,313,26,19,525,45,238,332,570
107318,4,2,1,27,61,48,48,88,96,75,109,184
107512,4,2,1,326,459,9,9,785,18,335,468,803
107521,4,2,1,44,52,67,36,96,103,111,88,199
107558,4,2,1,156,182,0,0,338,0,156,182,338
107585,4,2,1,236,244,48,54,480,102,284,298,582
107600,4,2,1,62,119,8,15,181,23,70,134,204
107619,4,2,1,26,29,7,35,55,42,33,64,97
107664,4,2,1,336,496,105,135,832,240,441,631,1072
107725,4,2,1,71,87,33,58,158,91,104,145,249
107743,4,2,1,87,105,17,17,192,34,104,122,226
107789,4,2,1,0,55,0,0,55,0,0,55,55
107974,4,2,1,99,115,24,45,214,69,123,160,283
107983,4,2,1,505,646,11,16,1151,27,516,662,1178
107992,4,2,1,135,123,21,19,258,40,156,142,298
108092,4,2,1,456,785,63,52,1241,115,519,837,1356
108232,4,2,1,132,212,95,150,344,245,227,362,589
108667,4,2,1,118,77,423,462,195,885,541,539,1080
108807,4,2,1,837,899,532,551,1736,1083,1369,1450,2819
108852,4,2,1,23,42,0,0,65,0,23,42,65
109208,4,2,1,944,929,1493,1459,1873,2952,2437,2388,4825
109350,4,2,1,831,913,776,785,1744,1561,1607,1698,3305
109785,4,2,1,233,535,3,5,768,8,236,540,776
109819,4,2,1,1629,2190,1303,1448,3819,2751,2932,3638,6570
109907,4,2,1,90,154,87,108,244,195,177,262,439
109934,4,2,1,5,70,0,0,75,0,5,70,75
110097,4,2,1,477,732,2,14,1209,16,479,746,1225
110246,4,2,1,881,991,424,375,1872,799,1305,1366,2671
110334,4,2,1,476,488,737,777,964,1514,1213,1265,2478
110361,4,2,1,917,1632,19,43,2549,62,936,1675,2611
110404,4,2,1,216,226,0,0,442,0,216,226,442
110413,4,2,1,390,512,0,0,902,0,390,512,902
110422,4,2,1,4261,4736,54,39,8997,93,4315,4775,9090
110486,4,2,1,596,1207,31,58,1803,89,627,1265,1892
110495,4,2,1,530,1112,60,91,1642,151,590,1203,1793
110510,4,2,1,1383,2089,122,177,3472,299,1505,2266,3771
110529,4,2,1,3455,2815,156,134,6270,290,3611,2949,6560
110538,4,2,1,1490,1876,48,47,3366,95,1538,1923,3461
110547,4,2,1,1273,1731,120,137,3004,257,1393,1868,3261
110556,4,2,1,2135,3251,152,218,5386,370,2287,3469,5756
110565,4,2,1,3128,4907,260,317,8035,577,3388,5224,8612
110574,4,2,1,631,907,31,31,1538,62,662,938,1600
110583,4,2,1,3361,5509,174,223,8870,397,3535,5732,9267
110592,4,2,1,2563,3472,198,225,6035,423,2761,3697,6458
110608,4,2,1,3522,4261,161,151,7783,312,3683,4412,8095
110617,4,2,1,2554,3621,215,217,6175,432,2769,3838,6607
110635,4,2,1,5299,7590,62,94,12889,156,5361,7684,13045
110644,4,2,1,4895,7752,54,89,12647,143,4949,7841,12790
110653,4,2,1,4508,6877,21,34,11385,55,4529,6911,11440
110662,4,2,1,4719,8169,31,45,12888,76,4750,8214,12964
110671,4,2,1,4455,5064,66,75,9519,141,4521,5139,9660
110680,4,2,1,5648,7425,35,28,13073,63,5683,7453,13136
110699,4,2,1,0,1,0,0,1,0,0,1,1
110705,4,2,1,3706,5467,31,37,9173,68,3737,5504,9241
110714,4,2,1,3196,4033,38,54,7229,92,3234,4087,7321
110918,4,2,1,0,0,0,1,0,1,0,1,1
111188,4,2,1,214,58,1,0,272,1,215,58,273
111434,4,2,1,243,167,417,451,410,868,660,618,1278
111461,4,2,1,1383,1500,700,641,2883,1341,2083,2141,4224
111513,4,2,1,0,29,0,5,29,5,0,34,34
111887,4,2,1,1569,1622,816,724,3191,1540,2385,2346,4731
111896,4,2,1,110,140,170,227,250,397,280,367,647
111920,4,2,1,718,692,673,574,1410,1247,1391,1266,2657
111939,4,2,1,1147,1339,1079,1237,2486,2316,2226,2576,4802
111948,4,2,1,1216,2216,10,25,3432,35,1226,2241,3467
112075,4,2,1,208,349,22,40,557,62,230,389,619
112084,4,2,1,38,61,7,16,99,23,45,77,122
112172,4,2,1,869,965,430,362,1834,792,1299,1327,2626
112260,4,2,1,265,309,0,0,574,0,265,309,574
112367,4,2,1,0,1,0,6,1,6,0,7,7
112385,4,2,1,55,45,333,421,100,754,388,466,854
112561,4,2,1,199,187,75,93,386,168,274,280,554
112686,4,2,1,82,107,93,106,189,199,175,213,388
112826,4,2,1,317,284,351,347,601,698,668,631,1299
113096,4,2,1,821,850,1082,1205,1671,2287,1903,2055,3958
113111,4,2,1,343,411,372,392,754,764,715,803,1518
113193,4,2,1,800,762,518,506,1562,1024,1318,1268,2586
113236,4,2,1,1081,1337,683,699,2418,1382,1764,2036,3800
113333,4,2,1,2286,1908,651,535,4194,1186,2937,2443,5380
113573,4,2,1,958,1030,510,518,1988,1028,1468,1548,3016
113582,4,2,1,0,6,0,0,6,0,0,6,6
113634,4,2,1,1668,1467,953,804,3135,1757,2621,2271,4892
113698,4,2,1,106,319,2,0,425,2,108,319,427
113856,4,2,1,1055,1226,1114,1142,2281,2256,2169,2368,4537
113980,4,2,1,1889,1815,1074,929,3704,2003,2963,2744,5707
114266,4,2,1,442,468,544,528,910,1072,986,996,1982
114354,4,2,1,61,344,14,45,405,59,75,389,464
114433,4,2,1,137,138,29,34,275,63,166,172,338
114716,4,2,1,608,580,496,446,1188,942,1104,1026,2130
114761,4,2,1,1,12,0,0,13,0,1,12,13
114789,4,2,1,1182,1519,1288,1414,2701,2702,2470,2933,5403
114813,4,2,1,104,185,1,9,289,10,105,194,299
114859,4,2,1,1737,1824,1038,983,3561,2021,2775,2807,5582
114938,4,2,1,305,412,226,215,717,441,531,627,1158
114947,4,2,1,5,6,0,0,11,0,5,6,11
115001,4,2,1,978,957,465,398,1935,863,1443,1355,2798
115083,4,2,1,0,2,0,0,2,0,0,2,2
115126,4,2,1,762,797,669,755,1559,1424,1431,1552,2983
115393,4,2,1,864,983,396,451,1847,847,1260,1434,2694
115755,4,2,1,544,777,24,32,1321,56,568,809,1377
115861,4,2,1,817,976,409,417,1793,826,1226,1393,2619
116439,4,2,1,1240,1016,647,602,2256,1249,1887,1618,3505
116563,4,2,1,3,33,0,0,36,0,3,33,36
116846,4,2,1,0,0,2,1,0,3,2,1,3
117052,4,2,1,596,530,571,564,1126,1135,1167,1094,2261
117104,4,2,1,40,61,3,1,101,4,43,62,105
117195,4,2,1,99,121,83,48,220,131,182,169,351
117247,4,2,1,197,137,593,504,334,1097,790,641,1431
117274,4,2,1,106,86,37,35,192,72,143,121,264
117645,4,2,1,1813,2166,947,939,3979,1886,2760,3105,5865
117690,4,2,1,359,462,338,427,821,765,697,889,1586
117706,4,2,1,1109,1257,1009,1004,2366,2013,2118,2261,4379
117715,4,2,1,86,92,219,311,178,530,305,403,708
117724,4,2,1,542,264,922,494,806,1416,1464,758,2222
117733,4,2,1,667,687,855,881,1354,1736,1522,1568,3090
117788,4,2,1,399,446,567,559,845,1126,966,1005,1971
117867,4,2,1,376,422,554,591,798,1145,930,1013,1943
117894,4,2,1,691,840,618,561,1531,1179,1309,1401,2710
117946,4,2,1,1372,1667,9,11,3039,20,1381,1678,3059
118347,4,2,1,308,254,260,199,562,459,568,453,1021
118684,4,2,1,110,156,153,154,266,307,263,310,573
118718,4,2,1,944,1220,420,470,2164,890,1364,1690,3054
118772,4,2,1,74,116,323,355,190,678,397,471,868
118930,4,2,1,240,229,316,287,469,603,556,516,1072
118976,4,2,1,1344,1708,796,906,3052,1702,2140,2614,4754
119067,4,2,1,436,462,248,209,898,457,684,671,1355
119137,4,2,1,1315,1280,928,845,2595,1773,2243,2125,4368
119164,4,2,1,2087,1992,1522,1491,4079,3013,3609,3483,7092
119216,4,2,1,1192,1452,845,1055,2644,1900,2037,2507,4544
119331,4,2,1,336,439,237,255,775,492,573,694,1267
120166,4,2,1,7,4,0,0,11,0,7,4,11
120254,4,2,1,337,543,0,0,880,0,337,543,880
120290,4,2,1,719,704,548,444,1423,992,1267,1148,2415
120342,4,2,1,1822,1716,1089,1127,3538,2216,2911,2843,5754
120403,4,2,1,112,326,0,0,438,0,112,326,438
120421,4,2,1,389,424,579,521,813,1100,968,945,1913
120865,4,2,1,74,121,2,5,195,7,76,126,202
120883,4,2,1,612,841,5,9,1453,14,617,850,1467
120953,4,2,1,34,50,37,30,84,67,71,80,151
120971,4,2,1,1519,1500,917,788,3019,1705,2436,2288,4724
121044,4,2,1,1946,2030,1157,1135,3976,2292,3103,3165,6268
121150,4,2,1,647,1114,2,5,1761,7,649,1119,1768
121275,4,2,1,6,8,0,0,14,0,6,8,14
121309,4,2,1,425,790,2,1,1215,3,427,791,1218
121363,4,2,1,335,446,171,239,781,410,506,685,1191
121619,4,2,1,920,844,1131,1002,1764,2133,2051,1846,3897
121707,4,2,1,249,243,138,133,492,271,387,376,763
121886,4,2,1,1094,1058,766,601,2152,1367,1860,1659,3519
121901,4,2,1,1202,1598,1515,1874,2800,3389,2717,3472,6189
122180,4,2,1,752,991,1039,1340,1743,2379,1791,2331,4122
122205,4,2,1,1486,1456,1000,877,2942,1877,2486,2333,4819
122296,4,2,1,0,1,0,0,1,0,0,1,1
122339,4,2,1,311,430,864,990,741,1854,1175,1420,2595
122375,4,2,1,844,970,1197,1295,1814,2492,2041,2265,4306
122384,4,2,1,548,338,928,840,886,1768,1476,1178,2654
122409,4,2,1,4123,6488,90,136,10611,226,4213,6624,10837
122436,4,2,1,858,1374,4,6,2232,10,862,1380,2242
122597,4,2,1,2142,3134,202,235,5276,437,2344,3369,5713
122612,4,2,1,836,1770,9,3,2606,12,845,1773,2618
122658,4,2,1,1437,1692,730,844,3129,1574,2167,2536,4703
122728,4,2,1,113,158,6,5,271,11,119,163,282
122746,4,2,1,291,391,419,441,682,860,710,832,1542
122755,4,2,1,3576,3249,308,218,6825,526,3884,3467,7351
122791,4,2,1,570,504,696,569,1074,1265,1266,1073,2339
122889,4,2,1,1526,1881,521,478,3407,999,2047,2359,4406
122931,4,2,1,1248,1372,5,3,2620,8,1253,1375,2628
122977,4,2,1,1957,2238,1009,1144,4195,2153,2966,3382,6348
123013,4,2,1,1012,1063,856,868,2075,1724,1868,1931,3799
123165,4,2,1,0,490,0,0,490,0,0,490,490
123217,4,2,1,1240,1458,668,753,2698,1421,1908,2211,4119
123341,4,2,1,1547,1700,805,756,3247,1561,2352,2456,4808
123457,4,2,1,73,101,1,0,174,1,74,101,175
123484,4,2,1,166,103,43,29,269,72,209,132,341
123509,4,2,1,442,365,564,500,807,1064,1006,865,1871
123563,4,2,1,528,693,438,425,1221,863,966,1118,2084
123572,4,2,1,549,963,23,29,1512,52,572,992,1564
123800,4,2,1,1397,1609,879,877,3006,1756,2276,2486,4762
123952,4,2,1,23,21,0,0,44,0,23,21,44
123961,4,2,1,3590,4273,38,24,7863,62,3628,4297,7925
124113,4,2,1,141,239,161,132,380,293,302,371,673
125028,4,2,1,867,1010,747,786,1877,1533,1614,1796,3410
125231,4,2,1,1,4,1,8,5,9,2,12,14
125462,4,2,1,151,145,160,215,296,375,311,360,671
125471,4,2,1,195,227,388,349,422,737,583,576,1159
125499,4,2,1,543,664,378,301,1207,679,921,965,1886
125763,4,2,1,173,175,2,2,348,4,175,177,352
125897,4,2,1,77,128,4,2,205,6,81,130,211
126119,4,2,1,290,375,353,390,665,743,643,765,1408
126182,4,2,1,239,189,16,32,428,48,255,221,476
126207,4,2,1,300,340,433,531,640,964,733,871,1604
126289,4,2,1,389,388,569,531,777,1100,958,919,1877
126562,4,2,1,1069,1560,194,228,2629,422,1263,1788,3051
126580,4,2,1,1105,1371,104,113,2476,217,1209,1484,2693
126614,4,2,1,6240,6067,153,114,12307,267,6393,6181,12574
126711,4,2,1,248,284,142,149,532,291,390,433,823
126748,4,2,1,74,84,27,41,158,68,101,125,226
126775,4,2,1,1790,869,8,7,2659,15,1798,876,2674
126818,4,2,1,3840,5367,212,262,9207,474,4052,5629,9681
126827,4,2,1,28,91,27,85,119,112,55,176,231
126863,4,2,1,197,224,273,357,421,630,470,581,1051
126915,4,2,1,9,12,11,29,21,40,20,41,61
126942,4,2,1,209,315,303,427,524,730,512,742,1254
126951,4,2,1,382,34,0,0,416,0,382,34,416
127185,4,2,1,545,716,12,24,1261,36,557,740,1297
127200,4,2,1,686,736,886,1106,1422,1992,1572,1842,3414
127316,4,2,1,3,21,1,40,24,41,4,61,65
127389,4,2,1,102,117,22,24,219,46,124,141,265
127556,4,2,1,1181,1389,107,98,2570,205,1288,1487,2775
127565,4,2,1,1002,1337,392,403,2339,795,1394,1740,3134
127617,4,2,1,50,65,86,105,115,191,136,170,306
127653,4,2,1,7,21,0,0,28,0,7,21,28
127714,4,2,1,0,0,5,1,0,6,5,1,6
127732,4,2,1,193,226,26,42,419,68,219,268,487
127741,4,2,1,641,1403,49,54,2044,103,690,1457,2147
127778,4,2,1,115,122,19,32,237,51,134,154,288
127820,4,2,1,516,608,547,693,1124,1240,1063,1301,2364
127884,4,2,1,146,158,193,293,304,486,339,451,790
127909,4,2,1,343,322,264,293,665,557,607,615,1222
127918,4,2,1,221,460,4,3,681,7,225,463,688
128106,4,2,1,413,430,129,145,843,274,542,575,1117
128258,4,2,1,126,125,37,56,251,93,163,181,344
128337,4,2,1,0,16,0,3,16,3,0,19,19
128498,4,2,1,123,150,1,0,273,1,124,150,274
128577,4,2,1,139,113,81,72,252,153,220,185,405
128744,4,2,1,141,269,2,5,410,7,143,274,417
128771,4,2,1,1110,947,43,41,2057,84,1153,988,2141
128780,4,2,1,0,6,5,8,6,13,5,14,19
128902,4,2,1,333,629,0,0,962,0,333,629,962
129020,4,2,1,3340,4442,23,23,7782,46,3363,4465,7828
129154,4,2,1,19,15,20,89,34,109,39,104,143
129181,4,2,1,491,34,35,1,525,36,526,35,561
129215,4,2,1,536,853,15,10,1389,25,551,863,1414
129242,4,2,1,961,1370,10,7,2331,17,971,1377,2348
129349,4,2,1,2,26,0,7,28,7,2,33,35
129367,4,2,1,85,164,62,122,249,184,147,286,433
129525,4,2,1,742,1018,8,13,1760,21,750,1031,1781
129543,4,2,1,247,245,174,175,492,349,421,420,841
129695,4,2,1,351,340,268,312,691,580,619,652,1271
129729,4,2,1,366,440,252,274,806,526,618,714,1332
129756,4,2,1,185,229,91,100,414,191,276,329,605
129774,4,2,1,82,83,24,12,165,36,106,95,201
129808,4,2,1,280,330,125,190,610,315,405,520,925
129923,4,2,1,104,71,29,11,175,40,133,82,215
129941,4,2,1,818,1283,14,15,2101,29,832,1298,2130
130004,4,2,1,302,311,228,250,613,478,530,561,1091
130040,4,2,1,121,148,37,56,269,93,158,204,362
130183,4,2,1,189,163,90,215,352,305,279,378,657
130217,4,2,1,106,119,44,74,225,118,150,193,343
130226,4,2,1,869,1434,8,7,2303,15,877,1441,2318
130253,4,2,1,958,2112,13,15,3070,28,971,2127,3098
130314,4,2,1,83,234,0,1,317,1,83,235,318
130396,4,2,1,338,428,310,378,766,688,648,806,1454
130590,4,2,1,367,501,0,2,868,2,367,503,870
130606,4,2,1,311,340,205,177,651,382,516,517,1033
130624,4,2,1,235,191,0,0,426,0,235,191,426
130697,4,2,1,677,756,2,1,1433,3,679,757,1436
130776,4,2,1,571,567,26,35,1138,61,597,602,1199
130794,4,2,1,1248,1502,0,0,2750,0,1248,1502,2750
130934,4,2,1,562,1265,117,169,1827,286,679,1434,2113
130943,4,2,1,3327,5456,205,190,8783,395,3532,5646,9178
130989,4,2,1,29,40,1,1,69,2,30,41,71
131113,4,2,1,103,148,137,116,251,253,240,264,504
131399,4,2,1,116,98,69,90,214,159,185,188,373
131450,4,2,1,68,91,2,1,159,3,70,92,162
131469,4,2,1,1361,2432,23,54,3793,77,1384,2486,3870
131496,4,2,1,1111,1836,40,11,2947,51,1151,1847,2998
131520,4,2,1,1294,3816,35,46,5110,81,1329,3862,5191
132471,4,2,1,294,563,36,49,857,85,330,612,942
132693,4,2,1,649,826,590,792,1475,1382,1239,1618,2857
132709,4,2,1,1810,2159,1714,1946,3969,3660,3524,4105,7629
132842,4,2,1,1,6,0,2,7,2,1,8,9
132851,4,2,1,372,561,228,356,933,584,600,917,1517
132879,4,2,1,22,16,0,0,38,0,22,16,38
132903,4,2,1,5872,7341,722,706,13213,1428,6594,8047,14641
133021,4,2,1,158,217,67,119,375,186,225,336,561
133386,4,2,1,707,890,409,627,1597,1036,1116,1517,2633
133492,4,2,1,249,681,4,3,930,7,253,684,937
133508,4,2,1,961,1482,643,992,2443,1635,1604,2474,4078
133553,4,2,1,2193,860,173,89,3053,262,2366,949,3315
133650,4,2,1,668,1574,64,118,2242,182,732,1692,2424
133702,4,2,1,710,865,770,1091,1575,1861,1480,1956,3436
133711,4,2,1,343,898,0,1,1241,1,343,899,1242
133809,4,2,1,141,156,6,2,297,8,147,158,305
133872,4,2,1,16,57,8,56,73,64,24,113,137
133881,4,2,1,789,452,36,30,1241,66,825,482,1307
133960,4,2,1,71,61,28,45,132,73,99,106,205
134097,4,2,1,4916,7623,190,243,12539,433,5106,7866,12972
134130,4,2,1,4719,6819,263,256,11538,519,4982,7075,12057
134343,4,2,1,372,537,111,175,909,286,483,712,1195
134495,4,2,1,1809,2359,929,1309,4168,2238,2738,3668,6406
134608,4,2,1,1342,1554,605,828,2896,1433,1947,2382,4329
135160,4,2,1,127,235,89,141,362,230,216,376,592
135188,4,2,1,304,416,247,319,720,566,551,735,1286
135391,4,2,1,719,935,359,549,1654,908,1078,1484,2562
135407,4,2,1,154,89,6,3,243,9,160,92,252
135610,4,2,1,0,1,0,0,1,0,0,1,1
135717,4,2,1,4322,5395,2373,2727,9717,5100,6695,8122,14817
135726,4,2,1,2379,2895,18,13,5274,31,2397,2908,5305
136109,4,2,1,0,19,0,14,19,14,0,33,33
136145,4,2,1,47,95,56,99,142,155,103,194,297
136172,4,2,1,1674,2643,215,347,4317,562,1889,2990,4879
136233,4,2,1,308,359,149,181,667,330,457,540,997
136330,4,2,1,343,685,41,38,1028,79,384,723,1107
136358,4,2,1,1543,1827,1444,1829,3370,3273,2987,3656,6643
136400,4,2,1,600,876,414,626,1476,1040,1014,1502,2516
136473,4,2,1,413,684,253,418,1097,671,666,1102,1768
136516,4,2,1,377,632,283,469,1009,752,660,1101,1761
136659,4,2,1,53,9,42,5,62,47,95,14,109
136950,4,2,1,397,669,0,3,1066,3,397,672,1069
137078,4,2,1,986,1182,871,1162,2168,2033,1857,2344,4201
137096,4,2,1,1327,1386,736,1004,2713,1740,2063,2390,4453
137209,4,2,1,1030,1234,605,687,2264,1292,1635,1921,3556
137281,4,2,1,324,450,292,449,774,741,616,899,1515
137351,4,2,1,4482,6455,281,258,10937,539,4763,6713,11476
137546,4,2,1,426,639,1,5,1065,6,427,644,1071
137564,4,2,1,477,867,274,316,1344,590,751,1183,1934
137591,4,2,1,8,17,1,4,25,5,9,21,30
137759,4,2,1,1723,1950,384,570,3673,954,2107,2520,4627
138187,4,2,1,3405,4349,2289,3219,7754,5508,5694,7568,13262
138275,4,2,1,177,145,5,4,322,9,182,149,331
138309,4,2,1,12,77,16,68,89,84,28,145,173
138354,4,2,1,774,1007,116,125,1781,241,890,1132,2022
138558,4,2,1,531,672,59,132,1203,191,590,804,1394
138600,4,2,1,0,421,0,0,421,0,0,421,421
138682,4,2,1,46,63,80,106,109,186,126,169,295
138716,4,2,1,482,1289,38,109,1771,147,520,1398,1918
138761,4,2,1,58,49,0,2,107,2,58,51,109
138840,4,2,1,64,56,91,114,120,205,155,170,325
138938,4,2,1,0,3,0,0,3,0,0,3,3
138947,4,2,1,368,1418,19,39,1786,58,387,1457,1844
138956,4,2,1,154,174,174,198,328,372,328,372,700
139144,4,2,1,442,741,0,2,1183,2,442,743,1185
139199,4,2,1,15,260,10,36,275,46,25,296,321
139205,4,2,1,138,108,34,28,246,62,172,136,308
139250,4,2,1,226,565,74,137,791,211,300,702,1002
139278,4,2,1,194,263,314,457,457,771,508,720,1228
139311,4,2,1,245,477,90,112,722,202,335,589,924
139357,4,2,1,63,94,156,243,157,399,219,337,556
139366,4,2,1,549,912,90,71,1461,161,639,983,1622
139384,4,2,1,168,152,392,488,320,880,560,640,1200
139393,4,2,1,176,206,1,1,382,2,177,207,384
139463,4,2,1,461,706,112,166,1167,278,573,872,1445
139506,4,2,1,3,3,0,0,6,0,3,3,6
139621,4,2,1,348,391,96,86,739,182,444,477,921
139658,4,2,1,1071,1511,1,4,2582,5,1072,1515,2587
139700,4,2,1,341,493,182,275,834,457,523,768,1291
139719,4,2,1,278,581,16,25,859,41,294,606,900
139755,4,2,1,4107,2920,151,56,7027,207,4258,2976,7234
139764,4,2,1,216,425,92,68,641,160,308,493,801
139861,4,2,1,775,1557,30,54,2332,84,805,1611,2416
139931,4,2,1,3090,4326,220,275,7416,495,3310,4601,7911
139940,4,2,1,3570,5095,347,485,8665,832,3917,5580,9497
139959,4,2,1,4175,7163,40,72,11338,112,4215,7235,11450
139986,4,2,1,96,147,257,345,243,602,353,492,845
140012,4,2,1,216,147,489,607,363,1096,705,754,1459
140234,4,2,1,184,112,0,0,296,0,184,112,296
140243,4,2,1,210,235,429,496,445,925,639,731,1370
140252,4,2,1,133,110,5,1,243,6,138,111,249
140331,4,2,1,499,459,610,678,958,1288,1109,1137,2246
140447,4,2,1,585,942,6,12,1527,18,591,954,1545
140562,4,2,1,0,0,0,1,0,1,0,1,1
140678,4,2,1,208,150,147,199,358,346,355,349,704
140696,4,2,1,249,431,3,3,680,6,252,434,686
140720,4,2,1,48,55,4,2,103,6,52,57,109
140818,4,2,1,125,254,1,4,379,5,126,258,384
140942,4,2,1,137,152,159,209,289,368,296,361,657
140951,4,2,1,1339,3663,72,138,5002,210,1411,3801,5212
140960,4,2,1,338,666,14,30,1004,44,352,696,1048
140988,4,2,1,227,239,13,12,466,25,240,251,491
141006,4,2,1,189,85,81,96,274,177,270,181,451
141060,4,2,1,0,1238,8,17,1238,25,8,1255,1263
141255,4,2,1,79,79,222,346,158,568,301,425,726
141264,4,2,1,603,1255,73,132,1858,205,676,1387,2063
141334,4,2,1,792,1379,99,145,2171,244,891,1524,2415
141565,4,2,1,222,416,29,55,638,84,251,471,722
141574,4,2,1,1755,3114,198,274,4869,472,1953,3388,5341
141644,4,2,1,216,755,18,25,971,43,234,780,1014
141680,4,2,1,215,94,215,218,309,433,430,312,742
141796,4,2,1,184,287,297,592,471,889,481,879,1360
141802,4,2,1,70,57,72,126,127,198,142,183,325
141811,4,2,1,304,400,324,458,704,782,628,858,1486
141839,4,2,1,116,145,113,189,261,302,229,334,563
141981,4,2,1,118,181,28,34,299,62,146,215,361
141990,4,2,1,87,123,119,178,210,297,206,301,507
142115,4,2,1,2175,3264,159,156,5439,315,2334,3420,5754
142179,4,2,1,85,95,59,108,180,167,144,203,347
142276,4,2,1,644,1162,186,183,1806,369,830,1345,2175
142285,4,2,1,1371,1461,103,101,2832,204,1474,1562,3036
142407,4,2,1,3,34,0,0,37,0,3,34,37
142443,4,2,1,310,374,149,213,684,362,459,587,1046
142461,4,2,1,179,214,2,2,393,4,181,216,397
142522,4,2,1,1133,3159,482,1058,4292,1540,1615,4217,5832
142559,4,2,1,367,542,168,289,909,457,535,831,1366
142887,4,2,1,12,23,7,1,35,8,19,24,43
143118,4,2,1,448,841,1,5,1289,6,449,846,1295
143215,4,2,1,588,593,324,301,1181,625,912,894,1806
143279,4,2,1,324,378,143,218,702,361,467,596,1063
143288,4,2,1,68,61,0,0,129,0,68,61,129
143358,4,2,1,804,1002,5,3,1806,8,809,1005,1814
143376,4,2,1,5,48,0,13,53,13,5,61,66
143613,4,2,1,176,171,53,72,347,125,229,243,472
143853,4,2,1,0,1,0,0,1,0,0,1,1
144050,4,2,1,1682,1606,4,4,3288,8,1686,1610,3296
144157,4,2,1,165,96,82,72,261,154,247,168,415
144166,4,2,1,212,682,163,510,894,673,375,1192,1567
144175,4,2,1,124,79,76,76,203,152,200,155,355
144184,4,2,1,178,223,160,151,401,311,338,374,712
144193,4,2,1,308,202,280,235,510,515,588,437,1025
144209,4,2,1,385,426,244,293,811,537,629,719,1348
144218,4,2,1,636,465,401,292,1101,693,1037,757,1794
144351,4,2,1,233,234,0,7,467,7,233,241,474
144564,4,2,1,162,210,56,99,372,155,218,309,527
144740,4,2,1,1995,3019,17,76,5014,93,2012,3095,5107
144865,4,2,1,1924,1726,1088,1079,3650,2167,3012,2805,5817
144883,4,2,1,99,97,0,0,196,0,99,97,196
144892,4,2,1,553,870,43,20,1423,63,596,890,1486
144944,4,2,1,716,671,477,510,1387,987,1193,1181,2374
144962,4,2,1,396,645,3,4,1041,7,399,649,1048
144971,4,2,1,118,116,0,1,234,1,118,117,235
145099,4,2,1,2,41,0,0,43,0,2,41,43
145336,4,2,1,133,162,8,13,295,21,141,175,316
145372,4,2,1,189,173,0,2,362,2,189,175,364
145521,4,2,1,133,172,38,47,305,85,171,219,390
145600,4,2,1,3294,4158,100,87,7452,187,3394,4245,7639
145619,4,2,1,294,234,3,12,528,15,297,246,543
145637,4,2,1,7944,7458,141,97,15402,238,8085,7555,15640
145682,4,2,1,616,624,346,495,1240,841,962,1119,2081
145691,4,2,1,189,197,0,0,386,0,189,197,386
145707,4,2,1,137,134,26,25,271,51,163,159,322
145813,4,2,1,2803,3960,30,26,6763,56,2833,3986,6819
145831,4,2,1,266,317,77,116,583,193,343,433,776
146205,4,2,1,255,315,125,141,570,266,380,456,836
146278,4,2,1,206,238,51,97,444,148,257,335,592
146296,4,2,1,1024,1083,626,730,2107,1356,1650,1813,3463
146339,4,2,1,140,112,0,1,252,1,140,113,253
146348,4,2,1,228,223,115,161,451,276,343,384,727
146366,4,2,1,270,302,104,163,572,267,374,465,839
146418,4,2,1,268,233,113,146,501,259,381,379,760
146427,4,2,1,201,211,1,0,412,1,202,211,413
146472,4,2,1,1052,998,647,735,2050,1382,1699,1733,3432
146481,4,2,1,275,356,1,0,631,1,276,356,632
146506,4,2,1,484,552,129,150,1036,279,613,702,1315
146603,4,2,1,324,385,182,217,709,399,506,602,1108
146612,4,2,1,548,523,6,4,1071,10,554,527,1081
146685,4,2,1,505,454,183,266,959,449,688,720,1408
146700,4,2,1,257,60,0,0,317,0,257,60,317
146719,4,2,1,1540,3719,5,7,5259,12,1545,3726,5271
147004,4,2,1,611,631,463,439,1242,902,1074,1070,2144
147013,4,2,1,326,274,0,1,600,1,326,275,601
147129,4,2,1,0,4,1,4,4,5,1,8,9
147244,4,2,1,281,305,4,7,586,11,285,312,597
147369,4,2,1,142,201,8,8,343,16,150,209,359
147378,4,2,1,1179,1167,580,488,2346,1068,1759,1655,3414
147411,4,2,1,313,346,227,271,659,498,540,617,1157
147536,4,2,1,274,376,36,73,650,109,310,449,759
147660,4,2,1,445,433,2,2,878,4,447,435,882
147679,4,2,1,307,425,1,8,732,9,308,433,741
147776,4,2,1,274,348,25,37,622,62,299,385,684
147800,4,2,1,669,477,403,387,1146,790,1072,864,1936
147828,4,2,1,505,615,2,4,1120,6,507,619,1126
147916,4,2,1,571,532,299,309,1103,608,870,841,1711
148007,4,2,1,167,227,122,120,394,242,289,347,636
148131,4,2,1,278,177,10,7,455,17,288,184,472
148256,4,2,1,268,289,57,63,557,120,325,352,677
148292,4,2,1,113,121,106,126,234,232,219,247,466
148380,4,2,1,510,665,267,294,1175,561,777,959,1736
148487,4,2,1,271,367,1,6,638,7,272,373,645
148575,4,2,1,1,7,0,0,8,0,1,7,8
148627,4,2,1,432,709,9,9,1141,18,441,718,1159
148654,4,2,1,151,292,3,7,443,10,154,299,453
148672,4,2,1,159,214,70,79,373,149,229,293,522
148821,4,2,1,101,125,51,48,226,99,152,173,325
148876,4,2,1,6,6,1,3,12,4,7,9,16
148937,4,2,1,144,153,47,55,297,102,191,208,399
148991,4,2,1,123,153,53,64,276,117,176,217,393
149222,4,2,1,1112,1356,22,28,2468,50,1134,1384,2518
149231,4,2,1,1213,1872,49,44,3085,93,1262,1916,3178
149310,4,2,1,8,3,0,0,11,0,8,3,11
149365,4,2,1,162,179,141,169,341,310,303,348,651
149532,4,2,1,704,730,388,342,1434,730,1092,1072,2164
149727,4,2,1,727,711,434,507,1438,941,1161,1218,2379
149772,4,2,1,676,982,11,15,1658,26,687,997,1684
149781,4,2,1,382,543,9,9,925,18,391,552,943
149842,4,2,1,1230,1116,602,657,2346,1259,1832,1773,3605
150136,4,2,1,2071,3537,62,52,5608,114,2133,3589,5722
150163,4,2,1,732,1056,11,32,1788,43,743,1088,1831
150172,4,2,1,94,59,13,7,153,20,107,66,173
150534,4,2,1,228,374,5,11,602,16,233,385,618
150604,4,2,1,172,172,2,3,344,5,174,175,349
150668,4,2,1,91,154,2,2,245,4,93,156,249
150677,4,2,1,199,400,22,25,599,47,221,425,646
150765,4,2,1,0,23,0,0,23,0,0,23,23
150941,4,2,1,150,251,20,20,401,40,170,271,441
150987,4,2,1,2326,2865,4575,4605,5191,9180,6901,7470,14371
151111,4,2,1,2037,3446,122,139,5483,261,2159,3585,5744
151263,4,2,1,523,823,17,5,1346,22,540,828,1368
151290,4,2,1,360,289,12,7,649,19,372,296,668
151306,4,2,1,591,1120,171,252,1711,423,762,1372,2134
151324,4,2,1,956,1378,17,18,2334,35,973,1396,2369
151333,4,2,1,241,530,19,38,771,57,260,568,828
151342,4,2,1,346,682,39,72,1028,111,385,754,1139
151351,4,2,1,8512,8852,50,46,17364,96,8562,8898,17460
151360,4,2,1,173,448,16,55,621,71,189,503,692
151379,4,2,1,299,557,31,55,856,86,330,612,942
151388,4,2,1,168,307,24,44,475,68,192,351,543
151661,4,2,1,320,50,0,0,370,0,320,50,370
151777,4,2,1,201,216,0,10,417,10,201,226,427
151962,4,2,1,2,18,1,1,20,2,3,19,22
152080,4,2,1,1905,1935,0,0,3840,0,1905,1935,3840
152318,4,2,1,831,258,2,0,1089,2,833,258,1091
152336,4,2,1,224,376,7,3,600,10,231,379,610
152390,4,2,1,0,676,1,2,676,3,1,678,679
152567,4,2,1,634,410,59,58,1044,117,693,468,1161
152600,4,2,1,419,613,1,2,1032,3,420,615,1035
152637,4,2,1,848,581,857,619,1429,1476,1705,1200,2905
152673,4,2,1,393,0,0,0,393,0,393,0,393
152798,4,2,1,0,18,0,3,18,3,0,21,21
152992,4,2,1,129,118,7,8,247,15,136,126,262
153001,4,2,1,201,199,2,8,400,10,203,207,410
153083,4,2,1,0,30,0,0,30,0,0,30,30
153108,4,2,1,297,285,5,1,582,6,302,286,588
153126,4,2,1,178,131,8,2,309,10,186,133,319
153144,4,2,1,247,332,0,3,579,3,247,335,582
153162,4,2,1,276,236,0,0,512,0,276,236,512
153214,4,2,1,1265,1237,1091,1225,2502,2316,2356,2462,4818
153250,4,2,1,97,117,46,73,214,119,143,190,333
153269,4,2,1,478,802,5,3,1280,8,483,805,1288
153302,4,2,1,27,39,3,9,66,12,30,48,78
153311,4,2,1,330,420,268,265,750,533,598,685,1283
153366,4,2,1,207,110,1,0,317,1,208,110,318
153384,4,2,1,342,430,0,0,772,0,342,430,772
153445,4,2,1,470,459,134,197,929,331,604,656,1260
153472,4,2,1,406,419,75,72,825,147,481,491,972
153524,4,2,1,863,597,119,110,1460,229,982,707,1689
153533,4,2,1,250,197,108,75,447,183,358,272,630
153621,4,2,1,147,103,4,7,250,11,151,110,261
153630,4,2,1,744,465,204,259,1209,463,948,724,1672
153658,4,2,1,3683,5433,50,55,9116,105,3733,5488,9221
153737,4,2,1,1040,1078,549,684,2118,1233,1589,1762,3351
153825,4,2,1,289,185,1,0,474,1,290,185,475
153834,4,2,1,297,375,1,0,672,1,298,375,673
154004,4,2,1,206,205,0,1,411,1,206,206,412
154013,4,2,1,155,212,5,10,367,15,160,222,382
154110,4,2,1,118,150,792,845,268,1637,910,995,1905
154174,4,2,1,0,3,0,0,3,0,0,3,3
154235,4,2,1,389,408,1,3,797,4,390,411,801
154262,4,2,1,0,6,0,3,6,3,0,9,9
154350,4,2,1,185,198,1,1,383,2,186,199,385
154396,4,2,1,172,160,92,90,332,182,264,250,514
154493,4,2,1,171,99,11,9,270,20,182,108,290
154527,4,2,1,296,301,0,2,597,2,296,303,599
154572,4,2,1,320,321,242,247,641,489,562,568,1130
154697,4,2,1,217,243,136,185,460,321,353,428,781
154712,4,2,1,458,507,9,7,965,16,467,514,981
154749,4,2,1,109,104,0,1,213,1,109,105,214
154800,4,2,1,580,790,253,348,1370,601,833,1138,1971
154907,4,2,1,153,197,53,67,350,120,206,264,470
154925,4,2,1,357,199,43,20,556,63,400,219,619
154934,4,2,1,104,184,59,89,288,148,163,273,436
154952,4,2,1,270,334,50,69,604,119,320,403,723
154998,4,2,1,233,194,112,120,427,232,345,314,659
155025,4,2,1,290,556,8,5,846,13,298,561,859
155052,4,2,1,66,31,71,51,97,122,137,82,219
155089,4,2,1,225,199,13,12,424,25,238,211,449
155098,4,2,1,222,215,62,32,437,94,284,247,531
155104,4,2,1,306,313,103,102,619,205,409,415,824
155140,4,2,1,103,145,2,8,248,10,105,153,258
155177,4,2,1,91,65,1,1,156,2,92,66,158
155195,4,2,1,412,481,302,294,893,596,714,775,1489
155210,4,2,1,1114,1169,872,862,2283,1734,1986,2031,4017
155292,4,2,1,309,335,185,274,644,459,494,609,1103
155317,4,2,1,3127,4062,128,147,7189,275,3255,4209,7464
155399,4,2,1,2451,2654,36,69,5105,105,2487,2723,5210
155414,4,2,1,213,168,0,0,381,0,213,168,381
155423,4,2,1,141,48,46,23,189,69,187,71,258
155487,4,2,1,62,21,32,25,83,57,94,46,140
155511,4,2,1,259,123,0,0,382,0,259,123,382
155566,4,2,1,153,195,47,41,348,88,200,236,436
155618,4,2,1,149,46,37,24,195,61,186,70,256
155715,4,2,1,208,111,67,56,319,123,275,167,442
155812,4,2,1,181,139,3,2,320,5,184,141,325
155858,4,2,1,157,191,55,73,348,128,212,264,476
155900,4,2,1,141,92,3,0,233,3,144,92,236
155973,4,2,1,146,97,3,3,243,6,149,100,249
156082,4,2,1,390,659,58,83,1049,141,448,742,1190
156107,4,2,1,290,117,227,195,407,422,517,312,829
156125,4,2,1,1322,1590,132,158,2912,290,1454,1748,3202
156189,4,2,1,134,117,0,1,251,1,134,118,252
156213,4,2,1,170,246,14,21,416,35,184,267,451
156231,4,2,1,216,170,91,97,386,188,307,267,574
156286,4,2,1,361,613,3,0,974,3,364,613,977
156295,4,2,1,218,356,0,0,574,0,218,356,574
156338,4,2,1,262,352,195,237,614,432,457,589,1046
156356,4,2,1,61,87,3,14,148,17,64,101,165
156392,4,2,1,599,760,405,510,1359,915,1004,1270,2274
156408,4,2,1,305,365,0,0,670,0,305,365,670
156426,4,2,1,2,33,1,9,35,10,3,42,45
156541,4,2,1,338,513,102,107,851,209,440,620,1060
156620,4,2,1,1425,2357,111,143,3782,254,1536,2500,4036
156648,4,2,1,346,423,197,241,769,438,543,664,1207
156745,4,2,1,283,363,4,1,646,5,287,364,651
156790,4,2,1,122,159,118,146,281,264,240,305,545
156842,4,2,1,1,55,0,10,56,10,1,65,66
156851,4,2,1,38,99,43,72,137,115,81,171,252
156860,4,2,1,95,152,47,85,247,132,142,237,379
156921,4,2,1,478,545,509,586,1023,1095,987,1131,2118
157030,4,2,1,10,5,2,3,15,5,12,8,20
157058,4,2,1,170,284,45,45,454,90,215,329,544
157076,4,2,1,160,144,5,1,304,6,165,145,310
157085,4,2,1,3566,5705,92,97,9271,189,3658,5802,9460
157216,4,2,1,319,309,13,10,628,23,332,319,651
157289,4,2,1,1835,2501,258,293,4336,551,2093,2794,4887
157304,4,2,1,127,230,92,112,357,204,219,342,561
157331,4,2,1,164,191,138,166,355,304,302,357,659
157386,4,2,1,622,1195,247,251,1817,498,869,1446,2315
157401,4,2,1,829,1410,89,143,2239,232,918,1553,2471
157438,4,2,1,192,163,198,235,355,433,390,398,788
157447,4,2,1,973,1444,164,191,2417,355,1137,1635,2772
157483,4,2,1,322,416,312,290,738,602,634,706,1340
157535,4,2,1,216,272,27,12,488,39,243,284,527
157553,4,2,1,194,223,155,135,417,290,349,358,707
157614,4,2,1,0,13,0,2,13,2,0,15,15
157650,4,2,1,0,23,0,2,23,2,0,25,25
157669,4,2,1,1,17,0,0,18,0,1,17,18
157678,4,2,1,0,26,0,0,26,0,0,26,26
157711,4,2,1,324,367,227,255,691,482,551,622,1173
157739,4,2,1,134,201,96,108,335,204,230,309,539
157757,4,2,1,92,107,14,9,199,23,106,116,222
157951,4,2,1,1627,2931,107,147,4558,254,1734,3078,4812
158662,4,2,1,380,627,286,421,1007,707,666,1048,1714
158802,4,2,1,121,419,0,4,540,4,121,423,544
158884,4,2,1,98,82,115,149,180,264,213,231,444
159197,4,2,1,84,5,0,0,89,0,84,5,89
159382,4,2,1,177,348,70,114,525,184,247,462,709
159391,4,2,1,5261,7450,97,84,12711,181,5358,7534,12892
159407,4,2,1,240,564,31,131,804,162,271,695,966
159647,4,2,1,1786,1366,58,61,3152,119,1844,1427,3271
159656,4,2,1,441,970,6,15,1411,21,447,985,1432
159717,4,2,1,672,973,40,43,1645,83,712,1016,1728
159939,4,2,1,718,742,84,130,1460,214,802,872,1674
159966,4,2,1,604,1046,13,20,1650,33,617,1066,1683
159993,4,2,1,593,1099,70,82,1692,152,663,1181,1844
160010,4,2,1,90,18,100,27,108,127,190,45,235
160472,4,2,1,3,14,0,4,17,4,3,18,21
160579,4,2,1,336,231,142,211,567,353,478,442,920
160612,4,2,1,1029,1772,390,577,2801,967,1419,2349,3768
160621,4,2,1,693,1503,108,137,2196,245,801,1640,2441
160630,4,2,1,39,95,61,75,134,136,100,170,270
160649,4,2,1,112,165,180,272,277,452,292,437,729
160658,4,2,1,1812,2744,56,47,4556,103,1868,2791,4659
160667,4,2,1,290,168,476,613,458,1089,766,781,1547
160755,4,2,1,1248,2432,29,37,3680,66,1277,2469,3746
160904,4,2,1,316,1143,1,9,1459,10,317,1152,1469
160977,4,2,1,382,502,0,0,884,0,382,502,884
161004,4,2,1,401,477,0,0,878,0,401,477,878
161077,4,2,1,356,312,117,136,668,253,473,448,921
161086,4,2,1,423,551,0,0,974,0,423,551,974
161138,4,2,1,281,203,105,74,484,179,386,277,663
161192,4,2,1,97,141,67,117,238,184,164,258,422
161208,4,2,1,10,0,0,0,10,0,10,0,10
161217,4,2,1,73,171,50,75,244,125,123,246,369
161226,4,2,1,164,317,12,22,481,34,176,339,515
161235,4,2,1,25,50,13,31,75,44,38,81,119
161253,4,2,1,1636,1646,83,73,3282,156,1719,1719,3438
161299,4,2,1,275,82,1,0,357,1,276,82,358
161341,4,2,1,69,91,22,36,160,58,91,127,218
161457,4,2,1,342,749,7,31,1091,38,349,780,1129
161484,4,2,1,98,57,23,22,155,45,121,79,200
161493,4,2,1,0,49,0,3,49,3,0,52,52
161509,4,2,1,36,123,1,1,159,2,37,124,161
161545,4,2,1,627,597,194,236,1224,430,821,833,1654
161554,4,2,1,461,751,106,67,1212,173,567,818,1385
161572,4,2,1,41,136,0,0,177,0,41,136,177
161581,4,2,1,58,32,3,13,90,16,61,45,106
161688,4,2,1,179,235,37,84,414,121,216,319,535
161767,4,2,1,782,761,548,679,1543,1227,1330,1440,2770
161864,4,2,1,122,181,105,164,303,269,227,345,572
161873,4,2,1,20,36,4,1,56,5,24,37,61
162104,4,2,1,140,173,65,113,313,178,205,286,491
162122,4,2,1,442,515,292,405,957,697,734,920,1654
162168,4,2,1,129,147,91,146,276,237,220,293,513
162210,4,2,1,25,49,12,18,74,30,37,67,104
162283,4,2,1,103,297,5,12,400,17,108,309,417
162584,4,2,1,400,394,47,58,794,105,447,452,899
162654,4,2,1,127,283,0,3,410,3,127,286,413
162690,4,2,1,252,348,129,210,600,339,381,558,939
162706,4,2,1,419,431,218,308,850,526,637,739,1376
162830,4,2,1,0,24,0,0,24,0,0,24,24
163028,4,2,1,193,20,22,3,213,25,215,23,238
163204,4,2,1,135,190,425,402,325,827,560,592,1152
163259,4,2,1,5,6,0,1,11,1,5,7,12
163268,4,2,1,2027,1816,46,39,3843,85,2073,1855,3928
163286,4,2,1,4902,5355,75,45,10257,120,4977,5400,10377
163295,4,2,1,83,303,2,1,386,3,85,304,389
163338,4,2,1,312,347,7,10,659,17,319,357,676
163453,4,2,1,656,1163,17,26,1819,43,673,1189,1862
163462,4,2,1,372,428,4,2,800,6,376,430,806
163578,4,2,1,0,111,0,0,111,0,0,111,111
163851,4,2,1,1005,1258,50,36,2263,86,1055,1294,2349
163912,4,2,1,289,400,4,1,689,5,293,401,694
163976,4,2,1,66,78,0,0,144,0,66,78,144
164076,4,2,1,1902,3049,32,39,4951,71,1934,3088,5022
164155,4,2,1,1192,537,0,0,1729,0,1192,537,1729
164216,4,2,1,172,256,0,0,428,0,172,256,428
164270,4,2,1,318,488,1,1,806,2,319,489,808
164313,4,2,1,69,111,143,229,180,372,212,340,552
164465,4,2,1,327,463,0,0,790,0,327,463,790
164492,4,2,1,180,139,19,4,319,23,199,143,342
164599,4,2,1,0,0,0,3,0,3,0,3,3
164632,4,2,1,0,197,0,10,197,10,0,207,207
164739,4,2,1,1162,760,2,4,1922,6,1164,764,1928
164775,4,2,1,87,91,72,75,178,147,159,166,325
164845,4,2,1,0,13,0,0,13,0,0,13,13
164872,4,2,1,9,17,0,1,26,1,9,18,27
164988,4,2,1,3050,4454,19,13,7504,32,3069,4467,7536
165015,4,2,1,701,994,0,0,1695,0,701,994,1695
165024,4,2,1,921,1229,76,72,2150,148,997,1301,2298
165033,4,2,1,379,464,197,299,843,496,576,763,1339
165112,4,2,1,191,189,249,246,380,495,440,435,875
165167,4,2,1,0,1,9,5,1,14,9,6,15
165194,4,2,1,131,131,134,145,262,279,265,276,541
165264,4,2,1,0,0,1,5,0,6,1,5,6
165334,4,2,1,437,635,2,1,1072,3,439,636,1075
165556,4,2,1,10,94,0,11,104,11,10,105,115
165662,4,2,1,548,1242,0,0,1790,0,548,1242,1790
165671,4,2,1,188,694,4,11,882,15,192,705,897
165820,4,2,1,373,434,16,17,807,33,389,451,840
165866,4,2,1,322,394,10,29,716,39,332,423,755
165936,4,2,1,221,326,3,4,547,7,224,330,554
165981,4,2,1,50,77,63,92,127,155,113,169,282
166018,4,2,1,92,173,0,0,265,0,92,173,265
166027,4,2,1,886,1243,68,51,2129,119,954,1294,2248
166133,4,2,1,231,270,121,236,501,357,352,506,858
166391,4,2,1,177,351,0,0,528,0,177,351,528
166513,4,2,1,1929,1347,69,52,3276,121,1998,1399,3397
166629,4,2,1,4449,5288,26,29,9737,55,4475,5317,9792
166647,4,2,1,208,168,176,167,376,343,384,335,719
166674,4,2,1,80,273,0,0,353,0,80,273,353
166683,4,2,1,1057,1057,1,1,2114,2,1058,1058,2116
166823,4,2,1,316,311,204,229,627,433,520,540,1060
166850,4,2,1,856,1038,3,5,1894,8,859,1043,1902
166887,4,2,1,336,363,328,410,699,738,664,773,1437
166911,4,2,1,24,86,0,1,110,1,24,87,111
166939,4,2,1,0,990,1,0,990,1,1,990,991
166957,4,2,1,135,172,111,151,307,262,246,323,569
167288,4,2,1,120,145,4,4,265,8,124,149,273
167312,4,2,1,221,265,165,210,486,375,386,475,861
167358,4,2,1,3364,5307,3,3,8671,6,3367,5310,8677
167376,4,2,1,267,271,226,332,538,558,493,603,1096
167394,4,2,1,81,183,3,5,264,8,84,188,272
167534,4,2,1,415,319,323,381,734,704,738,700,1438
167598,4,2,1,91,248,2,3,339,5,93,251,344
167729,4,2,1,352,710,45,67,1062,112,397,777,1174
167783,4,2,1,0,678,0,4,678,4,0,682,682
167835,4,2,1,0,1098,0,0,1098,0,0,1098,1098
167871,4,2,1,0,5,0,3,5,3,0,8,8
167905,4,2,1,297,227,183,221,524,404,480,448,928
167987,4,2,1,811,863,19,28,1674,47,830,891,1721
168005,4,2,1,602,1249,11,14,1851,25,613,1263,1876
168148,4,2,1,1236,1754,6,10,2990,16,1242,1764,3006
168227,4,2,1,1071,351,32,14,1422,46,1103,365,1468
168254,4,2,1,467,368,3,3,835,6,470,371,841
168342,4,2,1,398,512,3,1,910,4,401,513,914
168421,4,2,1,1522,939,7,4,2461,11,1529,943,2472
168430,4,2,1,498,792,25,29,1290,54,523,821,1344
168528,4,2,1,413,377,2,2,790,4,415,379,794
168546,4,2,1,326,400,0,0,726,0,326,400,726
168591,4,2,1,274,284,1,3,558,4,275,287,562
168607,4,2,1,160,119,67,82,279,149,227,201,428
168740,4,2,1,190,198,9,15,388,24,199,213,412
168786,4,2,1,184,237,10,3,421,13,194,240,434
168847,4,2,1,79,242,50,114,321,164,129,356,485
168892,4,2,1,0,6,0,7,6,7,0,13,13
169099,4,2,1,0,0,0,1,0,1,0,1,1
169248,4,2,1,1141,1840,17,27,2981,44,1158,1867,3025
169275,4,2,1,301,450,254,373,751,627,555,823,1378
169284,4,2,1,1,59,1,6,60,7,2,65,67
169442,4,2,1,108,303,14,11,411,25,122,314,436
169503,4,2,1,0,67,0,0,67,0,0,67,67
169521,4,2,1,383,506,326,460,889,786,709,966,1675
169576,4,2,1,0,2,0,0,2,0,0,2,2
169655,4,2,1,287,10,0,0,297,0,287,10,297
169716,4,2,1,303,601,213,93,904,306,516,694,1210
169798,4,2,1,1125,2047,142,93,3172,235,1267,2140,3407
169910,4,2,1,1018,1330,64,93,2348,157,1082,1423,2505
169992,4,2,1,80,105,34,43,185,77,114,148,262
170000,4,2,1,73,53,7,12,126,19,80,65,145
170055,4,2,1,871,956,583,857,1827,1440,1454,1813,3267
170082,4,2,1,2439,4140,48,80,6579,128,2487,4220,6707
170240,4,2,1,804,876,556,664,1680,1220,1360,1540,2900
170286,4,2,1,326,355,2,2,681,4,328,357,685
170550,4,2,1,141,209,144,249,350,393,285,458,743
170587,4,2,1,71,77,53,70,148,123,124,147,271
170639,4,2,1,209,243,12,18,452,30,221,261,482
170657,4,2,1,639,786,540,618,1425,1158,1179,1404,2583
170675,4,2,1,444,209,34,14,653,48,478,223,701
170790,4,2,1,989,981,896,1089,1970,1985,1885,2070,3955
170806,4,2,1,186,259,12,6,445,18,198,265,463
170976,4,2,1,6204,7826,49,54,14030,103,6253,7880,14133
171100,4,2,1,7744,9112,212,198,16856,410,7956,9310,17266
171137,4,2,1,890,860,73,50,1750,123,963,910,1873
171146,4,2,1,357,486,49,64,843,113,406,550,956
171155,4,2,1,188,187,89,162,375,251,277,349,626
171225,4,2,1,134,191,114,142,325,256,248,333,581
171304,4,2,1,255,378,143,229,633,372,398,607,1005
171456,4,2,1,891,1398,17,21,2289,38,908,1419,2327
171483,4,2,1,251,309,163,200,560,363,414,509,923
171492,4,2,1,263,155,2,3,418,5,265,158,423
171571,4,2,1,1407,1996,82,66,3403,148,1489,2062,3551
172200,4,2,1,473,411,584,607,884,1191,1057,1018,2075
172291,4,2,1,245,379,131,186,624,317,376,565,941
172307,4,2,1,224,265,56,68,489,124,280,333,613
172334,4,2,1,114,169,11,19,283,30,125,188,313
172422,4,2,1,34,12,0,0,46,0,34,12,46
172617,4,2,1,573,510,562,598,1083,1160,1135,1108,2243
172644,4,2,1,1729,2692,137,155,4421,292,1866,2847,4713
172680,4,2,1,1,30,0,12,31,12,1,42,43
172699,4,2,1,1883,2173,68,70,4056,138,1951,2243,4194
173045,4,2,1,382,537,1,1,919,2,383,538,921
173142,4,2,1,150,152,4,7,302,11,154,159,313
173160,4,2,1,311,501,9,19,812,28,320,520,840
173258,4,2,1,458,479,0,1,937,1,458,480,938
173300,4,2,1,338,403,1,1,741,2,339,404,743
173452,4,2,1,122,136,0,1,258,1,122,137,259
173647,4,2,1,370,477,0,0,847,0,370,477,847
173665,4,2,1,269,519,0,0,788,0,269,519,788
173902,4,2,1,405,590,0,0,995,0,405,590,995
174066,4,2,1,5277,7212,353,346,12489,699,5630,7558,13188
174075,4,2,1,94,180,50,46,274,96,144,226,370
174127,4,2,1,73,192,0,0,265,0,73,192,265
174233,4,2,1,1591,1744,71,64,3335,135,1662,1808,3470
174251,4,2,1,192,255,4,2,447,6,196,257,453
174491,4,2,1,308,395,51,54,703,105,359,449,808
174507,4,2,1,3,7,2,5,10,7,5,12,17
174747,4,2,1,0,650,0,1,650,1,0,651,651
174792,4,2,1,654,0,1,0,654,1,655,0,655
174899,4,2,1,212,388,2,1,600,3,214,389,603
174914,4,2,1,1256,1347,12,7,2603,19,1268,1354,2622
174978,4,2,1,2,20,0,1,22,1,2,21,23
175005,4,2,1,3,950,3,66,953,69,6,1016,1022
175014,4,2,1,14,45,9,26,59,35,23,71,94
175120,4,2,1,29,5,0,0,34,0,29,5,34
175227,4,2,1,200,42,28,8,242,36,228,50,278
175421,4,2,1,136,159,20,22,295,42,156,181,337
175430,4,2,1,79,107,0,0,186,0,79,107,186
175573,4,2,1,471,557,77,83,1028,160,548,640,1188
175616,4,2,1,150,202,12,17,352,29,162,219,381
175652,4,2,1,542,522,72,96,1064,168,614,618,1232
175786,4,2,1,1083,1269,166,218,2352,384,1249,1487,2736
175810,4,2,1,531,660,203,281,1191,484,734,941,1675
175829,4,2,1,807,1053,102,119,1860,221,909,1172,2081
175856,4,2,1,511,933,30,55,1444,85,541,988,1529
175883,4,2,1,555,808,207,248,1363,455,762,1056,1818
175935,4,2,1,264,345,69,117,609,186,333,462,795
175980,4,2,1,182,137,0,0,319,0,182,137,319
176008,4,2,1,270,324,69,109,594,178,339,433,772
176017,4,2,1,2771,4065,59,40,6836,99,2830,4105,6935
176035,4,2,1,50,194,37,34,244,71,87,228,315
176044,4,2,1,131,144,41,59,275,100,172,203,375
176053,4,2,1,260,379,37,30,639,67,297,409,706
176080,4,2,1,2817,3300,41,25,6117,66,2858,3325,6183
176178,4,2,1,416,553,72,146,969,218,488,699,1187
176239,4,2,1,740,1011,148,201,1751,349,888,1212,2100
176318,4,2,1,63,82,20,20,145,40,83,102,185
176372,4,2,1,857,1854,29,38,2711,67,886,1892,2778
176433,4,2,1,0,7,0,5,7,5,0,12,12
176479,4,2,1,79,132,441,655,211,1096,520,787,1307
176628,4,2,1,147,195,0,3,342,3,147,198,345
176947,4,2,1,210,252,1,2,462,3,211,254,465
176965,4,2,1,776,936,69,94,1712,163,845,1030,1875
176983,4,2,1,33,2,1,3,35,4,34,5,39
177038,4,2,1,1,1,0,3,2,3,1,4,5
177135,4,2,1,451,645,77,121,1096,198,528,766,1294
177144,4,2,1,212,174,2,5,386,7,214,179,393
177214,4,2,1,278,313,0,0,591,0,278,313,591
177250,4,2,1,296,403,91,138,699,229,387,541,928
177302,4,2,1,5,0,0,0,5,0,5,0,5
177418,4,2,1,143,109,1,1,252,2,144,110,254
177472,4,2,1,1041,1363,412,427,2404,839,1453,1790,3243
177676,4,2,1,459,546,110,158,1005,268,569,704,1273
177685,4,2,1,2,39,0,0,41,0,2,39,41
177940,4,2,1,203,263,35,35,466,70,238,298,536
177977,4,2,1,996,163,60,41,1159,101,1056,204,1260
177986,4,2,1,7,16,2,7,23,9,9,23,32
177995,4,2,1,1277,1651,498,675,2928,1173,1775,2326,4101
178059,4,2,1,387,780,19,60,1167,79,406,840,1246
178217,4,2,1,240,388,55,89,628,144,295,477,772
178341,4,2,1,318,504,41,63,822,104,359,567,926
178369,4,2,1,309,160,24,54,469,78,333,214,547
178387,4,2,1,332,476,68,113,808,181,400,589,989
178396,4,2,1,3690,5103,204,177,8793,381,3894,5280,9174
178402,4,2,1,651,1286,211,210,1937,421,862,1496,2358
178411,4,2,1,1486,479,54,17,1965,71,1540,496,2036
178420,4,2,1,264,401,280,325,665,605,544,726,1270
178448,4,2,1,482,698,194,283,1180,477,676,981,1657
178615,4,2,1,432,686,29,36,1118,65,461,722,1183
178624,4,2,1,649,1095,30,52,1744,82,679,1147,1826
178679,4,2,1,92,97,1,5,189,6,93,102,195
178697,4,2,1,271,346,0,1,617,1,271,347,618
178721,4,2,1,203,238,29,31,441,60,232,269,501
178891,4,2,1,490,39,51,2,529,53,541,41,582
178989,4,2,1,0,3,0,0,3,0,0,3,3
179043,4,2,1,183,355,67,56,538,123,250,411,661
179308,4,2,1,1052,1393,481,705,2445,1186,1533,2098,3631
179326,4,2,1,180,235,24,26,415,50,204,261,465
179344,4,2,1,121,240,47,84,361,131,168,324,492
179539,4,2,1,377,639,107,160,1016,267,484,799,1283
179557,4,2,1,833,1441,103,118,2274,221,936,1559,2495
179566,4,2,1,1333,2437,389,365,3770,754,1722,2802,4524
179645,4,2,1,239,407,65,100,646,165,304,507,811
179715,4,2,1,156,299,51,105,455,156,207,404,611
179867,4,2,1,1407,1796,5,4,3203,9,1412,1800,3212
179894,4,2,1,204,386,3,5,590,8,207,391,598
179946,4,2,1,141,141,0,0,282,0,141,141,282
180081,4,2,1,86,53,29,21,139,50,115,74,189
180106,4,2,1,144,232,0,1,376,1,144,233,377
180151,4,2,1,54,67,45,25,121,70,99,92,191
180179,4,2,1,82,137,250,400,219,650,332,537,869
180197,4,2,1,99,148,93,105,247,198,192,253,445
180249,4,2,1,44,63,30,53,107,83,74,116,190
180258,4,2,1,60,87,0,4,147,4,60,91,151
180276,4,2,1,73,68,76,88,141,164,149,156,305
180416,4,2,1,276,201,3,4,477,7,279,205,484
180461,4,2,1,2760,2589,346,312,5349,658,3106,2901,6007
180522,4,2,1,194,79,18,19,273,37,212,98,310
180595,4,2,1,172,195,0,0,367,0,172,195,367
180647,4,2,1,17,35,4,10,52,14,21,45,66
180692,4,2,1,136,210,13,14,346,27,149,224,373
180814,4,2,1,96,85,54,40,181,94,150,125,275
180902,4,2,1,495,455,321,425,950,746,816,880,1696
180948,4,2,1,181,337,7,7,518,14,188,344,532
181002,4,2,1,846,1163,0,1,2009,1,846,1164,2010
181020,4,2,1,201,173,1,0,374,1,202,173,375
181127,4,2,1,206,237,0,0,443,0,206,237,443
181190,4,2,1,0,35,0,0,35,0,0,35,35
181215,4,2,1,507,940,19,30,1447,49,526,970,1496
181297,4,2,1,3,81,1,14,84,15,4,95,99
181303,4,2,1,701,522,768,675,1223,1443,1469,1197,2666
181312,4,2,1,189,205,108,99,394,207,297,304,601
181330,4,2,1,263,250,6,3,513,9,269,253,522
181394,4,2,1,1548,2307,47,62,3855,109,1595,2369,3964
181428,4,2,1,0,8,0,0,8,0,0,8,8
181446,4,2,1,312,337,0,0,649,0,312,337,649
181464,4,2,1,3791,4347,39,30,8138,69,3830,4377,8207
181491,4,2,1,666,503,238,250,1169,488,904,753,1657
181604,4,2,1,0,146,1,1,146,2,1,147,148
181640,4,2,1,992,576,461,560,1568,1021,1453,1136,2589
181738,4,2,1,48,62,10,16,110,26,58,78,136
181783,4,2,1,489,679,58,54,1168,112,547,733,1280
181817,4,2,1,127,135,116,134,262,250,243,269,512
182005,4,2,1,1506,2016,1204,1676,3522,2880,2710,3692,6402
182281,4,2,1,2481,3366,154,223,5847,377,2635,3589,6224
182290,4,2,1,2565,3209,116,101,5774,217,2681,3310,5991
182306,4,2,1,156,145,72,111,301,183,228,256,484
182500,4,2,1,481,677,447,472,1158,919,928,1149,2077
182564,4,2,1,180,221,97,116,401,213,277,337,614
182670,4,2,1,887,986,0,0,1873,0,887,986,1873
182704,4,2,1,0,21,0,5,21,5,0,26,26
182722,4,2,1,0,27,0,9,27,9,0,36,36
182892,4,2,1,0,3,0,2,3,2,0,5,5
182980,4,2,1,136,185,0,1,321,1,136,186,322
183026,4,2,1,1006,1268,1275,1990,2274,3265,2281,3258,5539
183044,4,2,1,2186,3055,12,13,5241,25,2198,3068,5266
183062,4,2,1,525,680,5,1,1205,6,530,681,1211
183071,4,2,1,40,45,1,0,85,1,41,45,86
183080,4,2,1,701,739,12,9,1440,21,713,748,1461
183202,4,2,1,0,34,0,0,34,0,0,34,34
183239,4,2,1,344,548,1,1,892,2,345,549,894
183257,4,2,1,7,17,3,6,24,9,10,23,33
183275,4,2,1,13,16,0,0,29,0,13,16,29
183488,4,2,1,1,188,0,3,189,3,1,191,192
183655,4,2,1,351,504,152,197,855,349,503,701,1204
183743,4,2,1,1353,1193,385,333,2546,718,1738,1526,3264
183789,4,2,1,71,105,4,6,176,10,75,111,186
183822,4,2,1,159,227,0,4,386,4,159,231,390
183859,4,2,1,1244,1152,468,396,2396,864,1712,1548,3260
183910,4,2,1,216,315,1,1,531,2,217,316,533
183938,4,2,1,529,713,301,305,1242,606,830,1018,1848
184056,4,2,1,29,82,9,10,111,19,38,92,130
184180,4,2,1,774,556,353,268,1330,621,1127,824,1951
184205,4,2,1,1,0,66,89,1,155,67,89,156
184427,4,2,1,112,6,36,3,118,39,148,9,157
184481,4,2,1,467,510,253,245,977,498,720,755,1475
184506,4,2,1,2,12,0,4,14,4,2,16,18
184603,4,2,1,343,353,228,240,696,468,571,593,1164
184612,4,2,1,155,281,1,3,436,4,156,284,440
184694,4,2,1,365,366,8,6,731,14,373,372,745
184773,4,2,1,99,191,19,38,290,57,118,229,347
184782,4,2,1,2292,2163,44,35,4455,79,2336,2198,4534
184791,4,2,1,693,784,165,199,1477,364,858,983,1841
184816,4,2,1,0,13,0,1,13,1,0,14,14
184959,4,2,1,2,30,1,5,32,6,3,35,38
184995,4,2,1,488,550,153,173,1038,326,641,723,1364
185262,4,2,1,1046,1526,52,66,2572,118,1098,1592,2690
185396,4,2,1,685,22,39,2,707,41,724,24,748
185509,4,2,1,515,442,317,356,957,673,832,798,1630
185536,4,2,1,1110,1047,475,464,2157,939,1585,1511,3096
185572,4,2,1,533,1076,4,6,1609,10,537,1082,1619
185590,4,2,1,2372,3607,63,88,5979,151,2435,3695,6130
185721,4,2,1,28,39,1,2,67,3,29,41,70
185828,4,2,1,1686,724,174,72,2410,246,1860,796,2656
185873,4,2,1,895,876,359,407,1771,766,1254,1283,2537
186016,4,2,1,4,73,0,12,77,12,4,85,89
186034,4,2,1,340,422,230,273,762,503,570,695,1265
186131,4,2,1,997,1154,7,4,2151,11,1004,1158,2162
186201,4,2,1,503,858,24,36,1361,60,527,894,1421
186283,4,2,1,477,642,4,3,1119,7,481,645,1126
186371,4,2,1,367,476,31,8,843,39,398,484,882
186380,4,2,1,6280,6698,42,24,12978,66,6322,6722,13044
186399,4,2,1,926,1027,41,40,1953,81,967,1067,2034
186405,4,2,1,0,1,0,0,1,0,0,1,1
186432,4,2,1,250,420,2,15,670,17,252,435,687
186469,4,2,1,96,147,19,33,243,52,115,180,295
186584,4,2,1,1277,1657,7,10,2934,17,1284,1667,2951
186618,4,2,1,86,123,0,19,209,19,86,142,228
186645,4,2,1,657,568,302,282,1225,584,959,850,1809
186867,4,2,1,1151,631,1,0,1782,1,1152,631,1783
186876,4,2,1,903,1454,1,5,2357,6,904,1459,2363
187046,4,2,1,0,0,19,11,0,30,19,11,30
187134,4,2,1,1173,1605,8,4,2778,12,1181,1609,2790
187198,4,2,1,864,859,243,249,1723,492,1107,1108,2215
187444,4,2,1,562,726,9,5,1288,14,571,731,1302
187532,4,2,1,638,851,685,943,1489,1628,1323,1794,3117
187620,4,2,1,504,665,356,582,1169,938,860,1247,2107
187639,4,2,1,67,108,50,75,175,125,117,183,300
187648,4,2,1,227,326,67,58,553,125,294,384,678
187897,4,2,1,130,151,18,25,281,43,148,176,324
187912,4,2,1,211,46,11,3,257,14,222,49,271
187958,4,2,1,79,104,96,127,183,223,175,231,406
187967,4,2,1,349,144,7,2,493,9,356,146,502
187976,4,2,1,17,28,65,97,45,162,82,125,207
187985,4,2,1,2202,3076,130,176,5278,306,2332,3252,5584
187994,4,2,1,31,56,57,79,87,136,88,135,223
188003,4,2,1,33,75,64,119,108,183,97,194,291
188021,4,2,1,25,30,49,77,55,126,74,107,181
188030,4,2,1,1404,2181,54,77,3585,131,1458,2258,3716
188049,4,2,1,50,86,78,136,136,214,128,222,350
188100,4,2,1,191,251,158,308,442,466,349,559,908
188137,4,2,1,77,114,110,123,191,233,187,237,424
188225,4,2,1,13,29,41,98,42,139,54,127,181
188261,4,2,1,27,13,7,6,40,13,34,19,53
188340,4,2,1,217,31,15,1,248,16,232,32,264
188429,4,2,1,690,1493,12,33,2183,45,702,1526,2228
188438,4,2,1,398,415,64,51,813,115,462,466,928
188517,4,2,1,28,36,1,10,64,11,29,46,75
188641,4,2,1,298,298,1,1,596,2,299,299,598
188854,4,2,1,153,507,0,0,660,0,153,507,660
189219,4,2,1,2,0,0,0,2,0,2,0,2
189228,4,2,1,45,80,35,24,125,59,80,104,184
189547,4,2,1,527,639,98,124,1166,222,625,763,1388
189565,4,2,1,28,37,0,3,65,3,28,40,68
189583,4,2,1,19,40,7,12,59,19,26,52,78
189592,4,2,1,19,12,2,4,31,6,21,16,37
189705,4,2,1,385,423,2,2,808,4,387,425,812
189839,4,2,1,147,197,37,57,344,94,184,254,438
190044,4,2,1,776,368,21,18,1144,39,797,386,1183
190053,4,2,1,77,54,10,16,131,26,87,70,157
190099,4,2,1,612,888,0,0,1500,0,612,888,1500
190169,4,2,1,110,128,30,38,238,68,140,166,306
190239,4,2,1,0,21,0,1,21,1,0,22,22
190372,4,2,1,182,213,0,0,395,0,182,213,395
190415,4,2,1,2989,3874,2,1,6863,3,2991,3875,6866
190442,4,2,1,231,254,57,66,485,123,288,320,608
190503,4,2,1,552,743,0,3,1295,3,552,746,1298
190761,4,2,1,94,139,0,0,233,0,94,139,233
190840,4,2,1,692,637,189,201,1329,390,881,838,1719
191083,4,2,1,1001,784,184,183,1785,367,1185,967,2152
191126,4,2,1,336,2046,32,88,2382,120,368,2134,2502
191199,4,2,1,466,408,89,92,874,181,555,500,1055
191205,4,2,1,123,41,1,1,164,2,124,42,166
191241,4,2,1,1774,3136,10,23,4910,33,1784,3159,4943
191302,4,2,1,154,165,33,40,319,73,187,205,392
191311,4,2,1,3,2,0,0,5,0,3,2,5
191339,4,2,1,269,340,54,84,609,138,323,424,747
191515,4,2,1,390,573,0,0,963,0,390,573,963
191533,4,2,1,236,322,1,1,558,2,237,323,560
191597,4,2,1,0,0,0,1,0,1,0,1,1
191612,4,2,1,219,241,26,28,460,54,245,269,514
191649,4,2,1,1196,1763,30,14,2959,44,1226,1777,3003
191676,4,2,1,111,163,1,8,274,9,112,171,283
191719,4,2,1,1407,867,170,200,2274,370,1577,1067,2644
191940,4,2,1,0,6,0,0,6,0,0,6,6
191986,4,2,1,307,313,42,55,620,97,349,368,717
192022,4,2,1,226,291,19,58,517,77,245,349,594
192192,4,2,1,87,281,0,0,368,0,87,281,368
192271,4,2,1,35,311,0,14,346,14,35,325,360
192323,4,2,1,399,632,12,88,1031,100,411,720,1131
192448,4,2,1,672,1158,29,35,1830,64,701,1193,1894
192703,4,2,1,311,298,6,5,609,11,317,303,620
192712,4,2,1,95,106,0,0,201,0,95,106,201
192749,4,2,1,191,278,1,3,469,4,192,281,473
192785,4,2,1,2,30,2,37,32,39,4,67,71
192819,4,2,1,926,1412,7,6,2338,13,933,1418,2351
193016,4,2,1,477,1048,25,40,1525,65,502,1088,1590
193283,4,2,1,524,598,78,104,1122,182,602,702,1304
193292,4,2,1,326,748,3,12,1074,15,329,760,1089
193326,4,2,1,939,959,247,249,1898,496,1186,1208,2394
193399,4,2,1,222,730,3,30,952,33,225,760,985
193478,4,2,1,1819,1392,430,337,3211,767,2249,1729,3978
193584,4,2,1,237,637,2,1,874,3,239,638,877
193654,4,2,1,462,2013,11,34,2475,45,473,2047,2520
193858,4,2,1,0,32,0,0,32,0,0,32,32
193900,4,2,1,4442,7202,17,46,11644,63,4459,7248,11707
193946,4,2,1,435,525,50,67,960,117,485,592,1077
193973,4,2,1,356,705,1,4,1061,5,357,709,1066
193991,4,2,1,0,5,0,1,5,1,0,6,6
194028,4,2,1,58,119,18,27,177,45,76,146,222
194091,4,2,1,845,537,67,35,1382,102,912,572,1484
194116,4,2,1,2,19,2,11,21,13,4,30,34
194222,4,2,1,785,745,185,144,1530,329,970,889,1859
194240,4,2,1,475,518,136,174,993,310,611,692,1303
194310,4,2,1,1039,2481,24,32,3520,56,1063,2513,3576
194392,4,2,1,194,124,2,1,318,3,196,125,321
194578,4,2,1,369,1117,2,6,1486,8,371,1123,1494
194824,4,2,1,2064,880,8,2,2944,10,2072,882,2954
195003,4,2,1,3630,1886,68,24,5516,92,3698,1910,5608
195058,4,2,1,768,567,137,138,1335,275,905,705,1610
195067,4,2,1,2,60,0,11,62,11,2,71,73
195128,4,2,1,136,306,0,2,442,2,136,308,444
195164,4,2,1,512,425,1,4,937,5,513,429,942
195216,4,2,1,386,503,0,0,889,0,386,503,889
195234,4,2,1,143,320,3,1,463,4,146,321,467
195243,4,2,1,211,195,6,8,406,14,217,203,420
195322,4,2,1,225,221,65,82,446,147,290,303,593
195474,4,2,1,726,982,0,6,1708,6,726,988,1714
195526,4,2,1,476,760,2,5,1236,7,478,765,1243
195544,4,2,1,386,729,2,3,1115,5,388,732,1120
195702,4,2,1,7,30,0,0,37,0,7,30,37
195720,4,2,1,472,667,1,2,1139,3,473,669,1142
195988,4,2,1,146,139,31,33,285,64,177,172,349
196006,4,2,1,1103,447,10,4,1550,14,1113,451,1564
196015,4,2,1,355,342,8,7,697,15,363,349,712
196024,4,2,1,532,391,6,4,923,10,538,395,933
196033,4,2,1,337,433,3,5,770,8,340,438,778
196042,4,2,1,1642,1119,154,86,2761,240,1796,1205,3001
196051,4,2,1,435,313,9,12,748,21,444,325,769
196060,4,2,1,2160,2996,20,23,5156,43,2180,3019,5199
196079,4,2,1,2873,3261,13,9,6134,22,2886,3270,6156
196088,4,2,1,4061,3708,41,37,7769,78,4102,3745,7847
196097,4,2,1,3084,3492,23,30,6576,53,3107,3522,6629
196103,4,2,1,257,281,53,63,538,116,310,344,654
196112,4,2,1,432,157,10,33,589,43,442,190,632
196121,4,2,1,657,1010,2,13,1667,15,659,1023,1682
196130,4,2,1,796,1023,21,18,1819,39,817,1041,1858
196149,4,2,1,1136,1370,5,1,2506,6,1141,1371,2512
196158,4,2,1,506,771,3,4,1277,7,509,775,1284
196167,4,2,1,568,1217,4,1,1785,5,572,1218,1790
196176,4,2,1,683,1519,14,19,2202,33,697,1538,2235
196185,4,2,1,705,1190,2,2,1895,4,707,1192,1899
196194,4,2,1,1068,1188,8,10,2256,18,1076,1198,2274
196200,4,2,1,268,483,1,0,751,1,269,483,752
196219,4,2,1,473,709,12,8,1182,20,485,717,1202
196246,4,2,1,567,935,12,9,1502,21,579,944,1523
196255,4,2,1,0,1,0,0,1,0,0,1,1
196264,4,2,1,54,97,47,49,151,96,101,146,247
196291,4,2,1,411,60,4,1,471,5,415,61,476
196307,4,2,1,1,5,0,0,6,0,1,5,6
196413,4,2,1,3036,4026,56,25,7062,81,3092,4051,7143
196468,4,2,1,0,1,0,0,1,0,0,1,1
196565,4,2,1,212,185,62,70,397,132,274,255,529
196653,4,2,1,3,36,4,28,39,32,7,64,71
196699,4,2,1,215,202,72,63,417,135,287,265,552
197036,4,2,1,1218,418,0,0,1636,0,1218,418,1636
197045,4,2,1,352,410,2,7,762,9,354,417,771
197285,4,2,1,69,82,6,13,151,19,75,95,170
197294,4,2,1,1046,919,418,370,1965,788,1464,1289,2753
197337,4,2,1,1,9,0,0,10,0,1,9,10
197708,4,2,1,554,656,4,1,1210,5,558,657,1215
197814,4,2,1,91,104,109,144,195,253,200,248,448
197850,4,2,1,132,172,263,354,304,617,395,526,921
197869,4,2,1,3151,4476,44,48,7627,92,3195,4524,7719
197887,4,2,1,225,291,244,351,516,595,469,642,1111
197911,4,2,1,254,207,1,2,461,3,255,209,464
197966,4,2,1,52,72,69,84,124,153,121,156,277
197993,4,2,1,0,53,0,1,53,1,0,54,54
198066,4,2,1,185,137,0,0,322,0,185,137,322
198109,4,2,1,0,14,2,17,14,19,2,31,33
198118,4,2,1,222,249,152,222,471,374,374,471,845
198136,4,2,1,373,493,6,11,866,17,379,504,883
198154,4,2,1,540,646,718,864,1186,1582,1258,1510,2768
198206,4,2,1,113,114,50,85,227,135,163,199,362
198260,4,2,1,1220,1317,1029,1295,2537,2324,2249,2612,4861
198303,4,2,1,201,124,0,0,325,0,201,124,325
198330,4,2,1,159,239,104,211,398,315,263,450,713
198367,4,2,1,146,133,130,176,279,306,276,309,585
198385,4,2,1,416,519,0,0,935,0,416,519,935
198455,4,2,1,132,143,274,332,275,606,406,475,881
198464,4,2,1,2826,4276,75,169,7102,244,2901,4445,7346
198507,4,2,1,292,319,3,2,611,5,295,321,616
198516,4,2,1,1030,1587,12,14,2617,26,1042,1601,2643
198534,4,2,1,365,412,312,444,777,756,677,856,1533
198543,4,2,1,325,768,29,33,1093,62,354,801,1155
198552,4,2,1,388,391,488,723,779,1211,876,1114,1990
198570,4,2,1,279,345,291,419,624,710,570,764,1334
198598,4,2,1,116,64,2,6,180,8,118,70,188
198622,4,2,1,628,486,529,544,1114,1073,1157,1030,2187
198668,4,2,1,86,70,37,62,156,99,123,132,255
198710,4,2,1,100,113,67,99,213,166,167,212,379
198756,4,2,1,191,170,7,3,361,10,198,173,371
198808,4,2,1,156,234,0,0,390,0,156,234,390
198817,4,2,1,142,120,73,134,262,207,215,254,469
198835,4,2,1,99,119,33,42,218,75,132,161,293
198862,4,2,1,187,103,2,2,290,4,189,105,294
198899,4,2,1,219,203,0,0,422,0,219,203,422
198905,4,2,1,14,62,50,73,76,123,64,135,199
198950,4,2,1,0,591,0,7,591,7,0,598,598
198969,4,2,1,356,211,4,2,567,6,360,213,573
198987,4,2,1,181,231,240,315,412,555,421,546,967
199087,4,2,1,156,169,154,222,325,376,310,391,701
199102,4,2,1,1656,3502,62,84,5158,146,1718,3586,5304
199111,4,2,1,351,568,6,8,919,14,357,576,933
199120,4,2,1,3367,5741,39,49,9108,88,3406,5790,9196
199139,4,2,1,3884,4258,177,179,8142,356,4061,4437,8498
199148,4,2,1,1385,2865,39,68,4250,107,1424,2933,4357
199157,4,2,1,564,1329,7,11,1893,18,571,1340,1911
199184,4,2,1,147,228,0,0,375,0,147,228,375
199193,4,2,1,5158,5723,134,80,10881,214,5292,5803,11095
199218,4,2,1,1612,3141,26,46,4753,72,1638,3187,4825
199272,4,2,1,122,94,0,1,216,1,122,95,217
199281,4,2,1,535,717,33,51,1252,84,568,768,1336
199324,4,2,1,11,26,86,84,37,170,97,110,207
199412,4,2,1,183,287,2,2,470,4,185,289,474
199494,4,2,1,288,310,289,367,598,656,577,677,1254
199607,4,2,1,0,106,0,5,106,5,0,111,111
199625,4,2,1,75,81,72,102,156,174,147,183,330
199689,4,2,1,1,22,0,2,23,2,1,24,25
199731,4,2,1,43,72,149,172,115,321,192,244,436
199740,4,2,1,56,87,105,138,143,243,161,225,386
199759,4,2,1,26,32,10,11,58,21,36,43,79
199768,4,2,1,224,230,153,188,454,341,377,418,795
199795,4,2,1,31,49,43,52,80,95,74,101,175
199856,4,2,1,1676,1468,1641,1591,3144,3232,3317,3059,6376
199865,4,2,1,111,186,0,1,297,1,111,187,298
199908,4,2,1,99,99,75,115,198,190,174,214,388
199926,4,2,1,184,167,142,195,351,337,326,362,688
199971,4,2,1,2,0,0,0,2,0,2,0,2
199999,4,2,1,366,1203,13,26,1569,39,379,1229,1608
200004,4,2,1,1333,1854,30,20,3187,50,1363,1874,3237
200013,4,2,1,1,8,1,8,9,9,2,16,18
200022,4,2,1,528,440,97,145,968,242,625,585,1210
200059,4,2,1,170,176,13,23,346,36,183,199,382
200086,4,2,1,13,9,2,2,22,4,15,11,26
200192,4,2,1,113,130,50,84,243,134,163,214,377
200217,4,2,1,271,443,18,30,714,48,289,473,762
200280,4,2,1,1396,1497,122,86,2893,208,1518,1583,3101
200305,4,2,1,655,300,131,101,955,232,786,401,1187
200314,4,2,1,65,71,35,34,136,69,100,105,205
200332,4,2,1,1881,2183,89,122,4064,211,1970,2305,4275
200527,4,2,1,56,50,4,3,106,7,60,53,113
200554,4,2,1,28,56,0,1,84,1,28,57,85
200572,4,2,1,144,146,43,47,290,90,187,193,380
200590,4,2,1,1,6,1,1,7,2,2,7,9
200800,4,2,1,1479,1435,135,179,2914,314,1614,1614,3228
200846,4,2,1,58,98,104,121,156,225,162,219,381
201061,4,2,1,19,94,0,0,113,0,19,94,113
201177,4,2,1,5,44,2,9,49,11,7,53,60
201195,4,2,1,529,672,2,2,1201,4,531,674,1205
201283,4,2,1,77,79,28,45,156,73,105,124,229
201432,4,2,1,209,288,58,55,497,113,267,343,610
201441,4,2,1,1970,2950,103,84,4920,187,2073,3034,5107
201469,4,2,1,42,44,0,2,86,2,42,46,88
201548,4,2,1,312,481,1,0,793,1,313,481,794
201645,4,2,1,1480,1451,1,4,2931,5,1481,1455,2936
201654,4,2,1,848,1030,33,26,1878,59,881,1056,1937
201821,4,2,1,13,149,1,14,162,15,14,163,177
201885,4,2,1,5177,5361,287,267,10538,554,5464,5628,11092
201946,4,2,1,220,243,547,807,463,1354,767,1050,1817
201955,4,2,1,672,940,294,597,1612,891,966,1537,2503
201964,4,2,1,57,87,23,26,144,49,80,113,193
202046,4,2,1,61,181,1,0,242,1,62,181,243
202170,4,2,1,93,249,0,0,342,0,93,249,342
202222,4,2,1,1114,1321,1723,1927,2435,3650,2837,3248,6085
202356,4,2,1,659,750,562,723,1409,1285,1221,1473,2694
202453,4,2,1,8,2,0,0,10,0,8,2,10
202480,4,2,1,1792,1773,10,22,3565,32,1802,1795,3597
202523,4,2,1,554,638,1,0,1192,1,555,638,1193
202648,4,2,1,200,181,183,263,381,446,383,444,827
202763,4,2,1,312,775,61,51,1087,112,373,826,1199
203085,4,2,1,175,142,3,8,317,11,178,150,328
203128,4,2,1,175,158,9,5,333,14,184,163,347
203155,4,2,1,452,333,21,24,785,45,473,357,830
203289,4,2,1,2,0,0,0,2,0,2,0,2
203368,4,2,1,573,474,3,4,1047,7,576,478,1054
203447,4,2,1,37,57,58,143,94,201,95,200,295
203456,4,2,1,5,8,48,114,13,162,53,122,175
203465,4,2,1,156,210,106,224,366,330,262,434,696
203474,4,2,1,56,114,76,120,170,196,132,234,366
203483,4,2,1,100,131,97,139,231,236,197,270,467
203492,4,2,1,10,78,48,117,88,165,58,195,253
203517,4,2,1,2435,4754,132,203,7189,335,2567,4957,7524
203526,4,2,1,100,111,105,170,211,275,205,281,486
203544,4,2,1,10,63,11,43,73,54,21,106,127
203580,4,2,1,196,123,5,5,319,10,201,128,329
203599,4,2,1,219,265,176,216,484,392,395,481,876
203678,4,2,1,104,140,110,206,244,316,214,346,560
203720,4,2,1,12,2,0,0,14,0,12,2,14
203748,4,2,1,363,518,335,437,881,772,698,955,1653
203757,4,2,1,130,145,3,4,275,7,133,149,282
203775,4,2,1,166,179,8,12,345,20,174,191,365
203845,4,2,1,266,241,4,4,507,8,270,245,515
203881,4,2,1,37,93,66,107,130,173,103,200,303
203960,4,2,1,6,41,6,29,47,35,12,70,82
204006,4,2,1,283,376,43,48,659,91,326,424,750
204015,4,2,1,114,146,15,19,260,34,129,165,294
204024,4,2,1,3393,4179,18,10,7572,28,3411,4189,7600
204194,4,2,1,188,292,10,13,480,23,198,305,503
204200,4,2,1,221,245,19,17,466,36,240,262,502
204255,4,2,1,107,79,74,126,186,200,181,205,386
204422,4,2,1,126,145,79,145,271,224,205,290,495
204468,4,2,1,148,140,46,49,288,95,194,189,383
204477,4,2,1,1,1,0,0,2,0,1,1,2
204617,4,2,1,132,155,3,3,287,6,135,158,293
204635,4,2,1,609,549,10,10,1158,20,619,559,1178
204662,4,2,1,114,180,1,5,294,6,115,185,300
204671,4,2,1,167,187,19,11,354,30,186,198,384
204680,4,2,1,182,199,10,11,381,21,192,210,402
204699,4,2,1,226,193,15,14,419,29,241,207,448
204705,4,2,1,636,612,50,57,1248,107,686,669,1355
204796,4,2,1,7618,8947,88,74,16565,162,7706,9021,16727
204802,4,2,1,40,60,52,115,100,167,92,175,267
204820,4,2,1,41,102,87,221,143,308,128,323,451
204839,4,2,1,50,104,117,254,154,371,167,358,525
204848,4,2,1,66,110,92,238,176,330,158,348,506
204857,4,2,1,2456,3692,33,78,6148,111,2489,3770,6259
204866,4,2,1,28,113,114,249,141,363,142,362,504
204909,4,2,1,279,397,0,0,676,0,279,397,676
204936,4,2,1,352,574,7,6,926,13,359,580,939
204945,4,2,1,289,399,361,384,688,745,650,783,1433
205090,4,2,1,0,3,0,3,3,3,0,6,6
205443,4,2,1,335,509,39,51,844,90,374,560,934
205470,4,2,1,668,699,918,1074,1367,1992,1586,1773,3359
205841,4,2,1,502,466,420,501,968,921,922,967,1889
205966,4,2,1,43,77,42,90,120,132,85,167,252
206011,4,2,1,117,81,133,103,198,236,250,184,434
206279,4,2,1,1,1,0,1,2,1,1,2,3
206321,4,2,1,0,2,7,0,2,7,7,2,9
206349,4,2,1,8,171,0,3,179,3,8,174,182
206507,4,2,1,192,253,0,1,445,1,192,254,446
206525,4,2,1,305,338,1,0,643,1,306,338,644
206589,4,2,1,443,503,0,0,946,0,443,503,946
206604,4,2,1,755,1089,60,67,1844,127,815,1156,1971
206613,4,2,1,133,208,37,60,341,97,170,268,438
206622,4,2,1,891,1138,5,3,2029,8,896,1141,2037
206695,4,2,1,1085,1384,95,83,2469,178,1180,1467,2647
206862,4,2,1,144,169,1,3,313,4,145,172,317
206914,4,2,1,220,375,39,38,595,77,259,413,672
206923,4,2,1,171,228,77,113,399,190,248,341,589
206996,4,2,1,99,173,62,97,272,159,161,270,431
207041,4,2,1,305,383,18,20,688,38,323,403,726
207050,4,2,1,119,175,45,74,294,119,164,249,413
207069,4,2,1,127,149,150,211,276,361,277,360,637
207102,4,2,1,1,16,0,0,17,0,1,16,17
207209,4,2,1,314,506,4,5,820,9,318,511,829
207236,4,2,1,157,258,143,202,415,345,300,460,760
207263,4,2,1,438,592,29,32,1030,61,467,624,1091
207281,4,2,1,280,372,303,459,652,762,583,831,1414
207290,4,2,1,267,256,32,48,523,80,299,304,603
207306,4,2,1,181,266,27,35,447,62,208,301,509
207324,4,2,1,233,262,19,10,495,29,252,272,524
207342,4,2,1,0,6,0,0,6,0,0,6,6
207351,4,2,1,151,94,19,18,245,37,170,112,282
207388,4,2,1,2809,3493,196,298,6302,494,3005,3791,6796
207500,4,2,1,3264,4341,308,457,7605,765,3572,4798,8370
207564,4,2,1,448,124,83,61,572,144,531,185,716
207582,4,2,1,308,548,143,125,856,268,451,673,1124
207661,4,2,1,218,334,100,114,552,214,318,448,766
207670,4,2,1,324,532,549,941,856,1490,873,1473,2346
207740,4,2,1,142,236,83,107,378,190,225,343,568
207847,4,2,1,199,209,35,59,408,94,234,268,502
207865,4,2,1,330,523,78,101,853,179,408,624,1032
207935,4,2,1,822,1224,776,1170,2046,1946,1598,2394,3992
207962,4,2,1,293,32,0,0,325,0,293,32,325
207971,4,2,1,420,536,43,45,956,88,463,581,1044
208035,4,2,1,114,149,63,102,263,165,177,251,428
208275,4,2,1,142,180,41,49,322,90,183,229,412
208318,4,2,1,343,380,227,224,723,451,570,604,1174
208390,4,2,1,800,982,324,363,1782,687,1124,1345,2469
208406,4,2,1,362,382,238,246,744,484,600,628,1228
208415,4,2,1,49,67,27,33,116,60,76,100,176
208646,4,2,1,161,223,9,11,384,20,170,234,404
208822,4,2,1,443,606,7,5,1049,12,450,611,1061
209038,4,2,1,545,569,292,329,1114,621,837,898,1735
209074,4,2,1,386,356,319,432,742,751,705,788,1493
209250,4,2,1,310,346,201,149,656,350,511,495,1006
209490,4,2,1,0,2,0,0,2,0,0,2,2
209506,4,2,1,342,296,107,110,638,217,449,406,855
209542,4,2,1,3540,3599,389,462,7139,851,3929,4061,7990
209551,4,2,1,3548,4959,93,129,8507,222,3641,5088,8729
209603,4,2,1,22,97,0,1,119,1,22,98,120
209612,4,2,1,293,370,1,1,663,2,294,371,665
209746,4,2,1,1149,1381,812,1034,2530,1846,1961,2415,4376
209807,4,2,1,782,1178,490,618,1960,1108,1272,1796,3068
209825,4,2,1,534,998,8,6,1532,14,542,1004,1546
209922,4,2,1,288,483,0,0,771,0,288,483,771
210234,4,2,1,147,152,45,56,299,101,192,208,400
210270,4,2,1,152,215,57,90,367,147,209,305,514
210401,4,2,1,285,409,0,2,694,2,285,411,696
210429,4,2,1,272,577,16,29,849,45,288,606,894
210605,4,2,1,629,643,453,390,1272,843,1082,1033,2115
210739,4,2,1,298,567,1,3,865,4,299,570,869
210775,4,2,1,303,425,4,14,728,18,307,439,746
211088,4,2,1,217,501,57,33,718,90,274,534,808
211291,4,2,1,848,964,0,0,1812,0,848,964,1812
211307,4,2,1,568,558,388,402,1126,790,956,960,1916
211316,4,2,1,0,14,0,2,14,2,0,16,16
211343,4,2,1,214,313,94,140,527,234,308,453,761
211352,4,2,1,155,307,5,3,462,8,160,310,470
211431,4,2,1,54,257,1,3,311,4,55,260,315
211440,4,2,1,1531,1747,6,1,3278,7,1537,1748,3285
211556,4,2,1,146,376,3,27,522,30,149,403,552
211583,4,2,1,138,118,4,4,256,8,142,122,264
211608,4,2,1,103,213,5,8,316,13,108,221,329
211927,4,2,1,392,438,426,505,830,931,818,943,1761
212045,4,2,1,3,23,0,0,26,0,3,23,26
212054,4,2,1,2212,2315,26,25,4527,51,2238,2340,4578
212106,4,2,1,822,1562,1,5,2384,6,823,1567,2390
212115,4,2,1,700,878,18,14,1578,32,718,892,1610
212133,4,2,1,284,302,6,11,586,17,290,313,603
212197,4,2,1,318,480,5,3,798,8,323,483,806
212230,4,2,1,0,7,0,0,7,0,0,7,7
212267,4,2,1,0,15,0,8,15,8,0,23,23
212276,4,2,1,0,23,0,7,23,7,0,30,30
212294,4,2,1,1,25,0,2,26,2,1,27,28
212300,4,2,1,1,24,0,1,25,1,1,25,26
212328,4,2,1,0,19,0,7,19,7,0,26,26
212337,4,2,1,0,11,0,7,11,7,0,18,18
212355,4,2,1,0,29,1,12,29,13,1,41,42
212382,4,2,1,0,24,0,4,24,4,0,28,28
212391,4,2,1,2,7,0,0,9,0,2,7,9
212601,4,2,1,416,613,32,22,1029,54,448,635,1083
212674,4,2,1,500,565,0,0,1065,0,500,565,1065
212753,4,2,1,0,12,1,2,12,3,1,14,15
212771,4,2,1,0,30,0,27,30,27,0,57,57
212805,4,2,1,526,539,8,5,1065,13,534,544,1078
212869,4,2,1,38,114,5,9,152,14,43,123,166
212878,4,2,1,504,880,466,764,1384,1230,970,1644,2614
212975,4,2,1,8,3,0,0,11,0,8,3,11
212984,4,2,1,170,435,1,4,605,5,171,439,610
213011,4,2,1,136,274,11,18,410,29,147,292,439
213020,4,2,1,979,1759,27,26,2738,53,1006,1785,2791
213181,4,2,1,4,85,2,15,89,17,6,100,106
213251,4,2,1,246,292,1,1,538,2,247,293,540
213321,4,2,1,323,337,5,1,660,6,328,338,666
213349,4,2,1,1146,1525,14,12,2671,26,1160,1537,2697
213367,4,2,1,287,517,12,20,804,32,299,537,836
213376,4,2,1,231,189,24,39,420,63,255,228,483
213385,4,2,1,611,684,0,0,1295,0,611,684,1295
213507,4,2,1,328,409,4,3,737,7,332,412,744
213525,4,2,1,449,492,247,371,941,618,696,863,1559
213570,4,2,1,10,23,0,0,33,0,10,23,33
213589,4,2,1,70,7,1,0,77,1,71,7,78
213598,4,2,1,212,502,5,7,714,12,217,509,726
213659,4,2,1,234,314,162,244,548,406,396,558,954
213668,4,2,1,236,268,0,2,504,2,236,270,506
213774,4,2,1,48,114,6,6,162,12,54,120,174
213987,4,2,1,336,554,3,3,890,6,339,557,896
213996,4,2,1,389,646,7,3,1035,10,396,649,1045
214041,4,2,1,828,1171,41,58,1999,99,869,1229,2098
214111,4,2,1,673,657,395,485,1330,880,1068,1142,2210
214148,4,2,1,0,160,0,0,160,0,0,160,160
214157,4,2,1,307,446,0,2,753,2,307,448,755
214175,4,2,1,300,485,0,0,785,0,300,485,785
214272,4,2,1,206,396,2,7,602,9,208,403,611
214379,4,2,1,616,684,356,513,1300,869,972,1197,2169
214591,4,2,1,841,514,9,4,1355,13,850,518,1368
214625,4,2,1,122,74,5,7,196,12,127,81,208
214634,4,2,1,30,54,4,7,84,11,34,61,95
214643,4,2,1,103,62,3,1,165,4,106,63,169
214652,4,2,1,218,158,5,5,376,10,223,163,386
214670,4,2,1,207,132,11,3,339,14,218,135,353
214689,4,2,1,679,622,10,6,1301,16,689,628,1317
214698,4,2,1,127,92,1,1,219,2,128,93,221
214704,4,2,1,509,324,11,11,833,22,520,335,855
214713,4,2,1,1010,611,31,16,1621,47,1041,627,1668
214731,4,2,1,324,212,11,6,536,17,335,218,553
214740,4,2,1,103,62,2,5,165,7,105,67,172
214759,4,2,1,94,110,2,2,204,4,96,112,208
214768,4,2,1,117,108,3,2,225,5,120,110,230
214777,4,2,1,9908,9510,118,64,19418,182,10026,9574,19600
214786,4,2,1,112,58,1,1,170,2,113,59,172
214795,4,2,1,120,166,2,5,286,7,122,171,293
214801,4,2,1,742,547,31,16,1289,47,773,563,1336
214810,4,2,1,107,175,4,7,282,11,111,182,293
214829,4,2,1,180,89,4,5,269,9,184,94,278
214883,4,2,1,1,0,0,3,1,3,1,3,4
215053,4,2,1,17,58,2,2,75,4,19,60,79
215062,4,2,1,1856,2411,12,16,4267,28,1868,2427,4295
215105,4,2,1,102,228,0,1,330,1,102,229,331
215239,4,2,1,286,406,248,360,692,608,534,766,1300
215266,4,2,1,230,260,0,2,490,2,230,262,492
215275,4,2,1,237,356,2,3,593,5,239,359,598
215284,4,2,1,458,353,0,2,811,2,458,355,813
215293,4,2,1,3243,5408,219,253,8651,472,3462,5661,9123
215309,4,2,1,1,4,0,0,5,0,1,4,5
215381,4,2,1,195,18,0,0,213,0,195,18,213
215442,4,2,1,296,641,3,4,937,7,299,645,944
215479,4,2,1,0,1,0,0,1,0,0,1,1
215585,4,2,1,190,262,198,308,452,506,388,570,958
215655,4,2,1,527,525,6,12,1052,18,533,537,1070
215743,4,2,1,250,410,20,14,660,34,270,424,694
215798,4,2,1,345,250,0,0,595,0,345,250,595
215929,4,2,1,403,554,15,25,957,40,418,579,997
216010,4,2,1,812,923,15,10,1735,25,827,933,1760
216038,4,2,1,1007,1527,33,22,2534,55,1040,1549,2589
216339,4,2,1,3497,5034,65,49,8531,114,3562,5083,8645
216357,4,2,1,185,183,0,0,368,0,185,183,368
216366,4,2,1,311,932,1,4,1243,5,312,936,1248
216454,4,2,1,38,5,0,0,43,0,38,5,43
216524,4,2,1,347,355,2,1,702,3,349,356,705
216542,4,2,1,94,111,2,0,205,2,96,111,207
216579,4,2,1,1,24,0,0,25,0,1,24,25
216597,4,2,1,1417,1753,9,8,3170,17,1426,1761,3187
216667,4,2,1,300,277,0,0,577,0,300,277,577
216694,4,2,1,189,228,5,1,417,6,194,229,423
216746,4,2,1,11,1,4,0,12,4,15,1,16
216764,4,2,1,1983,3128,40,64,5111,104,2023,3192,5215
216825,4,2,1,246,332,126,238,578,364,372,570,942
216852,4,2,1,399,562,1,4,961,5,400,566,966
216931,4,2,1,328,368,22,23,696,45,350,391,741
216940,4,2,1,180,0,0,0,180,0,180,0,180
217013,4,2,1,50,172,1,3,222,4,51,175,226
217059,4,2,1,537,717,7,10,1254,17,544,727,1271
217156,4,2,1,1470,1573,13,44,3043,57,1483,1617,3100
217165,4,2,1,930,509,1,0,1439,1,931,509,1440
217235,4,2,1,579,1110,6,6,1689,12,585,1116,1701
217305,4,2,1,385,113,4,3,498,7,389,116,505
217323,4,2,1,6,0,0,0,6,0,6,0,6
217402,4,2,1,883,1071,6,3,1954,9,889,1074,1963
217420,4,2,1,313,712,13,36,1025,49,326,748,1074
217493,4,2,1,236,510,0,0,746,0,236,510,746
217518,4,2,1,827,917,24,15,1744,39,851,932,1783
217536,4,2,1,243,671,0,0,914,0,243,671,914
217581,4,2,1,0,19,0,3,19,3,0,22,22
217633,4,2,1,416,900,13,29,1316,42,429,929,1358
217688,4,2,1,393,764,9,4,1157,13,402,768,1170
217712,4,2,1,81,102,121,178,183,299,202,280,482
217721,4,2,1,248,284,0,1,532,1,248,285,533
217749,4,2,1,403,536,19,10,939,29,422,546,968
217819,4,2,1,1077,2926,12,26,4003,38,1089,2952,4041
217864,4,2,1,879,147,16,4,1026,20,895,151,1046
217873,4,2,1,66,195,3,4,261,7,69,199,268
217882,4,2,1,3773,5249,21,26,9022,47,3794,5275,9069
217891,4,2,1,26,29,0,0,55,0,26,29,55
217907,4,2,1,156,145,8,3,301,11,164,148,312
217925,4,2,1,126,130,21,19,256,40,147,149,296
217934,4,2,1,57,194,1,6,251,7,58,200,258
217961,4,2,1,102,283,1,0,385,1,103,283,386
217989,4,2,1,89,74,17,21,163,38,106,95,201
218025,4,2,1,280,244,120,125,524,245,400,369,769
218061,4,2,1,351,713,12,8,1064,20,363,721,1084
218113,4,2,1,839,960,393,476,1799,869,1232,1436,2668
218140,4,2,1,685,798,243,401,1483,644,928,1199,2127
218229,4,2,1,416,943,9,17,1359,26,425,960,1385
218335,4,2,1,0,4,0,0,4,0,0,4,4
218353,4,2,1,827,821,345,421,1648,766,1172,1242,2414
218399,4,2,1,71,76,0,0,147,0,71,76,147
218414,4,2,1,279,217,0,0,496,0,279,217,496
218441,4,2,1,372,384,13,15,756,28,385,399,784
218487,4,2,1,96,123,43,68,219,111,139,191,330
218520,4,2,1,258,323,198,277,581,475,456,600,1056
218539,4,2,1,204,195,0,0,399,0,204,195,399
218645,4,2,1,339,536,11,21,875,32,350,557,907
218654,4,2,1,227,481,14,13,708,27,241,494,735
218663,4,2,1,4852,7467,51,31,12319,82,4903,7498,12401
218672,4,2,1,195,259,24,15,454,39,219,274,493
218681,4,2,1,91,79,3,5,170,8,94,84,178
218690,4,2,1,170,155,17,21,325,38,187,176,363
218706,4,2,1,92,72,13,11,164,24,105,83,188
218724,4,2,1,1850,2457,92,79,4307,171,1942,2536,4478
218733,4,2,1,496,575,58,39,1071,97,554,614,1168
218742,4,2,1,327,774,11,10,1101,21,338,784,1122
218821,4,2,1,281,358,30,30,639,60,311,388,699
218830,4,2,1,457,450,249,263,907,512,706,713,1419
218885,4,2,1,1171,1029,183,210,2200,393,1354,1239,2593
218919,4,2,1,80,71,9,1,151,10,89,72,161
218973,4,2,1,384,464,0,0,848,0,384,464,848
218991,4,2,1,462,422,253,237,884,490,715,659,1374
219037,4,2,1,0,19,0,1,19,1,0,20,20
219082,4,2,1,396,153,84,91,549,175,480,244,724
219125,4,2,1,1,18,2,1,19,3,3,19,22
219170,4,2,1,0,1,0,0,1,0,0,1,1
219189,4,2,1,424,143,43,31,567,74,467,174,641
219198,4,2,1,117,109,24,33,226,57,141,142,283
219204,4,2,1,0,3,8,5,3,13,8,8,16
219259,4,2,1,208,266,114,175,474,289,322,441,763
219277,4,2,1,35,32,7,19,67,26,42,51,93
219347,4,2,1,604,188,36,28,792,64,640,216,856
219426,4,2,1,421,256,68,171,677,239,489,427,916
219471,4,2,1,650,1386,147,180,2036,327,797,1566,2363
219480,4,2,1,106,68,36,37,174,73,142,105,247
219602,4,2,1,731,1257,43,77,1988,120,774,1334,2108
219639,4,2,1,9,64,1,15,73,16,10,79,89
219806,4,2,1,238,302,3,5,540,8,241,307,548
219824,4,2,1,587,886,120,167,1473,287,707,1053,1760
219833,4,2,1,161,177,0,4,338,4,161,181,342
219879,4,2,1,411,527,61,54,938,115,472,581,1053
219888,4,2,1,641,951,120,146,1592,266,761,1097,1858
219921,4,2,1,67,17,62,8,84,70,129,25,154
219994,4,2,1,152,63,50,11,215,61,202,74,276
220057,4,2,1,220,394,28,57,614,85,248,451,699
220075,4,2,1,1227,2100,49,68,3327,117,1276,2168,3444
220127,4,2,1,91,45,18,1,136,19,109,46,155
220215,4,2,1,235,280,44,72,515,116,279,352,631
220251,4,2,1,64,27,68,30,91,98,132,57,189
220279,4,2,1,69,14,68,39,83,107,137,53,190
220321,4,2,1,88,51,61,34,139,95,149,85,234
220394,4,2,1,81,33,18,6,114,24,99,39,138
220400,4,2,1,272,470,87,143,742,230,359,613,972
220473,4,2,1,96,131,0,2,227,2,96,133,229
220516,4,2,1,88,104,6,1,192,7,94,105,199
220598,4,2,1,195,144,12,10,339,22,207,154,361
220604,4,2,1,60,87,8,2,147,10,68,89,157
220701,4,2,1,106,224,6,8,330,14,112,232,344
220710,4,2,1,192,227,8,2,419,10,200,229,429
220792,4,2,1,0,1,0,0,1,0,0,1,1
220862,4,2,1,1412,2144,317,391,3556,708,1729,2535,4264
220978,4,2,1,1855,2271,170,214,4126,384,2025,2485,4510
221050,4,2,1,176,59,67,8,235,75,243,67,310
221096,4,2,1,738,1074,75,109,1812,184,813,1183,1996
221148,4,2,1,531,43,0,0,574,0,531,43,574
221184,4,2,1,595,774,119,164,1369,283,714,938,1652
221333,4,2,1,68,23,78,10,91,88,146,33,179
221397,4,2,1,478,790,53,89,1268,142,531,879,1410
221430,4,2,1,84,18,121,38,102,159,205,56,261
221485,4,2,1,530,722,177,203,1252,380,707,925,1632
221494,4,2,1,131,12,55,8,143,63,186,20,206
221519,4,2,1,302,401,0,1,703,1,302,402,704
221582,4,2,1,40,11,71,23,51,94,111,34,145
221607,4,2,1,76,30,60,15,106,75,136,45,181
221625,4,2,1,183,71,61,27,254,88,244,98,342
221643,4,2,1,1277,1346,197,228,2623,425,1474,1574,3048
221740,4,2,1,1378,2252,25,45,3630,70,1403,2297,3700
221759,4,2,1,5045,6726,43,70,11771,113,5088,6796,11884
221768,4,2,1,550,1008,136,261,1558,397,686,1269,1955
221838,4,2,1,1358,2782,50,96,4140,146,1408,2878,4286
221847,4,2,1,1788,1505,18,18,3293,36,1806,1523,3329
221908,4,2,1,672,769,77,91,1441,168,749,860,1609
221999,4,2,1,1436,1664,1,4,3100,5,1437,1668,3105
222053,4,2,1,836,1138,102,139,1974,241,938,1277,2215
222062,4,2,1,611,994,75,115,1605,190,686,1109,1795
222178,4,2,1,517,946,1,0,1463,1,518,946,1464
222576,4,2,1,692,884,294,527,1576,821,986,1411,2397
222822,4,2,1,272,380,146,210,652,356,418,590,1008
222831,4,2,1,813,1239,127,137,2052,264,940,1376,2316
222877,4,2,1,70,37,0,0,107,0,70,37,107
222992,4,2,1,1422,1669,1728,1975,3091,3703,3150,3644,6794
223232,4,2,1,2721,4204,12,11,6925,23,2733,4215,6948
223320,4,2,1,133,165,118,178,298,296,251,343,594
223506,4,2,1,208,270,215,228,478,443,423,498,921
223816,4,2,1,205,283,288,368,488,656,493,651,1144
223922,4,2,1,127,129,52,81,256,133,179,210,389
224147,4,2,1,1074,1749,91,137,2823,228,1165,1886,3051
224156,4,2,1,0,47,1,14,47,15,1,61,62
224323,4,2,1,306,410,0,1,716,1,306,411,717
224527,4,2,1,311,313,14,10,624,24,325,323,648
224554,4,2,1,571,871,52,100,1442,152,623,971,1594
224615,4,2,1,2198,2214,3116,4043,4412,7159,5314,6257,11571
224642,4,2,1,1399,1686,1188,1507,3085,2695,2587,3193,5780
224891,4,2,1,131,167,126,120,298,246,257,287,544
224961,4,2,1,118,140,70,113,258,183,188,253,441
225247,4,2,1,260,302,0,2,562,2,260,304,564
225399,4,2,1,434,697,26,51,1131,77,460,748,1208
225414,4,2,1,177,290,47,90,467,137,224,380,604
225432,4,2,1,747,965,172,313,1712,485,919,1278,2197
225511,4,2,1,4267,5522,888,829,9789,1717,5155,6351,11506
225548,4,2,1,154,121,1,8,275,9,155,129,284
225885,4,2,1,111,126,0,2,237,2,111,128,239
226116,4,2,1,88,152,59,94,240,153,147,246,393
226134,4,2,1,487,653,681,685,1140,1366,1168,1338,2506
226204,4,2,1,165,179,560,637,344,1197,725,816,1541
226277,4,2,1,421,29,0,0,450,0,421,29,450
226383,4,2,1,144,263,21,22,407,43,165,285,450
226408,4,2,1,251,294,283,333,545,616,534,627,1161
226471,4,2,1,475,805,4,6,1280,10,479,811,1290
226578,4,2,1,406,656,207,432,1062,639,613,1088,1701
226587,4,2,1,244,192,4,3,436,7,248,195,443
226675,4,2,1,3,2,0,0,5,0,3,2,5
227146,4,2,1,599,672,210,295,1271,505,809,967,1776
227182,4,2,1,3897,4405,3376,4536,8302,7912,7273,8941,16214
227216,4,2,1,4102,5742,347,404,9844,751,4449,6146,10595
227331,4,2,1,139,184,1,11,323,12,140,195,335
227368,4,2,1,1518,2440,353,397,3958,750,1871,2837,4708
227377,4,2,1,289,309,430,625,598,1055,719,934,1653
227386,4,2,1,193,263,42,83,456,125,235,346,581
227401,4,2,1,266,329,153,275,595,428,419,604,1023
227526,4,2,1,781,2065,34,80,2846,114,815,2145,2960
227757,4,2,1,1086,1117,2,3,2203,5,1088,1120,2208
227845,4,2,1,381,701,5,4,1082,9,386,705,1091
227863,4,2,1,323,426,27,7,749,34,350,433,783
227881,4,2,1,1782,3427,128,218,5209,346,1910,3645,5555
227979,4,2,1,2267,2792,1805,2117,5059,3922,4072,4909,8981
228042,4,2,1,229,281,0,2,510,2,229,283,512
228149,4,2,1,314,602,1,1,916,2,315,603,918
228158,4,2,1,362,469,593,709,831,1302,955,1178,2133
228246,4,2,1,1321,1640,11,3,2961,14,1332,1643,2975
228282,4,2,1,1,3,0,0,4,0,1,3,4
228343,4,2,1,311,361,0,0,672,0,311,361,672
228431,4,2,1,1067,1996,46,53,3063,99,1113,2049,3162
228459,4,2,1,3729,6885,226,327,10614,553,3955,7212,11167
228501,4,2,1,179,103,8,17,282,25,187,120,307
228529,4,2,1,1282,2391,123,264,3673,387,1405,2655,4060
228547,4,2,1,1463,1682,2823,3403,3145,6226,4286,5085,9371
228644,4,2,1,3,6,0,0,9,0,3,6,9
228653,4,2,1,0,2,0,0,2,0,0,2,2
228699,4,2,1,137,161,151,167,298,318,288,328,616
228705,4,2,1,754,768,45,53,1522,98,799,821,1620
228723,4,2,1,11304,10918,1466,929,22222,2395,12770,11847,24617
228769,4,2,1,2664,3469,370,412,6133,782,3034,3881,6915
228778,4,2,1,7208,10887,137,163,18095,300,7345,11050,18395
228787,4,2,1,3021,2712,268,160,5733,428,3289,2872,6161
228796,4,2,1,2145,2717,527,608,4862,1135,2672,3325,5997
228802,4,2,1,453,807,118,183,1260,301,571,990,1561
228875,4,2,1,1309,2659,5,9,3968,14,1314,2668,3982
228909,4,2,1,1,0,0,0,1,0,1,0,1
229018,4,2,1,373,512,34,48,885,82,407,560,967
229027,4,2,1,3544,4652,766,866,8196,1632,4310,5518,9828
229063,4,2,1,926,1854,99,188,2780,287,1025,2042,3067
229115,4,2,1,5833,6527,229,199,12360,428,6062,6726,12788
229179,4,2,1,126,2040,41,84,2166,125,167,2124,2291
229267,4,2,1,494,653,0,0,1147,0,494,653,1147
229337,4,2,1,0,14,0,0,14,0,0,14,14
229355,4,2,1,1353,1860,727,1193,3213,1920,2080,3053,5133
229504,4,2,1,114,175,84,159,289,243,198,334,532
229780,4,2,1,207,108,7,6,315,13,214,114,328
229799,4,2,1,313,505,230,380,818,610,543,885,1428
229814,4,2,1,806,1180,30,61,1986,91,836,1241,2077
229841,4,2,1,688,804,266,404,1492,670,954,1208,2162
229887,4,2,1,162,145,3,3,307,6,165,148,313
230038,4,2,1,1423,4544,78,222,5967,300,1501,4766,6267
230047,4,2,1,89,323,6,6,412,12,95,329,424
230162,4,2,1,42,30,312,245,72,557,354,275,629
230171,4,2,1,793,1787,419,491,2580,910,1212,2278,3490
230214,4,2,1,2,22,7,29,24,36,9,51,60
230597,4,2,1,706,1202,114,125,1908,239,820,1327,2147
230603,4,2,1,892,2071,120,149,2963,269,1012,2220,3232
230676,4,2,1,5,5,53,19,10,72,58,24,82
230728,4,2,1,1746,3637,340,449,5383,789,2086,4086,6172
230746,4,2,1,836,1107,1167,1453,1943,2620,2003,2560,4563
230764,4,2,1,4186,4576,266,246,8762,512,4452,4822,9274
230782,4,2,1,1058,1846,476,512,2904,988,1534,2358,3892
230807,4,2,1,111,180,2,0,291,2,113,180,293
230816,4,2,1,92,256,1,1,348,2,93,257,350
230834,4,2,1,299,332,12,15,631,27,311,347,658
230852,4,2,1,497,302,16,2,799,18,513,304,817
230861,4,2,1,94,178,215,393,272,608,309,571,880
230913,4,2,1,163,226,10,21,389,31,173,247,420
230959,4,2,1,496,627,0,0,1123,0,496,627,1123
231059,4,2,1,194,247,1,0,441,1,195,247,442
231095,4,2,1,6,6,0,0,12,0,6,6,12
231165,4,2,1,139,67,19,13,206,32,158,80,238
231174,4,2,1,1791,3697,27,25,5488,52,1818,3722,5540
231280,4,2,1,2,23,0,5,25,5,2,28,30
231411,4,2,1,126,6,0,0,132,0,126,6,132
231420,4,2,1,184,108,1,3,292,4,185,111,296
231536,4,2,1,265,291,197,276,556,473,462,567,1029
231581,4,2,1,326,343,2,1,669,3,328,344,672
231624,4,2,1,1357,1896,4,0,3253,4,1361,1896,3257
231697,4,2,1,168,181,171,236,349,407,339,417,756
231712,4,2,1,892,1024,2,1,1916,3,894,1025,1919
231785,4,2,1,92,64,1,13,156,14,93,77,170
231873,4,2,1,70,69,25,29,139,54,95,98,193
231882,4,2,1,167,152,72,101,319,173,239,253,492
232025,4,2,1,278,298,0,1,576,1,278,299,577
232043,4,2,1,129,203,5,0,332,5,134,203,337
232052,4,2,1,27,44,51,48,71,99,78,92,170
232089,4,2,1,187,108,13,11,295,24,200,119,319
232186,4,2,1,3490,3458,172,114,6948,286,3662,3572,7234
232195,4,2,1,492,587,361,580,1079,941,853,1167,2020
232308,4,2,1,0,190,0,0,190,0,0,190,190
232414,4,2,1,365,405,335,430,770,765,700,835,1535
232450,4,2,1,473,521,457,529,994,986,930,1050,1980
232557,4,2,1,2806,4079,223,291,6885,514,3029,4370,7399
232566,4,2,1,370,895,18,13,1265,31,388,908,1296
232575,4,2,1,325,411,218,377,736,595,543,788,1331
232609,4,2,1,231,411,1,5,642,6,232,416,648
232706,4,2,1,212,351,37,21,563,58,249,372,621
232788,4,2,1,145,137,45,58,282,103,190,195,385
232867,4,2,1,372,283,164,144,655,308,536,427,963
232946,4,2,1,3659,3126,3021,2831,6785,5852,6680,5957,12637
232982,4,2,1,2313,2666,111,114,4979,225,2424,2780,5204
233019,4,2,1,259,254,86,56,513,142,345,310,655
233037,4,2,1,74,59,29,51,133,80,103,110,213
233116,4,2,1,214,236,254,353,450,607,468,589,1057
233277,4,2,1,791,1338,5,11,2129,16,796,1349,2145
233286,4,2,1,5,26,0,2,31,2,5,28,33
233295,4,2,1,285,356,4,2,641,6,289,358,647
233310,4,2,1,91,125,106,168,216,274,197,293,490
233338,4,2,1,111,167,311,403,278,714,422,570,992
233374,4,2,1,451,650,3,1,1101,4,454,651,1105
233426,4,2,1,347,451,0,1,798,1,347,452,799
233541,4,2,1,366,493,10,9,859,19,376,502,878
233611,4,2,1,126,223,0,1,349,1,126,224,350
233639,4,2,1,66,167,96,158,233,254,162,325,487
233648,4,2,1,210,236,59,87,446,146,269,323,592
233666,4,2,1,0,6,0,1,6,1,0,7,7
233718,4,2,1,0,233,0,0,233,0,0,233,233
233754,4,2,1,353,370,260,330,723,590,613,700,1313
233772,4,2,1,817,994,808,886,1811,1694,1625,1880,3505
233903,4,2,1,150,142,75,113,292,188,225,255,480
233921,4,2,1,6704,5627,32,17,12331,49,6736,5644,12380
233949,4,2,1,412,418,242,346,830,588,654,764,1418
234030,4,2,1,2392,4858,85,131,7250,216,2477,4989,7466
234076,4,2,1,2961,4173,8,7,7134,15,2969,4180,7149
234119,4,2,1,3,5,0,1,8,1,3,6,9
234155,4,2,1,672,1099,6,11,1771,17,678,1110,1788
234207,4,2,1,388,445,0,2,833,2,388,447,835
234377,4,2,1,127,186,54,121,313,175,181,307,488
234669,4,2,1,785,785,413,457,1570,870,1198,1242,2440
234696,4,2,1,117,54,26,52,171,78,143,106,249
234711,4,2,1,182,200,26,47,382,73,208,247,455
234827,4,2,1,939,1134,34,36,2073,70,973,1170,2143
234845,4,2,1,155,216,43,46,371,89,198,262,460
234924,4,2,1,6,61,0,0,67,0,6,61,67
234933,4,2,1,442,579,225,314,1021,539,667,893,1560
234951,4,2,1,137,135,35,52,272,87,172,187,359
234979,4,2,1,490,609,143,225,1099,368,633,834,1467
235024,4,2,1,66,106,0,1,172,1,66,107,173
235097,4,2,1,862,1279,36,42,2141,78,898,1321,2219
235103,4,2,1,399,382,171,186,781,357,570,568,1138
235149,4,2,1,501,518,244,304,1019,548,745,822,1567
235237,4,2,1,443,680,144,205,1123,349,587,885,1472
235307,4,2,1,0,27,0,0,27,0,0,27,27
235316,4,2,1,1044,1321,2,4,2365,6,1046,1325,2371
235334,4,2,1,119,139,26,45,258,71,145,184,329
235343,4,2,1,500,505,253,273,1005,526,753,778,1531
235431,4,2,1,269,357,150,194,626,344,419,551,970
235547,4,2,1,0,1,0,0,1,0,0,1,1
235671,4,2,1,389,88,29,42,477,71,418,130,548
235699,4,2,1,203,98,61,64,301,125,264,162,426
235750,4,2,1,133,193,57,98,326,155,190,291,481
236072,4,2,1,234,226,101,114,460,215,335,340,675
236188,4,2,1,259,384,121,125,643,246,380,509,889
236258,4,2,1,61,118,25,35,179,60,86,153,239
236328,4,2,1,287,377,1,0,664,1,288,377,665
236382,4,2,1,111,62,64,34,173,98,175,96,271
236452,4,2,1,156,322,0,3,478,3,156,325,481
236504,4,2,1,237,171,168,70,408,238,405,241,646
236513,4,2,1,337,375,124,127,712,251,461,502,963
236577,4,2,1,296,638,3,10,934,13,299,648,947
236595,4,2,1,620,1064,7,21,1684,28,627,1085,1712
236610,4,2,1,287,253,150,141,540,291,437,394,831
236638,4,2,1,271,300,65,84,571,149,336,384,720
236656,4,2,1,239,292,91,146,531,237,330,438,768
236692,4,2,1,323,344,136,120,667,256,459,464,923
236708,4,2,1,343,386,81,106,729,187,424,492,916
236753,4,2,1,353,411,115,182,764,297,468,593,1061
236887,4,2,1,223,209,40,56,432,96,263,265,528
236896,4,2,1,240,205,10,4,445,14,250,209,459
236939,4,2,1,3146,3851,99,134,6997,233,3245,3985,7230
236975,4,2,1,233,321,42,66,554,108,275,387,662
237011,4,2,1,1984,2975,93,114,4959,207,2077,3089,5166
237039,4,2,1,195,221,129,149,416,278,324,370,694
237057,4,2,1,292,371,1,1,663,2,293,372,665
237066,4,2,1,319,477,1,2,796,3,320,479,799
237109,4,2,1,184,385,51,123,569,174,235,508,743
237118,4,2,1,215,110,0,0,325,0,215,110,325
237181,4,2,1,149,128,0,0,277,0,149,128,277
237303,4,2,1,4,7,0,0,11,0,4,7,11
237312,4,2,1,142,187,3,24,329,27,145,211,356
237321,4,2,1,0,15,0,0,15,0,0,15,15
237330,4,2,1,240,299,3,10,539,13,243,309,552
237358,4,2,1,108,163,1,1,271,2,109,164,273
237367,4,2,1,465,530,19,26,995,45,484,556,1040
237385,4,2,1,169,231,16,18,400,34,185,249,434
237525,4,2,1,978,1449,76,101,2427,177,1054,1550,2604
237686,4,2,1,127,176,82,141,303,223,209,317,526
237701,4,2,1,225,305,17,22,530,39,242,327,569
237792,4,2,1,307,500,9,28,807,37,316,528,844
237817,4,2,1,112,259,20,44,371,64,132,303,435
237899,4,2,1,194,261,124,146,455,270,318,407,725
237950,4,2,1,247,176,27,38,423,65,274,214,488
237969,4,2,1,221,232,1,1,453,2,222,233,455
238014,4,2,1,106,118,31,63,224,94,137,181,318
238032,4,2,1,3356,3879,59,57,7235,116,3415,3936,7351
238175,4,2,1,0,14,0,0,14,0,0,14,14
238193,4,2,1,0,203,0,3,203,3,0,206,206
238263,4,2,1,620,522,832,928,1142,1760,1452,1450,2902
238397,4,2,1,93,89,105,168,182,273,198,257,455
238430,4,2,1,55,88,12,38,143,50,67,126,193
238458,4,2,1,382,754,3,7,1136,10,385,761,1146
238722,4,2,1,425,332,577,468,757,1045,1002,800,1802
238759,4,2,1,222,194,459,420,416,879,681,614,1295
239008,4,2,1,90,64,162,116,154,278,252,180,432
239017,4,2,1,284,351,1,1,635,2,285,352,637
239071,4,2,1,85,141,14,17,226,31,99,158,257
239105,4,2,1,1453,1851,31,21,3304,52,1484,1872,3356
239248,4,2,1,591,468,464,658,1059,1122,1055,1126,2181
239309,4,2,1,55,320,0,0,375,0,55,320,375
239318,4,2,1,751,256,3,2,1007,5,754,258,1012
239372,4,2,1,183,162,136,155,345,291,319,317,636
239442,4,2,1,33,49,52,101,82,153,85,150,235
239488,4,2,1,553,418,348,446,971,794,901,864,1765
239512,4,2,1,80,128,0,1,208,1,80,129,209
239716,4,2,1,376,508,2,1,884,3,378,509,887
239877,4,2,1,0,13,0,0,13,0,0,13,13
240107,4,2,1,125,312,1,2,437,3,126,314,440
240170,4,2,1,383,288,109,221,671,330,492,509,1001
240189,4,2,1,1777,1602,51,62,3379,113,1828,1664,3492
240198,4,2,1,172,141,124,123,313,247,296,264,560
240268,4,2,1,1391,2314,43,58,3705,101,1434,2372,3806
240277,4,2,1,649,1130,101,229,1779,330,750,1359,2109
240329,4,2,1,1616,2410,19,28,4026,47,1635,2438,4073
240338,4,2,1,231,264,1,0,495,1,232,264,496
240365,4,2,1,1082,1564,225,283,2646,508,1307,1847,3154
240374,4,2,1,310,430,21,31,740,52,331,461,792
240417,4,2,1,1121,860,33,30,1981,63,1154,890,2044
240426,4,2,1,217,292,13,10,509,23,230,302,532
240444,4,2,1,6836,8785,60,63,15621,123,6896,8848,15744
240453,4,2,1,2322,2967,108,176,5289,284,2430,3143,5573
240462,4,2,1,1378,838,23,18,2216,41,1401,856,2257
240471,4,2,1,492,1120,35,32,1612,67,527,1152,1679
240480,4,2,1,1150,1638,43,79,2788,122,1193,1717,2910
240505,4,2,1,219,325,130,145,544,275,349,470,819
240514,4,2,1,114,158,88,79,272,167,202,237,439
240596,4,2,1,79,162,52,43,241,95,131,205,336
240620,4,2,1,224,335,254,302,559,556,478,637,1115
240657,4,2,1,170,197,31,26,367,57,201,223,424
240666,4,2,1,261,320,94,83,581,177,355,403,758
240727,4,2,1,1112,1387,30,41,2499,71,1142,1428,2570
240745,4,2,1,115,150,49,64,265,113,164,214,378
240790,4,2,1,148,240,33,53,388,86,181,293,474
241182,4,2,1,18,48,0,0,66,0,18,48,66
241191,4,2,1,36,79,4,5,115,9,40,84,124
241225,4,2,1,40,85,7,10,125,17,47,95,142
241331,4,2,1,36,198,1,6,234,7,37,204,241
241377,4,2,1,32,41,0,0,73,0,32,41,73
241386,4,2,1,3,3,0,0,6,0,3,3,6
241395,4,2,1,23,49,1,1,72,2,24,50,74
241410,4,2,1,405,937,7,10,1342,17,412,947,1359
241720,4,2,1,28,37,1,3,65,4,29,40,69
241739,4,2,1,258,587,28,48,845,76,286,635,921
241766,4,2,1,26,17,23,6,43,29,49,23,72
241836,4,2,1,38,44,11,30,82,41,49,74,123
241906,4,2,1,31,71,0,0,102,0,31,71,102
241951,4,2,1,31,136,0,6,167,6,31,142,173
242112,4,2,1,33,61,2,5,94,7,35,66,101
242130,4,2,1,33,37,3,5,70,8,36,42,78
242149,4,2,1,14,26,1,1,40,2,15,27,42
242556,4,2,1,78,48,0,0,126,0,78,48,126
242617,4,2,1,399,488,20,14,887,34,419,502,921
242626,4,2,1,328,556,22,19,884,41,350,575,925
242635,4,2,1,231,367,8,16,598,24,239,383,622
242644,4,2,1,138,189,8,20,327,28,146,209,355
242653,4,2,1,248,404,33,25,652,58,281,429,710
242662,4,2,1,244,423,20,24,667,44,264,447,711
242680,4,2,1,131,204,7,6,335,13,138,210,348
242699,4,2,1,139,243,6,12,382,18,145,255,400
242705,4,2,1,615,553,17,10,1168,27,632,563,1195
243106,4,2,1,358,490,2,3,848,5,360,493,853
243142,4,2,1,370,652,49,100,1022,149,419,752,1171
243179,4,2,1,363,706,5,6,1069,11,368,712,1080
243188,4,2,1,68,61,1,1,129,2,69,62,131
243203,4,2,1,3,10,0,0,13,0,3,10,13
243212,4,2,1,374,404,5,7,778,12,379,411,790
243221,4,2,1,1186,2105,47,73,3291,120,1233,2178,3411
243346,4,2,1,416,669,48,90,1085,138,464,759,1223
243443,4,2,1,368,688,21,35,1056,56,389,723,1112
243577,4,2,1,496,242,145,41,738,186,641,283,924
243586,4,2,1,64,125,2,4,189,6,66,129,195
243601,4,2,1,734,1275,79,102,2009,181,813,1377,2190
243638,4,2,1,265,363,76,118,628,194,341,481,822
243647,4,2,1,55,52,17,13,107,30,72,65,137
243744,4,2,1,1080,1295,30,19,2375,49,1110,1314,2424
243780,4,2,1,9355,7395,94,92,16750,186,9449,7487,16936
243832,4,2,1,9,34,10,17,43,27,19,51,70
243841,4,2,1,8,23,1,0,31,1,9,23,32
244437,4,2,1,1263,1662,594,810,2925,1404,1857,2472,4329
244446,4,2,1,73,61,154,227,134,381,227,288,515
245281,4,2,1,4,2,0,0,6,0,4,2,6
245625,4,2,1,95,143,147,142,238,289,242,285,527
246813,4,2,1,125,116,244,454,241,698,369,570,939
246895,4,2,1,21,36,23,17,57,40,44,53,97
247603,4,2,1,414,316,80,63,730,143,494,379,873
247834,4,2,1,2901,2696,1818,1953,5597,3771,4719,4649,9368
247940,4,2,1,277,306,219,247,583,466,496,553,1049
248925,4,2,1,142,49,67,10,191,77,209,59,268
248934,4,2,1,264,342,1,5,606,6,265,347,612
249238,4,2,1,0,39,1,10,39,11,1,49,50
251260,4,2,1,697,703,153,171,1400,324,850,874,1724
260813,4,2,1,0,2,0,0,2,0,0,2,2
260929,4,2,1,2,46,0,0,48,0,2,46,48
262031,4,2,1,701,883,201,300,1584,501,902,1183,2085
262086,4,2,1,7,13,21,37,20,58,28,50,78
262129,4,2,1,81,193,0,1,274,1,81,194,275
262341,4,2,1,190,24,0,0,214,0,190,24,214
363165,4,2,1,52,26,190,160,78,350,242,186,428
363633,4,2,1,54,44,38,39,98,77,92,83,175
363907,4,2,1,24,10,0,0,34,0,24,10,34
363916,4,2,1,7,22,0,1,29,1,7,23,30
364016,4,2,1,445,408,315,306,853,621,760,714,1474
364025,4,2,1,825,879,664,636,1704,1300,1489,1515,3004
364636,4,2,1,15,21,0,5,36,5,15,26,41
365198,4,2,1,0,6,119,82,6,201,119,88,207
365480,4,2,1,0,1,232,143,1,375,232,144,376
366003,4,2,1,0,1,1,2,1,3,1,3,4
366252,4,2,1,1196,424,9,36,1620,45,1205,460,1665
366395,4,2,1,2485,2443,545,550,4928,1095,3030,2993,6023
366401,4,2,1,654,621,467,455,1275,922,1121,1076,2197
366465,4,2,1,83,93,105,152,176,257,188,245,433
366623,4,2,1,5,12,34,28,17,62,39,40,79
366711,4,2,1,1486,2191,145,159,3677,304,1631,2350,3981
367459,4,2,1,395,512,420,554,907,974,815,1066,1881
368230,4,2,1,0,13,0,1,13,1,0,14,14
368911,4,2,1,30,41,106,195,71,301,136,236,372
372356,4,2,1,3,55,0,0,58,0,3,55,58
374574,4,2,1,26,86,2,16,112,18,28,102,130
375407,4,2,1,0,9,0,0,9,0,0,9,9
375416,4,2,1,2,2,0,0,4,0,2,2,4
375726,4,2,1,85,31,21,26,116,47,106,57,163
375984,4,2,1,0,35,0,3,35,3,0,38,38
376288,4,2,1,2,15,0,0,17,0,2,15,17
376385,4,2,1,16,31,0,0,47,0,16,31,47
376446,4,2,1,0,3,0,6,3,6,0,9,9
376631,4,2,1,0,5,0,1,5,1,0,6,6
377218,4,2,1,27,0,0,0,27,0,27,0,27
377643,4,2,1,0,25,0,0,25,0,0,25,25
377722,4,2,1,2,81,0,0,83,0,2,81,83
379621,4,2,1,0,4,0,1,4,1,0,5,5
380359,4,2,1,13,15,8,14,28,22,21,29,50
382258,4,2,1,0,9,1,10,9,11,1,19,20
383190,4,2,1,137,110,110,132,247,242,247,242,489
383765,4,2,1,2,14,0,5,16,5,2,19,21
383996,4,2,1,14,33,26,23,47,49,40,56,96
384254,4,2,1,72,45,13,8,117,21,85,53,138
384333,4,2,1,544,809,446,655,1353,1101,990,1464,2454
384342,4,2,1,428,457,247,266,885,513,675,723,1398
395362,4,2,1,42,86,52,86,128,138,94,172,266
399212,4,2,1,659,674,670,570,1333,1240,1329,1244,2573
399911,4,2,1,63,115,0,0,178,0,63,115,178
400187,4,2,1,3,34,2,11,37,13,5,45,50
401764,4,2,1,0,14,1,20,14,21,1,34,35
403469,4,2,1,72,51,52,48,123,100,124,99,223
403478,4,2,1,105,99,19,21,204,40,124,120,244
403487,4,2,1,142,134,20,22,276,42,162,156,318
404426,4,2,1,224,200,129,116,424,245,353,316,669
404684,4,2,1,37,87,0,0,124,0,37,87,124
405872,4,2,1,280,255,143,201,535,344,423,456,879
407179,4,2,1,0,12,0,7,12,7,0,19,19
407461,4,2,1,6,1,0,0,7,0,6,1,7
407470,4,2,1,2,26,0,2,28,2,2,28,30
407735,4,2,1,1,26,0,0,27,0,1,26,27
407832,4,2,1,23,3,14,12,26,26,37,15,52
408066,4,2,1,10,32,3,18,42,21,13,50,63
408844,4,2,1,50,60,7,21,110,28,57,81,138
409591,4,2,1,2,7,0,6,9,6,2,13,15
409698,4,2,1,529,908,41,15,1437,56,570,923,1493
412544,4,2,1,0,16,0,8,16,8,0,24,24
413617,4,2,1,3,2,2,11,5,13,5,13,18
414878,4,2,1,2,4,14,14,6,28,16,18,34
414911,4,2,1,131,131,61,101,262,162,192,232,424
415039,4,2,1,1,11,0,2,12,2,1,13,14
416801,4,2,1,1,5,0,0,6,0,1,5,6
417008,4,2,1,1,35,0,0,36,0,1,35,36
417655,4,2,1,0,7,0,0,7,0,0,7,7
417716,4,2,1,1,10,0,0,11,0,1,10,11
417734,4,2,1,0,4,2,4,4,6,2,8,10
417752,4,2,1,0,1,0,0,1,0,0,1,1
417840,4,2,1,3,14,0,0,17,0,3,14,17
417910,4,2,1,2,7,0,0,9,0,2,7,9
418029,4,2,1,0,2,0,0,2,0,0,2,2
418065,4,2,1,6,37,2,2,43,4,8,39,47
418083,4,2,1,0,1,0,0,1,0,0,1,1
418481,4,2,1,0,4,0,0,4,0,0,4,4
418533,4,2,1,3,38,2,0,41,2,5,38,43
418588,4,2,1,1,10,0,0,11,0,1,10,11
420130,4,2,1,1,13,0,0,14,0,1,13,14
420343,4,2,1,346,11,49,4,357,53,395,15,410
420431,4,2,1,18,28,145,123,46,268,163,151,314
420440,4,2,1,109,126,37,63,235,100,146,189,335
420538,4,2,1,113,123,45,50,236,95,158,173,331
420556,4,2,1,61,59,44,60,120,104,105,119,224
421610,4,2,1,1,41,0,2,42,2,1,43,44
421717,4,2,1,0,0,1,0,0,1,1,0,1
423643,4,2,1,1,0,0,0,1,0,1,0,1
423652,4,2,1,13,31,9,19,44,28,22,50,72
426314,4,2,1,51,30,78,31,81,109,129,61,190
428055,4,2,1,12,19,0,0,31,0,12,19,31
430227,4,2,1,0,17,0,3,17,3,0,20,20
430403,4,2,1,0,1,0,0,1,0,0,1,1
430564,4,2,1,1,4,1,1,5,2,2,5,7
430971,4,2,1,0,2,0,0,2,0,0,2,2
431275,4,2,1,2,0,0,0,2,0,2,0,2
431284,4,2,1,0,12,0,2,12,2,0,14,14
433040,4,2,1,0,4,0,0,4,0,0,4,4
433101,4,2,1,12,91,3,23,103,26,15,114,129
433387,4,2,1,349,545,0,0,894,0,349,545,894
433420,4,2,1,32,7,0,0,39,0,32,7,39
433660,4,2,1,1766,2582,311,397,4348,708,2077,2979,5056
434061,4,2,1,503,458,149,171,961,320,652,629,1281
434159,4,2,1,55,9,0,0,64,0,55,9,64
434584,4,2,1,6,3,7,6,9,13,13,9,22
434672,4,2,1,1014,891,632,761,1905,1393,1646,1652,3298
436553,4,2,1,34,174,0,0,208,0,34,174,208
436818,4,2,1,178,198,6,7,376,13,184,205,389
436827,4,2,1,185,113,6,3,298,9,191,116,307
436836,4,2,1,553,492,19,18,1045,37,572,510,1082
437103,4,2,1,467,587,223,307,1054,530,690,894,1584
438586,4,2,1,4,12,4,4,16,8,8,16,24
438708,4,2,1,10,24,13,34,34,47,23,58,81
439190,4,2,1,199,181,66,105,380,171,265,286,551
439367,4,2,1,3,16,0,0,19,0,3,16,19
439844,4,2,1,0,26,0,0,26,0,0,26,26
440101,4,2,1,0,9,0,9,9,9,0,18,18
440271,4,2,1,4,12,0,0,16,0,4,12,16
440828,4,2,1,110,107,34,35,217,69,144,142,286
441371,4,2,1,4,41,0,0,45,0,4,41,45
441690,4,2,1,2,0,0,0,2,0,2,0,2
441760,4,2,1,253,176,193,201,429,394,446,377,823
441900,4,2,1,112,403,100,208,515,308,212,611,823
441937,4,2,1,261,692,27,42,953,69,288,734,1022
442073,4,2,1,31,70,2,10,101,12,33,80,113
442240,4,2,1,8,42,4,13,50,17,12,55,67
442329,4,2,1,352,31,0,0,383,0,352,31,383
442356,4,2,1,8,114,6,56,122,62,14,170,184
442523,4,2,1,5,6,0,0,11,0,5,6,11
442930,4,2,1,36,56,6,2,92,8,42,58,100
443049,4,2,1,1,0,1,0,1,1,2,0,2
443100,4,2,1,4,2,0,0,6,0,4,2,6
443331,4,2,1,7,41,4,13,48,17,11,54,65
443641,4,2,1,2,15,0,16,17,16,2,31,33
444219,4,2,1,583,643,748,834,1226,1582,1331,1477,2808
444282,4,2,1,1,8,0,5,9,5,1,13,14
444291,4,2,1,1,18,0,5,19,5,1,23,24
444307,4,2,1,0,10,0,1,10,1,0,11,11
444468,4,2,1,0,4,0,1,4,1,0,5,5
444486,4,2,1,1,63,0,2,64,2,1,65,66
444556,4,2,1,51,55,0,0,106,0,51,55,106
444565,4,2,1,19,27,8,3,46,11,27,30,57
444583,4,2,1,63,88,0,0,151,0,63,88,151
444671,4,2,1,18,25,0,0,43,0,18,25,43
444787,4,2,1,4,16,0,7,20,7,4,23,27
445027,4,2,1,30,77,7,8,107,15,37,85,122
445133,4,2,1,2,1,0,1,3,1,2,2,4
445188,4,2,1,2099,1963,21,13,4062,34,2120,1976,4096
445212,4,2,1,11,28,1,11,39,12,12,39,51
445267,4,2,1,6,39,81,96,45,177,87,135,222
445498,4,2,1,2,0,0,0,2,0,2,0,2
445708,4,2,1,191,391,2,3,582,5,193,394,587
445911,4,2,1,131,82,21,15,213,36,152,97,249
445948,4,2,1,32,217,0,0,249,0,32,217,249
446206,4,2,1,0,12,0,1,12,1,0,13,13
446233,4,2,1,25,18,0,0,43,0,25,18,43
446288,4,2,1,0,16,0,5,16,5,0,21,21
446774,4,2,1,115,145,144,153,260,297,259,298,557
447148,4,2,1,0,40,0,12,40,12,0,52,52
447166,4,2,1,1,8,1,2,9,3,2,10,12
447175,4,2,1,1,11,0,1,12,1,1,12,13
447582,4,2,1,61,94,37,71,155,108,98,165,263
447689,4,2,1,1121,1543,293,353,2664,646,1414,1896,3310
447759,4,2,1,0,17,0,1,17,1,0,18,18
447999,4,2,1,0,5,0,0,5,0,0,5,5
448026,4,2,1,4,31,0,10,35,10,4,41,45
448196,4,2,1,0,6,0,0,6,0,0,6,6
448220,4,2,1,2,29,0,0,31,0,2,29,31
448248,4,2,1,11,133,394,274,144,668,405,407,812
448594,4,2,1,245,368,216,290,613,506,461,658,1119
448673,4,2,1,4,30,5,16,34,21,9,46,55
448798,4,2,1,0,17,0,0,17,0,0,17,17
449320,4,2,1,238,4,52,1,242,53,290,5,295
449357,4,2,1,0,1,0,0,1,0,0,1,1
449384,4,2,1,46,38,2,2,84,4,48,40,88
449472,4,2,1,0,22,0,0,22,0,0,22,22
449889,4,2,1,1,0,0,0,1,0,1,0,1
449922,4,2,1,1,1,0,0,2,0,1,1,2
449959,4,2,1,4,15,0,9,19,9,4,24,28
449968,4,2,1,3,40,0,6,43,6,3,46,49
449977,4,2,1,0,65,0,5,65,5,0,70,70
449986,4,2,1,6,36,4,3,42,7,10,39,49
449995,4,2,1,0,16,0,9,16,9,0,25,25
450571,4,2,1,1,8,0,4,9,4,1,12,13
450599,4,2,1,0,14,0,0,14,0,0,14,14
450605,4,2,1,1,6,0,0,7,0,1,6,7
450614,4,2,1,2,24,0,5,26,5,2,29,31
450641,4,2,1,3,50,0,14,53,14,3,64,67
450720,4,2,1,1,111,0,95,112,95,1,206,207
450933,4,2,1,31,35,8,5,66,13,39,40,79
451121,4,2,1,1,14,0,14,15,14,1,28,29
451565,4,2,1,0,48,1,1,48,2,1,49,50
451583,4,2,1,27,10,118,68,37,186,145,78,223
451714,4,2,1,3,31,7,6,34,13,10,37,47
451750,4,2,1,121,100,1,8,221,9,122,108,230
451857,4,2,1,0,3,0,0,3,0,0,3,3
451918,4,2,1,2,30,0,0,32,0,2,30,32
452009,4,2,1,1,24,0,0,25,0,1,24,25
453297,4,2,1,0,0,3,6,0,9,3,6,9
454227,4,2,1,6,29,3,27,35,30,9,56,65
454236,4,2,1,2,9,1,5,11,6,3,14,17
454245,4,2,1,4,6,1,4,10,5,5,10,15
454652,4,2,1,1,57,0,0,58,0,1,57,58
454698,4,2,1,25,70,0,0,95,0,25,70,95
454768,4,2,1,1,22,2,6,23,8,3,28,31
454777,4,2,1,1,14,1,5,15,6,2,19,21
454810,4,2,1,81,213,0,0,294,0,81,213,294
454926,4,2,1,0,45,0,7,45,7,0,52,52
454944,4,2,1,7,81,0,0,88,0,7,81,88
455026,4,2,1,0,0,9,0,0,9,9,0,9
455080,4,2,1,4,85,0,0,89,0,4,85,89
455114,4,2,1,415,388,436,465,803,901,851,853,1704
455196,4,2,1,13,91,0,0,104,0,13,91,104
455284,4,2,1,2,59,0,11,61,11,2,70,72
455512,4,2,1,143,206,231,320,349,551,374,526,900
455831,4,2,1,2,6,0,0,8,0,2,6,8
455868,4,2,1,4,43,0,0,47,0,4,43,47
455901,4,2,1,3,22,1,20,25,21,4,42,46
456029,4,2,1,0,32,0,11,32,11,0,43,43
456065,4,2,1,0,32,0,0,32,0,0,32,32
456074,4,2,1,3,55,0,0,58,0,3,55,58
456135,4,2,1,0,10,0,2,10,2,0,12,12
456542,4,2,1,1,0,0,0,1,0,1,0,1
456825,4,2,1,2,33,2,6,35,8,4,39,43
456959,4,2,1,45,240,2,4,285,6,47,244,291
457031,4,2,1,0,21,0,7,21,7,0,28,28
457129,4,2,1,0,4,1,2,4,3,1,6,7
457253,4,2,1,0,3,0,8,3,8,0,11,11
457299,4,2,1,1,5,0,0,6,0,1,5,6
457323,4,2,1,9,94,0,0,103,0,9,94,103
457475,4,2,1,1,47,0,0,48,0,1,47,48
457493,4,2,1,2,13,0,0,15,0,2,13,15
457527,4,2,1,0,0,0,1,0,1,0,1,1
457545,4,2,1,0,26,1,6,26,7,1,32,33
457633,4,2,1,0,24,2,14,24,16,2,38,40
457679,4,2,1,0,8,0,0,8,0,0,8,8
457855,4,2,1,0,15,0,3,15,3,0,18,18
458140,4,2,1,4,0,0,0,4,0,4,0,4
458210,4,2,1,4,26,2,7,30,9,6,33,39
458229,4,2,1,15,28,1,2,43,3,16,30,46
458274,4,2,1,2,40,0,4,42,4,2,44,46
458803,4,2,1,0,16,0,6,16,6,0,22,22
458812,4,2,1,0,22,0,0,22,0,0,22,22
458821,4,2,1,0,25,0,0,25,0,0,25,25
458830,4,2,1,0,33,0,3,33,3,0,36,36
458858,4,2,1,0,22,0,13,22,13,0,35,35
458867,4,2,1,0,36,0,5,36,5,0,41,41
459019,4,2,1,0,26,0,3,26,3,0,29,29
459046,4,2,1,0,11,0,1,11,1,0,12,12
459055,4,2,1,0,6,0,1,6,1,0,7,7
459064,4,2,1,0,13,0,2,13,2,0,15,15
459116,4,2,1,2,25,0,0,27,0,2,25,27
459170,4,2,1,5,37,1,25,42,26,6,62,68
459198,4,2,1,10,44,1,15,54,16,11,59,70
459231,4,2,1,2,38,0,0,40,0,2,38,40
459286,4,2,1,2,28,1,7,30,8,3,35,38
459301,4,2,1,2,16,0,7,18,7,2,23,25
459392,4,2,1,0,41,0,14,41,14,0,55,55
459417,4,2,1,9,5,0,0,14,0,9,5,14
459523,4,2,1,1,4,0,0,5,0,1,4,5
459578,4,2,1,4,11,0,1,15,1,4,12,16
459736,4,2,1,0,1,0,0,1,0,0,1,1
459949,4,2,1,498,938,56,82,1436,138,554,1020,1574
460349,4,2,1,5,11,5,12,16,17,10,23,33
460394,4,2,1,313,373,792,1013,686,1805,1105,1386,2491
460464,4,2,1,478,400,810,806,878,1616,1288,1206,2494
460677,4,2,1,22,36,0,1,58,1,22,37,59
460862,4,2,1,1,21,0,14,22,14,1,35,36
460871,4,2,1,0,2,0,1,2,1,0,3,3
460932,4,2,1,0,17,0,0,17,0,0,17,17
461193,4,2,1,0,74,0,1,74,1,0,75,75
461272,4,2,1,0,12,0,2,12,2,0,14,14
461379,4,2,1,1,0,0,0,1,0,1,0,1
461421,4,2,1,1,53,0,0,54,0,1,53,54
461591,4,2,1,1,24,0,0,25,0,1,24,25
461643,4,2,1,0,1,0,0,1,0,0,1,1
461652,4,2,1,1,18,0,0,19,0,1,18,19
461704,4,2,1,2,35,0,0,37,0,2,35,37
461759,4,2,1,23,25,1,5,48,6,24,30,54
461829,4,2,1,1,11,0,0,12,0,1,11,12
461883,4,2,1,0,1,0,0,1,0,0,1,1
461917,4,2,1,0,48,0,18,48,18,0,66,66
462008,4,2,1,1,42,2,9,43,11,3,51,54
462071,4,2,1,9,35,0,0,44,0,9,35,44
463056,4,2,1,442,394,16,6,836,22,458,400,858
466921,4,2,1,0,2,0,5,2,5,0,7,7
466930,4,2,1,0,8,1,14,8,15,1,22,23
467863,4,2,1,4,53,0,3,57,3,4,56,60
467872,4,2,1,1,55,0,6,56,6,1,61,62
468893,4,2,1,1,29,0,7,30,7,1,36,37
470047,4,2,1,0,3,0,0,3,0,0,3,3
474863,4,2,1,1,10,4,12,11,16,5,22,27
474915,4,2,1,0,100,1,40,100,41,1,140,141
474924,4,2,1,3,19,0,46,22,46,3,65,68
475200,4,2,1,0,0,0,1,0,1,0,1,1
475431,4,2,1,0,2,0,0,2,0,0,2,2
475486,4,2,1,5,34,11,13,39,24,16,47,63
475547,4,2,1,7,16,1,7,23,8,8,23,31
475556,4,2,1,2,32,0,6,34,6,2,38,40
475653,4,2,1,0,2,0,0,2,0,0,2,2
475723,4,2,1,20,25,43,22,45,65,63,47,110
475732,4,2,1,0,3,0,7,3,7,0,10,10
475741,4,2,1,0,4,0,1,4,1,0,5,5
475839,4,2,1,5,13,4,10,18,14,9,23,32
476063,4,2,1,36,3,0,0,39,0,36,3,39
476179,4,2,1,0,24,0,8,24,8,0,32,32
476805,4,2,1,0,11,0,0,11,0,0,11,11
476841,4,2,1,3,36,0,12,39,12,3,48,51
476975,4,2,1,10,20,40,39,30,79,50,59,109
476984,4,2,1,1,44,0,6,45,6,1,50,51
477039,4,2,1,0,11,0,0,11,0,0,11,11
478582,4,2,1,0,11,0,0,11,0,0,11,11
478616,4,2,1,0,17,0,4,17,4,0,21,21
478953,4,2,1,3,63,0,0,66,0,3,63,66
479956,4,2,1,259,436,94,87,695,181,353,523,876
479983,4,2,1,1,24,0,0,25,0,1,24,25
480028,4,2,1,2,0,0,0,2,0,2,0,2
480091,4,2,1,24,149,124,198,173,322,148,347,495
480310,4,2,1,0,11,0,1,11,1,0,12,12
480569,4,2,1,12,17,1,6,29,7,13,23,36
480657,4,2,1,2,3,3,3,5,6,5,6,11
480921,4,2,1,18,2,0,0,20,0,18,2,20
480930,4,2,1,0,7,0,0,7,0,0,7,7
480976,4,2,1,3,21,0,0,24,0,3,21,24
481191,4,2,1,15,35,0,0,50,0,15,35,50
481225,4,2,1,0,2,0,0,2,0,0,2,2
481526,4,2,1,0,14,0,0,14,0,0,14,14
481678,4,2,1,0,12,0,3,12,3,0,15,15
481739,4,2,1,2,9,0,3,11,3,2,12,14
481748,4,2,1,0,27,0,1,27,1,0,28,28
481845,4,2,1,0,8,0,2,8,2,0,10,10
482149,4,2,1,577,1073,50,87,1650,137,627,1160,1787
482158,4,2,1,719,687,132,221,1406,353,851,908,1759
482167,4,2,1,0,4,0,3,4,3,0,7,7
482176,4,2,1,1,44,0,9,45,9,1,53,54
482413,4,2,1,0,2,0,0,2,0,0,2,2
482422,4,2,1,0,1,0,0,1,0,0,1,1
482431,4,2,1,4,6,8,5,10,13,12,11,23
482459,4,2,1,0,0,2,0,0,2,2,0,2
482468,4,2,1,2,1,2,1,3,3,4,2,6
482477,4,2,1,104,74,95,100,178,195,199,174,373
482556,4,2,1,3,0,0,0,3,0,3,0,3
482574,4,2,1,2,0,0,1,2,1,2,1,3
482653,4,2,1,1,1,0,0,2,0,1,1,2
482680,4,2,1,2448,3039,365,497,5487,862,2813,3536,6349
482699,4,2,1,230,371,48,115,601,163,278,486,764
482705,4,2,1,485,576,43,71,1061,114,528,647,1175
482936,4,2,1,618,146,31,15,764,46,649,161,810
483036,4,2,1,20,20,21,24,40,45,41,44,85
483045,4,2,1,170,197,610,650,367,1260,780,847,1627
483054,4,2,1,3,4,0,0,7,0,3,4,7
483124,4,2,1,157,637,514,1542,794,2056,671,2179,2850
483328,4,2,1,2,18,0,1,20,1,2,19,21
483337,4,2,1,2,32,1,5,34,6,3,37,40
483559,4,2,1,2,11,0,2,13,2,2,13,15
483595,4,2,1,29,95,20,91,124,111,49,186,235
483823,4,2,1,62,16,0,0,78,0,62,16,78
483911,4,2,1,0,9,0,0,9,0,0,9,9
484011,4,2,1,1,13,0,3,14,3,1,16,17
484093,4,2,1,0,28,0,7,28,7,0,35,35
484109,4,2,1,0,35,0,0,35,0,0,35,35
484190,4,2,1,1,0,0,0,1,0,1,0,1
484394,4,2,1,0,37,0,10,37,10,0,47,47
484473,4,2,1,597,594,132,185,1191,317,729,779,1508
484613,4,2,1,418,907,0,0,1325,0,418,907,1325
484631,4,2,1,0,1,0,0,1,0,0,1,1
484905,4,2,1,159,301,41,58,460,99,200,359,559
485014,4,2,1,0,15,0,3,15,3,0,18,18
485032,4,2,1,0,23,0,6,23,6,0,29,29
485111,4,2,1,498,538,380,579,1036,959,878,1117,1995
485272,4,2,1,2,6,0,0,8,0,2,6,8
485397,4,2,1,1,23,0,1,24,1,1,24,25
485458,4,2,1,44,51,213,320,95,533,257,371,628
485476,4,2,1,0,14,0,0,14,0,0,14,14
485494,4,2,1,5,1,1,0,6,1,6,1,7
485768,4,2,1,25,9,0,0,34,0,25,9,34
486123,4,2,1,2,4,0,0,6,0,2,4,6
486567,4,2,1,4,67,0,1,71,1,4,68,72
486691,4,2,1,0,8,0,2,8,2,0,10,10
486798,4,2,1,452,45,0,0,497,0,452,45,497
486840,4,2,1,5559,6087,551,728,11646,1279,6110,6815,12925
486877,4,2,1,1,6,0,0,7,0,1,6,7
486886,4,2,1,0,6,0,7,6,7,0,13,13
486938,4,2,1,1,3,1,2,4,3,2,5,7
486947,4,2,1,2,9,1,5,11,6,3,14,17
486956,4,2,1,1,6,1,5,7,6,2,11,13
486983,4,2,1,5,7,0,0,12,0,5,7,12
487010,4,2,1,0,1,0,0,1,0,0,1,1
487092,4,2,1,420,483,0,0,903,0,420,483,903
487162,4,2,1,112,165,256,361,277,617,368,526,894
487348,4,2,1,0,14,0,13,14,13,0,27,27
487524,4,2,1,395,563,6,19,958,25,401,582,983
487676,4,2,1,0,22,2,26,22,28,2,48,50
487773,4,2,1,0,4,0,0,4,0,0,4,4
487922,4,2,1,0,26,0,6,26,6,0,32,32
488013,4,2,1,1,15,0,0,16,0,1,15,16
488077,4,2,1,15,0,9,0,15,9,24,0,24
488271,4,2,1,0,15,0,0,15,0,0,15,15
488305,4,2,1,16,8,1,1,24,2,17,9,26
488989,4,2,1,0,14,0,9,14,9,0,23,23
488998,4,2,1,5,25,0,0,30,0,5,25,30
489140,4,2,1,0,5,2,10,5,12,2,15,17
489201,4,2,1,644,723,586,721,1367,1307,1230,1444,2674
489256,4,2,1,50,0,0,0,50,0,50,0,50
489344,4,2,1,0,2,0,0,2,0,0,2,2
489353,4,2,1,3,3,2,5,6,7,5,8,13
489779,4,2,1,11,13,289,407,24,696,300,420,720
489858,4,2,1,2,0,0,0,2,0,2,0,2
490115,4,2,1,13,3,0,0,16,0,13,3,16
490230,4,2,1,1,1,0,0,2,0,1,1,2
490258,4,2,1,4,30,0,0,34,0,4,30,34
490300,4,2,1,0,14,4,1,14,5,4,15,19
490416,4,2,1,6,0,0,0,6,0,6,0,6
490425,4,2,1,0,35,0,0,35,0,0,35,35
490753,4,2,1,1,0,0,0,1,0,1,0,1
490805,4,2,1,919,887,140,139,1806,279,1059,1026,2085
491136,4,2,1,0,9,0,6,9,6,0,15,15
491145,4,2,1,0,15,0,5,15,5,0,20,20
491534,4,2,1,0,0,0,2,0,2,0,2,2
491598,4,2,1,0,2,0,0,2,0,0,2,2
491826,4,2,1,0,20,0,0,20,0,0,20,20
491835,4,2,1,1,25,0,0,26,0,1,25,26
491941,4,2,1,1,21,0,0,22,0,1,21,22
491978,4,2,1,2,0,2,1,2,3,4,1,5
492476,4,2,1,3,4,0,1,7,1,3,5,8
492759,4,2,1,0,5,0,5,5,5,0,10,10
492801,4,2,1,5,23,5,10,28,15,10,33,43
492962,4,2,1,9,20,17,16,29,33,26,36,62
493451,4,2,1,0,2,0,0,2,0,0,2,2
493655,4,2,1,4,0,0,0,4,0,4,0,4
493804,4,2,1,4,2,0,0,6,0,4,2,6
493831,4,2,1,2,2,0,0,4,0,2,2,4
494278,4,2,1,1,3,4,3,4,7,5,6,11
494287,4,2,1,6,7,1,4,13,5,7,11,18
494472,4,2,1,0,0,0,6,0,6,0,6,6
494898,4,2,1,1,1,0,0,2,0,1,1,2
494959,4,2,1,2,3,7,8,5,15,9,11,20
495077,4,2,1,0,12,0,0,12,0,0,12,12
495101,4,2,1,0,8,0,0,8,0,0,8,8
495271,4,2,1,0,3,1,3,3,4,1,6,7
495314,4,2,1,1,0,0,0,1,0,1,0,1
495350,4,2,1,0,3,0,0,3,0,0,3,3
495369,4,2,1,0,3,0,2,3,2,0,5,5
495411,4,2,1,1,28,0,0,29,0,1,28,29
495518,4,2,1,2,15,0,2,17,2,2,17,19
496043,4,2,1,0,1,0,0,1,0,0,1,1
496052,4,2,1,2,0,0,0,2,0,2,0,2
496618,4,2,1,0,2,0,0,2,0,0,2,2
496636,4,2,1,1,1,0,0,2,0,1,1,2
496733,4,2,1,0,26,0,0,26,0,0,26,26
497000,4,2,1,0,2,0,0,2,0,0,2,2
497037,4,2,1,3,18,3,13,21,16,6,31,37
497046,4,2,1,179,237,393,579,416,972,572,816,1388
497107,4,2,1,0,0,0,8,0,8,0,8,8
497301,4,2,1,1,85,0,34,86,34,1,119,120
497417,4,2,1,0,4,0,0,4,0,0,4,4
497480,4,2,1,0,7,0,0,7,0,0,7,7
497790,4,2,1,34,1,0,0,35,0,34,1,35
498562,4,2,1,1399,2341,85,101,3740,186,1484,2442,3926
498571,4,2,1,1111,1903,50,95,3014,145,1161,1998,3159
100663,4,2,2,1365,2721,38,68,4086,106,1403,2789,4192
100706,4,2,2,1260,754,24,20,2014,44,1284,774,2058
100751,4,2,2,5783,8037,76,94,13820,170,5859,8131,13990
100760,4,2,2,149,167,92,75,316,167,241,242,483
100812,4,2,2,2,25,2,3,27,5,4,28,32
100830,4,2,2,235,520,35,51,755,86,270,571,841
100858,4,2,2,4328,5392,143,94,9720,237,4471,5486,9957
100937,4,2,2,221,190,0,0,411,0,221,190,411
101143,4,2,2,249,225,77,65,474,142,326,290,616
101161,4,2,2,621,938,315,284,1559,599,936,1222,2158
101189,4,2,2,137,95,9,8,232,17,146,103,249
101240,4,2,2,418,549,175,203,967,378,593,752,1345
101286,4,2,2,217,360,166,221,577,387,383,581,964
101295,4,2,2,486,731,186,359,1217,545,672,1090,1762
101301,4,2,2,142,129,66,62,271,128,208,191,399
101435,4,2,2,131,103,0,0,234,0,131,103,234
101453,4,2,2,4,3,0,1,7,1,4,4,8
101462,4,2,2,41,29,43,36,70,79,84,65,149
101480,4,2,2,1129,1753,57,56,2882,113,1186,1809,2995
101505,4,2,2,376,558,376,517,934,893,752,1075,1827
101514,4,2,2,663,740,475,494,1403,969,1138,1234,2372
101569,4,2,2,247,302,111,183,549,294,358,485,843
101587,4,2,2,182,274,13,19,456,32,195,293,488
101648,4,2,2,161,78,0,0,239,0,161,78,239
101709,4,2,2,296,526,3,9,822,12,299,535,834
101736,4,2,2,248,274,243,234,522,477,491,508,999
101897,4,2,2,216,295,102,148,511,250,318,443,761
101912,4,2,2,215,295,5,5,510,10,220,300,520
101994,4,2,2,64,16,23,18,80,41,87,34,121
102030,4,2,2,157,195,108,110,352,218,265,305,570
102049,4,2,2,506,1185,1,1,1691,2,507,1186,1693
102067,4,2,2,468,495,151,219,963,370,619,714,1333
102076,4,2,2,240,386,102,189,626,291,342,575,917
102094,4,2,2,994,1767,32,35,2761,67,1026,1802,2828
102234,4,2,2,156,217,1,0,373,1,157,217,374
102313,4,2,2,146,131,68,90,277,158,214,221,435
102368,4,2,2,694,1399,58,94,2093,152,752,1493,2245
102377,4,2,2,350,580,3,5,930,8,353,585,938
102395,4,2,2,0,0,1,0,0,1,1,0,1
102429,4,2,2,265,375,140,177,640,317,405,552,957
102553,4,2,2,449,595,196,346,1044,542,645,941,1586
102614,4,2,2,353,443,77,129,796,206,430,572,1002
102632,4,2,2,51,76,42,59,127,101,93,135,228
103741,4,2,2,0,20,0,1,20,1,0,21,21
104151,4,2,2,12398,13096,296,243,25494,539,12694,13339,26033
104160,4,2,2,407,593,468,629,1000,1097,875,1222,2097
104179,4,2,2,4879,7479,1236,1629,12358,2865,6115,9108,15223
104346,4,2,2,138,216,404,492,354,896,542,708,1250
104391,4,2,2,1,15,0,0,16,0,1,15,16
104425,4,2,2,265,360,137,142,625,279,402,502,904
104443,4,2,2,0,9,0,0,9,0,0,9,9
104568,4,2,2,2,65,0,48,67,48,2,113,115
104577,4,2,2,180,376,103,125,556,228,283,501,784
104586,4,2,2,845,371,3,2,1216,5,848,373,1221
104708,4,2,2,908,962,688,807,1870,1495,1596,1769,3365
104717,4,2,2,4113,6831,273,748,10944,1021,4386,7579,11965
105145,4,2,2,129,155,145,214,284,359,274,369,643
105154,4,2,2,812,939,743,839,1751,1582,1555,1778,3333
105206,4,2,2,66,79,242,373,145,615,308,452,760
105297,4,2,2,57,97,16,30,154,46,73,127,200
105330,4,2,2,3229,5692,118,328,8921,446,3347,6020,9367
105349,4,2,2,69,60,91,152,129,243,160,212,372
105428,4,2,2,282,494,329,494,776,823,611,988,1599
105525,4,2,2,704,747,987,1221,1451,2208,1691,1968,3659
105659,4,2,2,139,7,0,0,146,0,139,7,146
105668,4,2,2,63,89,356,399,152,755,419,488,907
105747,4,2,2,347,324,349,338,671,687,696,662,1358
105792,4,2,2,204,210,167,180,414,347,371,390,761
106148,4,2,2,255,284,236,229,539,465,491,513,1004
106245,4,2,2,280,435,76,122,715,198,356,557,913
106263,4,2,2,1,6,0,0,7,0,1,6,7
106324,4,2,2,0,3,0,0,3,0,0,3,3
106397,4,2,2,5055,6912,125,117,11967,242,5180,7029,12209
106412,4,2,2,347,459,59,60,806,119,406,519,925
106449,4,2,2,300,419,61,73,719,134,361,492,853
106458,4,2,2,848,1251,90,108,2099,198,938,1359,2297
106467,4,2,2,913,1094,89,102,2007,191,1002,1196,2198
106546,4,2,2,0,15,1,6,15,7,1,21,22
106625,4,2,2,107,156,37,33,263,70,144,189,333
106713,4,2,2,101,76,1,3,177,4,102,79,181
106908,4,2,2,2,74,0,2,76,2,2,76,78
107080,4,2,2,282,301,0,0,583,0,282,301,583
107099,4,2,2,1,23,0,0,24,0,1,23,24
107141,4,2,2,212,313,26,19,525,45,238,332,570
107318,4,2,2,27,61,48,48,88,96,75,109,184
107512,4,2,2,326,459,9,9,785,18,335,468,803
107521,4,2,2,44,52,67,36,96,103,111,88,199
107558,4,2,2,156,182,0,0,338,0,156,182,338
107585,4,2,2,236,244,48,54,480,102,284,298,582
107600,4,2,2,62,119,8,15,181,23,70,134,204
107619,4,2,2,26,29,7,35,55,42,33,64,97
107664,4,2,2,336,496,105,135,832,240,441,631,1072
107725,4,2,2,71,87,33,58,158,91,104,145,249
107743,4,2,2,87,105,17,17,192,34,104,122,226
107789,4,2,2,0,55,0,0,55,0,0,55,55
107974,4,2,2,99,115,24,45,214,69,123,160,283
107983,4,2,2,505,646,11,16,1151,27,516,662,1178
107992,4,2,2,135,123,21,19,258,40,156,142,298
108092,4,2,2,456,785,63,52,1241,115,519,837,1356
108232,4,2,2,132,212,95,149,344,244,227,361,588
108667,4,2,2,118,77,423,462,195,885,541,539,1080
108807,4,2,2,837,899,532,551,1736,1083,1369,1450,2819
108852,4,2,2,23,42,0,0,65,0,23,42,65
109208,4,2,2,944,929,1493,1459,1873,2952,2437,2388,4825
109350,4,2,2,831,913,776,785,1744,1561,1607,1698,3305
109785,4,2,2,233,535,3,5,768,8,236,540,776
109819,4,2,2,1629,2190,1303,1448,3819,2751,2932,3638,6570
109907,4,2,2,90,154,87,108,244,195,177,262,439
109934,4,2,2,5,70,0,0,75,0,5,70,75
110097,4,2,2,477,732,2,14,1209,16,479,746,1225
110246,4,2,2,881,991,424,375,1872,799,1305,1366,2671
110334,4,2,2,476,488,737,777,964,1514,1213,1265,2478
110361,4,2,2,917,1632,19,43,2549,62,936,1675,2611
110404,4,2,2,216,226,0,0,442,0,216,226,442
110413,4,2,2,390,512,0,0,902,0,390,512,902
110422,4,2,2,4260,4736,54,39,8996,93,4314,4775,9089
110486,4,2,2,596,1206,31,58,1802,89,627,1264,1891
110495,4,2,2,530,1112,60,91,1642,151,590,1203,1793
110510,4,2,2,1383,2089,122,177,3472,299,1505,2266,3771
110529,4,2,2,3455,2815,156,134,6270,290,3611,2949,6560
110538,4,2,2,1490,1876,48,47,3366,95,1538,1923,3461
110547,4,2,2,1273,1731,120,137,3004,257,1393,1868,3261
110556,4,2,2,2135,3250,152,218,5385,370,2287,3468,5755
110565,4,2,2,3128,4907,260,316,8035,576,3388,5223,8611
110574,4,2,2,631,907,31,31,1538,62,662,938,1600
110583,4,2,2,3361,5509,174,223,8870,397,3535,5732,9267
110592,4,2,2,2563,3472,198,224,6035,422,2761,3696,6457
110608,4,2,2,3522,4261,161,151,7783,312,3683,4412,8095
110617,4,2,2,2554,3621,215,217,6175,432,2769,3838,6607
110635,4,2,2,5299,7588,62,94,12887,156,5361,7682,13043
110644,4,2,2,4894,7752,53,89,12646,142,4947,7841,12788
110653,4,2,2,4506,6876,20,34,11382,54,4526,6910,11436
110662,4,2,2,4717,8167,31,45,12884,76,4748,8212,12960
110671,4,2,2,4455,5064,66,75,9519,141,4521,5139,9660
110680,4,2,2,5645,7425,35,28,13070,63,5680,7453,13133
110705,4,2,2,3705,5467,31,37,9172,68,3736,5504,9240
110714,4,2,2,3196,4033,38,54,7229,92,3234,4087,7321
110918,4,2,2,0,0,0,1,0,1,0,1,1
111188,4,2,2,214,58,1,0,272,1,215,58,273
111434,4,2,2,243,167,417,451,410,868,660,618,1278
111461,4,2,2,1383,1500,700,641,2883,1341,2083,2141,4224
111513,4,2,2,0,29,0,5,29,5,0,34,34
111887,4,2,2,1569,1622,816,724,3191,1540,2385,2346,4731
111896,4,2,2,110,140,170,227,250,397,280,367,647
111920,4,2,2,718,692,673,574,1410,1247,1391,1266,2657
111939,4,2,2,1147,1339,1079,1237,2486,2316,2226,2576,4802
111948,4,2,2,1214,2210,10,25,3424,35,1224,2235,3459
112075,4,2,2,208,349,22,40,557,62,230,389,619
112084,4,2,2,38,61,7,16,99,23,45,77,122
112172,4,2,2,869,965,430,362,1834,792,1299,1327,2626
112260,4,2,2,265,309,0,0,574,0,265,309,574
112367,4,2,2,0,1,0,6,1,6,0,7,7
112385,4,2,2,55,45,333,421,100,754,388,466,854
112561,4,2,2,199,187,75,93,386,168,274,280,554
112686,4,2,2,82,107,93,106,189,199,175,213,388
112826,4,2,2,317,284,351,347,601,698,668,631,1299
113096,4,2,2,821,850,1082,1205,1671,2287,1903,2055,3958
113111,4,2,2,343,411,372,392,754,764,715,803,1518
113193,4,2,2,800,762,518,506,1562,1024,1318,1268,2586
113236,4,2,2,1081,1337,683,699,2418,1382,1764,2036,3800
113333,4,2,2,2286,1908,651,535,4194,1186,2937,2443,5380
113573,4,2,2,958,1030,510,518,1988,1028,1468,1548,3016
113582,4,2,2,0,6,0,0,6,0,0,6,6
113634,4,2,2,1668,1467,953,804,3135,1757,2621,2271,4892
113698,4,2,2,106,319,2,0,425,2,108,319,427
113856,4,2,2,1055,1226,1114,1142,2281,2256,2169,2368,4537
113980,4,2,2,1889,1815,1074,929,3704,2003,2963,2744,5707
114266,4,2,2,442,468,544,528,910,1072,986,996,1982
114354,4,2,2,61,344,14,45,405,59,75,389,464
114433,4,2,2,137,138,29,34,275,63,166,172,338
114716,4,2,2,608,580,496,446,1188,942,1104,1026,2130
114761,4,2,2,1,12,0,0,13,0,1,12,13
114789,4,2,2,1182,1519,1288,1414,2701,2702,2470,2933,5403
114813,4,2,2,104,185,1,9,289,10,105,194,299
114859,4,2,2,1737,1824,1038,983,3561,2021,2775,2807,5582
114938,4,2,2,305,412,226,215,717,441,531,627,1158
114947,4,2,2,5,6,0,0,11,0,5,6,11
115001,4,2,2,978,957,465,398,1935,863,1443,1355,2798
115083,4,2,2,0,1,0,0,1,0,0,1,1
115126,4,2,2,762,797,669,755,1559,1424,1431,1552,2983
115393,4,2,2,864,983,396,451,1847,847,1260,1434,2694
115755,4,2,2,544,777,24,32,1321,56,568,809,1377
115861,4,2,2,817,976,409,417,1793,826,1226,1393,2619
116439,4,2,2,1240,1016,647,602,2256,1249,1887,1618,3505
116563,4,2,2,3,33,0,0,36,0,3,33,36
116846,4,2,2,0,0,2,1,0,3,2,1,3
117052,4,2,2,596,530,571,564,1126,1135,1167,1094,2261
117104,4,2,2,40,61,3,1,101,4,43,62,105
117195,4,2,2,99,121,83,48,220,131,182,169,351
117247,4,2,2,197,137,593,504,334,1097,790,641,1431
117274,4,2,2,106,86,37,35,192,72,143,121,264
117645,4,2,2,1813,2166,947,939,3979,1886,2760,3105,5865
117690,4,2,2,359,462,338,427,821,765,697,889,1586
117706,4,2,2,1109,1257,1009,1004,2366,2013,2118,2261,4379
117715,4,2,2,86,92,219,311,178,530,305,403,708
117724,4,2,2,542,264,922,494,806,1416,1464,758,2222
117733,4,2,2,667,687,855,881,1354,1736,1522,1568,3090
117788,4,2,2,399,446,567,559,845,1126,966,1005,1971
117867,4,2,2,376,422,554,591,798,1145,930,1013,1943
117894,4,2,2,691,840,618,561,1531,1179,1309,1401,2710
117946,4,2,2,1372,1667,9,11,3039,20,1381,1678,3059
118347,4,2,2,308,254,260,199,562,459,568,453,1021
118684,4,2,2,110,156,153,154,266,307,263,310,573
118718,4,2,2,944,1220,420,470,2164,890,1364,1690,3054
118772,4,2,2,74,116,323,355,190,678,397,471,868
118930,4,2,2,240,229,316,287,469,603,556,516,1072
118976,4,2,2,1344,1708,796,906,3052,1702,2140,2614,4754
119067,4,2,2,436,462,248,209,898,457,684,671,1355
119137,4,2,2,1315,1280,928,845,2595,1773,2243,2125,4368
119164,4,2,2,2087,1992,1522,1491,4079,3013,3609,3483,7092
119216,4,2,2,1192,1452,845,1055,2644,1900,2037,2507,4544
119331,4,2,2,336,439,237,255,775,492,573,694,1267
120166,4,2,2,7,4,0,0,11,0,7,4,11
120254,4,2,2,337,543,0,0,880,0,337,543,880
120290,4,2,2,719,704,548,444,1423,992,1267,1148,2415
120342,4,2,2,1822,1716,1089,1127,3538,2216,2911,2843,5754
120403,4,2,2,112,326,0,0,438,0,112,326,438
120421,4,2,2,389,424,579,521,813,1100,968,945,1913
120865,4,2,2,74,121,2,5,195,7,76,126,202
120883,4,2,2,607,837,5,9,1444,14,612,846,1458
120953,4,2,2,34,50,37,30,84,67,71,80,151
120971,4,2,2,1519,1500,917,788,3019,1705,2436,2288,4724
121044,4,2,2,1946,2030,1157,1135,3976,2292,3103,3165,6268
121150,4,2,2,647,1114,2,5,1761,7,649,1119,1768
121275,4,2,2,6,8,0,0,14,0,6,8,14
121309,4,2,2,425,790,2,1,1215,3,427,791,1218
121363,4,2,2,335,446,171,239,781,410,506,685,1191
121619,4,2,2,920,844,1131,1002,1764,2133,2051,1846,3897
121707,4,2,2,249,243,138,133,492,271,387,376,763
121886,4,2,2,1094,1058,766,601,2152,1367,1860,1659,3519
121901,4,2,2,1202,1598,1515,1874,2800,3389,2717,3472,6189
122180,4,2,2,752,991,1039,1340,1743,2379,1791,2331,4122
122205,4,2,2,1486,1456,1000,877,2942,1877,2486,2333,4819
122296,4,2,2,0,1,0,0,1,0,0,1,1
122339,4,2,2,311,430,864,990,741,1854,1175,1420,2595
122375,4,2,2,844,970,1197,1295,1814,2492,2041,2265,4306
122384,4,2,2,548,338,928,840,886,1768,1476,1178,2654
122409,4,2,2,4123,6488,90,136,10611,226,4213,6624,10837
122436,4,2,2,858,1374,4,6,2232,10,862,1380,2242
122597,4,2,2,2142,3134,202,235,5276,437,2344,3369,5713
122612,4,2,2,836,1770,9,3,2606,12,845,1773,2618
122658,4,2,2,1437,1692,730,844,3129,1574,2167,2536,4703
122728,4,2,2,113,158,6,5,271,11,119,163,282
122746,4,2,2,291,391,419,441,682,860,710,832,1542
122755,4,2,2,3576,3249,308,217,6825,525,3884,3466,7350
122791,4,2,2,570,504,696,569,1074,1265,1266,1073,2339
122889,4,2,2,1526,1881,521,478,3407,999,2047,2359,4406
122931,4,2,2,1248,1372,5,3,2620,8,1253,1375,2628
122977,4,2,2,1957,2238,1009,1144,4195,2153,2966,3382,6348
123013,4,2,2,1012,1063,856,868,2075,1724,1868,1931,3799
123165,4,2,2,0,490,0,0,490,0,0,490,490
123217,4,2,2,1240,1458,668,753,2698,1421,1908,2211,4119
123341,4,2,2,1547,1700,805,756,3247,1561,2352,2456,4808
123457,4,2,2,73,100,1,0,173,1,74,100,174
123484,4,2,2,166,103,43,29,269,72,209,132,341
123509,4,2,2,442,365,564,500,807,1064,1006,865,1871
123563,4,2,2,528,693,438,425,1221,863,966,1118,2084
123572,4,2,2,549,963,23,29,1512,52,572,992,1564
123800,4,2,2,1397,1609,879,877,3006,1756,2276,2486,4762
123952,4,2,2,23,21,0,0,44,0,23,21,44
123961,4,2,2,3587,4269,22,14,7856,36,3609,4283,7892
124113,4,2,2,141,239,161,132,380,293,302,371,673
125028,4,2,2,867,1010,747,786,1877,1533,1614,1796,3410
125231,4,2,2,0,4,1,8,4,9,1,12,13
125462,4,2,2,151,145,160,215,296,375,311,360,671
125471,4,2,2,195,227,388,349,422,737,583,576,1159
125499,4,2,2,543,664,378,301,1207,679,921,965,1886
125763,4,2,2,173,175,2,2,348,4,175,177,352
125897,4,2,2,77,128,4,2,205,6,81,130,211
126119,4,2,2,290,375,353,390,665,743,643,765,1408
126182,4,2,2,239,189,16,32,428,48,255,221,476
126207,4,2,2,300,340,433,531,640,964,733,871,1604
126289,4,2,2,389,388,569,531,777,1100,958,919,1877
126562,4,2,2,1067,1558,193,223,2625,416,1260,1781,3041
126580,4,2,2,1105,1371,103,113,2476,216,1208,1484,2692
126614,4,2,2,6240,6067,149,113,12307,262,6389,6180,12569
126711,4,2,2,248,284,142,149,532,291,390,433,823
126748,4,2,2,74,84,27,41,158,68,101,125,226
126775,4,2,2,1790,869,8,7,2659,15,1798,876,2674
126818,4,2,2,3840,5367,212,261,9207,473,4052,5628,9680
126827,4,2,2,28,90,27,85,118,112,55,175,230
126863,4,2,2,197,224,273,357,421,630,470,581,1051
126915,4,2,2,9,12,11,29,21,40,20,41,61
126942,4,2,2,209,315,303,427,524,730,512,742,1254
126951,4,2,2,382,34,0,0,416,0,382,34,416
127185,4,2,2,545,716,12,24,1261,36,557,740,1297
127200,4,2,2,686,736,886,1106,1422,1992,1572,1842,3414
127316,4,2,2,3,21,1,40,24,41,4,61,65
127389,4,2,2,102,117,22,24,219,46,124,141,265
127556,4,2,2,1181,1389,107,98,2570,205,1288,1487,2775
127565,4,2,2,1002,1337,392,403,2339,795,1394,1740,3134
127617,4,2,2,50,65,86,105,115,191,136,170,306
127653,4,2,2,7,21,0,0,28,0,7,21,28
127714,4,2,2,0,0,5,1,0,6,5,1,6
127732,4,2,2,193,226,26,42,419,68,219,268,487
127741,4,2,2,641,1402,49,54,2043,103,690,1456,2146
127778,4,2,2,115,122,19,32,237,51,134,154,288
127820,4,2,2,516,608,547,693,1124,1240,1063,1301,2364
127884,4,2,2,146,158,193,293,304,486,339,451,790
127909,4,2,2,343,322,264,293,665,557,607,615,1222
127918,4,2,2,221,460,4,3,681,7,225,463,688
128106,4,2,2,413,430,129,145,843,274,542,575,1117
128258,4,2,2,126,125,37,56,251,93,163,181,344
128337,4,2,2,0,16,0,3,16,3,0,19,19
128498,4,2,2,123,150,1,0,273,1,124,150,274
128577,4,2,2,139,113,81,72,252,153,220,185,405
128744,4,2,2,141,269,2,5,410,7,143,274,417
128771,4,2,2,1110,947,43,41,2057,84,1153,988,2141
128780,4,2,2,0,6,5,8,6,13,5,14,19
128902,4,2,2,333,629,0,0,962,0,333,629,962
129020,4,2,2,3340,4441,23,23,7781,46,3363,4464,7827
129154,4,2,2,19,15,20,89,34,109,39,104,143
129181,4,2,2,491,34,35,1,525,36,526,35,561
129215,4,2,2,536,853,15,10,1389,25,551,863,1414
129242,4,2,2,961,1370,10,7,2331,17,971,1377,2348
129349,4,2,2,2,26,0,7,28,7,2,33,35
129367,4,2,2,85,164,62,122,249,184,147,286,433
129525,4,2,2,742,1018,8,13,1760,21,750,1031,1781
129543,4,2,2,247,245,174,175,492,349,421,420,841
129695,4,2,2,351,340,268,312,691,580,619,652,1271
129729,4,2,2,366,440,252,274,806,526,618,714,1332
129756,4,2,2,185,229,91,100,414,191,276,329,605
129774,4,2,2,82,83,24,12,165,36,106,95,201
129808,4,2,2,280,330,125,190,610,315,405,520,925
129923,4,2,2,104,71,29,11,175,40,133,82,215
129941,4,2,2,814,1283,14,15,2097,29,828,1298,2126
130004,4,2,2,302,311,228,250,613,478,530,561,1091
130040,4,2,2,121,148,37,56,269,93,158,204,362
130183,4,2,2,189,163,90,215,352,305,279,378,657
130217,4,2,2,106,119,44,74,225,118,150,193,343
130226,4,2,2,869,1434,8,7,2303,15,877,1441,2318
130253,4,2,2,958,2112,13,15,3070,28,971,2127,3098
130314,4,2,2,83,234,0,1,317,1,83,235,318
130396,4,2,2,338,428,310,378,766,688,648,806,1454
130590,4,2,2,367,501,0,2,868,2,367,503,870
130606,4,2,2,311,340,205,177,651,382,516,517,1033
130624,4,2,2,235,191,0,0,426,0,235,191,426
130697,4,2,2,677,756,2,1,1433,3,679,757,1436
130776,4,2,2,571,567,26,35,1138,61,597,602,1199
130794,4,2,2,1247,1500,0,0,2747,0,1247,1500,2747
130934,4,2,2,562,1265,117,169,1827,286,679,1434,2113
130943,4,2,2,3327,5456,205,190,8783,395,3532,5646,9178
130989,4,2,2,29,40,1,1,69,2,30,41,71
131113,4,2,2,103,148,135,116,251,251,238,264,502
131399,4,2,2,116,98,69,90,214,159,185,188,373
131450,4,2,2,68,91,2,1,159,3,70,92,162
131469,4,2,2,1361,2432,22,54,3793,76,1383,2486,3869
131496,4,2,2,1111,1834,40,11,2945,51,1151,1845,2996
131520,4,2,2,1293,3813,35,45,5106,80,1328,3858,5186
132471,4,2,2,294,562,36,49,856,85,330,611,941
132693,4,2,2,649,826,590,792,1475,1382,1239,1618,2857
132709,4,2,2,1810,2159,1714,1946,3969,3660,3524,4105,7629
132842,4,2,2,1,6,0,2,7,2,1,8,9
132851,4,2,2,372,561,228,356,933,584,600,917,1517
132879,4,2,2,22,16,0,0,38,0,22,16,38
132903,4,2,2,5872,7338,722,705,13210,1427,6594,8043,14637
133021,4,2,2,158,217,67,119,375,186,225,336,561
133386,4,2,2,707,890,409,627,1597,1036,1116,1517,2633
133492,4,2,2,249,681,4,3,930,7,253,684,937
133508,4,2,2,961,1482,643,992,2443,1635,1604,2474,4078
133553,4,2,2,2193,860,173,89,3053,262,2366,949,3315
133650,4,2,2,667,1574,64,118,2241,182,731,1692,2423
133702,4,2,2,710,865,770,1091,1575,1861,1480,1956,3436
133711,4,2,2,343,898,0,1,1241,1,343,899,1242
133809,4,2,2,141,156,6,2,297,8,147,158,305
133872,4,2,2,16,57,8,56,73,64,24,113,137
133881,4,2,2,789,452,36,29,1241,65,825,481,1306
133960,4,2,2,71,61,28,45,132,73,99,106,205
134097,4,2,2,4915,7621,190,243,12536,433,5105,7864,12969
134130,4,2,2,4718,6812,263,256,11530,519,4981,7068,12049
134343,4,2,2,372,537,111,175,909,286,483,712,1195
134495,4,2,2,1809,2359,929,1309,4168,2238,2738,3668,6406
134608,4,2,2,1342,1554,605,828,2896,1433,1947,2382,4329
135160,4,2,2,127,235,89,141,362,230,216,376,592
135188,4,2,2,304,416,247,319,720,566,551,735,1286
135391,4,2,2,719,935,359,549,1654,908,1078,1484,2562
135407,4,2,2,154,89,6,3,243,9,160,92,252
135610,4,2,2,0,1,0,0,1,0,0,1,1
135717,4,2,2,4322,5395,2373,2727,9717,5100,6695,8122,14817
135726,4,2,2,2378,2894,18,12,5272,30,2396,2906,5302
136109,4,2,2,0,19,0,14,19,14,0,33,33
136145,4,2,2,47,95,56,99,142,155,103,194,297
136172,4,2,2,1673,2638,215,346,4311,561,1888,2984,4872
136233,4,2,2,308,359,149,181,667,330,457,540,997
136330,4,2,2,343,684,41,38,1027,79,384,722,1106
136358,4,2,2,1543,1827,1444,1829,3370,3273,2987,3656,6643
136400,4,2,2,600,876,414,626,1476,1040,1014,1502,2516
136473,4,2,2,413,684,253,418,1097,671,666,1102,1768
136516,4,2,2,377,632,283,469,1009,752,660,1101,1761
136659,4,2,2,53,9,42,5,62,47,95,14,109
136950,4,2,2,397,669,0,3,1066,3,397,672,1069
137078,4,2,2,986,1182,871,1162,2168,2033,1857,2344,4201
137096,4,2,2,1327,1386,736,1004,2713,1740,2063,2390,4453
137209,4,2,2,1030,1234,605,687,2264,1292,1635,1921,3556
137281,4,2,2,324,450,292,449,774,741,616,899,1515
137351,4,2,2,4482,6454,281,258,10936,539,4763,6712,11475
137546,4,2,2,426,637,1,4,1063,5,427,641,1068
137564,4,2,2,477,867,274,316,1344,590,751,1183,1934
137591,4,2,2,8,17,1,4,25,5,9,21,30
137759,4,2,2,1723,1950,384,570,3673,954,2107,2520,4627
138187,4,2,2,3405,4349,2289,3219,7754,5508,5694,7568,13262
138275,4,2,2,177,145,5,4,322,9,182,149,331
138309,4,2,2,12,77,16,68,89,84,28,145,173
138354,4,2,2,774,1007,116,125,1781,241,890,1132,2022
138558,4,2,2,531,672,59,132,1203,191,590,804,1394
138600,4,2,2,0,421,0,0,421,0,0,421,421
138682,4,2,2,46,63,80,106,109,186,126,169,295
138716,4,2,2,482,1289,38,109,1771,147,520,1398,1918
138761,4,2,2,58,49,0,2,107,2,58,51,109
138840,4,2,2,64,56,91,114,120,205,155,170,325
138938,4,2,2,0,3,0,0,3,0,0,3,3
138947,4,2,2,368,1418,19,39,1786,58,387,1457,1844
138956,4,2,2,154,174,174,198,328,372,328,372,700
139144,4,2,2,442,741,0,2,1183,2,442,743,1185
139199,4,2,2,15,260,10,36,275,46,25,296,321
139205,4,2,2,138,108,34,28,246,62,172,136,308
139250,4,2,2,226,565,74,137,791,211,300,702,1002
139278,4,2,2,194,263,314,457,457,771,508,720,1228
139311,4,2,2,245,477,90,112,722,202,335,589,924
139357,4,2,2,63,94,156,243,157,399,219,337,556
139366,4,2,2,549,912,90,71,1461,161,639,983,1622
139384,4,2,2,168,152,392,488,320,880,560,640,1200
139393,4,2,2,176,206,1,1,382,2,177,207,384
139463,4,2,2,461,706,112,166,1167,278,573,872,1445
139506,4,2,2,3,3,0,0,6,0,3,3,6
139621,4,2,2,348,391,96,86,739,182,444,477,921
139658,4,2,2,1071,1510,1,4,2581,5,1072,1514,2586
139700,4,2,2,341,493,182,275,834,457,523,768,1291
139719,4,2,2,278,581,16,25,859,41,294,606,900
139755,4,2,2,4105,2920,148,56,7025,204,4253,2976,7229
139764,4,2,2,216,425,92,68,641,160,308,493,801
139861,4,2,2,775,1557,30,53,2332,83,805,1610,2415
139931,4,2,2,3090,4325,220,275,7415,495,3310,4600,7910
139940,4,2,2,3569,5094,347,485,8663,832,3916,5579,9495
139959,4,2,2,4175,7159,40,72,11334,112,4215,7231,11446
139986,4,2,2,96,147,257,345,243,602,353,492,845
140012,4,2,2,216,147,489,607,363,1096,705,754,1459
140234,4,2,2,184,112,0,0,296,0,184,112,296
140243,4,2,2,210,235,429,496,445,925,639,731,1370
140252,4,2,2,133,110,5,1,243,6,138,111,249
140331,4,2,2,499,459,610,678,958,1288,1109,1137,2246
140447,4,2,2,585,940,6,12,1525,18,591,952,1543
140678,4,2,2,208,150,147,199,358,346,355,349,704
140696,4,2,2,249,431,3,3,680,6,252,434,686
140720,4,2,2,48,55,4,2,103,6,52,57,109
140818,4,2,2,125,254,1,4,379,5,126,258,384
140942,4,2,2,137,152,159,209,289,368,296,361,657
140951,4,2,2,1339,3663,72,138,5002,210,1411,3801,5212
140960,4,2,2,338,666,14,30,1004,44,352,696,1048
140988,4,2,2,227,239,13,12,466,25,240,251,491
141006,4,2,2,189,85,81,96,274,177,270,181,451
141060,4,2,2,0,1238,8,17,1238,25,8,1255,1263
141255,4,2,2,79,79,222,346,158,568,301,425,726
141264,4,2,2,603,1255,73,132,1858,205,676,1387,2063
141334,4,2,2,792,1379,99,145,2171,244,891,1524,2415
141565,4,2,2,222,416,29,55,638,84,251,471,722
141574,4,2,2,1755,3112,198,274,4867,472,1953,3386,5339
141644,4,2,2,216,755,18,25,971,43,234,780,1014
141680,4,2,2,215,94,215,218,309,433,430,312,742
141796,4,2,2,184,287,297,592,471,889,481,879,1360
141802,4,2,2,70,57,72,126,127,198,142,183,325
141811,4,2,2,304,400,324,458,704,782,628,858,1486
141839,4,2,2,116,145,113,189,261,302,229,334,563
141981,4,2,2,118,181,28,34,299,62,146,215,361
141990,4,2,2,87,123,119,178,210,297,206,301,507
142115,4,2,2,2175,3263,159,156,5438,315,2334,3419,5753
142179,4,2,2,85,95,59,108,180,167,144,203,347
142276,4,2,2,644,1162,186,183,1806,369,830,1345,2175
142285,4,2,2,1369,1452,103,101,2821,204,1472,1553,3025
142407,4,2,2,3,34,0,0,37,0,3,34,37
142443,4,2,2,310,374,149,213,684,362,459,587,1046
142461,4,2,2,179,214,2,2,393,4,181,216,397
142522,4,2,2,1133,3159,482,1058,4292,1540,1615,4217,5832
142559,4,2,2,367,542,168,289,909,457,535,831,1366
142887,4,2,2,12,23,7,1,35,8,19,24,43
143118,4,2,2,448,841,1,5,1289,6,449,846,1295
143215,4,2,2,588,593,324,301,1181,625,912,894,1806
143279,4,2,2,324,378,143,218,702,361,467,596,1063
143288,4,2,2,68,61,0,0,129,0,68,61,129
143358,4,2,2,804,1002,5,3,1806,8,809,1005,1814
143376,4,2,2,5,48,0,13,53,13,5,61,66
143613,4,2,2,176,171,53,72,347,125,229,243,472
144050,4,2,2,1679,1605,4,4,3284,8,1683,1609,3292
144157,4,2,2,165,96,82,72,261,154,247,168,415
144166,4,2,2,212,682,163,510,894,673,375,1192,1567
144175,4,2,2,124,79,76,76,203,152,200,155,355
144184,4,2,2,178,223,160,151,401,311,338,374,712
144193,4,2,2,308,202,280,235,510,515,588,437,1025
144209,4,2,2,385,426,244,293,811,537,629,719,1348
144218,4,2,2,636,465,401,292,1101,693,1037,757,1794
144351,4,2,2,233,234,0,7,467,7,233,241,474
144564,4,2,2,162,210,56,99,372,155,218,309,527
144740,4,2,2,1995,3019,17,76,5014,93,2012,3095,5107
144865,4,2,2,1924,1726,1088,1079,3650,2167,3012,2805,5817
144883,4,2,2,99,97,0,0,196,0,99,97,196
144892,4,2,2,553,869,43,20,1422,63,596,889,1485
144944,4,2,2,716,671,477,510,1387,987,1193,1181,2374
144962,4,2,2,396,645,3,4,1041,7,399,649,1048
144971,4,2,2,118,116,0,1,234,1,118,117,235
145099,4,2,2,2,41,0,0,43,0,2,41,43
145336,4,2,2,133,162,8,13,295,21,141,175,316
145372,4,2,2,189,173,0,2,362,2,189,175,364
145521,4,2,2,133,172,38,47,305,85,171,219,390
145600,4,2,2,3293,4156,100,87,7449,187,3393,4243,7636
145619,4,2,2,294,234,3,12,528,15,297,246,543
145637,4,2,2,7942,7457,140,96,15399,236,8082,7553,15635
145682,4,2,2,616,624,346,495,1240,841,962,1119,2081
145691,4,2,2,189,197,0,0,386,0,189,197,386
145707,4,2,2,137,134,26,25,271,51,163,159,322
145813,4,2,2,2803,3960,30,26,6763,56,2833,3986,6819
145831,4,2,2,266,317,77,116,583,193,343,433,776
146205,4,2,2,255,315,125,141,570,266,380,456,836
146278,4,2,2,206,238,51,97,444,148,257,335,592
146296,4,2,2,1024,1083,626,730,2107,1356,1650,1813,3463
146339,4,2,2,140,112,0,1,252,1,140,113,253
146348,4,2,2,228,223,115,161,451,276,343,384,727
146366,4,2,2,270,302,104,163,572,267,374,465,839
146418,4,2,2,268,233,113,146,501,259,381,379,760
146427,4,2,2,201,211,1,0,412,1,202,211,413
146472,4,2,2,1052,998,647,735,2050,1382,1699,1733,3432
146481,4,2,2,275,356,1,0,631,1,276,356,632
146506,4,2,2,484,552,129,150,1036,279,613,702,1315
146603,4,2,2,324,385,182,217,709,399,506,602,1108
146612,4,2,2,547,523,6,4,1070,10,553,527,1080
146685,4,2,2,505,454,183,266,959,449,688,720,1408
146700,4,2,2,257,60,0,0,317,0,257,60,317
146719,4,2,2,1540,3719,5,7,5259,12,1545,3726,5271
147004,4,2,2,611,631,463,439,1242,902,1074,1070,2144
147013,4,2,2,326,274,0,1,600,1,326,275,601
147129,4,2,2,0,4,1,4,4,5,1,8,9
147244,4,2,2,281,305,4,7,586,11,285,312,597
147369,4,2,2,142,201,7,8,343,15,149,209,358
147378,4,2,2,1179,1167,580,488,2346,1068,1759,1655,3414
147411,4,2,2,313,346,227,271,659,498,540,617,1157
147536,4,2,2,274,376,36,73,650,109,310,449,759
147660,4,2,2,445,433,2,2,878,4,447,435,882
147679,4,2,2,307,425,1,8,732,9,308,433,741
147776,4,2,2,274,348,25,37,622,62,299,385,684
147800,4,2,2,669,477,403,387,1146,790,1072,864,1936
147828,4,2,2,505,615,2,4,1120,6,507,619,1126
147916,4,2,2,571,532,299,309,1103,608,870,841,1711
148007,4,2,2,167,227,122,120,394,242,289,347,636
148131,4,2,2,278,177,10,7,455,17,288,184,472
148256,4,2,2,268,289,57,63,557,120,325,352,677
148292,4,2,2,113,121,106,126,234,232,219,247,466
148380,4,2,2,510,665,267,294,1175,561,777,959,1736
148487,4,2,2,271,366,1,6,637,7,272,372,644
148575,4,2,2,1,7,0,0,8,0,1,7,8
148627,4,2,2,432,708,9,9,1140,18,441,717,1158
148654,4,2,2,151,292,3,7,443,10,154,299,453
148672,4,2,2,159,214,70,79,373,149,229,293,522
148821,4,2,2,101,125,51,48,226,99,152,173,325
148876,4,2,2,6,6,1,3,12,4,7,9,16
148937,4,2,2,144,153,47,55,297,102,191,208,399
148991,4,2,2,123,153,53,64,276,117,176,217,393
149222,4,2,2,1112,1356,22,28,2468,50,1134,1384,2518
149231,4,2,2,1213,1871,49,44,3084,93,1262,1915,3177
149310,4,2,2,8,3,0,0,11,0,8,3,11
149365,4,2,2,162,179,141,169,341,310,303,348,651
149532,4,2,2,704,730,388,342,1434,730,1092,1072,2164
149727,4,2,2,727,711,434,507,1438,941,1161,1218,2379
149772,4,2,2,676,982,11,15,1658,26,687,997,1684
149781,4,2,2,382,543,9,9,925,18,391,552,943
149842,4,2,2,1230,1116,602,657,2346,1259,1832,1773,3605
150136,4,2,2,2071,3537,62,52,5608,114,2133,3589,5722
150163,4,2,2,732,1056,11,32,1788,43,743,1088,1831
150172,4,2,2,94,59,13,7,153,20,107,66,173
150534,4,2,2,228,374,5,11,602,16,233,385,618
150604,4,2,2,172,172,2,3,344,5,174,175,349
150668,4,2,2,91,154,2,2,245,4,93,156,249
150677,4,2,2,199,400,22,24,599,46,221,424,645
150765,4,2,2,0,23,0,0,23,0,0,23,23
150941,4,2,2,150,251,20,20,401,40,170,271,441
150987,4,2,2,2326,2865,4575,4605,5191,9180,6901,7470,14371
151111,4,2,2,2037,3445,122,139,5482,261,2159,3584,5743
151263,4,2,2,523,823,17,5,1346,22,540,828,1368
151290,4,2,2,360,289,12,6,649,18,372,295,667
151306,4,2,2,591,1120,171,252,1711,423,762,1372,2134
151324,4,2,2,956,1378,17,18,2334,35,973,1396,2369
151333,4,2,2,241,530,19,38,771,57,260,568,828
151342,4,2,2,346,682,39,72,1028,111,385,754,1139
151351,4,2,2,8509,8852,50,46,17361,96,8559,8898,17457
151360,4,2,2,173,448,16,55,621,71,189,503,692
151379,4,2,2,299,557,31,55,856,86,330,612,942
151388,4,2,2,168,307,24,44,475,68,192,351,543
151661,4,2,2,320,50,0,0,370,0,320,50,370
151777,4,2,2,201,216,0,10,417,10,201,226,427
151962,4,2,2,2,18,1,1,20,2,3,19,22
152080,4,2,2,1905,1935,0,0,3840,0,1905,1935,3840
152318,4,2,2,831,258,2,0,1089,2,833,258,1091
152336,4,2,2,224,376,7,3,600,10,231,379,610
152390,4,2,2,0,676,1,2,676,3,1,678,679
152567,4,2,2,634,410,59,58,1044,117,693,468,1161
152600,4,2,2,419,613,1,2,1032,3,420,615,1035
152637,4,2,2,848,581,857,619,1429,1476,1705,1200,2905
152673,4,2,2,393,0,0,0,393,0,393,0,393
152798,4,2,2,0,18,0,3,18,3,0,21,21
152992,4,2,2,129,118,7,8,247,15,136,126,262
153001,4,2,2,201,199,2,8,400,10,203,207,410
153083,4,2,2,0,30,0,0,30,0,0,30,30
153108,4,2,2,297,285,5,1,582,6,302,286,588
153126,4,2,2,178,131,8,2,309,10,186,133,319
153144,4,2,2,247,332,0,3,579,3,247,335,582
153162,4,2,2,276,236,0,0,512,0,276,236,512
153214,4,2,2,1265,1237,1091,1225,2502,2316,2356,2462,4818
153250,4,2,2,97,117,46,73,214,119,143,190,333
153269,4,2,2,478,802,5,3,1280,8,483,805,1288
153302,4,2,2,27,39,3,9,66,12,30,48,78
153311,4,2,2,330,420,268,265,750,533,598,685,1283
153366,4,2,2,207,110,1,0,317,1,208,110,318
153384,4,2,2,342,430,0,0,772,0,342,430,772
153445,4,2,2,470,459,134,197,929,331,604,656,1260
153472,4,2,2,406,419,75,72,825,147,481,491,972
153524,4,2,2,863,597,119,110,1460,229,982,707,1689
153533,4,2,2,250,197,108,75,447,183,358,272,630
153621,4,2,2,147,103,4,7,250,11,151,110,261
153630,4,2,2,744,465,204,259,1209,463,948,724,1672
153658,4,2,2,3683,5432,50,55,9115,105,3733,5487,9220
153737,4,2,2,1040,1078,549,684,2118,1233,1589,1762,3351
153825,4,2,2,289,185,1,0,474,1,290,185,475
153834,4,2,2,297,375,1,0,672,1,298,375,673
154004,4,2,2,206,205,0,1,411,1,206,206,412
154013,4,2,2,155,212,5,10,367,15,160,222,382
154110,4,2,2,118,150,792,845,268,1637,910,995,1905
154174,4,2,2,0,2,0,0,2,0,0,2,2
154235,4,2,2,389,408,1,2,797,3,390,410,800
154262,4,2,2,0,6,0,3,6,3,0,9,9
154350,4,2,2,185,198,1,1,383,2,186,199,385
154396,4,2,2,172,160,92,90,332,182,264,250,514
154493,4,2,2,171,99,11,9,270,20,182,108,290
154527,4,2,2,296,301,0,2,597,2,296,303,599
154572,4,2,2,320,321,242,247,641,489,562,568,1130
154697,4,2,2,217,243,136,185,460,321,353,428,781
154712,4,2,2,458,507,9,7,965,16,467,514,981
154749,4,2,2,109,104,0,1,213,1,109,105,214
154800,4,2,2,580,790,253,348,1370,601,833,1138,1971
154907,4,2,2,153,197,53,67,350,120,206,264,470
154925,4,2,2,357,199,43,20,556,63,400,219,619
154934,4,2,2,104,184,59,89,288,148,163,273,436
154952,4,2,2,270,334,50,69,604,119,320,403,723
154998,4,2,2,233,194,112,120,427,232,345,314,659
155025,4,2,2,290,556,8,4,846,12,298,560,858
155052,4,2,2,66,31,71,51,97,122,137,82,219
155089,4,2,2,225,199,13,12,424,25,238,211,449
155098,4,2,2,222,215,62,32,437,94,284,247,531
155104,4,2,2,306,313,103,102,619,205,409,415,824
155140,4,2,2,103,145,2,8,248,10,105,153,258
155177,4,2,2,91,65,1,1,156,2,92,66,158
155195,4,2,2,412,481,302,294,893,596,714,775,1489
155210,4,2,2,1114,1169,872,862,2283,1734,1986,2031,4017
155292,4,2,2,309,335,185,274,644,459,494,609,1103
155317,4,2,2,3127,4062,128,147,7189,275,3255,4209,7464
155399,4,2,2,2450,2654,36,69,5104,105,2486,2723,5209
155414,4,2,2,213,168,0,0,381,0,213,168,381
155423,4,2,2,141,48,46,23,189,69,187,71,258
155487,4,2,2,62,21,32,25,83,57,94,46,140
155511,4,2,2,259,123,0,0,382,0,259,123,382
155566,4,2,2,153,195,47,41,348,88,200,236,436
155618,4,2,2,149,46,37,24,195,61,186,70,256
155715,4,2,2,208,111,67,56,319,123,275,167,442
155812,4,2,2,181,139,3,2,320,5,184,141,325
155858,4,2,2,157,191,55,73,348,128,212,264,476
155900,4,2,2,141,92,3,0,233,3,144,92,236
155973,4,2,2,146,97,3,3,243,6,149,100,249
156082,4,2,2,390,658,58,83,1048,141,448,741,1189
156107,4,2,2,290,117,227,195,407,422,517,312,829
156125,4,2,2,1322,1590,132,158,2912,290,1454,1748,3202
156189,4,2,2,134,117,0,1,251,1,134,118,252
156213,4,2,2,170,246,14,21,416,35,184,267,451
156231,4,2,2,216,170,91,97,386,188,307,267,574
156286,4,2,2,361,613,3,0,974,3,364,613,977
156295,4,2,2,218,356,0,0,574,0,218,356,574
156338,4,2,2,262,352,195,237,614,432,457,589,1046
156356,4,2,2,61,87,3,14,148,17,64,101,165
156392,4,2,2,599,760,405,510,1359,915,1004,1270,2274
156408,4,2,2,305,365,0,0,670,0,305,365,670
156426,4,2,2,2,33,1,9,35,10,3,42,45
156541,4,2,2,338,513,102,107,851,209,440,620,1060
156620,4,2,2,1425,2357,111,143,3782,254,1536,2500,4036
156648,4,2,2,346,423,197,241,769,438,543,664,1207
156745,4,2,2,283,363,4,1,646,5,287,364,651
156790,4,2,2,122,159,118,146,281,264,240,305,545
156842,4,2,2,1,55,0,10,56,10,1,65,66
156851,4,2,2,38,99,43,72,137,115,81,171,252
156860,4,2,2,95,152,47,85,247,132,142,237,379
156921,4,2,2,478,545,509,586,1023,1095,987,1131,2118
157030,4,2,2,10,5,2,3,15,5,12,8,20
157058,4,2,2,170,284,45,45,454,90,215,329,544
157076,4,2,2,160,144,5,1,304,6,165,145,310
157085,4,2,2,3565,5705,92,97,9270,189,3657,5802,9459
157216,4,2,2,318,309,13,10,627,23,331,319,650
157289,4,2,2,1835,2501,258,293,4336,551,2093,2794,4887
157304,4,2,2,127,230,92,112,357,204,219,342,561
157331,4,2,2,164,191,138,166,355,304,302,357,659
157386,4,2,2,622,1194,247,251,1816,498,869,1445,2314
157401,4,2,2,829,1408,89,143,2237,232,918,1551,2469
157438,4,2,2,192,163,198,235,355,433,390,398,788
157447,4,2,2,973,1444,164,191,2417,355,1137,1635,2772
157483,4,2,2,322,416,312,290,738,602,634,706,1340
157535,4,2,2,215,272,27,12,487,39,242,284,526
157553,4,2,2,194,223,155,135,417,290,349,358,707
157614,4,2,2,0,13,0,2,13,2,0,15,15
157650,4,2,2,0,23,0,2,23,2,0,25,25
157669,4,2,2,1,17,0,0,18,0,1,17,18
157678,4,2,2,0,26,0,0,26,0,0,26,26
157711,4,2,2,324,367,227,255,691,482,551,622,1173
157739,4,2,2,134,201,96,108,335,204,230,309,539
157757,4,2,2,92,107,14,9,199,23,106,116,222
157951,4,2,2,1627,2930,107,147,4557,254,1734,3077,4811
158662,4,2,2,380,627,286,421,1007,707,666,1048,1714
158802,4,2,2,121,419,0,4,540,4,121,423,544
158884,4,2,2,98,82,115,149,180,264,213,231,444
159197,4,2,2,84,5,0,0,89,0,84,5,89
159382,4,2,2,177,348,70,114,525,184,247,462,709
159391,4,2,2,5260,7450,97,84,12710,181,5357,7534,12891
159407,4,2,2,240,564,31,131,804,162,271,695,966
159647,4,2,2,1786,1366,58,61,3152,119,1844,1427,3271
159656,4,2,2,441,970,6,15,1411,21,447,985,1432
159717,4,2,2,672,973,40,43,1645,83,712,1016,1728
159939,4,2,2,718,742,84,130,1460,214,802,872,1674
159966,4,2,2,604,1046,13,20,1650,33,617,1066,1683
159993,4,2,2,593,1097,70,82,1690,152,663,1179,1842
160010,4,2,2,90,18,100,27,108,127,190,45,235
160472,4,2,2,3,14,0,4,17,4,3,18,21
160579,4,2,2,336,231,142,211,567,353,478,442,920
160612,4,2,2,1029,1772,390,577,2801,967,1419,2349,3768
160621,4,2,2,693,1503,108,137,2196,245,801,1640,2441
160630,4,2,2,39,95,61,75,134,136,100,170,270
160649,4,2,2,112,165,180,272,277,452,292,437,729
160658,4,2,2,1812,2744,56,47,4556,103,1868,2791,4659
160667,4,2,2,290,168,476,613,458,1089,766,781,1547
160755,4,2,2,1248,2432,29,37,3680,66,1277,2469,3746
160904,4,2,2,316,1141,1,9,1457,10,317,1150,1467
160977,4,2,2,382,502,0,0,884,0,382,502,884
161004,4,2,2,401,477,0,0,878,0,401,477,878
161077,4,2,2,356,312,117,136,668,253,473,448,921
161086,4,2,2,423,551,0,0,974,0,423,551,974
161138,4,2,2,281,203,105,74,484,179,386,277,663
161192,4,2,2,97,141,67,117,238,184,164,258,422
161208,4,2,2,10,0,0,0,10,0,10,0,10
161217,4,2,2,73,171,50,75,244,125,123,246,369
161226,4,2,2,164,317,12,22,481,34,176,339,515
161235,4,2,2,25,50,13,31,75,44,38,81,119
161253,4,2,2,1636,1646,83,73,3282,156,1719,1719,3438
161299,4,2,2,275,82,1,0,357,1,276,82,358
161341,4,2,2,69,91,22,36,160,58,91,127,218
161457,4,2,2,342,749,7,31,1091,38,349,780,1129
161484,4,2,2,98,57,23,22,155,45,121,79,200
161493,4,2,2,0,49,0,3,49,3,0,52,52
161509,4,2,2,36,123,1,1,159,2,37,124,161
161545,4,2,2,627,597,194,236,1224,430,821,833,1654
161554,4,2,2,461,751,106,66,1212,172,567,817,1384
161572,4,2,2,41,136,0,0,177,0,41,136,177
161581,4,2,2,58,32,3,13,90,16,61,45,106
161688,4,2,2,179,235,37,84,414,121,216,319,535
161767,4,2,2,782,761,548,679,1543,1227,1330,1440,2770
161864,4,2,2,122,181,105,164,303,269,227,345,572
161873,4,2,2,20,36,4,1,56,5,24,37,61
162104,4,2,2,140,173,65,113,313,178,205,286,491
162122,4,2,2,442,515,292,405,957,697,734,920,1654
162168,4,2,2,129,147,91,146,276,237,220,293,513
162210,4,2,2,25,49,12,18,74,30,37,67,104
162283,4,2,2,103,297,5,12,400,17,108,309,417
162584,4,2,2,400,394,47,58,794,105,447,452,899
162654,4,2,2,127,283,0,3,410,3,127,286,413
162690,4,2,2,252,348,129,210,600,339,381,558,939
162706,4,2,2,419,431,218,308,850,526,637,739,1376
162830,4,2,2,0,24,0,0,24,0,0,24,24
163028,4,2,2,193,20,22,3,213,25,215,23,238
163204,4,2,2,135,190,425,402,325,827,560,592,1152
163259,4,2,2,3,5,0,1,8,1,3,6,9
163268,4,2,2,2026,1816,46,39,3842,85,2072,1855,3927
163286,4,2,2,4899,5354,75,45,10253,120,4974,5399,10373
163295,4,2,2,83,303,2,1,386,3,85,304,389
163338,4,2,2,312,347,7,10,659,17,319,357,676
163453,4,2,2,656,1163,17,26,1819,43,673,1189,1862
163462,4,2,2,372,428,4,2,800,6,376,430,806
163578,4,2,2,0,111,0,0,111,0,0,111,111
163851,4,2,2,1005,1257,50,36,2262,86,1055,1293,2348
163912,4,2,2,289,400,4,1,689,5,293,401,694
163976,4,2,2,66,78,0,0,144,0,66,78,144
164076,4,2,2,1902,3049,32,39,4951,71,1934,3088,5022
164155,4,2,2,1192,537,0,0,1729,0,1192,537,1729
164216,4,2,2,172,256,0,0,428,0,172,256,428
164270,4,2,2,318,488,1,1,806,2,319,489,808
164313,4,2,2,69,111,143,229,180,372,212,340,552
164465,4,2,2,327,463,0,0,790,0,327,463,790
164492,4,2,2,180,139,19,4,319,23,199,143,342
164599,4,2,2,0,0,0,3,0,3,0,3,3
164632,4,2,2,0,197,0,10,197,10,0,207,207
164739,4,2,2,1160,759,2,3,1919,5,1162,762,1924
164775,4,2,2,87,91,72,75,178,147,159,166,325
164845,4,2,2,0,13,0,0,13,0,0,13,13
164872,4,2,2,9,17,0,1,26,1,9,18,27
164988,4,2,2,3050,4454,19,13,7504,32,3069,4467,7536
165015,4,2,2,701,994,0,0,1695,0,701,994,1695
165024,4,2,2,921,1229,76,72,2150,148,997,1301,2298
165033,4,2,2,379,464,197,299,843,496,576,763,1339
165112,4,2,2,191,189,249,246,380,495,440,435,875
165167,4,2,2,0,1,9,5,1,14,9,6,15
165194,4,2,2,131,131,134,145,262,279,265,276,541
165264,4,2,2,0,0,1,5,0,6,1,5,6
165334,4,2,2,437,634,2,1,1071,3,439,635,1074
165556,4,2,2,10,94,0,11,104,11,10,105,115
165662,4,2,2,548,1242,0,0,1790,0,548,1242,1790
165671,4,2,2,188,694,4,11,882,15,192,705,897
165820,4,2,2,373,434,16,17,807,33,389,451,840
165866,4,2,2,322,394,10,29,716,39,332,423,755
165936,4,2,2,221,326,3,4,547,7,224,330,554
165981,4,2,2,50,77,63,92,127,155,113,169,282
166018,4,2,2,92,173,0,0,265,0,92,173,265
166027,4,2,2,886,1241,67,50,2127,117,953,1291,2244
166133,4,2,2,231,270,121,236,501,357,352,506,858
166391,4,2,2,177,351,0,0,528,0,177,351,528
166513,4,2,2,1929,1347,69,51,3276,120,1998,1398,3396
166629,4,2,2,4448,5288,26,28,9736,54,4474,5316,9790
166647,4,2,2,208,168,176,167,376,343,384,335,719
166674,4,2,2,80,273,0,0,353,0,80,273,353
166683,4,2,2,1056,1057,1,1,2113,2,1057,1058,2115
166823,4,2,2,316,311,204,229,627,433,520,540,1060
166850,4,2,2,856,1038,3,5,1894,8,859,1043,1902
166887,4,2,2,336,363,328,410,699,738,664,773,1437
166911,4,2,2,24,86,0,1,110,1,24,87,111
166939,4,2,2,0,990,1,0,990,1,1,990,991
166957,4,2,2,135,172,111,151,307,262,246,323,569
167288,4,2,2,120,145,4,4,265,8,124,149,273
167312,4,2,2,221,265,165,210,486,375,386,475,861
167358,4,2,2,3364,5306,3,3,8670,6,3367,5309,8676
167376,4,2,2,267,271,226,332,538,558,493,603,1096
167394,4,2,2,81,183,3,5,264,8,84,188,272
167534,4,2,2,415,319,323,381,734,704,738,700,1438
167598,4,2,2,91,248,2,3,339,5,93,251,344
167729,4,2,2,352,710,45,67,1062,112,397,777,1174
167783,4,2,2,0,678,0,4,678,4,0,682,682
167835,4,2,2,0,1097,0,0,1097,0,0,1097,1097
167871,4,2,2,0,5,0,3,5,3,0,8,8
167905,4,2,2,297,227,183,221,524,404,480,448,928
167987,4,2,2,811,863,19,28,1674,47,830,891,1721
168005,4,2,2,602,1249,11,13,1851,24,613,1262,1875
168148,4,2,2,1236,1754,6,10,2990,16,1242,1764,3006
168227,4,2,2,1071,351,32,14,1422,46,1103,365,1468
168254,4,2,2,467,368,3,3,835,6,470,371,841
168342,4,2,2,398,512,3,1,910,4,401,513,914
168421,4,2,2,1522,939,7,4,2461,11,1529,943,2472
168430,4,2,2,498,792,25,29,1290,54,523,821,1344
168528,4,2,2,413,377,2,2,790,4,415,379,794
168546,4,2,2,326,400,0,0,726,0,326,400,726
168591,4,2,2,274,284,1,3,558,4,275,287,562
168607,4,2,2,160,119,67,82,279,149,227,201,428
168740,4,2,2,190,198,9,15,388,24,199,213,412
168786,4,2,2,184,237,10,3,421,13,194,240,434
168847,4,2,2,79,242,50,114,321,164,129,356,485
168892,4,2,2,0,6,0,7,6,7,0,13,13
169248,4,2,2,1141,1840,17,27,2981,44,1158,1867,3025
169275,4,2,2,301,450,254,373,751,627,555,823,1378
169284,4,2,2,1,59,1,6,60,7,2,65,67
169442,4,2,2,108,303,14,11,411,25,122,314,436
169503,4,2,2,0,67,0,0,67,0,0,67,67
169521,4,2,2,383,506,326,460,889,786,709,966,1675
169576,4,2,2,0,2,0,0,2,0,0,2,2
169655,4,2,2,287,10,0,0,297,0,287,10,297
169716,4,2,2,303,600,213,93,903,306,516,693,1209
169798,4,2,2,1125,2047,142,93,3172,235,1267,2140,3407
169910,4,2,2,1018,1330,64,93,2348,157,1082,1423,2505
169992,4,2,2,80,105,34,43,185,77,114,148,262
170000,4,2,2,73,53,7,12,126,19,80,65,145
170055,4,2,2,871,956,583,857,1827,1440,1454,1813,3267
170082,4,2,2,2439,4140,48,80,6579,128,2487,4220,6707
170240,4,2,2,804,876,556,664,1680,1220,1360,1540,2900
170286,4,2,2,326,355,2,2,681,4,328,357,685
170550,4,2,2,141,209,144,249,350,393,285,458,743
170587,4,2,2,71,77,53,70,148,123,124,147,271
170639,4,2,2,209,243,12,18,452,30,221,261,482
170657,4,2,2,639,786,540,618,1425,1158,1179,1404,2583
170675,4,2,2,444,209,34,14,653,48,478,223,701
170790,4,2,2,989,981,896,1089,1970,1985,1885,2070,3955
170806,4,2,2,186,259,12,6,445,18,198,265,463
170976,4,2,2,6203,7823,49,53,14026,102,6252,7876,14128
171100,4,2,2,7744,9111,212,198,16855,410,7956,9309,17265
171137,4,2,2,890,860,73,50,1750,123,963,910,1873
171146,4,2,2,357,486,49,64,843,113,406,550,956
171155,4,2,2,188,187,89,162,375,251,277,349,626
171225,4,2,2,134,191,114,142,325,256,248,333,581
171304,4,2,2,255,378,143,229,633,372,398,607,1005
171456,4,2,2,891,1398,17,21,2289,38,908,1419,2327
171483,4,2,2,251,309,163,200,560,363,414,509,923
171492,4,2,2,263,155,2,3,418,5,265,158,423
171571,4,2,2,1407,1996,82,66,3403,148,1489,2062,3551
172200,4,2,2,473,411,584,607,884,1191,1057,1018,2075
172291,4,2,2,245,379,131,186,624,317,376,565,941
172307,4,2,2,224,265,56,68,489,124,280,333,613
172334,4,2,2,114,169,11,19,283,30,125,188,313
172422,4,2,2,34,12,0,0,46,0,34,12,46
172617,4,2,2,573,510,562,598,1083,1160,1135,1108,2243
172644,4,2,2,1729,2691,137,155,4420,292,1866,2846,4712
172680,4,2,2,1,30,0,12,31,12,1,42,43
172699,4,2,2,1883,2172,68,70,4055,138,1951,2242,4193
173045,4,2,2,382,537,1,1,919,2,383,538,921
173142,4,2,2,150,152,4,7,302,11,154,159,313
173160,4,2,2,311,501,9,19,812,28,320,520,840
173258,4,2,2,458,479,0,1,937,1,458,480,938
173300,4,2,2,338,403,1,1,741,2,339,404,743
173452,4,2,2,122,136,0,1,258,1,122,137,259
173647,4,2,2,370,477,0,0,847,0,370,477,847
173665,4,2,2,269,519,0,0,788,0,269,519,788
173902,4,2,2,405,590,0,0,995,0,405,590,995
174066,4,2,2,5275,7210,353,345,12485,698,5628,7555,13183
174075,4,2,2,94,180,50,46,274,96,144,226,370
174127,4,2,2,73,192,0,0,265,0,73,192,265
174233,4,2,2,1591,1744,71,64,3335,135,1662,1808,3470
174251,4,2,2,192,255,4,2,447,6,196,257,453
174491,4,2,2,308,395,51,54,703,105,359,449,808
174507,4,2,2,3,7,2,5,10,7,5,12,17
174747,4,2,2,0,650,0,1,650,1,0,651,651
174792,4,2,2,654,0,1,0,654,1,655,0,655
174899,4,2,2,212,388,2,1,600,3,214,389,603
174914,4,2,2,1256,1346,12,7,2602,19,1268,1353,2621
174978,4,2,2,2,20,0,1,22,1,2,21,23
175005,4,2,2,3,950,3,66,953,69,6,1016,1022
175014,4,2,2,14,45,9,26,59,35,23,71,94
175120,4,2,2,29,5,0,0,34,0,29,5,34
175227,4,2,2,200,42,28,8,242,36,228,50,278
175421,4,2,2,136,159,20,22,295,42,156,181,337
175430,4,2,2,79,107,0,0,186,0,79,107,186
175573,4,2,2,471,557,77,83,1028,160,548,640,1188
175616,4,2,2,150,202,12,17,352,29,162,219,381
175652,4,2,2,542,522,72,96,1064,168,614,618,1232
175786,4,2,2,1083,1269,166,218,2352,384,1249,1487,2736
175810,4,2,2,531,660,203,281,1191,484,734,941,1675
175829,4,2,2,807,1053,102,119,1860,221,909,1172,2081
175856,4,2,2,511,933,30,55,1444,85,541,988,1529
175883,4,2,2,555,808,207,248,1363,455,762,1056,1818
175935,4,2,2,264,345,69,117,609,186,333,462,795
175980,4,2,2,182,137,0,0,319,0,182,137,319
176008,4,2,2,270,324,69,109,594,178,339,433,772
176017,4,2,2,2771,4065,59,40,6836,99,2830,4105,6935
176035,4,2,2,50,194,37,34,244,71,87,228,315
176044,4,2,2,131,144,41,59,275,100,172,203,375
176053,4,2,2,260,379,37,30,639,67,297,409,706
176080,4,2,2,2817,3298,41,25,6115,66,2858,3323,6181
176178,4,2,2,416,553,72,146,969,218,488,699,1187
176239,4,2,2,740,1011,148,201,1751,349,888,1212,2100
176318,4,2,2,63,82,20,20,145,40,83,102,185
176372,4,2,2,857,1854,29,38,2711,67,886,1892,2778
176433,4,2,2,0,7,0,5,7,5,0,12,12
176479,4,2,2,79,132,441,655,211,1096,520,787,1307
176628,4,2,2,147,195,0,3,342,3,147,198,345
176947,4,2,2,210,252,1,2,462,3,211,254,465
176965,4,2,2,776,936,69,94,1712,163,845,1030,1875
176983,4,2,2,33,2,1,3,35,4,34,5,39
177038,4,2,2,1,1,0,3,2,3,1,4,5
177135,4,2,2,451,645,77,121,1096,198,528,766,1294
177144,4,2,2,212,174,2,5,386,7,214,179,393
177214,4,2,2,278,313,0,0,591,0,278,313,591
177250,4,2,2,296,403,91,138,699,229,387,541,928
177302,4,2,2,5,0,0,0,5,0,5,0,5
177418,4,2,2,143,109,1,1,252,2,144,110,254
177472,4,2,2,1041,1363,412,427,2404,839,1453,1790,3243
177676,4,2,2,459,546,110,158,1005,268,569,704,1273
177685,4,2,2,2,39,0,0,41,0,2,39,41
177940,4,2,2,203,263,35,35,466,70,238,298,536
177977,4,2,2,996,163,60,41,1159,101,1056,204,1260
177986,4,2,2,7,16,2,7,23,9,9,23,32
177995,4,2,2,1277,1651,498,675,2928,1173,1775,2326,4101
178059,4,2,2,387,780,19,60,1167,79,406,840,1246
178217,4,2,2,240,388,55,89,628,144,295,477,772
178341,4,2,2,318,503,41,63,821,104,359,566,925
178369,4,2,2,309,160,24,54,469,78,333,214,547
178387,4,2,2,332,476,68,113,808,181,400,589,989
178396,4,2,2,3689,5102,204,177,8791,381,3893,5279,9172
178402,4,2,2,649,1282,211,210,1931,421,860,1492,2352
178411,4,2,2,1486,479,54,17,1965,71,1540,496,2036
178420,4,2,2,263,401,280,325,664,605,543,726,1269
178448,4,2,2,482,698,194,283,1180,477,676,981,1657
178615,4,2,2,432,686,29,36,1118,65,461,722,1183
178624,4,2,2,649,1094,30,52,1743,82,679,1146,1825
178679,4,2,2,92,97,1,5,189,6,93,102,195
178697,4,2,2,271,346,0,1,617,1,271,347,618
178721,4,2,2,203,238,29,31,441,60,232,269,501
178891,4,2,2,490,39,51,2,529,53,541,41,582
178989,4,2,2,0,3,0,0,3,0,0,3,3
179043,4,2,2,183,355,67,56,538,123,250,411,661
179308,4,2,2,1052,1393,481,705,2445,1186,1533,2098,3631
179326,4,2,2,180,235,24,26,415,50,204,261,465
179344,4,2,2,121,240,47,84,361,131,168,324,492
179539,4,2,2,377,639,107,160,1016,267,484,799,1283
179557,4,2,2,833,1441,103,118,2274,221,936,1559,2495
179566,4,2,2,1333,2437,389,364,3770,753,1722,2801,4523
179645,4,2,2,239,407,65,100,646,165,304,507,811
179715,4,2,2,156,299,51,105,455,156,207,404,611
179867,4,2,2,1407,1793,5,4,3200,9,1412,1797,3209
179894,4,2,2,204,386,3,5,590,8,207,391,598
179946,4,2,2,141,141,0,0,282,0,141,141,282
180081,4,2,2,86,53,29,21,139,50,115,74,189
180106,4,2,2,144,232,0,1,376,1,144,233,377
180151,4,2,2,54,67,45,25,121,70,99,92,191
180179,4,2,2,82,137,250,400,219,650,332,537,869
180197,4,2,2,99,148,93,105,247,198,192,253,445
180249,4,2,2,44,63,30,53,107,83,74,116,190
180258,4,2,2,60,87,0,4,147,4,60,91,151
180276,4,2,2,73,68,76,88,141,164,149,156,305
180416,4,2,2,276,201,3,4,477,7,279,205,484
180461,4,2,2,2760,2589,346,312,5349,658,3106,2901,6007
180522,4,2,2,194,79,18,19,273,37,212,98,310
180595,4,2,2,172,195,0,0,367,0,172,195,367
180647,4,2,2,17,35,4,10,52,14,21,45,66
180692,4,2,2,136,210,13,14,346,27,149,224,373
180814,4,2,2,96,85,53,40,181,93,149,125,274
180902,4,2,2,495,455,321,425,950,746,816,880,1696
180948,4,2,2,181,337,7,7,518,14,188,344,532
181002,4,2,2,846,1161,0,1,2007,1,846,1162,2008
181020,4,2,2,201,173,1,0,374,1,202,173,375
181127,4,2,2,206,237,0,0,443,0,206,237,443
181190,4,2,2,0,35,0,0,35,0,0,35,35
181215,4,2,2,507,940,19,30,1447,49,526,970,1496
181297,4,2,2,3,81,1,14,84,15,4,95,99
181303,4,2,2,701,522,768,675,1223,1443,1469,1197,2666
181312,4,2,2,189,205,108,99,394,207,297,304,601
181330,4,2,2,263,250,6,3,513,9,269,253,522
181394,4,2,2,1548,2307,47,62,3855,109,1595,2369,3964
181428,4,2,2,0,8,0,0,8,0,0,8,8
181446,4,2,2,312,337,0,0,649,0,312,337,649
181464,4,2,2,3791,4347,39,30,8138,69,3830,4377,8207
181491,4,2,2,666,503,238,250,1169,488,904,753,1657
181604,4,2,2,0,146,1,1,146,2,1,147,148
181640,4,2,2,992,576,461,560,1568,1021,1453,1136,2589
181738,4,2,2,48,62,10,16,110,26,58,78,136
181783,4,2,2,489,679,58,54,1168,112,547,733,1280
181817,4,2,2,127,135,116,134,262,250,243,269,512
182005,4,2,2,1506,2016,1204,1676,3522,2880,2710,3692,6402
182281,4,2,2,2481,3366,154,223,5847,377,2635,3589,6224
182290,4,2,2,2565,3209,116,101,5774,217,2681,3310,5991
182306,4,2,2,156,145,72,111,301,183,228,256,484
182500,4,2,2,481,677,447,472,1158,919,928,1149,2077
182564,4,2,2,180,221,97,116,401,213,277,337,614
182670,4,2,2,887,985,0,0,1872,0,887,985,1872
182704,4,2,2,0,21,0,5,21,5,0,26,26
182722,4,2,2,0,27,0,9,27,9,0,36,36
182892,4,2,2,0,3,0,2,3,2,0,5,5
182980,4,2,2,136,185,0,1,321,1,136,186,322
183026,4,2,2,1005,1267,1275,1990,2272,3265,2280,3257,5537
183044,4,2,2,2185,3055,12,13,5240,25,2197,3068,5265
183062,4,2,2,525,680,5,1,1205,6,530,681,1211
183071,4,2,2,40,45,1,0,85,1,41,45,86
183080,4,2,2,701,739,12,9,1440,21,713,748,1461
183202,4,2,2,0,34,0,0,34,0,0,34,34
183239,4,2,2,344,548,1,1,892,2,345,549,894
183257,4,2,2,7,17,3,6,24,9,10,23,33
183275,4,2,2,13,16,0,0,29,0,13,16,29
183488,4,2,2,1,188,0,3,189,3,1,191,192
183655,4,2,2,351,504,152,197,855,349,503,701,1204
183743,4,2,2,1353,1193,385,333,2546,718,1738,1526,3264
183789,4,2,2,71,105,4,6,176,10,75,111,186
183822,4,2,2,159,227,0,4,386,4,159,231,390
183859,4,2,2,1244,1152,468,396,2396,864,1712,1548,3260
183910,4,2,2,216,315,1,1,531,2,217,316,533
183938,4,2,2,529,713,301,305,1242,606,830,1018,1848
184056,4,2,2,29,82,9,10,111,19,38,92,130
184180,4,2,2,774,556,353,268,1330,621,1127,824,1951
184205,4,2,2,1,0,66,89,1,155,67,89,156
184427,4,2,2,112,6,36,3,118,39,148,9,157
184481,4,2,2,467,510,253,245,977,498,720,755,1475
184506,4,2,2,2,12,0,4,14,4,2,16,18
184603,4,2,2,343,350,228,240,693,468,571,590,1161
184612,4,2,2,155,281,1,3,436,4,156,284,440
184694,4,2,2,365,366,8,6,731,14,373,372,745
184773,4,2,2,99,191,19,38,290,57,118,229,347
184782,4,2,2,2291,2163,44,35,4454,79,2335,2198,4533
184791,4,2,2,693,784,165,199,1477,364,858,983,1841
184816,4,2,2,0,13,0,1,13,1,0,14,14
184959,4,2,2,2,30,1,5,32,6,3,35,38
184995,4,2,2,488,550,153,173,1038,326,641,723,1364
185262,4,2,2,1046,1526,52,66,2572,118,1098,1592,2690
185396,4,2,2,685,22,39,2,707,41,724,24,748
185509,4,2,2,515,442,317,356,957,673,832,798,1630
185536,4,2,2,1110,1047,475,464,2157,939,1585,1511,3096
185572,4,2,2,533,1076,4,6,1609,10,537,1082,1619
185590,4,2,2,2372,3607,63,88,5979,151,2435,3695,6130
185721,4,2,2,28,39,1,2,67,3,29,41,70
185828,4,2,2,1686,724,174,72,2410,246,1860,796,2656
185873,4,2,2,895,876,359,407,1771,766,1254,1283,2537
186016,4,2,2,4,73,0,12,77,12,4,85,89
186034,4,2,2,340,422,230,273,762,503,570,695,1265
186131,4,2,2,997,1154,7,4,2151,11,1004,1158,2162
186201,4,2,2,503,858,24,36,1361,60,527,894,1421
186283,4,2,2,477,642,4,3,1119,7,481,645,1126
186371,4,2,2,367,476,31,8,843,39,398,484,882
186380,4,2,2,6280,6698,42,24,12978,66,6322,6722,13044
186399,4,2,2,926,1027,41,40,1953,81,967,1067,2034
186405,4,2,2,0,1,0,0,1,0,0,1,1
186432,4,2,2,250,420,2,15,670,17,252,435,687
186469,4,2,2,96,147,19,33,243,52,115,180,295
186584,4,2,2,1275,1656,7,10,2931,17,1282,1666,2948
186618,4,2,2,86,123,0,19,209,19,86,142,228
186645,4,2,2,657,568,302,282,1225,584,959,850,1809
186867,4,2,2,1151,631,1,0,1782,1,1152,631,1783
186876,4,2,2,903,1454,1,5,2357,6,904,1459,2363
187046,4,2,2,0,0,19,11,0,30,19,11,30
187134,4,2,2,1173,1605,8,4,2778,12,1181,1609,2790
187198,4,2,2,864,859,243,249,1723,492,1107,1108,2215
187444,4,2,2,562,726,9,5,1288,14,571,731,1302
187532,4,2,2,638,851,685,943,1489,1628,1323,1794,3117
187620,4,2,2,504,665,356,582,1169,938,860,1247,2107
187639,4,2,2,67,108,50,75,175,125,117,183,300
187648,4,2,2,227,326,67,58,553,125,294,384,678
187897,4,2,2,130,150,18,25,280,43,148,175,323
187912,4,2,2,211,46,11,3,257,14,222,49,271
187958,4,2,2,79,104,96,127,183,223,175,231,406
187967,4,2,2,349,144,7,2,493,9,356,146,502
187976,4,2,2,17,28,65,97,45,162,82,125,207
187985,4,2,2,2201,3075,130,176,5276,306,2331,3251,5582
187994,4,2,2,31,56,57,79,87,136,88,135,223
188003,4,2,2,33,75,64,119,108,183,97,194,291
188021,4,2,2,25,30,49,77,55,126,74,107,181
188030,4,2,2,1404,2180,54,77,3584,131,1458,2257,3715
188049,4,2,2,50,86,78,136,136,214,128,222,350
188100,4,2,2,191,251,158,308,442,466,349,559,908
188137,4,2,2,77,114,110,123,191,233,187,237,424
188225,4,2,2,13,29,41,98,42,139,54,127,181
188261,4,2,2,27,13,7,6,40,13,34,19,53
188340,4,2,2,217,31,15,1,248,16,232,32,264
188429,4,2,2,690,1491,12,33,2181,45,702,1524,2226
188438,4,2,2,398,415,64,51,813,115,462,466,928
188517,4,2,2,28,36,1,10,64,11,29,46,75
188641,4,2,2,298,298,1,1,596,2,299,299,598
188854,4,2,2,153,507,0,0,660,0,153,507,660
189219,4,2,2,2,0,0,0,2,0,2,0,2
189228,4,2,2,45,80,35,24,125,59,80,104,184
189547,4,2,2,527,639,98,124,1166,222,625,763,1388
189565,4,2,2,28,37,0,3,65,3,28,40,68
189583,4,2,2,19,40,7,12,59,19,26,52,78
189592,4,2,2,19,12,2,4,31,6,21,16,37
189705,4,2,2,385,423,2,2,808,4,387,425,812
189839,4,2,2,147,197,37,57,344,94,184,254,438
190044,4,2,2,775,368,7,4,1143,11,782,372,1154
190053,4,2,2,77,54,10,16,131,26,87,70,157
190099,4,2,2,612,888,0,0,1500,0,612,888,1500
190169,4,2,2,110,128,30,38,238,68,140,166,306
190239,4,2,2,0,21,0,1,21,1,0,22,22
190372,4,2,2,182,213,0,0,395,0,182,213,395
190415,4,2,2,2987,3873,2,1,6860,3,2989,3874,6863
190442,4,2,2,231,254,57,66,485,123,288,320,608
190503,4,2,2,552,743,0,3,1295,3,552,746,1298
190761,4,2,2,94,139,0,0,233,0,94,139,233
190840,4,2,2,692,637,189,201,1329,390,881,838,1719
191083,4,2,2,1001,784,184,183,1785,367,1185,967,2152
191126,4,2,2,336,2046,32,88,2382,120,368,2134,2502
191199,4,2,2,466,408,89,92,874,181,555,500,1055
191205,4,2,2,123,41,1,1,164,2,124,42,166
191241,4,2,2,1774,3136,10,23,4910,33,1784,3159,4943
191302,4,2,2,154,165,33,40,319,73,187,205,392
191311,4,2,2,3,2,0,0,5,0,3,2,5
191339,4,2,2,269,340,54,84,609,138,323,424,747
191515,4,2,2,390,573,0,0,963,0,390,573,963
191533,4,2,2,236,322,1,1,558,2,237,323,560
191597,4,2,2,0,0,0,1,0,1,0,1,1
191612,4,2,2,219,241,26,28,460,54,245,269,514
191649,4,2,2,1195,1762,30,14,2957,44,1225,1776,3001
191676,4,2,2,111,163,1,8,274,9,112,171,283
191719,4,2,2,1407,867,170,200,2274,370,1577,1067,2644
191940,4,2,2,0,6,0,0,6,0,0,6,6
191986,4,2,2,307,313,42,55,620,97,349,368,717
192022,4,2,2,226,291,19,58,517,77,245,349,594
192192,4,2,2,87,281,0,0,368,0,87,281,368
192271,4,2,2,35,311,0,14,346,14,35,325,360
192323,4,2,2,399,632,12,88,1031,100,411,720,1131
192448,4,2,2,672,1157,29,35,1829,64,701,1192,1893
192703,4,2,2,311,298,6,5,609,11,317,303,620
192712,4,2,2,95,106,0,0,201,0,95,106,201
192749,4,2,2,191,278,1,0,469,1,192,278,470
192785,4,2,2,2,30,2,37,32,39,4,67,71
192819,4,2,2,926,1412,7,6,2338,13,933,1418,2351
193016,4,2,2,477,1048,25,40,1525,65,502,1088,1590
193283,4,2,2,524,598,78,104,1122,182,602,702,1304
193292,4,2,2,326,748,3,12,1074,15,329,760,1089
193326,4,2,2,939,959,247,249,1898,496,1186,1208,2394
193399,4,2,2,222,724,3,17,946,20,225,741,966
193478,4,2,2,1819,1392,430,337,3211,767,2249,1729,3978
193584,4,2,2,237,637,2,1,874,3,239,638,877
193654,4,2,2,461,2012,11,34,2473,45,472,2046,2518
193858,4,2,2,0,32,0,0,32,0,0,32,32
193900,4,2,2,4441,7201,16,46,11642,62,4457,7247,11704
193946,4,2,2,435,525,50,67,960,117,485,592,1077
193973,4,2,2,355,645,1,1,1000,2,356,646,1002
193991,4,2,2,0,5,0,1,5,1,0,6,6
194028,4,2,2,58,119,18,27,177,45,76,146,222
194091,4,2,2,845,535,67,35,1380,102,912,570,1482
194116,4,2,2,2,19,2,11,21,13,4,30,34
194222,4,2,2,785,745,185,144,1530,329,970,889,1859
194240,4,2,2,475,518,136,174,993,310,611,692,1303
194310,4,2,2,1039,2481,24,32,3520,56,1063,2513,3576
194392,4,2,2,194,124,2,1,318,3,196,125,321
194578,4,2,2,369,1117,2,6,1486,8,371,1123,1494
194824,4,2,2,2064,880,8,2,2944,10,2072,882,2954
195003,4,2,2,3630,1886,68,24,5516,92,3698,1910,5608
195058,4,2,2,768,567,137,138,1335,275,905,705,1610
195067,4,2,2,2,60,0,11,62,11,2,71,73
195128,4,2,2,136,306,0,2,442,2,136,308,444
195164,4,2,2,512,425,1,4,937,5,513,429,942
195216,4,2,2,386,503,0,0,889,0,386,503,889
195234,4,2,2,142,320,3,1,462,4,145,321,466
195243,4,2,2,211,195,6,8,406,14,217,203,420
195322,4,2,2,225,221,65,82,446,147,290,303,593
195474,4,2,2,726,982,0,6,1708,6,726,988,1714
195526,4,2,2,476,760,2,5,1236,7,478,765,1243
195544,4,2,2,386,729,2,3,1115,5,388,732,1120
195702,4,2,2,7,30,0,0,37,0,7,30,37
195720,4,2,2,472,663,1,2,1135,3,473,665,1138
195988,4,2,2,146,139,31,33,285,64,177,172,349
196006,4,2,2,1103,447,10,4,1550,14,1113,451,1564
196015,4,2,2,355,342,8,7,697,15,363,349,712
196024,4,2,2,532,391,6,4,923,10,538,395,933
196033,4,2,2,337,433,3,5,770,8,340,438,778
196042,4,2,2,1642,1119,154,86,2761,240,1796,1205,3001
196051,4,2,2,435,313,9,12,748,21,444,325,769
196060,4,2,2,2160,2996,20,23,5156,43,2180,3019,5199
196079,4,2,2,2873,3259,13,8,6132,21,2886,3267,6153
196088,4,2,2,4057,3703,41,37,7760,78,4098,3740,7838
196097,4,2,2,3082,3492,23,30,6574,53,3105,3522,6627
196103,4,2,2,257,281,53,63,538,116,310,344,654
196112,4,2,2,431,157,10,33,588,43,441,190,631
196121,4,2,2,657,1010,2,13,1667,15,659,1023,1682
196130,4,2,2,796,1023,21,18,1819,39,817,1041,1858
196149,4,2,2,1136,1370,5,1,2506,6,1141,1371,2512
196158,4,2,2,506,771,3,4,1277,7,509,775,1284
196167,4,2,2,568,1217,4,1,1785,5,572,1218,1790
196176,4,2,2,683,1519,14,19,2202,33,697,1538,2235
196185,4,2,2,705,1190,2,2,1895,4,707,1192,1899
196194,4,2,2,1068,1188,8,10,2256,18,1076,1198,2274
196200,4,2,2,268,483,1,0,751,1,269,483,752
196219,4,2,2,473,709,12,8,1182,20,485,717,1202
196246,4,2,2,567,935,12,9,1502,21,579,944,1523
196255,4,2,2,0,1,0,0,1,0,0,1,1
196264,4,2,2,54,97,47,49,151,96,101,146,247
196291,4,2,2,411,60,4,1,471,5,415,61,476
196307,4,2,2,0,5,0,0,5,0,0,5,5
196413,4,2,2,3036,4026,56,25,7062,81,3092,4051,7143
196565,4,2,2,212,185,62,70,397,132,274,255,529
196653,4,2,2,3,36,4,28,39,32,7,64,71
196699,4,2,2,215,202,72,63,417,135,287,265,552
197036,4,2,2,1218,418,0,0,1636,0,1218,418,1636
197045,4,2,2,352,410,2,7,762,9,354,417,771
197285,4,2,2,69,82,6,13,151,19,75,95,170
197294,4,2,2,1046,919,418,370,1965,788,1464,1289,2753
197337,4,2,2,1,9,0,0,10,0,1,9,10
197708,4,2,2,554,647,4,0,1201,4,558,647,1205
197814,4,2,2,91,104,109,144,195,253,200,248,448
197850,4,2,2,132,172,263,354,304,617,395,526,921
197869,4,2,2,3150,4474,44,48,7624,92,3194,4522,7716
197887,4,2,2,225,291,244,351,516,595,469,642,1111
197911,4,2,2,254,207,1,2,461,3,255,209,464
197966,4,2,2,52,72,69,84,124,153,121,156,277
197993,4,2,2,0,53,0,1,53,1,0,54,54
198066,4,2,2,185,137,0,0,322,0,185,137,322
198109,4,2,2,0,14,2,17,14,19,2,31,33
198118,4,2,2,222,249,152,222,471,374,374,471,845
198136,4,2,2,371,493,6,11,864,17,377,504,881
198154,4,2,2,540,646,718,864,1186,1582,1258,1510,2768
198206,4,2,2,113,114,50,85,227,135,163,199,362
198260,4,2,2,1220,1317,1029,1295,2537,2324,2249,2612,4861
198303,4,2,2,201,124,0,0,325,0,201,124,325
198330,4,2,2,159,239,104,211,398,315,263,450,713
198367,4,2,2,146,133,130,176,279,306,276,309,585
198385,4,2,2,416,519,0,0,935,0,416,519,935
198455,4,2,2,132,143,274,332,275,606,406,475,881
198464,4,2,2,2826,4274,75,169,7100,244,2901,4443,7344
198507,4,2,2,292,319,3,2,611,5,295,321,616
198516,4,2,2,1030,1587,12,14,2617,26,1042,1601,2643
198534,4,2,2,365,412,312,444,777,756,677,856,1533
198543,4,2,2,325,768,29,32,1093,61,354,800,1154
198552,4,2,2,388,391,488,723,779,1211,876,1114,1990
198570,4,2,2,279,345,291,419,624,710,570,764,1334
198598,4,2,2,116,64,2,6,180,8,118,70,188
198622,4,2,2,628,486,529,544,1114,1073,1157,1030,2187
198668,4,2,2,86,70,37,62,156,99,123,132,255
198710,4,2,2,100,113,67,99,213,166,167,212,379
198756,4,2,2,191,170,7,3,361,10,198,173,371
198808,4,2,2,156,234,0,0,390,0,156,234,390
198817,4,2,2,142,120,73,134,262,207,215,254,469
198835,4,2,2,99,119,33,42,218,75,132,161,293
198862,4,2,2,187,103,2,2,290,4,189,105,294
198899,4,2,2,219,203,0,0,422,0,219,203,422
198905,4,2,2,14,62,50,73,76,123,64,135,199
198950,4,2,2,0,590,0,7,590,7,0,597,597
198969,4,2,2,356,211,4,2,567,6,360,213,573
198987,4,2,2,181,231,240,315,412,555,421,546,967
199087,4,2,2,156,169,154,222,325,376,310,391,701
199102,4,2,2,1656,3502,62,84,5158,146,1718,3586,5304
199111,4,2,2,351,568,6,8,919,14,357,576,933
199120,4,2,2,3364,5738,39,48,9102,87,3403,5786,9189
199139,4,2,2,3884,4256,177,179,8140,356,4061,4435,8496
199148,4,2,2,1384,2865,39,68,4249,107,1423,2933,4356
199157,4,2,2,564,1328,7,11,1892,18,571,1339,1910
199184,4,2,2,147,228,0,0,375,0,147,228,375
199193,4,2,2,5158,5721,134,80,10879,214,5292,5801,11093
199218,4,2,2,1611,3141,26,46,4752,72,1637,3187,4824
199272,4,2,2,122,94,0,1,216,1,122,95,217
199281,4,2,2,535,717,33,51,1252,84,568,768,1336
199324,4,2,2,11,26,86,84,37,170,97,110,207
199412,4,2,2,183,287,2,2,470,4,185,289,474
199494,4,2,2,288,310,289,367,598,656,577,677,1254
199607,4,2,2,0,106,0,5,106,5,0,111,111
199625,4,2,2,75,81,72,102,156,174,147,183,330
199689,4,2,2,1,22,0,2,23,2,1,24,25
199731,4,2,2,43,72,149,172,115,321,192,244,436
199740,4,2,2,56,87,105,138,143,243,161,225,386
199759,4,2,2,25,32,10,11,57,21,35,43,78
199768,4,2,2,224,230,153,188,454,341,377,418,795
199795,4,2,2,31,49,43,52,80,95,74,101,175
199856,4,2,2,1676,1468,1641,1591,3144,3232,3317,3059,6376
199865,4,2,2,111,186,0,1,297,1,111,187,298
199908,4,2,2,99,99,75,115,198,190,174,214,388
199926,4,2,2,184,167,142,195,351,337,326,362,688
199971,4,2,2,2,0,0,0,2,0,2,0,2
199999,4,2,2,366,1203,13,26,1569,39,379,1229,1608
200004,4,2,2,1333,1853,30,20,3186,50,1363,1873,3236
200013,4,2,2,1,8,1,8,9,9,2,16,18
200022,4,2,2,528,440,97,145,968,242,625,585,1210
200059,4,2,2,170,176,13,23,346,36,183,199,382
200086,4,2,2,13,9,2,2,22,4,15,11,26
200192,4,2,2,113,130,50,84,243,134,163,214,377
200217,4,2,2,271,443,18,30,714,48,289,473,762
200280,4,2,2,1396,1496,122,86,2892,208,1518,1582,3100
200305,4,2,2,655,300,131,101,955,232,786,401,1187
200314,4,2,2,65,71,35,34,136,69,100,105,205
200332,4,2,2,1879,2183,89,122,4062,211,1968,2305,4273
200527,4,2,2,56,50,4,3,106,7,60,53,113
200554,4,2,2,28,56,0,1,84,1,28,57,85
200572,4,2,2,144,146,43,47,290,90,187,193,380
200590,4,2,2,1,6,1,1,7,2,2,7,9
200800,4,2,2,1479,1435,135,179,2914,314,1614,1614,3228
200846,4,2,2,58,98,104,121,156,225,162,219,381
201061,4,2,2,19,94,0,0,113,0,19,94,113
201177,4,2,2,5,44,2,9,49,11,7,53,60
201195,4,2,2,529,672,2,2,1201,4,531,674,1205
201283,4,2,2,77,79,28,45,156,73,105,124,229
201432,4,2,2,209,288,58,55,497,113,267,343,610
201441,4,2,2,1970,2950,103,84,4920,187,2073,3034,5107
201469,4,2,2,42,44,0,2,86,2,42,46,88
201548,4,2,2,312,481,1,0,793,1,313,481,794
201645,4,2,2,1480,1451,1,4,2931,5,1481,1455,2936
201654,4,2,2,847,1028,32,26,1875,58,879,1054,1933
201821,4,2,2,13,149,1,14,162,15,14,163,177
201885,4,2,2,5175,5355,287,267,10530,554,5462,5622,11084
201946,4,2,2,220,243,547,807,463,1354,767,1050,1817
201955,4,2,2,672,940,294,597,1612,891,966,1537,2503
201964,4,2,2,57,86,23,26,143,49,80,112,192
202046,4,2,2,61,181,1,0,242,1,62,181,243
202170,4,2,2,93,249,0,0,342,0,93,249,342
202222,4,2,2,1114,1321,1723,1927,2435,3650,2837,3248,6085
202356,4,2,2,659,750,562,723,1409,1285,1221,1473,2694
202453,4,2,2,8,2,0,0,10,0,8,2,10
202480,4,2,2,1792,1773,10,22,3565,32,1802,1795,3597
202523,4,2,2,554,638,1,0,1192,1,555,638,1193
202648,4,2,2,200,181,183,263,381,446,383,444,827
202763,4,2,2,312,775,61,51,1087,112,373,826,1199
203085,4,2,2,175,142,3,8,317,11,178,150,328
203128,4,2,2,175,158,9,5,333,14,184,163,347
203155,4,2,2,452,333,21,24,785,45,473,357,830
203289,4,2,2,2,0,0,0,2,0,2,0,2
203368,4,2,2,573,474,3,4,1047,7,576,478,1054
203447,4,2,2,37,57,58,143,94,201,95,200,295
203456,4,2,2,5,8,48,114,13,162,53,122,175
203465,4,2,2,156,210,106,224,366,330,262,434,696
203474,4,2,2,56,114,76,120,170,196,132,234,366
203483,4,2,2,100,131,97,139,231,236,197,270,467
203492,4,2,2,10,78,48,117,88,165,58,195,253
203517,4,2,2,2435,4754,132,202,7189,334,2567,4956,7523
203526,4,2,2,100,111,105,170,211,275,205,281,486
203544,4,2,2,10,63,11,43,73,54,21,106,127
203580,4,2,2,196,123,5,5,319,10,201,128,329
203599,4,2,2,219,265,176,216,484,392,395,481,876
203678,4,2,2,104,140,110,206,244,316,214,346,560
203720,4,2,2,12,2,0,0,14,0,12,2,14
203748,4,2,2,363,518,335,437,881,772,698,955,1653
203757,4,2,2,130,145,3,4,275,7,133,149,282
203775,4,2,2,166,179,8,12,345,20,174,191,365
203845,4,2,2,266,241,4,4,507,8,270,245,515
203881,4,2,2,37,93,66,107,130,173,103,200,303
203960,4,2,2,6,41,6,29,47,35,12,70,82
204006,4,2,2,283,376,43,48,659,91,326,424,750
204015,4,2,2,114,146,15,19,260,34,129,165,294
204024,4,2,2,3393,4179,18,10,7572,28,3411,4189,7600
204194,4,2,2,188,292,10,13,480,23,198,305,503
204200,4,2,2,221,245,19,17,466,36,240,262,502
204255,4,2,2,107,79,74,126,186,200,181,205,386
204422,4,2,2,126,145,79,145,271,224,205,290,495
204468,4,2,2,148,140,46,49,288,95,194,189,383
204617,4,2,2,132,155,3,3,287,6,135,158,293
204635,4,2,2,609,549,10,10,1158,20,619,559,1178
204662,4,2,2,114,180,1,5,294,6,115,185,300
204671,4,2,2,167,187,19,11,354,30,186,198,384
204680,4,2,2,182,199,10,11,381,21,192,210,402
204699,4,2,2,226,193,15,14,419,29,241,207,448
204705,4,2,2,636,612,50,57,1248,107,686,669,1355
204796,4,2,2,7617,8946,88,74,16563,162,7705,9020,16725
204802,4,2,2,40,60,52,115,100,167,92,175,267
204820,4,2,2,41,102,87,221,143,308,128,323,451
204839,4,2,2,50,104,117,254,154,371,167,358,525
204848,4,2,2,66,110,92,238,176,330,158,348,506
204857,4,2,2,2454,3692,33,78,6146,111,2487,3770,6257
204866,4,2,2,28,113,114,249,141,363,142,362,504
204909,4,2,2,279,397,0,0,676,0,279,397,676
204936,4,2,2,352,574,7,6,926,13,359,580,939
204945,4,2,2,289,399,361,384,688,745,650,783,1433
205090,4,2,2,0,3,0,3,3,3,0,6,6
205443,4,2,2,335,509,39,51,844,90,374,560,934
205470,4,2,2,668,699,918,1074,1367,1992,1586,1773,3359
205841,4,2,2,502,466,420,501,968,921,922,967,1889
205966,4,2,2,43,77,42,90,120,132,85,167,252
206011,4,2,2,117,81,133,103,198,236,250,184,434
206279,4,2,2,1,1,0,1,2,1,1,2,3
206321,4,2,2,0,2,7,0,2,7,7,2,9
206349,4,2,2,8,171,0,3,179,3,8,174,182
206507,4,2,2,192,253,0,1,445,1,192,254,446
206525,4,2,2,305,338,1,0,643,1,306,338,644
206589,4,2,2,443,503,0,0,946,0,443,503,946
206604,4,2,2,754,1087,60,67,1841,127,814,1154,1968
206613,4,2,2,133,208,37,60,341,97,170,268,438
206622,4,2,2,891,1138,5,3,2029,8,896,1141,2037
206695,4,2,2,1085,1383,95,83,2468,178,1180,1466,2646
206862,4,2,2,144,169,1,3,313,4,145,172,317
206914,4,2,2,220,375,39,38,595,77,259,413,672
206923,4,2,2,171,228,77,113,399,190,248,341,589
206996,4,2,2,99,173,62,97,272,159,161,270,431
207041,4,2,2,305,383,18,20,688,38,323,403,726
207050,4,2,2,119,175,45,74,294,119,164,249,413
207069,4,2,2,127,149,150,211,276,361,277,360,637
207102,4,2,2,1,16,0,0,17,0,1,16,17
207209,4,2,2,314,506,4,5,820,9,318,511,829
207236,4,2,2,157,258,143,202,415,345,300,460,760
207263,4,2,2,438,592,28,32,1030,60,466,624,1090
207281,4,2,2,280,372,303,459,652,762,583,831,1414
207290,4,2,2,267,256,32,48,523,80,299,304,603
207306,4,2,2,181,266,27,35,447,62,208,301,509
207324,4,2,2,233,262,19,10,495,29,252,272,524
207342,4,2,2,0,5,0,0,5,0,0,5,5
207351,4,2,2,151,94,19,18,245,37,170,112,282
207388,4,2,2,2809,3493,196,298,6302,494,3005,3791,6796
207500,4,2,2,3262,4339,308,457,7601,765,3570,4796,8366
207564,4,2,2,448,124,83,61,572,144,531,185,716
207582,4,2,2,308,548,143,125,856,268,451,673,1124
207661,4,2,2,218,334,100,114,552,214,318,448,766
207670,4,2,2,324,532,549,941,856,1490,873,1473,2346
207740,4,2,2,142,236,83,107,378,190,225,343,568
207847,4,2,2,199,209,35,59,408,94,234,268,502
207865,4,2,2,330,523,78,101,853,179,408,624,1032
207935,4,2,2,822,1224,776,1170,2046,1946,1598,2394,3992
207962,4,2,2,293,32,0,0,325,0,293,32,325
207971,4,2,2,420,536,43,45,956,88,463,581,1044
208035,4,2,2,114,149,63,102,263,165,177,251,428
208275,4,2,2,142,180,41,49,322,90,183,229,412
208318,4,2,2,343,380,227,224,723,451,570,604,1174
208390,4,2,2,800,982,324,363,1782,687,1124,1345,2469
208406,4,2,2,362,382,238,246,744,484,600,628,1228
208415,4,2,2,49,67,27,33,116,60,76,100,176
208646,4,2,2,161,223,9,11,384,20,170,234,404
208822,4,2,2,443,606,7,5,1049,12,450,611,1061
209038,4,2,2,545,569,292,329,1114,621,837,898,1735
209074,4,2,2,386,356,319,432,742,751,705,788,1493
209250,4,2,2,310,346,201,149,656,350,511,495,1006
209490,4,2,2,0,2,0,0,2,0,0,2,2
209506,4,2,2,342,296,107,110,638,217,449,406,855
209542,4,2,2,3539,3598,388,462,7137,850,3927,4060,7987
209551,4,2,2,3548,4957,93,129,8505,222,3641,5086,8727
209603,4,2,2,22,97,0,1,119,1,22,98,120
209612,4,2,2,293,370,1,1,663,2,294,371,665
209746,4,2,2,1149,1381,812,1034,2530,1846,1961,2415,4376
209807,4,2,2,781,1178,490,618,1959,1108,1271,1796,3067
209825,4,2,2,534,998,8,6,1532,14,542,1004,1546
209922,4,2,2,288,483,0,0,771,0,288,483,771
210234,4,2,2,147,152,45,56,299,101,192,208,400
210270,4,2,2,152,215,57,90,367,147,209,305,514
210401,4,2,2,285,409,0,2,694,2,285,411,696
210429,4,2,2,272,577,16,29,849,45,288,606,894
210605,4,2,2,629,643,453,390,1272,843,1082,1033,2115
210739,4,2,2,298,567,1,3,865,4,299,570,869
210775,4,2,2,303,425,4,14,728,18,307,439,746
211088,4,2,2,217,501,57,33,718,90,274,534,808
211291,4,2,2,848,964,0,0,1812,0,848,964,1812
211307,4,2,2,568,558,388,402,1126,790,956,960,1916
211316,4,2,2,0,14,0,2,14,2,0,16,16
211343,4,2,2,214,313,94,140,527,234,308,453,761
211352,4,2,2,155,307,5,3,462,8,160,310,470
211431,4,2,2,54,257,1,3,311,4,55,260,315
211440,4,2,2,1529,1747,6,1,3276,7,1535,1748,3283
211556,4,2,2,146,376,3,27,522,30,149,403,552
211583,4,2,2,138,118,4,4,256,8,142,122,264
211608,4,2,2,103,213,5,8,316,13,108,221,329
211927,4,2,2,392,438,426,505,830,931,818,943,1761
212045,4,2,2,3,23,0,0,26,0,3,23,26
212054,4,2,2,2212,2315,26,25,4527,51,2238,2340,4578
212106,4,2,2,821,1560,1,5,2381,6,822,1565,2387
212115,4,2,2,700,878,18,14,1578,32,718,892,1610
212133,4,2,2,284,302,5,10,586,15,289,312,601
212197,4,2,2,318,480,5,3,798,8,323,483,806
212230,4,2,2,0,7,0,0,7,0,0,7,7
212267,4,2,2,0,15,0,8,15,8,0,23,23
212276,4,2,2,0,23,0,7,23,7,0,30,30
212294,4,2,2,1,25,0,2,26,2,1,27,28
212300,4,2,2,1,24,0,1,25,1,1,25,26
212328,4,2,2,0,19,0,7,19,7,0,26,26
212337,4,2,2,0,11,0,7,11,7,0,18,18
212355,4,2,2,0,29,1,12,29,13,1,41,42
212382,4,2,2,0,24,0,4,24,4,0,28,28
212391,4,2,2,2,7,0,0,9,0,2,7,9
212601,4,2,2,416,613,32,22,1029,54,448,635,1083
212674,4,2,2,500,565,0,0,1065,0,500,565,1065
212753,4,2,2,0,12,1,2,12,3,1,14,15
212771,4,2,2,0,30,0,27,30,27,0,57,57
212805,4,2,2,526,539,8,5,1065,13,534,544,1078
212869,4,2,2,38,114,5,9,152,14,43,123,166
212878,4,2,2,504,880,466,764,1384,1230,970,1644,2614
212975,4,2,2,8,3,0,0,11,0,8,3,11
212984,4,2,2,170,435,1,4,605,5,171,439,610
213011,4,2,2,136,274,11,18,410,29,147,292,439
213020,4,2,2,979,1759,27,26,2738,53,1006,1785,2791
213181,4,2,2,4,85,2,15,89,17,6,100,106
213251,4,2,2,246,292,1,1,538,2,247,293,540
213321,4,2,2,323,337,5,1,660,6,328,338,666
213349,4,2,2,1146,1524,14,12,2670,26,1160,1536,2696
213367,4,2,2,287,517,12,20,804,32,299,537,836
213376,4,2,2,231,189,24,39,420,63,255,228,483
213385,4,2,2,611,684,0,0,1295,0,611,684,1295
213507,4,2,2,328,409,4,3,737,7,332,412,744
213525,4,2,2,449,492,247,371,941,618,696,863,1559
213570,4,2,2,10,23,0,0,33,0,10,23,33
213589,4,2,2,70,7,1,0,77,1,71,7,78
213598,4,2,2,212,502,5,7,714,12,217,509,726
213659,4,2,2,234,314,162,244,548,406,396,558,954
213668,4,2,2,236,268,0,2,504,2,236,270,506
213774,4,2,2,48,114,6,6,162,12,54,120,174
213987,4,2,2,336,554,3,3,890,6,339,557,896
213996,4,2,2,389,646,7,3,1035,10,396,649,1045
214041,4,2,2,828,1171,41,58,1999,99,869,1229,2098
214111,4,2,2,673,657,395,485,1330,880,1068,1142,2210
214148,4,2,2,0,160,0,0,160,0,0,160,160
214157,4,2,2,307,446,0,2,753,2,307,448,755
214175,4,2,2,300,485,0,0,785,0,300,485,785
214272,4,2,2,206,396,2,7,602,9,208,403,611
214379,4,2,2,616,684,356,513,1300,869,972,1197,2169
214591,4,2,2,840,514,9,4,1354,13,849,518,1367
214625,4,2,2,122,74,5,7,196,12,127,81,208
214634,4,2,2,30,54,4,7,84,11,34,61,95
214643,4,2,2,103,62,3,1,165,4,106,63,169
214652,4,2,2,218,158,5,5,376,10,223,163,386
214670,4,2,2,207,132,11,3,339,14,218,135,353
214689,4,2,2,679,622,10,6,1301,16,689,628,1317
214698,4,2,2,127,92,1,1,219,2,128,93,221
214704,4,2,2,509,324,11,11,833,22,520,335,855
214713,4,2,2,1010,610,31,16,1620,47,1041,626,1667
214731,4,2,2,324,212,11,6,536,17,335,218,553
214740,4,2,2,103,62,2,5,165,7,105,67,172
214759,4,2,2,94,110,2,2,204,4,96,112,208
214768,4,2,2,117,108,3,2,225,5,120,110,230
214777,4,2,2,9903,9506,118,64,19409,182,10021,9570,19591
214786,4,2,2,112,58,1,1,170,2,113,59,172
214795,4,2,2,120,166,2,5,286,7,122,171,293
214801,4,2,2,742,547,31,16,1289,47,773,563,1336
214810,4,2,2,107,175,4,7,282,11,111,182,293
214829,4,2,2,180,89,4,5,269,9,184,94,278
214883,4,2,2,1,0,0,3,1,3,1,3,4
215053,4,2,2,17,58,2,2,75,4,19,60,79
215062,4,2,2,1854,2409,12,16,4263,28,1866,2425,4291
215105,4,2,2,102,228,0,1,330,1,102,229,331
215239,4,2,2,286,406,248,360,692,608,534,766,1300
215266,4,2,2,230,260,0,2,490,2,230,262,492
215275,4,2,2,237,356,2,3,593,5,239,359,598
215284,4,2,2,458,353,0,2,811,2,458,355,813
215293,4,2,2,3243,5408,219,253,8651,472,3462,5661,9123
215309,4,2,2,1,4,0,0,5,0,1,4,5
215381,4,2,2,195,18,0,0,213,0,195,18,213
215442,4,2,2,296,641,3,4,937,7,299,645,944
215479,4,2,2,0,1,0,0,1,0,0,1,1
215585,4,2,2,190,262,198,308,452,506,388,570,958
215655,4,2,2,527,525,3,9,1052,12,530,534,1064
215743,4,2,2,250,410,20,14,660,34,270,424,694
215798,4,2,2,345,250,0,0,595,0,345,250,595
215929,4,2,2,403,554,15,25,957,40,418,579,997
216010,4,2,2,812,923,15,10,1735,25,827,933,1760
216038,4,2,2,1007,1526,33,22,2533,55,1040,1548,2588
216339,4,2,2,3496,5033,65,49,8529,114,3561,5082,8643
216357,4,2,2,185,183,0,0,368,0,185,183,368
216366,4,2,2,311,932,1,4,1243,5,312,936,1248
216454,4,2,2,38,5,0,0,43,0,38,5,43
216524,4,2,2,347,355,2,1,702,3,349,356,705
216542,4,2,2,94,111,2,0,205,2,96,111,207
216579,4,2,2,1,24,0,0,25,0,1,24,25
216597,4,2,2,1417,1753,9,8,3170,17,1426,1761,3187
216667,4,2,2,300,277,0,0,577,0,300,277,577
216694,4,2,2,189,228,5,1,417,6,194,229,423
216746,4,2,2,11,1,4,0,12,4,15,1,16
216764,4,2,2,1983,3128,40,64,5111,104,2023,3192,5215
216825,4,2,2,246,332,126,238,578,364,372,570,942
216852,4,2,2,399,562,1,4,961,5,400,566,966
216931,4,2,2,328,368,22,23,696,45,350,391,741
216940,4,2,2,180,0,0,0,180,0,180,0,180
217013,4,2,2,50,172,1,3,222,4,51,175,226
217059,4,2,2,537,717,7,10,1254,17,544,727,1271
217156,4,2,2,1469,1573,13,44,3042,57,1482,1617,3099
217165,4,2,2,930,509,1,0,1439,1,931,509,1440
217235,4,2,2,579,1110,6,6,1689,12,585,1116,1701
217305,4,2,2,385,113,4,3,498,7,389,116,505
217323,4,2,2,6,0,0,0,6,0,6,0,6
217402,4,2,2,883,1071,6,3,1954,9,889,1074,1963
217420,4,2,2,313,712,13,36,1025,49,326,748,1074
217493,4,2,2,236,510,0,0,746,0,236,510,746
217518,4,2,2,827,917,24,15,1744,39,851,932,1783
217536,4,2,2,243,671,0,0,914,0,243,671,914
217581,4,2,2,0,19,0,3,19,3,0,22,22
217633,4,2,2,416,900,13,29,1316,42,429,929,1358
217688,4,2,2,393,764,9,4,1157,13,402,768,1170
217712,4,2,2,81,102,121,178,183,299,202,280,482
217721,4,2,2,248,284,0,1,532,1,248,285,533
217749,4,2,2,403,536,19,9,939,28,422,545,967
217819,4,2,2,1077,2926,12,26,4003,38,1089,2952,4041
217864,4,2,2,879,147,16,4,1026,20,895,151,1046
217873,4,2,2,66,195,3,4,261,7,69,199,268
217882,4,2,2,3773,5249,21,26,9022,47,3794,5275,9069
217891,4,2,2,26,29,0,0,55,0,26,29,55
217907,4,2,2,156,145,8,3,301,11,164,148,312
217925,4,2,2,126,130,20,18,256,38,146,148,294
217934,4,2,2,57,194,1,6,251,7,58,200,258
217961,4,2,2,102,283,1,0,385,1,103,283,386
217989,4,2,2,89,74,17,21,163,38,106,95,201
218025,4,2,2,280,244,120,125,524,245,400,369,769
218061,4,2,2,351,713,12,8,1064,20,363,721,1084
218113,4,2,2,839,960,393,476,1799,869,1232,1436,2668
218140,4,2,2,685,798,243,401,1483,644,928,1199,2127
218229,4,2,2,416,943,9,17,1359,26,425,960,1385
218335,4,2,2,0,3,0,0,3,0,0,3,3
218353,4,2,2,827,821,345,421,1648,766,1172,1242,2414
218399,4,2,2,71,76,0,0,147,0,71,76,147
218414,4,2,2,279,217,0,0,496,0,279,217,496
218441,4,2,2,372,384,13,15,756,28,385,399,784
218487,4,2,2,96,123,43,68,219,111,139,191,330
218520,4,2,2,258,323,198,277,581,475,456,600,1056
218539,4,2,2,204,195,0,0,399,0,204,195,399
218645,4,2,2,339,536,11,21,875,32,350,557,907
218654,4,2,2,227,481,14,13,708,27,241,494,735
218663,4,2,2,4851,7466,51,31,12317,82,4902,7497,12399
218672,4,2,2,195,259,24,15,454,39,219,274,493
218681,4,2,2,91,79,3,5,170,8,94,84,178
218690,4,2,2,170,155,17,21,325,38,187,176,363
218706,4,2,2,92,72,13,11,164,24,105,83,188
218724,4,2,2,1850,2457,92,79,4307,171,1942,2536,4478
218733,4,2,2,496,575,58,39,1071,97,554,614,1168
218742,4,2,2,327,774,11,10,1101,21,338,784,1122
218821,4,2,2,281,358,30,30,639,60,311,388,699
218830,4,2,2,457,450,249,263,907,512,706,713,1419
218885,4,2,2,1171,1029,183,210,2200,393,1354,1239,2593
218919,4,2,2,80,71,9,1,151,10,89,72,161
218973,4,2,2,384,464,0,0,848,0,384,464,848
218991,4,2,2,462,422,253,237,884,490,715,659,1374
219037,4,2,2,0,19,0,1,19,1,0,20,20
219082,4,2,2,396,153,84,91,549,175,480,244,724
219125,4,2,2,1,18,2,1,19,3,3,19,22
219170,4,2,2,0,1,0,0,1,0,0,1,1
219189,4,2,2,424,143,43,31,567,74,467,174,641
219198,4,2,2,117,109,24,33,226,57,141,142,283
219204,4,2,2,0,3,8,5,3,13,8,8,16
219259,4,2,2,208,266,114,175,474,289,322,441,763
219277,4,2,2,35,32,7,19,67,26,42,51,93
219347,4,2,2,604,188,36,28,792,64,640,216,856
219426,4,2,2,421,256,68,171,677,239,489,427,916
219471,4,2,2,650,1386,147,180,2036,327,797,1566,2363
219480,4,2,2,106,68,36,37,174,73,142,105,247
219602,4,2,2,731,1257,43,77,1988,120,774,1334,2108
219639,4,2,2,9,64,1,15,73,16,10,79,89
219806,4,2,2,238,302,3,5,540,8,241,307,548
219824,4,2,2,587,886,120,167,1473,287,707,1053,1760
219833,4,2,2,161,177,0,4,338,4,161,181,342
219879,4,2,2,411,527,61,54,938,115,472,581,1053
219888,4,2,2,641,951,120,146,1592,266,761,1097,1858
219921,4,2,2,67,17,62,8,84,70,129,25,154
219994,4,2,2,152,63,50,11,215,61,202,74,276
220057,4,2,2,220,394,28,57,614,85,248,451,699
220075,4,2,2,1227,2097,49,68,3324,117,1276,2165,3441
220127,4,2,2,91,45,18,1,136,19,109,46,155
220215,4,2,2,235,280,44,72,515,116,279,352,631
220251,4,2,2,64,27,68,30,91,98,132,57,189
220279,4,2,2,69,14,68,39,83,107,137,53,190
220321,4,2,2,88,51,61,34,139,95,149,85,234
220394,4,2,2,81,33,18,6,114,24,99,39,138
220400,4,2,2,272,470,87,143,742,230,359,613,972
220473,4,2,2,96,131,0,2,227,2,96,133,229
220516,4,2,2,88,104,6,1,192,7,94,105,199
220598,4,2,2,195,144,12,10,339,22,207,154,361
220604,4,2,2,60,87,8,2,147,10,68,89,157
220701,4,2,2,106,224,6,8,330,14,112,232,344
220710,4,2,2,192,227,8,2,419,10,200,229,429
220862,4,2,2,1412,2144,317,391,3556,708,1729,2535,4264
220978,4,2,2,1855,2271,170,214,4126,384,2025,2485,4510
221050,4,2,2,176,59,67,8,235,75,243,67,310
221096,4,2,2,738,1074,75,109,1812,184,813,1183,1996
221148,4,2,2,531,43,0,0,574,0,531,43,574
221184,4,2,2,595,774,119,164,1369,283,714,938,1652
221333,4,2,2,68,23,78,10,91,88,146,33,179
221397,4,2,2,478,790,53,89,1268,142,531,879,1410
221430,4,2,2,84,18,121,38,102,159,205,56,261
221485,4,2,2,530,722,177,203,1252,380,707,925,1632
221494,4,2,2,131,12,55,8,143,63,186,20,206
221519,4,2,2,302,401,0,1,703,1,302,402,704
221582,4,2,2,40,11,71,23,51,94,111,34,145
221607,4,2,2,76,30,60,15,106,75,136,45,181
221625,4,2,2,183,71,61,27,254,88,244,98,342
221643,4,2,2,1277,1346,197,228,2623,425,1474,1574,3048
221740,4,2,2,1378,2252,25,45,3630,70,1403,2297,3700
221759,4,2,2,5044,6718,43,70,11762,113,5087,6788,11875
221768,4,2,2,550,1008,136,261,1558,397,686,1269,1955
221838,4,2,2,1358,2782,50,96,4140,146,1408,2878,4286
221847,4,2,2,1788,1505,18,18,3293,36,1806,1523,3329
221908,4,2,2,672,769,77,91,1441,168,749,860,1609
221999,4,2,2,1435,1663,1,4,3098,5,1436,1667,3103
222053,4,2,2,836,1138,102,139,1974,241,938,1277,2215
222062,4,2,2,611,994,75,115,1605,190,686,1109,1795
222178,4,2,2,517,946,1,0,1463,1,518,946,1464
222576,4,2,2,692,884,294,527,1576,821,986,1411,2397
222822,4,2,2,272,380,146,210,652,356,418,590,1008
222831,4,2,2,813,1239,127,137,2052,264,940,1376,2316
222877,4,2,2,70,37,0,0,107,0,70,37,107
222992,4,2,2,1422,1669,1728,1975,3091,3703,3150,3644,6794
223232,4,2,2,2721,4204,12,11,6925,23,2733,4215,6948
223320,4,2,2,133,165,118,178,298,296,251,343,594
223506,4,2,2,208,270,215,228,478,443,423,498,921
223816,4,2,2,205,283,288,368,488,656,493,651,1144
223922,4,2,2,127,129,52,81,256,133,179,210,389
224147,4,2,2,1073,1749,91,137,2822,228,1164,1886,3050
224156,4,2,2,0,47,1,14,47,15,1,61,62
224323,4,2,2,306,410,0,1,716,1,306,411,717
224527,4,2,2,311,313,14,10,624,24,325,323,648
224554,4,2,2,571,871,52,100,1442,152,623,971,1594
224615,4,2,2,2198,2214,3116,4043,4412,7159,5314,6257,11571
224642,4,2,2,1399,1686,1188,1507,3085,2695,2587,3193,5780
224891,4,2,2,131,167,126,120,298,246,257,287,544
224961,4,2,2,118,140,70,113,258,183,188,253,441
225247,4,2,2,260,302,0,2,562,2,260,304,564
225399,4,2,2,434,697,26,50,1131,76,460,747,1207
225414,4,2,2,177,290,47,90,467,137,224,380,604
225432,4,2,2,747,965,172,312,1712,484,919,1277,2196
225511,4,2,2,4265,5519,888,828,9784,1716,5153,6347,11500
225548,4,2,2,154,121,1,8,275,9,155,129,284
225885,4,2,2,111,126,0,2,237,2,111,128,239
226116,4,2,2,88,152,59,94,240,153,147,246,393
226134,4,2,2,487,653,681,685,1140,1366,1168,1338,2506
226204,4,2,2,165,179,560,637,344,1197,725,816,1541
226277,4,2,2,421,29,0,0,450,0,421,29,450
226383,4,2,2,144,263,21,22,407,43,165,285,450
226408,4,2,2,251,294,283,333,545,616,534,627,1161
226471,4,2,2,475,805,4,6,1280,10,479,811,1290
226578,4,2,2,406,656,207,432,1062,639,613,1088,1701
226587,4,2,2,244,192,4,3,436,7,248,195,443
226675,4,2,2,3,2,0,0,5,0,3,2,5
227146,4,2,2,599,672,210,295,1271,505,809,967,1776
227182,4,2,2,3897,4405,3376,4536,8302,7912,7273,8941,16214
227216,4,2,2,4102,5740,347,404,9842,751,4449,6144,10593
227331,4,2,2,139,184,1,11,323,12,140,195,335
227368,4,2,2,1516,2440,353,397,3956,750,1869,2837,4706
227377,4,2,2,289,309,430,625,598,1055,719,934,1653
227386,4,2,2,193,263,42,83,456,125,235,346,581
227401,4,2,2,266,329,153,275,595,428,419,604,1023
227526,4,2,2,781,2065,34,80,2846,114,815,2145,2960
227757,4,2,2,1086,1117,2,3,2203,5,1088,1120,2208
227845,4,2,2,381,701,5,4,1082,9,386,705,1091
227863,4,2,2,323,426,27,7,749,34,350,433,783
227881,4,2,2,1782,3427,128,217,5209,345,1910,3644,5554
227979,4,2,2,2267,2792,1805,2117,5059,3922,4072,4909,8981
228042,4,2,2,229,281,0,2,510,2,229,283,512
228149,4,2,2,314,602,1,1,916,2,315,603,918
228158,4,2,2,362,469,593,709,831,1302,955,1178,2133
228246,4,2,2,1321,1640,11,3,2961,14,1332,1643,2975
228282,4,2,2,1,3,0,0,4,0,1,3,4
228343,4,2,2,311,361,0,0,672,0,311,361,672
228431,4,2,2,1067,1996,46,53,3063,99,1113,2049,3162
228459,4,2,2,3729,6885,226,327,10614,553,3955,7212,11167
228501,4,2,2,179,103,8,17,282,25,187,120,307
228529,4,2,2,1282,2391,123,264,3673,387,1405,2655,4060
228547,4,2,2,1463,1682,2823,3403,3145,6226,4286,5085,9371
228644,4,2,2,2,5,0,0,7,0,2,5,7
228653,4,2,2,0,2,0,0,2,0,0,2,2
228699,4,2,2,137,161,151,167,298,318,288,328,616
228705,4,2,2,754,767,45,53,1521,98,799,820,1619
228723,4,2,2,11301,10912,1466,929,22213,2395,12767,11841,24608
228769,4,2,2,2664,3468,370,412,6132,782,3034,3880,6914
228778,4,2,2,7205,10884,137,163,18089,300,7342,11047,18389
228787,4,2,2,3021,2711,268,160,5732,428,3289,2871,6160
228796,4,2,2,2145,2716,527,607,4861,1134,2672,3323,5995
228802,4,2,2,453,807,118,183,1260,301,571,990,1561
228875,4,2,2,1309,2659,5,9,3968,14,1314,2668,3982
229018,4,2,2,373,510,34,48,883,82,407,558,965
229027,4,2,2,3544,4652,766,866,8196,1632,4310,5518,9828
229063,4,2,2,926,1854,99,188,2780,287,1025,2042,3067
229115,4,2,2,5832,6526,229,199,12358,428,6061,6725,12786
229179,4,2,2,126,2039,41,82,2165,123,167,2121,2288
229267,4,2,2,494,653,0,0,1147,0,494,653,1147
229337,4,2,2,0,14,0,0,14,0,0,14,14
229355,4,2,2,1353,1860,727,1193,3213,1920,2080,3053,5133
229504,4,2,2,114,175,84,159,289,243,198,334,532
229780,4,2,2,207,108,7,6,315,13,214,114,328
229799,4,2,2,313,505,230,380,818,610,543,885,1428
229814,4,2,2,806,1179,30,60,1985,90,836,1239,2075
229841,4,2,2,688,804,266,404,1492,670,954,1208,2162
229887,4,2,2,162,145,3,3,307,6,165,148,313
230038,4,2,2,1423,4544,78,222,5967,300,1501,4766,6267
230047,4,2,2,89,323,6,6,412,12,95,329,424
230162,4,2,2,42,30,312,245,72,557,354,275,629
230171,4,2,2,793,1787,419,491,2580,910,1212,2278,3490
230214,4,2,2,2,22,7,29,24,36,9,51,60
230597,4,2,2,706,1202,114,125,1908,239,820,1327,2147
230603,4,2,2,892,2071,120,149,2963,269,1012,2220,3232
230676,4,2,2,5,5,53,19,10,72,58,24,82
230728,4,2,2,1746,3637,340,449,5383,789,2086,4086,6172
230746,4,2,2,836,1107,1167,1453,1943,2620,2003,2560,4563
230764,4,2,2,4186,4575,266,246,8761,512,4452,4821,9273
230782,4,2,2,1058,1846,476,512,2904,988,1534,2358,3892
230807,4,2,2,111,180,2,0,291,2,113,180,293
230816,4,2,2,92,256,1,1,348,2,93,257,350
230834,4,2,2,299,332,12,15,631,27,311,347,658
230852,4,2,2,497,302,16,2,799,18,513,304,817
230861,4,2,2,94,178,215,393,272,608,309,571,880
230913,4,2,2,163,226,10,21,389,31,173,247,420
230959,4,2,2,496,627,0,0,1123,0,496,627,1123
231059,4,2,2,194,247,1,0,441,1,195,247,442
231095,4,2,2,6,6,0,0,12,0,6,6,12
231165,4,2,2,139,67,19,13,206,32,158,80,238
231174,4,2,2,1791,3697,27,25,5488,52,1818,3722,5540
231280,4,2,2,2,23,0,5,25,5,2,28,30
231411,4,2,2,126,6,0,0,132,0,126,6,132
231420,4,2,2,184,108,1,3,292,4,185,111,296
231536,4,2,2,265,291,197,276,556,473,462,567,1029
231581,4,2,2,326,343,2,1,669,3,328,344,672
231624,4,2,2,1356,1894,4,0,3250,4,1360,1894,3254
231697,4,2,2,168,181,171,236,349,407,339,417,756
231712,4,2,2,892,1024,2,1,1916,3,894,1025,1919
231785,4,2,2,92,64,1,13,156,14,93,77,170
231873,4,2,2,70,69,25,29,139,54,95,98,193
231882,4,2,2,167,152,72,101,319,173,239,253,492
232025,4,2,2,278,298,0,1,576,1,278,299,577
232043,4,2,2,129,203,5,0,332,5,134,203,337
232052,4,2,2,27,44,51,48,71,99,78,92,170
232089,4,2,2,187,108,13,11,295,24,200,119,319
232186,4,2,2,3490,3457,172,114,6947,286,3662,3571,7233
232195,4,2,2,492,587,361,580,1079,941,853,1167,2020
232308,4,2,2,0,190,0,0,190,0,0,190,190
232414,4,2,2,365,405,335,430,770,765,700,835,1535
232450,4,2,2,473,521,457,529,994,986,930,1050,1980
232557,4,2,2,2804,4072,220,291,6876,511,3024,4363,7387
232566,4,2,2,370,895,18,13,1265,31,388,908,1296
232575,4,2,2,325,411,218,377,736,595,543,788,1331
232609,4,2,2,231,411,1,4,642,5,232,415,647
232706,4,2,2,212,351,37,21,563,58,249,372,621
232788,4,2,2,145,137,45,58,282,103,190,195,385
232867,4,2,2,372,283,164,144,655,308,536,427,963
232946,4,2,2,3659,3126,3021,2831,6785,5852,6680,5957,12637
232982,4,2,2,2313,2666,111,114,4979,225,2424,2780,5204
233019,4,2,2,259,254,86,56,513,142,345,310,655
233037,4,2,2,74,59,29,51,133,80,103,110,213
233116,4,2,2,214,236,254,353,450,607,468,589,1057
233277,4,2,2,791,1337,5,11,2128,16,796,1348,2144
233286,4,2,2,5,26,0,2,31,2,5,28,33
233295,4,2,2,285,356,4,2,641,6,289,358,647
233310,4,2,2,91,125,106,168,216,274,197,293,490
233338,4,2,2,111,167,311,403,278,714,422,570,992
233374,4,2,2,451,650,3,1,1101,4,454,651,1105
233426,4,2,2,347,451,0,1,798,1,347,452,799
233541,4,2,2,365,493,10,9,858,19,375,502,877
233611,4,2,2,126,223,0,1,349,1,126,224,350
233639,4,2,2,66,167,96,158,233,254,162,325,487
233648,4,2,2,210,236,59,87,446,146,269,323,592
233666,4,2,2,0,6,0,1,6,1,0,7,7
233718,4,2,2,0,233,0,0,233,0,0,233,233
233754,4,2,2,353,370,260,330,723,590,613,700,1313
233772,4,2,2,817,994,808,886,1811,1694,1625,1880,3505
233903,4,2,2,150,142,75,113,292,188,225,255,480
233921,4,2,2,6704,5627,32,17,12331,49,6736,5644,12380
233949,4,2,2,412,418,242,346,830,588,654,764,1418
234030,4,2,2,2392,4858,85,131,7250,216,2477,4989,7466
234076,4,2,2,2961,4173,8,7,7134,15,2969,4180,7149
234119,4,2,2,3,5,0,1,8,1,3,6,9
234155,4,2,2,672,1099,6,11,1771,17,678,1110,1788
234207,4,2,2,388,445,0,2,833,2,388,447,835
234377,4,2,2,127,186,54,121,313,175,181,307,488
234669,4,2,2,785,785,413,457,1570,870,1198,1242,2440
234696,4,2,2,117,54,26,52,171,78,143,106,249
234711,4,2,2,182,200,26,47,382,73,208,247,455
234827,4,2,2,938,1134,34,36,2072,70,972,1170,2142
234845,4,2,2,155,216,43,46,371,89,198,262,460
234924,4,2,2,6,61,0,0,67,0,6,61,67
234933,4,2,2,442,579,225,314,1021,539,667,893,1560
234951,4,2,2,137,135,35,52,272,87,172,187,359
234979,4,2,2,490,609,143,225,1099,368,633,834,1467
235024,4,2,2,66,106,0,1,172,1,66,107,173
235097,4,2,2,862,1279,36,42,2141,78,898,1321,2219
235103,4,2,2,399,382,171,186,781,357,570,568,1138
235149,4,2,2,501,518,244,304,1019,548,745,822,1567
235237,4,2,2,443,680,144,205,1123,349,587,885,1472
235307,4,2,2,0,27,0,0,27,0,0,27,27
235316,4,2,2,1044,1320,2,4,2364,6,1046,1324,2370
235334,4,2,2,119,139,26,45,258,71,145,184,329
235343,4,2,2,500,505,253,273,1005,526,753,778,1531
235431,4,2,2,269,357,150,194,626,344,419,551,970
235671,4,2,2,389,88,29,42,477,71,418,130,548
235699,4,2,2,203,98,61,64,301,125,264,162,426
235750,4,2,2,133,193,57,98,326,155,190,291,481
236072,4,2,2,234,226,101,114,460,215,335,340,675
236188,4,2,2,259,384,121,125,643,246,380,509,889
236258,4,2,2,61,118,25,35,179,60,86,153,239
236328,4,2,2,287,377,1,0,664,1,288,377,665
236382,4,2,2,111,62,64,34,173,98,175,96,271
236452,4,2,2,156,322,0,3,478,3,156,325,481
236504,4,2,2,237,171,168,70,408,238,405,241,646
236513,4,2,2,337,375,124,127,712,251,461,502,963
236577,4,2,2,296,638,3,10,934,13,299,648,947
236595,4,2,2,620,1064,7,21,1684,28,627,1085,1712
236610,4,2,2,287,253,150,141,540,291,437,394,831
236638,4,2,2,271,300,65,84,571,149,336,384,720
236656,4,2,2,239,292,91,146,531,237,330,438,768
236692,4,2,2,323,344,136,120,667,256,459,464,923
236708,4,2,2,343,386,81,106,729,187,424,492,916
236753,4,2,2,353,411,115,182,764,297,468,593,1061
236887,4,2,2,223,209,40,56,432,96,263,265,528
236896,4,2,2,240,205,10,4,445,14,250,209,459
236939,4,2,2,3146,3851,99,134,6997,233,3245,3985,7230
236975,4,2,2,233,321,42,66,554,108,275,387,662
237011,4,2,2,1984,2975,93,114,4959,207,2077,3089,5166
237039,4,2,2,195,221,129,149,416,278,324,370,694
237057,4,2,2,292,371,1,1,663,2,293,372,665
237066,4,2,2,319,477,1,2,796,3,320,479,799
237109,4,2,2,184,385,51,123,569,174,235,508,743
237118,4,2,2,215,110,0,0,325,0,215,110,325
237181,4,2,2,149,128,0,0,277,0,149,128,277
237303,4,2,2,4,7,0,0,11,0,4,7,11
237312,4,2,2,142,187,3,24,329,27,145,211,356
237321,4,2,2,0,15,0,0,15,0,0,15,15
237330,4,2,2,240,299,3,10,539,13,243,309,552
237358,4,2,2,108,163,1,1,271,2,109,164,273
237367,4,2,2,465,530,19,26,995,45,484,556,1040
237385,4,2,2,169,231,16,18,400,34,185,249,434
237525,4,2,2,978,1449,76,101,2427,177,1054,1550,2604
237686,4,2,2,127,176,82,141,303,223,209,317,526
237701,4,2,2,225,305,17,22,530,39,242,327,569
237792,4,2,2,307,500,9,28,807,37,316,528,844
237817,4,2,2,112,259,20,44,371,64,132,303,435
237899,4,2,2,194,261,124,146,455,270,318,407,725
237950,4,2,2,247,176,27,38,423,65,274,214,488
237969,4,2,2,221,232,1,1,453,2,222,233,455
238014,4,2,2,106,118,31,63,224,94,137,181,318
238032,4,2,2,3356,3879,59,57,7235,116,3415,3936,7351
238175,4,2,2,0,14,0,0,14,0,0,14,14
238193,4,2,2,0,203,0,3,203,3,0,206,206
238263,4,2,2,620,522,832,928,1142,1760,1452,1450,2902
238397,4,2,2,93,89,105,168,182,273,198,257,455
238430,4,2,2,55,88,12,38,143,50,67,126,193
238458,4,2,2,382,754,3,7,1136,10,385,761,1146
238722,4,2,2,425,332,577,468,757,1045,1002,800,1802
238759,4,2,2,222,194,459,420,416,879,681,614,1295
239008,4,2,2,90,64,162,116,154,278,252,180,432
239017,4,2,2,284,351,1,1,635,2,285,352,637
239071,4,2,2,85,141,14,17,226,31,99,158,257
239105,4,2,2,1453,1851,31,21,3304,52,1484,1872,3356
239248,4,2,2,591,468,464,658,1059,1122,1055,1126,2181
239309,4,2,2,55,320,0,0,375,0,55,320,375
239318,4,2,2,751,256,3,2,1007,5,754,258,1012
239372,4,2,2,183,162,136,155,345,291,319,317,636
239442,4,2,2,33,49,52,101,82,153,85,150,235
239488,4,2,2,553,418,348,446,971,794,901,864,1765
239512,4,2,2,80,128,0,1,208,1,80,129,209
239716,4,2,2,376,508,2,1,884,3,378,509,887
239877,4,2,2,0,13,0,0,13,0,0,13,13
240107,4,2,2,125,312,1,2,437,3,126,314,440
240170,4,2,2,383,288,109,221,671,330,492,509,1001
240189,4,2,2,1777,1602,51,62,3379,113,1828,1664,3492
240198,4,2,2,172,141,124,123,313,247,296,264,560
240268,4,2,2,1391,2314,43,58,3705,101,1434,2372,3806
240277,4,2,2,649,1130,101,229,1779,330,750,1359,2109
240329,4,2,2,1616,2410,19,28,4026,47,1635,2438,4073
240338,4,2,2,231,264,1,0,495,1,232,264,496
240365,4,2,2,1082,1564,225,283,2646,508,1307,1847,3154
240374,4,2,2,310,430,21,31,740,52,331,461,792
240417,4,2,2,1121,860,33,30,1981,63,1154,890,2044
240426,4,2,2,217,292,13,10,509,23,230,302,532
240444,4,2,2,6834,8784,60,63,15618,123,6894,8847,15741
240453,4,2,2,2322,2966,108,176,5288,284,2430,3142,5572
240462,4,2,2,1378,838,23,18,2216,41,1401,856,2257
240471,4,2,2,492,1120,35,32,1612,67,527,1152,1679
240480,4,2,2,1150,1638,43,79,2788,122,1193,1717,2910
240505,4,2,2,219,325,130,145,544,275,349,470,819
240514,4,2,2,114,158,88,79,272,167,202,237,439
240596,4,2,2,79,162,52,43,241,95,131,205,336
240620,4,2,2,224,335,254,302,559,556,478,637,1115
240657,4,2,2,170,197,31,26,367,57,201,223,424
240666,4,2,2,261,320,94,83,581,177,355,403,758
240727,4,2,2,1112,1386,30,41,2498,71,1142,1427,2569
240745,4,2,2,115,150,49,64,265,113,164,214,378
240790,4,2,2,148,240,33,53,388,86,181,293,474
241182,4,2,2,18,48,0,0,66,0,18,48,66
241191,4,2,2,36,79,4,5,115,9,40,84,124
241225,4,2,2,40,85,7,10,125,17,47,95,142
241331,4,2,2,36,198,1,6,234,7,37,204,241
241377,4,2,2,32,41,0,0,73,0,32,41,73
241386,4,2,2,3,3,0,0,6,0,3,3,6
241395,4,2,2,23,49,1,1,72,2,24,50,74
241410,4,2,2,405,937,7,10,1342,17,412,947,1359
241720,4,2,2,28,37,1,3,65,4,29,40,69
241739,4,2,2,258,587,28,48,845,76,286,635,921
241766,4,2,2,26,17,23,6,43,29,49,23,72
241836,4,2,2,38,44,11,30,82,41,49,74,123
241906,4,2,2,31,71,0,0,102,0,31,71,102
241951,4,2,2,31,136,0,6,167,6,31,142,173
242112,4,2,2,33,61,2,5,94,7,35,66,101
242130,4,2,2,33,37,3,5,70,8,36,42,78
242149,4,2,2,14,26,1,1,40,2,15,27,42
242556,4,2,2,78,48,0,0,126,0,78,48,126
242617,4,2,2,399,488,20,14,887,34,419,502,921
242626,4,2,2,328,556,22,19,884,41,350,575,925
242635,4,2,2,231,367,8,16,598,24,239,383,622
242644,4,2,2,138,189,8,20,327,28,146,209,355
242653,4,2,2,248,395,33,25,643,58,281,420,701
242662,4,2,2,244,423,20,24,667,44,264,447,711
242680,4,2,2,131,204,7,6,335,13,138,210,348
242699,4,2,2,139,243,6,12,382,18,145,255,400
242705,4,2,2,610,544,17,10,1154,27,627,554,1181
243106,4,2,2,358,490,2,3,848,5,360,493,853
243142,4,2,2,370,652,49,100,1022,149,419,752,1171
243179,4,2,2,363,706,5,6,1069,11,368,712,1080
243188,4,2,2,68,61,1,1,129,2,69,62,131
243203,4,2,2,3,10,0,0,13,0,3,10,13
243212,4,2,2,374,404,5,7,778,12,379,411,790
243221,4,2,2,1186,2105,47,73,3291,120,1233,2178,3411
243346,4,2,2,416,669,48,90,1085,138,464,759,1223
243443,4,2,2,368,688,21,35,1056,56,389,723,1112
243577,4,2,2,496,242,145,41,738,186,641,283,924
243586,4,2,2,64,125,2,4,189,6,66,129,195
243601,4,2,2,734,1275,79,102,2009,181,813,1377,2190
243638,4,2,2,265,363,76,118,628,194,341,481,822
243647,4,2,2,55,52,17,13,107,30,72,65,137
243744,4,2,2,1077,1294,30,19,2371,49,1107,1313,2420
243780,4,2,2,9354,7393,94,92,16747,186,9448,7485,16933
243832,4,2,2,9,34,10,17,43,27,19,51,70
243841,4,2,2,8,23,1,0,31,1,9,23,32
244437,4,2,2,1263,1662,594,810,2925,1404,1857,2472,4329
244446,4,2,2,73,61,154,227,134,381,227,288,515
245281,4,2,2,4,2,0,0,6,0,4,2,6
245625,4,2,2,95,143,147,142,238,289,242,285,527
246813,4,2,2,125,116,244,454,241,698,369,570,939
246895,4,2,2,21,36,23,17,57,40,44,53,97
247603,4,2,2,414,316,80,63,730,143,494,379,873
247834,4,2,2,2901,2696,1818,1953,5597,3771,4719,4649,9368
247940,4,2,2,277,306,219,247,583,466,496,553,1049
248925,4,2,2,142,49,67,10,191,77,209,59,268
248934,4,2,2,264,342,1,5,606,6,265,347,612
249238,4,2,2,0,39,1,10,39,11,1,49,50
251260,4,2,2,697,703,153,171,1400,324,850,874,1724
260813,4,2,2,0,2,0,0,2,0,0,2,2
260929,4,2,2,2,46,0,0,48,0,2,46,48
262031,4,2,2,701,883,201,300,1584,501,902,1183,2085
262086,4,2,2,7,13,21,37,20,58,28,50,78
262129,4,2,2,81,193,0,1,274,1,81,194,275
262341,4,2,2,190,24,0,0,214,0,190,24,214
363165,4,2,2,52,26,190,160,78,350,242,186,428
363633,4,2,2,54,44,38,39,98,77,92,83,175
363907,4,2,2,24,10,0,0,34,0,24,10,34
363916,4,2,2,7,22,0,1,29,1,7,23,30
364016,4,2,2,445,408,315,306,853,621,760,714,1474
364025,4,2,2,825,879,664,636,1704,1300,1489,1515,3004
364636,4,2,2,15,21,0,5,36,5,15,26,41
365198,4,2,2,0,6,119,82,6,201,119,88,207
365480,4,2,2,0,1,232,143,1,375,232,144,376
366003,4,2,2,0,1,1,2,1,3,1,3,4
366252,4,2,2,1196,424,9,36,1620,45,1205,460,1665
366395,4,2,2,2485,2443,545,550,4928,1095,3030,2993,6023
366401,4,2,2,654,621,467,455,1275,922,1121,1076,2197
366465,4,2,2,83,93,105,152,176,257,188,245,433
366623,4,2,2,5,12,34,28,17,62,39,40,79
366711,4,2,2,1486,2191,145,159,3677,304,1631,2350,3981
367459,4,2,2,395,512,420,554,907,974,815,1066,1881
368230,4,2,2,0,13,0,1,13,1,0,14,14
368911,4,2,2,30,41,106,195,71,301,136,236,372
372356,4,2,2,3,55,0,0,58,0,3,55,58
374574,4,2,2,26,86,2,16,112,18,28,102,130
375407,4,2,2,0,9,0,0,9,0,0,9,9
375416,4,2,2,2,2,0,0,4,0,2,2,4
375726,4,2,2,85,31,21,26,116,47,106,57,163
375984,4,2,2,0,35,0,3,35,3,0,38,38
376288,4,2,2,2,15,0,0,17,0,2,15,17
376385,4,2,2,16,31,0,0,47,0,16,31,47
376446,4,2,2,0,3,0,6,3,6,0,9,9
376631,4,2,2,0,5,0,1,5,1,0,6,6
377218,4,2,2,27,0,0,0,27,0,27,0,27
377643,4,2,2,0,25,0,0,25,0,0,25,25
377722,4,2,2,2,81,0,0,83,0,2,81,83
379621,4,2,2,0,4,0,1,4,1,0,5,5
380359,4,2,2,13,15,8,14,28,22,21,29,50
382258,4,2,2,0,9,1,10,9,11,1,19,20
383190,4,2,2,137,110,110,132,247,242,247,242,489
383765,4,2,2,2,14,0,5,16,5,2,19,21
383996,4,2,2,14,33,26,23,47,49,40,56,96
384254,4,2,2,72,45,13,8,117,21,85,53,138
384333,4,2,2,544,809,446,655,1353,1101,990,1464,2454
384342,4,2,2,428,457,247,266,885,513,675,723,1398
395362,4,2,2,42,86,52,86,128,138,94,172,266
399212,4,2,2,659,674,670,570,1333,1240,1329,1244,2573
399911,4,2,2,63,115,0,0,178,0,63,115,178
400187,4,2,2,3,34,2,11,37,13,5,45,50
401764,4,2,2,0,14,1,20,14,21,1,34,35
403469,4,2,2,72,51,52,48,123,100,124,99,223
403478,4,2,2,105,99,19,21,204,40,124,120,244
403487,4,2,2,142,134,20,22,276,42,162,156,318
404426,4,2,2,224,200,129,116,424,245,353,316,669
404684,4,2,2,37,87,0,0,124,0,37,87,124
405872,4,2,2,280,255,143,201,535,344,423,456,879
407179,4,2,2,0,12,0,7,12,7,0,19,19
407461,4,2,2,6,1,0,0,7,0,6,1,7
407470,4,2,2,2,26,0,2,28,2,2,28,30
407735,4,2,2,1,26,0,0,27,0,1,26,27
407832,4,2,2,23,3,14,12,26,26,37,15,52
408066,4,2,2,10,32,3,18,42,21,13,50,63
408844,4,2,2,50,60,7,21,110,28,57,81,138
409591,4,2,2,2,7,0,6,9,6,2,13,15
409698,4,2,2,529,908,41,15,1437,56,570,923,1493
412544,4,2,2,0,16,0,8,16,8,0,24,24
413617,4,2,2,3,2,2,11,5,13,5,13,18
414878,4,2,2,2,4,14,14,6,28,16,18,34
414911,4,2,2,131,131,61,101,262,162,192,232,424
415039,4,2,2,1,11,0,2,12,2,1,13,14
416801,4,2,2,1,5,0,0,6,0,1,5,6
417008,4,2,2,1,35,0,0,36,0,1,35,36
417655,4,2,2,0,7,0,0,7,0,0,7,7
417716,4,2,2,1,10,0,0,11,0,1,10,11
417734,4,2,2,0,4,2,4,4,6,2,8,10
417752,4,2,2,0,1,0,0,1,0,0,1,1
417840,4,2,2,3,14,0,0,17,0,3,14,17
417910,4,2,2,2,7,0,0,9,0,2,7,9
418029,4,2,2,0,2,0,0,2,0,0,2,2
418065,4,2,2,6,37,2,2,43,4,8,39,47
418083,4,2,2,0,1,0,0,1,0,0,1,1
418481,4,2,2,0,4,0,0,4,0,0,4,4
418533,4,2,2,3,38,2,0,41,2,5,38,43
418588,4,2,2,1,10,0,0,11,0,1,10,11
420130,4,2,2,1,13,0,0,14,0,1,13,14
420343,4,2,2,346,11,49,4,357,53,395,15,410
420431,4,2,2,18,28,145,123,46,268,163,151,314
420440,4,2,2,109,126,37,63,235,100,146,189,335
420538,4,2,2,113,123,45,50,236,95,158,173,331
420556,4,2,2,61,59,44,60,120,104,105,119,224
421610,4,2,2,1,41,0,2,42,2,1,43,44
421717,4,2,2,0,0,1,0,0,1,1,0,1
423652,4,2,2,13,31,9,19,44,28,22,50,72
426314,4,2,2,51,30,78,31,81,109,129,61,190
428055,4,2,2,12,19,0,0,31,0,12,19,31
430227,4,2,2,0,17,0,3,17,3,0,20,20
430403,4,2,2,0,1,0,0,1,0,0,1,1
430564,4,2,2,1,4,1,1,5,2,2,5,7
430971,4,2,2,0,2,0,0,2,0,0,2,2
431275,4,2,2,2,0,0,0,2,0,2,0,2
431284,4,2,2,0,12,0,2,12,2,0,14,14
433040,4,2,2,0,4,0,0,4,0,0,4,4
433101,4,2,2,12,91,3,23,103,26,15,114,129
433387,4,2,2,348,543,0,0,891,0,348,543,891
433420,4,2,2,32,7,0,0,39,0,32,7,39
433660,4,2,2,1765,2581,310,391,4346,701,2075,2972,5047
434061,4,2,2,503,458,149,171,961,320,652,629,1281
434159,4,2,2,55,9,0,0,64,0,55,9,64
434584,4,2,2,6,3,7,6,9,13,13,9,22
434672,4,2,2,1014,891,632,761,1905,1393,1646,1652,3298
436553,4,2,2,34,174,0,0,208,0,34,174,208
436818,4,2,2,178,198,6,7,376,13,184,205,389
436827,4,2,2,185,113,6,3,298,9,191,116,307
436836,4,2,2,553,492,19,18,1045,37,572,510,1082
437103,4,2,2,467,587,223,307,1054,530,690,894,1584
438586,4,2,2,4,12,4,4,16,8,8,16,24
438708,4,2,2,10,24,13,34,34,47,23,58,81
439190,4,2,2,199,181,66,105,380,171,265,286,551
439367,4,2,2,3,16,0,0,19,0,3,16,19
439844,4,2,2,0,26,0,0,26,0,0,26,26
440101,4,2,2,0,9,0,9,9,9,0,18,18
440271,4,2,2,4,12,0,0,16,0,4,12,16
440828,4,2,2,110,107,34,35,217,69,144,142,286
441371,4,2,2,4,41,0,0,45,0,4,41,45
441690,4,2,2,2,0,0,0,2,0,2,0,2
441760,4,2,2,253,176,193,201,429,394,446,377,823
441900,4,2,2,112,403,100,208,515,308,212,611,823
441937,4,2,2,261,692,27,42,953,69,288,734,1022
442073,4,2,2,31,70,2,10,101,12,33,80,113
442240,4,2,2,8,42,4,13,50,17,12,55,67
442329,4,2,2,352,31,0,0,383,0,352,31,383
442356,4,2,2,8,114,6,56,122,62,14,170,184
442523,4,2,2,5,6,0,0,11,0,5,6,11
442930,4,2,2,36,56,6,2,92,8,42,58,100
443049,4,2,2,1,0,1,0,1,1,2,0,2
443100,4,2,2,4,2,0,0,6,0,4,2,6
443331,4,2,2,7,41,4,13,48,17,11,54,65
443641,4,2,2,2,15,0,16,17,16,2,31,33
444219,4,2,2,583,643,748,834,1226,1582,1331,1477,2808
444282,4,2,2,1,8,0,5,9,5,1,13,14
444291,4,2,2,1,18,0,5,19,5,1,23,24
444307,4,2,2,0,10,0,1,10,1,0,11,11
444468,4,2,2,0,4,0,1,4,1,0,5,5
444486,4,2,2,1,63,0,2,64,2,1,65,66
444556,4,2,2,51,55,0,0,106,0,51,55,106
444565,4,2,2,19,27,8,3,46,11,27,30,57
444583,4,2,2,63,88,0,0,151,0,63,88,151
444671,4,2,2,18,25,0,0,43,0,18,25,43
444787,4,2,2,4,16,0,7,20,7,4,23,27
445027,4,2,2,30,77,7,8,107,15,37,85,122
445133,4,2,2,2,1,0,1,3,1,2,2,4
445188,4,2,2,2099,1963,21,13,4062,34,2120,1976,4096
445212,4,2,2,11,28,1,11,39,12,12,39,51
445267,4,2,2,6,39,81,96,45,177,87,135,222
445498,4,2,2,2,0,0,0,2,0,2,0,2
445708,4,2,2,191,391,2,3,582,5,193,394,587
445911,4,2,2,131,82,21,15,213,36,152,97,249
445948,4,2,2,32,217,0,0,249,0,32,217,249
446206,4,2,2,0,12,0,1,12,1,0,13,13
446233,4,2,2,25,18,0,0,43,0,25,18,43
446288,4,2,2,0,16,0,5,16,5,0,21,21
446774,4,2,2,115,145,144,153,260,297,259,298,557
447148,4,2,2,0,40,0,12,40,12,0,52,52
447166,4,2,2,1,8,1,2,9,3,2,10,12
447175,4,2,2,1,11,0,1,12,1,1,12,13
447582,4,2,2,61,94,37,71,155,108,98,165,263
447689,4,2,2,1121,1543,293,353,2664,646,1414,1896,3310
447759,4,2,2,0,17,0,1,17,1,0,18,18
447999,4,2,2,0,5,0,0,5,0,0,5,5
448026,4,2,2,4,31,0,10,35,10,4,41,45
448196,4,2,2,0,6,0,0,6,0,0,6,6
448220,4,2,2,2,29,0,0,31,0,2,29,31
448248,4,2,2,11,133,394,274,144,668,405,407,812
448594,4,2,2,245,368,216,290,613,506,461,658,1119
448673,4,2,2,4,30,5,16,34,21,9,46,55
448798,4,2,2,0,17,0,0,17,0,0,17,17
449320,4,2,2,238,4,52,1,242,53,290,5,295
449357,4,2,2,0,1,0,0,1,0,0,1,1
449384,4,2,2,46,38,2,2,84,4,48,40,88
449472,4,2,2,0,22,0,0,22,0,0,22,22
449889,4,2,2,1,0,0,0,1,0,1,0,1
449959,4,2,2,4,15,0,9,19,9,4,24,28
449968,4,2,2,3,40,0,6,43,6,3,46,49
449977,4,2,2,0,65,0,5,65,5,0,70,70
449986,4,2,2,6,36,4,3,42,7,10,39,49
449995,4,2,2,0,16,0,9,16,9,0,25,25
450571,4,2,2,1,8,0,4,9,4,1,12,13
450599,4,2,2,0,14,0,0,14,0,0,14,14
450605,4,2,2,1,6,0,0,7,0,1,6,7
450614,4,2,2,2,24,0,5,26,5,2,29,31
450641,4,2,2,3,50,0,14,53,14,3,64,67
450720,4,2,2,1,111,0,95,112,95,1,206,207
450933,4,2,2,31,35,8,5,66,13,39,40,79
451121,4,2,2,1,14,0,14,15,14,1,28,29
451565,4,2,2,0,48,1,1,48,2,1,49,50
451583,4,2,2,27,10,118,68,37,186,145,78,223
451714,4,2,2,3,31,7,6,34,13,10,37,47
451750,4,2,2,121,100,1,8,221,9,122,108,230
451857,4,2,2,0,3,0,0,3,0,0,3,3
451918,4,2,2,2,30,0,0,32,0,2,30,32
452009,4,2,2,1,24,0,0,25,0,1,24,25
453297,4,2,2,0,0,3,6,0,9,3,6,9
454227,4,2,2,6,28,3,26,34,29,9,54,63
454236,4,2,2,2,9,1,5,11,6,3,14,17
454245,4,2,2,4,6,1,4,10,5,5,10,15
454652,4,2,2,1,57,0,0,58,0,1,57,58
454698,4,2,2,25,70,0,0,95,0,25,70,95
454768,4,2,2,1,22,2,6,23,8,3,28,31
454777,4,2,2,1,14,1,5,15,6,2,19,21
454810,4,2,2,81,213,0,0,294,0,81,213,294
454926,4,2,2,0,45,0,7,45,7,0,52,52
454944,4,2,2,7,81,0,0,88,0,7,81,88
455026,4,2,2,0,0,9,0,0,9,9,0,9
455080,4,2,2,4,85,0,0,89,0,4,85,89
455114,4,2,2,415,388,436,465,803,901,851,853,1704
455196,4,2,2,13,91,0,0,104,0,13,91,104
455284,4,2,2,2,59,0,11,61,11,2,70,72
455512,4,2,2,143,206,231,320,349,551,374,526,900
455831,4,2,2,2,6,0,0,8,0,2,6,8
455868,4,2,2,4,43,0,0,47,0,4,43,47
455901,4,2,2,3,22,1,20,25,21,4,42,46
456029,4,2,2,0,32,0,11,32,11,0,43,43
456065,4,2,2,0,32,0,0,32,0,0,32,32
456074,4,2,2,3,55,0,0,58,0,3,55,58
456135,4,2,2,0,10,0,2,10,2,0,12,12
456825,4,2,2,2,33,2,6,35,8,4,39,43
456959,4,2,2,45,240,2,4,285,6,47,244,291
457031,4,2,2,0,21,0,7,21,7,0,28,28
457129,4,2,2,0,4,1,2,4,3,1,6,7
457253,4,2,2,0,3,0,8,3,8,0,11,11
457299,4,2,2,1,5,0,0,6,0,1,5,6
457323,4,2,2,9,94,0,0,103,0,9,94,103
457475,4,2,2,1,47,0,0,48,0,1,47,48
457493,4,2,2,2,13,0,0,15,0,2,13,15
457527,4,2,2,0,0,0,1,0,1,0,1,1
457545,4,2,2,0,26,1,6,26,7,1,32,33
457633,4,2,2,0,24,2,14,24,16,2,38,40
457679,4,2,2,0,8,0,0,8,0,0,8,8
457855,4,2,2,0,15,0,3,15,3,0,18,18
458140,4,2,2,4,0,0,0,4,0,4,0,4
458210,4,2,2,4,26,2,7,30,9,6,33,39
458229,4,2,2,15,28,1,2,43,3,16,30,46
458274,4,2,2,2,40,0,4,42,4,2,44,46
458803,4,2,2,0,16,0,6,16,6,0,22,22
458812,4,2,2,0,22,0,0,22,0,0,22,22
458821,4,2,2,0,25,0,0,25,0,0,25,25
458830,4,2,2,0,33,0,3,33,3,0,36,36
458858,4,2,2,0,22,0,13,22,13,0,35,35
458867,4,2,2,0,36,0,5,36,5,0,41,41
459019,4,2,2,0,26,0,3,26,3,0,29,29
459046,4,2,2,0,11,0,1,11,1,0,12,12
459055,4,2,2,0,6,0,1,6,1,0,7,7
459064,4,2,2,0,13,0,2,13,2,0,15,15
459116,4,2,2,2,25,0,0,27,0,2,25,27
459170,4,2,2,5,37,1,25,42,26,6,62,68
459198,4,2,2,10,44,1,15,54,16,11,59,70
459231,4,2,2,2,38,0,0,40,0,2,38,40
459286,4,2,2,2,28,1,7,30,8,3,35,38
459301,4,2,2,2,16,0,7,18,7,2,23,25
459392,4,2,2,0,41,0,14,41,14,0,55,55
459417,4,2,2,9,5,0,0,14,0,9,5,14
459523,4,2,2,1,4,0,0,5,0,1,4,5
459578,4,2,2,4,11,0,1,15,1,4,12,16
459949,4,2,2,498,938,56,82,1436,138,554,1020,1574
460349,4,2,2,5,11,5,12,16,17,10,23,33
460394,4,2,2,313,373,792,1013,686,1805,1105,1386,2491
460464,4,2,2,478,400,810,806,878,1616,1288,1206,2494
460677,4,2,2,22,36,0,1,58,1,22,37,59
460862,4,2,2,1,21,0,14,22,14,1,35,36
460871,4,2,2,0,2,0,1,2,1,0,3,3
460932,4,2,2,0,17,0,0,17,0,0,17,17
461193,4,2,2,0,74,0,1,74,1,0,75,75
461272,4,2,2,0,12,0,2,12,2,0,14,14
461379,4,2,2,1,0,0,0,1,0,1,0,1
461421,4,2,2,1,53,0,0,54,0,1,53,54
461591,4,2,2,1,24,0,0,25,0,1,24,25
461643,4,2,2,0,1,0,0,1,0,0,1,1
461652,4,2,2,1,18,0,0,19,0,1,18,19
461704,4,2,2,2,35,0,0,37,0,2,35,37
461759,4,2,2,23,25,1,5,48,6,24,30,54
461829,4,2,2,1,11,0,0,12,0,1,11,12
461883,4,2,2,0,1,0,0,1,0,0,1,1
461917,4,2,2,0,48,0,18,48,18,0,66,66
462008,4,2,2,1,42,2,9,43,11,3,51,54
462071,4,2,2,9,35,0,0,44,0,9,35,44
463056,4,2,2,442,394,16,6,836,22,458,400,858
466921,4,2,2,0,2,0,5,2,5,0,7,7
466930,4,2,2,0,8,1,14,8,15,1,22,23
467863,4,2,2,4,53,0,3,57,3,4,56,60
467872,4,2,2,1,55,0,6,56,6,1,61,62
468893,4,2,2,1,29,0,7,30,7,1,36,37
470047,4,2,2,0,3,0,0,3,0,0,3,3
474863,4,2,2,1,10,4,12,11,16,5,22,27
474915,4,2,2,0,100,1,40,100,41,1,140,141
474924,4,2,2,3,19,0,46,22,46,3,65,68
475200,4,2,2,0,0,0,1,0,1,0,1,1
475431,4,2,2,0,2,0,0,2,0,0,2,2
475486,4,2,2,5,34,11,13,39,24,16,47,63
475547,4,2,2,7,16,1,7,23,8,8,23,31
475556,4,2,2,2,32,0,6,34,6,2,38,40
475653,4,2,2,0,2,0,0,2,0,0,2,2
475723,4,2,2,20,25,43,22,45,65,63,47,110
475732,4,2,2,0,3,0,7,3,7,0,10,10
475741,4,2,2,0,4,0,1,4,1,0,5,5
475839,4,2,2,5,13,4,10,18,14,9,23,32
476063,4,2,2,36,3,0,0,39,0,36,3,39
476179,4,2,2,0,24,0,8,24,8,0,32,32
476805,4,2,2,0,11,0,0,11,0,0,11,11
476841,4,2,2,3,36,0,12,39,12,3,48,51
476975,4,2,2,10,20,40,39,30,79,50,59,109
476984,4,2,2,1,44,0,6,45,6,1,50,51
477039,4,2,2,0,11,0,0,11,0,0,11,11
478582,4,2,2,0,11,0,0,11,0,0,11,11
478616,4,2,2,0,17,0,4,17,4,0,21,21
478953,4,2,2,3,63,0,0,66,0,3,63,66
479956,4,2,2,259,435,94,85,694,179,353,520,873
479983,4,2,2,1,24,0,0,25,0,1,24,25
480028,4,2,2,2,0,0,0,2,0,2,0,2
480091,4,2,2,24,149,124,198,173,322,148,347,495
480310,4,2,2,0,11,0,1,11,1,0,12,12
480569,4,2,2,12,17,1,5,29,6,13,22,35
480657,4,2,2,2,3,3,3,5,6,5,6,11
480921,4,2,2,18,2,0,0,20,0,18,2,20
480930,4,2,2,0,7,0,0,7,0,0,7,7
480976,4,2,2,3,21,0,0,24,0,3,21,24
481191,4,2,2,15,35,0,0,50,0,15,35,50
481225,4,2,2,0,2,0,0,2,0,0,2,2
481526,4,2,2,0,14,0,0,14,0,0,14,14
481678,4,2,2,0,12,0,3,12,3,0,15,15
481739,4,2,2,2,9,0,3,11,3,2,12,14
481748,4,2,2,0,27,0,1,27,1,0,28,28
481845,4,2,2,0,8,0,2,8,2,0,10,10
482149,4,2,2,577,1073,50,87,1650,137,627,1160,1787
482158,4,2,2,719,687,132,221,1406,353,851,908,1759
482167,4,2,2,0,4,0,3,4,3,0,7,7
482176,4,2,2,1,44,0,9,45,9,1,53,54
482413,4,2,2,0,2,0,0,2,0,0,2,2
482422,4,2,2,0,1,0,0,1,0,0,1,1
482431,4,2,2,4,6,8,5,10,13,12,11,23
482459,4,2,2,0,0,2,0,0,2,2,0,2
482468,4,2,2,2,1,2,1,3,3,4,2,6
482477,4,2,2,104,74,95,99,178,194,199,173,372
482556,4,2,2,3,0,0,0,3,0,3,0,3
482574,4,2,2,2,0,0,1,2,1,2,1,3
482653,4,2,2,1,1,0,0,2,0,1,1,2
482680,4,2,2,2448,3039,365,497,5487,862,2813,3536,6349
482699,4,2,2,230,371,48,115,601,163,278,486,764
482705,4,2,2,485,576,43,71,1061,114,528,647,1175
482936,4,2,2,618,146,31,15,764,46,649,161,810
483036,4,2,2,20,20,21,24,40,45,41,44,85
483045,4,2,2,170,197,610,650,367,1260,780,847,1627
483054,4,2,2,3,4,0,0,7,0,3,4,7
483124,4,2,2,156,634,514,1542,790,2056,670,2176,2846
483328,4,2,2,2,18,0,1,20,1,2,19,21
483337,4,2,2,2,32,1,5,34,6,3,37,40
483559,4,2,2,2,11,0,2,13,2,2,13,15
483595,4,2,2,29,95,20,91,124,111,49,186,235
483823,4,2,2,62,16,0,0,78,0,62,16,78
483911,4,2,2,0,9,0,0,9,0,0,9,9
484011,4,2,2,1,13,0,3,14,3,1,16,17
484093,4,2,2,0,28,0,7,28,7,0,35,35
484109,4,2,2,0,35,0,0,35,0,0,35,35
484190,4,2,2,1,0,0,0,1,0,1,0,1
484394,4,2,2,0,37,0,10,37,10,0,47,47
484473,4,2,2,597,594,132,185,1191,317,729,779,1508
484613,4,2,2,417,902,0,0,1319,0,417,902,1319
484631,4,2,2,0,1,0,0,1,0,0,1,1
484905,4,2,2,159,301,41,58,460,99,200,359,559
485014,4,2,2,0,15,0,3,15,3,0,18,18
485032,4,2,2,0,23,0,6,23,6,0,29,29
485111,4,2,2,498,538,380,579,1036,959,878,1117,1995
485272,4,2,2,2,6,0,0,8,0,2,6,8
485397,4,2,2,1,23,0,1,24,1,1,24,25
485458,4,2,2,44,51,213,320,95,533,257,371,628
485476,4,2,2,0,14,0,0,14,0,0,14,14
485494,4,2,2,5,1,1,0,6,1,6,1,7
485768,4,2,2,25,9,0,0,34,0,25,9,34
486123,4,2,2,2,4,0,0,6,0,2,4,6
486567,4,2,2,4,67,0,1,71,1,4,68,72
486691,4,2,2,0,8,0,2,8,2,0,10,10
486798,4,2,2,452,45,0,0,497,0,452,45,497
486840,4,2,2,5559,6086,551,728,11645,1279,6110,6814,12924
486877,4,2,2,1,6,0,0,7,0,1,6,7
486886,4,2,2,0,6,0,7,6,7,0,13,13
486938,4,2,2,1,3,1,2,4,3,2,5,7
486947,4,2,2,2,9,1,5,11,6,3,14,17
486956,4,2,2,1,6,1,5,7,6,2,11,13
486983,4,2,2,5,7,0,0,12,0,5,7,12
487010,4,2,2,0,1,0,0,1,0,0,1,1
487092,4,2,2,420,483,0,0,903,0,420,483,903
487162,4,2,2,112,165,256,361,277,617,368,526,894
487348,4,2,2,0,14,0,13,14,13,0,27,27
487524,4,2,2,395,563,6,19,958,25,401,582,983
487676,4,2,2,0,22,2,26,22,28,2,48,50
487773,4,2,2,0,4,0,0,4,0,0,4,4
487922,4,2,2,0,26,0,6,26,6,0,32,32
488013,4,2,2,1,15,0,0,16,0,1,15,16
488077,4,2,2,15,0,9,0,15,9,24,0,24
488271,4,2,2,0,15,0,0,15,0,0,15,15
488305,4,2,2,16,8,1,1,24,2,17,9,26
488989,4,2,2,0,14,0,9,14,9,0,23,23
488998,4,2,2,5,25,0,0,30,0,5,25,30
489140,4,2,2,0,5,2,10,5,12,2,15,17
489201,4,2,2,644,723,586,721,1367,1307,1230,1444,2674
489256,4,2,2,50,0,0,0,50,0,50,0,50
489344,4,2,2,0,2,0,0,2,0,0,2,2
489353,4,2,2,3,3,2,5,6,7,5,8,13
489779,4,2,2,11,13,289,407,24,696,300,420,720
490115,4,2,2,13,3,0,0,16,0,13,3,16
490230,4,2,2,1,1,0,0,2,0,1,1,2
490258,4,2,2,4,30,0,0,34,0,4,30,34
490300,4,2,2,0,14,4,1,14,5,4,15,19
490416,4,2,2,6,0,0,0,6,0,6,0,6
490425,4,2,2,0,35,0,0,35,0,0,35,35
490753,4,2,2,1,0,0,0,1,0,1,0,1
490805,4,2,2,919,887,140,139,1806,279,1059,1026,2085
491136,4,2,2,0,9,0,6,9,6,0,15,15
491145,4,2,2,0,15,0,5,15,5,0,20,20
491534,4,2,2,0,0,0,2,0,2,0,2,2
491598,4,2,2,0,2,0,0,2,0,0,2,2
491826,4,2,2,0,20,0,0,20,0,0,20,20
491835,4,2,2,1,25,0,0,26,0,1,25,26
491941,4,2,2,1,21,0,0,22,0,1,21,22
491978,4,2,2,2,0,2,1,2,3,4,1,5
492476,4,2,2,3,4,0,1,7,1,3,5,8
492759,4,2,2,0,5,0,5,5,5,0,10,10
492801,4,2,2,5,23,5,10,28,15,10,33,43
492962,4,2,2,9,20,17,16,29,33,26,36,62
493451,4,2,2,0,2,0,0,2,0,0,2,2
493655,4,2,2,4,0,0,0,4,0,4,0,4
493804,4,2,2,4,2,0,0,6,0,4,2,6
493831,4,2,2,2,2,0,0,4,0,2,2,4
494278,4,2,2,1,3,4,3,4,7,5,6,11
494287,4,2,2,6,7,1,4,13,5,7,11,18
494472,4,2,2,0,0,0,6,0,6,0,6,6
494898,4,2,2,1,1,0,0,2,0,1,1,2
494959,4,2,2,2,3,7,8,5,15,9,11,20
495077,4,2,2,0,12,0,0,12,0,0,12,12
495101,4,2,2,0,8,0,0,8,0,0,8,8
495271,4,2,2,0,3,1,3,3,4,1,6,7
495350,4,2,2,0,3,0,0,3,0,0,3,3
495369,4,2,2,0,3,0,2,3,2,0,5,5
495411,4,2,2,1,28,0,0,29,0,1,28,29
495518,4,2,2,2,15,0,2,17,2,2,17,19
496052,4,2,2,2,0,0,0,2,0,2,0,2
496618,4,2,2,0,2,0,0,2,0,0,2,2
496636,4,2,2,1,1,0,0,2,0,1,1,2
496733,4,2,2,0,26,0,0,26,0,0,26,26
497000,4,2,2,0,2,0,0,2,0,0,2,2
497037,4,2,2,3,18,3,13,21,16,6,31,37
497046,4,2,2,179,237,393,579,416,972,572,816,1388
497107,4,2,2,0,0,0,8,0,8,0,8,8
497301,4,2,2,1,85,0,34,86,34,1,119,120
497417,4,2,2,0,4,0,0,4,0,0,4,4
497480,4,2,2,0,7,0,0,7,0,0,7,7
497790,4,2,2,34,1,0,0,35,0,34,1,35
498562,4,2,2,1399,2341,85,101,3740,186,1484,2442,3926
498571,4,2,2,1111,1903,50,95,3014,145,1161,1998,3159
100858,4,2,5,1,1,0,0,2,0,1,1,2
102049,4,2,5,0,3,0,0,3,0,0,3,3
104151,4,2,5,0,3,0,0,3,0,0,3,3
104179,4,2,5,1,7,0,0,8,0,1,7,8
104717,4,2,5,0,0,1,0,0,1,1,0,1
105330,4,2,5,0,2,0,0,2,0,0,2,2
106245,4,2,5,0,0,0,1,0,1,0,1,1
106263,4,2,5,0,1,0,0,1,0,0,1,1
106397,4,2,5,0,1,0,0,1,0,0,1,1
108232,4,2,5,0,0,0,1,0,1,0,1,1
110422,4,2,5,1,0,0,0,1,0,1,0,1
110486,4,2,5,0,1,0,0,1,0,0,1,1
110556,4,2,5,0,1,0,0,1,0,0,1,1
110565,4,2,5,0,0,0,1,0,1,0,1,1
110592,4,2,5,0,0,0,1,0,1,0,1,1
110635,4,2,5,0,2,0,0,2,0,0,2,2
110644,4,2,5,1,0,1,0,1,1,2,0,2
110653,4,2,5,2,1,1,0,3,1,3,1,4
110662,4,2,5,2,2,0,0,4,0,2,2,4
110680,4,2,5,3,0,0,0,3,0,3,0,3
110699,4,2,5,0,1,0,0,1,0,0,1,1
110705,4,2,5,1,0,0,0,1,0,1,0,1
111948,4,2,5,2,6,0,0,8,0,2,6,8
115083,4,2,5,0,1,0,0,1,0,0,1,1
120883,4,2,5,5,4,0,0,9,0,5,4,9
122755,4,2,5,0,0,0,1,0,1,0,1,1
123457,4,2,5,0,1,0,0,1,0,0,1,1
123961,4,2,5,3,4,16,10,7,26,19,14,33
125231,4,2,5,1,0,0,0,1,0,1,0,1
126562,4,2,5,2,2,1,5,4,6,3,7,10
126580,4,2,5,0,0,1,0,0,1,1,0,1
126614,4,2,5,0,0,4,1,0,5,4,1,5
126818,4,2,5,0,0,0,1,0,1,0,1,1
126827,4,2,5,0,1,0,0,1,0,0,1,1
127741,4,2,5,0,1,0,0,1,0,0,1,1
129020,4,2,5,0,1,0,0,1,0,0,1,1
129941,4,2,5,4,0,0,0,4,0,4,0,4
130794,4,2,5,1,2,0,0,3,0,1,2,3
131113,4,2,5,0,0,2,0,0,2,2,0,2
131469,4,2,5,0,0,1,0,0,1,1,0,1
131496,4,2,5,0,2,0,0,2,0,0,2,2
131520,4,2,5,1,3,0,1,4,1,1,4,5
132471,4,2,5,0,1,0,0,1,0,0,1,1
132903,4,2,5,0,3,0,1,3,1,0,4,4
133650,4,2,5,1,0,0,0,1,0,1,0,1
133881,4,2,5,0,0,0,1,0,1,0,1,1
134097,4,2,5,1,2,0,0,3,0,1,2,3
134130,4,2,5,1,7,0,0,8,0,1,7,8
135726,4,2,5,1,1,0,1,2,1,1,2,3
136172,4,2,5,1,5,0,1,6,1,1,6,7
136330,4,2,5,0,1,0,0,1,0,0,1,1
137351,4,2,5,0,1,0,0,1,0,0,1,1
137546,4,2,5,0,2,0,1,2,1,0,3,3
139658,4,2,5,0,1,0,0,1,0,0,1,1
139755,4,2,5,2,0,3,0,2,3,5,0,5
139861,4,2,5,0,0,0,1,0,1,0,1,1
139931,4,2,5,0,1,0,0,1,0,0,1,1
139940,4,2,5,1,1,0,0,2,0,1,1,2
139959,4,2,5,0,4,0,0,4,0,0,4,4
140447,4,2,5,0,2,0,0,2,0,0,2,2
140562,4,2,5,0,0,0,1,0,1,0,1,1
141574,4,2,5,0,2,0,0,2,0,0,2,2
142115,4,2,5,0,1,0,0,1,0,0,1,1
142285,4,2,5,2,9,0,0,11,0,2,9,11
143853,4,2,5,0,1,0,0,1,0,0,1,1
144050,4,2,5,3,1,0,0,4,0,3,1,4
144892,4,2,5,0,1,0,0,1,0,0,1,1
145600,4,2,5,1,2,0,0,3,0,1,2,3
145637,4,2,5,2,1,1,1,3,2,3,2,5
146612,4,2,5,1,0,0,0,1,0,1,0,1
147369,4,2,5,0,0,1,0,0,1,1,0,1
148487,4,2,5,0,1,0,0,1,0,0,1,1
148627,4,2,5,0,1,0,0,1,0,0,1,1
149231,4,2,5,0,1,0,0,1,0,0,1,1
150677,4,2,5,0,0,0,1,0,1,0,1,1
151111,4,2,5,0,1,0,0,1,0,0,1,1
151290,4,2,5,0,0,0,1,0,1,0,1,1
151351,4,2,5,3,0,0,0,3,0,3,0,3
153658,4,2,5,0,1,0,0,1,0,0,1,1
154174,4,2,5,0,1,0,0,1,0,0,1,1
154235,4,2,5,0,0,0,1,0,1,0,1,1
155025,4,2,5,0,0,0,1,0,1,0,1,1
155399,4,2,5,1,0,0,0,1,0,1,0,1
156082,4,2,5,0,1,0,0,1,0,0,1,1
157085,4,2,5,1,0,0,0,1,0,1,0,1
157216,4,2,5,1,0,0,0,1,0,1,0,1
157386,4,2,5,0,1,0,0,1,0,0,1,1
157401,4,2,5,0,2,0,0,2,0,0,2,2
157535,4,2,5,1,0,0,0,1,0,1,0,1
157951,4,2,5,0,1,0,0,1,0,0,1,1
159391,4,2,5,1,0,0,0,1,0,1,0,1
159993,4,2,5,0,2,0,0,2,0,0,2,2
160904,4,2,5,0,2,0,0,2,0,0,2,2
161554,4,2,5,0,0,0,1,0,1,0,1,1
163259,4,2,5,2,1,0,0,3,0,2,1,3
163268,4,2,5,1,0,0,0,1,0,1,0,1
163286,4,2,5,3,1,0,0,4,0,3,1,4
163851,4,2,5,0,1,0,0,1,0,0,1,1
164739,4,2,5,2,1,0,1,3,1,2,2,4
165334,4,2,5,0,1,0,0,1,0,0,1,1
166027,4,2,5,0,2,1,1,2,2,1,3,4
166513,4,2,5,0,0,0,1,0,1,0,1,1
166629,4,2,5,1,0,0,1,1,1,1,1,2
166683,4,2,5,1,0,0,0,1,0,1,0,1
167358,4,2,5,0,1,0,0,1,0,0,1,1
167835,4,2,5,0,1,0,0,1,0,0,1,1
168005,4,2,5,0,0,0,1,0,1,0,1,1
169099,4,2,5,0,0,0,1,0,1,0,1,1
169716,4,2,5,0,1,0,0,1,0,0,1,1
170976,4,2,5,1,3,0,1,4,1,1,4,5
171100,4,2,5,0,1,0,0,1,0,0,1,1
172644,4,2,5,0,1,0,0,1,0,0,1,1
172699,4,2,5,0,1,0,0,1,0,0,1,1
174066,4,2,5,2,2,0,1,4,1,2,3,5
174914,4,2,5,0,1,0,0,1,0,0,1,1
176080,4,2,5,0,2,0,0,2,0,0,2,2
178341,4,2,5,0,1,0,0,1,0,0,1,1
178396,4,2,5,1,1,0,0,2,0,1,1,2
178402,4,2,5,2,4,0,0,6,0,2,4,6
178420,4,2,5,1,0,0,0,1,0,1,0,1
178624,4,2,5,0,1,0,0,1,0,0,1,1
179566,4,2,5,0,0,0,1,0,1,0,1,1
179867,4,2,5,0,3,0,0,3,0,0,3,3
180814,4,2,5,0,0,1,0,0,1,1,0,1
181002,4,2,5,0,2,0,0,2,0,0,2,2
182670,4,2,5,0,1,0,0,1,0,0,1,1
183026,4,2,5,1,1,0,0,2,0,1,1,2
183044,4,2,5,1,0,0,0,1,0,1,0,1
184603,4,2,5,0,3,0,0,3,0,0,3,3
184782,4,2,5,1,0,0,0,1,0,1,0,1
186584,4,2,5,2,1,0,0,3,0,2,1,3
187897,4,2,5,0,1,0,0,1,0,0,1,1
187985,4,2,5,1,1,0,0,2,0,1,1,2
188030,4,2,5,0,1,0,0,1,0,0,1,1
188429,4,2,5,0,2,0,0,2,0,0,2,2
190044,4,2,5,1,0,14,14,1,28,15,14,29
190415,4,2,5,2,1,0,0,3,0,2,1,3
191649,4,2,5,1,1,0,0,2,0,1,1,2
192448,4,2,5,0,1,0,0,1,0,0,1,1
192749,4,2,5,0,0,0,3,0,3,0,3,3
193399,4,2,5,0,6,0,13,6,13,0,19,19
193654,4,2,5,1,1,0,0,2,0,1,1,2
193900,4,2,5,1,1,1,0,2,1,2,1,3
193973,4,2,5,1,60,0,3,61,3,1,63,64
194091,4,2,5,0,2,0,0,2,0,0,2,2
195234,4,2,5,1,0,0,0,1,0,1,0,1
195720,4,2,5,0,4,0,0,4,0,0,4,4
196079,4,2,5,0,2,0,1,2,1,0,3,3
196088,4,2,5,4,5,0,0,9,0,4,5,9
196097,4,2,5,2,0,0,0,2,0,2,0,2
196112,4,2,5,1,0,0,0,1,0,1,0,1
196307,4,2,5,1,0,0,0,1,0,1,0,1
196468,4,2,5,0,1,0,0,1,0,0,1,1
197708,4,2,5,0,9,0,1,9,1,0,10,10
197869,4,2,5,1,2,0,0,3,0,1,2,3
198136,4,2,5,2,0,0,0,2,0,2,0,2
198464,4,2,5,0,2,0,0,2,0,0,2,2
198543,4,2,5,0,0,0,1,0,1,0,1,1
198950,4,2,5,0,1,0,0,1,0,0,1,1
199120,4,2,5,3,3,0,1,6,1,3,4,7
199139,4,2,5,0,2,0,0,2,0,0,2,2
199148,4,2,5,1,0,0,0,1,0,1,0,1
199157,4,2,5,0,1,0,0,1,0,0,1,1
199193,4,2,5,0,2,0,0,2,0,0,2,2
199218,4,2,5,1,0,0,0,1,0,1,0,1
199759,4,2,5,1,0,0,0,1,0,1,0,1
200004,4,2,5,0,1,0,0,1,0,0,1,1
200280,4,2,5,0,1,0,0,1,0,0,1,1
200332,4,2,5,2,0,0,0,2,0,2,0,2
201654,4,2,5,1,2,1,0,3,1,2,2,4
201885,4,2,5,2,6,0,0,8,0,2,6,8
201964,4,2,5,0,1,0,0,1,0,0,1,1
203517,4,2,5,0,0,0,1,0,1,0,1,1
204477,4,2,5,1,1,0,0,2,0,1,1,2
204796,4,2,5,1,1,0,0,2,0,1,1,2
204857,4,2,5,2,0,0,0,2,0,2,0,2
206604,4,2,5,1,2,0,0,3,0,1,2,3
206695,4,2,5,0,1,0,0,1,0,0,1,1
207263,4,2,5,0,0,1,0,0,1,1,0,1
207342,4,2,5,0,1,0,0,1,0,0,1,1
207500,4,2,5,2,2,0,0,4,0,2,2,4
209542,4,2,5,1,1,1,0,2,1,2,1,3
209551,4,2,5,0,2,0,0,2,0,0,2,2
209807,4,2,5,1,0,0,0,1,0,1,0,1
211440,4,2,5,2,0,0,0,2,0,2,0,2
212106,4,2,5,1,2,0,0,3,0,1,2,3
212133,4,2,5,0,0,1,1,0,2,1,1,2
213349,4,2,5,0,1,0,0,1,0,0,1,1
214591,4,2,5,1,0,0,0,1,0,1,0,1
214713,4,2,5,0,1,0,0,1,0,0,1,1
214777,4,2,5,5,4,0,0,9,0,5,4,9
215062,4,2,5,2,2,0,0,4,0,2,2,4
215655,4,2,5,0,0,3,3,0,6,3,3,6
216038,4,2,5,0,1,0,0,1,0,0,1,1
216339,4,2,5,1,1,0,0,2,0,1,1,2
217156,4,2,5,1,0,0,0,1,0,1,0,1
217749,4,2,5,0,0,0,1,0,1,0,1,1
217925,4,2,5,0,0,1,1,0,2,1,1,2
218335,4,2,5,0,1,0,0,1,0,0,1,1
218663,4,2,5,1,1,0,0,2,0,1,1,2
220075,4,2,5,0,3,0,0,3,0,0,3,3
220792,4,2,5,0,1,0,0,1,0,0,1,1
221759,4,2,5,1,8,0,0,9,0,1,8,9
221999,4,2,5,1,1,0,0,2,0,1,1,2
224147,4,2,5,1,0,0,0,1,0,1,0,1
225399,4,2,5,0,0,0,1,0,1,0,1,1
225432,4,2,5,0,0,0,1,0,1,0,1,1
225511,4,2,5,2,3,0,1,5,1,2,4,6
227216,4,2,5,0,2,0,0,2,0,0,2,2
227368,4,2,5,2,0,0,0,2,0,2,0,2
227881,4,2,5,0,0,0,1,0,1,0,1,1
228644,4,2,5,1,1,0,0,2,0,1,1,2
228705,4,2,5,0,1,0,0,1,0,0,1,1
228723,4,2,5,3,6,0,0,9,0,3,6,9
228769,4,2,5,0,1,0,0,1,0,0,1,1
228778,4,2,5,3,3,0,0,6,0,3,3,6
228787,4,2,5,0,1,0,0,1,0,0,1,1
228796,4,2,5,0,1,0,1,1,1,0,2,2
228909,4,2,5,1,0,0,0,1,0,1,0,1
229018,4,2,5,0,2,0,0,2,0,0,2,2
229115,4,2,5,1,1,0,0,2,0,1,1,2
229179,4,2,5,0,1,0,2,1,2,0,3,3
229814,4,2,5,0,1,0,1,1,1,0,2,2
230764,4,2,5,0,1,0,0,1,0,0,1,1
231624,4,2,5,1,2,0,0,3,0,1,2,3
232186,4,2,5,0,1,0,0,1,0,0,1,1
232557,4,2,5,2,7,3,0,9,3,5,7,12
232609,4,2,5,0,0,0,1,0,1,0,1,1
233277,4,2,5,0,1,0,0,1,0,0,1,1
233541,4,2,5,1,0,0,0,1,0,1,0,1
234827,4,2,5,1,0,0,0,1,0,1,0,1
235316,4,2,5,0,1,0,0,1,0,0,1,1
235547,4,2,5,0,1,0,0,1,0,0,1,1
240444,4,2,5,2,1,0,0,3,0,2,1,3
240453,4,2,5,0,1,0,0,1,0,0,1,1
240727,4,2,5,0,1,0,0,1,0,0,1,1
242653,4,2,5,0,9,0,0,9,0,0,9,9
242705,4,2,5,5,9,0,0,14,0,5,9,14
243744,4,2,5,3,1,0,0,4,0,3,1,4
243780,4,2,5,1,2,0,0,3,0,1,2,3
423643,4,2,5,1,0,0,0,1,0,1,0,1
433387,4,2,5,1,2,0,0,3,0,1,2,3
433660,4,2,5,1,1,1,6,2,7,2,7,9
449922,4,2,5,1,1,0,0,2,0,1,1,2
454227,4,2,5,0,1,0,1,1,1,0,2,2
456542,4,2,5,1,0,0,0,1,0,1,0,1
459736,4,2,5,0,1,0,0,1,0,0,1,1
479956,4,2,5,0,1,0,2,1,2,0,3,3
480569,4,2,5,0,0,0,1,0,1,0,1,1
482477,4,2,5,0,0,0,1,0,1,0,1,1
483124,4,2,5,1,3,0,0,4,0,1,3,4
484613,4,2,5,1,5,0,0,6,0,1,5,6
486840,4,2,5,0,1,0,0,1,0,0,1,1
489858,4,2,5,2,0,0,0,2,0,2,0,2
495314,4,2,5,1,0,0,0,1,0,1,0,1
496043,4,2,5,0,1,0,0,1,0,0,1,1
100663,5,3,1,1529,2565,111,194,4094,305,1640,2759,4399
100706,5,3,1,1418,945,81,64,2363,145,1499,1009,2508
100751,5,3,1,5077,6632,131,225,11709,356,5208,6857,12065
100760,5,3,1,53,41,41,56,94,97,94,97,191
100812,5,3,1,77,267,41,74,344,115,118,341,459
100830,5,3,1,259,595,67,109,854,176,326,704,1030
100858,5,3,1,4810,5190,348,250,10000,598,5158,5440,10598
100937,5,3,1,214,225,0,1,439,1,214,226,440
101143,5,3,1,112,55,51,38,167,89,163,93,256
101161,5,3,1,223,277,156,299,500,455,379,576,955
101189,5,3,1,160,156,8,9,316,17,168,165,333
101240,5,3,1,169,207,109,205,376,314,278,412,690
101286,5,3,1,86,154,117,219,240,336,203,373,576
101295,5,3,1,196,276,121,324,472,445,317,600,917
101301,5,3,1,47,53,21,40,100,61,68,93,161
101435,5,3,1,194,155,0,0,349,0,194,155,349
101453,5,3,1,5,0,0,1,5,1,5,1,6
101462,5,3,1,17,18,25,31,35,56,42,49,91
101480,5,3,1,853,1257,44,63,2110,107,897,1320,2217
101505,5,3,1,186,223,312,447,409,759,498,670,1168
101514,5,3,1,302,262,398,463,564,861,700,725,1425
101569,5,3,1,87,98,106,177,185,283,193,275,468
101587,5,3,1,142,257,54,78,399,132,196,335,531
101648,5,3,1,58,9,0,0,67,0,58,9,67
101709,5,3,1,255,482,7,20,737,27,262,502,764
101736,5,3,1,81,100,88,190,181,278,169,290,459
101897,5,3,1,51,113,57,121,164,178,108,234,342
101912,5,3,1,174,243,6,7,417,13,180,250,430
101994,5,3,1,20,19,4,11,39,15,24,30,54
102030,5,3,1,81,86,51,106,167,157,132,192,324
102049,5,3,1,538,1179,5,4,1717,9,543,1183,1726
102067,5,3,1,236,166,210,313,402,523,446,479,925
102076,5,3,1,65,80,135,182,145,317,200,262,462
102094,5,3,1,936,1610,93,123,2546,216,1029,1733,2762
102234,5,3,1,180,232,0,6,412,6,180,238,418
102313,5,3,1,78,83,64,95,161,159,142,178,320
102368,5,3,1,886,1369,122,227,2255,349,1008,1596,2604
102377,5,3,1,248,497,8,10,745,18,256,507,763
102395,5,3,1,0,0,1,0,0,1,1,0,1
102429,5,3,1,99,85,87,147,184,234,186,232,418
102553,5,3,1,366,545,222,325,911,547,588,870,1458
102614,5,3,1,308,298,90,176,606,266,398,474,872
102632,5,3,1,37,91,29,49,128,78,66,140,206
103741,5,3,1,1,32,0,14,33,14,1,46,47
104151,5,3,1,11056,11559,587,501,22615,1088,11643,12060,23703
104160,5,3,1,176,183,369,505,359,874,545,688,1233
104179,5,3,1,4846,6604,365,420,11450,785,5211,7024,12235
104346,5,3,1,186,217,261,360,403,621,447,577,1024
104391,5,3,1,1,17,0,0,18,0,1,17,18
104425,5,3,1,121,152,129,155,273,284,250,307,557
104443,5,3,1,0,9,0,4,9,4,0,13,13
104568,5,3,1,0,40,0,35,40,35,0,75,75
104577,5,3,1,95,108,70,107,203,177,165,215,380
104586,5,3,1,784,346,26,5,1130,31,810,351,1161
104708,5,3,1,375,355,693,859,730,1552,1068,1214,2282
104717,5,3,1,3807,5672,670,2055,9479,2725,4477,7727,12204
105145,5,3,1,68,73,184,226,141,410,252,299,551
105154,5,3,1,437,368,801,949,805,1750,1238,1317,2555
105206,5,3,1,43,67,109,250,110,359,152,317,469
105297,5,3,1,28,87,20,56,115,76,48,143,191
105330,5,3,1,2626,4611,123,227,7237,350,2749,4838,7587
105349,5,3,1,15,26,40,78,41,118,55,104,159
105428,5,3,1,151,270,298,581,421,879,449,851,1300
105525,5,3,1,378,366,1023,1220,744,2243,1401,1586,2987
105659,5,3,1,95,14,0,0,109,0,95,14,109
105668,5,3,1,49,52,311,496,101,807,360,548,908
105747,5,3,1,179,178,347,383,357,730,526,561,1087
105792,5,3,1,72,68,171,228,140,399,243,296,539
106148,5,3,1,127,71,124,246,198,370,251,317,568
106245,5,3,1,373,466,98,212,839,310,471,678,1149
106263,5,3,1,24,151,1,7,175,8,25,158,183
106324,5,3,1,0,4,0,4,4,4,0,8,8
106397,5,3,1,3873,4762,246,279,8635,525,4119,5041,9160
106412,5,3,1,262,337,31,34,599,65,293,371,664
106449,5,3,1,78,128,40,85,206,125,118,213,331
106458,5,3,1,819,1247,131,258,2066,389,950,1505,2455
106467,5,3,1,785,965,80,78,1750,158,865,1043,1908
106546,5,3,1,11,115,0,14,126,14,11,129,140
106625,5,3,1,32,64,20,34,96,54,52,98,150
106713,5,3,1,77,65,3,2,142,5,80,67,147
106908,5,3,1,3,75,0,2,78,2,3,77,80
107080,5,3,1,222,241,2,0,463,2,224,241,465
107099,5,3,1,1,14,0,0,15,0,1,14,15
107141,5,3,1,221,310,8,14,531,22,229,324,553
107318,5,3,1,5,18,33,32,23,65,38,50,88
107512,5,3,1,260,381,1,1,641,2,261,382,643
107521,5,3,1,15,8,8,12,23,20,23,20,43
107558,5,3,1,121,157,0,0,278,0,121,157,278
107585,5,3,1,66,74,41,68,140,109,107,142,249
107600,5,3,1,81,93,8,14,174,22,89,107,196
107619,5,3,1,6,12,5,10,18,15,11,22,33
107664,5,3,1,161,262,93,184,423,277,254,446,700
107725,5,3,1,16,33,12,48,49,60,28,81,109
107743,5,3,1,20,25,15,14,45,29,35,39,74
107789,5,3,1,0,27,0,0,27,0,0,27,27
107974,5,3,1,29,43,9,48,72,57,38,91,129
107983,5,3,1,459,539,11,22,998,33,470,561,1031
107992,5,3,1,40,49,15,15,89,30,55,64,119
108092,5,3,1,374,576,69,108,950,177,443,684,1127
108232,5,3,1,181,317,131,238,498,369,312,555,867
108667,5,3,1,67,51,402,412,118,814,469,463,932
108807,5,3,1,259,233,396,509,492,905,655,742,1397
108852,5,3,1,34,36,0,0,70,0,34,36,70
109208,5,3,1,420,373,1486,1407,793,2893,1906,1780,3686
109350,5,3,1,331,308,676,809,639,1485,1007,1117,2124
109785,5,3,1,324,695,5,15,1019,20,329,710,1039
109819,5,3,1,539,650,817,1153,1189,1970,1356,1803,3159
109907,5,3,1,73,90,98,120,163,218,171,210,381
109934,5,3,1,4,57,0,0,61,0,4,57,61
110097,5,3,1,521,879,23,32,1400,55,544,911,1455
110246,5,3,1,420,356,420,473,776,893,840,829,1669
110334,5,3,1,164,174,572,614,338,1186,736,788,1524
110361,5,3,1,926,1597,28,60,2523,88,954,1657,2611
110398,5,3,1,8,15,0,0,23,0,8,15,23
110404,5,3,1,277,190,0,0,467,0,277,190,467
110413,5,3,1,455,599,1,7,1054,8,456,606,1062
110422,5,3,1,4144,4012,215,179,8156,394,4359,4191,8550
110486,5,3,1,683,1494,74,136,2177,210,757,1630,2387
110495,5,3,1,729,1573,94,199,2302,293,823,1772,2595
110510,5,3,1,1401,2672,210,339,4073,549,1611,3011,4622
110529,5,3,1,3679,3261,355,240,6940,595,4034,3501,7535
110538,5,3,1,1756,2434,97,131,4190,228,1853,2565,4418
110547,5,3,1,1005,1820,172,230,2825,402,1177,2050,3227
110556,5,3,1,2313,3658,294,384,5971,678,2607,4042,6649
110565,5,3,1,3872,6219,532,657,10091,1189,4404,6876,11280
110574,5,3,1,798,1354,83,111,2152,194,881,1465,2346
110583,5,3,1,3616,5758,351,492,9374,843,3967,6250,10217
110592,5,3,1,1936,3093,210,301,5029,511,2146,3394,5540
110608,5,3,1,3340,4624,458,517,7964,975,3798,5141,8939
110617,5,3,1,2740,4373,450,598,7113,1048,3190,4971,8161
110635,5,3,1,5885,7074,300,314,12959,614,6185,7388,13573
110644,5,3,1,4828,7597,102,118,12425,220,4930,7715,12645
110653,5,3,1,5449,6659,129,152,12108,281,5578,6811,12389
110662,5,3,1,5834,8896,151,184,14730,335,5985,9080,15065
110671,5,3,1,3735,4341,165,153,8076,318,3900,4494,8394
110680,5,3,1,6466,6856,167,135,13322,302,6633,6991,13624
110699,5,3,1,11,22,0,0,33,0,11,22,33
110705,5,3,1,4434,5678,153,162,10112,315,4587,5840,10427
110714,5,3,1,3363,3063,171,114,6426,285,3534,3177,6711
111188,5,3,1,222,60,6,1,282,7,228,61,289
111434,5,3,1,75,59,399,372,134,771,474,431,905
111461,5,3,1,456,363,693,783,819,1476,1149,1146,2295
111513,5,3,1,1,28,0,9,29,9,1,37,38
111887,5,3,1,741,732,684,772,1473,1456,1425,1504,2929
111896,5,3,1,49,38,105,190,87,295,154,228,382
111920,5,3,1,310,306,626,608,616,1234,936,914,1850
111939,5,3,1,473,604,889,1181,1077,2070,1362,1785,3147
111948,5,3,1,1234,1908,40,86,3142,126,1274,1994,3268
112075,5,3,1,213,300,41,47,513,88,254,347,601
112084,5,3,1,53,37,3,9,90,12,56,46,102
112172,5,3,1,398,434,441,475,832,916,839,909,1748
112251,5,3,1,0,5,0,0,5,0,0,5,5
112260,5,3,1,313,336,1,0,649,1,314,336,650
112367,5,3,1,0,2,2,9,2,11,2,11,13
112385,5,3,1,32,38,314,396,70,710,346,434,780
112561,5,3,1,73,63,55,70,136,125,128,133,261
112686,5,3,1,76,69,105,139,145,244,181,208,389
112826,5,3,1,175,126,267,342,301,609,442,468,910
113096,5,3,1,265,267,843,985,532,1828,1108,1252,2360
113111,5,3,1,106,130,262,300,236,562,368,430,798
113193,5,3,1,311,229,364,417,540,781,675,646,1321
113236,5,3,1,364,431,613,903,795,1516,977,1334,2311
113333,5,3,1,902,656,740,646,1558,1386,1642,1302,2944
113573,5,3,1,323,355,429,558,678,987,752,913,1665
113582,5,3,1,1,13,1,0,14,1,2,13,15
113634,5,3,1,687,578,936,875,1265,1811,1623,1453,3076
113698,5,3,1,109,291,5,6,400,11,114,297,411
113856,5,3,1,459,498,987,1129,957,2116,1446,1627,3073
113980,5,3,1,711,659,1059,1064,1370,2123,1770,1723,3493
114266,5,3,1,192,204,551,600,396,1151,743,804,1547
114354,5,3,1,67,403,23,107,470,130,90,510,600
114433,5,3,1,63,41,20,27,104,47,83,68,151
114716,5,3,1,364,309,534,531,673,1065,898,840,1738
114761,5,3,1,2,6,0,0,8,0,2,6,8
114789,5,3,1,467,525,1011,1295,992,2306,1478,1820,3298
114813,5,3,1,101,190,8,48,291,56,109,238,347
114859,5,3,1,727,634,1022,1248,1361,2270,1749,1882,3631
114938,5,3,1,147,141,170,214,288,384,317,355,672
114947,5,3,1,8,5,0,0,13,0,8,5,13
115001,5,3,1,424,363,331,363,787,694,755,726,1481
115083,5,3,1,6,2,0,1,8,1,6,3,9
115126,5,3,1,324,280,608,689,604,1297,932,969,1901
115393,5,3,1,294,328,360,397,622,757,654,725,1379
115755,5,3,1,464,712,50,74,1176,124,514,786,1300
115861,5,3,1,309,355,337,433,664,770,646,788,1434
116439,5,3,1,413,253,602,482,666,1084,1015,735,1750
116563,5,3,1,0,26,0,0,26,0,0,26,26
116846,5,3,1,0,1,0,0,1,0,0,1,1
117052,5,3,1,176,106,395,435,282,830,571,541,1112
117104,5,3,1,51,54,3,5,105,8,54,59,113
117195,5,3,1,50,50,79,79,100,158,129,129,258
117247,5,3,1,175,106,536,470,281,1006,711,576,1287
117274,5,3,1,34,27,21,20,61,41,55,47,102
117645,5,3,1,693,870,1032,1226,1563,2258,1725,2096,3821
117672,5,3,1,5,0,4,0,5,4,9,0,9
117690,5,3,1,119,151,392,525,270,917,511,676,1187
117706,5,3,1,335,351,855,953,686,1808,1190,1304,2494
117715,5,3,1,45,34,191,307,79,498,236,341,577
117724,5,3,1,220,152,580,375,372,955,800,527,1327
117733,5,3,1,224,218,693,821,442,1514,917,1039,1956
117788,5,3,1,192,222,504,548,414,1052,696,770,1466
117803,5,3,1,0,0,3,7,0,10,3,7,10
117867,5,3,1,126,153,458,560,279,1018,584,713,1297
117894,5,3,1,235,220,499,543,455,1042,734,763,1497
117946,5,3,1,1464,1744,29,24,3208,53,1493,1768,3261
118347,5,3,1,146,117,207,191,263,398,353,308,661
118684,5,3,1,54,66,76,135,120,211,130,201,331
118718,5,3,1,344,489,346,476,833,822,690,965,1655
118772,5,3,1,48,55,307,352,103,659,355,407,762
118930,5,3,1,125,105,343,308,230,651,468,413,881
118976,5,3,1,629,813,529,738,1442,1267,1158,1551,2709
119058,5,3,1,1,2,0,1,3,1,1,3,4
119067,5,3,1,194,203,210,267,397,477,404,470,874
119137,5,3,1,399,372,818,832,771,1650,1217,1204,2421
119164,5,3,1,897,866,1480,1566,1763,3046,2377,2432,4809
119216,5,3,1,447,570,668,860,1017,1528,1115,1430,2545
119331,5,3,1,150,117,192,280,267,472,342,397,739
120166,5,3,1,6,1,0,0,7,0,6,1,7
120184,5,3,1,1,5,0,3,6,3,1,8,9
120254,5,3,1,352,481,5,7,833,12,357,488,845
120290,5,3,1,289,206,378,371,495,749,667,577,1244
120342,5,3,1,713,611,1122,1043,1324,2165,1835,1654,3489
120403,5,3,1,125,296,2,4,421,6,127,300,427
120421,5,3,1,132,144,466,483,276,949,598,627,1225
120865,5,3,1,95,138,2,6,233,8,97,144,241
120883,5,3,1,638,749,8,18,1387,26,646,767,1413
120953,5,3,1,13,26,37,31,39,68,50,57,107
120971,5,3,1,542,489,1046,973,1031,2019,1588,1462,3050
121044,5,3,1,820,664,1157,1265,1484,2422,1977,1929,3906
121150,5,3,1,600,789,21,49,1389,70,621,838,1459
121275,5,3,1,6,3,0,0,9,0,6,3,9
121309,5,3,1,344,742,14,20,1086,34,358,762,1120
121363,5,3,1,104,114,133,207,218,340,237,321,558
121619,5,3,1,349,320,974,938,669,1912,1323,1258,2581
121707,5,3,1,103,83,93,112,186,205,196,195,391
121886,5,3,1,324,326,910,756,650,1666,1234,1082,2316
121901,5,3,1,448,450,1208,1641,898,2849,1656,2091,3747
122180,5,3,1,357,417,948,1235,774,2183,1305,1652,2957
122205,5,3,1,567,422,1056,1049,989,2105,1623,1471,3094
122296,5,3,1,6,13,0,2,19,2,6,15,21
122339,5,3,1,119,151,702,860,270,1562,821,1011,1832
122375,5,3,1,358,352,1162,1308,710,2470,1520,1660,3180
122384,5,3,1,159,92,816,850,251,1666,975,942,1917
122409,5,3,1,4194,6288,356,453,10482,809,4550,6741,11291
122436,5,3,1,1005,1424,9,23,2429,32,1014,1447,2461
122597,5,3,1,2005,3204,320,401,5209,721,2325,3605,5930
122612,5,3,1,744,1350,16,34,2094,50,760,1384,2144
122658,5,3,1,641,742,569,781,1383,1350,1210,1523,2733
122728,5,3,1,130,187,7,14,317,21,137,201,338
122746,5,3,1,121,128,386,482,249,868,507,610,1117
122755,5,3,1,3417,3637,505,416,7054,921,3922,4053,7975
122791,5,3,1,192,132,566,465,324,1031,758,597,1355
122889,5,3,1,624,620,519,578,1244,1097,1143,1198,2341
122931,5,3,1,1408,1296,23,15,2704,38,1431,1311,2742
122977,5,3,1,885,954,1111,1344,1839,2455,1996,2298,4294
123013,5,3,1,472,451,726,817,923,1543,1198,1268,2466
123165,5,3,1,0,495,0,0,495,0,0,495,495
123217,5,3,1,410,487,607,726,897,1333,1017,1213,2230
123341,5,3,1,513,444,712,838,957,1550,1225,1282,2507
123457,5,3,1,76,94,0,5,170,5,76,99,175
123484,5,3,1,53,33,26,23,86,49,79,56,135
123509,5,3,1,172,167,555,476,339,1031,727,643,1370
123563,5,3,1,194,253,407,523,447,930,601,776,1377
123572,5,3,1,584,1258,63,89,1842,152,647,1347,1994
123800,5,3,1,623,698,847,1009,1321,1856,1470,1707,3177
123952,5,3,1,43,29,0,1,72,1,43,30,73
123961,5,3,1,4623,5376,134,130,9999,264,4757,5506,10263
124113,5,3,1,53,97,161,157,150,318,214,254,468
124487,5,3,1,0,0,2,0,0,2,2,0,2
125028,5,3,1,294,288,646,752,582,1398,940,1040,1980
125231,5,3,1,2,57,37,129,59,166,39,186,225
125462,5,3,1,52,22,110,138,74,248,162,160,322
125471,5,3,1,127,131,382,419,258,801,509,550,1059
125499,5,3,1,240,180,380,346,420,726,620,526,1146
125763,5,3,1,194,303,2,5,497,7,196,308,504
125897,5,3,1,123,150,2,4,273,6,125,154,279
126119,5,3,1,120,112,217,350,232,567,337,462,799
126182,5,3,1,165,174,10,15,339,25,175,189,364
126207,5,3,1,193,194,214,310,387,524,407,504,911
126289,5,3,1,144,151,283,329,295,612,427,480,907
126562,5,3,1,1112,1638,219,247,2750,466,1331,1885,3216
126580,5,3,1,971,1296,156,185,2267,341,1127,1481,2608
126614,5,3,1,6296,5845,327,231,12141,558,6623,6076,12699
126711,5,3,1,144,120,97,129,264,226,241,249,490
126748,5,3,1,32,28,11,16,60,27,43,44,87
126775,5,3,1,1434,686,50,26,2120,76,1484,712,2196
126818,5,3,1,3706,4935,349,417,8641,766,4055,5352,9407
126827,5,3,1,125,370,88,252,495,340,213,622,835
126863,5,3,1,92,81,163,231,173,394,255,312,567
126915,5,3,1,3,9,2,6,12,8,5,15,20
126942,5,3,1,128,210,237,384,338,621,365,594,959
126951,5,3,1,216,23,0,0,239,0,216,23,239
127185,5,3,1,404,491,27,23,895,50,431,514,945
127200,5,3,1,396,372,652,869,768,1521,1048,1241,2289
127316,5,3,1,3,14,6,33,17,39,9,47,56
127389,5,3,1,33,27,10,13,60,23,43,40,83
127556,5,3,1,950,1187,119,119,2137,238,1069,1306,2375
127565,5,3,1,1011,1362,360,470,2373,830,1371,1832,3203
127617,5,3,1,16,17,26,41,33,67,42,58,100
127653,5,3,1,13,41,0,2,54,2,13,43,56
127714,5,3,1,0,1,6,5,1,11,6,6,12
127732,5,3,1,83,51,14,18,134,32,97,69,166
127741,5,3,1,680,1425,45,68,2105,113,725,1493,2218
127778,5,3,1,62,46,8,19,108,27,70,65,135
127820,5,3,1,262,380,417,570,642,987,679,950,1629
127884,5,3,1,79,123,100,174,202,274,179,297,476
127909,5,3,1,143,132,278,268,275,546,421,400,821
127918,5,3,1,206,469,7,19,675,26,213,488,701
128106,5,3,1,315,389,99,67,704,166,414,456,870
128258,5,3,1,64,44,25,35,108,60,89,79,168
128337,5,3,1,0,11,0,11,11,11,0,22,22
128498,5,3,1,101,128,0,1,229,1,101,129,230
128577,5,3,1,35,28,50,65,63,115,85,93,178
128744,5,3,1,182,281,5,9,463,14,187,290,477
128771,5,3,1,1115,999,104,106,2114,210,1219,1105,2324
128780,5,3,1,9,25,9,17,34,26,18,42,60
128902,5,3,1,303,461,3,4,764,7,306,465,771
129020,5,3,1,4026,4386,85,76,8412,161,4111,4462,8573
129154,5,3,1,16,33,22,132,49,154,38,165,203
129181,5,3,1,180,24,24,5,204,29,204,29,233
129215,5,3,1,522,772,22,24,1294,46,544,796,1340
129242,5,3,1,865,1181,9,10,2046,19,874,1191,2065
129349,5,3,1,1,21,0,5,22,5,1,26,27
129367,5,3,1,38,65,78,134,103,212,116,199,315
129525,5,3,1,643,817,26,22,1460,48,669,839,1508
129543,5,3,1,97,123,164,204,220,368,261,327,588
129695,5,3,1,143,154,243,255,297,498,386,409,795
129729,5,3,1,163,160,255,282,323,537,418,442,860
129756,5,3,1,70,52,75,117,122,192,145,169,314
129774,5,3,1,101,74,9,6,175,15,110,80,190
129808,5,3,1,78,87,111,186,165,297,189,273,462
129923,5,3,1,39,70,30,16,109,46,69,86,155
129941,5,3,1,867,1139,26,31,2006,57,893,1170,2063
130004,5,3,1,135,154,223,273,289,496,358,427,785
130040,5,3,1,32,33,44,73,65,117,76,106,182
130183,5,3,1,202,291,83,314,493,397,285,605,890
130217,5,3,1,29,39,47,72,68,119,76,111,187
130226,5,3,1,1049,1757,10,8,2806,18,1059,1765,2824
130253,5,3,1,939,1910,22,39,2849,61,961,1949,2910
130314,5,3,1,89,231,3,1,320,4,92,232,324
130396,5,3,1,176,183,273,392,359,665,449,575,1024
130590,5,3,1,519,496,7,2,1015,9,526,498,1024
130606,5,3,1,150,162,194,189,312,383,344,351,695
130624,5,3,1,290,186,0,0,476,0,290,186,476
130697,5,3,1,555,728,1,6,1283,7,556,734,1290
130776,5,3,1,539,628,63,47,1167,110,602,675,1277
130794,5,3,1,1496,1530,2,0,3026,2,1498,1530,3028
130934,5,3,1,484,954,40,50,1438,90,524,1004,1528
130943,5,3,1,3143,4474,136,159,7617,295,3279,4633,7912
130989,5,3,1,116,98,3,3,214,6,119,101,220
131113,5,3,1,259,337,156,203,596,359,415,540,955
131399,5,3,1,119,145,67,103,264,170,186,248,434
131450,5,3,1,109,131,1,2,240,3,110,133,243
131469,5,3,1,1485,2751,22,50,4236,72,1507,2801,4308
131496,5,3,1,1492,2061,33,52,3553,85,1525,2113,3638
131520,5,3,1,819,1999,25,45,2818,70,844,2044,2888
132471,5,3,1,238,490,9,22,728,31,247,512,759
132693,5,3,1,383,383,512,656,766,1168,895,1039,1934
132709,5,3,1,743,771,1732,2259,1514,3991,2475,3030,5505
132842,5,3,1,0,11,1,6,11,7,1,17,18
132851,5,3,1,140,218,209,370,358,579,349,588,937
132879,5,3,1,43,19,0,0,62,0,43,19,62
132903,5,3,1,7469,9685,1751,2221,17154,3972,9220,11906,21126
133021,5,3,1,74,80,43,66,154,109,117,146,263
133386,5,3,1,384,401,395,617,785,1012,779,1018,1797
133492,5,3,1,260,565,6,19,825,25,266,584,850
133508,5,3,1,356,477,615,1072,833,1687,971,1549,2520
133553,5,3,1,1738,655,54,16,2393,70,1792,671,2463
133650,5,3,1,760,1675,50,163,2435,213,810,1838,2648
133702,5,3,1,387,569,770,1236,956,2006,1157,1805,2962
133711,5,3,1,282,581,0,8,863,8,282,589,871
133809,5,3,1,85,102,1,3,187,4,86,105,191
133872,5,3,1,11,68,11,90,79,101,22,158,180
133881,5,3,1,728,386,70,63,1114,133,798,449,1247
133960,5,3,1,42,32,40,43,74,83,82,75,157
134097,5,3,1,5842,8165,498,684,14007,1182,6340,8849,15189
134130,5,3,1,6190,8562,496,645,14752,1141,6686,9207,15893
134343,5,3,1,121,183,140,232,304,372,261,415,676
134495,5,3,1,893,882,1025,1476,1775,2501,1918,2358,4276
134608,5,3,1,349,386,583,926,735,1509,932,1312,2244
135160,5,3,1,61,98,69,147,159,216,130,245,375
135188,5,3,1,94,128,205,283,222,488,299,411,710
135391,5,3,1,290,333,372,588,623,960,662,921,1583
135407,5,3,1,151,97,5,1,248,6,156,98,254
135610,5,3,1,0,0,2,0,0,2,2,0,2
135717,5,3,1,1660,1882,2459,2944,3542,5403,4119,4826,8945
135726,5,3,1,2481,2881,42,33,5362,75,2523,2914,5437
136109,5,3,1,1,15,0,8,16,8,1,23,24
136145,5,3,1,15,29,26,48,44,74,41,77,118
136172,5,3,1,1251,1596,458,572,2847,1030,1709,2168,3877
136233,5,3,1,131,161,110,160,292,270,241,321,562
136330,5,3,1,310,536,5,14,846,19,315,550,865
136358,5,3,1,714,730,1316,1815,1444,3131,2030,2545,4575
136400,5,3,1,225,273,437,583,498,1020,662,856,1518
136473,5,3,1,209,304,230,441,513,671,439,745,1184
136516,5,3,1,194,296,319,584,490,903,513,880,1393
136659,5,3,1,50,9,9,5,59,14,59,14,73
136701,5,3,1,1,0,0,0,1,0,1,0,1
136950,5,3,1,412,587,7,2,999,9,419,589,1008
137078,5,3,1,512,570,826,1320,1082,2146,1338,1890,3228
137096,5,3,1,590,527,777,885,1117,1662,1367,1412,2779
137209,5,3,1,432,427,717,880,859,1597,1149,1307,2456
137281,5,3,1,115,145,219,362,260,581,334,507,841
137351,5,3,1,4865,7042,717,868,11907,1585,5582,7910,13492
137546,5,3,1,500,682,16,16,1182,32,516,698,1214
137564,5,3,1,619,971,56,63,1590,119,675,1034,1709
137591,5,3,1,3,23,1,7,26,8,4,30,34
137759,5,3,1,689,626,606,749,1315,1355,1295,1375,2670
138187,5,3,1,1397,1586,2462,3280,2983,5742,3859,4866,8725
138275,5,3,1,123,108,2,3,231,5,125,111,236
138309,5,3,1,43,224,31,216,267,247,74,440,514
138354,5,3,1,921,1257,161,197,2178,358,1082,1454,2536
138558,5,3,1,321,410,66,154,731,220,387,564,951
138600,5,3,1,0,416,0,0,416,0,0,416,416
138682,5,3,1,46,71,44,102,117,146,90,173,263
138716,5,3,1,362,868,84,215,1230,299,446,1083,1529
138761,5,3,1,25,17,1,3,42,4,26,20,46
138840,5,3,1,53,57,88,128,110,216,141,185,326
138929,5,3,1,1,4,1,0,5,1,2,4,6
138938,5,3,1,0,24,0,4,24,4,0,28,28
138947,5,3,1,241,778,13,23,1019,36,254,801,1055
138956,5,3,1,116,129,186,179,245,365,302,308,610
139144,5,3,1,328,600,2,4,928,6,330,604,934
139199,5,3,1,11,186,2,16,197,18,13,202,215
139205,5,3,1,111,75,2,3,186,5,113,78,191
139250,5,3,1,135,300,66,134,435,200,201,434,635
139278,5,3,1,112,171,199,403,283,602,311,574,885
139311,5,3,1,235,531,72,137,766,209,307,668,975
139357,5,3,1,47,93,92,207,140,299,139,300,439
139366,5,3,1,512,818,112,167,1330,279,624,985,1609
139384,5,3,1,110,150,199,265,260,464,309,415,724
139393,5,3,1,159,176,0,3,335,3,159,179,338
139463,5,3,1,308,480,138,274,788,412,446,754,1200
139506,5,3,1,5,6,0,0,11,0,5,6,11
139621,5,3,1,137,119,40,58,256,98,177,177,354
139658,5,3,1,1539,2148,9,16,3687,25,1548,2164,3712
139700,5,3,1,197,196,215,403,393,618,412,599,1011
139719,5,3,1,270,447,21,43,717,64,291,490,781
139755,5,3,1,4277,2817,330,226,7094,556,4607,3043,7650
139764,5,3,1,182,288,35,49,470,84,217,337,554
139861,5,3,1,667,1298,67,126,1965,193,734,1424,2158
139931,5,3,1,2656,3849,334,434,6505,768,2990,4283,7273
139940,5,3,1,2719,4461,659,945,7180,1604,3378,5406,8784
139959,5,3,1,5648,8154,270,355,13802,625,5918,8509,14427
139986,5,3,1,83,133,136,255,216,391,219,388,607
140012,5,3,1,219,141,445,491,360,936,664,632,1296
140234,5,3,1,109,85,1,1,194,2,110,86,196
140243,5,3,1,132,145,293,346,277,639,425,491,916
140252,5,3,1,180,152,8,9,332,17,188,161,349
140331,5,3,1,263,292,466,482,555,948,729,774,1503
140447,5,3,1,650,872,15,35,1522,50,665,907,1572
140562,5,3,1,2,7,2,9,9,11,4,16,20
140678,5,3,1,79,85,98,143,164,241,177,228,405
140696,5,3,1,197,350,0,2,547,2,197,352,549
140720,5,3,1,28,35,3,3,63,6,31,38,69
140818,5,3,1,134,230,1,3,364,4,135,233,368
140942,5,3,1,82,93,112,196,175,308,194,289,483
140951,5,3,1,1221,3009,149,432,4230,581,1370,3441,4811
140960,5,3,1,323,469,25,47,792,72,348,516,864
140988,5,3,1,192,210,2,14,402,16,194,224,418
141006,5,3,1,117,63,62,68,180,130,179,131,310
141060,5,3,1,0,931,7,39,931,46,7,970,977
141255,5,3,1,50,110,114,190,160,304,164,300,464
141264,5,3,1,698,1490,113,287,2188,400,811,1777,2588
141334,5,3,1,728,1444,152,278,2172,430,880,1722,2602
141565,5,3,1,209,388,30,67,597,97,239,455,694
141574,5,3,1,1362,2346,195,336,3708,531,1557,2682,4239
141644,5,3,1,208,542,28,49,750,77,236,591,827
141680,5,3,1,97,52,180,164,149,344,277,216,493
141796,5,3,1,115,213,270,525,328,795,385,738,1123
141802,5,3,1,16,18,48,105,34,153,64,123,187
141811,5,3,1,164,176,273,445,340,718,437,621,1058
141839,5,3,1,38,71,76,142,109,218,114,213,327
141981,5,3,1,114,255,33,84,369,117,147,339,486
141990,5,3,1,21,48,84,140,69,224,105,188,293
142115,5,3,1,1972,2673,213,277,4645,490,2185,2950,5135
142179,5,3,1,58,69,28,74,127,102,86,143,229
142276,5,3,1,583,957,69,112,1540,181,652,1069,1721
142285,5,3,1,1145,1407,47,47,2552,94,1192,1454,2646
142407,5,3,1,0,9,0,0,9,0,0,9,9
142443,5,3,1,140,132,81,161,272,242,221,293,514
142461,5,3,1,189,229,7,7,418,14,196,236,432
142522,5,3,1,1900,2353,1011,1472,4253,2483,2911,3825,6736
142559,5,3,1,160,181,104,240,341,344,264,421,685
142832,5,3,1,1,14,1,1,15,2,2,15,17
142887,5,3,1,14,21,3,3,35,6,17,24,41
143118,5,3,1,484,989,19,34,1473,53,503,1023,1526
143215,5,3,1,255,288,323,364,543,687,578,652,1230
143279,5,3,1,110,130,90,177,240,267,200,307,507
143288,5,3,1,53,82,0,2,135,2,53,84,137
143358,5,3,1,880,903,16,10,1783,26,896,913,1809
143376,5,3,1,1,31,0,10,32,10,1,41,42
143613,5,3,1,62,80,24,71,142,95,86,151,237
143853,5,3,1,12,50,0,0,62,0,12,50,62
144050,5,3,1,1912,1751,6,5,3663,11,1918,1756,3674
144157,5,3,1,57,40,49,38,97,87,106,78,184
144166,5,3,1,133,299,151,600,432,751,284,899,1183
144175,5,3,1,49,54,50,53,103,103,99,107,206
144184,5,3,1,100,124,161,164,224,325,261,288,549
144193,5,3,1,145,75,173,165,220,338,318,240,558
144209,5,3,1,223,294,230,330,517,560,453,624,1077
144218,5,3,1,275,230,349,393,505,742,624,623,1247
144351,5,3,1,178,191,7,9,369,16,185,200,385
144564,5,3,1,48,52,30,44,100,74,78,96,174
144740,5,3,1,2318,2926,38,77,5244,115,2356,3003,5359
144865,5,3,1,818,726,1111,1107,1544,2218,1929,1833,3762
144883,5,3,1,76,94,0,0,170,0,76,94,170
144892,5,3,1,639,1015,11,26,1654,37,650,1041,1691
144944,5,3,1,308,271,535,584,579,1119,843,855,1698
144962,5,3,1,380,709,6,6,1089,12,386,715,1101
144971,5,3,1,118,85,2,2,203,4,120,87,207
145099,5,3,1,4,71,0,0,75,0,4,71,75
145336,5,3,1,157,271,18,40,428,58,175,311,486
145372,5,3,1,173,127,3,5,300,8,176,132,308
145521,5,3,1,44,49,21,27,93,48,65,76,141
145558,5,3,1,5,17,0,0,22,0,5,17,22
145600,5,3,1,3475,4357,196,200,7832,396,3671,4557,8228
145619,5,3,1,324,288,9,11,612,20,333,299,632
145637,5,3,1,8276,7340,330,173,15616,503,8606,7513,16119
145682,5,3,1,208,190,237,380,398,617,445,570,1015
145691,5,3,1,208,247,1,3,455,4,209,250,459
145707,5,3,1,34,33,7,23,67,30,41,56,97
145813,5,3,1,3126,4512,143,167,7638,310,3269,4679,7948
145831,5,3,1,107,85,63,117,192,180,170,202,372
146205,5,3,1,142,155,90,90,297,180,232,245,477
146278,5,3,1,54,86,44,57,140,101,98,143,241
146296,5,3,1,382,419,618,741,801,1359,1000,1160,2160
146339,5,3,1,121,116,1,1,237,2,122,117,239
146348,5,3,1,97,105,90,141,202,231,187,246,433
146366,5,3,1,84,132,52,98,216,150,136,230,366
146418,5,3,1,104,95,87,124,199,211,191,219,410
146427,5,3,1,182,302,0,0,484,0,182,302,484
146472,5,3,1,454,379,665,792,833,1457,1119,1171,2290
146481,5,3,1,276,469,7,5,745,12,283,474,757
146506,5,3,1,163,187,64,103,350,167,227,290,517
146533,5,3,1,3,10,0,1,13,1,3,11,14
146603,5,3,1,143,141,112,172,284,284,255,313,568
146612,5,3,1,607,596,45,44,1203,89,652,640,1292
146685,5,3,1,152,147,197,283,299,480,349,430,779
146700,5,3,1,265,75,0,0,340,0,265,75,340
146719,5,3,1,1434,3017,23,43,4451,66,1457,3060,4517
147004,5,3,1,227,212,305,354,439,659,532,566,1098
147013,5,3,1,271,252,4,6,523,10,275,258,533
147129,5,3,1,0,23,1,17,23,18,1,40,41
147244,5,3,1,295,379,6,6,674,12,301,385,686
147369,5,3,1,225,270,15,18,495,33,240,288,528
147378,5,3,1,381,382,497,506,763,1003,878,888,1766
147411,5,3,1,139,134,152,230,273,382,291,364,655
147536,5,3,1,268,513,56,102,781,158,324,615,939
147590,5,3,1,2,2,0,0,4,0,2,2,4
147660,5,3,1,446,528,3,7,974,10,449,535,984
147679,5,3,1,251,349,8,14,600,22,259,363,622
147776,5,3,1,217,366,59,80,583,139,276,446,722
147800,5,3,1,249,208,432,419,457,851,681,627,1308
147828,5,3,1,424,550,5,5,974,10,429,555,984
147916,5,3,1,298,225,233,347,523,580,531,572,1103
148007,5,3,1,106,125,112,180,231,292,218,305,523
148131,5,3,1,178,190,0,3,368,3,178,193,371
148256,5,3,1,89,92,26,40,181,66,115,132,247
148292,5,3,1,39,38,53,95,77,148,92,133,225
148380,5,3,1,218,221,256,385,439,641,474,606,1080
148487,5,3,1,306,436,10,10,742,20,316,446,762
148511,5,3,1,1,11,0,1,12,1,1,12,13
148575,5,3,1,9,81,1,4,90,5,10,85,95
148627,5,3,1,399,705,11,26,1104,37,410,731,1141
148654,5,3,1,307,378,31,46,685,77,338,424,762
148672,5,3,1,57,67,39,71,124,110,96,138,234
148821,5,3,1,33,45,21,37,78,58,54,82,136
148876,5,3,1,13,32,4,6,45,10,17,38,55
148937,5,3,1,53,41,19,21,94,40,72,62,134
148991,5,3,1,47,41,36,39,88,75,83,80,163
149222,5,3,1,1153,1278,80,68,2431,148,1233,1346,2579
149231,5,3,1,1269,1739,119,152,3008,271,1388,1891,3279
149310,5,3,1,7,11,0,0,18,0,7,11,18
149365,5,3,1,75,106,102,154,181,256,177,260,437
149532,5,3,1,278,291,389,396,569,785,667,687,1354
149727,5,3,1,260,246,388,439,506,827,648,685,1333
149772,5,3,1,723,967,40,48,1690,88,763,1015,1778
149781,5,3,1,424,535,8,26,959,34,432,561,993
149842,5,3,1,379,315,611,686,694,1297,990,1001,1991
150136,5,3,1,2017,3214,83,123,5231,206,2100,3337,5437
150163,5,3,1,725,1161,9,6,1886,15,734,1167,1901
150172,5,3,1,77,53,3,7,130,10,80,60,140
150534,5,3,1,236,405,4,3,641,7,240,408,648
150604,5,3,1,209,178,0,1,387,1,209,179,388
150668,5,3,1,108,170,1,3,278,4,109,173,282
150677,5,3,1,234,341,4,3,575,7,238,344,582
150765,5,3,1,0,41,0,0,41,0,0,41,41
150941,5,3,1,121,231,30,27,352,57,151,258,409
150987,5,3,1,1201,1663,3151,3476,2864,6627,4352,5139,9491
151111,5,3,1,2096,3259,202,219,5355,421,2298,3478,5776
151263,5,3,1,512,868,15,15,1380,30,527,883,1410
151290,5,3,1,283,185,4,10,468,14,287,195,482
151306,5,3,1,683,1246,33,67,1929,100,716,1313,2029
151324,5,3,1,919,1221,36,31,2140,67,955,1252,2207
151333,5,3,1,252,436,24,55,688,79,276,491,767
151342,5,3,1,266,595,52,97,861,149,318,692,1010
151351,5,3,1,7261,7310,176,146,14571,322,7437,7456,14893
151360,5,3,1,158,488,29,121,646,150,187,609,796
151379,5,3,1,271,490,58,107,761,165,329,597,926
151388,5,3,1,144,372,52,97,516,149,196,469,665
151661,5,3,1,170,32,0,0,202,0,170,32,202
151777,5,3,1,180,185,1,3,365,4,181,188,369
151962,5,3,1,10,20,0,0,30,0,10,20,30
152080,5,3,1,2344,2193,2,2,4537,4,2346,2195,4541
152318,5,3,1,632,225,6,3,857,9,638,228,866
152336,5,3,1,197,324,2,13,521,15,199,337,536
152390,5,3,1,1,605,6,13,606,19,7,618,625
152451,5,3,1,1,0,0,0,1,0,1,0,1
152567,5,3,1,589,354,8,5,943,13,597,359,956
152600,5,3,1,420,579,6,2,999,8,426,581,1007
152637,5,3,1,418,315,70,70,733,140,488,385,873
152673,5,3,1,380,0,0,0,380,0,380,0,380
152798,5,3,1,4,97,3,6,101,9,7,103,110
152992,5,3,1,92,89,0,2,181,2,92,91,183
153001,5,3,1,169,233,0,16,402,16,169,249,418
153083,5,3,1,1,47,0,0,48,0,1,47,48
153108,5,3,1,245,230,3,6,475,9,248,236,484
153126,5,3,1,130,125,0,2,255,2,130,127,257
153144,5,3,1,235,285,3,0,520,3,238,285,523
153162,5,3,1,209,216,1,0,425,1,210,216,426
153214,5,3,1,511,526,478,772,1037,1250,989,1298,2287
153241,5,3,1,1,0,0,0,1,0,1,0,1
153250,5,3,1,388,351,5,1,739,6,393,352,745
153269,5,3,1,500,798,7,10,1298,17,507,808,1315
153302,5,3,1,37,36,0,5,73,5,37,41,78
153311,5,3,1,121,170,130,210,291,340,251,380,631
153366,5,3,1,166,121,0,3,287,3,166,124,290
153384,5,3,1,383,389,0,1,772,1,383,390,773
153445,5,3,1,178,172,64,108,350,172,242,280,522
153472,5,3,1,143,117,30,55,260,85,173,172,345
153524,5,3,1,270,179,47,72,449,119,317,251,568
153533,5,3,1,105,51,21,32,156,53,126,83,209
153621,5,3,1,174,125,4,3,299,7,178,128,306
153630,5,3,1,214,178,90,136,392,226,304,314,618
153658,5,3,1,3756,4854,138,182,8610,320,3894,5036,8930
153737,5,3,1,391,395,345,543,786,888,736,938,1674
153825,5,3,1,268,231,3,1,499,4,271,232,503
153834,5,3,1,335,435,0,0,770,0,335,435,770
154004,5,3,1,248,237,1,4,485,5,249,241,490
154013,5,3,1,146,240,2,14,386,16,148,254,402
154110,5,3,1,198,188,74,174,386,248,272,362,634
154174,5,3,1,51,54,1,0,105,1,52,54,106
154235,5,3,1,375,490,2,5,865,7,377,495,872
154262,5,3,1,0,24,0,16,24,16,0,40,40
154350,5,3,1,207,249,0,0,456,0,207,249,456
154396,5,3,1,62,72,15,20,134,35,77,92,169
154493,5,3,1,142,146,25,28,288,53,167,174,341
154527,5,3,1,279,319,2,3,598,5,281,322,603
154572,5,3,1,143,163,51,146,306,197,194,309,503
154697,5,3,1,148,175,212,262,323,474,360,437,797
154712,5,3,1,441,467,1,7,908,8,442,474,916
154749,5,3,1,114,97,0,1,211,1,114,98,212
154800,5,3,1,229,281,212,361,510,573,441,642,1083
154907,5,3,1,64,29,19,38,93,57,83,67,150
154925,5,3,1,116,41,11,8,157,19,127,49,176
154934,5,3,1,48,73,6,49,121,55,54,122,176
154952,5,3,1,104,121,39,65,225,104,143,186,329
154998,5,3,1,120,89,52,65,209,117,172,154,326
155025,5,3,1,386,673,11,20,1059,31,397,693,1090
155052,5,3,1,24,30,19,13,54,32,43,43,86
155089,5,3,1,137,155,5,6,292,11,142,161,303
155098,5,3,1,51,42,13,23,93,36,64,65,129
155104,5,3,1,161,113,21,33,274,54,182,146,328
155140,5,3,1,63,113,3,9,176,12,66,122,188
155177,5,3,1,39,46,0,4,85,4,39,50,89
155195,5,3,1,188,170,90,138,358,228,278,308,586
155210,5,3,1,504,466,667,758,970,1425,1171,1224,2395
155292,5,3,1,146,176,112,187,322,299,258,363,621
155317,5,3,1,3275,3730,225,320,7005,545,3500,4050,7550
155399,5,3,1,2901,3045,107,154,5946,261,3008,3199,6207
155414,5,3,1,130,121,3,4,251,7,133,125,258
155423,5,3,1,36,12,9,11,48,20,45,23,68
155487,5,3,1,38,11,12,13,49,25,50,24,74
155511,5,3,1,184,100,0,0,284,0,184,100,284
155566,5,3,1,49,38,6,34,87,40,55,72,127
155618,5,3,1,70,19,2,2,89,4,72,21,93
155715,5,3,1,119,39,25,25,158,50,144,64,208
155812,5,3,1,108,134,0,3,242,3,108,137,245
155858,5,3,1,55,71,32,50,126,82,87,121,208
155900,5,3,1,130,85,3,2,215,5,133,87,220
155973,5,3,1,125,73,3,0,198,3,128,73,201
156082,5,3,1,355,646,47,98,1001,145,402,744,1146
156107,5,3,1,140,90,91,101,230,192,231,191,422
156125,5,3,1,1305,1666,201,282,2971,483,1506,1948,3454
156189,5,3,1,101,109,1,0,210,1,102,109,211
156213,5,3,1,170,251,1,6,421,7,171,257,428
156231,5,3,1,96,103,41,105,199,146,137,208,345
156286,5,3,1,331,561,4,6,892,10,335,567,902
156295,5,3,1,222,340,0,0,562,0,222,340,562
156338,5,3,1,112,151,100,166,263,266,212,317,529
156356,5,3,1,84,90,3,18,174,21,87,108,195
156392,5,3,1,351,359,313,485,710,798,664,844,1508
156408,5,3,1,290,307,0,0,597,0,290,307,597
156426,5,3,1,1,19,0,10,20,10,1,29,30
156541,5,3,1,431,651,28,47,1082,75,459,698,1157
156620,5,3,1,1241,1865,88,116,3106,204,1329,1981,3310
156648,5,3,1,140,178,150,204,318,354,290,382,672
156745,5,3,1,199,237,0,4,436,4,199,241,440
156790,5,3,1,75,73,38,90,148,128,113,163,276
156842,5,3,1,1,24,0,17,25,17,1,41,42
156851,5,3,1,18,49,17,77,67,94,35,126,161
156860,5,3,1,24,45,32,71,69,103,56,116,172
156921,5,3,1,279,283,358,483,562,841,637,766,1403
157030,5,3,1,11,4,2,0,15,2,13,4,17
157058,5,3,1,154,296,15,16,450,31,169,312,481
157076,5,3,1,131,139,1,1,270,2,132,140,272
157085,5,3,1,3583,5066,119,102,8649,221,3702,5168,8870
157216,5,3,1,253,269,5,13,522,18,258,282,540
157289,5,3,1,1857,2329,217,257,4186,474,2074,2586,4660
157304,5,3,1,49,83,60,102,132,162,109,185,294
157331,5,3,1,89,81,53,149,170,202,142,230,372
157386,5,3,1,667,930,28,77,1597,105,695,1007,1702
157401,5,3,1,902,1474,85,150,2376,235,987,1624,2611
157438,5,3,1,108,113,132,175,221,307,240,288,528
157447,5,3,1,1097,1549,88,111,2646,199,1185,1660,2845
157483,5,3,1,123,179,114,205,302,319,237,384,621
157535,5,3,1,168,235,2,2,403,4,170,237,407
157553,5,3,1,131,117,66,99,248,165,197,216,413
157614,5,3,1,0,13,0,4,13,4,0,17,17
157650,5,3,1,1,16,0,6,17,6,1,22,23
157669,5,3,1,0,16,0,0,16,0,0,16,16
157678,5,3,1,0,21,0,0,21,0,0,21,21
157711,5,3,1,184,206,83,184,390,267,267,390,657
157739,5,3,1,59,102,38,72,161,110,97,174,271
157757,5,3,1,68,109,0,1,177,1,68,110,178
157951,5,3,1,1616,2720,67,93,4336,160,1683,2813,4496
158662,5,3,1,245,463,316,646,708,962,561,1109,1670
158802,5,3,1,99,310,0,9,409,9,99,319,418
158884,5,3,1,45,45,47,58,90,105,92,103,195
159197,5,3,1,109,7,0,0,116,0,109,7,116
159382,5,3,1,181,375,31,76,556,107,212,451,663
159391,5,3,1,4580,5615,103,145,10195,248,4683,5760,10443
159407,5,3,1,86,178,35,141,264,176,121,319,440
159647,5,3,1,1552,1265,38,87,2817,125,1590,1352,2942
159656,5,3,1,422,806,13,26,1228,39,435,832,1267
159717,5,3,1,601,918,21,32,1519,53,622,950,1572
159939,5,3,1,579,633,51,44,1212,95,630,677,1307
159966,5,3,1,513,1001,27,73,1514,100,540,1074,1614
159993,5,3,1,561,972,44,131,1533,175,605,1103,1708
160010,5,3,1,48,9,67,30,57,97,115,39,154
160472,5,3,1,0,5,1,13,5,14,1,18,19
160579,5,3,1,229,173,147,119,402,266,376,292,668
160612,5,3,1,1089,1907,66,123,2996,189,1155,2030,3185
160621,5,3,1,506,1044,54,125,1550,179,560,1169,1729
160630,5,3,1,48,87,2,11,135,13,50,98,148
160649,5,3,1,169,201,24,41,370,65,193,242,435
160658,5,3,1,1442,2045,62,73,3487,135,1504,2118,3622
160667,5,3,1,146,104,94,64,250,158,240,168,408
160755,5,3,1,1562,2301,38,45,3863,83,1600,2346,3946
160904,5,3,1,180,771,4,21,951,25,184,792,976
160977,5,3,1,364,376,0,0,740,0,364,376,740
161004,5,3,1,401,416,0,1,817,1,401,417,818
161077,5,3,1,150,107,63,110,257,173,213,217,430
161086,5,3,1,484,521,0,0,1005,0,484,521,1005
161138,5,3,1,91,87,67,64,178,131,158,151,309
161192,5,3,1,33,55,37,82,88,119,70,137,207
161208,5,3,1,7,1,0,0,8,0,7,1,8
161217,5,3,1,83,188,35,94,271,129,118,282,400
161226,5,3,1,136,291,9,14,427,23,145,305,450
161235,5,3,1,34,61,11,30,95,41,45,91,136
161253,5,3,1,1607,1556,135,134,3163,269,1742,1690,3432
161299,5,3,1,212,48,7,1,260,8,219,49,268
161341,5,3,1,63,101,17,58,164,75,80,159,239
161457,5,3,1,289,652,39,100,941,139,328,752,1080
161484,5,3,1,33,24,16,18,57,34,49,42,91
161493,5,3,1,2,33,0,7,35,7,2,40,42
161509,5,3,1,29,125,0,1,154,1,29,126,155
161545,5,3,1,278,249,201,240,527,441,479,489,968
161554,5,3,1,440,719,65,88,1159,153,505,807,1312
161572,5,3,1,79,439,0,2,518,2,79,441,520
161581,5,3,1,11,7,8,6,18,14,19,13,32
161688,5,3,1,64,96,37,132,160,169,101,228,329
161767,5,3,1,288,268,469,673,556,1142,757,941,1698
161864,5,3,1,64,97,97,183,161,280,161,280,441
161873,5,3,1,73,100,16,18,173,34,89,118,207
162104,5,3,1,53,35,68,98,88,166,121,133,254
162122,5,3,1,155,179,255,324,334,579,410,503,913
162168,5,3,1,34,48,62,145,82,207,96,193,289
162210,5,3,1,38,71,2,10,109,12,40,81,121
162283,5,3,1,77,281,7,25,358,32,84,306,390
162584,5,3,1,547,555,75,121,1102,196,622,676,1298
162654,5,3,1,129,269,0,6,398,6,129,275,404
162690,5,3,1,85,79,100,243,164,343,185,322,507
162706,5,3,1,236,213,220,289,449,509,456,502,958
162830,5,3,1,2,22,0,0,24,0,2,22,24
163028,5,3,1,175,13,42,2,188,44,217,15,232
163204,5,3,1,445,546,1816,1338,991,3154,2261,1884,4145
163259,5,3,1,47,268,7,19,315,26,54,287,341
163268,5,3,1,1783,1514,140,112,3297,252,1923,1626,3549
163286,5,3,1,6223,6417,258,216,12640,474,6481,6633,13114
163295,5,3,1,122,488,4,6,610,10,126,494,620
163338,5,3,1,276,347,4,5,623,9,280,352,632
163453,5,3,1,727,1250,25,44,1977,69,752,1294,2046
163462,5,3,1,385,436,6,5,821,11,391,441,832
163578,5,3,1,0,108,0,8,108,8,0,116,116
163851,5,3,1,991,1146,69,68,2137,137,1060,1214,2274
163912,5,3,1,220,377,1,3,597,4,221,380,601
163976,5,3,1,101,94,0,1,195,1,101,95,196
164076,5,3,1,2411,3760,144,229,6171,373,2555,3989,6544
164085,5,3,1,0,0,0,1,0,1,0,1,1
164155,5,3,1,1473,588,0,0,2061,0,1473,588,2061
164216,5,3,1,177,264,1,2,441,3,178,266,444
164270,5,3,1,325,452,1,1,777,2,326,453,779
164313,5,3,1,42,49,88,180,91,268,130,229,359
164465,5,3,1,407,422,0,0,829,0,407,422,829
164492,5,3,1,131,155,4,5,286,9,135,160,295
164632,5,3,1,0,213,0,22,213,22,0,235,235
164739,5,3,1,766,458,49,30,1224,79,815,488,1303
164775,5,3,1,25,27,43,59,52,102,68,86,154
164845,5,3,1,0,18,0,0,18,0,0,18,18
164872,5,3,1,11,27,0,2,38,2,11,29,40
164988,5,3,1,3315,5115,50,83,8430,133,3365,5198,8563
165015,5,3,1,674,941,2,1,1615,3,676,942,1618
165024,5,3,1,977,1566,118,135,2543,253,1095,1701,2796
165033,5,3,1,199,274,178,349,473,527,377,623,1000
165112,5,3,1,303,308,414,527,611,941,717,835,1552
165167,5,3,1,2,2,3,15,4,18,5,17,22
165194,5,3,1,65,89,122,161,154,283,187,250,437
165264,5,3,1,0,2,2,27,2,29,2,29,31
165334,5,3,1,470,592,3,4,1062,7,473,596,1069
165556,5,3,1,11,109,5,14,120,19,16,123,139
165662,5,3,1,657,1200,6,12,1857,18,663,1212,1875
165671,5,3,1,182,608,9,43,790,52,191,651,842
165820,5,3,1,412,492,32,42,904,74,444,534,978
165866,5,3,1,411,576,13,14,987,27,424,590,1014
165936,5,3,1,191,350,6,6,541,12,197,356,553
165945,5,3,1,1,3,3,2,4,5,4,5,9
165981,5,3,1,29,34,58,73,63,131,87,107,194
166018,5,3,1,47,76,0,0,123,0,47,76,123
166027,5,3,1,1559,1743,30,49,3302,79,1589,1792,3381
166133,5,3,1,125,163,166,262,288,428,291,425,716
166391,5,3,1,187,358,8,17,545,25,195,375,570
166513,5,3,1,2215,1691,221,133,3906,354,2436,1824,4260
166629,5,3,1,5177,5369,142,131,10546,273,5319,5500,10819
166647,5,3,1,187,117,216,216,304,432,403,333,736
166674,5,3,1,157,441,9,24,598,33,166,465,631
166683,5,3,1,1117,1011,20,8,2128,28,1137,1019,2156
166708,5,3,1,1,3,0,1,4,1,1,4,5
166717,5,3,1,0,4,0,0,4,0,0,4,4
166823,5,3,1,193,212,203,270,405,473,396,482,878
166850,5,3,1,797,986,8,9,1783,17,805,995,1800
166887,5,3,1,162,188,258,399,350,657,420,587,1007
166911,5,3,1,32,99,1,3,131,4,33,102,135
166939,5,3,1,0,904,0,1,904,1,0,905,905
166957,5,3,1,79,74,93,184,153,277,172,258,430
167093,5,3,1,2,10,0,0,12,0,2,10,12
167288,5,3,1,107,152,2,5,259,7,109,157,266
167312,5,3,1,119,152,172,291,271,463,291,443,734
167358,5,3,1,2827,2972,12,6,5799,18,2839,2978,5817
167376,5,3,1,138,121,207,280,259,487,345,401,746
167394,5,3,1,65,200,4,2,265,6,69,202,271
167534,5,3,1,186,165,271,369,351,640,457,534,991
167598,5,3,1,67,301,3,9,368,12,70,310,380
167729,5,3,1,426,1049,41,65,1475,106,467,1114,1581
167783,5,3,1,1,728,2,13,729,15,3,741,744
167835,5,3,1,0,1105,0,0,1105,0,0,1105,1105
167871,5,3,1,2,8,8,12,10,20,10,20,30
167905,5,3,1,158,167,184,274,325,458,342,441,783
167987,5,3,1,877,852,32,24,1729,56,909,876,1785
168005,5,3,1,606,1051,17,13,1657,30,623,1064,1687
168148,5,3,1,1396,1714,34,44,3110,78,1430,1758,3188
168227,5,3,1,1085,337,15,5,1422,20,1100,342,1442
168254,5,3,1,597,474,11,8,1071,19,608,482,1090
168342,5,3,1,437,476,1,5,913,6,438,481,919
168421,5,3,1,1422,855,49,23,2277,72,1471,878,2349
168430,5,3,1,481,857,34,72,1338,106,515,929,1444
168528,5,3,1,344,314,1,2,658,3,345,316,661
168546,5,3,1,293,295,0,1,588,1,293,296,589
168591,5,3,1,238,301,2,1,539,3,240,302,542
168607,5,3,1,64,27,26,27,91,53,90,54,144
168740,5,3,1,217,231,19,21,448,40,236,252,488
168786,5,3,1,172,251,1,6,423,7,173,257,430
168847,5,3,1,72,201,59,169,273,228,131,370,501
168892,5,3,1,1,10,0,9,11,9,1,19,20
169099,5,3,1,0,0,0,2,0,2,0,2,2
169248,5,3,1,1341,2269,48,101,3610,149,1389,2370,3759
169275,5,3,1,126,164,237,363,290,600,363,527,890
169284,5,3,1,2,49,1,13,51,14,3,62,65
169442,5,3,1,140,306,5,27,446,32,145,333,478
169503,5,3,1,0,50,0,0,50,0,0,50,50
169521,5,3,1,189,215,273,393,404,666,462,608,1070
169576,5,3,1,0,2,0,0,2,0,0,2,2
169655,5,3,1,232,17,0,0,249,0,232,17,249
169716,5,3,1,303,566,223,90,869,313,526,656,1182
169798,5,3,1,1044,1654,152,207,2698,359,1196,1861,3057
169910,5,3,1,1162,1226,98,153,2388,251,1260,1379,2639
169992,5,3,1,38,34,20,40,72,60,58,74,132
170000,5,3,1,42,50,1,6,92,7,43,56,99
170055,5,3,1,368,337,595,793,705,1388,963,1130,2093
170082,5,3,1,2542,4116,166,251,6658,417,2708,4367,7075
170240,5,3,1,412,460,595,659,872,1254,1007,1119,2126
170286,5,3,1,315,355,3,5,670,8,318,360,678
170550,5,3,1,51,63,86,200,114,286,137,263,400
170587,5,3,1,23,46,27,45,69,72,50,91,141
170639,5,3,1,194,280,10,27,474,37,204,307,511
170657,5,3,1,312,272,557,612,584,1169,869,884,1753
170675,5,3,1,430,174,25,10,604,35,455,184,639
170790,5,3,1,404,418,890,1160,822,2050,1294,1578,2872
170806,5,3,1,166,258,23,26,424,49,189,284,473
170976,5,3,1,7017,7513,413,359,14530,772,7430,7872,15302
171100,5,3,1,7179,7927,567,659,15106,1226,7746,8586,16332
171137,5,3,1,851,734,164,127,1585,291,1015,861,1876
171146,5,3,1,304,481,42,91,785,133,346,572,918
171155,5,3,1,65,80,61,155,145,216,126,235,361
171225,5,3,1,37,49,86,117,86,203,123,166,289
171304,5,3,1,144,138,155,223,282,378,299,361,660
171456,5,3,1,801,1244,32,53,2045,85,833,1297,2130
171483,5,3,1,124,90,186,158,214,344,310,248,558
171492,5,3,1,316,164,26,10,480,36,342,174,516
171571,5,3,1,1455,2252,217,229,3707,446,1672,2481,4153
172200,5,3,1,239,196,434,544,435,978,673,740,1413
172291,5,3,1,53,104,99,146,157,245,152,250,402
172307,5,3,1,71,61,44,67,132,111,115,128,243
172334,5,3,1,132,226,3,5,358,8,135,231,366
172422,5,3,1,30,11,0,0,41,0,30,11,41
172617,5,3,1,219,212,573,644,431,1217,792,856,1648
172644,5,3,1,1752,2845,290,409,4597,699,2042,3254,5296
172680,5,3,1,1,13,1,6,14,7,2,19,21
172699,5,3,1,2144,2355,204,215,4499,419,2348,2570,4918
173045,5,3,1,338,494,4,6,832,10,342,500,842
173142,5,3,1,104,133,3,3,237,6,107,136,243
173160,5,3,1,319,467,17,30,786,47,336,497,833
173258,5,3,1,451,468,0,0,919,0,451,468,919
173300,5,3,1,351,444,3,2,795,5,354,446,800
173452,5,3,1,132,136,0,2,268,2,132,138,270
173647,5,3,1,411,567,0,3,978,3,411,570,981
173665,5,3,1,221,417,3,6,638,9,224,423,647
173683,5,3,1,0,1,0,0,1,0,0,1,1
173902,5,3,1,399,571,2,3,970,5,401,574,975
174066,5,3,1,5635,6790,286,385,12425,671,5921,7175,13096
174075,5,3,1,127,208,12,7,335,19,139,215,354
174127,5,3,1,85,175,1,1,260,2,86,176,262
174233,5,3,1,1466,1424,68,71,2890,139,1534,1495,3029
174251,5,3,1,176,224,6,11,400,17,182,235,417
174491,5,3,1,221,320,19,26,541,45,240,346,586
174507,5,3,1,10,20,2,22,30,24,12,42,54
174747,5,3,1,0,702,0,5,702,5,0,707,707
174792,5,3,1,699,0,4,0,699,4,703,0,703
174899,5,3,1,209,452,3,8,661,11,212,460,672
174914,5,3,1,1276,1246,17,15,2522,32,1293,1261,2554
174978,5,3,1,0,28,0,6,28,6,0,34,34
175005,5,3,1,0,260,3,62,260,65,3,322,325
175014,5,3,1,24,130,14,110,154,124,38,240,278
175120,5,3,1,48,11,0,0,59,0,48,11,59
175227,5,3,1,122,32,16,10,154,26,138,42,180
175421,5,3,1,141,212,9,6,353,15,150,218,368
175430,5,3,1,103,106,2,1,209,3,105,107,212
175573,5,3,1,182,193,26,25,375,51,208,218,426
175616,5,3,1,222,311,11,9,533,20,233,320,553
175652,5,3,1,287,267,66,73,554,139,353,340,693
175786,5,3,1,334,437,143,281,771,424,477,718,1195
175810,5,3,1,329,429,39,80,758,119,368,509,877
175829,5,3,1,192,242,61,120,434,181,253,362,615
175856,5,3,1,507,827,47,49,1334,96,554,876,1430
175883,5,3,1,351,450,74,157,801,231,425,607,1032
175935,5,3,1,160,258,15,29,418,44,175,287,462
175980,5,3,1,129,128,0,0,257,0,129,128,257
176008,5,3,1,164,266,17,45,430,62,181,311,492
176017,5,3,1,2719,3858,112,82,6577,194,2831,3940,6771
176035,5,3,1,106,444,7,52,550,59,113,496,609
176044,5,3,1,159,180,11,10,339,21,170,190,360
176053,5,3,1,350,513,6,8,863,14,356,521,877
176080,5,3,1,3491,3826,189,153,7317,342,3680,3979,7659
176178,5,3,1,100,172,48,85,272,133,148,257,405
176239,5,3,1,409,543,58,135,952,193,467,678,1145
176318,5,3,1,56,95,24,15,151,39,80,110,190
176372,5,3,1,1146,2358,77,134,3504,211,1223,2492,3715
176433,5,3,1,0,6,0,2,6,2,0,8,8
176479,5,3,1,135,229,6,5,364,11,141,234,375
176628,5,3,1,105,157,2,7,262,9,107,164,271
176947,5,3,1,197,225,5,0,422,5,202,225,427
176965,5,3,1,948,1193,69,59,2141,128,1017,1252,2269
176983,5,3,1,5,0,2,1,5,3,7,1,8
177038,5,3,1,10,10,0,2,20,2,10,12,22
177126,5,3,1,1,0,1,3,1,4,2,3,5
177135,5,3,1,132,144,62,135,276,197,194,279,473
177144,5,3,1,195,153,1,2,348,3,196,155,351
177214,5,3,1,222,318,0,5,540,5,222,323,545
177250,5,3,1,92,108,42,133,200,175,134,241,375
177302,5,3,1,29,0,0,0,29,0,29,0,29
177418,5,3,1,111,120,2,3,231,5,113,123,236
177472,5,3,1,440,531,353,464,971,817,793,995,1788
177676,5,3,1,140,172,71,128,312,199,211,300,511
177685,5,3,1,2,39,0,0,41,0,2,39,41
177940,5,3,1,156,247,5,18,403,23,161,265,426
177977,5,3,1,418,78,51,10,496,61,469,88,557
177986,5,3,1,24,51,8,16,75,24,32,67,99
177995,5,3,1,512,562,426,664,1074,1090,938,1226,2164
178059,5,3,1,419,828,53,166,1247,219,472,994,1466
178217,5,3,1,107,156,20,52,263,72,127,208,335
178341,5,3,1,325,506,34,67,831,101,359,573,932
178369,5,3,1,256,170,3,3,426,6,259,173,432
178387,5,3,1,325,503,24,30,828,54,349,533,882
178396,5,3,1,4635,5742,188,190,10377,378,4823,5932,10755
178402,5,3,1,838,1370,81,88,2208,169,919,1458,2377
178411,5,3,1,1416,436,133,61,1852,194,1549,497,2046
178420,5,3,1,512,709,75,77,1221,152,587,786,1373
178448,5,3,1,179,248,122,165,427,287,301,413,714
178615,5,3,1,500,828,11,16,1328,27,511,844,1355
178624,5,3,1,728,1142,37,62,1870,99,765,1204,1969
178679,5,3,1,109,86,13,26,195,39,122,112,234
178697,5,3,1,257,362,1,3,619,4,258,365,623
178721,5,3,1,290,372,116,94,662,210,406,466,872
178891,5,3,1,261,20,63,2,281,65,324,22,346
178989,5,3,1,5,47,0,0,52,0,5,47,52
179043,5,3,1,274,432,1,5,706,6,275,437,712
179308,5,3,1,453,544,452,742,997,1194,905,1286,2191
179326,5,3,1,201,284,8,34,485,42,209,318,527
179344,5,3,1,38,75,15,61,113,76,53,136,189
179539,5,3,1,136,220,61,123,356,184,197,343,540
179557,5,3,1,985,1511,59,79,2496,138,1044,1590,2634
179566,5,3,1,1719,2855,239,297,4574,536,1958,3152,5110
179645,5,3,1,79,141,31,68,220,99,110,209,319
179715,5,3,1,37,88,15,48,125,63,52,136,188
179812,5,3,1,0,5,0,0,5,0,0,5,5
179867,5,3,1,1749,1924,16,18,3673,34,1765,1942,3707
179894,5,3,1,308,401,12,18,709,30,320,419,739
179946,5,3,1,142,108,0,1,250,1,142,109,251
180081,5,3,1,51,17,5,11,68,16,56,28,84
180106,5,3,1,184,267,0,0,451,0,184,267,451
180151,5,3,1,35,20,24,14,55,38,59,34,93
180179,5,3,1,237,322,35,84,559,119,272,406,678
180197,5,3,1,57,51,53,71,108,124,110,122,232
180249,5,3,1,23,60,11,43,83,54,34,103,137
180258,5,3,1,50,63,1,2,113,3,51,65,116
180276,5,3,1,28,22,15,31,50,46,43,53,96
180416,5,3,1,270,171,7,8,441,15,277,179,456
180461,5,3,1,2355,2071,247,182,4426,429,2602,2253,4855
180522,5,3,1,125,77,21,15,202,36,146,92,238
180595,5,3,1,147,141,2,1,288,3,149,142,291
180647,5,3,1,21,39,3,5,60,8,24,44,68
180692,5,3,1,106,211,1,9,317,10,107,220,327
180814,5,3,1,263,242,119,134,505,253,382,376,758
180902,5,3,1,219,177,127,261,396,388,346,438,784
180948,5,3,1,220,333,2,16,553,18,222,349,571
181002,5,3,1,748,1089,3,12,1837,15,751,1101,1852
181020,5,3,1,216,170,2,2,386,4,218,172,390
181127,5,3,1,166,204,0,2,370,2,166,206,372
181145,5,3,1,0,5,0,0,5,0,0,5,5
181190,5,3,1,0,30,0,0,30,0,0,30,30
181215,5,3,1,489,809,29,76,1298,105,518,885,1403
181297,5,3,1,11,145,4,34,156,38,15,179,194
181303,5,3,1,330,304,532,526,634,1058,862,830,1692
181312,5,3,1,78,50,18,74,128,92,96,124,220
181330,5,3,1,228,221,1,1,449,2,229,222,451
181394,5,3,1,1367,1901,152,162,3268,314,1519,2063,3582
181428,5,3,1,27,335,2,16,362,18,29,351,380
181446,5,3,1,284,353,0,5,637,5,284,358,642
181464,5,3,1,3683,3796,107,107,7479,214,3790,3903,7693
181491,5,3,1,295,239,110,109,534,219,405,348,753
181604,5,3,1,0,165,0,2,165,2,0,167,167
181640,5,3,1,400,312,351,451,712,802,751,763,1514
181738,5,3,1,75,100,1,4,175,5,76,104,180
181783,5,3,1,483,656,16,15,1139,31,499,671,1170
181817,5,3,1,84,92,22,38,176,60,106,130,236
182005,5,3,1,801,990,1247,1715,1791,2962,2048,2705,4753
182281,5,3,1,2720,3818,358,428,6538,786,3078,4246,7324
182290,5,3,1,2403,2833,249,316,5236,565,2652,3149,5801
182306,5,3,1,53,81,39,102,134,141,92,183,275
182500,5,3,1,225,247,456,534,472,990,681,781,1462
182564,5,3,1,56,80,96,133,136,229,152,213,365
182670,5,3,1,1044,974,0,0,2018,0,1044,974,2018
182704,5,3,1,1,7,0,3,8,3,1,10,11
182722,5,3,1,1,12,0,3,13,3,1,15,16
182829,5,3,1,7,5,0,0,12,0,7,5,12
182892,5,3,1,0,8,0,2,8,2,0,10,10
182980,5,3,1,180,207,3,2,387,5,183,209,392
183026,5,3,1,1800,2652,2732,4382,4452,7114,4532,7034,11566
183044,5,3,1,2066,2868,45,37,4934,82,2111,2905,5016
183062,5,3,1,488,613,8,11,1101,19,496,624,1120
183071,5,3,1,70,89,1,10,159,11,71,99,170
183080,5,3,1,682,681,18,11,1363,29,700,692,1392
183202,5,3,1,0,16,0,2,16,2,0,18,18
183239,5,3,1,354,561,1,2,915,3,355,563,918
183257,5,3,1,23,45,1,18,68,19,24,63,87
183275,5,3,1,14,18,0,0,32,0,14,18,32
183488,5,3,1,2,24,1,7,26,8,3,31,34
183655,5,3,1,220,226,185,292,446,477,405,518,923
183743,5,3,1,892,713,580,525,1605,1105,1472,1238,2710
183789,5,3,1,77,182,13,37,259,50,90,219,309
183822,5,3,1,142,213,5,6,355,11,147,219,366
183859,5,3,1,477,361,521,453,838,974,998,814,1812
183910,5,3,1,247,384,6,3,631,9,253,387,640
183938,5,3,1,343,371,283,410,714,693,626,781,1407
184056,5,3,1,25,78,4,14,103,18,29,92,121
184180,5,3,1,446,263,428,360,709,788,874,623,1497
184205,5,3,1,7,24,89,149,31,238,96,173,269
184427,5,3,1,65,5,25,2,70,27,90,7,97
184481,5,3,1,275,360,274,339,635,613,549,699,1248
184506,5,3,1,1,18,0,6,19,6,1,24,25
184603,5,3,1,346,448,48,21,794,69,394,469,863
184612,5,3,1,149,397,7,12,546,19,156,409,565
184694,5,3,1,367,535,8,12,902,20,375,547,922
184773,5,3,1,81,292,2,8,373,10,83,300,383
184782,5,3,1,3024,2663,113,101,5687,214,3137,2764,5901
184791,5,3,1,325,387,219,267,712,486,544,654,1198
184816,5,3,1,1,8,0,6,9,6,1,14,15
184959,5,3,1,3,44,3,43,47,46,6,87,93
184995,5,3,1,420,477,238,284,897,522,658,761,1419
185262,5,3,1,1000,1779,109,187,2779,296,1109,1966,3075
185396,5,3,1,390,12,49,2,402,51,439,14,453
185509,5,3,1,274,206,365,362,480,727,639,568,1207
185536,5,3,1,495,490,527,509,985,1036,1022,999,2021
185572,5,3,1,591,1071,8,22,1662,30,599,1093,1692
185590,5,3,1,2103,3632,95,159,5735,254,2198,3791,5989
185721,5,3,1,7,33,8,12,40,20,15,45,60
185828,5,3,1,1922,770,81,46,2692,127,2003,816,2819
185873,5,3,1,346,315,340,449,661,789,686,764,1450
186016,5,3,1,4,45,0,32,49,32,4,77,81
186034,5,3,1,236,272,254,364,508,618,490,636,1126
186131,5,3,1,1209,1250,0,0,2459,0,1209,1250,2459
186201,5,3,1,782,1142,20,21,1924,41,802,1163,1965
186283,5,3,1,527,762,5,11,1289,16,532,773,1305
186371,5,3,1,390,728,13,20,1118,33,403,748,1151
186380,5,3,1,7434,7704,95,89,15138,184,7529,7793,15322
186399,5,3,1,952,1209,88,136,2161,224,1040,1345,2385
186405,5,3,1,0,4,0,0,4,0,0,4,4
186432,5,3,1,272,408,6,17,680,23,278,425,703
186469,5,3,1,61,15,19,40,76,59,80,55,135
186584,5,3,1,1108,1323,19,16,2431,35,1127,1339,2466
186618,5,3,1,89,125,0,2,214,2,89,127,216
186645,5,3,1,451,346,357,328,797,685,808,674,1482
186867,5,3,1,1334,583,4,2,1917,6,1338,585,1923
186876,5,3,1,1066,1840,8,18,2906,26,1074,1858,2932
187046,5,3,1,0,0,85,97,0,182,85,97,182
187134,5,3,1,1267,1807,25,17,3074,42,1292,1824,3116
187198,5,3,1,391,405,329,387,796,716,720,792,1512
187444,5,3,1,698,1039,41,50,1737,91,739,1089,1828
187532,5,3,1,345,448,702,1098,793,1800,1047,1546,2593
187620,5,3,1,269,325,228,295,594,523,497,620,1117
187639,5,3,1,25,64,48,94,89,142,73,158,231
187648,5,3,1,222,343,15,36,565,51,237,379,616
187897,5,3,1,107,137,8,15,244,23,115,152,267
187912,5,3,1,62,8,0,0,70,0,62,8,70
187958,5,3,1,37,57,70,129,94,199,107,186,293
187967,5,3,1,245,116,6,3,361,9,251,119,370
187976,5,3,1,3,10,103,106,13,209,106,116,222
187985,5,3,1,1577,2183,241,330,3760,571,1818,2513,4331
187994,5,3,1,15,31,37,81,46,118,52,112,164
188003,5,3,1,18,33,40,104,51,144,58,137,195
188021,5,3,1,8,20,24,54,28,78,32,74,106
188030,5,3,1,1329,1818,133,145,3147,278,1462,1963,3425
188049,5,3,1,22,26,82,177,48,259,104,203,307
188100,5,3,1,102,166,112,247,268,359,214,413,627
188137,5,3,1,44,71,61,101,115,162,105,172,277
188225,5,3,1,7,11,56,110,18,166,63,121,184
188261,5,3,1,7,6,6,1,13,7,13,7,20
188340,5,3,1,247,47,40,6,294,46,287,53,340
188429,5,3,1,544,1229,25,65,1773,90,569,1294,1863
188438,5,3,1,129,131,53,82,260,135,182,213,395
188517,5,3,1,24,23,2,3,47,5,26,26,52
188641,5,3,1,208,265,4,8,473,12,212,273,485
188854,5,3,1,168,393,0,0,561,0,168,393,561
189219,5,3,1,10,0,0,0,10,0,10,0,10
189228,5,3,1,112,184,16,34,296,50,128,218,346
189282,5,3,1,0,8,0,3,8,3,0,11,11
189547,5,3,1,202,216,73,120,418,193,275,336,611
189565,5,3,1,20,41,2,4,61,6,22,45,67
189583,5,3,1,24,56,13,15,80,28,37,71,108
189592,5,3,1,23,18,0,2,41,2,23,20,43
189705,5,3,1,344,388,7,13,732,20,351,401,752
189839,5,3,1,65,72,37,46,137,83,102,118,220
190044,5,3,1,784,351,24,10,1135,34,808,361,1169
190053,5,3,1,27,20,11,10,47,21,38,30,68
190071,5,3,1,0,2,0,1,2,1,0,3,3
190099,5,3,1,635,744,2,1,1379,3,637,745,1382
190169,5,3,1,34,25,25,45,59,70,59,70,129
190239,5,3,1,0,29,0,7,29,7,0,36,36
190372,5,3,1,174,155,1,0,329,1,175,155,330
190415,5,3,1,3397,4078,11,9,7475,20,3408,4087,7495
190424,5,3,1,1,6,0,0,7,0,1,6,7
190442,5,3,1,71,81,28,43,152,71,99,124,223
190503,5,3,1,360,343,18,20,703,38,378,363,741
190761,5,3,1,144,208,0,2,352,2,144,210,354
190840,5,3,1,200,211,193,181,411,374,393,392,785
191083,5,3,1,520,435,183,186,955,369,703,621,1324
191126,5,3,1,413,2266,47,173,2679,220,460,2439,2899
191199,5,3,1,138,146,69,80,284,149,207,226,433
191205,5,3,1,136,56,1,0,192,1,137,56,193
191241,5,3,1,1598,2206,31,61,3804,92,1629,2267,3896
191302,5,3,1,63,57,20,18,120,38,83,75,158
191311,5,3,1,6,10,0,0,16,0,6,10,16
191339,5,3,1,108,114,47,75,222,122,155,189,344
191515,5,3,1,429,504,0,0,933,0,429,504,933
191533,5,3,1,169,230,2,6,399,8,171,236,407
191597,5,3,1,1,8,2,15,9,17,3,23,26
191612,5,3,1,91,84,23,20,175,43,114,104,218
191649,5,3,1,970,1306,31,25,2276,56,1001,1331,2332
191676,5,3,1,107,214,1,6,321,7,108,220,328
191719,5,3,1,469,315,186,251,784,437,655,566,1221
191940,5,3,1,1,8,0,0,9,0,1,8,9
191986,5,3,1,94,95,32,48,189,80,126,143,269
192022,5,3,1,81,94,32,41,175,73,113,135,248
192192,5,3,1,102,244,3,7,346,10,105,251,356
192271,5,3,1,35,304,1,19,339,20,36,323,359
192323,5,3,1,383,519,13,85,902,98,396,604,1000
192448,5,3,1,691,1212,15,48,1903,63,706,1260,1966
192703,5,3,1,657,543,6,7,1200,13,663,550,1213
192712,5,3,1,106,111,0,3,217,3,106,114,220
192749,5,3,1,198,289,9,41,487,50,207,330,537
192785,5,3,1,4,20,8,36,24,44,12,56,68
192819,5,3,1,901,1281,12,25,2182,37,913,1306,2219
193016,5,3,1,410,834,16,34,1244,50,426,868,1294
193283,5,3,1,189,164,48,84,353,132,237,248,485
193292,5,3,1,299,675,14,41,974,55,313,716,1029
193326,5,3,1,406,424,285,365,830,650,691,789,1480
193380,5,3,1,0,0,0,4,0,4,0,4,4
193399,5,3,1,162,499,5,122,661,127,167,621,788
193478,5,3,1,823,715,576,542,1538,1118,1399,1257,2656
193584,5,3,1,203,637,3,12,840,15,206,649,855
193654,5,3,1,617,2030,22,52,2647,74,639,2082,2721
193830,5,3,1,3,16,0,1,19,1,3,17,20
193858,5,3,1,4,70,0,0,74,0,4,70,74
193900,5,3,1,5514,7672,159,226,13186,385,5673,7898,13571
193946,5,3,1,170,212,58,102,382,160,228,314,542
193973,5,3,1,359,668,8,27,1027,35,367,695,1062
193991,5,3,1,2,8,0,2,10,2,2,10,12
194028,5,3,1,30,42,4,26,72,30,34,68,102
194091,5,3,1,594,453,43,33,1047,76,637,486,1123
194116,5,3,1,4,29,3,23,33,26,7,52,59
194222,5,3,1,275,236,132,137,511,269,407,373,780
194240,5,3,1,198,200,142,190,398,332,340,390,730
194310,5,3,1,984,1919,88,94,2903,182,1072,2013,3085
194392,5,3,1,141,79,1,4,220,5,142,83,225
194578,5,3,1,421,1114,7,8,1535,15,428,1122,1550
194824,5,3,1,1533,737,9,2,2270,11,1542,739,2281
195003,5,3,1,3059,1770,84,19,4829,103,3143,1789,4932
195058,5,3,1,255,206,147,141,461,288,402,347,749
195067,5,3,1,3,35,1,15,38,16,4,50,54
195128,5,3,1,93,292,0,8,385,8,93,300,393
195155,5,3,1,1,0,1,2,1,3,2,2,4
195164,5,3,1,384,319,5,6,703,11,389,325,714
195216,5,3,1,456,546,0,0,1002,0,456,546,1002
195234,5,3,1,204,425,0,4,629,4,204,429,633
195243,5,3,1,209,197,3,1,406,4,212,198,410
195322,5,3,1,69,72,50,62,141,112,119,134,253
195474,5,3,1,672,783,4,14,1455,18,676,797,1473
195526,5,3,1,513,727,5,7,1240,12,518,734,1252
195544,5,3,1,388,857,11,22,1245,33,399,879,1278
195702,5,3,1,5,16,1,10,21,11,6,26,32
195720,5,3,1,450,676,5,13,1126,18,455,689,1144
195988,5,3,1,69,43,18,21,112,39,87,64,151
196006,5,3,1,533,262,19,33,795,52,552,295,847
196015,5,3,1,331,345,18,18,676,36,349,363,712
196024,5,3,1,311,259,10,33,570,43,321,292,613
196033,5,3,1,205,309,13,15,514,28,218,324,542
196042,5,3,1,1406,934,195,138,2340,333,1601,1072,2673
196051,5,3,1,206,196,12,21,402,33,218,217,435
196060,5,3,1,2105,2488,65,104,4593,169,2170,2592,4762
196079,5,3,1,3105,3400,78,44,6505,122,3183,3444,6627
196088,5,3,1,4357,3888,131,238,8245,369,4488,4126,8614
196097,5,3,1,3304,3401,146,116,6705,262,3450,3517,6967
196103,5,3,1,241,237,57,56,478,113,298,293,591
196112,5,3,1,504,178,21,25,682,46,525,203,728
196121,5,3,1,688,972,35,64,1660,99,723,1036,1759
196130,5,3,1,633,1004,30,62,1637,92,663,1066,1729
196149,5,3,1,1081,1389,19,25,2470,44,1100,1414,2514
196158,5,3,1,489,776,8,19,1265,27,497,795,1292
196167,5,3,1,639,1154,17,39,1793,56,656,1193,1849
196176,5,3,1,740,1449,56,66,2189,122,796,1515,2311
196185,5,3,1,870,1358,15,22,2228,37,885,1380,2265
196194,5,3,1,1012,1185,31,33,2197,64,1043,1218,2261
196200,5,3,1,306,538,1,20,844,21,307,558,865
196219,5,3,1,423,629,17,35,1052,52,440,664,1104
196246,5,3,1,503,842,22,18,1345,40,525,860,1385
196255,5,3,1,12,31,0,1,43,1,12,32,44
196264,5,3,1,105,239,150,139,344,289,255,378,633
196291,5,3,1,416,77,25,2,493,27,441,79,520
196307,5,3,1,18,60,0,1,78,1,18,61,79
196413,5,3,1,2913,3584,54,63,6497,117,2967,3647,6614
196468,5,3,1,6,30,0,3,36,3,6,33,39
196565,5,3,1,95,97,32,50,192,82,127,147,274
196653,5,3,1,5,43,5,31,48,36,10,74,84
196699,5,3,1,91,77,38,67,168,105,129,144,273
196884,5,3,1,0,0,0,1,0,1,0,1,1
197036,5,3,1,1540,463,0,0,2003,0,1540,463,2003
197045,5,3,1,342,416,12,18,758,30,354,434,788
197285,5,3,1,47,86,8,9,133,17,55,95,150
197294,5,3,1,466,382,426,394,848,820,892,776,1668
197337,5,3,1,0,12,0,0,12,0,0,12,12
197708,5,3,1,647,654,4,11,1301,15,651,665,1316
197814,5,3,1,37,50,29,111,87,140,66,161,227
197850,5,3,1,49,42,100,136,91,236,149,178,327
197869,5,3,1,3012,4186,100,171,7198,271,3112,4357,7469
197887,5,3,1,98,132,149,258,230,407,247,390,637
197911,5,3,1,198,183,2,4,381,6,200,187,387
197966,5,3,1,17,30,43,100,47,143,60,130,190
197993,5,3,1,0,61,0,2,61,2,0,63,63
198066,5,3,1,175,104,1,1,279,2,176,105,281
198109,5,3,1,2,11,2,47,13,49,4,58,62
198118,5,3,1,127,101,106,175,228,281,233,276,509
198136,5,3,1,422,590,38,19,1012,57,460,609,1069
198154,5,3,1,352,382,576,723,734,1299,928,1105,2033
198206,5,3,1,35,59,34,82,94,116,69,141,210
198260,5,3,1,666,705,844,895,1371,1739,1510,1600,3110
198303,5,3,1,171,126,3,0,297,3,174,126,300
198330,5,3,1,116,190,141,171,306,312,257,361,618
198367,5,3,1,63,54,110,143,117,253,173,197,370
198385,5,3,1,409,447,0,0,856,0,409,447,856
198455,5,3,1,68,56,204,265,124,469,272,321,593
198464,5,3,1,2933,4056,190,327,6989,517,3123,4383,7506
198507,5,3,1,221,309,5,19,530,24,226,328,554
198516,5,3,1,1126,1762,16,35,2888,51,1142,1797,2939
198534,5,3,1,268,334,278,432,602,710,546,766,1312
198543,5,3,1,278,637,35,80,915,115,313,717,1030
198552,5,3,1,184,209,379,596,393,975,563,805,1368
198570,5,3,1,105,119,149,223,224,372,254,342,596
198598,5,3,1,106,75,0,0,181,0,106,75,181
198622,5,3,1,323,309,415,475,632,890,738,784,1522
198668,5,3,1,32,32,23,46,64,69,55,78,133
198710,5,3,1,37,55,42,83,92,125,79,138,217
198756,5,3,1,136,178,4,2,314,6,140,180,320
198808,5,3,1,86,166,0,6,252,6,86,172,258
198817,5,3,1,40,45,40,103,85,143,80,148,228
198835,5,3,1,265,345,5,19,610,24,270,364,634
198862,5,3,1,139,126,4,1,265,5,143,127,270
198899,5,3,1,175,167,0,3,342,3,175,170,345
198905,5,3,1,12,17,16,22,29,38,28,39,67
198950,5,3,1,0,526,1,19,526,20,1,545,546
198969,5,3,1,203,182,3,6,385,9,206,188,394
198987,5,3,1,68,90,93,157,158,250,161,247,408
199087,5,3,1,53,66,76,119,119,195,129,185,314
199102,5,3,1,1280,2127,106,129,3407,235,1386,2256,3642
199111,5,3,1,373,558,24,24,931,48,397,582,979
199120,5,3,1,3438,5137,166,235,8575,401,3604,5372,8976
199139,5,3,1,3949,3564,410,358,7513,768,4359,3922,8281
199148,5,3,1,1323,2839,137,243,4162,380,1460,3082,4542
199157,5,3,1,432,1038,22,84,1470,106,454,1122,1576
199184,5,3,1,138,247,5,7,385,12,143,254,397
199193,5,3,1,5028,5042,308,316,10070,624,5336,5358,10694
199218,5,3,1,1766,2886,116,197,4652,313,1882,3083,4965
199272,5,3,1,124,107,2,5,231,7,126,112,238
199281,5,3,1,535,778,53,81,1313,134,588,859,1447
199324,5,3,1,8,9,43,66,17,109,51,75,126
199412,5,3,1,173,316,2,5,489,7,175,321,496
199494,5,3,1,117,165,225,296,282,521,342,461,803
199607,5,3,1,0,117,0,3,117,3,0,120,120
199625,5,3,1,31,58,32,60,89,92,63,118,181
199689,5,3,1,0,37,2,4,37,6,2,41,43
199731,5,3,1,53,56,62,102,109,164,115,158,273
199740,5,3,1,19,33,47,95,52,142,66,128,194
199759,5,3,1,45,48,10,13,93,23,55,61,116
199768,5,3,1,73,67,82,98,140,180,155,165,320
199795,5,3,1,14,19,28,28,33,56,42,47,89
199856,5,3,1,716,567,1220,1268,1283,2488,1936,1835,3771
199865,5,3,1,83,187,0,0,270,0,83,187,270
199883,5,3,1,3,15,0,0,18,0,3,15,18
199908,5,3,1,18,46,60,83,64,143,78,129,207
199926,5,3,1,51,66,58,101,117,159,109,167,276
199971,5,3,1,8,5,0,0,13,0,8,5,13
199999,5,3,1,356,1103,16,83,1459,99,372,1186,1558
200004,5,3,1,1320,1702,56,100,3022,156,1376,1802,3178
200013,5,3,1,2,31,6,23,33,29,8,54,62
200022,5,3,1,178,113,61,71,291,132,239,184,423
200059,5,3,1,163,170,8,22,333,30,171,192,363
200086,5,3,1,12,13,0,2,25,2,12,15,27
200192,5,3,1,35,22,46,80,57,126,81,102,183
200217,5,3,1,302,462,11,18,764,29,313,480,793
200280,5,3,1,1290,1297,245,172,2587,417,1535,1469,3004
200305,5,3,1,222,103,39,38,325,77,261,141,402
200314,5,3,1,23,29,4,24,52,28,27,53,80
200332,5,3,1,1822,1707,127,215,3529,342,1949,1922,3871
200527,5,3,1,21,29,1,4,50,5,22,33,55
200554,5,3,1,38,55,1,0,93,1,39,55,94
200572,5,3,1,132,194,12,33,326,45,144,227,371
200590,5,3,1,3,5,0,2,8,2,3,7,10
200697,5,3,1,1,1,0,0,2,0,1,1,2
200800,5,3,1,1674,1503,86,62,3177,148,1760,1565,3325
200846,5,3,1,71,100,17,7,171,24,88,107,195
201061,5,3,1,18,68,1,1,86,2,19,69,88
201177,5,3,1,3,20,2,20,23,22,5,40,45
201195,5,3,1,484,619,6,8,1103,14,490,627,1117
201283,5,3,1,24,30,14,29,54,43,38,59,97
201432,5,3,1,62,118,19,42,180,61,81,160,241
201441,5,3,1,2069,2909,114,90,4978,204,2183,2999,5182
201469,5,3,1,24,49,2,9,73,11,26,58,84
201548,5,3,1,335,475,1,5,810,6,336,480,816
201645,5,3,1,1288,1214,5,16,2502,21,1293,1230,2523
201654,5,3,1,695,884,8,10,1579,18,703,894,1597
201821,5,3,1,10,158,4,36,168,40,14,194,208
201885,5,3,1,4895,4967,418,462,9862,880,5313,5429,10742
201946,5,3,1,100,128,954,1040,228,1994,1054,1168,2222
201955,5,3,1,320,371,467,763,691,1230,787,1134,1921
201964,5,3,1,89,83,4,5,172,9,93,88,181
202046,5,3,1,51,189,2,2,240,4,53,191,244
202170,5,3,1,101,281,0,2,382,2,101,283,384
202222,5,3,1,732,680,1263,1350,1412,2613,1995,2030,4025
202356,5,3,1,388,346,567,761,734,1328,955,1107,2062
202453,5,3,1,5,2,0,0,7,0,5,2,7
202480,5,3,1,1866,1849,66,76,3715,142,1932,1925,3857
202523,5,3,1,459,476,0,2,935,2,459,478,937
202648,5,3,1,71,48,70,127,119,197,141,175,316
202763,5,3,1,281,590,5,7,871,12,286,597,883
203085,5,3,1,205,204,1,2,409,3,206,206,412
203128,5,3,1,120,150,4,2,270,6,124,152,276
203155,5,3,1,209,115,28,39,324,67,237,154,391
203289,5,3,1,4,0,0,0,4,0,4,0,4
203368,5,3,1,574,531,14,10,1105,24,588,541,1129
203447,5,3,1,12,22,110,168,34,278,122,190,312
203456,5,3,1,2,4,81,114,6,195,83,118,201
203465,5,3,1,120,198,170,308,318,478,290,506,796
203474,5,3,1,21,46,109,164,67,273,130,210,340
203483,5,3,1,45,45,158,192,90,350,203,237,440
203492,5,3,1,10,56,60,151,66,211,70,207,277
203517,5,3,1,2432,4186,263,362,6618,625,2695,4548,7243
203526,5,3,1,21,30,104,200,51,304,125,230,355
203544,5,3,1,13,106,5,39,119,44,18,145,163
203580,5,3,1,128,100,1,1,228,2,129,101,230
203599,5,3,1,133,117,152,223,250,375,285,340,625
203678,5,3,1,35,63,45,182,98,227,80,245,325
203720,5,3,1,10,6,0,2,16,2,10,8,18
203748,5,3,1,160,222,226,390,382,616,386,612,998
203757,5,3,1,105,108,2,4,213,6,107,112,219
203775,5,3,1,132,156,4,1,288,5,136,157,293
203845,5,3,1,198,229,6,15,427,21,204,244,448
203881,5,3,1,25,44,32,84,69,116,57,128,185
203960,5,3,1,8,80,6,46,88,52,14,126,140
204006,5,3,1,233,282,43,28,515,71,276,310,586
204015,5,3,1,114,135,12,21,249,33,126,156,282
204024,5,3,1,3578,3828,59,64,7406,123,3637,3892,7529
204194,5,3,1,204,265,2,12,469,14,206,277,483
204200,5,3,1,172,206,1,3,378,4,173,209,382
204255,5,3,1,43,37,37,60,80,97,80,97,177
204422,5,3,1,42,36,45,109,78,154,87,145,232
204468,5,3,1,198,168,2,10,366,12,200,178,378
204477,5,3,1,21,38,0,0,59,0,21,38,59
204617,5,3,1,135,152,2,2,287,4,137,154,291
204635,5,3,1,519,443,11,5,962,16,530,448,978
204662,5,3,1,39,34,8,5,73,13,47,39,86
204671,5,3,1,66,128,12,12,194,24,78,140,218
204680,5,3,1,58,75,14,8,133,22,72,83,155
204699,5,3,1,78,94,17,8,172,25,95,102,197
204705,5,3,1,160,155,41,46,315,87,201,201,402
204796,5,3,1,9479,9781,405,356,19260,761,9884,10137,20021
204802,5,3,1,27,49,94,171,76,265,121,220,341
204820,5,3,1,60,123,112,243,183,355,172,366,538
204839,5,3,1,36,86,153,289,122,442,189,375,564
204848,5,3,1,47,83,167,281,130,448,214,364,578
204857,5,3,1,2429,3208,58,132,5637,190,2487,3340,5827
204866,5,3,1,26,111,163,299,137,462,189,410,599
204909,5,3,1,256,321,1,0,577,1,257,321,578
204936,5,3,1,338,525,4,10,863,14,342,535,877
204945,5,3,1,185,239,394,369,424,763,579,608,1187
205090,5,3,1,0,2,1,19,2,20,1,21,22
205443,5,3,1,317,377,21,64,694,85,338,441,779
205470,5,3,1,334,279,646,855,613,1501,980,1134,2114
205841,5,3,1,244,214,265,403,458,668,509,617,1126
205966,5,3,1,20,25,25,53,45,78,45,78,123
206011,5,3,1,75,67,84,70,142,154,159,137,296
206279,5,3,1,1,5,1,7,6,8,2,12,14
206321,5,3,1,1,6,5,0,7,5,6,6,12
206349,5,3,1,6,150,2,7,156,9,8,157,165
206507,5,3,1,168,202,2,4,370,6,170,206,376
206525,5,3,1,222,256,0,3,478,3,222,259,481
206589,5,3,1,392,416,0,0,808,0,392,416,808
206604,5,3,1,743,1019,108,136,1762,244,851,1155,2006
206613,5,3,1,103,166,39,47,269,86,142,213,355
206622,5,3,1,888,1096,12,10,1984,22,900,1106,2006
206695,5,3,1,1144,1470,62,76,2614,138,1206,1546,2752
206862,5,3,1,201,166,0,3,367,3,201,169,370
206914,5,3,1,171,314,27,51,485,78,198,365,563
206923,5,3,1,101,124,17,66,225,83,118,190,308
206996,5,3,1,73,106,22,75,179,97,95,181,276
207041,5,3,1,289,415,21,27,704,48,310,442,752
207050,5,3,1,77,104,15,45,181,60,92,149,241
207069,5,3,1,65,65,18,46,130,64,83,111,194
207102,5,3,1,3,12,0,0,15,0,3,12,15
207209,5,3,1,180,316,1,6,496,7,181,322,503
207236,5,3,1,87,143,31,96,230,127,118,239,357
207263,5,3,1,465,678,49,61,1143,110,514,739,1253
207281,5,3,1,163,188,187,255,351,442,350,443,793
207290,5,3,1,182,129,18,37,311,55,200,166,366
207306,5,3,1,177,242,6,11,419,17,183,253,436
207315,5,3,1,3,9,0,0,12,0,3,9,12
207324,5,3,1,270,298,7,9,568,16,277,307,584
207342,5,3,1,33,365,0,2,398,2,33,367,400
207351,5,3,1,120,119,4,13,239,17,124,132,256
207388,5,3,1,3494,4059,166,199,7553,365,3660,4258,7918
207500,5,3,1,3740,3969,239,244,7709,483,3979,4213,8192
207564,5,3,1,312,93,80,51,405,131,392,144,536
207582,5,3,1,425,644,28,45,1069,73,453,689,1142
207661,5,3,1,240,360,30,51,600,81,270,411,681
207670,5,3,1,231,328,226,353,559,579,457,681,1138
207740,5,3,1,71,84,24,51,155,75,95,135,230
207847,5,3,1,299,297,33,37,596,70,332,334,666
207865,5,3,1,464,619,20,39,1083,59,484,658,1142
207935,5,3,1,420,533,523,897,953,1420,943,1430,2373
207962,5,3,1,73,11,0,0,84,0,73,11,84
207971,5,3,1,502,548,23,11,1050,34,525,559,1084
208035,5,3,1,89,62,19,45,151,64,108,107,215
208275,5,3,1,45,46,47,41,91,88,92,87,179
208318,5,3,1,138,145,145,144,283,289,283,289,572
208390,5,3,1,249,254,301,357,503,658,550,611,1161
208406,5,3,1,147,129,223,184,276,407,370,313,683
208415,5,3,1,9,24,28,30,33,58,37,54,91
208646,5,3,1,200,245,29,68,445,97,229,313,542
208822,5,3,1,337,532,4,15,869,19,341,547,888
209038,5,3,1,266,271,298,310,537,608,564,581,1145
209074,5,3,1,174,168,229,342,342,571,403,510,913
209250,5,3,1,172,177,226,185,349,411,398,362,760
209490,5,3,1,12,54,1,17,66,18,13,71,84
209506,5,3,1,332,278,41,69,610,110,373,347,720
209542,5,3,1,3552,3462,485,579,7014,1064,4037,4041,8078
209551,5,3,1,3186,4130,168,218,7316,386,3354,4348,7702
209603,5,3,1,23,83,1,2,106,3,24,85,109
209612,5,3,1,222,410,5,17,632,22,227,427,654
209746,5,3,1,503,633,674,955,1136,1629,1177,1588,2765
209807,5,3,1,1173,1864,166,191,3037,357,1339,2055,3394
209825,5,3,1,544,976,10,24,1520,34,554,1000,1554
209922,5,3,1,262,297,1,2,559,3,263,299,562
210234,5,3,1,78,59,32,50,137,82,110,109,219
210270,5,3,1,61,56,38,84,117,122,99,140,239
210401,5,3,1,220,339,6,6,559,12,226,345,571
210429,5,3,1,356,709,31,59,1065,90,387,768,1155
210605,5,3,1,417,418,501,625,835,1126,918,1043,1961
210739,5,3,1,295,485,7,14,780,21,302,499,801
210775,5,3,1,220,363,4,26,583,30,224,389,613
211088,5,3,1,199,463,4,8,662,12,203,471,674
211291,5,3,1,813,875,0,5,1688,5,813,880,1693
211307,5,3,1,262,268,369,447,530,816,631,715,1346
211316,5,3,1,2,19,0,1,21,1,2,20,22
211343,5,3,1,118,106,76,155,224,231,194,261,455
211352,5,3,1,199,275,3,7,474,10,202,282,484
211431,5,3,1,54,283,2,15,337,17,56,298,354
211440,5,3,1,1633,1555,42,57,3188,99,1675,1612,3287
211556,5,3,1,135,369,4,25,504,29,139,394,533
211583,5,3,1,156,139,5,4,295,9,161,143,304
211608,5,3,1,72,135,3,2,207,5,75,137,212
211927,5,3,1,253,219,390,523,472,913,643,742,1385
212045,5,3,1,9,60,0,0,69,0,9,60,69
212054,5,3,1,2411,2377,79,52,4788,131,2490,2429,4919
212106,5,3,1,767,1414,4,5,2181,9,771,1419,2190
212115,5,3,1,588,822,34,32,1410,66,622,854,1476
212133,5,3,1,181,255,6,20,436,26,187,275,462
212197,5,3,1,289,390,1,3,679,4,290,393,683
212230,5,3,1,1,5,0,0,6,0,1,5,6
212267,5,3,1,0,9,0,9,9,9,0,18,18
212276,5,3,1,2,10,1,2,12,3,3,12,15
212294,5,3,1,0,11,0,0,11,0,0,11,11
212300,5,3,1,0,8,0,1,8,1,0,9,9
212328,5,3,1,1,8,0,9,9,9,1,17,18
212337,5,3,1,0,20,1,8,20,9,1,28,29
212355,5,3,1,2,16,0,13,18,13,2,29,31
212382,5,3,1,0,20,0,7,20,7,0,27,27
212391,5,3,1,0,10,0,1,10,1,0,11,11
212601,5,3,1,453,669,5,9,1122,14,458,678,1136
212674,5,3,1,484,500,0,0,984,0,484,500,984
212753,5,3,1,0,11,0,4,11,4,0,15,15
212771,5,3,1,0,25,0,16,25,16,0,41,41
212805,5,3,1,485,439,2,2,924,4,487,441,928
212869,5,3,1,45,78,4,34,123,38,49,112,161
212878,5,3,1,305,406,397,831,711,1228,702,1237,1939
212975,5,3,1,33,7,0,0,40,0,33,7,40
212984,5,3,1,182,460,6,4,642,10,188,464,652
213011,5,3,1,124,268,2,9,392,11,126,277,403
213020,5,3,1,919,1588,55,76,2507,131,974,1664,2638
213181,5,3,1,6,60,0,10,66,10,6,70,76
213251,5,3,1,234,281,3,1,515,4,237,282,519
213321,5,3,1,353,367,0,3,720,3,353,370,723
213349,5,3,1,957,1356,32,55,2313,87,989,1411,2400
213367,5,3,1,342,552,11,12,894,23,353,564,917
213376,5,3,1,192,164,28,50,356,78,220,214,434
213385,5,3,1,611,604,1,1,1215,2,612,605,1217
213507,5,3,1,318,383,3,3,701,6,321,386,707
213525,5,3,1,222,161,194,346,383,540,416,507,923
213570,5,3,1,14,60,0,0,74,0,14,60,74
213589,5,3,1,59,7,5,1,66,6,64,8,72
213598,5,3,1,198,374,4,5,572,9,202,379,581
213659,5,3,1,157,197,124,233,354,357,281,430,711
213668,5,3,1,202,239,1,0,441,1,203,239,442
213774,5,3,1,26,58,6,13,84,19,32,71,103
213987,5,3,1,405,571,1,4,976,5,406,575,981
213996,5,3,1,416,633,7,21,1049,28,423,654,1077
214041,5,3,1,752,1049,75,101,1801,176,827,1150,1977
214111,5,3,1,314,257,466,615,571,1081,780,872,1652
214148,5,3,1,0,130,0,1,130,1,0,131,131
214157,5,3,1,301,466,6,4,767,10,307,470,777
214175,5,3,1,348,566,1,8,914,9,349,574,923
214272,5,3,1,182,320,6,23,502,29,188,343,531
214379,5,3,1,393,444,327,537,837,864,720,981,1701
214564,5,3,1,1,2,0,0,3,0,1,2,3
214591,5,3,1,575,279,28,9,854,37,603,288,891
214607,5,3,1,3,3,1,1,6,2,4,4,8
214625,5,3,1,43,23,4,3,66,7,47,26,73
214634,5,3,1,12,23,2,5,35,7,14,28,42
214643,5,3,1,29,20,3,1,49,4,32,21,53
214652,5,3,1,93,80,9,5,173,14,102,85,187
214670,5,3,1,70,68,6,3,138,9,76,71,147
214689,5,3,1,201,167,12,8,368,20,213,175,388
214698,5,3,1,50,53,2,4,103,6,52,57,109
214704,5,3,1,237,159,19,17,396,36,256,176,432
214713,5,3,1,486,330,39,26,816,65,525,356,881
214731,5,3,1,121,85,17,10,206,27,138,95,233
214740,5,3,1,32,24,3,4,56,7,35,28,63
214759,5,3,1,37,51,5,5,88,10,42,56,98
214768,5,3,1,39,27,0,2,66,2,39,29,68
214777,5,3,1,7210,5683,307,180,12893,487,7517,5863,13380
214786,5,3,1,31,26,2,3,57,5,33,29,62
214795,5,3,1,33,68,7,6,101,13,40,74,114
214801,5,3,1,347,255,38,21,602,59,385,276,661
214810,5,3,1,45,57,0,8,102,8,45,65,110
214829,5,3,1,71,41,7,6,112,13,78,47,125
214883,5,3,1,1,2,4,5,3,9,5,7,12
215053,5,3,1,28,73,0,1,101,1,28,74,102
215062,5,3,1,2341,2750,48,71,5091,119,2389,2821,5210
215105,5,3,1,186,408,0,3,594,3,186,411,597
215123,5,3,1,1,11,0,1,12,1,1,12,13
215239,5,3,1,325,519,414,749,844,1163,739,1268,2007
215266,5,3,1,164,212,5,7,376,12,169,219,388
215275,5,3,1,167,281,5,3,448,8,172,284,456
215284,5,3,1,470,383,3,2,853,5,473,385,858
215293,5,3,1,3679,4820,80,114,8499,194,3759,4934,8693
215309,5,3,1,0,2,0,1,2,1,0,3,3
215381,5,3,1,110,10,0,0,120,0,110,10,120
215424,5,3,1,0,1,0,0,1,0,0,1,1
215442,5,3,1,290,556,5,12,846,17,295,568,863
215479,5,3,1,4,12,0,0,16,0,4,12,16
215585,5,3,1,87,87,138,293,174,431,225,380,605
215655,5,3,1,590,473,10,8,1063,18,600,481,1081
215743,5,3,1,222,407,11,9,629,20,233,416,649
215798,5,3,1,338,251,3,4,589,7,341,255,596
215929,5,3,1,651,912,5,7,1563,12,656,919,1575
216010,5,3,1,792,849,34,38,1641,72,826,887,1713
216038,5,3,1,1213,1584,44,35,2797,79,1257,1619,2876
216339,5,3,1,3847,5423,128,129,9270,257,3975,5552,9527
216357,5,3,1,166,172,0,0,338,0,166,172,338
216366,5,3,1,341,798,3,20,1139,23,344,818,1162
216454,5,3,1,8,0,0,0,8,0,8,0,8
216524,5,3,1,355,322,1,0,677,1,356,322,678
216542,5,3,1,71,79,0,9,150,9,71,88,159
216579,5,3,1,0,20,0,0,20,0,0,20,20
216597,5,3,1,1442,1664,22,11,3106,33,1464,1675,3139
216667,5,3,1,246,233,0,2,479,2,246,235,481
216694,5,3,1,197,268,0,2,465,2,197,270,467
216746,5,3,1,8,1,1,1,9,2,9,2,11
216764,5,3,1,2050,3250,102,144,5300,246,2152,3394,5546
216825,5,3,1,136,150,107,221,286,328,243,371,614
216852,5,3,1,459,565,5,21,1024,26,464,586,1050
216931,5,3,1,374,442,5,8,816,13,379,450,829
216940,5,3,1,92,0,0,0,92,0,92,0,92
217013,5,3,1,47,167,0,4,214,4,47,171,218
217059,5,3,1,517,707,61,23,1224,84,578,730,1308
217156,5,3,1,1650,1753,57,139,3403,196,1707,1892,3599
217165,5,3,1,916,569,3,0,1485,3,919,569,1488
217235,5,3,1,604,993,25,26,1597,51,629,1019,1648
217305,5,3,1,250,96,23,9,346,32,273,105,378
217323,5,3,1,17,0,0,0,17,0,17,0,17
217402,5,3,1,738,909,6,5,1647,11,744,914,1658
217420,5,3,1,397,937,43,123,1334,166,440,1060,1500
217493,5,3,1,282,629,0,0,911,0,282,629,911
217518,5,3,1,834,822,18,15,1656,33,852,837,1689
217536,5,3,1,301,672,1,2,973,3,302,674,976
217581,5,3,1,0,16,0,6,16,6,0,22,22
217633,5,3,1,389,773,8,9,1162,17,397,782,1179
217688,5,3,1,308,523,9,12,831,21,317,535,852
217712,5,3,1,21,47,62,133,68,195,83,180,263
217721,5,3,1,260,373,2,0,633,2,262,373,635
217749,5,3,1,444,525,12,17,969,29,456,542,998
217819,5,3,1,1210,2592,38,66,3802,104,1248,2658,3906
217864,5,3,1,897,127,30,18,1024,48,927,145,1072
217873,5,3,1,161,442,2,4,603,6,163,446,609
217882,5,3,1,4600,5223,136,130,9823,266,4736,5353,10089
217891,5,3,1,10,15,1,0,25,1,11,15,26
217907,5,3,1,112,151,2,6,263,8,114,157,271
217925,5,3,1,124,97,13,11,221,24,137,108,245
217934,5,3,1,35,202,2,16,237,18,37,218,255
217961,5,3,1,47,240,0,3,287,3,47,243,290
217989,5,3,1,35,34,9,12,69,21,44,46,90
218025,5,3,1,117,102,87,205,219,292,204,307,511
218061,5,3,1,333,561,10,16,894,26,343,577,920
218113,5,3,1,378,412,354,582,790,936,732,994,1726
218140,5,3,1,314,369,194,382,683,576,508,751,1259
218229,5,3,1,403,829,8,16,1232,24,411,845,1256
218335,5,3,1,10,67,0,2,77,2,10,69,79
218353,5,3,1,381,359,292,476,740,768,673,835,1508
218399,5,3,1,44,57,0,0,101,0,44,57,101
218414,5,3,1,265,215,0,1,480,1,265,216,481
218441,5,3,1,266,290,10,6,556,16,276,296,572
218487,5,3,1,45,49,42,89,94,131,87,138,225
218520,5,3,1,122,149,125,250,271,375,247,399,646
218539,5,3,1,196,208,0,0,404,0,196,208,404
218645,5,3,1,287,494,17,41,781,58,304,535,839
218654,5,3,1,161,388,8,24,549,32,169,412,581
218663,5,3,1,5135,6466,111,144,11601,255,5246,6610,11856
218672,5,3,1,42,40,14,24,82,38,56,64,120
218681,5,3,1,29,19,5,9,48,14,34,28,62
218690,5,3,1,30,20,23,14,50,37,53,34,87
218706,5,3,1,17,14,9,4,31,13,26,18,44
218724,5,3,1,1470,1932,44,71,3402,115,1514,2003,3517
218733,5,3,1,251,367,16,8,618,24,267,375,642
218742,5,3,1,403,919,24,33,1322,57,427,952,1379
218751,5,3,1,4,5,0,0,9,0,4,5,9
218821,5,3,1,117,98,4,15,215,19,121,113,234
218830,5,3,1,201,240,200,269,441,469,401,509,910
218885,5,3,1,281,227,184,217,508,401,465,444,909
218919,5,3,1,48,72,4,9,120,13,52,81,133
218973,5,3,1,409,430,0,1,839,1,409,431,840
218991,5,3,1,146,146,136,211,292,347,282,357,639
219037,5,3,1,0,16,0,0,16,0,0,16,16
219082,5,3,1,377,160,140,150,537,290,517,310,827
219125,5,3,1,0,14,0,1,14,1,0,15,15
219170,5,3,1,0,10,0,0,10,0,0,10,10
219189,5,3,1,111,44,21,15,155,36,132,59,191
219198,5,3,1,107,124,6,4,231,10,113,128,241
219204,5,3,1,0,4,8,22,4,30,8,26,34
219259,5,3,1,150,232,76,116,382,192,226,348,574
219277,5,3,1,27,51,22,34,78,56,49,85,134
219338,5,3,1,1,1,0,0,2,0,1,1,2
219347,5,3,1,428,130,76,31,558,107,504,161,665
219426,5,3,1,146,119,79,118,265,197,225,237,462
219471,5,3,1,679,1154,128,216,1833,344,807,1370,2177
219480,5,3,1,56,33,22,31,89,53,78,64,142
219602,5,3,1,540,958,151,229,1498,380,691,1187,1878
219639,5,3,1,5,64,8,79,69,87,13,143,156
219806,5,3,1,280,372,4,4,652,8,284,376,660
219824,5,3,1,213,304,105,226,517,331,318,530,848
219833,5,3,1,190,243,3,5,433,8,193,248,441
219879,5,3,1,95,84,49,64,179,113,144,148,292
219888,5,3,1,173,238,111,164,411,275,284,402,686
219921,5,3,1,12,11,14,0,23,14,26,11,37
219994,5,3,1,82,41,3,0,123,3,85,41,126
220057,5,3,1,59,97,24,91,156,115,83,188,271
220075,5,3,1,1192,1849,64,123,3041,187,1256,1972,3228
220127,5,3,1,64,31,9,0,95,9,73,31,104
220163,5,3,1,2,31,0,5,33,5,2,36,38
220215,5,3,1,276,353,2,3,629,5,278,356,634
220251,5,3,1,23,9,3,0,32,3,26,9,35
220279,5,3,1,39,12,14,5,51,19,53,17,70
220321,5,3,1,39,41,3,6,80,9,42,47,89
220394,5,3,1,27,22,0,0,49,0,27,22,49
220400,5,3,1,56,106,69,167,162,236,125,273,398
220473,5,3,1,111,140,1,4,251,5,112,144,256
220516,5,3,1,128,167,3,3,295,6,131,170,301
220598,5,3,1,169,138,7,12,307,19,176,150,326
220604,5,3,1,51,70,1,2,121,3,52,72,124
220701,5,3,1,125,148,0,4,273,4,125,152,277
220710,5,3,1,176,214,0,0,390,0,176,214,390
220792,5,3,1,2,2,0,0,4,0,2,2,4
220862,5,3,1,1553,2377,157,276,3930,433,1710,2653,4363
220978,5,3,1,2387,2953,143,193,5340,336,2530,3146,5676
221050,5,3,1,68,23,24,1,91,25,92,24,116
221096,5,3,1,192,176,80,127,368,207,272,303,575
221148,5,3,1,196,10,0,0,206,0,196,10,206
221184,5,3,1,166,217,133,172,383,305,299,389,688
221333,5,3,1,20,17,20,6,37,26,40,23,63
221397,5,3,1,134,146,54,133,280,187,188,279,467
221430,5,3,1,33,9,7,2,42,9,40,11,51
221485,5,3,1,192,287,149,241,479,390,341,528,869
221494,5,3,1,82,13,8,2,95,10,90,15,105
221519,5,3,1,352,365,2,3,717,5,354,368,722
221582,5,3,1,18,8,7,1,26,8,25,9,34
221607,5,3,1,24,10,6,2,34,8,30,12,42
221625,5,3,1,120,46,2,0,166,2,122,46,168
221643,5,3,1,380,231,300,343,611,643,680,574,1254
221740,5,3,1,1338,2109,78,88,3447,166,1416,2197,3613
221759,5,3,1,4085,4318,206,189,8403,395,4291,4507,8798
221768,5,3,1,627,1037,17,27,1664,44,644,1064,1708
221838,5,3,1,454,900,65,105,1354,170,519,1005,1524
221847,5,3,1,1454,1393,62,91,2847,153,1516,1484,3000
221908,5,3,1,169,208,118,110,377,228,287,318,605
221999,5,3,1,1672,1836,15,12,3508,27,1687,1848,3535
222053,5,3,1,242,322,123,168,564,291,365,490,855
222062,5,3,1,148,197,73,168,345,241,221,365,586
222178,5,3,1,470,780,15,27,1250,42,485,807,1292
222576,5,3,1,213,279,219,465,492,684,432,744,1176
222822,5,3,1,94,164,80,155,258,235,174,319,493
222831,5,3,1,693,953,38,91,1646,129,731,1044,1775
222877,5,3,1,40,25,0,0,65,0,40,25,65
222992,5,3,1,639,690,1566,2074,1329,3640,2205,2764,4969
223223,5,3,1,6,13,0,0,19,0,6,13,19
223232,5,3,1,2620,3864,28,41,6484,69,2648,3905,6553
223320,5,3,1,74,79,71,124,153,195,145,203,348
223506,5,3,1,49,34,232,190,83,422,281,224,505
223816,5,3,1,77,104,385,375,181,760,462,479,941
223922,5,3,1,68,67,22,22,135,44,90,89,179
224147,5,3,1,635,1086,172,279,1721,451,807,1365,2172
224156,5,3,1,0,38,0,10,38,10,0,48,48
224323,5,3,1,250,326,1,5,576,6,251,331,582
224527,5,3,1,227,225,10,14,452,24,237,239,476
224554,5,3,1,523,878,76,109,1401,185,599,987,1586
224615,5,3,1,929,1006,2129,2965,1935,5094,3058,3971,7029
224642,5,3,1,562,615,1084,1342,1177,2426,1646,1957,3603
224891,5,3,1,57,50,19,39,107,58,76,89,165
224961,5,3,1,31,37,58,128,68,186,89,165,254
225247,5,3,1,247,269,7,9,516,16,254,278,532
225399,5,3,1,268,454,49,102,722,151,317,556,873
225414,5,3,1,298,506,138,218,804,356,436,724,1160
225432,5,3,1,459,854,340,542,1313,882,799,1396,2195
225511,5,3,1,4551,5224,1448,1344,9775,2792,5999,6568,12567
225548,5,3,1,110,118,3,4,228,7,113,122,235
225885,5,3,1,99,98,3,6,197,9,102,104,206
226116,5,3,1,62,74,57,98,136,155,119,172,291
226134,5,3,1,236,280,500,554,516,1054,736,834,1570
226204,5,3,1,56,45,321,314,101,635,377,359,736
226277,5,3,1,231,16,0,0,247,0,231,16,247
226383,5,3,1,146,262,4,9,408,13,150,271,421
226408,5,3,1,77,97,178,216,174,394,255,313,568
226471,5,3,1,312,655,9,31,967,40,321,686,1007
226578,5,3,1,139,234,179,385,373,564,318,619,937
226587,5,3,1,184,143,8,5,327,13,192,148,340
226675,5,3,1,4,79,0,0,83,0,4,79,83
227146,5,3,1,202,213,135,226,415,361,337,439,776
227182,5,3,1,1451,1599,2854,4264,3050,7118,4305,5863,10168
227216,5,3,1,4071,5414,637,842,9485,1479,4708,6256,10964
227331,5,3,1,120,249,4,7,369,11,124,256,380
227368,5,3,1,2380,4005,582,805,6385,1387,2962,4810,7772
227377,5,3,1,265,270,282,349,535,631,547,619,1166
227386,5,3,1,52,83,24,85,135,109,76,168,244
227401,5,3,1,102,154,52,129,256,181,154,283,437
227526,5,3,1,807,1782,67,154,2589,221,874,1936,2810
227757,5,3,1,962,910,36,29,1872,65,998,939,1937
227845,5,3,1,372,650,7,27,1022,34,379,677,1056
227863,5,3,1,256,397,6,12,653,18,262,409,671
227881,5,3,1,1805,3233,245,457,5038,702,2050,3690,5740
227979,5,3,1,620,815,1584,2089,1435,3673,2204,2904,5108
228042,5,3,1,154,188,4,1,342,5,158,189,347
228149,5,3,1,330,436,7,12,766,19,337,448,785
228158,5,3,1,790,836,225,376,1626,601,1015,1212,2227
228194,5,3,1,8,11,0,0,19,0,8,11,19
228246,5,3,1,1623,1605,24,33,3228,57,1647,1638,3285
228282,5,3,1,2,4,0,0,6,0,2,4,6
228343,5,3,1,281,353,2,1,634,3,283,354,637
228431,5,3,1,1096,1869,80,182,2965,262,1176,2051,3227
228459,5,3,1,3610,6262,550,896,9872,1446,4160,7158,11318
228501,5,3,1,147,150,29,55,297,84,176,205,381
228529,5,3,1,1098,1973,287,390,3071,677,1385,2363,3748
228547,5,3,1,618,674,2190,2786,1292,4976,2808,3460,6268
228635,5,3,1,2,8,0,0,10,0,2,8,10
228644,5,3,1,36,142,2,4,178,6,38,146,184
228653,5,3,1,6,44,0,7,50,7,6,51,57
228699,5,3,1,42,58,52,111,100,163,94,169,263
228705,5,3,1,635,676,61,74,1311,135,696,750,1446
228723,5,3,1,11688,11277,841,883,22965,1724,12529,12160,24689
228769,5,3,1,2624,3358,594,772,5982,1366,3218,4130,7348
228778,5,3,1,7192,9878,562,623,17070,1185,7754,10501,18255
228787,5,3,1,4032,3277,455,322,7309,777,4487,3599,8086
228796,5,3,1,1758,2531,558,674,4289,1232,2316,3205,5521
228802,5,3,1,535,990,93,211,1525,304,628,1201,1829
228875,5,3,1,1758,2830,9,20,4588,29,1767,2850,4617
228909,5,3,1,12,25,1,3,37,4,13,28,41
229018,5,3,1,170,245,24,29,415,53,194,274,468
229027,5,3,1,3346,4162,713,729,7508,1442,4059,4891,8950
229063,5,3,1,420,878,54,113,1298,167,474,991,1465
229115,5,3,1,5678,5791,469,461,11469,930,6147,6252,12399
229179,5,3,1,131,1854,26,348,1985,374,157,2202,2359
229267,5,3,1,523,587,0,2,1110,2,523,589,1112
229337,5,3,1,34,430,1,7,464,8,35,437,472
229355,5,3,1,189,238,160,290,427,450,349,528,877
229504,5,3,1,51,58,65,124,109,189,116,182,298
229780,5,3,1,119,91,18,15,210,33,137,106,243
229799,5,3,1,103,143,123,332,246,455,226,475,701
229814,5,3,1,754,1063,78,172,1817,250,832,1235,2067
229841,5,3,1,214,177,318,424,391,742,532,601,1133
229887,5,3,1,57,67,0,1,124,1,57,68,125
230038,5,3,1,3893,4792,206,386,8685,592,4099,5178,9277
230047,5,3,1,168,401,3,16,569,19,171,417,588
230162,5,3,1,24,58,227,110,82,337,251,168,419
230171,5,3,1,871,1326,169,227,2197,396,1040,1553,2593
230214,5,3,1,3,19,8,45,22,53,11,64,75
230597,5,3,1,464,299,53,83,763,136,517,382,899
230603,5,3,1,1005,1415,112,125,2420,237,1117,1540,2657
230676,5,3,1,12,8,14,4,20,18,26,12,38
230728,5,3,1,2467,3030,323,445,5497,768,2790,3475,6265
230746,5,3,1,602,562,1116,1302,1164,2418,1718,1864,3582
230764,5,3,1,3510,3518,375,457,7028,832,3885,3975,7860
230782,5,3,1,1135,1587,311,534,2722,845,1446,2121,3567
230807,5,3,1,138,214,5,4,352,9,143,218,361
230816,5,3,1,89,176,1,0,265,1,90,176,266
230834,5,3,1,239,255,28,39,494,67,267,294,561
230852,5,3,1,454,267,19,9,721,28,473,276,749
230861,5,3,1,49,71,195,372,120,567,244,443,687
230913,5,3,1,112,138,28,44,250,72,140,182,322
230959,5,3,1,559,635,1,1,1194,2,560,636,1196
231059,5,3,1,269,340,1,0,609,1,270,340,610
231095,5,3,1,8,15,0,0,23,0,8,15,23
231165,5,3,1,90,48,41,47,138,88,131,95,226
231174,5,3,1,1780,2933,47,54,4713,101,1827,2987,4814
231280,5,3,1,1,24,0,0,25,0,1,24,25
231411,5,3,1,58,6,0,0,64,0,58,6,64
231420,5,3,1,190,143,3,4,333,7,193,147,340
231536,5,3,1,90,105,145,189,195,334,235,294,529
231581,5,3,1,255,313,0,0,568,0,255,313,568
231624,5,3,1,1216,1823,3,17,3039,20,1219,1840,3059
231688,5,3,1,0,0,1,0,0,1,1,0,1
231697,5,3,1,62,62,121,181,124,302,183,243,426
231712,5,3,1,875,1134,13,18,2009,31,888,1152,2040
231785,5,3,1,42,40,6,44,82,50,48,84,132
231873,5,3,1,24,14,12,32,38,44,36,46,82
231882,5,3,1,53,57,41,79,110,120,94,136,230
232025,5,3,1,182,201,3,7,383,10,185,208,393
232043,5,3,1,130,196,2,2,326,4,132,198,330
232052,5,3,1,8,12,24,43,20,67,32,55,87
232089,5,3,1,162,124,1,1,286,2,163,125,288
232186,5,3,1,3736,4053,408,350,7789,758,4144,4403,8547
232195,5,3,1,138,181,295,468,319,763,433,649,1082
232308,5,3,1,0,309,0,0,309,0,0,309,309
232414,5,3,1,161,167,288,374,328,662,449,541,990
232450,5,3,1,200,183,344,438,383,782,544,621,1165
232557,5,3,1,3571,5070,555,754,8641,1309,4126,5824,9950
232566,5,3,1,336,885,29,41,1221,70,365,926,1291
232575,5,3,1,88,84,131,255,172,386,219,339,558
232609,5,3,1,238,409,2,10,647,12,240,419,659
232706,5,3,1,209,356,9,7,565,16,218,363,581
232788,5,3,1,42,73,23,64,115,87,65,137,202
232867,5,3,1,109,53,146,154,162,300,255,207,462
232946,5,3,1,1359,1222,2554,2328,2581,4882,3913,3550,7463
232982,5,3,1,1898,2489,216,270,4387,486,2114,2759,4873
233019,5,3,1,61,51,46,73,112,119,107,124,231
233037,5,3,1,12,26,16,34,38,50,28,60,88
233116,5,3,1,73,75,152,228,148,380,225,303,528
233277,5,3,1,745,1321,21,47,2066,68,766,1368,2134
233286,5,3,1,3,14,0,2,17,2,3,16,19
233295,5,3,1,297,390,8,4,687,12,305,394,699
233310,5,3,1,31,30,36,135,61,171,67,165,232
233338,5,3,1,135,136,22,39,271,61,157,175,332
233374,5,3,1,644,669,4,4,1313,8,648,673,1321
233426,5,3,1,353,424,4,4,777,8,357,428,785
233541,5,3,1,357,459,3,12,816,15,360,471,831
233611,5,3,1,131,149,1,1,280,2,132,150,282
233639,5,3,1,15,39,58,135,54,193,73,174,247
233648,5,3,1,83,70,32,75,153,107,115,145,260
233666,5,3,1,0,4,0,2,4,2,0,6,6
233718,5,3,1,0,165,0,0,165,0,0,165,165
233754,5,3,1,161,157,187,272,318,459,348,429,777
233772,5,3,1,383,482,592,758,865,1350,975,1240,2215
233903,5,3,1,42,54,42,81,96,123,84,135,219
233921,5,3,1,7476,6015,159,122,13491,281,7635,6137,13772
233949,5,3,1,118,140,194,231,258,425,312,371,683
234030,5,3,1,2415,4690,182,290,7105,472,2597,4980,7577
234076,5,3,1,3503,4561,76,80,8064,156,3579,4641,8220
234119,5,3,1,3,7,1,3,10,4,4,10,14
234155,5,3,1,538,813,9,17,1351,26,547,830,1377
234207,5,3,1,447,453,0,1,900,1,447,454,901
234377,5,3,1,31,39,34,87,70,121,65,126,191
234669,5,3,1,422,398,332,409,820,741,754,807,1561
234696,5,3,1,103,46,33,43,149,76,136,89,225
234711,5,3,1,100,96,36,42,196,78,136,138,274
234827,5,3,1,1212,1352,81,102,2564,183,1293,1454,2747
234845,5,3,1,67,100,38,46,167,84,105,146,251
234924,5,3,1,12,51,0,0,63,0,12,51,63
234933,5,3,1,215,244,149,253,459,402,364,497,861
234951,5,3,1,79,113,38,58,192,96,117,171,288
234979,5,3,1,239,289,164,200,528,364,403,489,892
235024,5,3,1,45,97,0,3,142,3,45,100,145
235097,5,3,1,831,1265,66,88,2096,154,897,1353,2250
235103,5,3,1,230,170,174,141,400,315,404,311,715
235149,5,3,1,216,218,218,285,434,503,434,503,937
235237,5,3,1,170,323,181,265,493,446,351,588,939
235307,5,3,1,1,15,0,0,16,0,1,15,16
235316,5,3,1,1033,1217,10,11,2250,21,1043,1228,2271
235334,5,3,1,74,57,13,34,131,47,87,91,178
235343,5,3,1,285,235,218,222,520,440,503,457,960
235431,5,3,1,138,191,131,185,329,316,269,376,645
235547,5,3,1,0,8,0,4,8,4,0,12,12
235671,5,3,1,217,71,44,50,288,94,261,121,382
235699,5,3,1,123,87,67,62,210,129,190,149,339
235750,5,3,1,53,101,41,71,154,112,94,172,266
236072,5,3,1,101,91,100,103,192,203,201,194,395
236188,5,3,1,133,157,157,158,290,315,290,315,605
236258,5,3,1,36,59,12,25,95,37,48,84,132
236328,5,3,1,332,484,0,2,816,2,332,486,818
236382,5,3,1,73,50,111,35,123,146,184,85,269
236452,5,3,1,144,280,1,12,424,13,145,292,437
236504,5,3,1,117,73,307,85,190,392,424,158,582
236513,5,3,1,182,229,117,148,411,265,299,377,676
236577,5,3,1,284,689,11,5,973,16,295,694,989
236595,5,3,1,582,975,18,34,1557,52,600,1009,1609
236610,5,3,1,181,159,134,169,340,303,315,328,643
236638,5,3,1,134,133,101,112,267,213,235,245,480
236656,5,3,1,124,127,78,115,251,193,202,242,444
236692,5,3,1,196,228,135,166,424,301,331,394,725
236708,5,3,1,192,221,81,113,413,194,273,334,607
236753,5,3,1,158,213,117,199,371,316,275,412,687
236887,5,3,1,109,122,45,70,231,115,154,192,346
236896,5,3,1,206,215,7,6,421,13,213,221,434
236939,5,3,1,3410,4027,184,249,7437,433,3594,4276,7870
236975,5,3,1,90,107,38,69,197,107,128,176,304
237011,5,3,1,1702,2635,242,262,4337,504,1944,2897,4841
237039,5,3,1,146,142,94,142,288,236,240,284,524
237057,5,3,1,238,347,1,3,585,4,239,350,589
237066,5,3,1,397,544,5,7,941,12,402,551,953
237109,5,3,1,122,210,55,143,332,198,177,353,530
237118,5,3,1,123,81,0,0,204,0,123,81,204
237181,5,3,1,128,113,0,0,241,0,128,113,241
237303,5,3,1,5,3,0,0,8,0,5,3,8
237312,5,3,1,200,205,15,21,405,36,215,226,441
237321,5,3,1,1,6,0,0,7,0,1,6,7
237330,5,3,1,182,237,3,11,419,14,185,248,433
237358,5,3,1,99,127,0,1,226,1,99,128,227
237367,5,3,1,377,483,20,72,860,92,397,555,952
237385,5,3,1,172,163,4,7,335,11,176,170,346
237525,5,3,1,972,1404,31,56,2376,87,1003,1460,2463
237686,5,3,1,97,135,22,58,232,80,119,193,312
237701,5,3,1,108,101,5,10,209,15,113,111,224
237792,5,3,1,280,460,16,24,740,40,296,484,780
237817,5,3,1,44,90,19,60,134,79,63,150,213
237899,5,3,1,166,197,4,11,363,15,170,208,378
237950,5,3,1,187,137,5,4,324,9,192,141,333
237969,5,3,1,145,186,1,0,331,1,146,186,332
238014,5,3,1,51,61,17,69,112,86,68,130,198
238032,5,3,1,3489,4101,76,85,7590,161,3565,4186,7751
238175,5,3,1,0,56,0,0,56,0,0,56,56
238193,5,3,1,0,173,1,14,173,15,1,187,188
238263,5,3,1,389,356,503,614,745,1117,892,970,1862
238397,5,3,1,51,61,102,154,112,256,153,215,368
238430,5,3,1,57,95,0,1,152,1,57,96,153
238458,5,3,1,347,810,6,11,1157,17,353,821,1174
238722,5,3,1,226,177,446,319,403,765,672,496,1168
238759,5,3,1,95,103,249,353,198,602,344,456,800
239008,5,3,1,39,28,83,95,67,178,122,123,245
239017,5,3,1,257,326,4,4,583,8,261,330,591
239071,5,3,1,63,87,8,12,150,20,71,99,170
239105,5,3,1,1360,1863,30,27,3223,57,1390,1890,3280
239169,5,3,1,2,13,0,0,15,0,2,13,15
239248,5,3,1,301,264,472,668,565,1140,773,932,1705
239309,5,3,1,89,300,0,0,389,0,89,300,389
239318,5,3,1,665,264,4,1,929,5,669,265,934
239372,5,3,1,63,70,95,167,133,262,158,237,395
239442,5,3,1,14,23,30,65,37,95,44,88,132
239488,5,3,1,211,152,210,392,363,602,421,544,965
239512,5,3,1,95,107,0,1,202,1,95,108,203
239716,5,3,1,323,465,1,0,788,1,324,465,789
239877,5,3,1,0,4,0,0,4,0,0,4,4
240107,5,3,1,114,370,4,12,484,16,118,382,500
240170,5,3,1,212,166,150,200,378,350,362,366,728
240189,5,3,1,1564,1486,79,88,3050,167,1643,1574,3217
240198,5,3,1,74,85,76,123,159,199,150,208,358
240268,5,3,1,1354,2164,66,95,3518,161,1420,2259,3679
240277,5,3,1,592,1045,75,167,1637,242,667,1212,1879
240329,5,3,1,1530,2166,64,66,3696,130,1594,2232,3826
240338,5,3,1,168,225,4,1,393,5,172,226,398
240365,5,3,1,928,1399,85,150,2327,235,1013,1549,2562
240374,5,3,1,387,477,24,53,864,77,411,530,941
240417,5,3,1,1104,853,90,73,1957,163,1194,926,2120
240426,5,3,1,181,288,14,26,469,40,195,314,509
240444,5,3,1,6932,7941,414,350,14873,764,7346,8291,15637
240453,5,3,1,2268,2908,191,199,5176,390,2459,3107,5566
240462,5,3,1,1262,783,73,33,2045,106,1335,816,2151
240471,5,3,1,531,1106,27,55,1637,82,558,1161,1719
240480,5,3,1,992,1303,63,112,2295,175,1055,1415,2470
240505,5,3,1,193,226,77,134,419,211,270,360,630
240514,5,3,1,62,83,45,30,145,75,107,113,220
240596,5,3,1,42,47,6,12,89,18,48,59,107
240620,5,3,1,139,181,98,165,320,263,237,346,583
240657,5,3,1,53,51,29,27,104,56,82,78,160
240666,5,3,1,84,111,58,68,195,126,142,179,321
240727,5,3,1,1309,1514,66,117,2823,183,1375,1631,3006
240745,5,3,1,68,115,98,119,183,217,166,234,400
240790,5,3,1,77,132,38,44,209,82,115,176,291
241182,5,3,1,13,53,0,0,66,0,13,53,66
241191,5,3,1,79,124,9,16,203,25,88,140,228
241225,5,3,1,41,115,6,23,156,29,47,138,185
241331,5,3,1,30,199,3,22,229,25,33,221,254
241377,5,3,1,50,69,2,6,119,8,52,75,127
241386,5,3,1,0,10,0,0,10,0,0,10,10
241395,5,3,1,24,53,1,3,77,4,25,56,81
241410,5,3,1,435,805,25,70,1240,95,460,875,1335
241720,5,3,1,30,73,13,11,103,24,43,84,127
241739,5,3,1,278,593,81,135,871,216,359,728,1087
241766,5,3,1,45,14,9,5,59,14,54,19,73
241836,5,3,1,30,40,10,31,70,41,40,71,111
241906,5,3,1,11,26,0,0,37,0,11,26,37
241951,5,3,1,28,87,8,13,115,21,36,100,136
242112,5,3,1,27,26,3,6,53,9,30,32,62
242130,5,3,1,15,39,10,9,54,19,25,48,73
242149,5,3,1,19,37,3,7,56,10,22,44,66
242556,5,3,1,50,15,2,0,65,2,52,15,67
242617,5,3,1,348,462,27,38,810,65,375,500,875
242626,5,3,1,235,415,40,52,650,92,275,467,742
242635,5,3,1,253,395,30,36,648,66,283,431,714
242644,5,3,1,61,172,12,38,233,50,73,210,283
242653,5,3,1,298,544,46,73,842,119,344,617,961
242662,5,3,1,241,372,41,61,613,102,282,433,715
242680,5,3,1,92,194,12,19,286,31,104,213,317
242699,5,3,1,70,204,12,29,274,41,82,233,315
242705,5,3,1,515,450,66,49,965,115,581,499,1080
242723,5,3,1,1,5,0,2,6,2,1,7,8
243106,5,3,1,274,312,17,24,586,41,291,336,627
243142,5,3,1,156,289,77,109,445,186,233,398,631
243179,5,3,1,254,610,19,34,864,53,273,644,917
243188,5,3,1,47,45,5,5,92,10,52,50,102
243203,5,3,1,25,109,1,5,134,6,26,114,140
243212,5,3,1,351,423,8,10,774,18,359,433,792
243221,5,3,1,843,1637,77,114,2480,191,920,1751,2671
243346,5,3,1,344,514,123,176,858,299,467,690,1157
243443,5,3,1,373,663,51,77,1036,128,424,740,1164
243577,5,3,1,278,121,362,125,399,487,640,246,886
243586,5,3,1,65,93,5,13,158,18,70,106,176
243601,5,3,1,627,1024,198,216,1651,414,825,1240,2065
243638,5,3,1,136,209,80,103,345,183,216,312,528
243647,5,3,1,43,46,21,26,89,47,64,72,136
243744,5,3,1,1746,1871,4,4,3617,8,1750,1875,3625
243780,5,3,1,8921,6679,386,249,15600,635,9307,6928,16235
243832,5,3,1,23,55,13,24,78,37,36,79,115
243841,5,3,1,8,31,4,14,39,18,12,45,57
244437,5,3,1,577,682,669,1022,1259,1691,1246,1704,2950
244446,5,3,1,49,42,87,79,91,166,136,121,257
245281,5,3,1,3,4,0,0,7,0,3,4,7
245625,5,3,1,43,56,42,68,99,110,85,124,209
246813,5,3,1,66,104,205,354,170,559,271,458,729
246895,5,3,1,18,33,6,14,51,20,24,47,71
247603,5,3,1,208,148,107,62,356,169,315,210,525
247834,5,3,1,1272,1031,1764,1970,2303,3734,3036,3001,6037
247940,5,3,1,127,111,113,156,238,269,240,267,507
248925,5,3,1,71,42,13,5,113,18,84,47,131
248934,5,3,1,340,669,0,1,1009,1,340,670,1010
249238,5,3,1,1,65,2,9,66,11,3,74,77
251260,5,3,1,292,197,179,259,489,438,471,456,927
260813,5,3,1,1,10,0,0,11,0,1,10,11
260929,5,3,1,3,41,0,0,44,0,3,41,44
262031,5,3,1,485,521,226,322,1006,548,711,843,1554
262086,5,3,1,25,37,55,102,62,157,80,139,219
262129,5,3,1,83,175,0,1,258,1,83,176,259
262341,5,3,1,125,18,0,0,143,0,125,18,143
363165,5,3,1,56,35,43,20,91,63,99,55,154
363633,5,3,1,34,51,16,29,85,45,50,80,130
363907,5,3,1,39,16,2,2,55,4,41,18,59
363916,5,3,1,7,10,1,3,17,4,8,13,21
364016,5,3,1,155,139,302,348,294,650,457,487,944
364025,5,3,1,403,246,625,626,649,1251,1028,872,1900
364636,5,3,1,7,22,0,7,29,7,7,29,36
365198,5,3,1,0,3,9,9,3,18,9,12,21
365480,5,3,1,8,15,45,18,23,63,53,33,86
366003,5,3,1,3,4,4,2,7,6,7,6,13
366252,5,3,1,797,312,50,81,1109,131,847,393,1240
366395,5,3,1,873,892,685,750,1765,1435,1558,1642,3200
366401,5,3,1,248,185,454,386,433,840,702,571,1273
366465,5,3,1,80,124,67,131,204,198,147,255,402
366623,5,3,1,1,3,1,0,4,1,2,3,5
366632,5,3,1,0,1,0,0,1,0,0,1,1
366711,5,3,1,1135,2158,182,280,3293,462,1317,2438,3755
367334,5,3,1,4,0,1,0,4,1,5,0,5
367459,5,3,1,140,156,289,418,296,707,429,574,1003
367954,5,3,1,0,9,0,0,9,0,0,9,9
368230,5,3,1,0,13,0,0,13,0,0,13,13
368911,5,3,1,15,37,31,113,52,144,46,150,196
372356,5,3,1,1,38,0,0,39,0,1,38,39
374574,5,3,1,23,103,7,21,126,28,30,124,154
375106,5,3,1,1,0,1,0,1,1,2,0,2
375407,5,3,1,3,13,0,2,16,2,3,15,18
375416,5,3,1,5,18,0,0,23,0,5,18,23
375726,5,3,1,25,41,14,4,66,18,39,45,84
375984,5,3,1,1,27,0,6,28,6,1,33,34
376288,5,3,1,3,12,0,0,15,0,3,12,15
376385,5,3,1,9,9,0,0,18,0,9,9,18
376446,5,3,1,0,2,0,11,2,11,0,13,13
376631,5,3,1,0,4,0,0,4,0,0,4,4
377218,5,3,1,32,0,0,0,32,0,32,0,32
377643,5,3,1,0,18,0,0,18,0,0,18,18
377722,5,3,1,2,71,0,0,73,0,2,71,73
379621,5,3,1,0,8,0,1,8,1,0,9,9
380359,5,3,1,4,18,8,21,22,29,12,39,51
382258,5,3,1,0,11,3,12,11,15,3,23,26
383190,5,3,1,65,57,62,113,122,175,127,170,297
383765,5,3,1,2,17,0,12,19,12,2,29,31
383996,5,3,1,9,10,9,24,19,33,18,34,52
384254,5,3,1,117,57,9,4,174,13,126,61,187
384333,5,3,1,177,237,403,584,414,987,580,821,1401
384342,5,3,1,195,171,208,227,366,435,403,398,801
385415,5,3,1,4,3,0,1,7,1,4,4,8
395362,5,3,1,27,30,40,53,57,93,67,83,150
399212,5,3,1,211,184,799,554,395,1353,1010,738,1748
399911,5,3,1,68,121,0,0,189,0,68,121,189
400187,5,3,1,6,27,2,13,33,15,8,40,48
401764,5,3,1,0,11,1,31,11,32,1,42,43
403469,5,3,1,15,18,29,25,33,54,44,43,87
403478,5,3,1,34,23,6,9,57,15,40,32,72
403487,5,3,1,35,38,12,27,73,39,47,65,112
404222,5,3,1,1,0,0,0,1,0,1,0,1
404426,5,3,1,109,89,129,137,198,266,238,226,464
404684,5,3,1,30,55,0,0,85,0,30,55,85
405872,5,3,1,74,76,124,168,150,292,198,244,442
407179,5,3,1,1,14,0,2,15,2,1,16,17
407461,5,3,1,8,3,0,0,11,0,8,3,11
407470,5,3,1,0,21,0,2,21,2,0,23,23
407735,5,3,1,0,20,0,0,20,0,0,20,20
407832,5,3,1,8,9,7,9,17,16,15,18,33
408066,5,3,1,8,17,0,7,25,7,8,24,32
408844,5,3,1,77,115,14,67,192,81,91,182,273
409254,5,3,1,0,0,0,1,0,1,0,1,1
409591,5,3,1,2,8,1,4,10,5,3,12,15
409698,5,3,1,683,1218,48,41,1901,89,731,1259,1990
412544,5,3,1,1,22,0,5,23,5,1,27,28
413617,5,3,1,0,3,2,6,3,8,2,9,11
414878,5,3,1,37,41,60,61,78,121,97,102,199
414911,5,3,1,67,59,34,66,126,100,101,125,226
414966,5,3,1,0,0,1,0,0,1,1,0,1
415039,5,3,1,0,8,0,4,8,4,0,12,12
416801,5,3,1,5,34,0,1,39,1,5,35,40
417008,5,3,1,1,29,0,0,30,0,1,29,30
417655,5,3,1,0,1,0,0,1,0,0,1,1
417716,5,3,1,0,9,0,0,9,0,0,9,9
417734,5,3,1,1,3,3,15,4,18,4,18,22
417752,5,3,1,2,4,0,0,6,0,2,4,6
417840,5,3,1,6,37,0,0,43,0,6,37,43
417886,5,3,1,0,2,0,0,2,0,0,2,2
417910,5,3,1,4,22,0,0,26,0,4,22,26
418029,5,3,1,0,2,0,0,2,0,0,2,2
418065,5,3,1,2,21,1,5,23,6,3,26,29
418083,5,3,1,2,1,0,0,3,0,2,1,3
418481,5,3,1,0,12,0,0,12,0,0,12,12
418533,5,3,1,6,30,3,3,36,6,9,33,42
418588,5,3,1,0,8,0,0,8,0,0,8,8
419031,5,3,1,0,4,0,0,4,0,0,4,4
420130,5,3,1,1,22,0,0,23,0,1,22,23
420246,5,3,1,0,3,0,0,3,0,0,3,3
420343,5,3,1,184,4,31,1,188,32,215,5,220
420431,5,3,1,19,31,74,97,50,171,93,128,221
420440,5,3,1,42,48,23,40,90,63,65,88,153
420538,5,3,1,31,42,17,34,73,51,48,76,124
420556,5,3,1,18,18,13,31,36,44,31,49,80
421610,5,3,1,2,28,0,1,30,1,2,29,31
421717,5,3,1,0,0,1,0,0,1,1,0,1
423643,5,3,1,7,30,0,0,37,0,7,30,37
423652,5,3,1,8,12,5,15,20,20,13,27,40
426314,5,3,1,119,49,240,65,168,305,359,114,473
428055,5,3,1,4,15,0,0,19,0,4,15,19
430227,5,3,1,0,11,0,3,11,3,0,14,14
430403,5,3,1,2,22,0,0,24,0,2,22,24
430564,5,3,1,1,0,0,0,1,0,1,0,1
430971,5,3,1,0,4,0,0,4,0,0,4,4
431275,5,3,1,0,0,0,5,0,5,0,5,5
431284,5,3,1,0,8,0,1,8,1,0,9,9
433040,5,3,1,1,2,0,0,3,0,1,2,3
433101,5,3,1,20,107,5,29,127,34,25,136,161
433387,5,3,1,1518,2207,0,0,3725,0,1518,2207,3725
433420,5,3,1,44,6,0,0,50,0,44,6,50
433660,5,3,1,1760,2557,573,655,4317,1228,2333,3212,5545
434061,5,3,1,304,276,152,226,580,378,456,502,958
434159,5,3,1,60,11,0,0,71,0,60,11,71
434469,5,3,1,20,45,0,0,65,0,20,45,65
434584,5,3,1,4,7,4,8,11,12,8,15,23
434672,5,3,1,380,388,592,864,768,1456,972,1252,2224
435000,5,3,1,3,12,0,0,15,0,3,12,15
436553,5,3,1,32,98,0,0,130,0,32,98,130
436818,5,3,1,55,103,9,7,158,16,64,110,174
436827,5,3,1,28,47,5,4,75,9,33,51,84
436836,5,3,1,274,285,37,18,559,55,311,303,614
437103,5,3,1,375,490,212,418,865,630,587,908,1495
438586,5,3,1,8,24,7,7,32,14,15,31,46
438708,5,3,1,7,25,3,14,32,17,10,39,49
439190,5,3,1,72,70,73,84,142,157,145,154,299
439367,5,3,1,14,61,0,0,75,0,14,61,75
439844,5,3,1,0,16,0,0,16,0,0,16,16
440031,5,3,1,14,55,0,0,69,0,14,55,69
440101,5,3,1,0,10,2,9,10,11,2,19,21
440271,5,3,1,10,14,0,0,24,0,10,14,24
440749,5,3,1,0,0,4,1,0,5,4,1,5
440828,5,3,1,92,88,55,65,180,120,147,153,300
441131,5,3,1,0,2,0,0,2,0,0,2,2
441371,5,3,1,5,294,0,0,299,0,5,294,299
441690,5,3,1,2,0,3,1,2,4,5,1,6
441760,5,3,1,124,98,145,273,222,418,269,371,640
441900,5,3,1,101,394,54,230,495,284,155,624,779
441937,5,3,1,401,944,58,131,1345,189,459,1075,1534
442073,5,3,1,32,81,5,23,113,28,37,104,141
442240,5,3,1,4,59,3,25,63,28,7,84,91
442329,5,3,1,104,18,0,0,122,0,104,18,122
442356,5,3,1,10,94,10,107,104,117,20,201,221
442523,5,3,1,14,29,0,0,43,0,14,29,43
442930,5,3,1,53,51,0,6,104,6,53,57,110
443049,5,3,1,4,3,3,1,7,4,7,4,11
443100,5,3,1,5,1,0,0,6,0,5,1,6
443331,5,3,1,42,174,10,42,216,52,52,216,268
443641,5,3,1,1,13,0,20,14,20,1,33,34
444219,5,3,1,180,122,577,653,302,1230,757,775,1532
444282,5,3,1,0,6,0,7,6,7,0,13,13
444291,5,3,1,0,18,0,4,18,4,0,22,22
444307,5,3,1,1,6,0,4,7,4,1,10,11
444468,5,3,1,1,9,0,0,10,0,1,9,10
444486,5,3,1,0,47,1,4,47,5,1,51,52
444556,5,3,1,50,61,0,0,111,0,50,61,111
444565,5,3,1,27,40,3,7,67,10,30,47,77
444583,5,3,1,45,41,0,0,86,0,45,41,86
444671,5,3,1,9,16,0,0,25,0,9,16,25
444787,5,3,1,6,37,5,37,43,42,11,74,85
445027,5,3,1,126,261,8,32,387,40,134,293,427
445133,5,3,1,1,5,1,2,6,3,2,7,9
445188,5,3,1,1280,1506,27,22,2786,49,1307,1528,2835
445212,5,3,1,1,14,3,12,15,15,4,26,30
445267,5,3,1,58,139,13,57,197,70,71,196,267
445498,5,3,1,2,0,0,0,2,0,2,0,2
445708,5,3,1,113,234,5,7,347,12,118,241,359
445911,5,3,1,59,90,17,21,149,38,76,111,187
445948,5,3,1,37,278,0,0,315,0,37,278,315
446206,5,3,1,1,11,0,2,12,2,1,13,14
446233,5,3,1,25,25,0,1,50,1,25,26,51
446288,5,3,1,0,7,0,10,7,10,0,17,17
446774,5,3,1,53,73,80,96,126,176,133,169,302
447148,5,3,1,0,34,0,9,34,9,0,43,43
447166,5,3,1,2,13,0,7,15,7,2,20,22
447175,5,3,1,0,9,0,8,9,8,0,17,17
447582,5,3,1,56,62,17,36,118,53,73,98,171
447689,5,3,1,774,1141,365,500,1915,865,1139,1641,2780
447698,5,3,1,0,1,0,0,1,0,0,1,1
447759,5,3,1,10,25,1,0,35,1,11,25,36
447999,5,3,1,2,13,0,0,15,0,2,13,15
448026,5,3,1,0,20,0,7,20,7,0,27,27
448196,5,3,1,1,4,0,0,5,0,1,4,5
448220,5,3,1,1,38,0,0,39,0,1,38,39
448248,5,3,1,9,44,281,107,53,388,290,151,441
448594,5,3,1,76,116,166,241,192,407,242,357,599
448673,5,3,1,4,55,3,54,59,57,7,109,116
448798,5,3,1,0,20,0,0,20,0,0,20,20
449320,5,3,1,152,5,60,2,157,62,212,7,219
449357,5,3,1,2,5,0,0,7,0,2,5,7
449384,5,3,1,38,26,7,5,64,12,45,31,76
449472,5,3,1,0,17,0,0,17,0,0,17,17
449889,5,3,1,2,12,0,0,14,0,2,12,14
449922,5,3,1,7,7,0,2,14,2,7,9,16
449959,5,3,1,0,13,4,13,13,17,4,26,30
449968,5,3,1,3,29,2,12,32,14,5,41,46
449977,5,3,1,1,31,0,12,32,12,1,43,44
449986,5,3,1,10,22,9,8,32,17,19,30,49
449995,5,3,1,1,17,0,11,18,11,1,28,29
450571,5,3,1,2,16,2,9,18,11,4,25,29
450599,5,3,1,1,13,0,0,14,0,1,13,14
450605,5,3,1,0,6,0,4,6,4,0,10,10
450614,5,3,1,0,13,0,4,13,4,0,17,17
450641,5,3,1,2,36,0,8,38,8,2,44,46
450720,5,3,1,3,72,2,100,75,102,5,172,177
450933,5,3,1,101,104,37,30,205,67,138,134,272
451121,5,3,1,2,6,1,9,8,10,3,15,18
451510,5,3,1,3,16,0,0,19,0,3,16,19
451565,5,3,1,5,35,2,0,40,2,7,35,42
451583,5,3,1,22,6,107,40,28,147,129,46,175
451714,5,3,1,2,25,10,9,27,19,12,34,46
451750,5,3,1,40,71,3,26,111,29,43,97,140
451857,5,3,1,1,9,0,0,10,0,1,9,10
451918,5,3,1,3,26,0,0,29,0,3,26,29
452009,5,3,1,0,11,0,0,11,0,0,11,11
453297,5,3,1,0,0,5,6,0,11,5,6,11
454227,5,3,1,18,140,33,177,158,210,51,317,368
454236,5,3,1,0,22,3,36,22,39,3,58,61
454245,5,3,1,4,27,6,37,31,43,10,64,74
454652,5,3,1,0,42,0,0,42,0,0,42,42
454698,5,3,1,21,66,0,0,87,0,21,66,87
454768,5,3,1,2,20,1,11,22,12,3,31,34
454777,5,3,1,2,18,1,10,20,11,3,28,31
454810,5,3,1,192,506,0,0,698,0,192,506,698
454926,5,3,1,2,54,0,7,56,7,2,61,63
454944,5,3,1,2,56,0,0,58,0,2,56,58
455026,5,3,1,0,0,26,3,0,29,26,3,29
455080,5,3,1,3,44,0,0,47,0,3,44,47
455114,5,3,1,242,192,307,475,434,782,549,667,1216
455196,5,3,1,10,114,0,0,124,0,10,114,124
455284,5,3,1,0,36,2,16,36,18,2,52,54
455406,5,3,1,2,3,0,0,5,0,2,3,5
455512,5,3,1,39,63,182,261,102,443,221,324,545
455831,5,3,1,0,14,0,0,14,0,0,14,14
455868,5,3,1,5,39,0,0,44,0,5,39,44
455901,5,3,1,1,20,1,24,21,25,2,44,46
456029,5,3,1,1,40,0,16,41,16,1,56,57
456065,5,3,1,1,37,0,1,38,1,1,38,39
456074,5,3,1,2,30,0,0,32,0,2,30,32
456135,5,3,1,0,18,0,4,18,4,0,22,22
456481,5,3,1,0,0,2,0,0,2,2,0,2
456542,5,3,1,1,7,0,0,8,0,1,7,8
456825,5,3,1,1,35,1,9,36,10,2,44,46
456959,5,3,1,40,182,3,10,222,13,43,192,235
457031,5,3,1,0,8,0,8,8,8,0,16,16
457129,5,3,1,0,18,2,20,18,22,2,38,40
457253,5,3,1,1,3,1,18,4,19,2,21,23
457299,5,3,1,2,8,2,7,10,9,4,15,19
457323,5,3,1,5,80,0,0,85,0,5,80,85
457475,5,3,1,0,36,0,0,36,0,0,36,36
457493,5,3,1,1,13,0,0,14,0,1,13,14
457527,5,3,1,0,0,2,9,0,11,2,9,11
457545,5,3,1,1,18,0,1,19,1,1,19,20
457633,5,3,1,1,13,0,20,14,20,1,33,34
457679,5,3,1,0,1,0,0,1,0,0,1,1
457855,5,3,1,1,11,1,5,12,6,2,16,18
458140,5,3,1,4,1,0,0,5,0,4,1,5
458210,5,3,1,49,176,13,35,225,48,62,211,273
458229,5,3,1,35,161,9,26,196,35,44,187,231
458274,5,3,1,3,38,0,5,41,5,3,43,46
458803,5,3,1,1,25,0,5,26,5,1,30,31
458812,5,3,1,1,12,0,6,13,6,1,18,19
458821,5,3,1,1,15,0,0,16,0,1,15,16
458830,5,3,1,0,27,0,9,27,9,0,36,36
458858,5,3,1,1,36,1,13,37,14,2,49,51
458867,5,3,1,0,21,0,10,21,10,0,31,31
459019,5,3,1,0,12,0,5,12,5,0,17,17
459046,5,3,1,0,5,0,4,5,4,0,9,9
459055,5,3,1,0,2,0,2,2,2,0,4,4
459064,5,3,1,0,10,0,1,10,1,0,11,11
459116,5,3,1,2,21,0,0,23,0,2,21,23
459170,5,3,1,3,24,0,20,27,20,3,44,47
459198,5,3,1,10,44,1,19,54,20,11,63,74
459231,5,3,1,2,54,0,0,56,0,2,54,56
459286,5,3,1,2,25,2,6,27,8,4,31,35
459301,5,3,1,0,24,0,1,24,1,0,25,25
459392,5,3,1,0,23,0,18,23,18,0,41,41
459417,5,3,1,8,3,2,1,11,3,10,4,14
459523,5,3,1,0,5,0,0,5,0,0,5,5
459578,5,3,1,3,11,3,2,14,5,6,13,19
459736,5,3,1,0,7,0,0,7,0,0,7,7
459949,5,3,1,273,624,87,194,897,281,360,818,1178
460349,5,3,1,29,106,32,90,135,122,61,196,257
460394,5,3,1,93,119,566,785,212,1351,659,904,1563
460464,5,3,1,141,99,643,721,240,1364,784,820,1604
460677,5,3,1,18,39,1,7,57,8,19,46,65
460862,5,3,1,0,19,1,23,19,24,1,42,43
460871,5,3,1,1,17,3,9,18,12,4,26,30
460932,5,3,1,0,23,0,0,23,0,0,23,23
461193,5,3,1,1,50,0,0,51,0,1,50,51
461272,5,3,1,0,7,0,6,7,6,0,13,13
461421,5,3,1,1,40,0,0,41,0,1,40,41
461591,5,3,1,2,21,0,0,23,0,2,21,23
461643,5,3,1,0,3,0,0,3,0,0,3,3
461652,5,3,1,1,14,0,0,15,0,1,14,15
461704,5,3,1,0,43,0,0,43,0,0,43,43
461759,5,3,1,15,13,2,1,28,3,17,14,31
461829,5,3,1,6,12,0,0,18,0,6,12,18
461883,5,3,1,1,3,1,0,4,1,2,3,5
461917,5,3,1,0,25,0,17,25,17,0,42,42
462008,5,3,1,1,33,0,21,34,21,1,54,55
462071,5,3,1,8,29,0,0,37,0,8,29,37
463056,5,3,1,155,184,16,12,339,28,171,196,367
466921,5,3,1,0,22,1,16,22,17,1,38,39
466930,5,3,1,6,45,22,121,51,143,28,166,194
467863,5,3,1,7,44,0,8,51,8,7,52,59
467872,5,3,1,2,42,0,18,44,18,2,60,62
468893,5,3,1,0,38,0,13,38,13,0,51,51
470047,5,3,1,0,2,0,0,2,0,0,2,2
474863,5,3,1,5,30,2,20,35,22,7,50,57
474915,5,3,1,0,53,2,40,53,42,2,93,95
474924,5,3,1,0,6,0,18,6,18,0,24,24
475200,5,3,1,0,1,1,0,1,1,1,1,2
475431,5,3,1,0,11,0,0,11,0,0,11,11
475486,5,3,1,2,27,5,12,29,17,7,39,46
475547,5,3,1,3,8,2,14,11,16,5,22,27
475556,5,3,1,1,16,0,12,17,12,1,28,29
475653,5,3,1,0,6,0,0,6,0,0,6,6
475723,5,3,1,7,12,30,12,19,42,37,24,61
475732,5,3,1,3,22,3,46,25,49,6,68,74
475741,5,3,1,1,8,0,5,9,5,1,13,14
475839,5,3,1,0,9,4,12,9,16,4,21,25
476063,5,3,1,20,2,0,0,22,0,20,2,22
476179,5,3,1,2,21,0,9,23,9,2,30,32
476805,5,3,1,0,9,0,0,9,0,0,9,9
476841,5,3,1,6,37,2,16,43,18,8,53,61
476975,5,3,1,53,61,89,130,114,219,142,191,333
476984,5,3,1,3,48,0,6,51,6,3,54,57
477039,5,3,1,6,40,2,10,46,12,8,50,58
478582,5,3,1,1,19,0,11,20,11,1,30,31
478616,5,3,1,1,14,1,2,15,3,2,16,18
478953,5,3,1,0,32,0,0,32,0,0,32,32
479956,5,3,1,365,493,226,260,858,486,591,753,1344
479983,5,3,1,3,16,0,0,19,0,3,16,19
480028,5,3,1,4,2,0,0,6,0,4,2,6
480091,5,3,1,53,293,122,230,346,352,175,523,698
480310,5,3,1,0,21,0,1,21,1,0,22,22
480569,5,3,1,11,37,4,0,48,4,15,37,52
480657,5,3,1,2,13,4,10,15,14,6,23,29
480790,5,3,1,0,2,0,0,2,0,0,2,2
480921,5,3,1,14,2,0,0,16,0,14,2,16
480930,5,3,1,0,7,0,2,7,2,0,9,9
480976,5,3,1,1,18,0,0,19,0,1,18,19
481191,5,3,1,6,28,0,0,34,0,6,28,34
481225,5,3,1,1,2,0,0,3,0,1,2,3
481526,5,3,1,0,19,0,0,19,0,0,19,19
481535,5,3,1,0,2,0,0,2,0,0,2,2
481678,5,3,1,0,11,0,6,11,6,0,17,17
481739,5,3,1,0,6,0,4,6,4,0,10,10
481748,5,3,1,0,18,0,3,18,3,0,21,21
481845,5,3,1,0,11,0,5,11,5,0,16,16
482149,5,3,1,509,1064,66,132,1573,198,575,1196,1771
482158,5,3,1,590,593,195,249,1183,444,785,842,1627
482167,5,3,1,0,2,0,8,2,8,0,10,10
482176,5,3,1,1,32,0,13,33,13,1,45,46
482413,5,3,1,2,1,2,3,3,5,4,4,8
482422,5,3,1,2,0,1,1,2,2,3,1,4
482431,5,3,1,15,14,19,9,29,28,34,23,57
482459,5,3,1,4,1,2,4,5,6,6,5,11
482468,5,3,1,3,7,5,3,10,8,8,10,18
482477,5,3,1,173,213,247,296,386,543,420,509,929
482556,5,3,1,4,2,1,3,6,4,5,5,10
482574,5,3,1,1,2,4,2,3,6,5,4,9
482635,5,3,1,2,1,0,2,3,2,2,3,5
482653,5,3,1,1,0,0,1,1,1,1,1,2
482680,5,3,1,1606,2144,615,756,3750,1371,2221,2900,5121
482699,5,3,1,102,129,36,73,231,109,138,202,340
482705,5,3,1,15,91,96,134,106,230,111,225,336
482936,5,3,1,328,77,28,6,405,34,356,83,439
483036,5,3,1,43,58,57,68,101,125,100,126,226
483045,5,3,1,125,133,221,346,258,567,346,479,825
483054,5,3,1,13,5,0,0,18,0,13,5,18
483124,5,3,1,802,2548,839,2128,3350,2967,1641,4676,6317
483328,5,3,1,2,19,0,6,21,6,2,25,27
483337,5,3,1,1,17,0,13,18,13,1,30,31
483559,5,3,1,0,8,0,3,8,3,0,11,11
483595,5,3,1,47,164,60,153,211,213,107,317,424
483823,5,3,1,62,30,0,0,92,0,62,30,92
483911,5,3,1,0,5,0,0,5,0,0,5,5
483975,5,3,1,1,4,0,0,5,0,1,4,5
484011,5,3,1,4,17,0,3,21,3,4,20,24
484093,5,3,1,0,19,0,14,19,14,0,33,33
484109,5,3,1,1,29,0,0,30,0,1,29,30
484190,5,3,1,3,0,0,0,3,0,3,0,3
484394,5,3,1,0,12,2,11,12,13,2,23,25
484473,5,3,1,288,296,95,133,584,228,383,429,812
484613,5,3,1,939,1971,0,0,2910,0,939,1971,2910
484631,5,3,1,2,3,0,0,5,0,2,3,5
484905,5,3,1,160,354,76,152,514,228,236,506,742
485014,5,3,1,1,8,0,4,9,4,1,12,13
485032,5,3,1,1,12,1,15,13,16,2,27,29
485111,5,3,1,332,344,187,253,676,440,519,597,1116
485272,5,3,1,4,64,3,30,68,33,7,94,101
485397,5,3,1,0,21,0,5,21,5,0,26,26
485458,5,3,1,26,32,81,99,58,180,107,131,238
485476,5,3,1,0,17,0,0,17,0,0,17,17
485494,5,3,1,12,0,0,0,12,0,12,0,12
485768,5,3,1,114,26,0,0,140,0,114,26,140
486123,5,3,1,3,2,0,0,5,0,3,2,5
486567,5,3,1,3,45,0,0,48,0,3,45,48
486691,5,3,1,0,16,0,3,16,3,0,19,19
486798,5,3,1,210,24,0,0,234,0,210,24,234
486840,5,3,1,4659,5148,1259,1370,9807,2629,5918,6518,12436
486877,5,3,1,0,1,0,0,1,0,0,1,1
486886,5,3,1,0,4,0,6,4,6,0,10,10
486938,5,3,1,5,17,4,23,22,27,9,40,49
486947,5,3,1,3,39,8,32,42,40,11,71,82
486956,5,3,1,3,28,1,35,31,36,4,63,67
486983,5,3,1,4,6,0,0,10,0,4,6,10
487010,5,3,1,10,109,0,0,119,0,10,109,119
487092,5,3,1,66,57,0,0,123,0,66,57,123
487162,5,3,1,55,148,106,198,203,304,161,346,507
487348,5,3,1,0,12,0,14,12,14,0,26,26
487524,5,3,1,353,478,16,37,831,53,369,515,884
487676,5,3,1,0,28,6,20,28,26,6,48,54
487773,5,3,1,0,6,0,0,6,0,0,6,6
487861,5,3,1,1,11,1,1,12,2,2,12,14
487922,5,3,1,0,8,0,4,8,4,0,12,12
488013,5,3,1,2,30,0,0,32,0,2,30,32
488031,5,3,1,1,2,0,0,3,0,1,2,3
488077,5,3,1,77,1,66,0,78,66,143,1,144
488271,5,3,1,0,24,0,0,24,0,0,24,24
488305,5,3,1,11,8,2,2,19,4,13,10,23
488989,5,3,1,0,21,1,11,21,12,1,32,33
488998,5,3,1,2,16,0,1,18,1,2,17,19
489140,5,3,1,0,11,2,10,11,12,2,21,23
489201,5,3,1,154,149,538,647,303,1185,692,796,1488
489256,5,3,1,53,8,1,0,61,1,54,8,62
489344,5,3,1,0,10,2,18,10,20,2,28,30
489353,5,3,1,5,26,8,25,31,33,13,51,64
489779,5,3,1,99,168,979,1114,267,2093,1078,1282,2360
489858,5,3,1,0,3,0,0,3,0,0,3,3
490115,5,3,1,9,3,0,0,12,0,9,3,12
490230,5,3,1,6,5,0,0,11,0,6,5,11
490258,5,3,1,5,23,0,0,28,0,5,23,28
490300,5,3,1,0,9,4,2,9,6,4,11,15
490416,5,3,1,1,1,0,0,2,0,1,1,2
490425,5,3,1,0,25,0,0,25,0,0,25,25
490601,5,3,1,2,3,0,0,5,0,2,3,5
490753,5,3,1,2,0,0,0,2,0,2,0,2
490805,5,3,1,716,744,67,77,1460,144,783,821,1604
491136,5,3,1,0,16,0,4,16,4,0,20,20
491145,5,3,1,0,17,0,9,17,9,0,26,26
491534,5,3,1,0,0,1,2,0,3,1,2,3
491826,5,3,1,0,20,0,0,20,0,0,20,20
491835,5,3,1,0,17,0,0,17,0,0,17,17
491941,5,3,1,0,44,0,0,44,0,0,44,44
491978,5,3,1,0,1,3,7,1,10,3,8,11
492476,5,3,1,1,3,3,5,4,8,4,8,12
492689,5,3,1,6,26,0,1,32,1,6,27,33
492759,5,3,1,1,17,0,20,18,20,1,37,38
492801,5,3,1,28,42,6,22,70,28,34,64,98
492962,5,3,1,22,37,32,50,59,82,54,87,141
493451,5,3,1,1,8,0,0,9,0,1,8,9
493655,5,3,1,0,1,0,0,1,0,0,1,1
493804,5,3,1,13,2,0,0,15,0,13,2,15
493831,5,3,1,2,1,0,0,3,0,2,1,3
494010,5,3,1,0,1,0,0,1,0,0,1,1
494278,5,3,1,0,2,6,8,2,14,6,10,16
494287,5,3,1,1,3,2,6,4,8,3,9,12
494898,5,3,1,0,2,0,0,2,0,0,2,2
494959,5,3,1,1,0,2,5,1,7,3,5,8
495077,5,3,1,2,25,0,0,27,0,2,25,27
495101,5,3,1,1,4,0,0,5,0,1,4,5
495271,5,3,1,0,0,2,1,0,3,2,1,3
495314,5,3,1,7,5,0,0,12,0,7,5,12
495350,5,3,1,0,3,0,0,3,0,0,3,3
495369,5,3,1,0,7,0,2,7,2,0,9,9
495411,5,3,1,1,19,0,0,20,0,1,19,20
495518,5,3,1,0,8,0,6,8,6,0,14,14
496043,5,3,1,2,2,0,0,4,0,2,2,4
496052,5,3,1,3,1,0,0,4,0,3,1,4
496618,5,3,1,1,10,0,0,11,0,1,10,11
496636,5,3,1,3,4,0,0,7,0,3,4,7
496733,5,3,1,0,17,0,0,17,0,0,17,17
497000,5,3,1,1,16,0,0,17,0,1,16,17
497037,5,3,1,3,45,3,21,48,24,6,66,72
497046,5,3,1,25,51,336,502,76,838,361,553,914
497107,5,3,1,0,0,1,8,0,9,1,8,9
497301,5,3,1,0,30,2,24,30,26,2,54,56
497417,5,3,1,0,3,0,0,3,0,0,3,3
497480,5,3,1,3,12,0,2,15,2,3,14,17
497790,5,3,1,44,0,0,0,44,0,44,0,44
498562,5,3,1,1477,2440,137,216,3917,353,1614,2656,4270
498571,5,3,1,1131,1907,69,108,3038,177,1200,2015,3215
100663,5,3,2,1477,2517,109,191,3994,300,1586,2708,4294
100706,5,3,2,1407,931,80,61,2338,141,1487,992,2479
100751,5,3,2,5012,6529,129,217,11541,346,5141,6746,11887
100760,5,3,2,53,41,41,56,94,97,94,97,191
100812,5,3,2,77,267,40,72,344,112,117,339,456
100830,5,3,2,248,592,65,108,840,173,313,700,1013
100858,5,3,2,4780,5069,344,241,9849,585,5124,5310,10434
100937,5,3,2,214,225,0,1,439,1,214,226,440
101143,5,3,2,112,55,51,38,167,89,163,93,256
101161,5,3,2,223,277,156,299,500,455,379,576,955
101189,5,3,2,158,149,8,9,307,17,166,158,324
101240,5,3,2,169,207,109,205,376,314,278,412,690
101286,5,3,2,86,154,117,219,240,336,203,373,576
101295,5,3,2,196,276,121,324,472,445,317,600,917
101301,5,3,2,47,53,21,40,100,61,68,93,161
101435,5,3,2,194,155,0,0,349,0,194,155,349
101453,5,3,2,5,0,0,1,5,1,5,1,6
101462,5,3,2,17,18,25,31,35,56,42,49,91
101480,5,3,2,849,1251,43,62,2100,105,892,1313,2205
101505,5,3,2,186,223,312,447,409,759,498,670,1168
101514,5,3,2,302,262,398,463,564,861,700,725,1425
101569,5,3,2,87,98,106,177,185,283,193,275,468
101587,5,3,2,141,246,54,77,387,131,195,323,518
101648,5,3,2,58,9,0,0,67,0,58,9,67
101709,5,3,2,255,475,6,19,730,25,261,494,755
101736,5,3,2,81,100,88,190,181,278,169,290,459
101897,5,3,2,51,113,57,121,164,178,108,234,342
101912,5,3,2,173,243,6,7,416,13,179,250,429
101994,5,3,2,20,19,4,11,39,15,24,30,54
102030,5,3,2,81,86,51,106,167,157,132,192,324
102049,5,3,2,510,1096,5,4,1606,9,515,1100,1615
102067,5,3,2,236,166,210,313,402,523,446,479,925
102076,5,3,2,65,80,135,182,145,317,200,262,462
102094,5,3,2,926,1578,93,123,2504,216,1019,1701,2720
102234,5,3,2,179,232,0,5,411,5,179,237,416
102313,5,3,2,78,83,64,95,161,159,142,178,320
102368,5,3,2,883,1362,122,226,2245,348,1005,1588,2593
102377,5,3,2,243,473,8,10,716,18,251,483,734
102395,5,3,2,0,0,1,0,0,1,1,0,1
102429,5,3,2,99,85,87,147,184,234,186,232,418
102553,5,3,2,366,543,221,325,909,546,587,868,1455
102614,5,3,2,307,298,90,173,605,263,397,471,868
102632,5,3,2,36,91,29,49,127,78,65,140,205
103741,5,3,2,1,32,0,14,33,14,1,46,47
104151,5,3,2,10696,11297,582,497,21993,1079,11278,11794,23072
104160,5,3,2,176,183,369,505,359,874,545,688,1233
104179,5,3,2,4782,6494,359,417,11276,776,5141,6911,12052
104346,5,3,2,186,217,261,360,403,621,447,577,1024
104391,5,3,2,1,17,0,0,18,0,1,17,18
104425,5,3,2,121,152,129,155,273,284,250,307,557
104443,5,3,2,0,9,0,4,9,4,0,13,13
104568,5,3,2,0,40,0,35,40,35,0,75,75
104577,5,3,2,95,108,70,107,203,177,165,215,380
104586,5,3,2,784,346,26,5,1130,31,810,351,1161
104708,5,3,2,375,355,693,859,730,1552,1068,1214,2282
104717,5,3,2,3806,5671,652,1945,9477,2597,4458,7616,12074
105145,5,3,2,68,73,184,226,141,410,252,299,551
105154,5,3,2,437,368,801,949,805,1750,1238,1317,2555
105206,5,3,2,43,67,109,250,110,359,152,317,469
105297,5,3,2,28,87,20,56,115,76,48,143,191
105330,5,3,2,2589,4535,121,227,7124,348,2710,4762,7472
105349,5,3,2,15,26,40,78,41,118,55,104,159
105428,5,3,2,151,270,298,581,421,879,449,851,1300
105525,5,3,2,378,366,1023,1220,744,2243,1401,1586,2987
105659,5,3,2,95,14,0,0,109,0,95,14,109
105668,5,3,2,49,52,311,496,101,807,360,548,908
105747,5,3,2,179,178,347,383,357,730,526,561,1087
105792,5,3,2,72,68,171,228,140,399,243,296,539
106148,5,3,2,127,71,124,246,198,370,251,317,568
106245,5,3,2,370,457,71,129,827,200,441,586,1027
106263,5,3,2,12,133,1,7,145,8,13,140,153
106324,5,3,2,0,4,0,4,4,4,0,8,8
106397,5,3,2,3857,4702,234,264,8559,498,4091,4966,9057
106412,5,3,2,262,337,31,34,599,65,293,371,664
106449,5,3,2,78,128,40,85,206,125,118,213,331
106458,5,3,2,815,1226,125,247,2041,372,940,1473,2413
106467,5,3,2,784,959,79,77,1743,156,863,1036,1899
106546,5,3,2,11,115,0,14,126,14,11,129,140
106625,5,3,2,32,64,20,34,96,54,52,98,150
106713,5,3,2,77,65,3,2,142,5,80,67,147
106908,5,3,2,3,75,0,2,78,2,3,77,80
107080,5,3,2,221,241,2,0,462,2,223,241,464
107099,5,3,2,1,14,0,0,15,0,1,14,15
107141,5,3,2,219,307,7,13,526,20,226,320,546
107318,5,3,2,5,18,33,32,23,65,38,50,88
107512,5,3,2,259,380,1,1,639,2,260,381,641
107521,5,3,2,15,8,8,12,23,20,23,20,43
107558,5,3,2,121,157,0,0,278,0,121,157,278
107585,5,3,2,66,74,41,68,140,109,107,142,249
107600,5,3,2,81,93,8,14,174,22,89,107,196
107619,5,3,2,6,12,5,10,18,15,11,22,33
107664,5,3,2,161,262,93,184,423,277,254,446,700
107725,5,3,2,16,33,12,48,49,60,28,81,109
107743,5,3,2,20,25,15,14,45,29,35,39,74
107789,5,3,2,0,27,0,0,27,0,0,27,27
107974,5,3,2,29,43,9,48,72,57,38,91,129
107983,5,3,2,455,531,8,15,986,23,463,546,1009
107992,5,3,2,40,49,15,15,89,30,55,64,119
108092,5,3,2,374,576,69,108,950,177,443,684,1127
108232,5,3,2,180,312,131,235,492,366,311,547,858
108667,5,3,2,67,51,402,412,118,814,469,463,932
108807,5,3,2,259,233,396,509,492,905,655,742,1397
108852,5,3,2,34,36,0,0,70,0,34,36,70
109208,5,3,2,420,373,1486,1407,793,2893,1906,1780,3686
109350,5,3,2,331,308,676,809,639,1485,1007,1117,2124
109785,5,3,2,314,694,5,14,1008,19,319,708,1027
109819,5,3,2,539,650,817,1153,1189,1970,1356,1803,3159
109907,5,3,2,73,90,98,120,163,218,171,210,381
109934,5,3,2,4,57,0,0,61,0,4,57,61
110097,5,3,2,518,862,20,28,1380,48,538,890,1428
110246,5,3,2,420,356,420,473,776,893,840,829,1669
110334,5,3,2,164,174,572,614,338,1186,736,788,1524
110361,5,3,2,919,1562,28,55,2481,83,947,1617,2564
110404,5,3,2,259,185,0,0,444,0,259,185,444
110413,5,3,2,455,593,1,7,1048,8,456,600,1056
110422,5,3,2,4120,3966,214,174,8086,388,4334,4140,8474
110486,5,3,2,676,1473,74,133,2149,207,750,1606,2356
110495,5,3,2,727,1556,93,198,2283,291,820,1754,2574
110510,5,3,2,1394,2652,206,336,4046,542,1600,2988,4588
110529,5,3,2,3671,3252,352,238,6923,590,4023,3490,7513
110538,5,3,2,1754,2423,93,128,4177,221,1847,2551,4398
110547,5,3,2,1000,1812,172,229,2812,401,1172,2041,3213
110556,5,3,2,2292,3612,293,383,5904,676,2585,3995,6580
110565,5,3,2,3849,6174,529,645,10023,1174,4378,6819,11197
110574,5,3,2,769,1330,82,107,2099,189,851,1437,2288
110583,5,3,2,3583,5716,350,484,9299,834,3933,6200,10133
110592,5,3,2,1927,3068,210,298,4995,508,2137,3366,5503
110608,5,3,2,3314,4591,451,510,7905,961,3765,5101,8866
110617,5,3,2,2724,4351,448,589,7075,1037,3172,4940,8112
110635,5,3,2,5764,6977,297,307,12741,604,6061,7284,13345
110644,5,3,2,4785,7545,102,117,12330,219,4887,7662,12549
110653,5,3,2,5384,6556,128,148,11940,276,5512,6704,12216
110662,5,3,2,5719,8763,143,178,14482,321,5862,8941,14803
110671,5,3,2,3702,4300,164,153,8002,317,3866,4453,8319
110680,5,3,2,6321,6726,165,131,13047,296,6486,6857,13343
110705,5,3,2,4407,5653,152,162,10060,314,4559,5815,10374
110714,5,3,2,3336,3041,171,114,6377,285,3507,3155,6662
111188,5,3,2,222,60,5,1,282,6,227,61,288
111434,5,3,2,75,59,399,372,134,771,474,431,905
111461,5,3,2,456,363,693,783,819,1476,1149,1146,2295
111513,5,3,2,1,28,0,9,29,9,1,37,38
111887,5,3,2,741,732,684,772,1473,1456,1425,1504,2929
111896,5,3,2,49,38,105,190,87,295,154,228,382
111920,5,3,2,310,306,626,608,616,1234,936,914,1850
111939,5,3,2,473,604,889,1181,1077,2070,1362,1785,3147
111948,5,3,2,1205,1840,38,83,3045,121,1243,1923,3166
112075,5,3,2,210,292,40,46,502,86,250,338,588
112084,5,3,2,53,37,3,9,90,12,56,46,102
112172,5,3,2,398,434,441,475,832,916,839,909,1748
112260,5,3,2,313,336,1,0,649,1,314,336,650
112367,5,3,2,0,2,2,9,2,11,2,11,13
112385,5,3,2,32,38,314,396,70,710,346,434,780
112561,5,3,2,73,63,55,70,136,125,128,133,261
112686,5,3,2,76,69,105,139,145,244,181,208,389
112826,5,3,2,175,126,267,342,301,609,442,468,910
113096,5,3,2,265,267,843,985,532,1828,1108,1252,2360
113111,5,3,2,106,130,262,300,236,562,368,430,798
113193,5,3,2,311,229,364,417,540,781,675,646,1321
113236,5,3,2,364,431,613,903,795,1516,977,1334,2311
113333,5,3,2,902,656,740,646,1558,1386,1642,1302,2944
113573,5,3,2,323,355,429,558,678,987,752,913,1665
113582,5,3,2,1,13,1,0,14,1,2,13,15
113634,5,3,2,687,578,936,875,1265,1811,1623,1453,3076
113698,5,3,2,108,287,5,6,395,11,113,293,406
113856,5,3,2,459,498,987,1129,957,2116,1446,1627,3073
113980,5,3,2,711,659,1059,1064,1370,2123,1770,1723,3493
114266,5,3,2,192,204,551,600,396,1151,743,804,1547
114354,5,3,2,67,403,23,107,470,130,90,510,600
114433,5,3,2,63,41,20,27,104,47,83,68,151
114716,5,3,2,364,309,534,531,673,1065,898,840,1738
114761,5,3,2,2,6,0,0,8,0,2,6,8
114789,5,3,2,467,525,1011,1295,992,2306,1478,1820,3298
114813,5,3,2,96,181,8,47,277,55,104,228,332
114859,5,3,2,727,634,1022,1248,1361,2270,1749,1882,3631
114938,5,3,2,147,141,170,214,288,384,317,355,672
114947,5,3,2,8,5,0,0,13,0,8,5,13
115001,5,3,2,424,363,331,363,787,694,755,726,1481
115083,5,3,2,2,1,0,0,3,0,2,1,3
115126,5,3,2,324,280,608,689,604,1297,932,969,1901
115393,5,3,2,294,328,360,397,622,757,654,725,1379
115755,5,3,2,463,703,49,74,1166,123,512,777,1289
115861,5,3,2,309,355,337,433,664,770,646,788,1434
116439,5,3,2,413,253,602,482,666,1084,1015,735,1750
116563,5,3,2,0,26,0,0,26,0,0,26,26
116846,5,3,2,0,1,0,0,1,0,0,1,1
117052,5,3,2,176,106,395,435,282,830,571,541,1112
117104,5,3,2,51,52,3,5,103,8,54,57,111
117195,5,3,2,50,50,79,79,100,158,129,129,258
117247,5,3,2,175,106,536,470,281,1006,711,576,1287
117274,5,3,2,34,27,21,20,61,41,55,47,102
117645,5,3,2,693,870,1032,1226,1563,2258,1725,2096,3821
117672,5,3,2,5,0,4,0,5,4,9,0,9
117690,5,3,2,119,151,392,525,270,917,511,676,1187
117706,5,3,2,335,351,855,953,686,1808,1190,1304,2494
117715,5,3,2,45,34,191,307,79,498,236,341,577
117724,5,3,2,220,152,580,375,372,955,800,527,1327
117733,5,3,2,224,218,693,821,442,1514,917,1039,1956
117788,5,3,2,192,222,504,548,414,1052,696,770,1466
117803,5,3,2,0,0,3,7,0,10,3,7,10
117867,5,3,2,126,153,458,560,279,1018,584,713,1297
117894,5,3,2,235,220,499,543,455,1042,734,763,1497
117946,5,3,2,1451,1708,29,23,3159,52,1480,1731,3211
118347,5,3,2,146,117,207,191,263,398,353,308,661
118684,5,3,2,54,66,76,135,120,211,130,201,331
118718,5,3,2,344,489,346,476,833,822,690,965,1655
118772,5,3,2,48,55,307,352,103,659,355,407,762
118930,5,3,2,125,105,343,308,230,651,468,413,881
118976,5,3,2,629,813,529,738,1442,1267,1158,1551,2709
119058,5,3,2,1,2,0,0,3,0,1,2,3
119067,5,3,2,194,203,210,267,397,477,404,470,874
119137,5,3,2,399,372,818,832,771,1650,1217,1204,2421
119164,5,3,2,897,866,1480,1566,1763,3046,2377,2432,4809
119216,5,3,2,447,570,668,860,1017,1528,1115,1430,2545
119331,5,3,2,150,117,192,280,267,472,342,397,739
120166,5,3,2,4,1,0,0,5,0,4,1,5
120254,5,3,2,352,481,5,7,833,12,357,488,845
120290,5,3,2,289,206,378,371,495,749,667,577,1244
120342,5,3,2,713,611,1122,1043,1324,2165,1835,1654,3489
120403,5,3,2,125,296,2,4,421,6,127,300,427
120421,5,3,2,132,144,466,483,276,949,598,627,1225
120865,5,3,2,95,138,2,6,233,8,97,144,241
120883,5,3,2,537,616,5,10,1153,15,542,626,1168
120953,5,3,2,13,26,37,31,39,68,50,57,107
120971,5,3,2,542,489,1046,973,1031,2019,1588,1462,3050
121044,5,3,2,820,664,1157,1265,1484,2422,1977,1929,3906
121150,5,3,2,589,738,20,35,1327,55,609,773,1382
121275,5,3,2,6,3,0,0,9,0,6,3,9
121309,5,3,2,344,735,14,20,1079,34,358,755,1113
121363,5,3,2,104,114,133,207,218,340,237,321,558
121619,5,3,2,349,320,974,938,669,1912,1323,1258,2581
121707,5,3,2,103,83,93,112,186,205,196,195,391
121886,5,3,2,324,326,910,756,650,1666,1234,1082,2316
121901,5,3,2,448,450,1208,1641,898,2849,1656,2091,3747
122180,5,3,2,357,417,948,1235,774,2183,1305,1652,2957
122205,5,3,2,567,422,1056,1049,989,2105,1623,1471,3094
122296,5,3,2,5,12,0,2,17,2,5,14,19
122339,5,3,2,119,151,702,860,270,1562,821,1011,1832
122375,5,3,2,358,352,1162,1308,710,2470,1520,1660,3180
122384,5,3,2,159,92,816,850,251,1666,975,942,1917
122409,5,3,2,4168,6230,353,448,10398,801,4521,6678,11199
122436,5,3,2,988,1370,8,18,2358,26,996,1388,2384
122597,5,3,2,1992,3178,320,398,5170,718,2312,3576,5888
122612,5,3,2,729,1322,9,16,2051,25,738,1338,2076
122658,5,3,2,641,742,569,781,1383,1350,1210,1523,2733
122728,5,3,2,127,185,6,14,312,20,133,199,332
122746,5,3,2,121,128,386,482,249,868,507,610,1117
122755,5,3,2,3384,3593,500,411,6977,911,3884,4004,7888
122791,5,3,2,192,132,566,465,324,1031,758,597,1355
122889,5,3,2,624,620,519,578,1244,1097,1143,1198,2341
122931,5,3,2,1388,1276,23,13,2664,36,1411,1289,2700
122977,5,3,2,885,954,1111,1344,1839,2455,1996,2298,4294
123013,5,3,2,472,451,726,817,923,1543,1198,1268,2466
123165,5,3,2,0,495,0,0,495,0,0,495,495
123217,5,3,2,410,487,607,726,897,1333,1017,1213,2230
123341,5,3,2,513,444,712,838,957,1550,1225,1282,2507
123457,5,3,2,76,93,0,3,169,3,76,96,172
123484,5,3,2,53,33,26,23,86,49,79,56,135
123509,5,3,2,172,167,555,476,339,1031,727,643,1370
123563,5,3,2,194,253,407,523,447,930,601,776,1377
123572,5,3,2,584,1251,63,86,1835,149,647,1337,1984
123800,5,3,2,623,698,847,1009,1321,1856,1470,1707,3177
123952,5,3,2,41,29,0,1,70,1,41,30,71
123961,5,3,2,4373,4990,83,72,9363,155,4456,5062,9518
124113,5,3,2,53,97,161,157,150,318,214,254,468
124487,5,3,2,0,0,2,0,0,2,2,0,2
125028,5,3,2,294,288,646,752,582,1398,940,1040,1980
125231,5,3,2,1,33,37,124,34,161,38,157,195
125462,5,3,2,52,22,110,138,74,248,162,160,322
125471,5,3,2,127,131,382,419,258,801,509,550,1059
125499,5,3,2,240,180,380,346,420,726,620,526,1146
125763,5,3,2,194,303,2,5,497,7,196,308,504
125897,5,3,2,123,149,2,4,272,6,125,153,278
126119,5,3,2,120,112,217,350,232,567,337,462,799
126182,5,3,2,165,168,8,13,333,21,173,181,354
126207,5,3,2,193,194,214,310,387,524,407,504,911
126289,5,3,2,144,151,283,329,295,612,427,480,907
126562,5,3,2,1093,1596,208,232,2689,440,1301,1828,3129
126580,5,3,2,968,1292,155,182,2260,337,1123,1474,2597
126614,5,3,2,6247,5800,299,207,12047,506,6546,6007,12553
126711,5,3,2,144,120,97,129,264,226,241,249,490
126748,5,3,2,32,28,11,16,60,27,43,44,87
126775,5,3,2,1409,668,48,25,2077,73,1457,693,2150
126818,5,3,2,3687,4900,342,409,8587,751,4029,5309,9338
126827,5,3,2,125,369,88,252,494,340,213,621,834
126863,5,3,2,92,81,163,231,173,394,255,312,567
126915,5,3,2,3,9,2,6,12,8,5,15,20
126942,5,3,2,128,210,237,384,338,621,365,594,959
126951,5,3,2,216,23,0,0,239,0,216,23,239
127185,5,3,2,404,491,27,23,895,50,431,514,945
127200,5,3,2,396,372,652,869,768,1521,1048,1241,2289
127316,5,3,2,3,14,6,33,17,39,9,47,56
127389,5,3,2,33,27,10,13,60,23,43,40,83
127556,5,3,2,950,1187,119,119,2137,238,1069,1306,2375
127565,5,3,2,1011,1356,360,469,2367,829,1371,1825,3196
127617,5,3,2,16,17,26,41,33,67,42,58,100
127653,5,3,2,13,40,0,2,53,2,13,42,55
127714,5,3,2,0,1,6,5,1,11,6,6,12
127732,5,3,2,83,51,14,18,134,32,97,69,166
127741,5,3,2,678,1403,44,66,2081,110,722,1469,2191
127778,5,3,2,62,46,8,19,108,27,70,65,135
127820,5,3,2,262,380,417,570,642,987,679,950,1629
127884,5,3,2,79,123,100,174,202,274,179,297,476
127909,5,3,2,143,132,278,268,275,546,421,400,821
127918,5,3,2,201,459,7,19,660,26,208,478,686
128106,5,3,2,314,387,99,67,701,166,413,454,867
128258,5,3,2,64,44,25,35,108,60,89,79,168
128337,5,3,2,0,11,0,11,11,11,0,22,22
128498,5,3,2,101,123,0,1,224,1,101,124,225
128577,5,3,2,35,28,50,65,63,115,85,93,178
128744,5,3,2,132,243,5,7,375,12,137,250,387
128771,5,3,2,1112,992,103,105,2104,208,1215,1097,2312
128780,5,3,2,9,25,9,17,34,26,18,42,60
128902,5,3,2,303,461,3,4,764,7,306,465,771
129020,5,3,2,3975,4258,81,68,8233,149,4056,4326,8382
129154,5,3,2,16,33,22,132,49,154,38,165,203
129181,5,3,2,180,24,24,5,204,29,204,29,233
129215,5,3,2,521,765,21,22,1286,43,542,787,1329
129242,5,3,2,854,1168,9,7,2022,16,863,1175,2038
129349,5,3,2,1,21,0,5,22,5,1,26,27
129367,5,3,2,38,65,78,134,103,212,116,199,315
129525,5,3,2,637,796,24,22,1433,46,661,818,1479
129543,5,3,2,97,123,164,204,220,368,261,327,588
129695,5,3,2,143,154,243,255,297,498,386,409,795
129729,5,3,2,163,160,255,282,323,537,418,442,860
129756,5,3,2,70,52,75,117,122,192,145,169,314
129774,5,3,2,101,74,9,6,175,15,110,80,190
129808,5,3,2,78,87,111,186,165,297,189,273,462
129923,5,3,2,39,70,30,16,109,46,69,86,155
129941,5,3,2,766,1020,22,26,1786,48,788,1046,1834
130004,5,3,2,135,154,223,273,289,496,358,427,785
130040,5,3,2,32,33,44,73,65,117,76,106,182
130183,5,3,2,201,291,82,309,492,391,283,600,883
130217,5,3,2,29,39,47,72,68,119,76,111,187
130226,5,3,2,1006,1692,10,8,2698,18,1016,1700,2716
130253,5,3,2,897,1842,22,38,2739,60,919,1880,2799
130314,5,3,2,85,223,3,1,308,4,88,224,312
130396,5,3,2,176,183,273,392,359,665,449,575,1024
130590,5,3,2,519,496,4,2,1015,6,523,498,1021
130606,5,3,2,150,162,194,189,312,383,344,351,695
130624,5,3,2,290,186,0,0,476,0,290,186,476
130697,5,3,2,555,726,1,4,1281,5,556,730,1286
130776,5,3,2,537,627,60,45,1164,105,597,672,1269
130794,5,3,2,1462,1465,1,0,2927,1,1463,1465,2928
130934,5,3,2,482,950,40,50,1432,90,522,1000,1522
130943,5,3,2,3112,4410,136,155,7522,291,3248,4565,7813
130989,5,3,2,116,97,3,3,213,6,119,100,219
131113,5,3,2,253,328,152,199,581,351,405,527,932
131399,5,3,2,117,143,67,103,260,170,184,246,430
131450,5,3,2,108,130,1,2,238,3,109,132,241
131469,5,3,2,1465,2705,18,37,4170,55,1483,2742,4225
131496,5,3,2,1444,1947,25,37,3391,62,1469,1984,3453
131520,5,3,2,796,1933,24,44,2729,68,820,1977,2797
132471,5,3,2,233,465,9,14,698,23,242,479,721
132693,5,3,2,383,383,512,656,766,1168,895,1039,1934
132709,5,3,2,743,771,1732,2259,1514,3991,2475,3030,5505
132842,5,3,2,0,6,1,6,6,7,1,12,13
132851,5,3,2,140,218,209,370,358,579,349,588,937
132879,5,3,2,43,19,0,0,62,0,43,19,62
132903,5,3,2,7419,9576,1731,2197,16995,3928,9150,11773,20923
133021,5,3,2,74,80,43,66,154,109,117,146,263
133386,5,3,2,384,401,395,617,785,1012,779,1018,1797
133492,5,3,2,260,565,6,19,825,25,266,584,850
133508,5,3,2,356,477,615,1072,833,1687,971,1549,2520
133553,5,3,2,1725,643,54,16,2368,70,1779,659,2438
133650,5,3,2,753,1644,50,162,2397,212,803,1806,2609
133702,5,3,2,387,569,770,1236,956,2006,1157,1805,2962
133711,5,3,2,282,581,0,8,863,8,282,589,871
133809,5,3,2,85,102,1,3,187,4,86,105,191
133872,5,3,2,11,65,11,90,76,101,22,155,177
133881,5,3,2,709,359,65,36,1068,101,774,395,1169
133960,5,3,2,42,32,40,43,74,83,82,75,157
134097,5,3,2,5744,7934,481,645,13678,1126,6225,8579,14804
134130,5,3,2,6052,8348,482,616,14400,1098,6534,8964,15498
134343,5,3,2,121,183,140,232,304,372,261,415,676
134495,5,3,2,893,882,1025,1476,1775,2501,1918,2358,4276
134608,5,3,2,349,386,583,926,735,1509,932,1312,2244
135160,5,3,2,61,98,69,147,159,216,130,245,375
135188,5,3,2,94,128,205,283,222,488,299,411,710
135391,5,3,2,290,333,372,588,623,960,662,921,1583
135407,5,3,2,151,97,5,1,248,6,156,98,254
135610,5,3,2,0,0,2,0,0,2,2,0,2
135717,5,3,2,1660,1882,2459,2944,3542,5403,4119,4826,8945
135726,5,3,2,2430,2799,42,33,5229,75,2472,2832,5304
136109,5,3,2,1,15,0,8,16,8,1,23,24
136145,5,3,2,15,29,26,48,44,74,41,77,118
136172,5,3,2,1200,1445,441,543,2645,984,1641,1988,3629
136233,5,3,2,131,161,110,160,292,270,241,321,562
136330,5,3,2,300,519,5,11,819,16,305,530,835
136358,5,3,2,714,730,1316,1815,1444,3131,2030,2545,4575
136400,5,3,2,225,273,437,583,498,1020,662,856,1518
136473,5,3,2,209,304,230,441,513,671,439,745,1184
136516,5,3,2,194,296,319,584,490,903,513,880,1393
136659,5,3,2,50,9,9,5,59,14,59,14,73
136950,5,3,2,408,584,5,2,992,7,413,586,999
137078,5,3,2,512,570,826,1320,1082,2146,1338,1890,3228
137096,5,3,2,590,527,777,885,1117,1662,1367,1412,2779
137209,5,3,2,432,427,717,880,859,1597,1149,1307,2456
137281,5,3,2,115,145,219,362,260,581,334,507,841
137351,5,3,2,4800,6919,710,844,11719,1554,5510,7763,13273
137546,5,3,2,486,652,12,7,1138,19,498,659,1157
137564,5,3,2,617,957,56,62,1574,118,673,1019,1692
137591,5,3,2,3,23,1,7,26,8,4,30,34
137759,5,3,2,689,626,606,749,1315,1355,1295,1375,2670
138187,5,3,2,1397,1586,2462,3280,2983,5742,3859,4866,8725
138275,5,3,2,123,108,2,3,231,5,125,111,236
138309,5,3,2,42,222,31,215,264,246,73,437,510
138354,5,3,2,917,1241,153,174,2158,327,1070,1415,2485
138558,5,3,2,321,410,66,154,731,220,387,564,951
138600,5,3,2,0,412,0,0,412,0,0,412,412
138682,5,3,2,46,71,44,102,117,146,90,173,263
138716,5,3,2,362,863,84,215,1225,299,446,1078,1524
138761,5,3,2,25,17,1,3,42,4,26,20,46
138840,5,3,2,53,57,88,128,110,216,141,185,326
138938,5,3,2,0,24,0,4,24,4,0,28,28
138947,5,3,2,238,771,13,23,1009,36,251,794,1045
138956,5,3,2,116,129,186,179,245,365,302,308,610
139144,5,3,2,328,600,1,2,928,3,329,602,931
139199,5,3,2,11,179,2,15,190,17,13,194,207
139205,5,3,2,111,75,2,3,186,5,113,78,191
139250,5,3,2,135,300,66,134,435,200,201,434,635
139278,5,3,2,112,171,199,403,283,602,311,574,885
139311,5,3,2,235,527,71,136,762,207,306,663,969
139357,5,3,2,47,93,92,207,140,299,139,300,439
139366,5,3,2,512,814,112,166,1326,278,624,980,1604
139384,5,3,2,110,150,199,265,260,464,309,415,724
139393,5,3,2,159,175,0,3,334,3,159,178,337
139463,5,3,2,308,480,138,274,788,412,446,754,1200
139506,5,3,2,5,6,0,0,11,0,5,6,11
139621,5,3,2,137,119,40,58,256,98,177,177,354
139658,5,3,2,1520,2102,9,13,3622,22,1529,2115,3644
139700,5,3,2,197,196,215,403,393,618,412,599,1011
139719,5,3,2,270,446,21,43,716,64,291,489,780
139755,5,3,2,4061,2723,276,208,6784,484,4337,2931,7268
139764,5,3,2,181,287,33,48,468,81,214,335,549
139861,5,3,2,665,1291,64,124,1956,188,729,1415,2144
139931,5,3,2,2649,3819,332,432,6468,764,2981,4251,7232
139940,5,3,2,2701,4399,657,941,7100,1598,3358,5340,8698
139959,5,3,2,5566,7969,269,342,13535,611,5835,8311,14146
139986,5,3,2,83,133,136,255,216,391,219,388,607
140012,5,3,2,219,141,445,491,360,936,664,632,1296
140234,5,3,2,109,85,1,1,194,2,110,86,196
140243,5,3,2,132,145,293,346,277,639,425,491,916
140252,5,3,2,150,117,8,9,267,17,158,126,284
140331,5,3,2,263,292,466,482,555,948,729,774,1503
140447,5,3,2,640,820,13,34,1460,47,653,854,1507
140678,5,3,2,79,85,98,143,164,241,177,228,405
140696,5,3,2,197,350,0,2,547,2,197,352,549
140720,5,3,2,28,35,3,3,63,6,31,38,69
140818,5,3,2,133,229,1,3,362,4,134,232,366
140942,5,3,2,82,93,112,196,175,308,194,289,483
140951,5,3,2,1214,2977,148,431,4191,579,1362,3408,4770
140960,5,3,2,323,468,25,47,791,72,348,515,863
140988,5,3,2,185,203,2,14,388,16,187,217,404
141006,5,3,2,117,63,62,68,180,130,179,131,310
141060,5,3,2,0,931,7,39,931,46,7,970,977
141255,5,3,2,50,110,114,190,160,304,164,300,464
141264,5,3,2,694,1477,112,280,2171,392,806,1757,2563
141334,5,3,2,726,1435,148,274,2161,422,874,1709,2583
141565,5,3,2,206,382,29,63,588,92,235,445,680
141574,5,3,2,1339,2302,194,328,3641,522,1533,2630,4163
141644,5,3,2,205,536,28,49,741,77,233,585,818
141680,5,3,2,97,52,180,164,149,344,277,216,493
141796,5,3,2,115,213,270,525,328,795,385,738,1123
141802,5,3,2,16,18,48,105,34,153,64,123,187
141811,5,3,2,164,176,273,445,340,718,437,621,1058
141839,5,3,2,38,71,76,142,109,218,114,213,327
141981,5,3,2,114,255,33,84,369,117,147,339,486
141990,5,3,2,21,48,84,140,69,224,105,188,293
142115,5,3,2,1969,2657,213,268,4626,481,2182,2925,5107
142179,5,3,2,58,69,28,74,127,102,86,143,229
142276,5,3,2,574,916,69,111,1490,180,643,1027,1670
142285,5,3,2,1095,1279,45,44,2374,89,1140,1323,2463
142407,5,3,2,0,9,0,0,9,0,0,9,9
142443,5,3,2,140,132,81,161,272,242,221,293,514
142461,5,3,2,188,227,6,4,415,10,194,231,425
142522,5,3,2,1900,2353,1011,1472,4253,2483,2911,3825,6736
142559,5,3,2,160,181,104,240,341,344,264,421,685
142887,5,3,2,14,21,3,3,35,6,17,24,41
143118,5,3,2,482,970,19,32,1452,51,501,1002,1503
143215,5,3,2,255,288,323,364,543,687,578,652,1230
143279,5,3,2,110,130,90,177,240,267,200,307,507
143288,5,3,2,53,82,0,2,135,2,53,84,137
143358,5,3,2,869,893,16,9,1762,25,885,902,1787
143376,5,3,2,1,31,0,10,32,10,1,41,42
143613,5,3,2,62,80,24,71,142,95,86,151,237
144050,5,3,2,1854,1677,3,2,3531,5,1857,1679,3536
144157,5,3,2,57,40,49,38,97,87,106,78,184
144166,5,3,2,133,299,151,600,432,751,284,899,1183
144175,5,3,2,49,54,50,53,103,103,99,107,206
144184,5,3,2,100,124,161,164,224,325,261,288,549
144193,5,3,2,145,75,173,165,220,338,318,240,558
144209,5,3,2,223,294,230,330,517,560,453,624,1077
144218,5,3,2,275,230,349,393,505,742,624,623,1247
144351,5,3,2,177,189,4,7,366,11,181,196,377
144564,5,3,2,48,52,30,44,100,74,78,96,174
144740,5,3,2,2285,2872,38,74,5157,112,2323,2946,5269
144865,5,3,2,818,726,1111,1107,1544,2218,1929,1833,3762
144883,5,3,2,76,94,0,0,170,0,76,94,170
144892,5,3,2,628,994,9,26,1622,35,637,1020,1657
144944,5,3,2,308,271,535,584,579,1119,843,855,1698
144962,5,3,2,380,704,5,5,1084,10,385,709,1094
144971,5,3,2,118,85,2,2,203,4,120,87,207
145099,5,3,2,4,71,0,0,75,0,4,71,75
145336,5,3,2,152,262,18,40,414,58,170,302,472
145372,5,3,2,173,127,3,5,300,8,176,132,308
145521,5,3,2,44,49,21,27,93,48,65,76,141
145600,5,3,2,3386,4244,193,198,7630,391,3579,4442,8021
145619,5,3,2,324,286,9,11,610,20,333,297,630
145637,5,3,2,8043,7151,308,146,15194,454,8351,7297,15648
145682,5,3,2,208,190,237,380,398,617,445,570,1015
145691,5,3,2,208,247,1,3,455,4,209,250,459
145707,5,3,2,34,33,7,23,67,30,41,56,97
145813,5,3,2,3099,4477,142,164,7576,306,3241,4641,7882
145831,5,3,2,107,85,63,117,192,180,170,202,372
146205,5,3,2,142,155,90,90,297,180,232,245,477
146278,5,3,2,54,86,44,57,140,101,98,143,241
146296,5,3,2,382,419,618,741,801,1359,1000,1160,2160
146339,5,3,2,121,115,1,1,236,2,122,116,238
146348,5,3,2,97,105,90,141,202,231,187,246,433
146366,5,3,2,84,132,52,98,216,150,136,230,366
146418,5,3,2,104,95,87,124,199,211,191,219,410
146427,5,3,2,182,302,0,0,484,0,182,302,484
146472,5,3,2,454,379,665,792,833,1457,1119,1171,2290
146481,5,3,2,276,467,7,5,743,12,283,472,755
146506,5,3,2,163,187,64,103,350,167,227,290,517
146533,5,3,2,3,10,0,1,13,1,3,11,14
146603,5,3,2,143,141,112,172,284,284,255,313,568
146612,5,3,2,596,582,43,41,1178,84,639,623,1262
146685,5,3,2,152,147,197,283,299,480,349,430,779
146700,5,3,2,265,75,0,0,340,0,265,75,340
146719,5,3,2,1421,2975,23,39,4396,62,1444,3014,4458
147004,5,3,2,227,212,305,354,439,659,532,566,1098
147013,5,3,2,268,246,4,6,514,10,272,252,524
147129,5,3,2,0,23,1,17,23,18,1,40,41
147244,5,3,2,294,377,6,6,671,12,300,383,683
147369,5,3,2,223,267,15,18,490,33,238,285,523
147378,5,3,2,381,382,497,506,763,1003,878,888,1766
147411,5,3,2,139,134,152,230,273,382,291,364,655
147536,5,3,2,268,511,56,101,779,157,324,612,936
147590,5,3,2,1,2,0,0,3,0,1,2,3
147660,5,3,2,446,526,3,7,972,10,449,533,982
147679,5,3,2,251,348,8,13,599,21,259,361,620
147776,5,3,2,216,366,57,80,582,137,273,446,719
147800,5,3,2,249,208,432,419,457,851,681,627,1308
147828,5,3,2,424,550,4,1,974,5,428,551,979
147916,5,3,2,298,225,233,347,523,580,531,572,1103
148007,5,3,2,106,125,112,180,231,292,218,305,523
148131,5,3,2,177,190,0,3,367,3,177,193,370
148256,5,3,2,89,92,26,40,181,66,115,132,247
148292,5,3,2,39,38,53,95,77,148,92,133,225
148380,5,3,2,218,221,256,385,439,641,474,606,1080
148487,5,3,2,302,419,10,10,721,20,312,429,741
148511,5,3,2,0,3,0,1,3,1,0,4,4
148575,5,3,2,9,81,1,4,90,5,10,85,95
148627,5,3,2,399,702,11,26,1101,37,410,728,1138
148654,5,3,2,279,360,29,43,639,72,308,403,711
148672,5,3,2,57,67,39,71,124,110,96,138,234
148821,5,3,2,33,45,21,37,78,58,54,82,136
148876,5,3,2,13,32,4,6,45,10,17,38,55
148937,5,3,2,53,41,19,21,94,40,72,62,134
148991,5,3,2,47,41,36,39,88,75,83,80,163
149222,5,3,2,1141,1242,79,65,2383,144,1220,1307,2527
149231,5,3,2,1230,1660,116,148,2890,264,1346,1808,3154
149310,5,3,2,7,11,0,0,18,0,7,11,18
149365,5,3,2,75,106,102,154,181,256,177,260,437
149532,5,3,2,278,291,389,396,569,785,667,687,1354
149727,5,3,2,260,246,388,439,506,827,648,685,1333
149772,5,3,2,704,943,40,45,1647,85,744,988,1732
149781,5,3,2,424,533,6,23,957,29,430,556,986
149842,5,3,2,379,315,611,686,694,1297,990,1001,1991
150136,5,3,2,2003,3167,78,89,5170,167,2081,3256,5337
150163,5,3,2,723,1160,8,5,1883,13,731,1165,1896
150172,5,3,2,77,53,3,6,130,9,80,59,139
150534,5,3,2,236,400,4,3,636,7,240,403,643
150604,5,3,2,209,177,0,1,386,1,209,178,387
150668,5,3,2,108,170,1,3,278,4,109,173,282
150677,5,3,2,233,340,2,1,573,3,235,341,576
150765,5,3,2,0,41,0,0,41,0,0,41,41
150941,5,3,2,121,229,30,27,350,57,151,256,407
150987,5,3,2,1201,1663,3151,3476,2864,6627,4352,5139,9491
151111,5,3,2,2058,3173,201,215,5231,416,2259,3388,5647
151263,5,3,2,506,836,10,11,1342,21,516,847,1363
151290,5,3,2,281,182,3,10,463,13,284,192,476
151306,5,3,2,682,1235,33,66,1917,99,715,1301,2016
151324,5,3,2,916,1204,36,28,2120,64,952,1232,2184
151333,5,3,2,249,434,24,55,683,79,273,489,762
151342,5,3,2,261,591,51,97,852,148,312,688,1000
151351,5,3,2,7118,7170,169,145,14288,314,7287,7315,14602
151360,5,3,2,158,486,29,121,644,150,187,607,794
151379,5,3,2,270,486,57,103,756,160,327,589,916
151388,5,3,2,143,369,52,97,512,149,195,466,661
151661,5,3,2,170,32,0,0,202,0,170,32,202
151777,5,3,2,173,174,1,3,347,4,174,177,351
151962,5,3,2,10,20,0,0,30,0,10,20,30
152080,5,3,2,2300,2164,2,2,4464,4,2302,2166,4468
152318,5,3,2,631,224,6,3,855,9,637,227,864
152336,5,3,2,196,322,2,13,518,15,198,335,533
152390,5,3,2,1,605,6,13,606,19,7,618,625
152567,5,3,2,585,336,8,5,921,13,593,341,934
152600,5,3,2,410,543,5,2,953,7,415,545,960
152637,5,3,2,418,315,70,70,733,140,488,385,873
152673,5,3,2,380,0,0,0,380,0,380,0,380
152798,5,3,2,4,90,3,6,94,9,7,96,103
152992,5,3,2,92,89,0,2,181,2,92,91,183
153001,5,3,2,169,233,0,12,402,12,169,245,414
153083,5,3,2,1,47,0,0,48,0,1,47,48
153108,5,3,2,245,230,3,6,475,9,248,236,484
153126,5,3,2,130,124,0,2,254,2,130,126,256
153144,5,3,2,235,285,3,0,520,3,238,285,523
153162,5,3,2,209,216,0,0,425,0,209,216,425
153214,5,3,2,511,526,478,772,1037,1250,989,1298,2287
153241,5,3,2,1,0,0,0,1,0,1,0,1
153250,5,3,2,388,351,5,1,739,6,393,352,745
153269,5,3,2,474,698,7,8,1172,15,481,706,1187
153302,5,3,2,37,36,0,5,73,5,37,41,78
153311,5,3,2,121,170,130,210,291,340,251,380,631
153366,5,3,2,166,120,0,3,286,3,166,123,289
153384,5,3,2,383,389,0,1,772,1,383,390,773
153445,5,3,2,178,172,64,108,350,172,242,280,522
153472,5,3,2,143,117,30,55,260,85,173,172,345
153524,5,3,2,270,179,47,72,449,119,317,251,568
153533,5,3,2,105,51,21,32,156,53,126,83,209
153621,5,3,2,172,125,4,3,297,7,176,128,304
153630,5,3,2,214,178,90,136,392,226,304,314,618
153658,5,3,2,3703,4726,135,179,8429,314,3838,4905,8743
153737,5,3,2,391,395,345,543,786,888,736,938,1674
153825,5,3,2,267,231,3,1,498,4,270,232,502
153834,5,3,2,335,435,0,0,770,0,335,435,770
154004,5,3,2,248,237,1,4,485,5,249,241,490
154013,5,3,2,146,236,2,14,382,16,148,250,398
154110,5,3,2,198,188,74,174,386,248,272,362,634
154174,5,3,2,9,3,1,0,12,1,10,3,13
154235,5,3,2,374,479,2,5,853,7,376,484,860
154262,5,3,2,0,24,0,16,24,16,0,40,40
154350,5,3,2,207,249,0,0,456,0,207,249,456
154396,5,3,2,62,72,15,20,134,35,77,92,169
154493,5,3,2,139,143,24,28,282,52,163,171,334
154527,5,3,2,279,318,2,3,597,5,281,321,602
154572,5,3,2,143,163,51,146,306,197,194,309,503
154697,5,3,2,148,175,212,262,323,474,360,437,797
154712,5,3,2,439,467,1,6,906,7,440,473,913
154749,5,3,2,114,97,0,1,211,1,114,98,212
154800,5,3,2,229,281,212,361,510,573,441,642,1083
154907,5,3,2,64,29,19,38,93,57,83,67,150
154925,5,3,2,116,41,11,8,157,19,127,49,176
154934,5,3,2,48,73,6,49,121,55,54,122,176
154952,5,3,2,104,121,39,65,225,104,143,186,329
154998,5,3,2,120,89,52,65,209,117,172,154,326
155025,5,3,2,382,662,8,16,1044,24,390,678,1068
155052,5,3,2,24,30,19,13,54,32,43,43,86
155089,5,3,2,136,153,4,6,289,10,140,159,299
155098,5,3,2,51,42,13,23,93,36,64,65,129
155104,5,3,2,161,113,21,33,274,54,182,146,328
155140,5,3,2,63,113,3,9,176,12,66,122,188
155177,5,3,2,39,46,0,4,85,4,39,50,89
155195,5,3,2,188,170,90,138,358,228,278,308,586
155210,5,3,2,504,466,667,758,970,1425,1171,1224,2395
155292,5,3,2,146,176,112,187,322,299,258,363,621
155317,5,3,2,3237,3654,223,318,6891,541,3460,3972,7432
155399,5,3,2,2828,2909,105,151,5737,256,2933,3060,5993
155414,5,3,2,130,121,2,1,251,3,132,122,254
155423,5,3,2,36,12,9,11,48,20,45,23,68
155487,5,3,2,38,11,12,13,49,25,50,24,74
155511,5,3,2,184,100,0,0,284,0,184,100,284
155566,5,3,2,49,38,6,34,87,40,55,72,127
155618,5,3,2,70,19,2,2,89,4,72,21,93
155715,5,3,2,119,39,25,25,158,50,144,64,208
155812,5,3,2,108,132,0,3,240,3,108,135,243
155858,5,3,2,55,71,32,50,126,82,87,121,208
155900,5,3,2,130,85,3,2,215,5,133,87,220
155973,5,3,2,125,73,2,0,198,2,127,73,200
156082,5,3,2,351,639,46,98,990,144,397,737,1134
156107,5,3,2,140,90,91,101,230,192,231,191,422
156125,5,3,2,1225,1586,199,278,2811,477,1424,1864,3288
156189,5,3,2,101,109,1,0,210,1,102,109,211
156213,5,3,2,169,251,1,6,420,7,170,257,427
156231,5,3,2,96,103,41,105,199,146,137,208,345
156286,5,3,2,331,550,3,5,881,8,334,555,889
156295,5,3,2,222,340,0,0,562,0,222,340,562
156338,5,3,2,112,151,100,166,263,266,212,317,529
156356,5,3,2,84,89,3,18,173,21,87,107,194
156392,5,3,2,351,359,313,485,710,798,664,844,1508
156408,5,3,2,290,307,0,0,597,0,290,307,597
156426,5,3,2,1,19,0,10,20,10,1,29,30
156541,5,3,2,428,640,25,42,1068,67,453,682,1135
156620,5,3,2,1240,1834,86,114,3074,200,1326,1948,3274
156648,5,3,2,140,178,150,204,318,354,290,382,672
156745,5,3,2,199,237,0,3,436,3,199,240,439
156790,5,3,2,75,73,38,90,148,128,113,163,276
156842,5,3,2,1,24,0,17,25,17,1,41,42
156851,5,3,2,18,49,17,77,67,94,35,126,161
156860,5,3,2,24,45,32,71,69,103,56,116,172
156921,5,3,2,279,283,358,483,562,841,637,766,1403
157030,5,3,2,11,4,2,0,15,2,13,4,17
157058,5,3,2,154,296,15,16,450,31,169,312,481
157076,5,3,2,131,139,1,1,270,2,132,140,272
157085,5,3,2,3534,4926,119,97,8460,216,3653,5023,8676
157216,5,3,2,239,263,5,9,502,14,244,272,516
157289,5,3,2,1842,2276,216,246,4118,462,2058,2522,4580
157304,5,3,2,49,83,60,102,132,162,109,185,294
157331,5,3,2,89,81,53,149,170,202,142,230,372
157386,5,3,2,666,927,28,75,1593,103,694,1002,1696
157401,5,3,2,897,1455,83,146,2352,229,980,1601,2581
157438,5,3,2,108,113,132,175,221,307,240,288,528
157447,5,3,2,1092,1536,87,106,2628,193,1179,1642,2821
157483,5,3,2,123,179,114,205,302,319,237,384,621
157535,5,3,2,163,220,2,2,383,4,165,222,387
157553,5,3,2,131,117,66,99,248,165,197,216,413
157614,5,3,2,0,13,0,4,13,4,0,17,17
157650,5,3,2,1,16,0,6,17,6,1,22,23
157669,5,3,2,0,16,0,0,16,0,0,16,16
157678,5,3,2,0,21,0,0,21,0,0,21,21
157711,5,3,2,184,206,83,184,390,267,267,390,657
157739,5,3,2,59,102,38,72,161,110,97,174,271
157757,5,3,2,67,102,0,1,169,1,67,103,170
157951,5,3,2,1612,2688,65,88,4300,153,1677,2776,4453
158662,5,3,2,245,463,316,646,708,962,561,1109,1670
158802,5,3,2,99,310,0,9,409,9,99,319,418
158884,5,3,2,45,45,47,58,90,105,92,103,195
159197,5,3,2,109,7,0,0,116,0,109,7,116
159382,5,3,2,181,375,31,76,556,107,212,451,663
159391,5,3,2,4538,5493,103,140,10031,243,4641,5633,10274
159407,5,3,2,86,178,35,141,264,176,121,319,440
159647,5,3,2,1538,1233,38,85,2771,123,1576,1318,2894
159656,5,3,2,416,794,13,26,1210,39,429,820,1249
159717,5,3,2,601,909,21,31,1510,52,622,940,1562
159939,5,3,2,578,627,50,43,1205,93,628,670,1298
159966,5,3,2,509,988,27,73,1497,100,536,1061,1597
159993,5,3,2,536,921,42,130,1457,172,578,1051,1629
160010,5,3,2,48,9,67,30,57,97,115,39,154
160472,5,3,2,0,5,1,13,5,14,1,18,19
160579,5,3,2,229,173,147,119,402,266,376,292,668
160612,5,3,2,1085,1893,66,120,2978,186,1151,2013,3164
160621,5,3,2,502,1033,54,124,1535,178,556,1157,1713
160630,5,3,2,48,85,2,11,133,13,50,96,146
160649,5,3,2,169,201,24,41,370,65,193,242,435
160658,5,3,2,1431,2034,61,70,3465,131,1492,2104,3596
160667,5,3,2,146,104,94,64,250,158,240,168,408
160755,5,3,2,1543,2248,37,42,3791,79,1580,2290,3870
160904,5,3,2,164,701,4,21,865,25,168,722,890
160977,5,3,2,364,376,0,0,740,0,364,376,740
161004,5,3,2,401,416,0,1,817,1,401,417,818
161077,5,3,2,150,107,63,110,257,173,213,217,430
161086,5,3,2,484,521,0,0,1005,0,484,521,1005
161138,5,3,2,91,87,67,64,178,131,158,151,309
161192,5,3,2,33,55,37,82,88,119,70,137,207
161208,5,3,2,7,1,0,0,8,0,7,1,8
161217,5,3,2,83,188,35,93,271,128,118,281,399
161226,5,3,2,136,290,9,14,426,23,145,304,449
161235,5,3,2,34,61,11,30,95,41,45,91,136
161253,5,3,2,1602,1544,134,130,3146,264,1736,1674,3410
161299,5,3,2,212,46,7,1,258,8,219,47,266
161341,5,3,2,63,101,17,58,164,75,80,159,239
161457,5,3,2,278,625,39,99,903,138,317,724,1041
161484,5,3,2,33,24,16,18,57,34,49,42,91
161493,5,3,2,2,33,0,7,35,7,2,40,42
161509,5,3,2,29,123,0,1,152,1,29,124,153
161545,5,3,2,278,249,201,240,527,441,479,489,968
161554,5,3,2,438,713,63,86,1151,149,501,799,1300
161572,5,3,2,79,433,0,2,512,2,79,435,514
161581,5,3,2,11,7,8,6,18,14,19,13,32
161688,5,3,2,64,96,37,132,160,169,101,228,329
161767,5,3,2,288,268,469,673,556,1142,757,941,1698
161864,5,3,2,64,97,97,183,161,280,161,280,441
161873,5,3,2,64,86,16,15,150,31,80,101,181
162104,5,3,2,53,35,68,98,88,166,121,133,254
162122,5,3,2,155,179,255,324,334,579,410,503,913
162168,5,3,2,34,48,62,145,82,207,96,193,289
162210,5,3,2,38,71,2,10,109,12,40,81,121
162283,5,3,2,77,281,7,25,358,32,84,306,390
162584,5,3,2,544,552,74,121,1096,195,618,673,1291
162654,5,3,2,129,269,0,5,398,5,129,274,403
162690,5,3,2,85,79,100,243,164,343,185,322,507
162706,5,3,2,236,213,220,289,449,509,456,502,958
162830,5,3,2,2,22,0,0,24,0,2,22,24
163028,5,3,2,175,13,42,2,188,44,217,15,232
163204,5,3,2,445,546,1809,1332,991,3141,2254,1878,4132
163259,5,3,2,34,210,4,13,244,17,38,223,261
163268,5,3,2,1709,1451,137,107,3160,244,1846,1558,3404
163286,5,3,2,6171,6374,252,213,12545,465,6423,6587,13010
163295,5,3,2,121,483,4,6,604,10,125,489,614
163338,5,3,2,273,341,4,5,614,9,277,346,623
163453,5,3,2,726,1249,25,44,1975,69,751,1293,2044
163462,5,3,2,379,434,5,4,813,9,384,438,822
163578,5,3,2,0,105,0,6,105,6,0,111,111
163851,5,3,2,981,1116,68,66,2097,134,1049,1182,2231
163912,5,3,2,220,374,1,3,594,4,221,377,598
163976,5,3,2,101,94,0,1,195,1,101,95,196
164076,5,3,2,2408,3725,143,225,6133,368,2551,3950,6501
164155,5,3,2,1473,588,0,0,2061,0,1473,588,2061
164216,5,3,2,177,264,1,2,441,3,178,266,444
164270,5,3,2,321,449,1,0,770,1,322,449,771
164313,5,3,2,42,49,88,180,91,268,130,229,359
164465,5,3,2,407,422,0,0,829,0,407,422,829
164492,5,3,2,129,154,3,5,283,8,132,159,291
164632,5,3,2,0,210,0,20,210,20,0,230,230
164739,5,3,2,704,423,25,14,1127,39,729,437,1166
164775,5,3,2,25,27,43,59,52,102,68,86,154
164845,5,3,2,0,18,0,0,18,0,0,18,18
164872,5,3,2,9,24,0,2,33,2,9,26,35
164988,5,3,2,3237,4927,46,61,8164,107,3283,4988,8271
165015,5,3,2,670,926,1,0,1596,1,671,926,1597
165024,5,3,2,976,1562,118,135,2538,253,1094,1697,2791
165033,5,3,2,199,274,178,349,473,527,377,623,1000
165112,5,3,2,303,308,414,527,611,941,717,835,1552
165167,5,3,2,2,2,3,15,4,18,5,17,22
165194,5,3,2,65,89,122,161,154,283,187,250,437
165264,5,3,2,0,2,2,27,2,29,2,29,31
165334,5,3,2,416,568,2,4,984,6,418,572,990
165556,5,3,2,11,109,5,14,120,19,16,123,139
165662,5,3,2,656,1184,6,10,1840,16,662,1194,1856
165671,5,3,2,182,607,9,43,789,52,191,650,841
165820,5,3,2,411,489,32,35,900,67,443,524,967
165866,5,3,2,411,576,13,14,987,27,424,590,1014
165936,5,3,2,191,346,6,6,537,12,197,352,549
165981,5,3,2,29,34,58,73,63,131,87,107,194
166018,5,3,2,47,76,0,0,123,0,47,76,123
166027,5,3,2,1541,1704,24,43,3245,67,1565,1747,3312
166133,5,3,2,125,163,166,262,288,428,291,425,716
166391,5,3,2,186,354,2,9,540,11,188,363,551
166513,5,3,2,2195,1666,214,129,3861,343,2409,1795,4204
166629,5,3,2,5132,5322,136,124,10454,260,5268,5446,10714
166647,5,3,2,187,117,216,216,304,432,403,333,736
166674,5,3,2,157,441,9,24,598,33,166,465,631
166683,5,3,2,1039,940,20,8,1979,28,1059,948,2007
166823,5,3,2,193,212,203,270,405,473,396,482,878
166850,5,3,2,791,968,7,7,1759,14,798,975,1773
166887,5,3,2,162,188,258,399,350,657,420,587,1007
166911,5,3,2,32,99,1,3,131,4,33,102,135
166939,5,3,2,0,902,0,0,902,0,0,902,902
166957,5,3,2,79,74,93,184,153,277,172,258,430
167288,5,3,2,107,152,2,5,259,7,109,157,266
167312,5,3,2,119,152,172,291,271,463,291,443,734
167358,5,3,2,2570,2740,8,2,5310,10,2578,2742,5320
167376,5,3,2,138,121,207,280,259,487,345,401,746
167394,5,3,2,64,199,3,2,263,5,67,201,268
167534,5,3,2,186,165,271,369,351,640,457,534,991
167598,5,3,2,67,301,3,9,368,12,70,310,380
167729,5,3,2,426,1047,41,64,1473,105,467,1111,1578
167783,5,3,2,0,707,0,9,707,9,0,716,716
167835,5,3,2,0,1100,0,0,1100,0,0,1100,1100
167871,5,3,2,2,8,8,12,10,20,10,20,30
167905,5,3,2,158,167,184,274,325,458,342,441,783
167987,5,3,2,863,845,31,24,1708,55,894,869,1763
168005,5,3,2,599,1025,16,8,1624,24,615,1033,1648
168148,5,3,2,1381,1680,33,42,3061,75,1414,1722,3136
168227,5,3,2,1082,337,15,5,1419,20,1097,342,1439
168254,5,3,2,584,449,11,8,1033,19,595,457,1052
168342,5,3,2,436,476,1,5,912,6,437,481,918
168421,5,3,2,1403,848,46,22,2251,68,1449,870,2319
168430,5,3,2,480,855,32,72,1335,104,512,927,1439
168528,5,3,2,342,312,1,2,654,3,343,314,657
168546,5,3,2,293,295,0,1,588,1,293,296,589
168591,5,3,2,238,301,2,1,539,3,240,302,542
168607,5,3,2,64,27,26,27,91,53,90,54,144
168740,5,3,2,215,229,19,19,444,38,234,248,482
168786,5,3,2,172,251,1,6,423,7,173,257,430
168847,5,3,2,72,201,59,169,273,228,131,370,501
168892,5,3,2,1,10,0,9,11,9,1,19,20
169248,5,3,2,1319,2244,48,99,3563,147,1367,2343,3710
169275,5,3,2,126,164,237,363,290,600,363,527,890
169284,5,3,2,2,49,1,13,51,14,3,62,65
169442,5,3,2,140,306,5,27,446,32,145,333,478
169503,5,3,2,0,50,0,0,50,0,0,50,50
169521,5,3,2,189,215,273,393,404,666,462,608,1070
169576,5,3,2,0,2,0,0,2,0,0,2,2
169655,5,3,2,232,17,0,0,249,0,232,17,249
169716,5,3,2,284,512,222,88,796,310,506,600,1106
169798,5,3,2,1042,1643,151,203,2685,354,1193,1846,3039
169910,5,3,2,1145,1183,98,152,2328,250,1243,1335,2578
169992,5,3,2,38,34,20,40,72,60,58,74,132
170000,5,3,2,42,50,1,6,92,7,43,56,99
170055,5,3,2,368,337,595,793,705,1388,963,1130,2093
170082,5,3,2,2527,4067,165,247,6594,412,2692,4314,7006
170240,5,3,2,412,460,595,659,872,1254,1007,1119,2126
170286,5,3,2,315,354,3,5,669,8,318,359,677
170550,5,3,2,51,63,86,200,114,286,137,263,400
170587,5,3,2,23,46,27,45,69,72,50,91,141
170639,5,3,2,194,280,10,27,474,37,204,307,511
170657,5,3,2,312,272,557,612,584,1169,869,884,1753
170675,5,3,2,430,173,21,5,603,26,451,178,629
170790,5,3,2,404,418,890,1160,822,2050,1294,1578,2872
170806,5,3,2,165,257,23,26,422,49,188,283,471
170976,5,3,2,6750,7227,398,345,13977,743,7148,7572,14720
171100,5,3,2,7129,7789,562,645,14918,1207,7691,8434,16125
171137,5,3,2,827,724,162,125,1551,287,989,849,1838
171146,5,3,2,299,474,41,90,773,131,340,564,904
171155,5,3,2,65,80,61,155,145,216,126,235,361
171225,5,3,2,37,49,86,117,86,203,123,166,289
171304,5,3,2,144,138,155,223,282,378,299,361,660
171456,5,3,2,798,1236,32,51,2034,83,830,1287,2117
171483,5,3,2,124,90,186,158,214,344,310,248,558
171492,5,3,2,310,151,23,8,461,31,333,159,492
171571,5,3,2,1447,2227,215,227,3674,442,1662,2454,4116
172200,5,3,2,239,196,434,544,435,978,673,740,1413
172291,5,3,2,53,104,99,146,157,245,152,250,402
172307,5,3,2,71,61,44,67,132,111,115,128,243
172334,5,3,2,132,222,3,5,354,8,135,227,362
172422,5,3,2,30,11,0,0,41,0,30,11,41
172617,5,3,2,219,212,573,644,431,1217,792,856,1648
172644,5,3,2,1719,2751,284,402,4470,686,2003,3153,5156
172680,5,3,2,1,13,1,6,14,7,2,19,21
172699,5,3,2,2140,2335,193,198,4475,391,2333,2533,4866
173045,5,3,2,337,491,4,6,828,10,341,497,838
173142,5,3,2,104,133,3,3,237,6,107,136,243
173160,5,3,2,318,463,16,27,781,43,334,490,824
173258,5,3,2,451,468,0,0,919,0,451,468,919
173300,5,3,2,351,444,3,2,795,5,354,446,800
173452,5,3,2,131,136,0,1,267,1,131,137,268
173647,5,3,2,411,567,0,3,978,3,411,570,981
173665,5,3,2,221,416,2,3,637,5,223,419,642
173902,5,3,2,399,571,2,3,970,5,401,574,975
174066,5,3,2,5568,6662,276,377,12230,653,5844,7039,12883
174075,5,3,2,127,208,12,7,335,19,139,215,354
174127,5,3,2,85,175,1,1,260,2,86,176,262
174233,5,3,2,1462,1404,66,66,2866,132,1528,1470,2998
174251,5,3,2,176,224,6,11,400,17,182,235,417
174491,5,3,2,221,320,18,24,541,42,239,344,583
174507,5,3,2,4,7,2,22,11,24,6,29,35
174747,5,3,2,0,702,0,5,702,5,0,707,707
174792,5,3,2,699,0,4,0,699,4,703,0,703
174899,5,3,2,205,438,3,8,643,11,208,446,654
174914,5,3,2,1271,1234,13,10,2505,23,1284,1244,2528
174978,5,3,2,0,28,0,6,28,6,0,34,34
175005,5,3,2,0,236,1,50,236,51,1,286,287
175014,5,3,2,24,129,14,109,153,123,38,238,276
175120,5,3,2,48,11,0,0,59,0,48,11,59
175227,5,3,2,122,32,16,10,154,26,138,42,180
175421,5,3,2,141,212,5,4,353,9,146,216,362
175430,5,3,2,103,106,2,1,209,3,105,107,212
175573,5,3,2,182,193,26,25,375,51,208,218,426
175616,5,3,2,220,308,11,9,528,20,231,317,548
175652,5,3,2,287,267,66,73,554,139,353,340,693
175786,5,3,2,334,437,143,281,771,424,477,718,1195
175810,5,3,2,329,429,39,80,758,119,368,509,877
175829,5,3,2,192,242,61,120,434,181,253,362,615
175856,5,3,2,506,824,47,47,1330,94,553,871,1424
175883,5,3,2,351,450,74,157,801,231,425,607,1032
175935,5,3,2,160,258,15,29,418,44,175,287,462
175980,5,3,2,129,127,0,0,256,0,129,127,256
176008,5,3,2,164,266,17,45,430,62,181,311,492
176017,5,3,2,2712,3829,109,73,6541,182,2821,3902,6723
176035,5,3,2,106,442,7,50,548,57,113,492,605
176044,5,3,2,159,180,11,9,339,20,170,189,359
176053,5,3,2,349,499,6,8,848,14,355,507,862
176080,5,3,2,3470,3765,187,142,7235,329,3657,3907,7564
176178,5,3,2,100,172,48,85,272,133,148,257,405
176239,5,3,2,409,543,58,135,952,193,467,678,1145
176318,5,3,2,56,95,24,15,151,39,80,110,190
176372,5,3,2,1133,2322,77,132,3455,209,1210,2454,3664
176433,5,3,2,0,6,0,2,6,2,0,8,8
176479,5,3,2,133,224,6,5,357,11,139,229,368
176628,5,3,2,105,155,2,7,260,9,107,162,269
176947,5,3,2,197,225,5,0,422,5,202,225,427
176965,5,3,2,909,1148,52,49,2057,101,961,1197,2158
176983,5,3,2,5,0,2,1,5,3,7,1,8
177038,5,3,2,3,5,0,1,8,1,3,6,9
177135,5,3,2,132,144,62,135,276,197,194,279,473
177144,5,3,2,193,148,1,2,341,3,194,150,344
177214,5,3,2,222,318,0,1,540,1,222,319,541
177250,5,3,2,92,108,42,133,200,175,134,241,375
177302,5,3,2,29,0,0,0,29,0,29,0,29
177418,5,3,2,111,115,2,3,226,5,113,118,231
177472,5,3,2,440,531,353,464,971,817,793,995,1788
177676,5,3,2,140,172,71,128,312,199,211,300,511
177685,5,3,2,2,39,0,0,41,0,2,39,41
177940,5,3,2,156,245,5,18,401,23,161,263,424
177977,5,3,2,418,78,51,10,496,61,469,88,557
177986,5,3,2,10,18,8,16,28,24,18,34,52
177995,5,3,2,512,562,426,664,1074,1090,938,1226,2164
178059,5,3,2,416,815,53,162,1231,215,469,977,1446
178217,5,3,2,107,156,20,52,263,72,127,208,335
178341,5,3,2,325,505,34,67,830,101,359,572,931
178369,5,3,2,256,170,3,3,426,6,259,173,432
178387,5,3,2,325,503,24,28,828,52,349,531,880
178396,5,3,2,4605,5626,185,187,10231,372,4790,5813,10603
178402,5,3,2,721,1180,77,86,1901,163,798,1266,2064
178411,5,3,2,1391,428,133,60,1819,193,1524,488,2012
178420,5,3,2,507,696,70,69,1203,139,577,765,1342
178448,5,3,2,179,248,122,165,427,287,301,413,714
178615,5,3,2,496,819,11,16,1315,27,507,835,1342
178624,5,3,2,702,1122,32,60,1824,92,734,1182,1916
178679,5,3,2,109,86,12,26,195,38,121,112,233
178697,5,3,2,257,362,1,3,619,4,258,365,623
178721,5,3,2,290,366,113,92,656,205,403,458,861
178891,5,3,2,261,20,63,2,281,65,324,22,346
178989,5,3,2,5,47,0,0,52,0,5,47,52
179043,5,3,2,274,425,0,5,699,5,274,430,704
179308,5,3,2,453,544,452,742,997,1194,905,1286,2191
179326,5,3,2,199,278,7,31,477,38,206,309,515
179344,5,3,2,38,75,15,61,113,76,53,136,189
179539,5,3,2,136,220,61,123,356,184,197,343,540
179557,5,3,2,973,1492,57,75,2465,132,1030,1567,2597
179566,5,3,2,1705,2803,237,287,4508,524,1942,3090,5032
179645,5,3,2,79,141,31,68,220,99,110,209,319
179715,5,3,2,37,88,15,48,125,63,52,136,188
179867,5,3,2,1682,1835,16,15,3517,31,1698,1850,3548
179894,5,3,2,300,388,11,14,688,25,311,402,713
179946,5,3,2,142,108,0,1,250,1,142,109,251
180081,5,3,2,51,17,5,11,68,16,56,28,84
180106,5,3,2,184,267,0,0,451,0,184,267,451
180151,5,3,2,35,20,24,14,55,38,59,34,93
180179,5,3,2,237,322,35,84,559,119,272,406,678
180197,5,3,2,57,51,53,71,108,124,110,122,232
180249,5,3,2,23,60,11,43,83,54,34,103,137
180258,5,3,2,50,63,1,2,113,3,51,65,116
180276,5,3,2,28,22,15,31,50,46,43,53,96
180416,5,3,2,270,171,7,8,441,15,277,179,456
180461,5,3,2,2354,2064,247,178,4418,425,2601,2242,4843
180522,5,3,2,125,77,21,15,202,36,146,92,238
180595,5,3,2,147,141,2,1,288,3,149,142,291
180647,5,3,2,21,39,3,5,60,8,24,44,68
180692,5,3,2,106,211,1,9,317,10,107,220,327
180814,5,3,2,261,234,116,131,495,247,377,365,742
180902,5,3,2,219,177,127,261,396,388,346,438,784
180948,5,3,2,219,331,2,16,550,18,221,347,568
181002,5,3,2,723,1010,1,11,1733,12,724,1021,1745
181020,5,3,2,216,168,2,1,384,3,218,169,387
181127,5,3,2,166,204,0,2,370,2,166,206,372
181145,5,3,2,0,5,0,0,5,0,0,5,5
181190,5,3,2,0,30,0,0,30,0,0,30,30
181215,5,3,2,489,806,27,76,1295,103,516,882,1398
181297,5,3,2,11,143,4,34,154,38,15,177,192
181303,5,3,2,330,304,532,526,634,1058,862,830,1692
181312,5,3,2,78,50,18,74,128,92,96,124,220
181330,5,3,2,227,220,0,0,447,0,227,220,447
181394,5,3,2,1360,1883,146,152,3243,298,1506,2035,3541
181428,5,3,2,23,324,2,15,347,17,25,339,364
181446,5,3,2,283,353,0,5,636,5,283,358,641
181464,5,3,2,3662,3768,104,104,7430,208,3766,3872,7638
181491,5,3,2,295,239,110,109,534,219,405,348,753
181604,5,3,2,0,155,0,2,155,2,0,157,157
181640,5,3,2,400,312,351,451,712,802,751,763,1514
181738,5,3,2,75,97,1,4,172,5,76,101,177
181783,5,3,2,483,654,16,15,1137,31,499,669,1168
181817,5,3,2,84,92,22,38,176,60,106,130,236
182005,5,3,2,801,990,1247,1715,1791,2962,2048,2705,4753
182281,5,3,2,2708,3807,358,425,6515,783,3066,4232,7298
182290,5,3,2,2387,2797,247,307,5184,554,2634,3104,5738
182306,5,3,2,53,81,39,102,134,141,92,183,275
182500,5,3,2,225,247,456,534,472,990,681,781,1462
182564,5,3,2,56,80,96,133,136,229,152,213,365
182670,5,3,2,1031,963,0,0,1994,0,1031,963,1994
182704,5,3,2,1,7,0,3,8,3,1,10,11
182722,5,3,2,1,12,0,3,13,3,1,15,16
182892,5,3,2,0,8,0,2,8,2,0,10,10
182980,5,3,2,173,204,3,2,377,5,176,206,382
183026,5,3,2,1780,2607,2727,4361,4387,7088,4507,6968,11475
183044,5,3,2,2053,2841,40,31,4894,71,2093,2872,4965
183062,5,3,2,487,613,8,11,1100,19,495,624,1119
183071,5,3,2,70,89,1,10,159,11,71,99,170
183080,5,3,2,680,674,18,10,1354,28,698,684,1382
183202,5,3,2,0,16,0,2,16,2,0,18,18
183239,5,3,2,353,561,1,2,914,3,354,563,917
183257,5,3,2,23,45,1,18,68,19,24,63,87
183275,5,3,2,14,18,0,0,32,0,14,18,32
183488,5,3,2,2,24,1,7,26,8,3,31,34
183655,5,3,2,220,226,185,292,446,477,405,518,923
183743,5,3,2,892,713,580,525,1605,1105,1472,1238,2710
183789,5,3,2,76,181,13,37,257,50,89,218,307
183822,5,3,2,142,213,5,6,355,11,147,219,366
183859,5,3,2,477,361,521,453,838,974,998,814,1812
183910,5,3,2,247,384,6,2,631,8,253,386,639
183938,5,3,2,343,371,283,410,714,693,626,781,1407
184056,5,3,2,25,78,4,14,103,18,29,92,121
184180,5,3,2,446,263,428,360,709,788,874,623,1497
184205,5,3,2,7,24,89,149,31,238,96,173,269
184427,5,3,2,65,5,25,2,70,27,90,7,97
184481,5,3,2,275,360,274,339,635,613,549,699,1248
184506,5,3,2,1,18,0,6,19,6,1,24,25
184603,5,3,2,338,413,48,19,751,67,386,432,818
184612,5,3,2,148,396,7,12,544,19,155,408,563
184694,5,3,2,362,520,8,11,882,19,370,531,901
184773,5,3,2,81,290,2,8,371,10,83,298,381
184782,5,3,2,2975,2624,111,95,5599,206,3086,2719,5805
184791,5,3,2,325,387,219,267,712,486,544,654,1198
184816,5,3,2,1,8,0,6,9,6,1,14,15
184959,5,3,2,3,44,3,43,47,46,6,87,93
184995,5,3,2,420,477,238,284,897,522,658,761,1419
185262,5,3,2,999,1765,109,187,2764,296,1108,1952,3060
185396,5,3,2,390,12,49,2,402,51,439,14,453
185509,5,3,2,274,206,365,362,480,727,639,568,1207
185536,5,3,2,495,490,527,509,985,1036,1022,999,2021
185572,5,3,2,585,1052,8,22,1637,30,593,1074,1667
185590,5,3,2,2097,3618,93,155,5715,248,2190,3773,5963
185721,5,3,2,7,33,8,12,40,20,15,45,60
185828,5,3,2,1867,735,79,46,2602,125,1946,781,2727
185873,5,3,2,346,315,340,449,661,789,686,764,1450
186016,5,3,2,4,45,0,32,49,32,4,77,81
186034,5,3,2,236,272,254,364,508,618,490,636,1126
186131,5,3,2,1196,1239,0,0,2435,0,1196,1239,2435
186201,5,3,2,782,1141,20,20,1923,40,802,1161,1963
186283,5,3,2,526,759,5,11,1285,16,531,770,1301
186371,5,3,2,387,719,13,16,1106,29,400,735,1135
186380,5,3,2,7391,7630,93,86,15021,179,7484,7716,15200
186399,5,3,2,942,1199,88,134,2141,222,1030,1333,2363
186405,5,3,2,0,4,0,0,4,0,0,4,4
186432,5,3,2,254,393,6,17,647,23,260,410,670
186469,5,3,2,61,15,19,40,76,59,80,55,135
186584,5,3,2,1088,1292,17,14,2380,31,1105,1306,2411
186618,5,3,2,89,124,0,1,213,1,89,125,214
186645,5,3,2,451,346,357,328,797,685,808,674,1482
186867,5,3,2,1248,549,3,1,1797,4,1251,550,1801
186876,5,3,2,1064,1833,8,18,2897,26,1072,1851,2923
187046,5,3,2,0,0,85,97,0,182,85,97,182
187134,5,3,2,1266,1807,25,17,3073,42,1291,1824,3115
187198,5,3,2,391,405,329,387,796,716,720,792,1512
187444,5,3,2,697,1034,41,49,1731,90,738,1083,1821
187532,5,3,2,345,448,702,1098,793,1800,1047,1546,2593
187620,5,3,2,269,325,228,295,594,523,497,620,1117
187639,5,3,2,25,64,48,94,89,142,73,158,231
187648,5,3,2,222,336,15,31,558,46,237,367,604
187897,5,3,2,107,128,8,15,235,23,115,143,258
187912,5,3,2,62,8,0,0,70,0,62,8,70
187958,5,3,2,37,57,70,129,94,199,107,186,293
187967,5,3,2,244,114,6,3,358,9,250,117,367
187976,5,3,2,3,10,103,106,13,209,106,116,222
187985,5,3,2,1549,2139,239,326,3688,565,1788,2465,4253
187994,5,3,2,15,31,37,81,46,118,52,112,164
188003,5,3,2,18,33,40,104,51,144,58,137,195
188021,5,3,2,8,20,24,54,28,78,32,74,106
188030,5,3,2,1319,1797,131,141,3116,272,1450,1938,3388
188049,5,3,2,22,26,82,177,48,259,104,203,307
188100,5,3,2,102,166,112,247,268,359,214,413,627
188137,5,3,2,44,71,61,101,115,162,105,172,277
188225,5,3,2,7,11,56,110,18,166,63,121,184
188261,5,3,2,7,6,6,1,13,7,13,7,20
188340,5,3,2,246,47,40,6,293,46,286,53,339
188429,5,3,2,530,1156,23,54,1686,77,553,1210,1763
188438,5,3,2,129,131,53,82,260,135,182,213,395
188517,5,3,2,24,23,2,3,47,5,26,26,52
188641,5,3,2,207,255,4,5,462,9,211,260,471
188854,5,3,2,168,393,0,0,561,0,168,393,561
189219,5,3,2,10,0,0,0,10,0,10,0,10
189228,5,3,2,112,183,16,34,295,50,128,217,345
189282,5,3,2,0,8,0,3,8,3,0,11,11
189547,5,3,2,202,216,73,120,418,193,275,336,611
189565,5,3,2,20,41,2,4,61,6,22,45,67
189583,5,3,2,24,56,13,15,80,28,37,71,108
189592,5,3,2,23,18,0,2,41,2,23,20,43
189705,5,3,2,338,373,6,8,711,14,344,381,725
189839,5,3,2,65,72,37,46,137,83,102,118,220
190044,5,3,2,776,342,8,2,1118,10,784,344,1128
190053,5,3,2,27,20,11,10,47,21,38,30,68
190071,5,3,2,0,2,0,1,2,1,0,3,3
190099,5,3,2,635,743,2,1,1378,3,637,744,1381
190169,5,3,2,34,25,25,45,59,70,59,70,129
190239,5,3,2,0,29,0,7,29,7,0,36,36
190372,5,3,2,173,154,0,0,327,0,173,154,327
190415,5,3,2,3308,3950,11,7,7258,18,3319,3957,7276
190442,5,3,2,71,81,28,43,152,71,99,124,223
190503,5,3,2,360,343,18,20,703,38,378,363,741
190761,5,3,2,144,208,0,2,352,2,144,210,354
190840,5,3,2,200,211,193,181,411,374,393,392,785
191083,5,3,2,520,435,183,186,955,369,703,621,1324
191126,5,3,2,413,2263,47,173,2676,220,460,2436,2896
191199,5,3,2,138,146,69,80,284,149,207,226,433
191205,5,3,2,135,56,1,0,191,1,136,56,192
191241,5,3,2,1542,2113,26,31,3655,57,1568,2144,3712
191302,5,3,2,63,57,20,18,120,38,83,75,158
191311,5,3,2,6,10,0,0,16,0,6,10,16
191339,5,3,2,108,114,47,75,222,122,155,189,344
191515,5,3,2,429,504,0,0,933,0,429,504,933
191533,5,3,2,169,230,2,6,399,8,171,236,407
191597,5,3,2,1,8,2,15,9,17,3,23,26
191612,5,3,2,91,84,23,20,175,43,114,104,218
191649,5,3,2,941,1228,28,19,2169,47,969,1247,2216
191676,5,3,2,107,214,1,6,321,7,108,220,328
191719,5,3,2,469,315,186,251,784,437,655,566,1221
191940,5,3,2,1,8,0,0,9,0,1,8,9
191986,5,3,2,94,95,32,48,189,80,126,143,269
192022,5,3,2,81,94,32,41,175,73,113,135,248
192192,5,3,2,102,237,2,2,339,4,104,239,343
192271,5,3,2,34,294,1,18,328,19,35,312,347
192323,5,3,2,378,501,13,80,879,93,391,581,972
192448,5,3,2,660,1135,14,40,1795,54,674,1175,1849
192703,5,3,2,648,535,6,7,1183,13,654,542,1196
192712,5,3,2,102,104,0,3,206,3,102,107,209
192749,5,3,2,198,282,7,8,480,15,205,290,495
192785,5,3,2,4,20,8,36,24,44,12,56,68
192819,5,3,2,890,1267,11,24,2157,35,901,1291,2192
193016,5,3,2,402,815,16,31,1217,47,418,846,1264
193283,5,3,2,189,164,48,84,353,132,237,248,485
193292,5,3,2,298,662,13,38,960,51,311,700,1011
193326,5,3,2,406,424,285,365,830,650,691,789,1480
193380,5,3,2,0,0,0,4,0,4,0,4,4
193399,5,3,2,161,455,5,56,616,61,166,511,677
193478,5,3,2,823,715,576,542,1538,1118,1399,1257,2656
193584,5,3,2,202,608,1,8,810,9,203,616,819
193654,5,3,2,611,2006,22,51,2617,73,633,2057,2690
193858,5,3,2,4,70,0,0,74,0,4,70,74
193900,5,3,2,5289,7296,150,205,12585,355,5439,7501,12940
193946,5,3,2,170,212,58,102,382,160,228,314,542
193973,5,3,2,349,604,5,8,953,13,354,612,966
193991,5,3,2,2,8,0,2,10,2,2,10,12
194028,5,3,2,30,42,4,26,72,30,34,68,102
194091,5,3,2,547,401,41,32,948,73,588,433,1021
194116,5,3,2,4,27,3,23,31,26,7,50,57
194222,5,3,2,275,236,132,137,511,269,407,373,780
194240,5,3,2,198,200,142,190,398,332,340,390,730
194310,5,3,2,903,1843,87,88,2746,175,990,1931,2921
194392,5,3,2,141,78,1,4,219,5,142,82,224
194578,5,3,2,417,1097,7,8,1514,15,424,1105,1529
194824,5,3,2,1503,709,8,2,2212,10,1511,711,2222
195003,5,3,2,3007,1741,82,17,4748,99,3089,1758,4847
195058,5,3,2,255,206,147,141,461,288,402,347,749
195067,5,3,2,3,35,1,15,38,16,4,50,54
195128,5,3,2,93,275,0,6,368,6,93,281,374
195164,5,3,2,380,315,2,2,695,4,382,317,699
195216,5,3,2,456,546,0,0,1002,0,456,546,1002
195234,5,3,2,199,396,0,4,595,4,199,400,599
195243,5,3,2,207,194,3,0,401,3,210,194,404
195322,5,3,2,69,72,50,62,141,112,119,134,253
195474,5,3,2,664,777,4,13,1441,17,668,790,1458
195526,5,3,2,513,727,5,7,1240,12,518,734,1252
195544,5,3,2,386,849,9,14,1235,23,395,863,1258
195702,5,3,2,5,16,1,10,21,11,6,26,32
195720,5,3,2,435,631,4,13,1066,17,439,644,1083
195988,5,3,2,69,43,18,21,112,39,87,64,151
196006,5,3,2,533,262,19,33,795,52,552,295,847
196015,5,3,2,331,345,18,18,676,36,349,363,712
196024,5,3,2,311,259,10,33,570,43,321,292,613
196033,5,3,2,205,309,13,15,514,28,218,324,542
196042,5,3,2,1406,934,195,138,2340,333,1601,1072,2673
196051,5,3,2,206,196,12,21,402,33,218,217,435
196060,5,3,2,2024,2367,62,85,4391,147,2086,2452,4538
196079,5,3,2,3007,3283,78,41,6290,119,3085,3324,6409
196088,5,3,2,4145,3604,128,231,7749,359,4273,3835,8108
196097,5,3,2,3186,3276,139,108,6462,247,3325,3384,6709
196103,5,3,2,239,235,57,54,474,111,296,289,585
196112,5,3,2,488,173,19,24,661,43,507,197,704
196121,5,3,2,685,942,35,58,1627,93,720,1000,1720
196130,5,3,2,628,990,28,51,1618,79,656,1041,1697
196149,5,3,2,1079,1363,17,19,2442,36,1096,1382,2478
196158,5,3,2,486,761,8,18,1247,26,494,779,1273
196167,5,3,2,639,1151,17,36,1790,53,656,1187,1843
196176,5,3,2,727,1417,54,61,2144,115,781,1478,2259
196185,5,3,2,869,1349,11,14,2218,25,880,1363,2243
196194,5,3,2,1000,1162,30,30,2162,60,1030,1192,2222
196200,5,3,2,305,533,1,18,838,19,306,551,857
196219,5,3,2,423,629,17,35,1052,52,440,664,1104
196246,5,3,2,498,809,21,17,1307,38,519,826,1345
196255,5,3,2,2,17,0,1,19,1,2,18,20
196264,5,3,2,103,234,149,137,337,286,252,371,623
196291,5,3,2,413,76,25,2,489,27,438,78,516
196307,5,3,2,6,29,0,1,35,1,6,30,36
196413,5,3,2,2817,3480,51,58,6297,109,2868,3538,6406
196565,5,3,2,95,97,32,50,192,82,127,147,274
196653,5,3,2,5,43,5,31,48,36,10,74,84
196699,5,3,2,91,77,38,67,168,105,129,144,273
197036,5,3,2,1540,463,0,0,2003,0,1540,463,2003
197045,5,3,2,339,407,10,14,746,24,349,421,770
197285,5,3,2,47,86,8,9,133,17,55,95,150
197294,5,3,2,466,382,426,394,848,820,892,776,1668
197337,5,3,2,0,12,0,0,12,0,0,12,12
197708,5,3,2,638,540,0,3,1178,3,638,543,1181
197814,5,3,2,37,50,29,111,87,140,66,161,227
197850,5,3,2,49,42,100,136,91,236,149,178,327
197869,5,3,2,2992,4122,100,162,7114,262,3092,4284,7376
197887,5,3,2,98,132,149,258,230,407,247,390,637
197911,5,3,2,198,181,2,4,379,6,200,185,385
197966,5,3,2,17,30,43,100,47,143,60,130,190
197993,5,3,2,0,61,0,2,61,2,0,63,63
198066,5,3,2,174,103,1,1,277,2,175,104,279
198109,5,3,2,2,11,2,47,13,49,4,58,62
198118,5,3,2,127,101,106,175,228,281,233,276,509
198136,5,3,2,392,547,35,16,939,51,427,563,990
198154,5,3,2,352,382,576,723,734,1299,928,1105,2033
198206,5,3,2,35,59,34,82,94,116,69,141,210
198260,5,3,2,666,705,844,895,1371,1739,1510,1600,3110
198303,5,3,2,169,122,1,0,291,1,170,122,292
198330,5,3,2,116,190,141,171,306,312,257,361,618
198367,5,3,2,63,54,110,143,117,253,173,197,370
198385,5,3,2,409,447,0,0,856,0,409,447,856
198455,5,3,2,68,56,204,265,124,469,272,321,593
198464,5,3,2,2904,3958,188,314,6862,502,3092,4272,7364
198507,5,3,2,220,309,5,19,529,24,225,328,553
198516,5,3,2,1123,1750,16,35,2873,51,1139,1785,2924
198534,5,3,2,268,334,278,432,602,710,546,766,1312
198543,5,3,2,277,627,35,75,904,110,312,702,1014
198552,5,3,2,184,209,379,596,393,975,563,805,1368
198570,5,3,2,105,119,149,223,224,372,254,342,596
198598,5,3,2,106,75,0,0,181,0,106,75,181
198622,5,3,2,323,309,415,475,632,890,738,784,1522
198668,5,3,2,32,32,23,46,64,69,55,78,133
198710,5,3,2,37,55,42,83,92,125,79,138,217
198756,5,3,2,136,178,4,2,314,6,140,180,320
198808,5,3,2,86,166,0,6,252,6,86,172,258
198817,5,3,2,40,45,40,103,85,143,80,148,228
198835,5,3,2,265,345,5,19,610,24,270,364,634
198862,5,3,2,139,126,4,1,265,5,143,127,270
198899,5,3,2,175,165,0,2,340,2,175,167,342
198905,5,3,2,12,17,16,22,29,38,28,39,67
198950,5,3,2,0,522,1,16,522,17,1,538,539
198969,5,3,2,202,178,3,6,380,9,205,184,389
198987,5,3,2,68,90,93,157,158,250,161,247,408
199087,5,3,2,53,66,76,119,119,195,129,185,314
199102,5,3,2,1269,2103,106,128,3372,234,1375,2231,3606
199111,5,3,2,373,558,24,24,931,48,397,582,979
199120,5,3,2,3383,4985,157,226,8368,383,3540,5211,8751
199139,5,3,2,3865,3477,399,338,7342,737,4264,3815,8079
199148,5,3,2,1305,2792,136,234,4097,370,1441,3026,4467
199157,5,3,2,423,1002,22,82,1425,104,445,1084,1529
199184,5,3,2,137,245,5,7,382,12,142,252,394
199193,5,3,2,4893,4924,298,303,9817,601,5191,5227,10418
199218,5,3,2,1750,2839,112,190,4589,302,1862,3029,4891
199272,5,3,2,124,107,2,5,231,7,126,112,238
199281,5,3,2,532,760,53,65,1292,118,585,825,1410
199324,5,3,2,8,9,43,66,17,109,51,75,126
199412,5,3,2,172,315,1,3,487,4,173,318,491
199494,5,3,2,117,165,225,296,282,521,342,461,803
199607,5,3,2,0,117,0,3,117,3,0,120,120
199625,5,3,2,31,58,32,60,89,92,63,118,181
199689,5,3,2,0,37,2,4,37,6,2,41,43
199731,5,3,2,53,56,62,102,109,164,115,158,273
199740,5,3,2,19,33,47,95,52,142,66,128,194
199759,5,3,2,37,44,6,9,81,15,43,53,96
199768,5,3,2,73,67,82,98,140,180,155,165,320
199795,5,3,2,14,19,28,28,33,56,42,47,89
199856,5,3,2,716,567,1220,1268,1283,2488,1936,1835,3771
199865,5,3,2,83,187,0,0,270,0,83,187,270
199883,5,3,2,3,15,0,0,18,0,3,15,18
199908,5,3,2,18,46,60,83,64,143,78,129,207
199926,5,3,2,51,66,58,101,117,159,109,167,276
199971,5,3,2,8,5,0,0,13,0,8,5,13
199999,5,3,2,354,1101,16,83,1455,99,370,1184,1554
200004,5,3,2,1314,1670,55,95,2984,150,1369,1765,3134
200013,5,3,2,2,31,6,23,33,29,8,54,62
200022,5,3,2,178,113,61,71,291,132,239,184,423
200059,5,3,2,163,170,8,21,333,29,171,191,362
200086,5,3,2,12,13,0,2,25,2,12,15,27
200192,5,3,2,35,22,46,80,57,126,81,102,183
200217,5,3,2,299,441,11,17,740,28,310,458,768
200280,5,3,2,1271,1218,244,160,2489,404,1515,1378,2893
200305,5,3,2,222,103,39,38,325,77,261,141,402
200314,5,3,2,23,29,4,24,52,28,27,53,80
200332,5,3,2,1767,1629,124,210,3396,334,1891,1839,3730
200527,5,3,2,21,29,1,4,50,5,22,33,55
200554,5,3,2,38,55,1,0,93,1,39,55,94
200572,5,3,2,132,194,12,33,326,45,144,227,371
200590,5,3,2,3,5,0,2,8,2,3,7,10
200800,5,3,2,1661,1479,83,58,3140,141,1744,1537,3281
200846,5,3,2,71,100,17,7,171,24,88,107,195
201061,5,3,2,18,68,1,1,86,2,19,69,88
201177,5,3,2,3,20,2,20,23,22,5,40,45
201195,5,3,2,484,601,6,8,1085,14,490,609,1099
201283,5,3,2,24,30,14,29,54,43,38,59,97
201432,5,3,2,62,118,19,42,180,61,81,160,241
201441,5,3,2,2048,2860,114,82,4908,196,2162,2942,5104
201469,5,3,2,24,49,2,9,73,11,26,58,84
201548,5,3,2,332,464,1,5,796,6,333,469,802
201645,5,3,2,1248,1129,3,11,2377,14,1251,1140,2391
201654,5,3,2,671,869,7,9,1540,16,678,878,1556
201821,5,3,2,10,158,4,36,168,40,14,194,208
201885,5,3,2,4788,4789,414,439,9577,853,5202,5228,10430
201946,5,3,2,100,128,954,1040,228,1994,1054,1168,2222
201955,5,3,2,320,371,467,763,691,1230,787,1134,1921
201964,5,3,2,87,82,4,5,169,9,91,87,178
202046,5,3,2,51,189,2,2,240,4,53,191,244
202170,5,3,2,101,281,0,2,382,2,101,283,384
202222,5,3,2,732,680,1263,1350,1412,2613,1995,2030,4025
202356,5,3,2,388,346,567,761,734,1328,955,1107,2062
202453,5,3,2,5,2,0,0,7,0,5,2,7
202480,5,3,2,1835,1820,58,70,3655,128,1893,1890,3783
202523,5,3,2,459,476,0,2,935,2,459,478,937
202648,5,3,2,71,48,70,127,119,197,141,175,316
202763,5,3,2,273,569,4,7,842,11,277,576,853
203085,5,3,2,205,200,1,2,405,3,206,202,408
203128,5,3,2,120,150,4,2,270,6,124,152,276
203155,5,3,2,209,115,28,39,324,67,237,154,391
203289,5,3,2,4,0,0,0,4,0,4,0,4
203368,5,3,2,571,517,13,9,1088,22,584,526,1110
203447,5,3,2,12,22,110,168,34,278,122,190,312
203456,5,3,2,2,4,81,114,6,195,83,118,201
203465,5,3,2,120,198,170,307,318,477,290,505,795
203474,5,3,2,21,46,109,164,67,273,130,210,340
203483,5,3,2,45,45,158,192,90,350,203,237,440
203492,5,3,2,10,56,60,151,66,211,70,207,277
203517,5,3,2,2400,4112,260,353,6512,613,2660,4465,7125
203526,5,3,2,21,30,104,200,51,304,125,230,355
203544,5,3,2,13,104,5,39,117,44,18,143,161
203580,5,3,2,126,99,1,1,225,2,127,100,227
203599,5,3,2,133,117,152,223,250,375,285,340,625
203678,5,3,2,35,63,45,182,98,227,80,245,325
203720,5,3,2,10,6,0,2,16,2,10,8,18
203748,5,3,2,160,222,226,390,382,616,386,612,998
203757,5,3,2,101,105,2,4,206,6,103,109,212
203775,5,3,2,131,154,4,1,285,5,135,155,290
203845,5,3,2,198,222,6,15,420,21,204,237,441
203881,5,3,2,25,44,32,84,69,116,57,128,185
203960,5,3,2,8,80,6,46,88,52,14,126,140
204006,5,3,2,233,282,43,28,515,71,276,310,586
204015,5,3,2,114,135,12,21,249,33,126,156,282
204024,5,3,2,3561,3803,58,61,7364,119,3619,3864,7483
204194,5,3,2,204,261,2,12,465,14,206,273,479
204200,5,3,2,172,199,1,3,371,4,173,202,375
204255,5,3,2,43,37,37,60,80,97,80,97,177
204422,5,3,2,42,36,45,109,78,154,87,145,232
204468,5,3,2,198,168,2,9,366,11,200,177,377
204617,5,3,2,131,151,2,2,282,4,133,153,286
204635,5,3,2,517,438,11,4,955,15,528,442,970
204662,5,3,2,39,34,8,5,73,13,47,39,86
204671,5,3,2,66,128,12,12,194,24,78,140,218
204680,5,3,2,58,75,14,8,133,22,72,83,155
204699,5,3,2,78,94,17,8,172,25,95,102,197
204705,5,3,2,160,155,41,46,315,87,201,201,402
204796,5,3,2,9349,9562,400,354,18911,754,9749,9916,19665
204802,5,3,2,27,49,94,171,76,265,121,220,341
204820,5,3,2,60,123,112,243,183,355,172,366,538
204839,5,3,2,36,86,153,289,122,442,189,375,564
204848,5,3,2,47,83,167,281,130,448,214,364,578
204857,5,3,2,2414,3182,58,131,5596,189,2472,3313,5785
204866,5,3,2,26,111,163,299,137,462,189,410,599
204909,5,3,2,256,321,1,0,577,1,257,321,578
204936,5,3,2,338,523,4,10,861,14,342,533,875
204945,5,3,2,185,239,394,369,424,763,579,608,1187
205090,5,3,2,0,2,1,19,2,20,1,21,22
205443,5,3,2,317,374,21,63,691,84,338,437,775
205470,5,3,2,334,279,646,855,613,1501,980,1134,2114
205841,5,3,2,244,214,265,403,458,668,509,617,1126
205966,5,3,2,20,25,25,53,45,78,45,78,123
206011,5,3,2,75,67,84,70,142,154,159,137,296
206279,5,3,2,1,4,1,5,5,6,2,9,11
206321,5,3,2,1,6,5,0,7,5,6,6,12
206349,5,3,2,6,149,2,6,155,8,8,155,163
206507,5,3,2,167,201,2,4,368,6,169,205,374
206525,5,3,2,222,256,0,2,478,2,222,258,480
206589,5,3,2,392,416,0,0,808,0,392,416,808
206604,5,3,2,737,999,74,111,1736,185,811,1110,1921
206613,5,3,2,103,166,39,47,269,86,142,213,355
206622,5,3,2,884,1085,10,10,1969,20,894,1095,1989
206695,5,3,2,1138,1446,61,74,2584,135,1199,1520,2719
206862,5,3,2,201,166,0,3,367,3,201,169,370
206914,5,3,2,171,313,27,51,484,78,198,364,562
206923,5,3,2,101,124,17,66,225,83,118,190,308
206996,5,3,2,73,106,22,75,179,97,95,181,276
207041,5,3,2,287,410,20,27,697,47,307,437,744
207050,5,3,2,77,104,15,45,181,60,92,149,241
207069,5,3,2,65,65,18,46,130,64,83,111,194
207102,5,3,2,3,12,0,0,15,0,3,12,15
207209,5,3,2,180,316,1,6,496,7,181,322,503
207236,5,3,2,87,143,31,96,230,127,118,239,357
207263,5,3,2,463,668,49,59,1131,108,512,727,1239
207281,5,3,2,163,188,187,255,351,442,350,443,793
207290,5,3,2,182,129,18,37,311,55,200,166,366
207306,5,3,2,176,242,6,11,418,17,182,253,435
207324,5,3,2,269,298,6,8,567,14,275,306,581
207342,5,3,2,24,326,0,0,350,0,24,326,350
207351,5,3,2,120,119,4,13,239,17,124,132,256
207388,5,3,2,3475,4027,160,192,7502,352,3635,4219,7854
207500,5,3,2,3710,3927,231,229,7637,460,3941,4156,8097
207564,5,3,2,312,93,80,51,405,131,392,144,536
207582,5,3,2,420,643,27,45,1063,72,447,688,1135
207661,5,3,2,240,360,30,51,600,81,270,411,681
207670,5,3,2,231,328,226,353,559,579,457,681,1138
207740,5,3,2,71,84,24,51,155,75,95,135,230
207847,5,3,2,299,296,32,37,595,69,331,333,664
207865,5,3,2,453,597,20,37,1050,57,473,634,1107
207935,5,3,2,420,533,523,897,953,1420,943,1430,2373
207962,5,3,2,73,11,0,0,84,0,73,11,84
207971,5,3,2,495,537,22,11,1032,33,517,548,1065
208035,5,3,2,89,62,19,45,151,64,108,107,215
208275,5,3,2,45,46,47,41,91,88,92,87,179
208318,5,3,2,138,145,145,144,283,289,283,289,572
208390,5,3,2,249,254,301,357,503,658,550,611,1161
208406,5,3,2,147,129,223,184,276,407,370,313,683
208415,5,3,2,9,24,28,30,33,58,37,54,91
208646,5,3,2,200,239,29,68,439,97,229,307,536
208822,5,3,2,333,525,4,11,858,15,337,536,873
209038,5,3,2,266,271,298,310,537,608,564,581,1145
209074,5,3,2,174,168,229,342,342,571,403,510,913
209250,5,3,2,172,177,226,185,349,411,398,362,760
209490,5,3,2,10,46,1,15,56,16,11,61,72
209506,5,3,2,332,277,41,69,609,110,373,346,719
209542,5,3,2,3522,3411,481,572,6933,1053,4003,3983,7986
209551,5,3,2,3155,4083,168,216,7238,384,3323,4299,7622
209603,5,3,2,23,83,1,2,106,3,24,85,109
209612,5,3,2,217,374,5,17,591,22,222,391,613
209746,5,3,2,503,633,674,955,1136,1629,1177,1588,2765
209807,5,3,2,1169,1852,166,188,3021,354,1335,2040,3375
209825,5,3,2,540,961,9,21,1501,30,549,982,1531
209922,5,3,2,262,297,1,2,559,3,263,299,562
210234,5,3,2,78,59,32,50,137,82,110,109,219
210270,5,3,2,61,56,38,84,117,122,99,140,239
210401,5,3,2,202,324,5,6,526,11,207,330,537
210429,5,3,2,353,706,30,59,1059,89,383,765,1148
210605,5,3,2,417,418,501,625,835,1126,918,1043,1961
210739,5,3,2,295,479,7,14,774,21,302,493,795
210775,5,3,2,219,362,4,26,581,30,223,388,611
211088,5,3,2,198,460,4,8,658,12,202,468,670
211291,5,3,2,813,874,0,5,1687,5,813,879,1692
211307,5,3,2,262,268,369,447,530,816,631,715,1346
211316,5,3,2,2,19,0,1,21,1,2,20,22
211343,5,3,2,118,106,76,155,224,231,194,261,455
211352,5,3,2,199,275,3,7,474,10,202,282,484
211431,5,3,2,53,274,2,13,327,15,55,287,342
211440,5,3,2,1511,1461,38,52,2972,90,1549,1513,3062
211556,5,3,2,133,352,3,25,485,28,136,377,513
211583,5,3,2,155,137,5,3,292,8,160,140,300
211608,5,3,2,72,135,3,2,207,5,75,137,212
211927,5,3,2,253,219,390,523,472,913,643,742,1385
212045,5,3,2,9,60,0,0,69,0,9,60,69
212054,5,3,2,2388,2353,79,50,4741,129,2467,2403,4870
212106,5,3,2,713,1284,3,5,1997,8,716,1289,2005
212115,5,3,2,586,815,33,32,1401,65,619,847,1466
212133,5,3,2,178,251,4,15,429,19,182,266,448
212197,5,3,2,289,387,1,3,676,4,290,390,680
212230,5,3,2,1,5,0,0,6,0,1,5,6
212267,5,3,2,0,9,0,9,9,9,0,18,18
212276,5,3,2,2,10,1,2,12,3,3,12,15
212294,5,3,2,0,11,0,0,11,0,0,11,11
212300,5,3,2,0,8,0,1,8,1,0,9,9
212328,5,3,2,1,8,0,9,9,9,1,17,18
212337,5,3,2,0,20,1,8,20,9,1,28,29
212355,5,3,2,2,16,0,13,18,13,2,29,31
212382,5,3,2,0,20,0,7,20,7,0,27,27
212391,5,3,2,0,10,0,1,10,1,0,11,11
212601,5,3,2,438,644,5,8,1082,13,443,652,1095
212674,5,3,2,484,500,0,0,984,0,484,500,984
212753,5,3,2,0,11,0,4,11,4,0,15,15
212771,5,3,2,0,25,0,16,25,16,0,41,41
212805,5,3,2,485,439,2,2,924,4,487,441,928
212869,5,3,2,45,78,4,34,123,38,49,112,161
212878,5,3,2,305,406,397,831,711,1228,702,1237,1939
212975,5,3,2,33,7,0,0,40,0,33,7,40
212984,5,3,2,179,454,6,4,633,10,185,458,643
213011,5,3,2,124,266,2,8,390,10,126,274,400
213020,5,3,2,892,1560,54,73,2452,127,946,1633,2579
213181,5,3,2,6,60,0,10,66,10,6,70,76
213251,5,3,2,233,281,1,1,514,2,234,282,516
213321,5,3,2,352,360,0,3,712,3,352,363,715
213349,5,3,2,955,1349,32,55,2304,87,987,1404,2391
213367,5,3,2,339,545,11,11,884,22,350,556,906
213376,5,3,2,192,164,28,50,356,78,220,214,434
213385,5,3,2,611,604,1,1,1215,2,612,605,1217
213507,5,3,2,311,380,3,3,691,6,314,383,697
213525,5,3,2,222,161,194,346,383,540,416,507,923
213570,5,3,2,14,60,0,0,74,0,14,60,74
213589,5,3,2,59,7,5,1,66,6,64,8,72
213598,5,3,2,198,374,4,5,572,9,202,379,581
213659,5,3,2,157,197,124,233,354,357,281,430,711
213668,5,3,2,202,239,1,0,441,1,203,239,442
213774,5,3,2,26,58,6,13,84,19,32,71,103
213987,5,3,2,402,566,1,4,968,5,403,570,973
213996,5,3,2,416,627,7,19,1043,26,423,646,1069
214041,5,3,2,752,1046,74,99,1798,173,826,1145,1971
214111,5,3,2,314,257,466,615,571,1081,780,872,1652
214148,5,3,2,0,130,0,1,130,1,0,131,131
214157,5,3,2,299,463,6,4,762,10,305,467,772
214175,5,3,2,348,566,1,8,914,9,349,574,923
214272,5,3,2,182,319,6,22,501,28,188,341,529
214379,5,3,2,393,444,327,537,837,864,720,981,1701
214591,5,3,2,569,273,26,9,842,35,595,282,877
214625,5,3,2,43,23,4,3,66,7,47,26,73
214634,5,3,2,12,23,2,5,35,7,14,28,42
214643,5,3,2,29,20,3,1,49,4,32,21,53
214652,5,3,2,93,80,9,5,173,14,102,85,187
214670,5,3,2,70,68,6,3,138,9,76,71,147
214689,5,3,2,201,167,12,8,368,20,213,175,388
214698,5,3,2,50,53,2,4,103,6,52,57,109
214704,5,3,2,237,159,19,17,396,36,256,176,432
214713,5,3,2,468,310,38,21,778,59,506,331,837
214731,5,3,2,121,85,17,10,206,27,138,95,233
214740,5,3,2,32,24,3,4,56,7,35,28,63
214759,5,3,2,37,51,5,5,88,10,42,56,98
214768,5,3,2,39,27,0,2,66,2,39,29,68
214777,5,3,2,6833,5253,300,172,12086,472,7133,5425,12558
214786,5,3,2,31,26,2,3,57,5,33,29,62
214795,5,3,2,33,68,7,6,101,13,40,74,114
214801,5,3,2,347,255,38,21,602,59,385,276,661
214810,5,3,2,45,57,0,8,102,8,45,65,110
214829,5,3,2,71,41,7,6,112,13,78,47,125
214883,5,3,2,1,2,4,5,3,9,5,7,12
215053,5,3,2,28,73,0,1,101,1,28,74,102
215062,5,3,2,2266,2628,34,38,4894,72,2300,2666,4966
215105,5,3,2,185,408,0,3,593,3,185,411,596
215239,5,3,2,325,519,414,749,844,1163,739,1268,2007
215266,5,3,2,164,212,5,7,376,12,169,219,388
215275,5,3,2,167,281,5,3,448,8,172,284,456
215284,5,3,2,470,383,3,2,853,5,473,385,858
215293,5,3,2,3629,4739,80,109,8368,189,3709,4848,8557
215309,5,3,2,0,2,0,1,2,1,0,3,3
215381,5,3,2,110,10,0,0,120,0,110,10,120
215442,5,3,2,289,554,4,12,843,16,293,566,859
215479,5,3,2,4,12,0,0,16,0,4,12,16
215585,5,3,2,87,87,138,293,174,431,225,380,605
215655,5,3,2,589,470,8,4,1059,12,597,474,1071
215743,5,3,2,219,400,11,9,619,20,230,409,639
215798,5,3,2,338,249,3,4,587,7,341,253,594
215929,5,3,2,649,911,5,7,1560,12,654,918,1572
216010,5,3,2,790,845,34,37,1635,71,824,882,1706
216038,5,3,2,1211,1569,44,34,2780,78,1255,1603,2858
216339,5,3,2,3788,5311,126,123,9099,249,3914,5434,9348
216357,5,3,2,164,170,0,0,334,0,164,170,334
216366,5,3,2,319,737,3,14,1056,17,322,751,1073
216454,5,3,2,8,0,0,0,8,0,8,0,8
216524,5,3,2,355,322,1,0,677,1,356,322,678
216542,5,3,2,71,79,0,8,150,8,71,87,158
216579,5,3,2,0,20,0,0,20,0,0,20,20
216597,5,3,2,1427,1648,21,9,3075,30,1448,1657,3105
216667,5,3,2,246,233,0,2,479,2,246,235,481
216694,5,3,2,197,267,0,2,464,2,197,269,466
216746,5,3,2,8,1,1,1,9,2,9,2,11
216764,5,3,2,2044,3235,101,143,5279,244,2145,3378,5523
216825,5,3,2,136,150,107,221,286,328,243,371,614
216852,5,3,2,456,547,5,17,1003,22,461,564,1025
216931,5,3,2,341,385,5,7,726,12,346,392,738
216940,5,3,2,92,0,0,0,92,0,92,0,92
217013,5,3,2,47,167,0,3,214,3,47,170,217
217059,5,3,2,515,707,61,22,1222,83,576,729,1305
217156,5,3,2,1621,1710,57,139,3331,196,1678,1849,3527
217165,5,3,2,914,566,3,0,1480,3,917,566,1483
217235,5,3,2,601,985,24,26,1586,50,625,1011,1636
217305,5,3,2,248,94,23,9,342,32,271,103,374
217323,5,3,2,17,0,0,0,17,0,17,0,17
217402,5,3,2,734,907,6,5,1641,11,740,912,1652
217420,5,3,2,397,935,43,122,1332,165,440,1057,1497
217493,5,3,2,280,623,0,0,903,0,280,623,903
217518,5,3,2,832,817,17,14,1649,31,849,831,1680
217536,5,3,2,300,672,1,2,972,3,301,674,975
217581,5,3,2,0,16,0,6,16,6,0,22,22
217633,5,3,2,388,770,8,9,1158,17,396,779,1175
217688,5,3,2,306,519,7,8,825,15,313,527,840
217712,5,3,2,21,47,62,133,68,195,83,180,263
217721,5,3,2,260,373,2,0,633,2,262,373,635
217749,5,3,2,441,523,12,16,964,28,453,539,992
217819,5,3,2,1207,2582,37,66,3789,103,1244,2648,3892
217864,5,3,2,895,126,29,12,1021,41,924,138,1062
217873,5,3,2,161,442,2,4,603,6,163,446,609
217882,5,3,2,4546,5172,134,125,9718,259,4680,5297,9977
217891,5,3,2,10,15,1,0,25,1,11,15,26
217907,5,3,2,112,151,2,6,263,8,114,157,271
217925,5,3,2,121,93,13,10,214,23,134,103,237
217934,5,3,2,35,200,2,16,235,18,37,216,253
217961,5,3,2,47,235,0,2,282,2,47,237,284
217989,5,3,2,35,34,9,12,69,21,44,46,90
218025,5,3,2,117,102,87,205,219,292,204,307,511
218061,5,3,2,333,560,10,15,893,25,343,575,918
218113,5,3,2,378,412,354,582,790,936,732,994,1726
218140,5,3,2,314,369,194,382,683,576,508,751,1259
218229,5,3,2,403,827,8,14,1230,22,411,841,1252
218335,5,3,2,2,29,0,2,31,2,2,31,33
218353,5,3,2,381,359,292,476,740,768,673,835,1508
218399,5,3,2,44,57,0,0,101,0,44,57,101
218414,5,3,2,265,215,0,1,480,1,265,216,481
218441,5,3,2,263,288,10,6,551,16,273,294,567
218487,5,3,2,45,49,42,89,94,131,87,138,225
218520,5,3,2,122,149,125,250,271,375,247,399,646
218539,5,3,2,190,196,0,0,386,0,190,196,386
218645,5,3,2,287,492,17,40,779,57,304,532,836
218654,5,3,2,161,388,8,24,549,32,169,412,581
218663,5,3,2,5060,6240,106,134,11300,240,5166,6374,11540
218672,5,3,2,42,40,14,24,82,38,56,64,120
218681,5,3,2,29,19,5,9,48,14,34,28,62
218690,5,3,2,30,20,23,14,50,37,53,34,87
218706,5,3,2,17,14,9,4,31,13,26,18,44
218724,5,3,2,1463,1920,44,68,3383,112,1507,1988,3495
218733,5,3,2,251,366,16,8,617,24,267,374,641
218742,5,3,2,403,918,24,32,1321,56,427,950,1377
218821,5,3,2,117,98,4,15,215,19,121,113,234
218830,5,3,2,201,240,200,269,441,469,401,509,910
218885,5,3,2,281,227,184,217,508,401,465,444,909
218919,5,3,2,48,72,4,9,120,13,52,81,133
218973,5,3,2,409,430,0,1,839,1,409,431,840
218991,5,3,2,146,146,136,211,292,347,282,357,639
219037,5,3,2,0,16,0,0,16,0,0,16,16
219082,5,3,2,370,160,137,149,530,286,507,309,816
219125,5,3,2,0,14,0,1,14,1,0,15,15
219170,5,3,2,0,10,0,0,10,0,0,10,10
219189,5,3,2,111,44,21,15,155,36,132,59,191
219198,5,3,2,107,124,6,4,231,10,113,128,241
219204,5,3,2,0,4,8,22,4,30,8,26,34
219259,5,3,2,150,232,76,114,382,190,226,346,572
219277,5,3,2,27,51,22,34,78,56,49,85,134
219338,5,3,2,1,1,0,0,2,0,1,1,2
219347,5,3,2,427,128,75,31,555,106,502,159,661
219426,5,3,2,146,119,79,118,265,197,225,237,462
219471,5,3,2,667,1114,127,214,1781,341,794,1328,2122
219480,5,3,2,56,33,22,31,89,53,78,64,142
219602,5,3,2,538,948,148,226,1486,374,686,1174,1860
219639,5,3,2,5,64,8,79,69,87,13,143,156
219806,5,3,2,276,367,2,0,643,2,278,367,645
219824,5,3,2,213,304,105,226,517,331,318,530,848
219833,5,3,2,186,239,3,5,425,8,189,244,433
219879,5,3,2,95,84,49,64,179,113,144,148,292
219888,5,3,2,173,238,111,164,411,275,284,402,686
219921,5,3,2,12,11,14,0,23,14,26,11,37
219994,5,3,2,82,41,3,0,123,3,85,41,126
220057,5,3,2,59,97,24,91,156,115,83,188,271
220075,5,3,2,1172,1774,64,114,2946,178,1236,1888,3124
220127,5,3,2,64,31,9,0,95,9,73,31,104
220163,5,3,2,2,31,0,5,33,5,2,36,38
220215,5,3,2,256,344,1,3,600,4,257,347,604
220251,5,3,2,23,9,3,0,32,3,26,9,35
220279,5,3,2,39,12,14,5,51,19,53,17,70
220321,5,3,2,39,41,3,6,80,9,42,47,89
220394,5,3,2,27,22,0,0,49,0,27,22,49
220400,5,3,2,56,106,69,167,162,236,125,273,398
220473,5,3,2,109,139,1,4,248,5,110,143,253
220516,5,3,2,128,166,3,3,294,6,131,169,300
220598,5,3,2,169,138,7,12,307,19,176,150,326
220604,5,3,2,51,70,1,2,121,3,52,72,124
220701,5,3,2,125,146,0,4,271,4,125,150,275
220710,5,3,2,176,214,0,0,390,0,176,214,390
220862,5,3,2,1511,2343,155,271,3854,426,1666,2614,4280
220978,5,3,2,2380,2946,142,192,5326,334,2522,3138,5660
221050,5,3,2,68,23,24,1,91,25,92,24,116
221096,5,3,2,192,176,80,127,368,207,272,303,575
221148,5,3,2,196,10,0,0,206,0,196,10,206
221184,5,3,2,166,217,133,172,383,305,299,389,688
221333,5,3,2,20,17,20,6,37,26,40,23,63
221397,5,3,2,134,146,54,133,280,187,188,279,467
221430,5,3,2,33,9,7,2,42,9,40,11,51
221485,5,3,2,192,287,149,241,479,390,341,528,869
221494,5,3,2,82,13,8,2,95,10,90,15,105
221519,5,3,2,352,365,2,3,717,5,354,368,722
221582,5,3,2,18,8,7,1,26,8,25,9,34
221607,5,3,2,24,10,6,2,34,8,30,12,42
221625,5,3,2,120,46,2,0,166,2,122,46,168
221643,5,3,2,380,231,300,343,611,643,680,574,1254
221740,5,3,2,1333,2083,75,86,3416,161,1408,2169,3577
221759,5,3,2,3902,3991,180,151,7893,331,4082,4142,8224
221768,5,3,2,626,1033,17,26,1659,43,643,1059,1702
221838,5,3,2,452,892,64,102,1344,166,516,994,1510
221847,5,3,2,1450,1381,60,86,2831,146,1510,1467,2977
221908,5,3,2,169,208,118,110,377,228,287,318,605
221999,5,3,2,1646,1784,14,11,3430,25,1660,1795,3455
222053,5,3,2,242,322,123,168,564,291,365,490,855
222062,5,3,2,148,197,73,168,345,241,221,365,586
222178,5,3,2,468,760,10,14,1228,24,478,774,1252
222576,5,3,2,213,279,219,465,492,684,432,744,1176
222822,5,3,2,94,164,80,155,258,235,174,319,493
222831,5,3,2,678,921,36,86,1599,122,714,1007,1721
222877,5,3,2,40,25,0,0,65,0,40,25,65
222992,5,3,2,639,690,1566,2074,1329,3640,2205,2764,4969
223232,5,3,2,2601,3819,26,37,6420,63,2627,3856,6483
223320,5,3,2,74,79,71,124,153,195,145,203,348
223506,5,3,2,49,34,232,190,83,422,281,224,505
223816,5,3,2,77,104,385,375,181,760,462,479,941
223922,5,3,2,68,67,22,22,135,44,90,89,179
224147,5,3,2,627,1068,163,256,1695,419,790,1324,2114
224156,5,3,2,0,38,0,10,38,10,0,48,48
224323,5,3,2,249,323,1,4,572,5,250,327,577
224527,5,3,2,227,219,8,10,446,18,235,229,464
224554,5,3,2,516,868,74,99,1384,173,590,967,1557
224615,5,3,2,929,1006,2129,2965,1935,5094,3058,3971,7029
224642,5,3,2,562,615,1084,1342,1177,2426,1646,1957,3603
224891,5,3,2,57,50,19,39,107,58,76,89,165
224961,5,3,2,31,37,58,128,68,186,89,165,254
225247,5,3,2,246,260,5,9,506,14,251,269,520
225399,5,3,2,267,451,47,93,718,140,314,544,858
225414,5,3,2,293,495,134,215,788,349,427,710,1137
225432,5,3,2,459,852,338,537,1311,875,797,1389,2186
225511,5,3,2,4356,4943,1423,1310,9299,2733,5779,6253,12032
225548,5,3,2,110,118,2,3,228,5,112,121,233
225885,5,3,2,99,98,3,6,197,9,102,104,206
226116,5,3,2,62,74,57,98,136,155,119,172,291
226134,5,3,2,236,280,500,554,516,1054,736,834,1570
226204,5,3,2,56,45,321,314,101,635,377,359,736
226277,5,3,2,231,16,0,0,247,0,231,16,247
226383,5,3,2,145,262,4,9,407,13,149,271,420
226408,5,3,2,77,97,178,216,174,394,255,313,568
226471,5,3,2,310,649,9,31,959,40,319,680,999
226578,5,3,2,139,234,179,385,373,564,318,619,937
226587,5,3,2,184,142,8,5,326,13,192,147,339
226675,5,3,2,4,79,0,0,83,0,4,79,83
227146,5,3,2,202,213,135,226,415,361,337,439,776
227182,5,3,2,1451,1599,2854,4264,3050,7118,4305,5863,10168
227216,5,3,2,3869,5200,623,812,9069,1435,4492,6012,10504
227331,5,3,2,120,243,4,7,363,11,124,250,374
227368,5,3,2,2372,3973,567,762,6345,1329,2939,4735,7674
227377,5,3,2,265,270,282,349,535,631,547,619,1166
227386,5,3,2,52,83,24,85,135,109,76,168,244
227401,5,3,2,102,154,52,129,256,181,154,283,437
227526,5,3,2,805,1777,67,154,2582,221,872,1931,2803
227757,5,3,2,931,888,35,29,1819,64,966,917,1883
227845,5,3,2,371,648,7,26,1019,33,378,674,1052
227863,5,3,2,255,392,6,11,647,17,261,403,664
227881,5,3,2,1801,3197,240,442,4998,682,2041,3639,5680
227979,5,3,2,620,815,1584,2089,1435,3673,2204,2904,5108
228042,5,3,2,154,186,4,1,340,5,158,187,345
228149,5,3,2,322,423,7,10,745,17,329,433,762
228158,5,3,2,790,836,225,376,1626,601,1015,1212,2227
228246,5,3,2,1602,1566,19,26,3168,45,1621,1592,3213
228282,5,3,2,2,4,0,0,6,0,2,4,6
228343,5,3,2,281,353,2,1,634,3,283,354,637
228431,5,3,2,1084,1831,80,179,2915,259,1164,2010,3174
228459,5,3,2,3595,6219,550,893,9814,1443,4145,7112,11257
228501,5,3,2,146,149,28,54,295,82,174,203,377
228529,5,3,2,1092,1955,284,377,3047,661,1376,2332,3708
228547,5,3,2,618,674,2190,2786,1292,4976,2808,3460,6268
228644,5,3,2,23,119,1,0,142,1,24,119,143
228653,5,3,2,6,42,0,7,48,7,6,49,55
228699,5,3,2,42,58,52,111,100,163,94,169,263
228705,5,3,2,625,663,61,68,1288,129,686,731,1417
228723,5,3,2,11445,10983,836,865,22428,1701,12281,11848,24129
228769,5,3,2,2523,3263,592,766,5786,1358,3115,4029,7144
228778,5,3,2,7096,9761,561,618,16857,1179,7657,10379,18036
228787,5,3,2,3927,3165,451,315,7092,766,4378,3480,7858
228796,5,3,2,1745,2502,556,665,4247,1221,2301,3167,5468
228802,5,3,2,533,985,93,210,1518,303,626,1195,1821
228875,5,3,2,1751,2822,9,20,4573,29,1760,2842,4602
228909,5,3,2,0,0,1,1,0,2,1,1,2
229018,5,3,2,169,245,24,29,414,53,193,274,467
229027,5,3,2,3327,4107,705,713,7434,1418,4032,4820,8852
229063,5,3,2,415,832,53,112,1247,165,468,944,1412
229115,5,3,2,5582,5623,465,441,11205,906,6047,6064,12111
229179,5,3,2,130,1801,26,336,1931,362,156,2137,2293
229267,5,3,2,519,585,0,2,1104,2,519,587,1106
229337,5,3,2,31,390,1,7,421,8,32,397,429
229355,5,3,2,189,238,160,290,427,450,349,528,877
229504,5,3,2,51,58,65,124,109,189,116,182,298
229780,5,3,2,119,86,18,11,205,29,137,97,234
229799,5,3,2,103,143,123,332,246,455,226,475,701
229814,5,3,2,748,1044,74,157,1792,231,822,1201,2023
229841,5,3,2,214,177,318,424,391,742,532,601,1133
229887,5,3,2,57,67,0,1,124,1,57,68,125
230038,5,3,2,3891,4771,205,384,8662,589,4096,5155,9251
230047,5,3,2,168,401,3,16,569,19,171,417,588
230162,5,3,2,24,58,227,110,82,337,251,168,419
230171,5,3,2,871,1325,169,227,2196,396,1040,1552,2592
230214,5,3,2,3,19,8,45,22,53,11,64,75
230597,5,3,2,464,299,53,83,763,136,517,382,899
230603,5,3,2,1002,1402,105,120,2404,225,1107,1522,2629
230676,5,3,2,12,8,14,4,20,18,26,12,38
230728,5,3,2,2458,3008,319,439,5466,758,2777,3447,6224
230746,5,3,2,602,562,1116,1302,1164,2418,1718,1864,3582
230764,5,3,2,3474,3454,375,456,6928,831,3849,3910,7759
230782,5,3,2,1134,1584,311,534,2718,845,1445,2118,3563
230807,5,3,2,138,214,5,4,352,9,143,218,361
230816,5,3,2,89,176,1,0,265,1,90,176,266
230834,5,3,2,239,254,25,38,493,63,264,292,556
230852,5,3,2,454,267,19,8,721,27,473,275,748
230861,5,3,2,49,71,195,372,120,567,244,443,687
230913,5,3,2,112,138,26,41,250,67,138,179,317
230959,5,3,2,559,635,1,1,1194,2,560,636,1196
231059,5,3,2,269,340,1,0,609,1,270,340,610
231095,5,3,2,8,15,0,0,23,0,8,15,23
231165,5,3,2,90,48,41,47,138,88,131,95,226
231174,5,3,2,1777,2908,47,51,4685,98,1824,2959,4783
231280,5,3,2,1,24,0,0,25,0,1,24,25
231411,5,3,2,58,6,0,0,64,0,58,6,64
231420,5,3,2,190,143,3,4,333,7,193,147,340
231536,5,3,2,90,105,145,189,195,334,235,294,529
231581,5,3,2,254,307,0,0,561,0,254,307,561
231624,5,3,2,1197,1795,3,14,2992,17,1200,1809,3009
231688,5,3,2,0,0,1,0,0,1,1,0,1
231697,5,3,2,62,62,121,181,124,302,183,243,426
231712,5,3,2,874,1128,13,18,2002,31,887,1146,2033
231785,5,3,2,42,40,6,44,82,50,48,84,132
231873,5,3,2,24,14,12,32,38,44,36,46,82
231882,5,3,2,53,57,41,79,110,120,94,136,230
232025,5,3,2,179,190,3,7,369,10,182,197,379
232043,5,3,2,130,192,1,2,322,3,131,194,325
232052,5,3,2,8,12,24,43,20,67,32,55,87
232089,5,3,2,162,124,1,1,286,2,163,125,288
232186,5,3,2,3647,3958,404,336,7605,740,4051,4294,8345
232195,5,3,2,138,181,295,468,319,763,433,649,1082
232308,5,3,2,0,309,0,0,309,0,0,309,309
232414,5,3,2,161,167,288,374,328,662,449,541,990
232450,5,3,2,200,183,344,438,383,782,544,621,1165
232557,5,3,2,3511,4917,541,710,8428,1251,4052,5627,9679
232566,5,3,2,336,875,28,39,1211,67,364,914,1278
232575,5,3,2,88,84,131,255,172,386,219,339,558
232609,5,3,2,235,393,2,9,628,11,237,402,639
232706,5,3,2,208,343,9,6,551,15,217,349,566
232788,5,3,2,42,73,23,64,115,87,65,137,202
232867,5,3,2,109,53,146,154,162,300,255,207,462
232946,5,3,2,1359,1222,2554,2328,2581,4882,3913,3550,7463
232982,5,3,2,1882,2457,211,258,4339,469,2093,2715,4808
233019,5,3,2,61,51,46,73,112,119,107,124,231
233037,5,3,2,12,26,16,34,38,50,28,60,88
233116,5,3,2,73,75,152,228,148,380,225,303,528
233277,5,3,2,738,1280,21,41,2018,62,759,1321,2080
233286,5,3,2,3,14,0,2,17,2,3,16,19
233295,5,3,2,297,390,8,4,687,12,305,394,699
233310,5,3,2,31,30,36,135,61,171,67,165,232
233338,5,3,2,135,136,22,39,271,61,157,175,332
233374,5,3,2,641,666,4,2,1307,6,645,668,1313
233426,5,3,2,353,424,4,4,777,8,357,428,785
233541,5,3,2,349,422,2,10,771,12,351,432,783
233611,5,3,2,131,149,1,1,280,2,132,150,282
233639,5,3,2,15,39,58,135,54,193,73,174,247
233648,5,3,2,83,70,32,75,153,107,115,145,260
233666,5,3,2,0,4,0,2,4,2,0,6,6
233718,5,3,2,0,165,0,0,165,0,0,165,165
233754,5,3,2,161,157,187,272,318,459,348,429,777
233772,5,3,2,383,482,592,758,865,1350,975,1240,2215
233903,5,3,2,42,54,42,81,96,123,84,135,219
233921,5,3,2,7420,5949,159,121,13369,280,7579,6070,13649
233949,5,3,2,118,140,194,231,258,425,312,371,683
234030,5,3,2,2403,4625,182,286,7028,468,2585,4911,7496
234076,5,3,2,3447,4465,74,79,7912,153,3521,4544,8065
234119,5,3,2,3,7,1,3,10,4,4,10,14
234155,5,3,2,537,811,9,16,1348,25,546,827,1373
234207,5,3,2,447,450,0,1,897,1,447,451,898
234377,5,3,2,31,39,34,87,70,121,65,126,191
234669,5,3,2,422,398,332,409,820,741,754,807,1561
234696,5,3,2,103,46,33,43,149,76,136,89,225
234711,5,3,2,100,96,36,42,196,78,136,138,274
234827,5,3,2,1206,1343,78,96,2549,174,1284,1439,2723
234845,5,3,2,67,100,38,46,167,84,105,146,251
234924,5,3,2,12,51,0,0,63,0,12,51,63
234933,5,3,2,215,244,149,253,459,402,364,497,861
234951,5,3,2,79,113,38,58,192,96,117,171,288
234979,5,3,2,239,289,164,200,528,364,403,489,892
235024,5,3,2,45,97,0,3,142,3,45,100,145
235097,5,3,2,822,1207,65,83,2029,148,887,1290,2177
235103,5,3,2,230,170,174,141,400,315,404,311,715
235149,5,3,2,216,218,218,285,434,503,434,503,937
235237,5,3,2,170,323,181,265,493,446,351,588,939
235307,5,3,2,1,15,0,0,16,0,1,15,16
235316,5,3,2,1022,1179,9,10,2201,19,1031,1189,2220
235334,5,3,2,74,57,13,34,131,47,87,91,178
235343,5,3,2,285,235,218,222,520,440,503,457,960
235431,5,3,2,138,191,131,185,329,316,269,376,645
235547,5,3,2,0,5,0,4,5,4,0,9,9
235671,5,3,2,217,71,44,50,288,94,261,121,382
235699,5,3,2,123,87,67,62,210,129,190,149,339
235750,5,3,2,53,101,41,71,154,112,94,172,266
236072,5,3,2,101,91,100,103,192,203,201,194,395
236188,5,3,2,133,157,157,158,290,315,290,315,605
236258,5,3,2,36,59,12,25,95,37,48,84,132
236328,5,3,2,332,474,0,2,806,2,332,476,808
236382,5,3,2,73,50,111,35,123,146,184,85,269
236452,5,3,2,141,278,1,11,419,12,142,289,431
236504,5,3,2,117,73,307,85,190,392,424,158,582
236513,5,3,2,182,229,117,148,411,265,299,377,676
236577,5,3,2,283,683,8,4,966,12,291,687,978
236595,5,3,2,565,950,14,28,1515,42,579,978,1557
236610,5,3,2,181,159,134,169,340,303,315,328,643
236638,5,3,2,134,133,101,112,267,213,235,245,480
236656,5,3,2,124,127,78,115,251,193,202,242,444
236692,5,3,2,196,228,135,166,424,301,331,394,725
236708,5,3,2,192,221,81,113,413,194,273,334,607
236753,5,3,2,158,213,117,199,371,316,275,412,687
236887,5,3,2,109,122,45,70,231,115,154,192,346
236896,5,3,2,206,215,7,6,421,13,213,221,434
236939,5,3,2,3396,3975,182,243,7371,425,3578,4218,7796
236975,5,3,2,90,107,38,69,197,107,128,176,304
237011,5,3,2,1695,2622,241,261,4317,502,1936,2883,4819
237039,5,3,2,146,142,94,142,288,236,240,284,524
237057,5,3,2,238,347,1,3,585,4,239,350,589
237066,5,3,2,394,538,5,4,932,9,399,542,941
237109,5,3,2,122,210,55,143,332,198,177,353,530
237118,5,3,2,123,79,0,0,202,0,123,79,202
237181,5,3,2,128,113,0,0,241,0,128,113,241
237303,5,3,2,5,3,0,0,8,0,5,3,8
237312,5,3,2,196,190,15,21,386,36,211,211,422
237321,5,3,2,1,6,0,0,7,0,1,6,7
237330,5,3,2,180,233,3,7,413,10,183,240,423
237358,5,3,2,99,127,0,1,226,1,99,128,227
237367,5,3,2,375,477,20,70,852,90,395,547,942
237385,5,3,2,172,163,4,7,335,11,176,170,346
237525,5,3,2,960,1362,31,55,2322,86,991,1417,2408
237686,5,3,2,97,135,22,58,232,80,119,193,312
237701,5,3,2,108,101,5,10,209,15,113,111,224
237792,5,3,2,280,455,16,23,735,39,296,478,774
237817,5,3,2,44,90,19,60,134,79,63,150,213
237899,5,3,2,166,197,4,11,363,15,170,208,378
237950,5,3,2,187,137,5,4,324,9,192,141,333
237969,5,3,2,145,186,1,0,331,1,146,186,332
238014,5,3,2,51,61,17,69,112,86,68,130,198
238032,5,3,2,3458,4022,75,83,7480,158,3533,4105,7638
238175,5,3,2,0,56,0,0,56,0,0,56,56
238193,5,3,2,0,171,1,14,171,15,1,185,186
238263,5,3,2,388,356,503,614,744,1117,891,970,1861
238397,5,3,2,51,61,102,154,112,256,153,215,368
238430,5,3,2,57,94,0,1,151,1,57,95,152
238458,5,3,2,346,806,6,10,1152,16,352,816,1168
238722,5,3,2,226,177,446,319,403,765,672,496,1168
238759,5,3,2,95,103,249,353,198,602,344,456,800
239008,5,3,2,39,28,83,95,67,178,122,123,245
239017,5,3,2,257,326,4,4,583,8,261,330,591
239071,5,3,2,62,87,7,12,149,19,69,99,168
239105,5,3,2,1350,1821,28,25,3171,53,1378,1846,3224
239248,5,3,2,301,264,472,668,565,1140,773,932,1705
239309,5,3,2,89,300,0,0,389,0,89,300,389
239318,5,3,2,665,263,4,1,928,5,669,264,933
239372,5,3,2,63,70,95,167,133,262,158,237,395
239442,5,3,2,14,23,30,65,37,95,44,88,132
239488,5,3,2,211,152,210,392,363,602,421,544,965
239512,5,3,2,95,107,0,1,202,1,95,108,203
239716,5,3,2,323,464,1,0,787,1,324,464,788
239877,5,3,2,0,4,0,0,4,0,0,4,4
240107,5,3,2,111,367,4,12,478,16,115,379,494
240170,5,3,2,212,166,150,200,378,350,362,366,728
240189,5,3,2,1562,1483,78,87,3045,165,1640,1570,3210
240198,5,3,2,74,85,76,123,159,199,150,208,358
240268,5,3,2,1354,2160,66,95,3514,161,1420,2255,3675
240277,5,3,2,589,1035,74,167,1624,241,663,1202,1865
240329,5,3,2,1528,2159,64,66,3687,130,1592,2225,3817
240338,5,3,2,168,225,4,1,393,5,172,226,398
240365,5,3,2,927,1398,85,148,2325,233,1012,1546,2558
240374,5,3,2,384,474,24,53,858,77,408,527,935
240417,5,3,2,1103,847,90,72,1950,162,1193,919,2112
240426,5,3,2,181,285,14,25,466,39,195,310,505
240444,5,3,2,6855,7793,409,346,14648,755,7264,8139,15403
240453,5,3,2,2240,2876,190,197,5116,387,2430,3073,5503
240462,5,3,2,1261,783,73,33,2044,106,1334,816,2150
240471,5,3,2,531,1102,27,54,1633,81,558,1156,1714
240480,5,3,2,990,1293,63,112,2283,175,1053,1405,2458
240505,5,3,2,193,226,77,134,419,211,270,360,630
240514,5,3,2,62,83,45,30,145,75,107,113,220
240596,5,3,2,42,47,6,12,89,18,48,59,107
240620,5,3,2,139,181,98,165,320,263,237,346,583
240657,5,3,2,53,51,29,27,104,56,82,78,160
240666,5,3,2,84,111,58,68,195,126,142,179,321
240727,5,3,2,1297,1477,66,115,2774,181,1363,1592,2955
240745,5,3,2,68,115,98,119,183,217,166,234,400
240790,5,3,2,77,132,38,44,209,82,115,176,291
241182,5,3,2,13,53,0,0,66,0,13,53,66
241191,5,3,2,79,124,9,16,203,25,88,140,228
241225,5,3,2,41,114,6,23,155,29,47,137,184
241331,5,3,2,21,156,2,22,177,24,23,178,201
241377,5,3,2,50,69,2,6,119,8,52,75,127
241386,5,3,2,0,10,0,0,10,0,0,10,10
241395,5,3,2,24,52,1,3,76,4,25,55,80
241410,5,3,2,433,794,25,70,1227,95,458,864,1322
241720,5,3,2,30,73,13,11,103,24,43,84,127
241739,5,3,2,278,591,81,135,869,216,359,726,1085
241766,5,3,2,45,14,9,5,59,14,54,19,73
241836,5,3,2,30,40,10,30,70,40,40,70,110
241906,5,3,2,11,26,0,0,37,0,11,26,37
241951,5,3,2,28,87,8,13,115,21,36,100,136
242112,5,3,2,27,26,3,6,53,9,30,32,62
242130,5,3,2,15,39,10,9,54,19,25,48,73
242149,5,3,2,19,37,3,7,56,10,22,44,66
242556,5,3,2,50,15,2,0,65,2,52,15,67
242617,5,3,2,346,460,27,38,806,65,373,498,871
242626,5,3,2,235,415,40,52,650,92,275,467,742
242635,5,3,2,253,395,30,36,648,66,283,431,714
242644,5,3,2,61,172,12,38,233,50,73,210,283
242653,5,3,2,251,370,46,73,621,119,297,443,740
242662,5,3,2,241,371,41,61,612,102,282,432,714
242680,5,3,2,92,194,12,19,286,31,104,213,317
242699,5,3,2,70,204,12,29,274,41,82,233,315
242705,5,3,2,509,429,66,49,938,115,575,478,1053
243106,5,3,2,274,312,17,24,586,41,291,336,627
243142,5,3,2,156,289,77,109,445,186,233,398,631
243179,5,3,2,254,610,19,34,864,53,273,644,917
243188,5,3,2,47,45,5,5,92,10,52,50,102
243203,5,3,2,14,95,1,5,109,6,15,100,115
243212,5,3,2,351,423,8,10,774,18,359,433,792
243221,5,3,2,837,1630,77,113,2467,190,914,1743,2657
243346,5,3,2,344,513,123,176,857,299,467,689,1156
243443,5,3,2,373,663,50,76,1036,126,423,739,1162
243577,5,3,2,278,120,361,125,398,486,639,245,884
243586,5,3,2,65,93,5,13,158,18,70,106,176
243601,5,3,2,627,1018,198,216,1645,414,825,1234,2059
243638,5,3,2,136,209,80,103,345,183,216,312,528
243647,5,3,2,43,46,21,26,89,47,64,72,136
243744,5,3,2,1714,1844,1,0,3558,1,1715,1844,3559
243780,5,3,2,8745,6475,375,237,15220,612,9120,6712,15832
243832,5,3,2,22,55,12,24,77,36,34,79,113
243841,5,3,2,8,31,4,14,39,18,12,45,57
244437,5,3,2,577,682,669,1022,1259,1691,1246,1704,2950
244446,5,3,2,49,42,87,79,91,166,136,121,257
245281,5,3,2,3,4,0,0,7,0,3,4,7
245625,5,3,2,43,56,42,68,99,110,85,124,209
246813,5,3,2,66,104,205,354,170,559,271,458,729
246895,5,3,2,18,33,6,14,51,20,24,47,71
247603,5,3,2,208,148,107,62,356,169,315,210,525
247834,5,3,2,1272,1031,1764,1970,2303,3734,3036,3001,6037
247940,5,3,2,127,111,113,156,238,269,240,267,507
248925,5,3,2,71,42,13,5,113,18,84,47,131
248934,5,3,2,339,669,0,1,1008,1,339,670,1009
249238,5,3,2,1,65,2,9,66,11,3,74,77
251260,5,3,2,292,197,179,259,489,438,471,456,927
260813,5,3,2,1,10,0,0,11,0,1,10,11
260929,5,3,2,3,41,0,0,44,0,3,41,44
262031,5,3,2,485,521,226,322,1006,548,711,843,1554
262086,5,3,2,25,36,54,100,61,154,79,136,215
262129,5,3,2,83,175,0,1,258,1,83,176,259
262341,5,3,2,125,18,0,0,143,0,125,18,143
363165,5,3,2,56,35,43,20,91,63,99,55,154
363633,5,3,2,34,51,16,29,85,45,50,80,130
363907,5,3,2,39,16,2,2,55,4,41,18,59
363916,5,3,2,7,10,1,3,17,4,8,13,21
364016,5,3,2,155,139,302,348,294,650,457,487,944
364025,5,3,2,403,246,625,626,649,1251,1028,872,1900
364636,5,3,2,7,22,0,7,29,7,7,29,36
365198,5,3,2,0,3,9,9,3,18,9,12,21
365480,5,3,2,8,15,45,18,23,63,53,33,86
366003,5,3,2,3,3,4,2,6,6,7,5,12
366252,5,3,2,797,312,50,81,1109,131,847,393,1240
366395,5,3,2,873,892,685,750,1765,1435,1558,1642,3200
366401,5,3,2,248,185,454,386,433,840,702,571,1273
366465,5,3,2,80,124,67,131,204,198,147,255,402
366623,5,3,2,1,3,1,0,4,1,2,3,5
366632,5,3,2,0,1,0,0,1,0,0,1,1
366711,5,3,2,1131,2146,182,280,3277,462,1313,2426,3739
367334,5,3,2,4,0,1,0,4,1,5,0,5
367459,5,3,2,140,156,289,418,296,707,429,574,1003
368230,5,3,2,0,13,0,0,13,0,0,13,13
368911,5,3,2,15,37,31,113,52,144,46,150,196
372356,5,3,2,1,38,0,0,39,0,1,38,39
374574,5,3,2,23,103,7,21,126,28,30,124,154
375106,5,3,2,1,0,1,0,1,1,2,0,2
375407,5,3,2,3,13,0,2,16,2,3,15,18
375416,5,3,2,5,18,0,0,23,0,5,18,23
375726,5,3,2,25,41,14,4,66,18,39,45,84
375984,5,3,2,1,27,0,6,28,6,1,33,34
376288,5,3,2,3,12,0,0,15,0,3,12,15
376385,5,3,2,9,9,0,0,18,0,9,9,18
376446,5,3,2,0,2,0,11,2,11,0,13,13
376631,5,3,2,0,4,0,0,4,0,0,4,4
377218,5,3,2,32,0,0,0,32,0,32,0,32
377643,5,3,2,0,18,0,0,18,0,0,18,18
377722,5,3,2,2,71,0,0,73,0,2,71,73
379621,5,3,2,0,8,0,1,8,1,0,9,9
380359,5,3,2,4,18,8,21,22,29,12,39,51
382258,5,3,2,0,11,3,12,11,15,3,23,26
383190,5,3,2,65,57,62,113,122,175,127,170,297
383765,5,3,2,2,17,0,12,19,12,2,29,31
383996,5,3,2,9,10,9,24,19,33,18,34,52
384254,5,3,2,117,57,9,4,174,13,126,61,187
384333,5,3,2,177,237,403,584,414,987,580,821,1401
384342,5,3,2,195,171,208,227,366,435,403,398,801
395362,5,3,2,27,30,40,53,57,93,67,83,150
399212,5,3,2,211,184,799,554,395,1353,1010,738,1748
399911,5,3,2,68,121,0,0,189,0,68,121,189
400187,5,3,2,6,27,2,13,33,15,8,40,48
401764,5,3,2,0,11,1,31,11,32,1,42,43
403469,5,3,2,15,18,29,25,33,54,44,43,87
403478,5,3,2,34,23,6,9,57,15,40,32,72
403487,5,3,2,35,38,12,27,73,39,47,65,112
404426,5,3,2,109,89,129,137,198,266,238,226,464
404684,5,3,2,30,55,0,0,85,0,30,55,85
405872,5,3,2,74,76,124,168,150,292,198,244,442
407179,5,3,2,1,14,0,2,15,2,1,16,17
407461,5,3,2,8,3,0,0,11,0,8,3,11
407470,5,3,2,0,21,0,2,21,2,0,23,23
407735,5,3,2,0,20,0,0,20,0,0,20,20
407832,5,3,2,8,9,7,9,17,16,15,18,33
408066,5,3,2,8,17,0,7,25,7,8,24,32
408844,5,3,2,77,115,14,66,192,80,91,181,272
409591,5,3,2,2,8,1,4,10,5,3,12,15
409698,5,3,2,681,1215,48,41,1896,89,729,1256,1985
412544,5,3,2,1,22,0,5,23,5,1,27,28
413617,5,3,2,0,3,2,6,3,8,2,9,11
414878,5,3,2,26,36,36,59,62,95,62,95,157
414911,5,3,2,67,59,34,66,126,100,101,125,226
415039,5,3,2,0,8,0,4,8,4,0,12,12
416801,5,3,2,5,34,0,1,39,1,5,35,40
417008,5,3,2,1,29,0,0,30,0,1,29,30
417655,5,3,2,0,1,0,0,1,0,0,1,1
417716,5,3,2,0,9,0,0,9,0,0,9,9
417734,5,3,2,1,3,3,15,4,18,4,18,22
417752,5,3,2,2,4,0,0,6,0,2,4,6
417840,5,3,2,6,37,0,0,43,0,6,37,43
417886,5,3,2,0,2,0,0,2,0,0,2,2
417910,5,3,2,4,22,0,0,26,0,4,22,26
418029,5,3,2,0,2,0,0,2,0,0,2,2
418065,5,3,2,2,21,1,5,23,6,3,26,29
418083,5,3,2,2,1,0,0,3,0,2,1,3
418481,5,3,2,0,12,0,0,12,0,0,12,12
418533,5,3,2,6,30,3,3,36,6,9,33,42
418588,5,3,2,0,8,0,0,8,0,0,8,8
419031,5,3,2,0,4,0,0,4,0,0,4,4
420130,5,3,2,1,22,0,0,23,0,1,22,23
420343,5,3,2,184,4,31,1,188,32,215,5,220
420431,5,3,2,19,31,74,97,50,171,93,128,221
420440,5,3,2,42,48,23,40,90,63,65,88,153
420538,5,3,2,31,42,17,34,73,51,48,76,124
420556,5,3,2,18,18,13,31,36,44,31,49,80
421610,5,3,2,2,28,0,1,30,1,2,29,31
421717,5,3,2,0,0,1,0,0,1,1,0,1
423652,5,3,2,8,12,5,15,20,20,13,27,40
426314,5,3,2,116,45,239,62,161,301,355,107,462
428055,5,3,2,4,15,0,0,19,0,4,15,19
430227,5,3,2,0,11,0,3,11,3,0,14,14
430403,5,3,2,2,22,0,0,24,0,2,22,24
430564,5,3,2,1,0,0,0,1,0,1,0,1
430971,5,3,2,0,4,0,0,4,0,0,4,4
431275,5,3,2,0,0,0,5,0,5,0,5,5
431284,5,3,2,0,8,0,1,8,1,0,9,9
433040,5,3,2,1,2,0,0,3,0,1,2,3
433101,5,3,2,20,107,5,29,127,34,25,136,161
433387,5,3,2,1499,2150,0,0,3649,0,1499,2150,3649
433420,5,3,2,44,6,0,0,50,0,44,6,50
433660,5,3,2,1755,2538,497,550,4293,1047,2252,3088,5340
434061,5,3,2,304,276,152,226,580,378,456,502,958
434159,5,3,2,60,11,0,0,71,0,60,11,71
434469,5,3,2,20,45,0,0,65,0,20,45,65
434584,5,3,2,4,7,4,8,11,12,8,15,23
434672,5,3,2,380,388,592,864,768,1456,972,1252,2224
435000,5,3,2,1,3,0,0,4,0,1,3,4
436553,5,3,2,32,98,0,0,130,0,32,98,130
436818,5,3,2,55,103,9,7,158,16,64,110,174
436827,5,3,2,28,47,5,4,75,9,33,51,84
436836,5,3,2,274,285,37,18,559,55,311,303,614
437103,5,3,2,375,490,212,418,865,630,587,908,1495
438586,5,3,2,8,24,7,7,32,14,15,31,46
438708,5,3,2,7,25,3,14,32,17,10,39,49
439190,5,3,2,72,70,73,84,142,157,145,154,299
439367,5,3,2,14,61,0,0,75,0,14,61,75
439844,5,3,2,0,16,0,0,16,0,0,16,16
440101,5,3,2,0,10,2,9,10,11,2,19,21
440271,5,3,2,10,14,0,0,24,0,10,14,24
440749,5,3,2,0,0,4,1,0,5,4,1,5
440828,5,3,2,90,88,55,65,178,120,145,153,298
441371,5,3,2,5,294,0,0,299,0,5,294,299
441690,5,3,2,2,0,3,1,2,4,5,1,6
441760,5,3,2,124,98,145,273,222,418,269,371,640
441900,5,3,2,101,392,54,230,493,284,155,622,777
441937,5,3,2,401,943,58,131,1344,189,459,1074,1533
442073,5,3,2,32,81,5,23,113,28,37,104,141
442240,5,3,2,4,59,3,25,63,28,7,84,91
442329,5,3,2,104,18,0,0,122,0,104,18,122
442356,5,3,2,10,94,10,107,104,117,20,201,221
442523,5,3,2,14,29,0,0,43,0,14,29,43
442930,5,3,2,53,51,0,6,104,6,53,57,110
443049,5,3,2,4,3,3,1,7,4,7,4,11
443100,5,3,2,5,1,0,0,6,0,5,1,6
443331,5,3,2,42,174,10,42,216,52,52,216,268
443641,5,3,2,1,13,0,20,14,20,1,33,34
444219,5,3,2,180,122,577,653,302,1230,757,775,1532
444282,5,3,2,0,6,0,7,6,7,0,13,13
444291,5,3,2,0,18,0,4,18,4,0,22,22
444307,5,3,2,1,6,0,4,7,4,1,10,11
444468,5,3,2,1,9,0,0,10,0,1,9,10
444486,5,3,2,0,47,1,4,47,5,1,51,52
444556,5,3,2,50,61,0,0,111,0,50,61,111
444565,5,3,2,27,40,3,7,67,10,30,47,77
444583,5,3,2,45,41,0,0,86,0,45,41,86
444671,5,3,2,9,16,0,0,25,0,9,16,25
444787,5,3,2,6,37,5,37,43,42,11,74,85
445027,5,3,2,126,260,8,31,386,39,134,291,425
445133,5,3,2,1,5,1,2,6,3,2,7,9
445188,5,3,2,1278,1502,27,22,2780,49,1305,1524,2829
445212,5,3,2,1,14,3,12,15,15,4,26,30
445267,5,3,2,58,138,11,55,196,66,69,193,262
445498,5,3,2,2,0,0,0,2,0,2,0,2
445708,5,3,2,113,234,5,7,347,12,118,241,359
445911,5,3,2,59,90,17,21,149,38,76,111,187
445948,5,3,2,37,278,0,0,315,0,37,278,315
446206,5,3,2,1,11,0,2,12,2,1,13,14
446233,5,3,2,25,25,0,1,50,1,25,26,51
446288,5,3,2,0,7,0,10,7,10,0,17,17
446774,5,3,2,53,73,80,96,126,176,133,169,302
447148,5,3,2,0,34,0,9,34,9,0,43,43
447166,5,3,2,2,13,0,7,15,7,2,20,22
447175,5,3,2,0,9,0,8,9,8,0,17,17
447582,5,3,2,56,62,17,36,118,53,73,98,171
447689,5,3,2,774,1141,365,500,1915,865,1139,1641,2780
447759,5,3,2,10,25,1,0,35,1,11,25,36
447999,5,3,2,2,13,0,0,15,0,2,13,15
448026,5,3,2,0,20,0,7,20,7,0,27,27
448196,5,3,2,1,4,0,0,5,0,1,4,5
448220,5,3,2,1,38,0,0,39,0,1,38,39
448248,5,3,2,9,44,281,107,53,388,290,151,441
448594,5,3,2,76,116,166,241,192,407,242,357,599
448673,5,3,2,4,55,3,54,59,57,7,109,116
448798,5,3,2,0,20,0,0,20,0,0,20,20
449320,5,3,2,152,5,60,2,157,62,212,7,219
449357,5,3,2,2,5,0,0,7,0,2,5,7
449384,5,3,2,38,26,7,5,64,12,45,31,76
449472,5,3,2,0,17,0,0,17,0,0,17,17
449889,5,3,2,1,1,0,0,2,0,1,1,2
449959,5,3,2,0,13,4,13,13,17,4,26,30
449968,5,3,2,3,29,2,12,32,14,5,41,46
449977,5,3,2,1,31,0,12,32,12,1,43,44
449986,5,3,2,10,22,9,8,32,17,19,30,49
449995,5,3,2,1,17,0,11,18,11,1,28,29
450571,5,3,2,2,15,2,9,17,11,4,24,28
450599,5,3,2,1,13,0,0,14,0,1,13,14
450605,5,3,2,0,6,0,4,6,4,0,10,10
450614,5,3,2,0,13,0,4,13,4,0,17,17
450641,5,3,2,2,36,0,8,38,8,2,44,46
450720,5,3,2,3,72,2,100,75,102,5,172,177
450933,5,3,2,100,103,37,30,203,67,137,133,270
451121,5,3,2,2,6,1,9,8,10,3,15,18
451565,5,3,2,5,35,2,0,40,2,7,35,42
451583,5,3,2,22,6,107,40,28,147,129,46,175
451714,5,3,2,2,25,10,9,27,19,12,34,46
451750,5,3,2,40,71,3,26,111,29,43,97,140
451857,5,3,2,1,9,0,0,10,0,1,9,10
451918,5,3,2,3,26,0,0,29,0,3,26,29
452009,5,3,2,0,11,0,0,11,0,0,11,11
453297,5,3,2,0,0,5,6,0,11,5,6,11
454227,5,3,2,18,137,31,174,155,205,49,311,360
454236,5,3,2,0,22,3,36,22,39,3,58,61
454245,5,3,2,4,27,6,37,31,43,10,64,74
454652,5,3,2,0,42,0,0,42,0,0,42,42
454698,5,3,2,21,66,0,0,87,0,21,66,87
454768,5,3,2,2,20,1,11,22,12,3,31,34
454777,5,3,2,2,18,1,10,20,11,3,28,31
454810,5,3,2,192,506,0,0,698,0,192,506,698
454926,5,3,2,2,54,0,7,56,7,2,61,63
454944,5,3,2,2,56,0,0,58,0,2,56,58
455026,5,3,2,0,0,26,3,0,29,26,3,29
455080,5,3,2,3,44,0,0,47,0,3,44,47
455114,5,3,2,242,192,307,475,434,782,549,667,1216
455196,5,3,2,10,114,0,0,124,0,10,114,124
455284,5,3,2,0,36,2,16,36,18,2,52,54
455512,5,3,2,39,63,182,261,102,443,221,324,545
455831,5,3,2,0,14,0,0,14,0,0,14,14
455868,5,3,2,5,39,0,0,44,0,5,39,44
455901,5,3,2,1,20,1,24,21,25,2,44,46
456029,5,3,2,1,40,0,16,41,16,1,56,57
456065,5,3,2,1,37,0,1,38,1,1,38,39
456074,5,3,2,2,30,0,0,32,0,2,30,32
456135,5,3,2,0,18,0,4,18,4,0,22,22
456481,5,3,2,0,0,2,0,0,2,2,0,2
456825,5,3,2,1,35,1,9,36,10,2,44,46
456959,5,3,2,40,182,3,10,222,13,43,192,235
457031,5,3,2,0,8,0,8,8,8,0,16,16
457129,5,3,2,0,18,2,20,18,22,2,38,40
457253,5,3,2,1,3,1,18,4,19,2,21,23
457299,5,3,2,2,8,2,7,10,9,4,15,19
457323,5,3,2,5,80,0,0,85,0,5,80,85
457475,5,3,2,0,36,0,0,36,0,0,36,36
457493,5,3,2,1,13,0,0,14,0,1,13,14
457527,5,3,2,0,0,2,9,0,11,2,9,11
457545,5,3,2,1,18,0,1,19,1,1,19,20
457633,5,3,2,1,13,0,20,14,20,1,33,34
457679,5,3,2,0,1,0,0,1,0,0,1,1
457855,5,3,2,1,11,1,5,12,6,2,16,18
458140,5,3,2,4,1,0,0,5,0,4,1,5
458210,5,3,2,48,172,13,35,220,48,61,207,268
458229,5,3,2,35,161,9,26,196,35,44,187,231
458274,5,3,2,3,38,0,5,41,5,3,43,46
458803,5,3,2,1,25,0,5,26,5,1,30,31
458812,5,3,2,1,12,0,6,13,6,1,18,19
458821,5,3,2,1,15,0,0,16,0,1,15,16
458830,5,3,2,0,27,0,9,27,9,0,36,36
458858,5,3,2,1,36,1,13,37,14,2,49,51
458867,5,3,2,0,21,0,10,21,10,0,31,31
459019,5,3,2,0,12,0,5,12,5,0,17,17
459046,5,3,2,0,5,0,4,5,4,0,9,9
459055,5,3,2,0,2,0,2,2,2,0,4,4
459064,5,3,2,0,10,0,1,10,1,0,11,11
459116,5,3,2,2,21,0,0,23,0,2,21,23
459170,5,3,2,3,24,0,20,27,20,3,44,47
459198,5,3,2,10,44,1,19,54,20,11,63,74
459231,5,3,2,2,54,0,0,56,0,2,54,56
459286,5,3,2,2,25,2,6,27,8,4,31,35
459301,5,3,2,0,24,0,1,24,1,0,25,25
459392,5,3,2,0,23,0,18,23,18,0,41,41
459417,5,3,2,8,3,2,1,11,3,10,4,14
459523,5,3,2,0,5,0,0,5,0,0,5,5
459578,5,3,2,3,11,3,2,14,5,6,13,19
459949,5,3,2,271,618,87,192,889,279,358,810,1168
460349,5,3,2,27,101,32,89,128,121,59,190,249
460394,5,3,2,93,119,566,785,212,1351,659,904,1563
460464,5,3,2,141,99,643,721,240,1364,784,820,1604
460677,5,3,2,18,39,1,7,57,8,19,46,65
460862,5,3,2,0,19,1,23,19,24,1,42,43
460871,5,3,2,1,17,3,9,18,12,4,26,30
460932,5,3,2,0,23,0,0,23,0,0,23,23
461193,5,3,2,1,50,0,0,51,0,1,50,51
461272,5,3,2,0,7,0,6,7,6,0,13,13
461421,5,3,2,1,40,0,0,41,0,1,40,41
461591,5,3,2,2,21,0,0,23,0,2,21,23
461643,5,3,2,0,3,0,0,3,0,0,3,3
461652,5,3,2,1,14,0,0,15,0,1,14,15
461704,5,3,2,0,43,0,0,43,0,0,43,43
461759,5,3,2,15,13,2,1,28,3,17,14,31
461829,5,3,2,6,12,0,0,18,0,6,12,18
461883,5,3,2,1,3,1,0,4,1,2,3,5
461917,5,3,2,0,25,0,17,25,17,0,42,42
462008,5,3,2,1,33,0,21,34,21,1,54,55
462071,5,3,2,8,29,0,0,37,0,8,29,37
463056,5,3,2,155,184,16,12,339,28,171,196,367
466921,5,3,2,0,22,1,16,22,17,1,38,39
466930,5,3,2,6,45,22,121,51,143,28,166,194
467863,5,3,2,7,44,0,8,51,8,7,52,59
467872,5,3,2,2,42,0,18,44,18,2,60,62
468893,5,3,2,0,38,0,13,38,13,0,51,51
470047,5,3,2,0,2,0,0,2,0,0,2,2
474863,5,3,2,5,30,2,20,35,22,7,50,57
474915,5,3,2,0,53,2,40,53,42,2,93,95
474924,5,3,2,0,6,0,18,6,18,0,24,24
475200,5,3,2,0,1,1,0,1,1,1,1,2
475431,5,3,2,0,11,0,0,11,0,0,11,11
475486,5,3,2,2,27,5,12,29,17,7,39,46
475547,5,3,2,3,8,2,14,11,16,5,22,27
475556,5,3,2,1,16,0,12,17,12,1,28,29
475653,5,3,2,0,6,0,0,6,0,0,6,6
475723,5,3,2,7,12,30,12,19,42,37,24,61
475732,5,3,2,3,22,3,46,25,49,6,68,74
475741,5,3,2,1,8,0,5,9,5,1,13,14
475839,5,3,2,0,9,4,12,9,16,4,21,25
476063,5,3,2,20,2,0,0,22,0,20,2,22
476179,5,3,2,2,21,0,9,23,9,2,30,32
476805,5,3,2,0,9,0,0,9,0,0,9,9
476841,5,3,2,6,37,2,16,43,18,8,53,61
476975,5,3,2,53,59,89,126,112,215,142,185,327
476984,5,3,2,3,48,0,6,51,6,3,54,57
477039,5,3,2,6,40,2,10,46,12,8,50,58
478582,5,3,2,1,19,0,11,20,11,1,30,31
478616,5,3,2,1,14,1,2,15,3,2,16,18
478953,5,3,2,0,32,0,0,32,0,0,32,32
479956,5,3,2,350,475,205,213,825,418,555,688,1243
479983,5,3,2,3,16,0,0,19,0,3,16,19
480028,5,3,2,4,2,0,0,6,0,4,2,6
480091,5,3,2,53,293,122,230,346,352,175,523,698
480310,5,3,2,0,21,0,1,21,1,0,22,22
480569,5,3,2,11,37,4,0,48,4,15,37,52
480657,5,3,2,2,13,4,10,15,14,6,23,29
480921,5,3,2,14,2,0,0,16,0,14,2,16
480930,5,3,2,0,7,0,2,7,2,0,9,9
480976,5,3,2,1,18,0,0,19,0,1,18,19
481191,5,3,2,6,28,0,0,34,0,6,28,34
481225,5,3,2,1,2,0,0,3,0,1,2,3
481526,5,3,2,0,19,0,0,19,0,0,19,19
481678,5,3,2,0,11,0,6,11,6,0,17,17
481739,5,3,2,0,6,0,4,6,4,0,10,10
481748,5,3,2,0,18,0,3,18,3,0,21,21
481845,5,3,2,0,11,0,5,11,5,0,16,16
482149,5,3,2,496,1031,66,132,1527,198,562,1163,1725
482158,5,3,2,586,592,195,248,1178,443,781,840,1621
482167,5,3,2,0,2,0,8,2,8,0,10,10
482176,5,3,2,1,32,0,13,33,13,1,45,46
482413,5,3,2,2,1,2,3,3,5,4,4,8
482422,5,3,2,2,0,1,1,2,2,3,1,4
482431,5,3,2,15,14,19,9,29,28,34,23,57
482459,5,3,2,4,1,2,4,5,6,6,5,11
482468,5,3,2,3,7,5,3,10,8,8,10,18
482477,5,3,2,173,213,247,293,386,540,420,506,926
482556,5,3,2,4,2,1,3,6,4,5,5,10
482574,5,3,2,1,2,4,2,3,6,5,4,9
482635,5,3,2,2,1,0,2,3,2,2,3,5
482653,5,3,2,1,0,0,1,1,1,1,1,2
482680,5,3,2,1606,2138,612,750,3744,1362,2218,2888,5106
482699,5,3,2,102,129,36,73,231,109,138,202,340
482705,5,3,2,14,89,66,88,103,154,80,177,257
482936,5,3,2,327,77,28,6,404,34,355,83,438
483036,5,3,2,43,51,56,64,94,120,99,115,214
483045,5,3,2,125,133,221,346,258,567,346,479,825
483054,5,3,2,13,5,0,0,18,0,13,5,18
483124,5,3,2,787,2461,820,2072,3248,2892,1607,4533,6140
483328,5,3,2,2,19,0,6,21,6,2,25,27
483337,5,3,2,1,17,0,13,18,13,1,30,31
483559,5,3,2,0,8,0,3,8,3,0,11,11
483595,5,3,2,47,161,60,153,208,213,107,314,421
483823,5,3,2,62,30,0,0,92,0,62,30,92
483911,5,3,2,0,5,0,0,5,0,0,5,5
484011,5,3,2,4,17,0,3,21,3,4,20,24
484093,5,3,2,0,19,0,14,19,14,0,33,33
484109,5,3,2,1,29,0,0,30,0,1,29,30
484190,5,3,2,3,0,0,0,3,0,3,0,3
484394,5,3,2,0,12,2,11,12,13,2,23,25
484473,5,3,2,288,296,95,133,584,228,383,429,812
484613,5,3,2,926,1943,0,0,2869,0,926,1943,2869
484631,5,3,2,2,3,0,0,5,0,2,3,5
484905,5,3,2,160,349,70,144,509,214,230,493,723
485014,5,3,2,1,8,0,4,9,4,1,12,13
485032,5,3,2,1,12,1,15,13,16,2,27,29
485111,5,3,2,332,344,187,253,676,440,519,597,1116
485272,5,3,2,4,64,3,30,68,33,7,94,101
485397,5,3,2,0,21,0,5,21,5,0,26,26
485458,5,3,2,26,32,81,99,58,180,107,131,238
485476,5,3,2,0,17,0,0,17,0,0,17,17
485494,5,3,2,12,0,0,0,12,0,12,0,12
485768,5,3,2,114,26,0,0,140,0,114,26,140
486123,5,3,2,3,2,0,0,5,0,3,2,5
486567,5,3,2,3,45,0,0,48,0,3,45,48
486691,5,3,2,0,16,0,3,16,3,0,19,19
486798,5,3,2,210,24,0,0,234,0,210,24,234
486840,5,3,2,4622,5111,1255,1366,9733,2621,5877,6477,12354
486877,5,3,2,0,1,0,0,1,0,0,1,1
486886,5,3,2,0,4,0,6,4,6,0,10,10
486938,5,3,2,5,17,4,23,22,27,9,40,49
486947,5,3,2,3,39,8,32,42,40,11,71,82
486956,5,3,2,3,28,1,35,31,36,4,63,67
486983,5,3,2,4,6,0,0,10,0,4,6,10
487010,5,3,2,2,85,0,0,87,0,2,85,87
487092,5,3,2,66,57,0,0,123,0,66,57,123
487162,5,3,2,55,148,106,198,203,304,161,346,507
487348,5,3,2,0,12,0,14,12,14,0,26,26
487524,5,3,2,350,456,16,36,806,52,366,492,858
487676,5,3,2,0,28,6,20,28,26,6,48,54
487773,5,3,2,0,6,0,0,6,0,0,6,6
487861,5,3,2,1,11,1,1,12,2,2,12,14
487922,5,3,2,0,8,0,4,8,4,0,12,12
488013,5,3,2,2,30,0,0,32,0,2,30,32
488031,5,3,2,1,2,0,0,3,0,1,2,3
488077,5,3,2,77,1,66,0,78,66,143,1,144
488271,5,3,2,0,24,0,0,24,0,0,24,24
488305,5,3,2,11,8,2,2,19,4,13,10,23
488989,5,3,2,0,21,1,11,21,12,1,32,33
488998,5,3,2,2,16,0,1,18,1,2,17,19
489140,5,3,2,0,11,2,10,11,12,2,21,23
489201,5,3,2,154,149,538,647,303,1185,692,796,1488
489256,5,3,2,53,8,1,0,61,1,54,8,62
489344,5,3,2,0,10,2,18,10,20,2,28,30
489353,5,3,2,5,26,8,25,31,33,13,51,64
489779,5,3,2,95,158,978,1109,253,2087,1073,1267,2340
490115,5,3,2,9,3,0,0,12,0,9,3,12
490230,5,3,2,6,4,0,0,10,0,6,4,10
490258,5,3,2,5,23,0,0,28,0,5,23,28
490300,5,3,2,0,9,4,2,9,6,4,11,15
490416,5,3,2,1,1,0,0,2,0,1,1,2
490425,5,3,2,0,25,0,0,25,0,0,25,25
490753,5,3,2,2,0,0,0,2,0,2,0,2
490805,5,3,2,706,741,65,77,1447,142,771,818,1589
491136,5,3,2,0,16,0,4,16,4,0,20,20
491145,5,3,2,0,17,0,9,17,9,0,26,26
491534,5,3,2,0,0,1,2,0,3,1,2,3
491826,5,3,2,0,20,0,0,20,0,0,20,20
491835,5,3,2,0,17,0,0,17,0,0,17,17
491941,5,3,2,0,44,0,0,44,0,0,44,44
491978,5,3,2,0,1,3,7,1,10,3,8,11
492476,5,3,2,1,3,3,5,4,8,4,8,12
492689,5,3,2,5,21,0,1,26,1,5,22,27
492759,5,3,2,1,17,0,20,18,20,1,37,38
492801,5,3,2,28,42,6,22,70,28,34,64,98
492962,5,3,2,22,37,32,50,59,82,54,87,141
493451,5,3,2,1,8,0,0,9,0,1,8,9
493655,5,3,2,0,1,0,0,1,0,0,1,1
493804,5,3,2,13,2,0,0,15,0,13,2,15
493831,5,3,2,2,1,0,0,3,0,2,1,3
494278,5,3,2,0,2,6,8,2,14,6,10,16
494287,5,3,2,1,3,2,6,4,8,3,9,12
494898,5,3,2,0,2,0,0,2,0,0,2,2
494959,5,3,2,1,0,2,5,1,7,3,5,8
495077,5,3,2,2,25,0,0,27,0,2,25,27
495101,5,3,2,1,4,0,0,5,0,1,4,5
495271,5,3,2,0,0,2,1,0,3,2,1,3
495350,5,3,2,0,3,0,0,3,0,0,3,3
495369,5,3,2,0,7,0,2,7,2,0,9,9
495411,5,3,2,1,19,0,0,20,0,1,19,20
495518,5,3,2,0,8,0,6,8,6,0,14,14
496052,5,3,2,3,1,0,0,4,0,3,1,4
496618,5,3,2,1,10,0,0,11,0,1,10,11
496636,5,3,2,3,4,0,0,7,0,3,4,7
496733,5,3,2,0,17,0,0,17,0,0,17,17
497000,5,3,2,1,16,0,0,17,0,1,16,17
497037,5,3,2,3,45,3,21,48,24,6,66,72
497046,5,3,2,25,51,336,502,76,838,361,553,914
497107,5,3,2,0,0,0,7,0,7,0,7,7
497301,5,3,2,0,30,2,24,30,26,2,54,56
497417,5,3,2,0,3,0,0,3,0,0,3,3
497480,5,3,2,3,12,0,1,15,1,3,13,16
497790,5,3,2,44,0,0,0,44,0,44,0,44
498562,5,3,2,1469,2410,137,210,3879,347,1606,2620,4226
498571,5,3,2,1126,1875,69,99,3001,168,1195,1974,3169
100663,5,3,5,52,48,2,3,100,5,54,51,105
100706,5,3,5,11,14,1,3,25,4,12,17,29
100751,5,3,5,65,103,2,8,168,10,67,111,178
100812,5,3,5,0,0,1,2,0,3,1,2,3
100830,5,3,5,11,3,2,1,14,3,13,4,17
100858,5,3,5,30,121,4,9,151,13,34,130,164
101189,5,3,5,2,7,0,0,9,0,2,7,9
101480,5,3,5,4,6,1,1,10,2,5,7,12
101587,5,3,5,1,11,0,1,12,1,1,12,13
101709,5,3,5,0,7,1,1,7,2,1,8,9
101912,5,3,5,1,0,0,0,1,0,1,0,1
102049,5,3,5,28,83,0,0,111,0,28,83,111
102094,5,3,5,10,32,0,0,42,0,10,32,42
102234,5,3,5,1,0,0,1,1,1,1,1,2
102368,5,3,5,3,7,0,1,10,1,3,8,11
102377,5,3,5,5,24,0,0,29,0,5,24,29
102553,5,3,5,0,2,1,0,2,1,1,2,3
102614,5,3,5,1,0,0,3,1,3,1,3,4
102632,5,3,5,1,0,0,0,1,0,1,0,1
104151,5,3,5,360,262,5,4,622,9,365,266,631
104179,5,3,5,64,110,6,3,174,9,70,113,183
104717,5,3,5,1,1,18,110,2,128,19,111,130
105330,5,3,5,37,76,2,0,113,2,39,76,115
106245,5,3,5,3,9,27,83,12,110,30,92,122
106263,5,3,5,12,18,0,0,30,0,12,18,30
106397,5,3,5,16,60,12,15,76,27,28,75,103
106458,5,3,5,4,21,6,11,25,17,10,32,42
106467,5,3,5,1,6,1,1,7,2,2,7,9
107080,5,3,5,1,0,0,0,1,0,1,0,1
107141,5,3,5,2,3,1,1,5,2,3,4,7
107512,5,3,5,1,1,0,0,2,0,1,1,2
107983,5,3,5,4,8,3,7,12,10,7,15,22
108232,5,3,5,1,5,0,3,6,3,1,8,9
109785,5,3,5,10,1,0,1,11,1,10,2,12
110097,5,3,5,3,17,3,4,20,7,6,21,27
110361,5,3,5,7,35,0,5,42,5,7,40,47
110398,5,3,5,8,15,0,0,23,0,8,15,23
110404,5,3,5,18,5,0,0,23,0,18,5,23
110413,5,3,5,0,6,0,0,6,0,0,6,6
110422,5,3,5,24,46,1,5,70,6,25,51,76
110486,5,3,5,7,21,0,3,28,3,7,24,31
110495,5,3,5,2,17,1,1,19,2,3,18,21
110510,5,3,5,7,20,4,3,27,7,11,23,34
110529,5,3,5,8,9,3,2,17,5,11,11,22
110538,5,3,5,2,11,4,3,13,7,6,14,20
110547,5,3,5,5,8,0,1,13,1,5,9,14
110556,5,3,5,21,46,1,1,67,2,22,47,69
110565,5,3,5,23,45,3,12,68,15,26,57,83
110574,5,3,5,29,24,1,4,53,5,30,28,58
110583,5,3,5,33,42,1,8,75,9,34,50,84
110592,5,3,5,9,25,0,3,34,3,9,28,37
110608,5,3,5,26,33,7,7,59,14,33,40,73
110617,5,3,5,16,22,2,9,38,11,18,31,49
110635,5,3,5,121,97,3,7,218,10,124,104,228
110644,5,3,5,43,52,0,1,95,1,43,53,96
110653,5,3,5,65,103,1,4,168,5,66,107,173
110662,5,3,5,115,133,8,6,248,14,123,139,262
110671,5,3,5,33,41,1,0,74,1,34,41,75
110680,5,3,5,145,130,2,4,275,6,147,134,281
110699,5,3,5,11,22,0,0,33,0,11,22,33
110705,5,3,5,27,25,1,0,52,1,28,25,53
110714,5,3,5,27,22,0,0,49,0,27,22,49
111188,5,3,5,0,0,1,0,0,1,1,0,1
111948,5,3,5,29,68,2,3,97,5,31,71,102
112075,5,3,5,3,8,1,1,11,2,4,9,13
112251,5,3,5,0,5,0,0,5,0,0,5,5
113698,5,3,5,1,4,0,0,5,0,1,4,5
114813,5,3,5,5,9,0,1,14,1,5,10,15
115083,5,3,5,4,1,0,1,5,1,4,2,6
115755,5,3,5,1,9,1,0,10,1,2,9,11
117104,5,3,5,0,2,0,0,2,0,0,2,2
117946,5,3,5,13,36,0,1,49,1,13,37,50
119058,5,3,5,0,0,0,1,0,1,0,1,1
120166,5,3,5,2,0,0,0,2,0,2,0,2
120184,5,3,5,1,5,0,3,6,3,1,8,9
120883,5,3,5,101,133,3,8,234,11,104,141,245
121150,5,3,5,11,51,1,14,62,15,12,65,77
121309,5,3,5,0,7,0,0,7,0,0,7,7
122296,5,3,5,1,1,0,0,2,0,1,1,2
122409,5,3,5,26,58,3,5,84,8,29,63,92
122436,5,3,5,17,54,1,5,71,6,18,59,77
122597,5,3,5,13,26,0,3,39,3,13,29,42
122612,5,3,5,15,28,7,18,43,25,22,46,68
122728,5,3,5,3,2,1,0,5,1,4,2,6
122755,5,3,5,33,44,5,5,77,10,38,49,87
122931,5,3,5,20,20,0,2,40,2,20,22,42
123457,5,3,5,0,1,0,2,1,2,0,3,3
123572,5,3,5,0,7,0,3,7,3,0,10,10
123952,5,3,5,2,0,0,0,2,0,2,0,2
123961,5,3,5,250,386,51,58,636,109,301,444,745
125231,5,3,5,1,24,0,5,25,5,1,29,30
125897,5,3,5,0,1,0,0,1,0,0,1,1
126182,5,3,5,0,6,2,2,6,4,2,8,10
126562,5,3,5,19,42,11,15,61,26,30,57,87
126580,5,3,5,3,4,1,3,7,4,4,7,11
126614,5,3,5,49,45,28,24,94,52,77,69,146
126775,5,3,5,25,18,2,1,43,3,27,19,46
126818,5,3,5,19,35,7,8,54,15,26,43,69
126827,5,3,5,0,1,0,0,1,0,0,1,1
127565,5,3,5,0,6,0,1,6,1,0,7,7
127653,5,3,5,0,1,0,0,1,0,0,1,1
127741,5,3,5,2,22,1,2,24,3,3,24,27
127918,5,3,5,5,10,0,0,15,0,5,10,15
128106,5,3,5,1,2,0,0,3,0,1,2,3
128498,5,3,5,0,5,0,0,5,0,0,5,5
128744,5,3,5,50,38,0,2,88,2,50,40,90
128771,5,3,5,3,7,1,1,10,2,4,8,12
129020,5,3,5,51,128,4,8,179,12,55,136,191
129215,5,3,5,1,7,1,2,8,3,2,9,11
129242,5,3,5,11,13,0,3,24,3,11,16,27
129525,5,3,5,6,21,2,0,27,2,8,21,29
129941,5,3,5,101,119,4,5,220,9,105,124,229
130183,5,3,5,1,0,1,5,1,6,2,5,7
130226,5,3,5,43,65,0,0,108,0,43,65,108
130253,5,3,5,42,68,0,1,110,1,42,69,111
130314,5,3,5,4,8,0,0,12,0,4,8,12
130590,5,3,5,0,0,3,0,0,3,3,0,3
130697,5,3,5,0,2,0,2,2,2,0,4,4
130776,5,3,5,2,1,3,2,3,5,5,3,8
130794,5,3,5,34,65,1,0,99,1,35,65,100
130934,5,3,5,2,4,0,0,6,0,2,4,6
130943,5,3,5,31,64,0,4,95,4,31,68,99
130989,5,3,5,0,1,0,0,1,0,0,1,1
131113,5,3,5,6,9,4,4,15,8,10,13,23
131399,5,3,5,2,2,0,0,4,0,2,2,4
131450,5,3,5,1,1,0,0,2,0,1,1,2
131469,5,3,5,20,46,4,13,66,17,24,59,83
131496,5,3,5,48,114,8,15,162,23,56,129,185
131520,5,3,5,23,66,1,1,89,2,24,67,91
132471,5,3,5,5,25,0,8,30,8,5,33,38
132842,5,3,5,0,5,0,0,5,0,0,5,5
132903,5,3,5,50,109,20,24,159,44,70,133,203
133553,5,3,5,13,12,0,0,25,0,13,12,25
133650,5,3,5,7,31,0,1,38,1,7,32,39
133872,5,3,5,0,3,0,0,3,0,0,3,3
133881,5,3,5,19,27,5,27,46,32,24,54,78
134097,5,3,5,98,231,17,39,329,56,115,270,385
134130,5,3,5,138,214,14,29,352,43,152,243,395
135726,5,3,5,51,82,0,0,133,0,51,82,133
136172,5,3,5,51,151,17,29,202,46,68,180,248
136330,5,3,5,10,17,0,3,27,3,10,20,30
136701,5,3,5,1,0,0,0,1,0,1,0,1
136950,5,3,5,4,3,2,0,7,2,6,3,9
137351,5,3,5,65,123,7,24,188,31,72,147,219
137546,5,3,5,14,30,4,9,44,13,18,39,57
137564,5,3,5,2,14,0,1,16,1,2,15,17
138309,5,3,5,1,2,0,1,3,1,1,3,4
138354,5,3,5,4,16,8,23,20,31,12,39,51
138600,5,3,5,0,4,0,0,4,0,0,4,4
138716,5,3,5,0,5,0,0,5,0,0,5,5
138929,5,3,5,1,4,1,0,5,1,2,4,6
138947,5,3,5,3,7,0,0,10,0,3,7,10
139144,5,3,5,0,0,1,2,0,3,1,2,3
139199,5,3,5,0,7,0,1,7,1,0,8,8
139311,5,3,5,0,4,1,1,4,2,1,5,6
139366,5,3,5,0,4,0,1,4,1,0,5,5
139393,5,3,5,0,1,0,0,1,0,0,1,1
139658,5,3,5,19,46,0,3,65,3,19,49,68
139719,5,3,5,0,1,0,0,1,0,0,1,1
139755,5,3,5,216,94,54,18,310,72,270,112,382
139764,5,3,5,1,1,2,1,2,3,3,2,5
139861,5,3,5,2,7,3,2,9,5,5,9,14
139931,5,3,5,7,30,2,2,37,4,9,32,41
139940,5,3,5,18,62,2,4,80,6,20,66,86
139959,5,3,5,82,185,1,13,267,14,83,198,281
140252,5,3,5,30,35,0,0,65,0,30,35,65
140447,5,3,5,10,52,2,1,62,3,12,53,65
140562,5,3,5,2,7,2,9,9,11,4,16,20
140818,5,3,5,1,1,0,0,2,0,1,1,2
140951,5,3,5,7,32,1,1,39,2,8,33,41
140960,5,3,5,0,1,0,0,1,0,0,1,1
140988,5,3,5,7,7,0,0,14,0,7,7,14
141264,5,3,5,4,13,1,7,17,8,5,20,25
141334,5,3,5,2,9,4,4,11,8,6,13,19
141565,5,3,5,3,6,1,4,9,5,4,10,14
141574,5,3,5,23,44,1,8,67,9,24,52,76
141644,5,3,5,3,6,0,0,9,0,3,6,9
142115,5,3,5,3,16,0,9,19,9,3,25,28
142276,5,3,5,9,41,0,1,50,1,9,42,51
142285,5,3,5,50,128,2,3,178,5,52,131,183
142461,5,3,5,1,2,1,3,3,4,2,5,7
142832,5,3,5,1,14,1,1,15,2,2,15,17
143118,5,3,5,2,19,0,2,21,2,2,21,23
143358,5,3,5,11,10,0,1,21,1,11,11,22
143853,5,3,5,12,50,0,0,62,0,12,50,62
144050,5,3,5,58,74,3,3,132,6,61,77,138
144351,5,3,5,1,2,3,2,3,5,4,4,8
144740,5,3,5,33,54,0,3,87,3,33,57,90
144892,5,3,5,11,21,2,0,32,2,13,21,34
144962,5,3,5,0,5,1,1,5,2,1,6,7
145336,5,3,5,5,9,0,0,14,0,5,9,14
145558,5,3,5,5,17,0,0,22,0,5,17,22
145600,5,3,5,89,113,3,2,202,5,92,115,207
145619,5,3,5,0,2,0,0,2,0,0,2,2
145637,5,3,5,233,189,22,27,422,49,255,216,471
145813,5,3,5,27,35,1,3,62,4,28,38,66
146339,5,3,5,0,1,0,0,1,0,0,1,1
146481,5,3,5,0,2,0,0,2,0,0,2,2
146612,5,3,5,11,14,2,3,25,5,13,17,30
146719,5,3,5,13,42,0,4,55,4,13,46,59
147013,5,3,5,3,6,0,0,9,0,3,6,9
147244,5,3,5,1,2,0,0,3,0,1,2,3
147369,5,3,5,2,3,0,0,5,0,2,3,5
147536,5,3,5,0,2,0,1,2,1,0,3,3
147590,5,3,5,1,0,0,0,1,0,1,0,1
147660,5,3,5,0,2,0,0,2,0,0,2,2
147679,5,3,5,0,1,0,1,1,1,0,2,2
147776,5,3,5,1,0,2,0,1,2,3,0,3
147828,5,3,5,0,0,1,4,0,5,1,4,5
148131,5,3,5,1,0,0,0,1,0,1,0,1
148487,5,3,5,4,17,0,0,21,0,4,17,21
148511,5,3,5,1,8,0,0,9,0,1,8,9
148627,5,3,5,0,3,0,0,3,0,0,3,3
148654,5,3,5,28,18,2,3,46,5,30,21,51
149222,5,3,5,12,36,1,3,48,4,13,39,52
149231,5,3,5,39,79,3,4,118,7,42,83,125
149772,5,3,5,19,24,0,3,43,3,19,27,46
149781,5,3,5,0,2,2,3,2,5,2,5,7
150136,5,3,5,14,47,5,34,61,39,19,81,100
150163,5,3,5,2,1,1,1,3,2,3,2,5
150172,5,3,5,0,0,0,1,0,1,0,1,1
150534,5,3,5,0,5,0,0,5,0,0,5,5
150604,5,3,5,0,1,0,0,1,0,0,1,1
150677,5,3,5,1,1,2,2,2,4,3,3,6
150941,5,3,5,0,2,0,0,2,0,0,2,2
151111,5,3,5,38,86,1,4,124,5,39,90,129
151263,5,3,5,6,32,5,4,38,9,11,36,47
151290,5,3,5,2,3,1,0,5,1,3,3,6
151306,5,3,5,1,11,0,1,12,1,1,12,13
151324,5,3,5,3,17,0,3,20,3,3,20,23
151333,5,3,5,3,2,0,0,5,0,3,2,5
151342,5,3,5,5,4,1,0,9,1,6,4,10
151351,5,3,5,143,140,7,1,283,8,150,141,291
151360,5,3,5,0,2,0,0,2,0,0,2,2
151379,5,3,5,1,4,1,4,5,5,2,8,10
151388,5,3,5,1,3,0,0,4,0,1,3,4
151777,5,3,5,7,11,0,0,18,0,7,11,18
152080,5,3,5,44,29,0,0,73,0,44,29,73
152318,5,3,5,1,1,0,0,2,0,1,1,2
152336,5,3,5,1,2,0,0,3,0,1,2,3
152451,5,3,5,1,0,0,0,1,0,1,0,1
152567,5,3,5,4,18,0,0,22,0,4,18,22
152600,5,3,5,10,36,1,0,46,1,11,36,47
152798,5,3,5,0,7,0,0,7,0,0,7,7
153001,5,3,5,0,0,0,4,0,4,0,4,4
153126,5,3,5,0,1,0,0,1,0,0,1,1
153162,5,3,5,0,0,1,0,0,1,1,0,1
153269,5,3,5,26,100,0,2,126,2,26,102,128
153366,5,3,5,0,1,0,0,1,0,0,1,1
153621,5,3,5,2,0,0,0,2,0,2,0,2
153658,5,3,5,53,128,3,3,181,6,56,131,187
153825,5,3,5,1,0,0,0,1,0,1,0,1
154013,5,3,5,0,4,0,0,4,0,0,4,4
154174,5,3,5,42,51,0,0,93,0,42,51,93
154235,5,3,5,1,11,0,0,12,0,1,11,12
154493,5,3,5,3,3,1,0,6,1,4,3,7
154527,5,3,5,0,1,0,0,1,0,0,1,1
154712,5,3,5,2,0,0,1,2,1,2,1,3
155025,5,3,5,4,11,3,4,15,7,7,15,22
155089,5,3,5,1,2,1,0,3,1,2,2,4
155317,5,3,5,38,76,2,2,114,4,40,78,118
155399,5,3,5,73,136,2,3,209,5,75,139,214
155414,5,3,5,0,0,1,3,0,4,1,3,4
155812,5,3,5,0,2,0,0,2,0,0,2,2
155973,5,3,5,0,0,1,0,0,1,1,0,1
156082,5,3,5,4,7,1,0,11,1,5,7,12
156125,5,3,5,80,80,2,4,160,6,82,84,166
156213,5,3,5,1,0,0,0,1,0,1,0,1
156286,5,3,5,0,11,1,1,11,2,1,12,13
156356,5,3,5,0,1,0,0,1,0,0,1,1
156541,5,3,5,3,11,3,5,14,8,6,16,22
156620,5,3,5,1,31,2,2,32,4,3,33,36
156745,5,3,5,0,0,0,1,0,1,0,1,1
157085,5,3,5,49,140,0,5,189,5,49,145,194
157216,5,3,5,14,6,0,4,20,4,14,10,24
157289,5,3,5,15,53,1,11,68,12,16,64,80
157386,5,3,5,1,3,0,2,4,2,1,5,6
157401,5,3,5,5,19,2,4,24,6,7,23,30
157447,5,3,5,5,13,1,5,18,6,6,18,24
157535,5,3,5,5,15,0,0,20,0,5,15,20
157757,5,3,5,1,7,0,0,8,0,1,7,8
157951,5,3,5,4,32,2,5,36,7,6,37,43
159391,5,3,5,42,122,0,5,164,5,42,127,169
159647,5,3,5,14,32,0,2,46,2,14,34,48
159656,5,3,5,6,12,0,0,18,0,6,12,18
159717,5,3,5,0,9,0,1,9,1,0,10,10
159939,5,3,5,1,6,1,1,7,2,2,7,9
159966,5,3,5,4,13,0,0,17,0,4,13,17
159993,5,3,5,25,51,2,1,76,3,27,52,79
160612,5,3,5,4,14,0,3,18,3,4,17,21
160621,5,3,5,4,11,0,1,15,1,4,12,16
160630,5,3,5,0,2,0,0,2,0,0,2,2
160658,5,3,5,11,11,1,3,22,4,12,14,26
160755,5,3,5,19,53,1,3,72,4,20,56,76
160904,5,3,5,16,70,0,0,86,0,16,70,86
161217,5,3,5,0,0,0,1,0,1,0,1,1
161226,5,3,5,0,1,0,0,1,0,0,1,1
161253,5,3,5,5,12,1,4,17,5,6,16,22
161299,5,3,5,0,2,0,0,2,0,0,2,2
161457,5,3,5,11,27,0,1,38,1,11,28,39
161509,5,3,5,0,2,0,0,2,0,0,2,2
161554,5,3,5,2,6,2,2,8,4,4,8,12
161572,5,3,5,0,6,0,0,6,0,0,6,6
161873,5,3,5,9,14,0,3,23,3,9,17,26
162584,5,3,5,3,3,1,0,6,1,4,3,7
162654,5,3,5,0,0,0,1,0,1,0,1,1
163204,5,3,5,0,0,7,6,0,13,7,6,13
163259,5,3,5,13,58,3,6,71,9,16,64,80
163268,5,3,5,74,63,3,5,137,8,77,68,145
163286,5,3,5,52,43,6,3,95,9,58,46,104
163295,5,3,5,1,5,0,0,6,0,1,5,6
163338,5,3,5,3,6,0,0,9,0,3,6,9
163453,5,3,5,1,1,0,0,2,0,1,1,2
163462,5,3,5,6,2,1,1,8,2,7,3,10
163578,5,3,5,0,3,0,2,3,2,0,5,5
163851,5,3,5,10,30,1,2,40,3,11,32,43
163912,5,3,5,0,3,0,0,3,0,0,3,3
164076,5,3,5,3,35,1,4,38,5,4,39,43
164085,5,3,5,0,0,0,1,0,1,0,1,1
164270,5,3,5,4,3,0,1,7,1,4,4,8
164492,5,3,5,2,1,1,0,3,1,3,1,4
164632,5,3,5,0,3,0,2,3,2,0,5,5
164739,5,3,5,62,35,24,16,97,40,86,51,137
164872,5,3,5,2,3,0,0,5,0,2,3,5
164988,5,3,5,78,188,4,22,266,26,82,210,292
165015,5,3,5,4,15,1,1,19,2,5,16,21
165024,5,3,5,1,4,0,0,5,0,1,4,5
165334,5,3,5,54,24,1,0,78,1,55,24,79
165662,5,3,5,1,16,0,2,17,2,1,18,19
165671,5,3,5,0,1,0,0,1,0,0,1,1
165820,5,3,5,1,3,0,7,4,7,1,10,11
165936,5,3,5,0,4,0,0,4,0,0,4,4
165945,5,3,5,1,3,3,2,4,5,4,5,9
166027,5,3,5,18,39,6,6,57,12,24,45,69
166391,5,3,5,1,4,6,8,5,14,7,12,19
166513,5,3,5,20,25,7,4,45,11,27,29,56
166629,5,3,5,45,47,6,7,92,13,51,54,105
166683,5,3,5,78,71,0,0,149,0,78,71,149
166708,5,3,5,1,3,0,1,4,1,1,4,5
166717,5,3,5,0,4,0,0,4,0,0,4,4
166850,5,3,5,6,18,1,2,24,3,7,20,27
166939,5,3,5,0,2,0,1,2,1,0,3,3
167093,5,3,5,2,10,0,0,12,0,2,10,12
167358,5,3,5,257,232,4,4,489,8,261,236,497
167394,5,3,5,1,1,1,0,2,1,2,1,3
167729,5,3,5,0,2,0,1,2,1,0,3,3
167783,5,3,5,1,21,2,4,22,6,3,25,28
167835,5,3,5,0,5,0,0,5,0,0,5,5
167987,5,3,5,14,7,1,0,21,1,15,7,22
168005,5,3,5,7,26,1,5,33,6,8,31,39
168148,5,3,5,15,34,1,2,49,3,16,36,52
168227,5,3,5,3,0,0,0,3,0,3,0,3
168254,5,3,5,13,25,0,0,38,0,13,25,38
168342,5,3,5,1,0,0,0,1,0,1,0,1
168421,5,3,5,19,7,3,1,26,4,22,8,30
168430,5,3,5,1,2,2,0,3,2,3,2,5
168528,5,3,5,2,2,0,0,4,0,2,2,4
168740,5,3,5,2,2,0,2,4,2,2,4,6
169099,5,3,5,0,0,0,2,0,2,0,2,2
169248,5,3,5,22,25,0,2,47,2,22,27,49
169716,5,3,5,19,54,1,2,73,3,20,56,76
169798,5,3,5,2,11,1,4,13,5,3,15,18
169910,5,3,5,17,43,0,1,60,1,17,44,61
170082,5,3,5,15,49,1,4,64,5,16,53,69
170286,5,3,5,0,1,0,0,1,0,0,1,1
170675,5,3,5,0,1,4,5,1,9,4,6,10
170806,5,3,5,1,1,0,0,2,0,1,1,2
170976,5,3,5,267,286,15,14,553,29,282,300,582
171100,5,3,5,50,138,5,14,188,19,55,152,207
171137,5,3,5,24,10,2,2,34,4,26,12,38
171146,5,3,5,5,7,1,1,12,2,6,8,14
171456,5,3,5,3,8,0,2,11,2,3,10,13
171492,5,3,5,6,13,3,2,19,5,9,15,24
171571,5,3,5,8,25,2,2,33,4,10,27,37
172334,5,3,5,0,4,0,0,4,0,0,4,4
172644,5,3,5,33,94,6,7,127,13,39,101,140
172699,5,3,5,4,20,11,17,24,28,15,37,52
173045,5,3,5,1,3,0,0,4,0,1,3,4
173160,5,3,5,1,4,1,3,5,4,2,7,9
173452,5,3,5,1,0,0,1,1,1,1,1,2
173665,5,3,5,0,1,1,3,1,4,1,4,5
173683,5,3,5,0,1,0,0,1,0,0,1,1
174066,5,3,5,67,128,10,8,195,18,77,136,213
174233,5,3,5,4,20,2,5,24,7,6,25,31
174491,5,3,5,0,0,1,2,0,3,1,2,3
174507,5,3,5,6,13,0,0,19,0,6,13,19
174899,5,3,5,4,14,0,0,18,0,4,14,18
174914,5,3,5,5,12,4,5,17,9,9,17,26
175005,5,3,5,0,24,2,12,24,14,2,36,38
175014,5,3,5,0,1,0,1,1,1,0,2,2
175421,5,3,5,0,0,4,2,0,6,4,2,6
175616,5,3,5,2,3,0,0,5,0,2,3,5
175856,5,3,5,1,3,0,2,4,2,1,5,6
175980,5,3,5,0,1,0,0,1,0,0,1,1
176017,5,3,5,7,29,3,9,36,12,10,38,48
176035,5,3,5,0,2,0,2,2,2,0,4,4
176044,5,3,5,0,0,0,1,0,1,0,1,1
176053,5,3,5,1,14,0,0,15,0,1,14,15
176080,5,3,5,21,61,2,11,82,13,23,72,95
176372,5,3,5,13,36,0,2,49,2,13,38,51
176479,5,3,5,2,5,0,0,7,0,2,5,7
176628,5,3,5,0,2,0,0,2,0,0,2,2
176965,5,3,5,39,45,17,10,84,27,56,55,111
177038,5,3,5,7,5,0,1,12,1,7,6,13
177126,5,3,5,1,0,1,3,1,4,2,3,5
177144,5,3,5,2,5,0,0,7,0,2,5,7
177214,5,3,5,0,0,0,4,0,4,0,4,4
177418,5,3,5,0,5,0,0,5,0,0,5,5
177940,5,3,5,0,2,0,0,2,0,0,2,2
177986,5,3,5,14,33,0,0,47,0,14,33,47
178059,5,3,5,3,13,0,4,16,4,3,17,20
178341,5,3,5,0,1,0,0,1,0,0,1,1
178387,5,3,5,0,0,0,2,0,2,0,2,2
178396,5,3,5,30,116,3,3,146,6,33,119,152
178402,5,3,5,117,190,4,2,307,6,121,192,313
178411,5,3,5,25,8,0,1,33,1,25,9,34
178420,5,3,5,5,13,5,8,18,13,10,21,31
178615,5,3,5,4,9,0,0,13,0,4,9,13
178624,5,3,5,26,20,5,2,46,7,31,22,53
178679,5,3,5,0,0,1,0,0,1,1,0,1
178721,5,3,5,0,6,3,2,6,5,3,8,11
179043,5,3,5,0,7,1,0,7,1,1,7,8
179326,5,3,5,2,6,1,3,8,4,3,9,12
179557,5,3,5,12,19,2,4,31,6,14,23,37
179566,5,3,5,14,52,2,10,66,12,16,62,78
179812,5,3,5,0,5,0,0,5,0,0,5,5
179867,5,3,5,67,89,0,3,156,3,67,92,159
179894,5,3,5,8,13,1,4,21,5,9,17,26
180461,5,3,5,1,7,0,4,8,4,1,11,12
180814,5,3,5,2,8,3,3,10,6,5,11,16
180948,5,3,5,1,2,0,0,3,0,1,2,3
181002,5,3,5,25,79,2,1,104,3,27,80,107
181020,5,3,5,0,2,0,1,2,1,0,3,3
181215,5,3,5,0,3,2,0,3,2,2,3,5
181297,5,3,5,0,2,0,0,2,0,0,2,2
181330,5,3,5,1,1,1,1,2,2,2,2,4
181394,5,3,5,7,18,6,10,25,16,13,28,41
181428,5,3,5,4,11,0,1,15,1,4,12,16
181446,5,3,5,1,0,0,0,1,0,1,0,1
181464,5,3,5,21,28,3,3,49,6,24,31,55
181604,5,3,5,0,10,0,0,10,0,0,10,10
181738,5,3,5,0,3,0,0,3,0,0,3,3
181783,5,3,5,0,2,0,0,2,0,0,2,2
182281,5,3,5,12,11,0,3,23,3,12,14,26
182290,5,3,5,16,36,2,9,52,11,18,45,63
182670,5,3,5,13,11,0,0,24,0,13,11,24
182829,5,3,5,7,5,0,0,12,0,7,5,12
182980,5,3,5,7,3,0,0,10,0,7,3,10
183026,5,3,5,20,45,5,21,65,26,25,66,91
183044,5,3,5,13,27,5,6,40,11,18,33,51
183062,5,3,5,1,0,0,0,1,0,1,0,1
183080,5,3,5,2,7,0,1,9,1,2,8,10
183239,5,3,5,1,0,0,0,1,0,1,0,1
183789,5,3,5,1,1,0,0,2,0,1,1,2
183910,5,3,5,0,0,0,1,0,1,0,1,1
184603,5,3,5,8,35,0,2,43,2,8,37,45
184612,5,3,5,1,1,0,0,2,0,1,1,2
184694,5,3,5,5,15,0,1,20,1,5,16,21
184773,5,3,5,0,2,0,0,2,0,0,2,2
184782,5,3,5,49,39,2,6,88,8,51,45,96
185262,5,3,5,1,14,0,0,15,0,1,14,15
185572,5,3,5,6,19,0,0,25,0,6,19,25
185590,5,3,5,6,14,2,4,20,6,8,18,26
185828,5,3,5,55,35,2,0,90,2,57,35,92
186131,5,3,5,13,11,0,0,24,0,13,11,24
186201,5,3,5,0,1,0,1,1,1,0,2,2
186283,5,3,5,1,3,0,0,4,0,1,3,4
186371,5,3,5,3,9,0,4,12,4,3,13,16
186380,5,3,5,43,74,2,3,117,5,45,77,122
186399,5,3,5,10,10,0,2,20,2,10,12,22
186432,5,3,5,18,15,0,0,33,0,18,15,33
186584,5,3,5,20,31,2,2,51,4,22,33,55
186618,5,3,5,0,1,0,1,1,1,0,2,2
186867,5,3,5,86,34,1,1,120,2,87,35,122
186876,5,3,5,2,7,0,0,9,0,2,7,9
187134,5,3,5,1,0,0,0,1,0,1,0,1
187444,5,3,5,1,5,0,1,6,1,1,6,7
187648,5,3,5,0,7,0,5,7,5,0,12,12
187897,5,3,5,0,9,0,0,9,0,0,9,9
187967,5,3,5,1,2,0,0,3,0,1,2,3
187985,5,3,5,28,44,2,4,72,6,30,48,78
188030,5,3,5,10,21,2,4,31,6,12,25,37
188340,5,3,5,1,0,0,0,1,0,1,0,1
188429,5,3,5,14,73,2,11,87,13,16,84,100
188641,5,3,5,1,10,0,3,11,3,1,13,14
189228,5,3,5,0,1,0,0,1,0,0,1,1
189705,5,3,5,6,15,1,5,21,6,7,20,27
190044,5,3,5,8,9,16,8,17,24,24,17,41
190099,5,3,5,0,1,0,0,1,0,0,1,1
190372,5,3,5,1,1,1,0,2,1,2,1,3
190415,5,3,5,89,128,0,2,217,2,89,130,219
190424,5,3,5,1,6,0,0,7,0,1,6,7
191126,5,3,5,0,3,0,0,3,0,0,3,3
191205,5,3,5,1,0,0,0,1,0,1,0,1
191241,5,3,5,56,93,5,30,149,35,61,123,184
191649,5,3,5,29,78,3,6,107,9,32,84,116
192192,5,3,5,0,7,1,5,7,6,1,12,13
192271,5,3,5,1,10,0,1,11,1,1,11,12
192323,5,3,5,5,18,0,5,23,5,5,23,28
192448,5,3,5,31,77,1,8,108,9,32,85,117
192703,5,3,5,9,8,0,0,17,0,9,8,17
192712,5,3,5,4,7,0,0,11,0,4,7,11
192749,5,3,5,0,7,2,33,7,35,2,40,42
192819,5,3,5,11,14,1,1,25,2,12,15,27
193016,5,3,5,8,19,0,3,27,3,8,22,30
193292,5,3,5,1,13,1,3,14,4,2,16,18
193399,5,3,5,1,44,0,66,45,66,1,110,111
193584,5,3,5,1,29,2,4,30,6,3,33,36
193654,5,3,5,6,24,0,1,30,1,6,25,31
193830,5,3,5,3,16,0,1,19,1,3,17,20
193900,5,3,5,225,376,9,21,601,30,234,397,631
193973,5,3,5,10,64,3,19,74,22,13,83,96
194091,5,3,5,47,52,2,1,99,3,49,53,102
194116,5,3,5,0,2,0,0,2,0,0,2,2
194310,5,3,5,81,76,1,6,157,7,82,82,164
194392,5,3,5,0,1,0,0,1,0,0,1,1
194578,5,3,5,4,17,0,0,21,0,4,17,21
194824,5,3,5,30,28,1,0,58,1,31,28,59
195003,5,3,5,52,29,2,2,81,4,54,31,85
195128,5,3,5,0,17,0,2,17,2,0,19,19
195155,5,3,5,1,0,1,2,1,3,2,2,4
195164,5,3,5,4,4,3,4,8,7,7,8,15
195234,5,3,5,5,29,0,0,34,0,5,29,34
195243,5,3,5,2,3,0,1,5,1,2,4,6
195474,5,3,5,8,6,0,1,14,1,8,7,15
195544,5,3,5,2,8,2,8,10,10,4,16,20
195720,5,3,5,15,45,1,0,60,1,16,45,61
196060,5,3,5,81,121,3,19,202,22,84,140,224
196079,5,3,5,98,117,0,3,215,3,98,120,218
196088,5,3,5,212,284,3,7,496,10,215,291,506
196097,5,3,5,118,125,7,8,243,15,125,133,258
196103,5,3,5,2,2,0,2,4,2,2,4,6
196112,5,3,5,16,5,2,1,21,3,18,6,24
196121,5,3,5,3,30,0,6,33,6,3,36,39
196130,5,3,5,5,14,2,11,19,13,7,25,32
196149,5,3,5,2,26,2,6,28,8,4,32,36
196158,5,3,5,3,15,0,1,18,1,3,16,19
196167,5,3,5,0,3,0,3,3,3,0,6,6
196176,5,3,5,13,32,2,5,45,7,15,37,52
196185,5,3,5,1,9,4,8,10,12,5,17,22
196194,5,3,5,12,23,1,3,35,4,13,26,39
196200,5,3,5,1,5,0,2,6,2,1,7,8
196246,5,3,5,5,33,1,1,38,2,6,34,40
196255,5,3,5,10,14,0,0,24,0,10,14,24
196264,5,3,5,2,5,1,2,7,3,3,7,10
196291,5,3,5,3,1,0,0,4,0,3,1,4
196307,5,3,5,12,31,0,0,43,0,12,31,43
196413,5,3,5,96,104,3,5,200,8,99,109,208
196468,5,3,5,6,30,0,3,36,3,6,33,39
196884,5,3,5,0,0,0,1,0,1,0,1,1
197045,5,3,5,3,9,2,4,12,6,5,13,18
197708,5,3,5,9,114,4,8,123,12,13,122,135
197869,5,3,5,20,64,0,9,84,9,20,73,93
197911,5,3,5,0,2,0,0,2,0,0,2,2
198066,5,3,5,1,1,0,0,2,0,1,1,2
198136,5,3,5,30,43,3,3,73,6,33,46,79
198303,5,3,5,2,4,2,0,6,2,4,4,8
198464,5,3,5,29,98,2,13,127,15,31,111,142
198507,5,3,5,1,0,0,0,1,0,1,0,1
198516,5,3,5,3,12,0,0,15,0,3,12,15
198543,5,3,5,1,10,0,5,11,5,1,15,16
198899,5,3,5,0,2,0,1,2,1,0,3,3
198950,5,3,5,0,4,0,3,4,3,0,7,7
198969,5,3,5,1,4,0,0,5,0,1,4,5
199102,5,3,5,11,24,0,1,35,1,11,25,36
199120,5,3,5,55,152,9,9,207,18,64,161,225
199139,5,3,5,84,87,11,20,171,31,95,107,202
199148,5,3,5,18,47,1,9,65,10,19,56,75
199157,5,3,5,9,36,0,2,45,2,9,38,47
199184,5,3,5,1,2,0,0,3,0,1,2,3
199193,5,3,5,135,118,10,13,253,23,145,131,276
199218,5,3,5,16,47,4,7,63,11,20,54,74
199281,5,3,5,3,18,0,16,21,16,3,34,37
199412,5,3,5,1,1,1,2,2,3,2,3,5
199759,5,3,5,8,4,4,4,12,8,12,8,20
199999,5,3,5,2,2,0,0,4,0,2,2,4
200004,5,3,5,6,32,1,5,38,6,7,37,44
200059,5,3,5,0,0,0,1,0,1,0,1,1
200217,5,3,5,3,21,0,1,24,1,3,22,25
200280,5,3,5,19,79,1,12,98,13,20,91,111
200332,5,3,5,55,78,3,5,133,8,58,83,141
200697,5,3,5,1,1,0,0,2,0,1,1,2
200800,5,3,5,13,24,3,4,37,7,16,28,44
201195,5,3,5,0,18,0,0,18,0,0,18,18
201441,5,3,5,21,49,0,8,70,8,21,57,78
201548,5,3,5,3,11,0,0,14,0,3,11,14
201645,5,3,5,40,85,2,5,125,7,42,90,132
201654,5,3,5,24,15,1,1,39,2,25,16,41
201885,5,3,5,107,178,4,23,285,27,111,201,312
201964,5,3,5,2,1,0,0,3,0,2,1,3
202480,5,3,5,31,29,8,6,60,14,39,35,74
202763,5,3,5,8,21,1,0,29,1,9,21,30
203085,5,3,5,0,4,0,0,4,0,0,4,4
203368,5,3,5,3,14,1,1,17,2,4,15,19
203465,5,3,5,0,0,0,1,0,1,0,1,1
203517,5,3,5,32,74,3,9,106,12,35,83,118
203544,5,3,5,0,2,0,0,2,0,0,2,2
203580,5,3,5,2,1,0,0,3,0,2,1,3
203757,5,3,5,4,3,0,0,7,0,4,3,7
203775,5,3,5,1,2,0,0,3,0,1,2,3
203845,5,3,5,0,7,0,0,7,0,0,7,7
204024,5,3,5,17,25,1,3,42,4,18,28,46
204194,5,3,5,0,4,0,0,4,0,0,4,4
204200,5,3,5,0,7,0,0,7,0,0,7,7
204468,5,3,5,0,0,0,1,0,1,0,1,1
204477,5,3,5,21,38,0,0,59,0,21,38,59
204617,5,3,5,4,1,0,0,5,0,4,1,5
204635,5,3,5,2,5,0,1,7,1,2,6,8
204796,5,3,5,130,219,5,2,349,7,135,221,356
204857,5,3,5,15,26,0,1,41,1,15,27,42
204936,5,3,5,0,2,0,0,2,0,0,2,2
205443,5,3,5,0,3,0,1,3,1,0,4,4
206279,5,3,5,0,1,0,2,1,2,0,3,3
206349,5,3,5,0,1,0,1,1,1,0,2,2
206507,5,3,5,1,1,0,0,2,0,1,1,2
206525,5,3,5,0,0,0,1,0,1,0,1,1
206604,5,3,5,6,20,34,25,26,59,40,45,85
206622,5,3,5,4,11,2,0,15,2,6,11,17
206695,5,3,5,6,24,1,2,30,3,7,26,33
206914,5,3,5,0,1,0,0,1,0,0,1,1
207041,5,3,5,2,5,1,0,7,1,3,5,8
207263,5,3,5,2,10,0,2,12,2,2,12,14
207306,5,3,5,1,0,0,0,1,0,1,0,1
207315,5,3,5,3,9,0,0,12,0,3,9,12
207324,5,3,5,1,0,1,1,1,2,2,1,3
207342,5,3,5,9,39,0,2,48,2,9,41,50
207388,5,3,5,19,32,6,7,51,13,25,39,64
207500,5,3,5,30,42,8,15,72,23,38,57,95
207582,5,3,5,5,1,1,0,6,1,6,1,7
207847,5,3,5,0,1,1,0,1,1,1,1,2
207865,5,3,5,11,22,0,2,33,2,11,24,35
207971,5,3,5,7,11,1,0,18,1,8,11,19
208646,5,3,5,0,6,0,0,6,0,0,6,6
208822,5,3,5,4,7,0,4,11,4,4,11,15
209490,5,3,5,2,8,0,2,10,2,2,10,12
209506,5,3,5,0,1,0,0,1,0,0,1,1
209542,5,3,5,30,51,4,7,81,11,34,58,92
209551,5,3,5,31,47,0,2,78,2,31,49,80
209612,5,3,5,5,36,0,0,41,0,5,36,41
209807,5,3,5,4,12,0,3,16,3,4,15,19
209825,5,3,5,4,15,1,3,19,4,5,18,23
210401,5,3,5,18,15,1,0,33,1,19,15,34
210429,5,3,5,3,3,1,0,6,1,4,3,7
210739,5,3,5,0,6,0,0,6,0,0,6,6
210775,5,3,5,1,1,0,0,2,0,1,1,2
211088,5,3,5,1,3,0,0,4,0,1,3,4
211291,5,3,5,0,1,0,0,1,0,0,1,1
211431,5,3,5,1,9,0,2,10,2,1,11,12
211440,5,3,5,122,94,4,5,216,9,126,99,225
211556,5,3,5,2,17,1,0,19,1,3,17,20
211583,5,3,5,1,2,0,1,3,1,1,3,4
212054,5,3,5,23,24,0,2,47,2,23,26,49
212106,5,3,5,54,130,1,0,184,1,55,130,185
212115,5,3,5,2,7,1,0,9,1,3,7,10
212133,5,3,5,3,4,2,5,7,7,5,9,14
212197,5,3,5,0,3,0,0,3,0,0,3,3
212601,5,3,5,15,25,0,1,40,1,15,26,41
212984,5,3,5,3,6,0,0,9,0,3,6,9
213011,5,3,5,0,2,0,1,2,1,0,3,3
213020,5,3,5,27,28,1,3,55,4,28,31,59
213251,5,3,5,1,0,2,0,1,2,3,0,3
213321,5,3,5,1,7,0,0,8,0,1,7,8
213349,5,3,5,2,7,0,0,9,0,2,7,9
213367,5,3,5,3,7,0,1,10,1,3,8,11
213507,5,3,5,7,3,0,0,10,0,7,3,10
213987,5,3,5,3,5,0,0,8,0,3,5,8
213996,5,3,5,0,6,0,2,6,2,0,8,8
214041,5,3,5,0,3,1,2,3,3,1,5,6
214157,5,3,5,2,3,0,0,5,0,2,3,5
214272,5,3,5,0,1,0,1,1,1,0,2,2
214564,5,3,5,1,2,0,0,3,0,1,2,3
214591,5,3,5,6,6,2,0,12,2,8,6,14
214607,5,3,5,3,3,1,1,6,2,4,4,8
214713,5,3,5,18,20,1,5,38,6,19,25,44
214777,5,3,5,377,430,7,8,807,15,384,438,822
215062,5,3,5,75,122,14,33,197,47,89,155,244
215105,5,3,5,1,0,0,0,1,0,1,0,1
215123,5,3,5,1,11,0,1,12,1,1,12,13
215293,5,3,5,50,81,0,5,131,5,50,86,136
215424,5,3,5,0,1,0,0,1,0,0,1,1
215442,5,3,5,1,2,1,0,3,1,2,2,4
215655,5,3,5,1,3,2,4,4,6,3,7,10
215743,5,3,5,3,7,0,0,10,0,3,7,10
215798,5,3,5,0,2,0,0,2,0,0,2,2
215929,5,3,5,2,1,0,0,3,0,2,1,3
216010,5,3,5,2,4,0,1,6,1,2,5,7
216038,5,3,5,2,15,0,1,17,1,2,16,18
216339,5,3,5,59,112,2,6,171,8,61,118,179
216357,5,3,5,2,2,0,0,4,0,2,2,4
216366,5,3,5,22,61,0,6,83,6,22,67,89
216542,5,3,5,0,0,0,1,0,1,0,1,1
216597,5,3,5,15,16,1,2,31,3,16,18,34
216694,5,3,5,0,1,0,0,1,0,0,1,1
216764,5,3,5,6,15,1,1,21,2,7,16,23
216852,5,3,5,3,18,0,4,21,4,3,22,25
216931,5,3,5,33,57,0,1,90,1,33,58,91
217013,5,3,5,0,0,0,1,0,1,0,1,1
217059,5,3,5,2,0,0,1,2,1,2,1,3
217156,5,3,5,29,43,0,0,72,0,29,43,72
217165,5,3,5,2,3,0,0,5,0,2,3,5
217235,5,3,5,3,8,1,0,11,1,4,8,12
217305,5,3,5,2,2,0,0,4,0,2,2,4
217402,5,3,5,4,2,0,0,6,0,4,2,6
217420,5,3,5,0,2,0,1,2,1,0,3,3
217493,5,3,5,2,6,0,0,8,0,2,6,8
217518,5,3,5,2,5,1,1,7,2,3,6,9
217536,5,3,5,1,0,0,0,1,0,1,0,1
217633,5,3,5,1,3,0,0,4,0,1,3,4
217688,5,3,5,2,4,2,4,6,6,4,8,12
217749,5,3,5,3,2,0,1,5,1,3,3,6
217819,5,3,5,3,10,1,0,13,1,4,10,14
217864,5,3,5,2,1,1,6,3,7,3,7,10
217882,5,3,5,54,51,2,5,105,7,56,56,112
217925,5,3,5,3,4,0,1,7,1,3,5,8
217934,5,3,5,0,2,0,0,2,0,0,2,2
217961,5,3,5,0,5,0,1,5,1,0,6,6
218061,5,3,5,0,1,0,1,1,1,0,2,2
218229,5,3,5,0,2,0,2,2,2,0,4,4
218335,5,3,5,8,38,0,0,46,0,8,38,46
218441,5,3,5,3,2,0,0,5,0,3,2,5
218539,5,3,5,6,12,0,0,18,0,6,12,18
218645,5,3,5,0,2,0,1,2,1,0,3,3
218663,5,3,5,75,226,5,10,301,15,80,236,316
218724,5,3,5,7,12,0,3,19,3,7,15,22
218733,5,3,5,0,1,0,0,1,0,0,1,1
218742,5,3,5,0,1,0,1,1,1,0,2,2
218751,5,3,5,4,5,0,0,9,0,4,5,9
219082,5,3,5,7,0,3,1,7,4,10,1,11
219259,5,3,5,0,0,0,2,0,2,0,2,2
219347,5,3,5,1,2,1,0,3,1,2,2,4
219471,5,3,5,12,40,1,2,52,3,13,42,55
219602,5,3,5,2,10,3,3,12,6,5,13,18
219806,5,3,5,4,5,2,4,9,6,6,9,15
219833,5,3,5,4,4,0,0,8,0,4,4,8
220075,5,3,5,20,75,0,9,95,9,20,84,104
220215,5,3,5,20,9,1,0,29,1,21,9,30
220473,5,3,5,2,1,0,0,3,0,2,1,3
220516,5,3,5,0,1,0,0,1,0,0,1,1
220701,5,3,5,0,2,0,0,2,0,0,2,2
220792,5,3,5,2,2,0,0,4,0,2,2,4
220862,5,3,5,42,34,2,5,76,7,44,39,83
220978,5,3,5,7,7,1,1,14,2,8,8,16
221740,5,3,5,5,26,3,2,31,5,8,28,36
221759,5,3,5,183,327,26,38,510,64,209,365,574
221768,5,3,5,1,4,0,1,5,1,1,5,6
221838,5,3,5,2,8,1,3,10,4,3,11,14
221847,5,3,5,4,12,2,5,16,7,6,17,23
221999,5,3,5,26,52,1,1,78,2,27,53,80
222178,5,3,5,2,20,5,13,22,18,7,33,40
222831,5,3,5,15,32,2,5,47,7,17,37,54
223223,5,3,5,6,13,0,0,19,0,6,13,19
223232,5,3,5,19,45,2,4,64,6,21,49,70
224147,5,3,5,8,18,9,23,26,32,17,41,58
224323,5,3,5,1,3,0,1,4,1,1,4,5
224527,5,3,5,0,6,2,4,6,6,2,10,12
224554,5,3,5,7,10,2,10,17,12,9,20,29
225247,5,3,5,1,9,2,0,10,2,3,9,12
225399,5,3,5,1,3,2,9,4,11,3,12,15
225414,5,3,5,5,11,4,3,16,7,9,14,23
225432,5,3,5,0,2,2,5,2,7,2,7,9
225511,5,3,5,195,281,25,34,476,59,220,315,535
225548,5,3,5,0,0,1,1,0,2,1,1,2
226383,5,3,5,1,0,0,0,1,0,1,0,1
226471,5,3,5,2,6,0,0,8,0,2,6,8
226587,5,3,5,0,1,0,0,1,0,0,1,1
227216,5,3,5,202,214,14,30,416,44,216,244,460
227331,5,3,5,0,6,0,0,6,0,0,6,6
227368,5,3,5,8,32,15,43,40,58,23,75,98
227526,5,3,5,2,5,0,0,7,0,2,5,7
227757,5,3,5,31,22,1,0,53,1,32,22,54
227845,5,3,5,1,2,0,1,3,1,1,3,4
227863,5,3,5,1,5,0,1,6,1,1,6,7
227881,5,3,5,4,36,5,15,40,20,9,51,60
228042,5,3,5,0,2,0,0,2,0,0,2,2
228149,5,3,5,8,13,0,2,21,2,8,15,23
228194,5,3,5,8,11,0,0,19,0,8,11,19
228246,5,3,5,21,39,5,7,60,12,26,46,72
228431,5,3,5,12,38,0,3,50,3,12,41,53
228459,5,3,5,15,43,0,3,58,3,15,46,61
228501,5,3,5,1,1,1,1,2,2,2,2,4
228529,5,3,5,6,18,3,13,24,16,9,31,40
228635,5,3,5,2,8,0,0,10,0,2,8,10
228644,5,3,5,13,23,1,4,36,5,14,27,41
228653,5,3,5,0,2,0,0,2,0,0,2,2
228705,5,3,5,10,13,0,6,23,6,10,19,29
228723,5,3,5,243,294,5,18,537,23,248,312,560
228769,5,3,5,101,95,2,6,196,8,103,101,204
228778,5,3,5,96,117,1,5,213,6,97,122,219
228787,5,3,5,105,112,4,7,217,11,109,119,228
228796,5,3,5,13,29,2,9,42,11,15,38,53
228802,5,3,5,2,5,0,1,7,1,2,6,8
228875,5,3,5,7,8,0,0,15,0,7,8,15
228909,5,3,5,12,25,0,2,37,2,12,27,39
229018,5,3,5,1,0,0,0,1,0,1,0,1
229027,5,3,5,19,55,8,16,74,24,27,71,98
229063,5,3,5,5,46,1,1,51,2,6,47,53
229115,5,3,5,96,168,4,20,264,24,100,188,288
229179,5,3,5,1,53,0,12,54,12,1,65,66
229267,5,3,5,4,2,0,0,6,0,4,2,6
229337,5,3,5,3,40,0,0,43,0,3,40,43
229780,5,3,5,0,5,0,4,5,4,0,9,9
229814,5,3,5,6,19,4,15,25,19,10,34,44
230038,5,3,5,2,21,1,2,23,3,3,23,26
230171,5,3,5,0,1,0,0,1,0,0,1,1
230603,5,3,5,3,13,7,5,16,12,10,18,28
230728,5,3,5,9,22,4,6,31,10,13,28,41
230764,5,3,5,36,64,0,1,100,1,36,65,101
230782,5,3,5,1,3,0,0,4,0,1,3,4
230834,5,3,5,0,1,3,1,1,4,3,2,5
230852,5,3,5,0,0,0,1,0,1,0,1,1
230913,5,3,5,0,0,2,3,0,5,2,3,5
231174,5,3,5,3,25,0,3,28,3,3,28,31
231581,5,3,5,1,6,0,0,7,0,1,6,7
231624,5,3,5,19,28,0,3,47,3,19,31,50
231712,5,3,5,1,6,0,0,7,0,1,6,7
232025,5,3,5,3,11,0,0,14,0,3,11,14
232043,5,3,5,0,4,1,0,4,1,1,4,5
232186,5,3,5,89,95,4,14,184,18,93,109,202
232557,5,3,5,60,153,14,44,213,58,74,197,271
232566,5,3,5,0,10,1,2,10,3,1,12,13
232609,5,3,5,3,16,0,1,19,1,3,17,20
232706,5,3,5,1,13,0,1,14,1,1,14,15
232982,5,3,5,16,32,5,12,48,17,21,44,65
233277,5,3,5,7,41,0,6,48,6,7,47,54
233374,5,3,5,3,3,0,2,6,2,3,5,8
233541,5,3,5,8,37,1,2,45,3,9,39,48
233921,5,3,5,56,66,0,1,122,1,56,67,123
234030,5,3,5,12,65,0,4,77,4,12,69,81
234076,5,3,5,56,96,2,1,152,3,58,97,155
234155,5,3,5,1,2,0,1,3,1,1,3,4
234207,5,3,5,0,3,0,0,3,0,0,3,3
234827,5,3,5,6,9,3,6,15,9,9,15,24
235097,5,3,5,9,58,1,5,67,6,10,63,73
235316,5,3,5,11,38,1,1,49,2,12,39,51
235547,5,3,5,0,3,0,0,3,0,0,3,3
236328,5,3,5,0,10,0,0,10,0,0,10,10
236452,5,3,5,3,2,0,1,5,1,3,3,6
236577,5,3,5,1,6,3,1,7,4,4,7,11
236595,5,3,5,17,25,4,6,42,10,21,31,52
236939,5,3,5,14,52,2,6,66,8,16,58,74
237011,5,3,5,7,13,1,1,20,2,8,14,22
237066,5,3,5,3,6,0,3,9,3,3,9,12
237118,5,3,5,0,2,0,0,2,0,0,2,2
237312,5,3,5,4,15,0,0,19,0,4,15,19
237330,5,3,5,2,4,0,4,6,4,2,8,10
237367,5,3,5,2,6,0,2,8,2,2,8,10
237525,5,3,5,12,42,0,1,54,1,12,43,55
237792,5,3,5,0,5,0,1,5,1,0,6,6
238032,5,3,5,31,79,1,2,110,3,32,81,113
238193,5,3,5,0,2,0,0,2,0,0,2,2
238263,5,3,5,1,0,0,0,1,0,1,0,1
238430,5,3,5,0,1,0,0,1,0,0,1,1
238458,5,3,5,1,4,0,1,5,1,1,5,6
239071,5,3,5,1,0,1,0,1,1,2,0,2
239105,5,3,5,10,42,2,2,52,4,12,44,56
239169,5,3,5,2,13,0,0,15,0,2,13,15
239318,5,3,5,0,1,0,0,1,0,0,1,1
239716,5,3,5,0,1,0,0,1,0,0,1,1
240107,5,3,5,3,3,0,0,6,0,3,3,6
240189,5,3,5,2,3,1,1,5,2,3,4,7
240268,5,3,5,0,4,0,0,4,0,0,4,4
240277,5,3,5,3,10,1,0,13,1,4,10,14
240329,5,3,5,2,7,0,0,9,0,2,7,9
240365,5,3,5,1,1,0,2,2,2,1,3,4
240374,5,3,5,3,3,0,0,6,0,3,3,6
240417,5,3,5,1,6,0,1,7,1,1,7,8
240426,5,3,5,0,3,0,1,3,1,0,4,4
240444,5,3,5,77,148,5,4,225,9,82,152,234
240453,5,3,5,28,32,1,2,60,3,29,34,63
240462,5,3,5,1,0,0,0,1,0,1,0,1
240471,5,3,5,0,4,0,1,4,1,0,5,5
240480,5,3,5,2,10,0,0,12,0,2,10,12
240727,5,3,5,12,37,0,2,49,2,12,39,51
241225,5,3,5,0,1,0,0,1,0,0,1,1
241331,5,3,5,9,43,1,0,52,1,10,43,53
241395,5,3,5,0,1,0,0,1,0,0,1,1
241410,5,3,5,2,11,0,0,13,0,2,11,13
241739,5,3,5,0,2,0,0,2,0,0,2,2
241836,5,3,5,0,0,0,1,0,1,0,1,1
242617,5,3,5,2,2,0,0,4,0,2,2,4
242653,5,3,5,47,174,0,0,221,0,47,174,221
242662,5,3,5,0,1,0,0,1,0,0,1,1
242705,5,3,5,6,21,0,0,27,0,6,21,27
242723,5,3,5,1,5,0,2,6,2,1,7,8
243203,5,3,5,11,14,0,0,25,0,11,14,25
243221,5,3,5,6,7,0,1,13,1,6,8,14
243346,5,3,5,0,1,0,0,1,0,0,1,1
243443,5,3,5,0,0,1,1,0,2,1,1,2
243577,5,3,5,0,1,1,0,1,1,1,1,2
243601,5,3,5,0,6,0,0,6,0,0,6,6
243744,5,3,5,32,27,3,4,59,7,35,31,66
243780,5,3,5,176,204,11,12,380,23,187,216,403
243832,5,3,5,1,0,1,0,1,1,2,0,2
248934,5,3,5,1,0,0,0,1,0,1,0,1
262086,5,3,5,0,1,1,2,1,3,1,3,4
366003,5,3,5,0,1,0,0,1,0,0,1,1
366711,5,3,5,4,12,0,0,16,0,4,12,16
367954,5,3,5,0,9,0,0,9,0,0,9,9
385415,5,3,5,4,3,0,1,7,1,4,4,8
404222,5,3,5,1,0,0,0,1,0,1,0,1
408844,5,3,5,0,0,0,1,0,1,0,1,1
409254,5,3,5,0,0,0,1,0,1,0,1,1
409698,5,3,5,2,3,0,0,5,0,2,3,5
414878,5,3,5,11,5,24,2,16,26,35,7,42
414966,5,3,5,0,0,1,0,0,1,1,0,1
420246,5,3,5,0,3,0,0,3,0,0,3,3
423643,5,3,5,7,30,0,0,37,0,7,30,37
426314,5,3,5,3,4,1,3,7,4,4,7,11
433387,5,3,5,19,57,0,0,76,0,19,57,76
433660,5,3,5,5,19,76,105,24,181,81,124,205
435000,5,3,5,2,9,0,0,11,0,2,9,11
440031,5,3,5,14,55,0,0,69,0,14,55,69
440828,5,3,5,2,0,0,0,2,0,2,0,2
441131,5,3,5,0,2,0,0,2,0,0,2,2
441900,5,3,5,0,2,0,0,2,0,0,2,2
441937,5,3,5,0,1,0,0,1,0,0,1,1
445027,5,3,5,0,1,0,1,1,1,0,2,2
445188,5,3,5,2,4,0,0,6,0,2,4,6
445267,5,3,5,0,1,2,2,1,4,2,3,5
447698,5,3,5,0,1,0,0,1,0,0,1,1
449889,5,3,5,1,11,0,0,12,0,1,11,12
449922,5,3,5,7,7,0,2,14,2,7,9,16
450571,5,3,5,0,1,0,0,1,0,0,1,1
450933,5,3,5,1,1,0,0,2,0,1,1,2
451510,5,3,5,3,16,0,0,19,0,3,16,19
454227,5,3,5,0,3,2,3,3,5,2,6,8
455406,5,3,5,2,3,0,0,5,0,2,3,5
456542,5,3,5,1,7,0,0,8,0,1,7,8
458210,5,3,5,1,4,0,0,5,0,1,4,5
459736,5,3,5,0,7,0,0,7,0,0,7,7
459949,5,3,5,2,6,0,2,8,2,2,8,10
460349,5,3,5,2,5,0,1,7,1,2,6,8
476975,5,3,5,0,2,0,4,2,4,0,6,6
479956,5,3,5,15,18,21,47,33,68,36,65,101
480790,5,3,5,0,2,0,0,2,0,0,2,2
481535,5,3,5,0,2,0,0,2,0,0,2,2
482149,5,3,5,13,33,0,0,46,0,13,33,46
482158,5,3,5,4,1,0,1,5,1,4,2,6
482477,5,3,5,0,0,0,3,0,3,0,3,3
482680,5,3,5,0,6,3,6,6,9,3,12,15
482705,5,3,5,1,2,30,46,3,76,31,48,79
482936,5,3,5,1,0,0,0,1,0,1,0,1
483036,5,3,5,0,7,1,4,7,5,1,11,12
483124,5,3,5,15,87,19,56,102,75,34,143,177
483595,5,3,5,0,3,0,0,3,0,0,3,3
483975,5,3,5,1,4,0,0,5,0,1,4,5
484613,5,3,5,13,28,0,0,41,0,13,28,41
484905,5,3,5,0,5,6,8,5,14,6,13,19
486840,5,3,5,37,37,4,4,74,8,41,41,82
487010,5,3,5,8,24,0,0,32,0,8,24,32
487524,5,3,5,3,22,0,1,25,1,3,23,26
489779,5,3,5,4,10,1,5,14,6,5,15,20
489858,5,3,5,0,3,0,0,3,0,0,3,3
490230,5,3,5,0,1,0,0,1,0,0,1,1
490601,5,3,5,2,3,0,0,5,0,2,3,5
490805,5,3,5,10,3,2,0,13,2,12,3,15
492689,5,3,5,1,5,0,0,6,0,1,5,6
494010,5,3,5,0,1,0,0,1,0,0,1,1
495314,5,3,5,7,5,0,0,12,0,7,5,12
496043,5,3,5,2,2,0,0,4,0,2,2,4
497107,5,3,5,0,0,1,1,0,2,1,1,2
497480,5,3,5,0,0,0,1,0,1,0,1,1
498562,5,3,5,8,30,0,6,38,6,8,36,44
498571,5,3,5,5,32,0,9,37,9,5,41,46
100663,6,4,1,1405,2051,489,869,3456,1358,1894,2920,4814
100706,6,4,1,721,472,390,264,1193,654,1111,736,1847
100751,6,4,1,2116,1981,402,507,4097,909,2518,2488,5006
100760,6,4,1,7,19,29,62,26,91,36,81,117
100812,6,4,1,103,217,117,225,320,342,220,442,662
100830,6,4,1,432,496,175,224,928,399,607,720,1327
100858,6,4,1,2290,1869,623,503,4159,1126,2913,2372,5285
100937,6,4,1,69,32,0,2,101,2,69,34,103
101143,6,4,1,56,31,23,35,87,58,79,66,145
101161,6,4,1,74,129,118,287,203,405,192,416,608
101189,6,4,1,205,278,35,25,483,60,240,303,543
101240,6,4,1,80,122,65,220,202,285,145,342,487
101286,6,4,1,33,98,84,227,131,311,117,325,442
101295,6,4,1,61,137,90,255,198,345,151,392,543
101301,6,4,1,24,21,16,46,45,62,40,67,107
101435,6,4,1,119,86,5,4,205,9,124,90,214
101453,6,4,1,9,1,9,0,10,9,18,1,19
101462,6,4,1,14,8,37,42,22,79,51,50,101
101480,6,4,1,525,630,173,188,1155,361,698,818,1516
101505,6,4,1,83,121,249,472,204,721,332,593,925
101514,6,4,1,129,120,297,430,249,727,426,550,976
101569,6,4,1,30,76,74,174,106,248,104,250,354
101587,6,4,1,196,527,62,81,723,143,258,608,866
101648,6,4,1,8,0,0,0,8,0,8,0,8
101709,6,4,1,156,245,36,70,401,106,192,315,507
101736,6,4,1,30,52,72,146,82,218,102,198,300
101897,6,4,1,21,45,42,77,66,119,63,122,185
101912,6,4,1,85,108,7,9,193,16,92,117,209
101994,6,4,1,6,15,3,9,21,12,9,24,33
102030,6,4,1,45,66,26,118,111,144,71,184,255
102049,6,4,1,404,733,15,22,1137,37,419,755,1174
102067,6,4,1,67,76,149,206,143,355,216,282,498
102076,6,4,1,17,47,87,99,64,186,104,146,250
102094,6,4,1,739,1237,210,251,1976,461,949,1488,2437
102234,6,4,1,48,39,5,13,87,18,53,52,105
102313,6,4,1,45,78,61,88,123,149,106,166,272
102368,6,4,1,569,991,312,530,1560,842,881,1521,2402
102377,6,4,1,45,251,30,48,296,78,75,299,374
102395,6,4,1,4,4,14,4,8,18,18,8,26
102429,6,4,1,34,42,56,143,76,199,90,185,275
102553,6,4,1,306,418,311,487,724,798,617,905,1522
102614,6,4,1,206,220,171,259,426,430,377,479,856
102632,6,4,1,45,59,37,77,104,114,82,136,218
103741,6,4,1,3,22,0,8,25,8,3,30,33
104151,6,4,1,7366,5079,1395,934,12445,2329,8761,6013,14774
104160,6,4,1,70,90,285,370,160,655,355,460,815
104179,6,4,1,2807,2907,862,911,5714,1773,3669,3818,7487
104346,6,4,1,64,66,189,275,130,464,253,341,594
104391,6,4,1,0,16,0,0,16,0,0,16,16
104425,6,4,1,67,68,155,154,135,309,222,222,444
104443,6,4,1,0,7,0,1,7,1,0,8,8
104568,6,4,1,1,36,0,43,37,43,1,79,80
104577,6,4,1,50,33,91,105,83,196,141,138,279
104586,6,4,1,349,76,56,10,425,66,405,86,491
104708,6,4,1,213,150,637,790,363,1427,850,940,1790
104717,6,4,1,1297,1356,1911,6182,2653,8093,3208,7538,10746
105145,6,4,1,45,89,154,326,134,480,199,415,614
105154,6,4,1,297,242,783,957,539,1740,1080,1199,2279
105206,6,4,1,41,67,90,271,108,361,131,338,469
105297,6,4,1,24,79,24,66,103,90,48,145,193
105330,6,4,1,1398,1826,292,502,3224,794,1690,2328,4018
105349,6,4,1,15,27,45,78,42,123,60,105,165
105428,6,4,1,139,178,307,638,317,945,446,816,1262
105525,6,4,1,213,247,911,1094,460,2005,1124,1341,2465
105659,6,4,1,146,14,0,0,160,0,146,14,160
105668,6,4,1,62,79,389,610,141,999,451,689,1140
105747,6,4,1,84,78,326,382,162,708,410,460,870
105792,6,4,1,31,47,142,176,78,318,173,223,396
106148,6,4,1,78,43,146,212,121,358,224,255,479
106245,6,4,1,405,541,249,463,946,712,654,1004,1658
106263,6,4,1,286,601,11,59,887,70,297,660,957
106324,6,4,1,1,6,0,2,7,2,1,8,9
106397,6,4,1,1488,1466,567,579,2954,1146,2055,2045,4100
106412,6,4,1,180,161,38,49,341,87,218,210,428
106449,6,4,1,40,56,29,65,96,94,69,121,190
106458,6,4,1,412,585,362,617,997,979,774,1202,1976
106467,6,4,1,314,284,140,178,598,318,454,462,916
106546,6,4,1,15,103,3,21,118,24,18,124,142
106625,6,4,1,32,52,12,33,84,45,44,85,129
106713,6,4,1,47,19,1,7,66,8,48,26,74
106908,6,4,1,5,60,0,1,65,1,5,61,66
107080,6,4,1,46,27,7,0,73,7,53,27,80
107099,6,4,1,0,20,0,0,20,0,0,20,20
107141,6,4,1,70,84,22,59,154,81,92,143,235
107318,6,4,1,4,9,18,26,13,44,22,35,57
107512,6,4,1,72,76,7,6,148,13,79,82,161
107521,6,4,1,4,27,5,13,31,18,9,40,49
107558,6,4,1,81,38,1,1,119,2,82,39,121
107585,6,4,1,27,56,38,67,83,105,65,123,188
107600,6,4,1,70,107,12,18,177,30,82,125,207
107619,6,4,1,6,21,2,19,27,21,8,40,48
107664,6,4,1,87,159,66,219,246,285,153,378,531
107725,6,4,1,14,19,15,39,33,54,29,58,87
107743,6,4,1,3,14,2,9,17,11,5,23,28
107789,6,4,1,0,12,0,0,12,0,0,12,12
107974,6,4,1,10,36,13,48,46,61,23,84,107
107983,6,4,1,359,265,178,174,624,352,537,439,976
107992,6,4,1,17,20,9,16,37,25,26,36,62
108092,6,4,1,211,264,89,126,475,215,300,390,690
108232,6,4,1,350,503,183,393,853,576,533,896,1429
108667,6,4,1,37,42,291,379,79,670,328,421,749
108807,6,4,1,145,103,329,411,248,740,474,514,988
108852,6,4,1,21,22,0,0,43,0,21,22,43
109208,6,4,1,217,226,1709,1393,443,3102,1926,1619,3545
109350,6,4,1,189,172,559,719,361,1278,748,891,1639
109785,6,4,1,333,737,54,110,1070,164,387,847,1234
109819,6,4,1,281,380,734,1150,661,1884,1015,1530,2545
109907,6,4,1,53,107,91,180,160,271,144,287,431
109934,6,4,1,3,76,0,0,79,0,3,76,79
110097,6,4,1,240,325,81,107,565,188,321,432,753
110246,6,4,1,207,199,286,451,406,737,493,650,1143
110316,6,4,1,4,22,1,7,26,8,5,29,34
110334,6,4,1,75,87,459,501,162,960,534,588,1122
110361,6,4,1,564,1039,126,247,1603,373,690,1286,1976
110398,6,4,1,151,297,1,1,448,2,152,298,450
110404,6,4,1,363,208,0,0,571,0,363,208,571
110413,6,4,1,321,310,18,22,631,40,339,332,671
110422,6,4,1,1555,1002,370,202,2557,572,1925,1204,3129
110486,6,4,1,601,1101,187,322,1702,509,788,1423,2211
110495,6,4,1,638,1266,267,419,1904,686,905,1685,2590
110510,6,4,1,1426,2229,508,682,3655,1190,1934,2911,4845
110529,6,4,1,2816,2392,910,644,5208,1554,3726,3036,6762
110538,6,4,1,1481,1445,277,301,2926,578,1758,1746,3504
110547,6,4,1,997,1483,378,496,2480,874,1375,1979,3354
110556,6,4,1,1843,2771,633,768,4614,1401,2476,3539,6015
110565,6,4,1,3191,3868,1399,1571,7059,2970,4590,5439,10029
110574,6,4,1,1229,1439,345,450,2668,795,1574,1889,3463
110583,6,4,1,3202,3970,998,1172,7172,2170,4200,5142,9342
110592,6,4,1,1819,2500,605,691,4319,1296,2424,3191,5615
110608,6,4,1,3176,3539,1248,1186,6715,2434,4424,4725,9149
110617,6,4,1,2745,3335,1055,1121,6080,2176,3800,4456,8256
110635,6,4,1,3102,3033,384,339,6135,723,3486,3372,6858
110644,6,4,1,2584,3118,182,237,5702,419,2766,3355,6121
110653,6,4,1,2826,2440,212,179,5266,391,3038,2619,5657
110662,6,4,1,3076,3172,266,217,6248,483,3342,3389,6731
110671,6,4,1,2014,1478,214,138,3492,352,2228,1616,3844
110680,6,4,1,3994,2968,423,335,6962,758,4417,3303,7720
110699,6,4,1,307,530,0,0,837,0,307,530,837
110705,6,4,1,1796,1438,147,111,3234,258,1943,1549,3492
110714,6,4,1,1504,931,186,95,2435,281,1690,1026,2716
111188,6,4,1,122,20,15,4,142,19,137,24,161
111434,6,4,1,15,32,262,307,47,569,277,339,616
111461,6,4,1,201,170,682,702,371,1384,883,872,1755
111513,6,4,1,0,31,0,9,31,9,0,40,40
111887,6,4,1,436,523,834,768,959,1602,1270,1291,2561
111896,6,4,1,25,35,96,211,60,307,121,246,367
111920,6,4,1,144,145,622,576,289,1198,766,721,1487
111939,6,4,1,264,370,853,1315,634,2168,1117,1685,2802
111948,6,4,1,587,721,118,150,1308,268,705,871,1576
112075,6,4,1,173,292,44,51,465,95,217,343,560
112084,6,4,1,28,23,5,8,51,13,33,31,64
112172,6,4,1,209,262,468,497,471,965,677,759,1436
112251,6,4,1,44,77,25,48,121,73,69,125,194
112260,6,4,1,80,48,4,1,128,5,84,49,133
112367,6,4,1,0,0,5,21,0,26,5,21,26
112385,6,4,1,36,52,352,442,88,794,388,494,882
112561,6,4,1,30,41,51,66,71,117,81,107,188
112686,6,4,1,38,49,116,203,87,319,154,252,406
112826,6,4,1,66,73,221,347,139,568,287,420,707
113096,6,4,1,122,118,654,844,240,1498,776,962,1738
113111,6,4,1,85,74,256,302,159,558,341,376,717
113193,6,4,1,100,97,310,360,197,670,410,457,867
113236,6,4,1,236,243,688,917,479,1605,924,1160,2084
113333,6,4,1,451,318,690,639,769,1329,1141,957,2098
113537,6,4,1,1,2,0,0,3,0,1,2,3
113573,6,4,1,162,166,344,487,328,831,506,653,1159
113582,6,4,1,1,19,0,3,20,3,1,22,23
113634,6,4,1,320,244,754,785,564,1539,1074,1029,2103
113698,6,4,1,73,153,14,53,226,67,87,206,293
113704,6,4,1,8,2,0,0,10,0,8,2,10
113856,6,4,1,295,339,1082,1527,634,2609,1377,1866,3243
113980,6,4,1,318,312,943,1044,630,1987,1261,1356,2617
114123,6,4,1,1,4,0,0,5,0,1,4,5
114266,6,4,1,111,103,507,510,214,1017,618,613,1231
114354,6,4,1,61,253,35,104,314,139,96,357,453
114433,6,4,1,26,16,24,27,42,51,50,43,93
114549,6,4,1,2,6,2,3,8,5,4,9,13
114716,6,4,1,241,224,666,554,465,1220,907,778,1685
114734,6,4,1,0,0,1,0,0,1,1,0,1
114761,6,4,1,0,8,0,0,8,0,0,8,8
114789,6,4,1,285,312,930,1232,597,2162,1215,1544,2759
114813,6,4,1,76,178,43,135,254,178,119,313,432
114859,6,4,1,346,295,1006,1099,641,2105,1352,1394,2746
114938,6,4,1,68,66,168,201,134,369,236,267,503
114947,6,4,1,30,20,0,0,50,0,30,20,50
115001,6,4,1,213,222,317,348,435,665,530,570,1100
115083,6,4,1,61,82,16,20,143,36,77,102,179
115126,6,4,1,124,148,530,707,272,1237,654,855,1509
115393,6,4,1,118,130,256,294,248,550,374,424,798
115755,6,4,1,599,717,108,148,1316,256,707,865,1572
115861,6,4,1,149,189,250,326,338,576,399,515,914
116439,6,4,1,174,103,505,426,277,931,679,529,1208
116563,6,4,1,0,26,0,0,26,0,0,26,26
116846,6,4,1,0,2,0,0,2,0,0,2,2
117052,6,4,1,82,52,256,328,134,584,338,380,718
117104,6,4,1,27,37,6,4,64,10,33,41,74
117195,6,4,1,24,29,90,76,53,166,114,105,219
117247,6,4,1,93,76,386,413,169,799,479,489,968
117274,6,4,1,14,14,58,19,28,77,72,33,105
117645,6,4,1,450,563,1131,1417,1013,2548,1581,1980,3561
117672,6,4,1,178,0,1,8,178,9,179,8,187
117690,6,4,1,65,60,336,533,125,869,401,593,994
117706,6,4,1,173,194,794,906,367,1700,967,1100,2067
117715,6,4,1,20,41,163,353,61,516,183,394,577
117724,6,4,1,173,110,570,459,283,1029,743,569,1312
117733,6,4,1,112,108,630,882,220,1512,742,990,1732
117788,6,4,1,161,170,545,803,331,1348,706,973,1679
117803,6,4,1,0,0,12,26,0,38,12,26,38
117867,6,4,1,56,86,416,646,142,1062,472,732,1204
117894,6,4,1,87,98,320,390,185,710,407,488,895
117946,6,4,1,702,851,71,74,1553,145,773,925,1698
118347,6,4,1,68,61,150,169,129,319,218,230,448
118684,6,4,1,16,35,85,153,51,238,101,188,289
118718,6,4,1,159,232,257,407,391,664,416,639,1055
118772,6,4,1,59,83,214,375,142,589,273,458,731
118930,6,4,1,106,76,265,331,182,596,371,407,778
118976,6,4,1,414,537,467,769,951,1236,881,1306,2187
119058,6,4,1,39,139,2,14,178,16,41,153,194
119067,6,4,1,113,128,226,280,241,506,339,408,747
119137,6,4,1,173,138,589,632,311,1221,762,770,1532
119164,6,4,1,608,502,1556,1688,1110,3244,2164,2190,4354
119216,6,4,1,243,287,582,825,530,1407,825,1112,1937
119331,6,4,1,50,71,138,222,121,360,188,293,481
120166,6,4,1,17,11,0,0,28,0,17,11,28
120184,6,4,1,0,8,3,6,8,9,3,14,17
120254,6,4,1,79,71,10,5,150,15,89,76,165
120290,6,4,1,124,102,337,300,226,637,461,402,863
120342,6,4,1,380,242,921,915,622,1836,1301,1157,2458
120403,6,4,1,78,173,6,9,251,15,84,182,266
120421,6,4,1,65,71,319,331,136,650,384,402,786
120865,6,4,1,51,74,9,5,125,14,60,79,139
120883,6,4,1,602,732,79,104,1334,183,681,836,1517
120953,6,4,1,14,17,91,34,31,125,105,51,156
120971,6,4,1,305,240,1013,839,545,1852,1318,1079,2397
121044,6,4,1,460,412,1058,1230,872,2288,1518,1642,3160
121150,6,4,1,429,742,116,516,1171,632,545,1258,1803
121275,6,4,1,6,2,0,0,8,0,6,2,8
121309,6,4,1,162,271,67,114,433,181,229,385,614
121363,6,4,1,45,64,93,199,109,292,138,263,401
121619,6,4,1,234,209,1021,1081,443,2102,1255,1290,2545
121628,6,4,1,5,1,0,0,6,0,5,1,6
121707,6,4,1,53,54,106,146,107,252,159,200,359
121886,6,4,1,204,178,1023,769,382,1792,1227,947,2174
121901,6,4,1,190,250,920,1315,440,2235,1110,1565,2675
122180,6,4,1,215,278,831,1211,493,2042,1046,1489,2535
122205,6,4,1,211,156,761,856,367,1617,972,1012,1984
122296,6,4,1,42,147,2,13,189,15,44,160,204
122339,6,4,1,87,107,647,824,194,1471,734,931,1665
122375,6,4,1,169,197,968,1328,366,2296,1137,1525,2662
122384,6,4,1,140,64,713,708,204,1421,853,772,1625
122409,6,4,1,2760,3099,823,797,5859,1620,3583,3896,7479
122436,6,4,1,572,674,83,139,1246,222,655,813,1468
122597,6,4,1,2085,2430,699,804,4515,1503,2784,3234,6018
122612,6,4,1,443,771,162,306,1214,468,605,1077,1682
122658,6,4,1,295,370,429,652,665,1081,724,1022,1746
122728,6,4,1,127,122,27,41,249,68,154,163,317
122746,6,4,1,79,98,343,517,177,860,422,615,1037
122755,6,4,1,3513,2916,1271,1111,6429,2382,4784,4027,8811
122791,6,4,1,80,53,337,308,133,645,417,361,778
122889,6,4,1,208,203,402,534,411,936,610,737,1347
122931,6,4,1,776,587,106,102,1363,208,882,689,1571
122977,6,4,1,506,526,1052,1241,1032,2293,1558,1767,3325
123013,6,4,1,219,201,733,847,420,1580,952,1048,2000
123165,6,4,1,1,79,0,3,80,3,1,82,83
123217,6,4,1,205,185,374,592,390,966,579,777,1356
123341,6,4,1,205,170,575,674,375,1249,780,844,1624
123457,6,4,1,64,62,10,16,126,26,74,78,152
123484,6,4,1,27,8,17,31,35,48,44,39,83
123509,6,4,1,100,101,391,424,201,815,491,525,1016
123563,6,4,1,105,120,351,457,225,808,456,577,1033
123572,6,4,1,517,674,154,190,1191,344,671,864,1535
123800,6,4,1,331,388,713,871,719,1584,1044,1259,2303
123952,6,4,1,95,68,4,8,163,12,99,76,175
123961,6,4,1,5299,6098,687,774,11397,1461,5986,6872,12858
124113,6,4,1,30,81,224,158,111,382,254,239,493
124283,6,4,1,1,1,0,0,2,0,1,1,2
124487,6,4,1,0,0,0,4,0,4,0,4,4
125028,6,4,1,123,117,481,590,240,1071,604,707,1311
125231,6,4,1,107,865,98,582,972,680,205,1447,1652
125462,6,4,1,17,18,86,111,35,197,103,129,232
125471,6,4,1,80,96,400,567,176,967,480,663,1143
125499,6,4,1,91,68,300,347,159,647,391,415,806
125763,6,4,1,104,127,8,10,231,18,112,137,249
125897,6,4,1,91,96,17,15,187,32,108,111,219
126012,6,4,1,3,41,0,0,44,0,3,41,44
126119,6,4,1,37,59,171,270,96,441,208,329,537
126182,6,4,1,146,120,60,47,266,107,206,167,373
126207,6,4,1,111,107,149,232,218,381,260,339,599
126289,6,4,1,113,113,209,352,226,561,322,465,787
126562,6,4,1,1189,1634,522,806,2823,1328,1711,2440,4151
126580,6,4,1,674,706,326,350,1380,676,1000,1056,2056
126614,6,4,1,2668,1572,1071,758,4240,1829,3739,2330,6069
126711,6,4,1,96,66,90,160,162,250,186,226,412
126748,6,4,1,13,23,4,19,36,23,17,42,59
126775,6,4,1,673,286,101,51,959,152,774,337,1111
126818,6,4,1,2041,2050,643,739,4091,1382,2684,2789,5473
126827,6,4,1,360,804,203,450,1164,653,563,1254,1817
126863,6,4,1,66,58,146,211,124,357,212,269,481
126915,6,4,1,6,10,4,8,16,12,10,18,28
126942,6,4,1,97,171,221,397,268,618,318,568,886
126951,6,4,1,152,12,0,0,164,0,152,12,164
127185,6,4,1,245,196,41,53,441,94,286,249,535
127200,6,4,1,246,247,602,853,493,1455,848,1100,1948
127316,6,4,1,4,14,4,35,18,39,8,49,57
127389,6,4,1,10,5,3,15,15,18,13,20,33
127556,6,4,1,543,476,169,156,1019,325,712,632,1344
127565,6,4,1,1034,1226,618,819,2260,1437,1652,2045,3697
127617,6,4,1,9,13,13,33,22,46,22,46,68
127653,6,4,1,24,80,2,19,104,21,26,99,125
127714,6,4,1,1,1,15,8,2,23,16,9,25
127732,6,4,1,11,22,4,30,33,34,15,52,67
127741,6,4,1,416,672,106,281,1088,387,522,953,1475
127778,6,4,1,10,15,7,15,25,22,17,30,47
127820,6,4,1,213,260,405,574,473,979,618,834,1452
127884,6,4,1,74,92,93,215,166,308,167,307,474
127909,6,4,1,129,99,200,232,228,432,329,331,660
127918,6,4,1,188,348,36,101,536,137,224,449,673
128106,6,4,1,242,232,101,97,474,198,343,329,672
128258,6,4,1,30,27,19,44,57,63,49,71,120
128337,6,4,1,1,4,0,8,5,8,1,12,13
128498,6,4,1,94,65,8,14,159,22,102,79,181
128577,6,4,1,17,15,30,43,32,73,47,58,105
128744,6,4,1,517,380,27,82,897,109,544,462,1006
128771,6,4,1,766,590,305,335,1356,640,1071,925,1996
128780,6,4,1,7,38,20,65,45,85,27,103,130
128902,6,4,1,90,57,1,1,147,2,91,58,149
129020,6,4,1,1685,1749,283,261,3434,544,1968,2010,3978
129154,6,4,1,19,39,44,302,58,346,63,341,404
129181,6,4,1,48,3,18,4,51,22,66,7,73
129215,6,4,1,216,199,58,60,415,118,274,259,533
129242,6,4,1,244,272,58,78,516,136,302,350,652
129349,6,4,1,1,23,0,7,24,7,1,30,31
129367,6,4,1,25,44,91,214,69,305,116,258,374
129428,6,4,1,0,0,18,7,0,25,18,7,25
129491,6,4,1,1,2,1,0,3,1,2,2,4
129525,6,4,1,254,301,74,122,555,196,328,423,751
129543,6,4,1,47,79,128,235,126,363,175,314,489
129695,6,4,1,78,79,195,254,157,449,273,333,606
129729,6,4,1,62,69,176,319,131,495,238,388,626
129756,6,4,1,24,23,81,125,47,206,105,148,253
129774,6,4,1,44,42,3,2,86,5,47,44,91
129808,6,4,1,31,44,95,202,75,297,126,246,372
129923,6,4,1,18,41,14,14,59,28,32,55,87
129941,6,4,1,1008,783,142,130,1791,272,1150,913,2063
130004,6,4,1,74,75,212,266,149,478,286,341,627
130040,6,4,1,18,18,42,53,36,95,60,71,131
130183,6,4,1,185,473,190,650,658,840,375,1123,1498
130217,6,4,1,8,10,37,51,18,88,45,61,106
130226,6,4,1,559,1032,71,225,1591,296,630,1257,1887
130253,6,4,1,823,936,121,220,1759,341,944,1156,2100
130314,6,4,1,75,236,15,89,311,104,90,325,415
130396,6,4,1,86,103,263,406,189,669,349,509,858
130590,6,4,1,142,66,13,4,208,17,155,70,225
130606,6,4,1,54,72,140,189,126,329,194,261,455
130624,6,4,1,61,37,0,0,98,0,61,37,98
130697,6,4,1,125,136,3,13,261,16,128,149,277
130776,6,4,1,281,262,129,176,543,305,410,438,848
130794,6,4,1,1377,1719,3,1,3096,4,1380,1720,3100
130934,6,4,1,260,442,41,67,702,108,301,509,810
130943,6,4,1,1269,1176,249,231,2445,480,1518,1407,2925
130989,6,4,1,116,126,25,43,242,68,141,169,310
131113,6,4,1,548,551,447,717,1099,1164,995,1268,2263
131399,6,4,1,161,192,107,131,353,238,268,323,591
131450,6,4,1,149,191,8,17,340,25,157,208,365
131469,6,4,1,1826,2913,254,643,4739,897,2080,3556,5636
131496,6,4,1,1598,2116,341,473,3714,814,1939,2589,4528
131520,6,4,1,377,715,50,47,1092,97,427,762,1189
132471,6,4,1,302,678,37,142,980,179,339,820,1159
132693,6,4,1,227,225,431,704,452,1135,658,929,1587
132709,6,4,1,465,466,1361,1999,931,3360,1826,2465,4291
132842,6,4,1,12,88,4,25,100,29,16,113,129
132851,6,4,1,105,141,162,270,246,432,267,411,678
132879,6,4,1,21,17,3,1,38,4,24,18,42
132903,6,4,1,4554,5102,3477,3764,9656,7241,8031,8866,16897
133021,6,4,1,22,28,36,62,50,98,58,90,148
133386,6,4,1,274,278,295,598,552,893,569,876,1445
133492,6,4,1,56,94,10,12,150,22,66,106,172
133508,6,4,1,160,235,480,850,395,1330,640,1085,1725
133553,6,4,1,940,281,117,35,1221,152,1057,316,1373
133650,6,4,1,779,1260,123,211,2039,334,902,1471,2373
133702,6,4,1,302,491,764,1317,793,2081,1066,1808,2874
133711,6,4,1,112,142,14,24,254,38,126,166,292
133809,6,4,1,28,21,0,2,49,2,28,23,51
133872,6,4,1,39,126,30,136,165,166,69,262,331
133881,6,4,1,595,290,224,466,885,690,819,756,1575
133960,6,4,1,30,25,31,55,55,86,61,80,141
134097,6,4,1,2440,2742,796,1017,5182,1813,3236,3759,6995
134130,6,4,1,4384,5163,1170,1496,9547,2666,5554,6659,12213
134343,6,4,1,57,125,117,250,182,367,174,375,549
134495,6,4,1,542,498,723,1099,1040,1822,1265,1597,2862
134608,6,4,1,212,242,490,789,454,1279,702,1031,1733
135160,6,4,1,25,63,78,133,88,211,103,196,299
135188,6,4,1,36,71,127,183,107,310,163,254,417
135391,6,4,1,111,198,315,514,309,829,426,712,1138
135407,6,4,1,87,79,5,2,166,7,92,81,173
135610,6,4,1,1,3,4,2,4,6,5,5,10
135717,6,4,1,874,1093,1963,2565,1967,4528,2837,3658,6495
135726,6,4,1,1620,1992,109,113,3612,222,1729,2105,3834
136109,6,4,1,0,10,0,15,10,15,0,25,25
136145,6,4,1,6,13,14,37,19,51,20,50,70
136172,6,4,1,562,652,436,530,1214,966,998,1182,2180
136233,6,4,1,97,119,118,188,216,306,215,307,522
136330,6,4,1,134,263,35,59,397,94,169,322,491
136358,6,4,1,359,391,1007,1582,750,2589,1366,1973,3339
136400,6,4,1,126,159,324,468,285,792,450,627,1077
136473,6,4,1,113,196,219,410,309,629,332,606,938
136516,6,4,1,105,178,277,479,283,756,382,657,1039
136659,6,4,1,19,2,18,1,21,19,37,3,40
136701,6,4,1,26,0,3,0,26,3,29,0,29
136950,6,4,1,225,200,18,40,425,58,243,240,483
137078,6,4,1,386,489,791,1364,875,2155,1177,1853,3030
137096,6,4,1,290,234,539,691,524,1230,829,925,1754
137209,6,4,1,245,224,635,896,469,1531,880,1120,2000
137281,6,4,1,67,70,156,267,137,423,223,337,560
137351,6,4,1,3566,4300,1459,1850,7866,3309,5025,6150,11175
137546,6,4,1,332,365,75,75,697,150,407,440,847
137564,6,4,1,418,557,108,155,975,263,526,712,1238
137591,6,4,1,9,19,2,10,28,12,11,29,40
137759,6,4,1,223,234,357,500,457,857,580,734,1314
138187,6,4,1,705,791,1867,2642,1496,4509,2572,3433,6005
138275,6,4,1,51,34,25,8,85,33,76,42,118
138309,6,4,1,95,562,58,431,657,489,153,993,1146
138354,6,4,1,591,699,422,695,1290,1117,1013,1394,2407
138558,6,4,1,192,130,60,120,322,180,252,250,502
138600,6,4,1,10,151,0,15,161,15,10,166,176
138682,6,4,1,44,100,57,168,144,225,101,268,369
138716,6,4,1,278,553,68,277,831,345,346,830,1176
138761,6,4,1,8,6,0,3,14,3,8,9,17
138840,6,4,1,58,61,82,191,119,273,140,252,392
138929,6,4,1,15,51,2,5,66,7,17,56,73
138938,6,4,1,1,40,1,17,41,18,2,57,59
138947,6,4,1,143,297,22,36,440,58,165,333,498
138956,6,4,1,95,118,182,193,213,375,277,311,588
139144,6,4,1,45,46,12,16,91,28,57,62,119
139199,6,4,1,41,318,6,86,359,92,47,404,451
139205,6,4,1,73,36,9,3,109,12,82,39,121
139250,6,4,1,103,199,74,141,302,215,177,340,517
139278,6,4,1,82,137,180,385,219,565,262,522,784
139311,6,4,1,226,498,134,295,724,429,360,793,1153
139357,6,4,1,40,104,98,234,144,332,138,338,476
139366,6,4,1,351,472,166,266,823,432,517,738,1255
139384,6,4,1,104,157,131,289,261,420,235,446,681
139393,6,4,1,39,39,7,0,78,7,46,39,85
139463,6,4,1,191,270,184,253,461,437,375,523,898
139506,6,4,1,4,3,0,0,7,0,4,3,7
139621,6,4,1,30,45,29,34,75,63,59,79,138
139658,6,4,1,912,1958,51,106,2870,157,963,2064,3027
139700,6,4,1,121,170,191,396,291,587,312,566,878
139719,6,4,1,175,243,29,69,418,98,204,312,516
139755,6,4,1,3341,1723,1812,766,5064,2578,5153,2489,7642
139764,6,4,1,122,218,49,73,340,122,171,291,462
139861,6,4,1,268,324,94,152,592,246,362,476,838
139931,6,4,1,1593,1822,503,654,3415,1157,2096,2476,4572
139940,6,4,1,2124,3138,1011,1394,5262,2405,3135,4532,7667
139959,6,4,1,3015,3453,510,591,6468,1101,3525,4044,7569
139986,6,4,1,64,138,126,280,202,406,190,418,608
140012,6,4,1,146,140,422,573,286,995,568,713,1281
140146,6,4,1,6,1,1,0,7,1,7,1,8
140234,6,4,1,42,39,1,1,81,2,43,40,83
140243,6,4,1,66,119,204,317,185,521,270,436,706
140252,6,4,1,392,416,35,54,808,89,427,470,897
140331,6,4,1,168,198,433,502,366,935,601,700,1301
140447,6,4,1,519,991,71,203,1510,274,590,1194,1784
140562,6,4,1,91,190,2,9,281,11,93,199,292
140678,6,4,1,38,68,72,105,106,177,110,173,283
140696,6,4,1,56,51,7,5,107,12,63,56,119
140720,6,4,1,26,30,1,4,56,5,27,34,61
140818,6,4,1,90,170,9,18,260,27,99,188,287
140942,6,4,1,80,117,104,240,197,344,184,357,541
140951,6,4,1,870,1746,271,567,2616,838,1141,2313,3454
140960,6,4,1,189,223,42,66,412,108,231,289,520
140988,6,4,1,76,74,13,11,150,24,89,85,174
141006,6,4,1,49,54,51,70,103,121,100,124,224
141060,6,4,1,0,91,14,60,91,74,14,151,165
141255,6,4,1,35,87,92,182,122,274,127,269,396
141264,6,4,1,511,906,169,369,1417,538,680,1275,1955
141334,6,4,1,573,931,248,518,1504,766,821,1449,2270
141565,6,4,1,147,238,54,110,385,164,201,348,549
141574,6,4,1,988,1308,437,588,2296,1025,1425,1896,3321
141644,6,4,1,195,397,38,69,592,107,233,466,699
141680,6,4,1,57,20,153,139,77,292,210,159,369
141796,6,4,1,104,139,242,462,243,704,346,601,947
141802,6,4,1,5,16,26,74,21,100,31,90,121
141811,6,4,1,71,80,222,373,151,595,293,453,746
141839,6,4,1,18,34,44,134,52,178,62,168,230
141981,6,4,1,119,210,90,151,329,241,209,361,570
141990,6,4,1,12,28,72,128,40,200,84,156,240
142115,6,4,1,1043,1031,440,532,2074,972,1483,1563,3046
142179,6,4,1,45,48,46,110,93,156,91,158,249
142276,6,4,1,598,836,129,207,1434,336,727,1043,1770
142285,6,4,1,767,646,111,102,1413,213,878,748,1626
142407,6,4,1,4,16,0,0,20,0,4,16,20
142443,6,4,1,68,65,69,157,133,226,137,222,359
142461,6,4,1,71,76,26,41,147,67,97,117,214
142522,6,4,1,3141,2121,2830,2483,5262,5313,5971,4604,10575
142559,6,4,1,63,105,83,208,168,291,146,313,459
142832,6,4,1,29,262,12,65,291,77,41,327,368
142887,6,4,1,3,8,2,4,11,6,5,12,17
143118,6,4,1,290,631,48,148,921,196,338,779,1117
143215,6,4,1,99,135,253,300,234,553,352,435,787
143279,6,4,1,35,45,64,143,80,207,99,188,287
143288,6,4,1,30,29,1,2,59,3,31,31,62
143358,6,4,1,434,253,58,89,687,147,492,342,834
143376,6,4,1,1,22,0,13,23,13,1,35,36
143613,6,4,1,15,47,18,57,62,75,33,104,137
143853,6,4,1,289,780,5,13,1069,18,294,793,1087
144050,6,4,1,1597,1614,145,130,3211,275,1742,1744,3486
144157,6,4,1,43,55,45,67,98,112,88,122,210
144166,6,4,1,82,236,160,582,318,742,242,818,1060
144175,6,4,1,30,42,46,71,72,117,76,113,189
144184,6,4,1,57,101,190,245,158,435,247,346,593
144193,6,4,1,102,61,149,155,163,304,251,216,467
144209,6,4,1,130,166,222,323,296,545,352,489,841
144218,6,4,1,111,94,272,363,205,635,383,457,840
144351,6,4,1,116,130,86,158,246,244,202,288,490
144564,6,4,1,12,36,19,42,48,61,31,78,109
144740,6,4,1,1659,1962,235,221,3621,456,1894,2183,4077
144865,6,4,1,342,306,917,1050,648,1967,1259,1356,2615
144883,6,4,1,52,36,0,0,88,0,52,36,88
144892,6,4,1,559,566,105,118,1125,223,664,684,1348
144944,6,4,1,154,119,400,460,273,860,554,579,1133
144962,6,4,1,222,363,91,69,585,160,313,432,745
144971,6,4,1,46,20,0,5,66,5,46,25,71
145099,6,4,1,6,52,0,0,58,0,6,52,58
145336,6,4,1,326,448,109,174,774,283,435,622,1057
145372,6,4,1,98,55,15,21,153,36,113,76,189
145521,6,4,1,13,16,16,37,29,53,29,53,82
145558,6,4,1,205,366,3,13,571,16,208,379,587
145600,6,4,1,2962,3245,581,588,6207,1169,3543,3833,7376
145619,6,4,1,315,268,67,103,583,170,382,371,753
145637,6,4,1,4308,3228,812,534,7536,1346,5120,3762,8882
145682,6,4,1,70,66,187,322,136,509,257,388,645
145691,6,4,1,64,48,3,5,112,8,67,53,120
145707,6,4,1,10,20,10,11,30,21,20,31,51
145813,6,4,1,1400,1407,279,276,2807,555,1679,1683,3362
145831,6,4,1,40,20,72,85,60,157,112,105,217
146205,6,4,1,56,82,52,93,138,145,108,175,283
146278,6,4,1,20,29,30,64,49,94,50,93,143
146296,6,4,1,143,155,411,557,298,968,554,712,1266
146339,6,4,1,92,53,6,8,145,14,98,61,159
146348,6,4,1,30,41,63,114,71,177,93,155,248
146366,6,4,1,20,65,28,69,85,97,48,134,182
146418,6,4,1,28,42,65,96,70,161,93,138,231
146427,6,4,1,68,57,1,2,125,3,69,59,128
146472,6,4,1,182,147,542,680,329,1222,724,827,1551
146481,6,4,1,128,143,5,16,271,21,133,159,292
146490,6,4,1,0,0,2,1,0,3,2,1,3
146506,6,4,1,50,102,45,79,152,124,95,181,276
146533,6,4,1,9,22,1,12,31,13,10,34,44
146603,6,4,1,47,77,70,144,124,214,117,221,338
146612,6,4,1,693,538,170,155,1231,325,863,693,1556
146685,6,4,1,60,63,117,256,123,373,177,319,496
146700,6,4,1,146,69,0,0,215,0,146,69,215
146719,6,4,1,704,1597,116,202,2301,318,820,1799,2619
147004,6,4,1,62,60,206,244,122,450,268,304,572
147013,6,4,1,143,99,14,18,242,32,157,117,274
147129,6,4,1,6,60,7,33,66,40,13,93,106
147244,6,4,1,139,142,10,18,281,28,149,160,309
147369,6,4,1,177,147,55,37,324,92,232,184,416
147378,6,4,1,122,133,382,440,255,822,504,573,1077
147411,6,4,1,57,61,132,219,118,351,189,280,469
147536,6,4,1,190,504,72,239,694,311,262,743,1005
147590,6,4,1,31,38,1,1,69,2,32,39,71
147660,6,4,1,215,273,16,14,488,30,231,287,518
147679,6,4,1,144,187,44,52,331,96,188,239,427
147776,6,4,1,320,432,186,273,752,459,506,705,1211
147800,6,4,1,99,79,368,388,178,756,467,467,934
147828,6,4,1,119,113,74,87,232,161,193,200,393
147916,6,4,1,102,106,173,205,208,378,275,311,586
148007,6,4,1,42,70,94,157,112,251,136,227,363
148131,6,4,1,79,67,36,23,146,59,115,90,205
148256,6,4,1,27,56,18,31,83,49,45,87,132
148292,6,4,1,11,25,32,97,36,129,43,122,165
148380,6,4,1,94,70,256,312,164,568,350,382,732
148487,6,4,1,284,468,39,97,752,136,323,565,888
148511,6,4,1,80,460,6,39,540,45,86,499,585
148575,6,4,1,8,48,2,27,56,29,10,75,85
148627,6,4,1,169,328,50,87,497,137,219,415,634
148654,6,4,1,353,273,126,122,626,248,479,395,874
148672,6,4,1,21,19,22,45,40,67,43,64,107
148821,6,4,1,8,24,15,32,32,47,23,56,79
148876,6,4,1,22,56,4,14,78,18,26,70,96
148937,6,4,1,19,17,13,21,36,34,32,38,70
148991,6,4,1,13,9,25,46,22,71,38,55,93
149222,6,4,1,932,947,176,164,1879,340,1108,1111,2219
149231,6,4,1,973,1025,384,400,1998,784,1357,1425,2782
149310,6,4,1,29,6,0,0,35,0,29,6,35
149365,6,4,1,22,50,70,160,72,230,92,210,302
149532,6,4,1,101,126,376,430,227,806,477,556,1033
149727,6,4,1,84,73,297,381,157,678,381,454,835
149772,6,4,1,677,643,111,171,1320,282,788,814,1602
149781,6,4,1,133,137,42,69,270,111,175,206,381
149842,6,4,1,150,153,487,606,303,1093,637,759,1396
150136,6,4,1,818,1123,240,936,1941,1176,1058,2059,3117
150163,6,4,1,337,507,64,59,844,123,401,566,967
150172,6,4,1,44,22,15,3,66,18,59,25,84
150215,6,4,1,0,3,0,1,3,1,0,4,4
150534,6,4,1,103,195,8,18,298,26,111,213,324
150604,6,4,1,60,66,9,4,126,13,69,70,139
150668,6,4,1,44,60,10,3,104,13,54,63,117
150677,6,4,1,95,116,27,28,211,55,122,144,266
150765,6,4,1,0,13,0,0,13,0,0,13,13
150941,6,4,1,61,96,29,46,157,75,90,142,232
150987,6,4,1,676,1151,3210,3376,1827,6586,3886,4527,8413
151111,6,4,1,2065,2806,422,676,4871,1098,2487,3482,5969
151263,6,4,1,277,554,73,160,831,233,350,714,1064
151290,6,4,1,182,87,50,28,269,78,232,115,347
151306,6,4,1,421,655,159,218,1076,377,580,873,1453
151324,6,4,1,499,636,128,141,1135,269,627,777,1404
151333,6,4,1,138,217,48,66,355,114,186,283,469
151342,6,4,1,236,407,107,158,643,265,343,565,908
151351,6,4,1,2613,2123,403,302,4736,705,3016,2425,5441
151360,6,4,1,124,290,59,160,414,219,183,450,633
151379,6,4,1,181,212,119,173,393,292,300,385,685
151388,6,4,1,81,166,88,139,247,227,169,305,474
151661,6,4,1,80,20,0,0,100,0,80,20,100
151777,6,4,1,78,105,8,13,183,21,86,118,204
151962,6,4,1,10,32,1,10,42,11,11,42,53
152080,6,4,1,1045,847,24,18,1892,42,1069,865,1934
152318,6,4,1,139,32,13,4,171,17,152,36,188
152336,6,4,1,84,139,7,27,223,34,91,166,257
152390,6,4,1,1,122,0,22,123,22,1,144,145
152451,6,4,1,20,0,1,1,20,2,21,1,22
152567,6,4,1,181,146,13,4,327,17,194,150,344
152600,6,4,1,259,196,36,29,455,65,295,225,520
152637,6,4,1,133,146,71,90,279,161,204,236,440
152673,6,4,1,56,0,1,0,56,1,57,0,57
152798,6,4,1,14,123,0,10,137,10,14,133,147
152992,6,4,1,79,91,4,15,170,19,83,106,189
153001,6,4,1,65,100,17,71,165,88,82,171,253
153083,6,4,1,1,24,0,0,25,0,1,24,25
153108,6,4,1,38,15,9,1,53,10,47,16,63
153126,6,4,1,89,86,21,21,175,42,110,107,217
153144,6,4,1,51,74,5,2,125,7,56,76,132
153162,6,4,1,62,48,5,2,110,7,67,50,117
153214,6,4,1,251,255,422,611,506,1033,673,866,1539
153241,6,4,1,1,0,1,1,1,2,2,1,3
153250,6,4,1,253,253,7,20,506,27,260,273,533
153269,6,4,1,259,412,41,70,671,111,300,482,782
153302,6,4,1,6,15,6,0,21,6,12,15,27
153311,6,4,1,62,116,95,232,178,327,157,348,505
153366,6,4,1,88,71,4,7,159,11,92,78,170
153384,6,4,1,70,60,2,2,130,4,72,62,134
153445,6,4,1,67,88,50,103,155,153,117,191,308
153472,6,4,1,60,44,18,36,104,54,78,80,158
153524,6,4,1,79,96,31,74,175,105,110,170,280
153533,6,4,1,27,21,16,25,48,41,43,46,89
153621,6,4,1,90,58,10,11,148,21,100,69,169
153630,6,4,1,65,80,39,133,145,172,104,213,317
153658,6,4,1,1949,2124,346,391,4073,737,2295,2515,4810
153737,6,4,1,173,227,195,363,400,558,368,590,958
153825,6,4,1,99,72,31,15,171,46,130,87,217
153834,6,4,1,75,61,8,3,136,11,83,64,147
154004,6,4,1,109,95,24,67,204,91,133,162,295
154013,6,4,1,66,97,18,28,163,46,84,125,209
154110,6,4,1,53,75,71,166,128,237,124,241,365
154174,6,4,1,458,466,5,0,924,5,463,466,929
154235,6,4,1,186,372,26,32,558,58,212,404,616
154262,6,4,1,7,25,1,24,32,25,8,49,57
154350,6,4,1,108,84,8,9,192,17,116,93,209
154396,6,4,1,18,29,4,23,47,27,22,52,74
154493,6,4,1,113,110,92,86,223,178,205,196,401
154527,6,4,1,91,73,25,10,164,35,116,83,199
154572,6,4,1,75,76,42,145,151,187,117,221,338
154697,6,4,1,51,67,300,232,118,532,351,299,650
154712,6,4,1,162,93,16,16,255,32,178,109,287
154749,6,4,1,30,20,2,4,50,6,32,24,56
154800,6,4,1,106,137,172,316,243,488,278,453,731
154907,6,4,1,24,16,17,23,40,40,41,39,80
154925,6,4,1,14,17,7,5,31,12,21,22,43
154934,6,4,1,20,35,9,64,55,73,29,99,128
154952,6,4,1,42,29,27,61,71,88,69,90,159
154998,6,4,1,49,13,37,44,62,81,86,57,143
155025,6,4,1,239,368,85,197,607,282,324,565,889
155052,6,4,1,16,25,8,10,41,18,24,35,59
155089,6,4,1,70,77,25,29,147,54,95,106,201
155098,6,4,1,9,19,8,19,28,27,17,38,55
155104,6,4,1,45,38,18,33,83,51,63,71,134
155140,6,4,1,52,84,6,15,136,21,58,99,157
155177,6,4,1,7,20,1,1,27,2,8,21,29
155195,6,4,1,58,96,81,140,154,221,139,236,375
155210,6,4,1,244,267,622,697,511,1319,866,964,1830
155292,6,4,1,74,105,116,213,179,329,190,318,508
155317,6,4,1,1839,2092,405,447,3931,852,2244,2539,4783
155399,6,4,1,1533,1342,315,351,2875,666,1848,1693,3541
155414,6,4,1,59,28,52,18,87,70,111,46,157
155423,6,4,1,30,28,7,13,58,20,37,41,78
155487,6,4,1,23,21,7,7,44,14,30,28,58
155511,6,4,1,77,25,3,4,102,7,80,29,109
155566,6,4,1,16,9,9,33,25,42,25,42,67
155618,6,4,1,19,4,2,1,23,3,21,5,26
155715,6,4,1,26,12,10,29,38,39,36,41,77
155812,6,4,1,113,103,26,21,216,47,139,124,263
155858,6,4,1,13,33,15,42,46,57,28,75,103
155900,6,4,1,111,42,26,14,153,40,137,56,193
155973,6,4,1,33,16,27,11,49,38,60,27,87
156082,6,4,1,340,470,93,120,810,213,433,590,1023
156107,6,4,1,124,58,76,116,182,192,200,174,374
156125,6,4,1,1476,1247,480,490,2723,970,1956,1737,3693
156189,6,4,1,40,22,2,2,62,4,42,24,66
156213,6,4,1,87,83,10,31,170,41,97,114,211
156231,6,4,1,54,72,45,73,126,118,99,145,244
156286,6,4,1,166,239,21,44,405,65,187,283,470
156295,6,4,1,95,110,3,4,205,7,98,114,212
156338,6,4,1,59,97,90,142,156,232,149,239,388
156356,6,4,1,34,55,1,16,89,17,35,71,106
156392,6,4,1,214,249,253,474,463,727,467,723,1190
156408,6,4,1,46,18,4,0,64,4,50,18,68
156426,6,4,1,0,8,0,9,8,9,0,17,17
156541,6,4,1,414,703,232,345,1117,577,646,1048,1694
156620,6,4,1,687,918,203,316,1605,519,890,1234,2124
156648,6,4,1,66,103,119,208,169,327,185,311,496
156745,6,4,1,66,22,5,24,88,29,71,46,117
156790,6,4,1,45,43,42,64,88,106,87,107,194
156842,6,4,1,0,23,0,11,23,11,0,34,34
156851,6,4,1,14,28,20,76,42,96,34,104,138
156860,6,4,1,22,70,53,99,92,152,75,169,244
156921,6,4,1,195,181,307,506,376,813,502,687,1189
157030,6,4,1,7,4,2,4,11,6,9,8,17
157058,6,4,1,123,107,20,17,230,37,143,124,267
157076,6,4,1,63,49,11,5,112,16,74,54,128
157085,6,4,1,2168,2773,260,355,4941,615,2428,3128,5556
157216,6,4,1,328,184,25,45,512,70,353,229,582
157289,6,4,1,1408,1780,487,502,3188,989,1895,2282,4177
157304,6,4,1,15,51,64,109,66,173,79,160,239
157331,6,4,1,40,58,39,122,98,161,79,180,259
157386,6,4,1,354,322,95,124,676,219,449,446,895
157401,6,4,1,452,630,154,218,1082,372,606,848,1454
157438,6,4,1,67,54,90,144,121,234,157,198,355
157447,6,4,1,759,1009,269,399,1768,668,1028,1408,2436
157483,6,4,1,52,110,121,185,162,306,173,295,468
157535,6,4,1,231,251,8,7,482,15,239,258,497
157553,6,4,1,48,65,40,88,113,128,88,153,241
157614,6,4,1,0,12,0,7,12,7,0,19,19
157650,6,4,1,0,13,0,3,13,3,0,16,16
157669,6,4,1,1,14,0,0,15,0,1,14,15
157678,6,4,1,0,17,0,0,17,0,0,17,17
157711,6,4,1,87,141,63,167,228,230,150,308,458
157739,6,4,1,31,76,39,75,107,114,70,151,221
157757,6,4,1,45,166,13,33,211,46,58,199,257
157951,6,4,1,830,1010,190,307,1840,497,1020,1317,2337
158662,6,4,1,185,387,338,937,572,1275,523,1324,1847
158802,6,4,1,52,79,6,18,131,24,58,97,155
158884,6,4,1,25,43,42,74,68,116,67,117,184
159197,6,4,1,72,23,0,0,95,0,72,23,95
159382,6,4,1,136,270,57,151,406,208,193,421,614
159391,6,4,1,1991,2124,399,406,4115,805,2390,2530,4920
159407,6,4,1,35,83,26,144,118,170,61,227,288
159647,6,4,1,670,411,157,127,1081,284,827,538,1365
159656,6,4,1,239,345,35,87,584,122,274,432,706
159717,6,4,1,366,460,86,121,826,207,452,581,1033
159939,6,4,1,470,436,147,153,906,300,617,589,1206
159966,6,4,1,330,448,110,169,778,279,440,617,1057
159993,6,4,1,370,629,105,246,999,351,475,875,1350
160010,6,4,1,27,13,32,44,40,76,59,57,116
160472,6,4,1,1,12,0,13,13,13,1,25,26
160579,6,4,1,113,131,136,136,244,272,249,267,516
160612,6,4,1,625,904,161,293,1529,454,786,1197,1983
160621,6,4,1,521,877,111,207,1398,318,632,1084,1716
160630,6,4,1,66,152,4,31,218,35,70,183,253
160649,6,4,1,77,160,22,75,237,97,99,235,334
160658,6,4,1,1031,1059,271,312,2090,583,1302,1371,2673
160667,6,4,1,72,84,55,55,156,110,127,139,266
160755,6,4,1,837,1097,110,177,1934,287,947,1274,2221
160904,6,4,1,146,322,6,25,468,31,152,347,499
160977,6,4,1,90,52,0,0,142,0,90,52,142
161004,6,4,1,110,67,0,2,177,2,110,69,179
161077,6,4,1,34,42,50,105,76,155,84,147,231
161086,6,4,1,187,131,0,0,318,0,187,131,318
161138,6,4,1,33,41,55,62,74,117,88,103,191
161192,6,4,1,9,25,35,81,34,116,44,106,150
161208,6,4,1,5,0,0,0,5,0,5,0,5
161217,6,4,1,58,148,76,156,206,232,134,304,438
161226,6,4,1,80,109,8,36,189,44,88,145,233
161235,6,4,1,28,46,17,21,74,38,45,67,112
161253,6,4,1,582,505,300,302,1087,602,882,807,1689
161299,6,4,1,42,6,9,0,48,9,51,6,57
161341,6,4,1,39,56,22,42,95,64,61,98,159
161457,6,4,1,221,534,147,388,755,535,368,922,1290
161484,6,4,1,17,14,5,21,31,26,22,35,57
161493,6,4,1,0,17,0,6,17,6,0,23,23
161509,6,4,1,16,35,0,2,51,2,16,37,53
161545,6,4,1,89,107,162,292,196,454,251,399,650
161554,6,4,1,291,443,163,264,734,427,454,707,1161
161572,6,4,1,168,648,7,40,816,47,175,688,863
161581,6,4,1,3,5,6,14,8,20,9,19,28
161688,6,4,1,25,48,20,72,73,92,45,120,165
161767,6,4,1,95,140,390,599,235,989,485,739,1224
161864,6,4,1,29,71,60,196,100,256,89,267,356
161873,6,4,1,193,339,54,116,532,170,247,455,702
162104,6,4,1,18,21,55,100,39,155,73,121,194
162122,6,4,1,49,65,137,275,114,412,186,340,526
162168,6,4,1,7,14,43,99,21,142,50,113,163
162210,6,4,1,59,57,12,16,116,28,71,73,144
162283,6,4,1,94,198,13,56,292,69,107,254,361
162584,6,4,1,340,286,91,130,626,221,431,416,847
162654,6,4,1,66,84,12,46,150,58,78,130,208
162690,6,4,1,39,46,65,177,85,242,104,223,327
162706,6,4,1,58,63,169,248,121,417,227,311,538
162830,6,4,1,1,18,0,0,19,0,1,18,19
163028,6,4,1,116,16,38,5,132,43,154,21,175
163204,6,4,1,951,948,3756,2774,1899,6530,4707,3722,8429
163259,6,4,1,469,1186,40,155,1655,195,509,1341,1850
163268,6,4,1,1305,961,419,360,2266,779,1724,1321,3045
163286,6,4,1,3703,3055,825,602,6758,1427,4528,3657,8185
163295,6,4,1,102,264,10,34,366,44,112,298,410
163338,6,4,1,195,287,32,30,482,62,227,317,544
163453,6,4,1,534,689,115,108,1223,223,649,797,1446
163462,6,4,1,148,68,34,44,216,78,182,112,294
163578,6,4,1,11,163,12,57,174,69,23,220,243
163851,6,4,1,275,311,93,78,586,171,368,389,757
163912,6,4,1,73,67,5,8,140,13,78,75,153
163976,6,4,1,59,55,0,0,114,0,59,55,114
164076,6,4,1,1357,1796,458,608,3153,1066,1815,2404,4219
164085,6,4,1,1,6,2,18,7,20,3,24,27
164155,6,4,1,462,112,0,0,574,0,462,112,574
164216,6,4,1,35,18,3,1,53,4,38,19,57
164270,6,4,1,94,167,10,37,261,47,104,204,308
164313,6,4,1,22,17,76,191,39,267,98,208,306
164465,6,4,1,144,80,0,0,224,0,144,80,224
164492,6,4,1,95,78,24,29,173,53,119,107,226
164599,6,4,1,0,0,0,1,0,1,0,1,1
164632,6,4,1,8,253,6,84,261,90,14,337,351
164739,6,4,1,149,89,88,77,238,165,237,166,403
164775,6,4,1,9,12,34,76,21,110,43,88,131
164845,6,4,1,0,6,0,1,6,1,0,7,7
164872,6,4,1,54,76,5,9,130,14,59,85,144
164915,6,4,1,4,2,0,1,6,1,4,3,7
164988,6,4,1,2923,3866,588,922,6789,1510,3511,4788,8299
165015,6,4,1,397,410,41,76,807,117,438,486,924
165024,6,4,1,664,899,253,410,1563,663,917,1309,2226
165033,6,4,1,89,154,151,346,243,497,240,500,740
165112,6,4,1,207,234,437,623,441,1060,644,857,1501
165167,6,4,1,11,41,21,78,52,99,32,119,151
165194,6,4,1,37,37,96,168,74,264,133,205,338
165264,6,4,1,3,8,5,76,11,81,8,84,92
165334,6,4,1,355,334,22,17,689,39,377,351,728
165556,6,4,1,5,54,1,4,59,5,6,58,64
165662,6,4,1,240,588,12,86,828,98,252,674,926
165671,6,4,1,44,88,7,26,132,33,51,114,165
165820,6,4,1,299,269,129,205,568,334,428,474,902
165866,6,4,1,306,285,53,103,591,156,359,388,747
165936,6,4,1,62,68,10,24,130,34,72,92,164
165945,6,4,1,23,24,17,16,47,33,40,40,80
165981,6,4,1,11,22,49,84,33,133,60,106,166
166018,6,4,1,36,35,0,0,71,0,36,35,71
166027,6,4,1,1966,2288,234,354,4254,588,2200,2642,4842
166133,6,4,1,48,72,121,195,120,316,169,267,436
166391,6,4,1,49,44,41,72,93,113,90,116,206
166513,6,4,1,1432,924,536,421,2356,957,1968,1345,3313
166629,6,4,1,1854,1297,445,335,3151,780,2299,1632,3931
166647,6,4,1,99,81,196,264,180,460,295,345,640
166674,6,4,1,105,288,26,45,393,71,131,333,464
166683,6,4,1,1410,1007,22,16,2417,38,1432,1023,2455
166708,6,4,1,93,196,1,10,289,11,94,206,300
166717,6,4,1,23,160,5,22,183,27,28,182,210
166823,6,4,1,77,108,159,276,185,435,236,384,620
166850,6,4,1,327,365,40,84,692,124,367,449,816
166887,6,4,1,91,101,236,397,192,633,327,498,825
166911,6,4,1,6,29,2,1,35,3,8,30,38
166939,6,4,1,2,205,5,7,207,12,7,212,219
166957,6,4,1,33,45,77,165,78,242,110,210,320
167093,6,4,1,39,173,0,0,212,0,39,173,212
167288,6,4,1,50,56,7,12,106,19,57,68,125
167312,6,4,1,63,78,147,355,141,502,210,433,643
167358,6,4,1,4253,3818,98,98,8071,196,4351,3916,8267
167376,6,4,1,48,54,148,269,102,417,196,323,519
167394,6,4,1,51,70,7,25,121,32,58,95,153
167534,6,4,1,82,144,227,338,226,565,309,482,791
167598,6,4,1,35,194,15,155,229,170,50,349,399
167729,6,4,1,412,740,114,197,1152,311,526,937,1463
167783,6,4,1,39,536,21,351,575,372,60,887,947
167835,6,4,1,6,295,1,2,301,3,7,297,304
167871,6,4,1,3,13,5,6,16,11,8,19,27
167905,6,4,1,92,99,136,266,191,402,228,365,593
167987,6,4,1,670,662,146,131,1332,277,816,793,1609
168005,6,4,1,504,728,102,150,1232,252,606,878,1484
168148,6,4,1,862,1399,93,167,2261,260,955,1566,2521
168227,6,4,1,418,115,71,6,533,77,489,121,610
168254,6,4,1,368,328,67,68,696,135,435,396,831
168342,6,4,1,154,124,0,0,278,0,154,124,278
168421,6,4,1,461,200,226,115,661,341,687,315,1002
168430,6,4,1,236,393,129,217,629,346,365,610,975
168528,6,4,1,151,91,11,9,242,20,162,100,262
168546,6,4,1,46,38,3,1,84,4,49,39,88
168591,6,4,1,42,46,7,1,88,8,49,47,96
168607,6,4,1,22,18,23,21,40,44,45,39,84
168740,6,4,1,147,158,43,47,305,90,190,205,395
168786,6,4,1,102,95,15,17,197,32,117,112,229
168847,6,4,1,62,204,76,244,266,320,138,448,586
168892,6,4,1,0,8,0,9,8,9,0,17,17
169099,6,4,1,10,4,1,0,14,1,11,4,15
169248,6,4,1,1269,1473,243,402,2742,645,1512,1875,3387
169275,6,4,1,54,90,170,322,144,492,224,412,636
169284,6,4,1,2,19,3,16,21,19,5,35,40
169424,6,4,1,11,15,0,0,26,0,11,15,26
169442,6,4,1,103,95,34,41,198,75,137,136,273
169503,6,4,1,0,51,0,0,51,0,0,51,51
169521,6,4,1,88,133,230,383,221,613,318,516,834
169576,6,4,1,0,11,0,0,11,0,0,11,11
169655,6,4,1,226,18,0,0,244,0,226,18,244
169716,6,4,1,405,590,72,103,995,175,477,693,1170
169798,6,4,1,752,993,448,667,1745,1115,1200,1660,2860
169910,6,4,1,845,914,286,276,1759,562,1131,1190,2321
169992,6,4,1,10,15,6,24,25,30,16,39,55
170000,6,4,1,42,39,5,15,81,20,47,54,101
170055,6,4,1,156,174,567,668,330,1235,723,842,1565
170082,6,4,1,1259,1889,497,590,3148,1087,1756,2479,4235
170240,6,4,1,188,264,412,583,452,995,600,847,1447
170286,6,4,1,121,50,9,7,171,16,130,57,187
170550,6,4,1,23,32,55,188,55,243,78,220,298
170587,6,4,1,14,31,22,60,45,82,36,91,127
170639,6,4,1,142,111,28,33,253,61,170,144,314
170657,6,4,1,138,156,464,535,294,999,602,691,1293
170675,6,4,1,277,98,179,62,375,241,456,160,616
170790,6,4,1,203,253,820,1014,456,1834,1023,1267,2290
170806,6,4,1,110,189,36,74,299,110,146,263,409
170976,6,4,1,4279,3981,541,390,8260,931,4820,4371,9191
171100,6,4,1,2872,2705,854,787,5577,1641,3726,3492,7218
171137,6,4,1,647,457,379,256,1104,635,1026,713,1739
171146,6,4,1,280,506,118,217,786,335,398,723,1121
171155,6,4,1,32,55,58,125,87,183,90,180,270
171225,6,4,1,19,25,50,98,44,148,69,123,192
171304,6,4,1,20,37,100,177,57,277,120,214,334
171456,6,4,1,463,526,108,98,989,206,571,624,1195
171483,6,4,1,56,48,134,119,104,253,190,167,357
171492,6,4,1,167,73,98,62,240,160,265,135,400
171571,6,4,1,1134,1466,534,580,2600,1114,1668,2046,3714
172200,6,4,1,96,94,379,466,190,845,475,560,1035
172291,6,4,1,15,53,63,94,68,157,78,147,225
172307,6,4,1,24,20,28,42,44,70,52,62,114
172334,6,4,1,72,152,9,22,224,31,81,174,255
172422,6,4,1,13,1,0,0,14,0,13,1,14
172617,6,4,1,154,144,488,641,298,1129,642,785,1427
172644,6,4,1,1477,2192,727,974,3669,1701,2204,3166,5370
172680,6,4,1,1,6,0,15,7,15,1,21,22
172699,6,4,1,1336,1234,654,619,2570,1273,1990,1853,3843
173045,6,4,1,193,190,18,26,383,44,211,216,427
173142,6,4,1,54,31,3,2,85,5,57,33,90
173160,6,4,1,97,165,44,54,262,98,141,219,360
173258,6,4,1,76,45,3,4,121,7,79,49,128
173300,6,4,1,123,91,22,24,214,46,145,115,260
173452,6,4,1,38,28,10,17,66,27,48,45,93
173647,6,4,1,106,74,20,15,180,35,126,89,215
173665,6,4,1,108,107,32,65,215,97,140,172,312
173683,6,4,1,2,5,0,5,7,5,2,10,12
173896,6,4,1,9,12,0,0,21,0,9,12,21
173902,6,4,1,86,70,17,9,156,26,103,79,182
174066,6,4,1,2734,3268,775,811,6002,1586,3509,4079,7588
174075,6,4,1,67,76,18,34,143,52,85,110,195
174127,6,4,1,46,85,0,7,131,7,46,92,138
174233,6,4,1,681,531,170,116,1212,286,851,647,1498
174251,6,4,1,53,56,10,10,109,20,63,66,129
174491,6,4,1,58,67,23,24,125,47,81,91,172
174507,6,4,1,125,173,12,54,298,66,137,227,364
174747,6,4,1,0,63,0,4,63,4,0,67,67
174792,6,4,1,118,5,24,0,123,24,142,5,147
174899,6,4,1,149,303,13,48,452,61,162,351,513
174914,6,4,1,443,459,162,142,902,304,605,601,1206
174978,6,4,1,0,21,1,3,21,4,1,24,25
175005,6,4,1,29,356,18,218,385,236,47,574,621
175014,6,4,1,48,215,32,213,263,245,80,428,508
175120,6,4,1,49,25,0,0,74,0,49,25,74
175227,6,4,1,110,25,29,8,135,37,139,33,172
175421,6,4,1,112,128,67,103,240,170,179,231,410
175430,6,4,1,64,19,4,2,83,6,68,21,89
175573,6,4,1,39,70,16,23,109,39,55,93,148
175616,6,4,1,216,254,47,95,470,142,263,349,612
175652,6,4,1,84,113,54,89,197,143,138,202,340
175786,6,4,1,150,238,90,199,388,289,240,437,677
175810,6,4,1,85,255,51,113,340,164,136,368,504
175829,6,4,1,61,102,38,93,163,131,99,195,294
175856,6,4,1,471,588,59,111,1059,170,530,699,1229
175883,6,4,1,72,155,42,113,227,155,114,268,382
175935,6,4,1,53,158,14,39,211,53,67,197,264
175980,6,4,1,35,18,3,2,53,5,38,20,58
176008,6,4,1,45,107,13,32,152,45,58,139,197
176017,6,4,1,1844,2250,342,403,4094,745,2186,2653,4839
176035,6,4,1,82,370,14,55,452,69,96,425,521
176044,6,4,1,169,154,27,20,323,47,196,174,370
176053,6,4,1,301,478,49,71,779,120,350,549,899
176080,6,4,1,1875,1497,434,388,3372,822,2309,1885,4194
176178,6,4,1,53,145,37,73,198,110,90,218,308
176239,6,4,1,115,251,41,117,366,158,156,368,524
176318,6,4,1,34,48,15,21,82,36,49,69,118
176372,6,4,1,736,1089,244,375,1825,619,980,1464,2444
176433,6,4,1,1,5,0,2,6,2,1,7,8
176451,6,4,1,0,0,3,0,0,3,3,0,3
176479,6,4,1,258,489,19,41,747,60,277,530,807
176600,6,4,1,6,2,0,3,8,3,6,5,11
176628,6,4,1,98,133,10,12,231,22,108,145,253
176947,6,4,1,90,49,2,3,139,5,92,52,144
176965,6,4,1,1010,914,467,400,1924,867,1477,1314,2791
176983,6,4,1,2,4,1,0,6,1,3,4,7
177038,6,4,1,86,112,5,5,198,10,91,117,208
177126,6,4,1,17,10,20,10,27,30,37,20,57
177135,6,4,1,38,66,52,114,104,166,90,180,270
177144,6,4,1,83,56,5,6,139,11,88,62,150
177214,6,4,1,95,92,25,26,187,51,120,118,238
177250,6,4,1,39,46,39,65,85,104,78,111,189
177302,6,4,1,41,4,0,0,45,0,41,4,45
177418,6,4,1,53,142,11,20,195,31,64,162,226
177472,6,4,1,172,197,268,334,369,602,440,531,971
177676,6,4,1,37,57,49,93,94,142,86,150,236
177685,6,4,1,3,24,0,0,27,0,3,24,27
177940,6,4,1,92,128,17,30,220,47,109,158,267
177977,6,4,1,98,20,29,4,118,33,127,24,151
177986,6,4,1,248,237,15,38,485,53,263,275,538
177995,6,4,1,210,222,364,592,432,956,574,814,1388
178059,6,4,1,303,464,158,496,767,654,461,960,1421
178217,6,4,1,24,52,10,33,76,43,34,85,119
178341,6,4,1,201,303,93,109,504,202,294,412,706
178369,6,4,1,158,92,5,9,250,14,163,101,264
178387,6,4,1,209,257,85,81,466,166,294,338,632
178396,6,4,1,2083,2104,366,502,4187,868,2449,2606,5055
178402,6,4,1,1392,1566,275,299,2958,574,1667,1865,3532
178411,6,4,1,948,323,239,74,1271,313,1187,397,1584
178420,6,4,1,619,841,271,408,1460,679,890,1249,2139
178448,6,4,1,56,78,63,122,134,185,119,200,319
178615,6,4,1,222,317,42,47,539,89,264,364,628
178624,6,4,1,467,450,193,269,917,462,660,719,1379
178679,6,4,1,43,28,28,19,71,47,71,47,118
178697,6,4,1,105,105,1,4,210,5,106,109,215
178721,6,4,1,305,315,314,236,620,550,619,551,1170
178891,6,4,1,161,14,48,3,175,51,209,17,226
178989,6,4,1,5,48,0,7,53,7,5,55,60
179043,6,4,1,155,312,34,62,467,96,189,374,563
179308,6,4,1,174,320,405,814,494,1219,579,1134,1713
179326,6,4,1,125,175,39,74,300,113,164,249,413
179344,6,4,1,13,29,12,32,42,44,25,61,86
179539,6,4,1,36,84,58,86,120,144,94,170,264
179557,6,4,1,709,709,184,169,1418,353,893,878,1771
179566,6,4,1,1310,1680,461,623,2990,1084,1771,2303,4074
179645,6,4,1,23,80,27,54,103,81,50,134,184
179715,6,4,1,13,37,3,40,50,43,16,77,93
179812,6,4,1,122,199,0,3,321,3,122,202,324
179867,6,4,1,1942,2112,237,321,4054,558,2179,2433,4612
179894,6,4,1,333,304,85,116,637,201,418,420,838
179946,6,4,1,37,17,3,1,54,4,40,18,58
180081,6,4,1,14,11,3,3,25,6,17,14,31
180106,6,4,1,91,139,6,2,230,8,97,141,238
180151,6,4,1,8,4,12,7,12,19,20,11,31
180179,6,4,1,239,318,64,158,557,222,303,476,779
180197,6,4,1,22,25,34,47,47,81,56,72,128
180249,6,4,1,15,46,10,39,61,49,25,85,110
180258,6,4,1,41,55,3,8,96,11,44,63,107
180276,6,4,1,11,16,13,37,27,50,24,53,77
180416,6,4,1,184,81,31,18,265,49,215,99,314
180461,6,4,1,1231,877,383,335,2108,718,1614,1212,2826
180522,6,4,1,67,43,21,15,110,36,88,58,146
180595,6,4,1,81,91,2,4,172,6,83,95,178
180647,6,4,1,25,48,3,10,73,13,28,58,86
180692,6,4,1,88,128,15,39,216,54,103,167,270
180814,6,4,1,505,602,241,285,1107,526,746,887,1633
180902,6,4,1,63,63,78,234,126,312,141,297,438
180948,6,4,1,131,147,27,47,278,74,158,194,352
181002,6,4,1,608,1052,69,71,1660,140,677,1123,1800
181020,6,4,1,82,65,13,51,147,64,95,116,211
181127,6,4,1,66,20,5,1,86,6,71,21,92
181145,6,4,1,2,9,0,0,11,0,2,9,11
181190,6,4,1,1,8,0,0,9,0,1,8,9
181215,6,4,1,301,421,92,203,722,295,393,624,1017
181297,6,4,1,20,182,10,71,202,81,30,253,283
181303,6,4,1,187,181,419,465,368,884,606,646,1252
181312,6,4,1,22,18,18,47,40,65,40,65,105
181330,6,4,1,106,58,17,22,164,39,123,80,203
181394,6,4,1,986,1079,387,474,2065,861,1373,1553,2926
181428,6,4,1,302,760,16,60,1062,76,318,820,1138
181446,6,4,1,71,55,14,12,126,26,85,67,152
181464,6,4,1,1605,1236,357,321,2841,678,1962,1557,3519
181491,6,4,1,54,52,105,81,106,186,159,133,292
181604,6,4,1,9,196,3,4,205,7,12,200,212
181640,6,4,1,168,151,273,330,319,603,441,481,922
181738,6,4,1,54,118,3,5,172,8,57,123,180
181783,6,4,1,215,244,47,72,459,119,262,316,578
181817,6,4,1,28,24,12,49,52,61,40,73,113
182005,6,4,1,453,521,1396,1652,974,3048,1849,2173,4022
182281,6,4,1,2319,3079,876,936,5398,1812,3195,4015,7210
182290,6,4,1,1212,1120,483,585,2332,1068,1695,1705,3400
182306,6,4,1,37,51,38,111,88,149,75,162,237
182500,6,4,1,126,166,466,509,292,975,592,675,1267
182564,6,4,1,35,30,124,114,65,238,159,144,303
182670,6,4,1,575,504,7,4,1079,11,582,508,1090
182704,6,4,1,0,6,0,3,6,3,0,9,9
182722,6,4,1,2,15,0,1,17,1,2,16,18
182829,6,4,1,82,92,3,4,174,7,85,96,181
182892,6,4,1,0,5,0,3,5,3,0,8,8
182980,6,4,1,350,179,8,9,529,17,358,188,546
183026,6,4,1,2470,3897,5171,8724,6367,13895,7641,12621,20262
183044,6,4,1,616,631,158,161,1247,319,774,792,1566
183062,6,4,1,147,100,37,27,247,64,184,127,311
183071,6,4,1,58,35,19,11,93,30,77,46,123
183080,6,4,1,236,193,49,46,429,95,285,239,524
183202,6,4,1,1,7,0,2,8,2,1,9,10
183239,6,4,1,74,67,10,5,141,15,84,72,156
183257,6,4,1,22,70,21,54,92,75,43,124,167
183275,6,4,1,13,8,0,0,21,0,13,8,21
183488,6,4,1,8,29,2,14,37,16,10,43,53
183655,6,4,1,67,89,164,259,156,423,231,348,579
183743,6,4,1,328,324,533,562,652,1095,861,886,1747
183789,6,4,1,69,157,32,86,226,118,101,243,344
183822,6,4,1,93,110,11,12,203,23,104,122,226
183859,6,4,1,162,152,321,439,314,760,483,591,1074
183910,6,4,1,125,232,17,58,357,75,142,290,432
183938,6,4,1,167,186,291,433,353,724,458,619,1077
184056,6,4,1,13,44,4,20,57,24,17,64,81
184180,6,4,1,150,96,337,301,246,638,487,397,884
184205,6,4,1,241,384,134,202,625,336,375,586,961
184427,6,4,1,20,0,15,5,20,20,35,5,40
184481,6,4,1,170,237,271,342,407,613,441,579,1020
184506,6,4,1,0,7,1,4,7,5,1,11,12
184603,6,4,1,241,297,80,103,538,183,321,400,721
184612,6,4,1,85,237,22,66,322,88,107,303,410
184694,6,4,1,221,375,41,42,596,83,262,417,679
184773,6,4,1,74,256,14,33,330,47,88,289,377
184782,6,4,1,1767,1569,450,440,3336,890,2217,2009,4226
184791,6,4,1,113,155,184,252,268,436,297,407,704
184816,6,4,1,0,9,1,4,9,5,1,13,14
184959,6,4,1,8,48,14,59,56,73,22,107,129
184995,6,4,1,206,305,223,322,511,545,429,627,1056
185262,6,4,1,978,1567,293,401,2545,694,1271,1968,3239
185396,6,4,1,145,5,51,1,150,52,196,6,202
185509,6,4,1,123,71,288,339,194,627,411,410,821
185536,6,4,1,181,216,429,479,397,908,610,695,1305
185572,6,4,1,277,414,83,110,691,193,360,524,884
185590,6,4,1,1429,2210,414,560,3639,974,1843,2770,4613
185721,6,4,1,14,32,6,22,46,28,20,54,74
185758,6,4,1,1,0,1,0,1,1,2,0,2
185828,6,4,1,2075,697,449,150,2772,599,2524,847,3371
185873,6,4,1,101,90,254,351,191,605,355,441,796
186016,6,4,1,4,42,3,43,46,46,7,85,92
186034,6,4,1,111,135,261,375,246,636,372,510,882
186131,6,4,1,1025,722,2,4,1747,6,1027,726,1753
186201,6,4,1,438,436,90,133,874,223,528,569,1097
186283,6,4,1,306,334,50,94,640,144,356,428,784
186371,6,4,1,498,684,113,149,1182,262,611,833,1444
186380,6,4,1,4426,4567,537,763,8993,1300,4963,5330,10293
186399,6,4,1,975,971,255,257,1946,512,1230,1228,2458
186405,6,4,1,0,2,0,0,2,0,0,2,2
186432,6,4,1,385,325,34,35,710,69,419,360,779
186469,6,4,1,35,20,16,38,55,54,51,58,109
186584,6,4,1,465,765,113,221,1230,334,578,986,1564
186618,6,4,1,55,134,8,21,189,29,63,155,218
186645,6,4,1,142,95,271,246,237,517,413,341,754
186867,6,4,1,1779,617,160,75,2396,235,1939,692,2631
186876,6,4,1,795,1161,113,157,1956,270,908,1318,2226
187046,6,4,1,1,12,359,278,13,637,360,290,650
187134,6,4,1,466,583,64,82,1049,146,530,665,1195
187198,6,4,1,173,198,237,475,371,712,410,673,1083
187444,6,4,1,642,866,192,306,1508,498,834,1172,2006
187532,6,4,1,203,309,674,1179,512,1853,877,1488,2365
187620,6,4,1,112,170,155,285,282,440,267,455,722
187639,6,4,1,19,50,45,115,69,160,64,165,229
187648,6,4,1,195,317,83,149,512,232,278,466,744
187897,6,4,1,126,148,37,62,274,99,163,210,373
187912,6,4,1,6,0,0,0,6,0,6,0,6
187958,6,4,1,13,21,60,81,34,141,73,102,175
187967,6,4,1,176,56,28,24,232,52,204,80,284
187976,6,4,1,2,3,75,61,5,136,77,64,141
187985,6,4,1,1083,1361,555,631,2444,1186,1638,1992,3630
187994,6,4,1,11,18,42,52,29,94,53,70,123
188003,6,4,1,6,15,29,81,21,110,35,96,131
188021,6,4,1,5,13,16,44,18,60,21,57,78
188030,6,4,1,876,1034,313,374,1910,687,1189,1408,2597
188049,6,4,1,8,14,65,92,22,157,73,106,179
188100,6,4,1,85,127,97,265,212,362,182,392,574
188137,6,4,1,24,57,69,113,81,182,93,170,263
188207,6,4,1,0,15,0,6,15,6,0,21,21
188225,6,4,1,7,4,31,59,11,90,38,63,101
188261,6,4,1,6,3,25,5,9,30,31,8,39
188340,6,4,1,149,25,57,5,174,62,206,30,236
188429,6,4,1,296,659,77,189,955,266,373,848,1221
188438,6,4,1,41,47,49,66,88,115,90,113,203
188517,6,4,1,26,20,2,5,46,7,28,25,53
188641,6,4,1,81,108,17,22,189,39,98,130,228
188854,6,4,1,50,133,0,0,183,0,50,133,183
189219,6,4,1,21,1,0,0,22,0,21,1,22
189228,6,4,1,71,144,27,65,215,92,98,209,307
189282,6,4,1,9,83,3,32,92,35,12,115,127
189547,6,4,1,89,135,60,115,224,175,149,250,399
189565,6,4,1,28,47,3,12,75,15,31,59,90
189583,6,4,1,23,58,20,28,81,48,43,86,129
189592,6,4,1,14,26,1,11,40,12,15,37,52
189705,6,4,1,183,142,42,41,325,83,225,183,408
189839,6,4,1,24,41,24,72,65,96,48,113,161
190044,6,4,1,306,165,46,24,471,70,352,189,541
190053,6,4,1,12,10,8,17,22,25,20,27,47
190071,6,4,1,0,2,1,4,2,5,1,6,7
190099,6,4,1,115,49,5,3,164,8,120,52,172
190169,6,4,1,13,22,19,40,35,59,32,62,94
190239,6,4,1,0,12,2,6,12,8,2,18,20
190372,6,4,1,78,62,13,1,140,14,91,63,154
190415,6,4,1,2219,2483,44,57,4702,101,2263,2540,4803
190424,6,4,1,135,258,1,1,393,2,136,259,395
190442,6,4,1,36,37,23,36,73,59,59,73,132
190503,6,4,1,235,163,9,4,398,13,244,167,411
190761,6,4,1,131,211,6,24,342,30,137,235,372
190840,6,4,1,82,88,107,145,170,252,189,233,422
191083,6,4,1,280,293,159,217,573,376,439,510,949
191126,6,4,1,245,946,77,188,1191,265,322,1134,1456
191199,6,4,1,86,74,78,109,160,187,164,183,347
191205,6,4,1,50,22,6,3,72,9,56,25,81
191241,6,4,1,760,967,160,381,1727,541,920,1348,2268
191302,6,4,1,27,34,20,36,61,56,47,70,117
191311,6,4,1,20,30,0,0,50,0,20,30,50
191339,6,4,1,37,68,47,77,105,124,84,145,229
191515,6,4,1,103,51,1,0,154,1,104,51,155
191533,6,4,1,26,33,2,2,59,4,28,35,63
191597,6,4,1,7,22,5,14,29,19,12,36,48
191612,6,4,1,35,44,14,21,79,35,49,65,114
191649,6,4,1,738,1125,107,200,1863,307,845,1325,2170
191676,6,4,1,41,50,11,8,91,19,52,58,110
191719,6,4,1,187,221,174,299,408,473,361,520,881
191940,6,4,1,1,25,0,0,26,0,1,25,26
191986,6,4,1,52,52,24,47,104,71,76,99,175
192022,6,4,1,38,55,20,39,93,59,58,94,152
192192,6,4,1,25,93,17,35,118,52,42,128,170
192271,6,4,1,31,256,3,51,287,54,34,307,341
192323,6,4,1,150,178,40,102,328,142,190,280,470
192448,6,4,1,483,1420,89,254,1903,343,572,1674,2246
192703,6,4,1,281,165,60,13,446,73,341,178,519
192712,6,4,1,174,194,3,6,368,9,177,200,377
192749,6,4,1,119,151,46,112,270,158,165,263,428
192785,6,4,1,4,34,7,69,38,76,11,103,114
192819,6,4,1,323,305,63,80,628,143,386,385,771
193016,6,4,1,285,826,64,206,1111,270,349,1032,1381
193283,6,4,1,110,88,51,79,198,130,161,167,328
193292,6,4,1,135,377,89,262,512,351,224,639,863
193326,6,4,1,214,259,246,364,473,610,460,623,1083
193380,6,4,1,0,0,2,11,0,13,2,11,13
193399,6,4,1,70,231,14,65,301,79,84,296,380
193478,6,4,1,318,322,436,578,640,1014,754,900,1654
193584,6,4,1,110,257,16,85,367,101,126,342,468
193654,6,4,1,551,1574,62,158,2125,220,613,1732,2345
193830,6,4,1,149,261,3,21,410,24,152,282,434
193858,6,4,1,6,79,0,0,85,0,6,79,85
193900,6,4,1,5580,7697,694,892,13277,1586,6274,8589,14863
193946,6,4,1,75,114,33,83,189,116,108,197,305
193973,6,4,1,214,382,19,54,596,73,233,436,669
193991,6,4,1,0,10,1,1,10,2,1,11,12
194028,6,4,1,12,31,5,17,43,22,17,48,65
194091,6,4,1,745,719,111,75,1464,186,856,794,1650
194116,6,4,1,9,78,3,40,87,43,12,118,130
194222,6,4,1,92,90,87,124,182,211,179,214,393
194240,6,4,1,58,77,99,184,135,283,157,261,418
194310,6,4,1,958,1403,181,330,2361,511,1139,1733,2872
194392,6,4,1,63,24,4,0,87,4,67,24,91
194578,6,4,1,345,913,7,37,1258,44,352,950,1302
194824,6,4,1,618,270,30,4,888,34,648,274,922
195003,6,4,1,1994,919,139,76,2913,215,2133,995,3128
195058,6,4,1,99,103,112,165,202,277,211,268,479
195067,6,4,1,1,40,0,19,41,19,1,59,60
195128,6,4,1,72,244,19,112,316,131,91,356,447
195155,6,4,1,1,1,10,15,2,25,11,16,27
195164,6,4,1,106,92,51,70,198,121,157,162,319
195216,6,4,1,127,85,7,3,212,10,134,88,222
195234,6,4,1,130,270,30,61,400,91,160,331,491
195243,6,4,1,90,96,29,35,186,64,119,131,250
195322,6,4,1,29,45,34,57,74,91,63,102,165
195474,6,4,1,113,84,30,18,197,48,143,102,245
195526,6,4,1,128,83,5,4,211,9,133,87,220
195544,6,4,1,146,359,72,169,505,241,218,528,746
195702,6,4,1,1,9,1,6,10,7,2,15,17
195720,6,4,1,179,225,38,51,404,89,217,276,493
195988,6,4,1,32,17,13,33,49,46,45,50,95
196006,6,4,1,190,108,24,33,298,57,214,141,355
196015,6,4,1,200,185,30,56,385,86,230,241,471
196024,6,4,1,108,107,19,48,215,67,127,155,282
196033,6,4,1,79,112,15,21,191,36,94,133,227
196042,6,4,1,759,471,335,228,1230,563,1094,699,1793
196051,6,4,1,112,69,19,37,181,56,131,106,237
196060,6,4,1,979,1035,202,373,2014,575,1181,1408,2589
196079,6,4,1,1287,932,131,115,2219,246,1418,1047,2465
196088,6,4,1,3228,2677,726,744,5905,1470,3954,3421,7375
196097,6,4,1,2027,1994,406,392,4021,798,2433,2386,4819
196103,6,4,1,101,95,34,42,196,76,135,137,272
196112,6,4,1,237,104,66,53,341,119,303,157,460
196121,6,4,1,359,425,152,273,784,425,511,698,1209
196130,6,4,1,392,499,128,230,891,358,520,729,1249
196149,6,4,1,356,325,70,205,681,275,426,530,956
196158,6,4,1,222,240,26,63,462,89,248,303,551
196167,6,4,1,150,148,39,44,298,83,189,192,381
196176,6,4,1,382,575,108,202,957,310,490,777,1267
196185,6,4,1,176,255,53,168,431,221,229,423,652
196194,6,4,1,396,340,100,103,736,203,496,443,939
196200,6,4,1,158,188,23,65,346,88,181,253,434
196219,6,4,1,193,173,37,52,366,89,230,225,455
196246,6,4,1,229,284,47,64,513,111,276,348,624
196255,6,4,1,186,381,10,31,567,41,196,412,608
196264,6,4,1,169,362,305,368,531,673,474,730,1204
196291,6,4,1,154,22,41,5,176,46,195,27,222
196307,6,4,1,156,274,2,12,430,14,158,286,444
196413,6,4,1,1535,1448,145,185,2983,330,1680,1633,3313
196468,6,4,1,180,1148,33,139,1328,172,213,1287,1500
196565,6,4,1,52,39,30,56,91,86,82,95,177
196653,6,4,1,2,48,10,84,50,94,12,132,144
196699,6,4,1,39,47,35,49,86,84,74,96,170
196884,6,4,1,7,17,3,0,24,3,10,17,27
197036,6,4,1,582,106,0,0,688,0,582,106,688
197045,6,4,1,182,314,72,156,496,228,254,470,724
197285,6,4,1,22,58,5,8,80,13,27,66,93
197294,6,4,1,234,211,373,389,445,762,607,600,1207
197337,6,4,1,0,8,0,0,8,0,0,8,8
197708,6,4,1,516,712,48,70,1228,118,564,782,1346
197814,6,4,1,12,39,34,92,51,126,46,131,177
197850,6,4,1,19,31,47,144,50,191,66,175,241
197869,6,4,1,1256,1108,261,309,2364,570,1517,1417,2934
197887,6,4,1,83,101,143,319,184,462,226,420,646
197911,6,4,1,83,62,4,8,145,12,87,70,157
197966,6,4,1,7,30,27,72,37,99,34,102,136
197993,6,4,1,0,31,0,5,31,5,0,36,36
198066,6,4,1,82,29,8,5,111,13,90,34,124
198109,6,4,1,2,29,4,65,31,69,6,94,100
198118,6,4,1,50,61,79,146,111,225,129,207,336
198136,6,4,1,461,637,78,78,1098,156,539,715,1254
198154,6,4,1,157,183,591,583,340,1174,748,766,1514
198206,6,4,1,22,40,24,62,62,86,46,102,148
198260,6,4,1,380,470,668,833,850,1501,1048,1303,2351
198303,6,4,1,102,48,19,7,150,26,121,55,176
198330,6,4,1,82,149,146,174,231,320,228,323,551
198367,6,4,1,38,54,74,138,92,212,112,192,304
198385,6,4,1,69,55,0,0,124,0,69,55,124
198455,6,4,1,41,37,159,273,78,432,200,310,510
198464,6,4,1,1643,1876,465,654,3519,1119,2108,2530,4638
198507,6,4,1,155,141,19,36,296,55,174,177,351
198516,6,4,1,415,531,49,26,946,75,464,557,1021
198534,6,4,1,176,346,324,538,522,862,500,884,1384
198543,6,4,1,231,426,95,152,657,247,326,578,904
198552,6,4,1,98,152,251,513,250,764,349,665,1014
198570,6,4,1,41,67,98,214,108,312,139,281,420
198598,6,4,1,142,68,11,11,210,22,153,79,232
198622,6,4,1,216,256,285,475,472,760,501,731,1232
198668,6,4,1,20,19,15,49,39,64,35,68,103
198710,6,4,1,14,27,38,75,41,113,52,102,154
198756,6,4,1,92,82,3,9,174,12,95,91,186
198808,6,4,1,30,53,1,7,83,8,31,60,91
198817,6,4,1,17,36,34,87,53,121,51,123,174
198835,6,4,1,246,370,13,40,616,53,259,410,669
198862,6,4,1,85,70,4,6,155,10,89,76,165
198899,6,4,1,74,45,0,15,119,15,74,60,134
198905,6,4,1,6,20,13,24,26,37,19,44,63
198950,6,4,1,3,146,4,63,149,67,7,209,216
198969,6,4,1,130,173,9,29,303,38,139,202,341
198987,6,4,1,38,39,66,98,77,164,104,137,241
199087,6,4,1,24,42,45,94,66,139,69,136,205
199102,6,4,1,642,767,186,220,1409,406,828,987,1815
199111,6,4,1,171,191,59,43,362,102,230,234,464
199120,6,4,1,1454,2429,195,288,3883,483,1649,2717,4366
199139,6,4,1,2264,1904,778,763,4168,1541,3042,2667,5709
199148,6,4,1,916,1571,265,485,2487,750,1181,2056,3237
199157,6,4,1,368,744,58,154,1112,212,426,898,1324
199184,6,4,1,82,84,2,7,166,9,84,91,175
199193,6,4,1,2704,2107,658,508,4811,1166,3362,2615,5977
199218,6,4,1,854,1135,213,468,1989,681,1067,1603,2670
199272,6,4,1,52,23,11,9,75,20,63,32,95
199281,6,4,1,360,558,168,252,918,420,528,810,1338
199324,6,4,1,4,6,33,50,10,83,37,56,93
199412,6,4,1,88,122,37,56,210,93,125,178,303
199494,6,4,1,64,103,126,285,167,411,190,388,578
199607,6,4,1,0,42,0,9,42,9,0,51,51
199625,6,4,1,12,34,21,60,46,81,33,94,127
199689,6,4,1,0,29,0,9,29,9,0,38,38
199731,6,4,1,22,40,53,104,62,157,75,144,219
199740,6,4,1,14,29,36,123,43,159,50,152,202
199759,6,4,1,151,64,104,59,215,163,255,123,378
199768,6,4,1,26,41,45,81,67,126,71,122,193
199795,6,4,1,5,9,12,18,14,30,17,27,44
199856,6,4,1,366,363,863,1076,729,1939,1229,1439,2668
199865,6,4,1,38,70,0,1,108,1,38,71,109
199883,6,4,1,6,29,0,0,35,0,6,29,35
199908,6,4,1,23,31,38,68,54,106,61,99,160
199926,6,4,1,22,28,25,68,50,93,47,96,143
199971,6,4,1,11,6,0,0,17,0,11,6,17
199999,6,4,1,195,425,45,84,620,129,240,509,749
200004,6,4,1,637,730,170,213,1367,383,807,943,1750
200013,6,4,1,6,45,6,23,51,29,12,68,80
200022,6,4,1,78,52,68,51,130,119,146,103,249
200059,6,4,1,87,81,30,33,168,63,117,114,231
200086,6,4,1,4,12,1,3,16,4,5,15,20
200192,6,4,1,9,14,38,47,23,85,47,61,108
200217,6,4,1,215,311,56,64,526,120,271,375,646
200280,6,4,1,824,837,635,381,1661,1016,1459,1218,2677
200305,6,4,1,63,33,19,22,96,41,82,55,137
200314,6,4,1,10,20,14,19,30,33,24,39,63
200332,6,4,1,818,721,238,241,1539,479,1056,962,2018
200527,6,4,1,16,28,2,2,44,4,18,30,48
200554,6,4,1,33,45,0,3,78,3,33,48,81
200572,6,4,1,64,76,21,32,140,53,85,108,193
200590,6,4,1,2,13,1,1,15,2,3,14,17
200697,6,4,1,134,35,39,17,169,56,173,52,225
200800,6,4,1,1269,1071,271,225,2340,496,1540,1296,2836
200846,6,4,1,40,61,16,16,101,32,56,77,133
201061,6,4,1,17,17,0,3,34,3,17,20,37
201177,6,4,1,3,25,1,24,28,25,4,49,53
201195,6,4,1,169,232,26,21,401,47,195,253,448
201283,6,4,1,12,16,12,28,28,40,24,44,68
201432,6,4,1,25,36,13,23,61,36,38,59,97
201441,6,4,1,898,994,205,250,1892,455,1103,1244,2347
201469,6,4,1,10,72,2,19,82,21,12,91,103
201548,6,4,1,172,260,17,18,432,35,189,278,467
201645,6,4,1,1104,1202,116,131,2306,247,1220,1333,2553
201654,6,4,1,228,173,36,32,401,68,264,205,469
201821,6,4,1,13,148,4,35,161,39,17,183,200
201885,6,4,1,3393,2870,729,1031,6263,1760,4122,3901,8023
201946,6,4,1,52,53,459,461,105,920,511,514,1025
201955,6,4,1,111,136,308,339,247,647,419,475,894
201964,6,4,1,50,48,7,15,98,22,57,63,120
202046,6,4,1,21,33,7,1,54,8,28,34,62
202170,6,4,1,69,87,0,6,156,6,69,93,162
202222,6,4,1,338,328,1181,1322,666,2503,1519,1650,3169
202356,6,4,1,249,297,536,882,546,1418,785,1179,1964
202453,6,4,1,10,1,0,0,11,0,10,1,11
202480,6,4,1,1194,725,120,112,1919,232,1314,837,2151
202523,6,4,1,87,56,3,2,143,5,90,58,148
202648,6,4,1,22,18,36,92,40,128,58,110,168
202763,6,4,1,222,350,18,54,572,72,240,404,644
203067,6,4,1,4,4,0,1,8,1,4,5,9
203085,6,4,1,136,109,10,10,245,20,146,119,265
203128,6,4,1,35,35,11,11,70,22,46,46,92
203155,6,4,1,75,72,18,45,147,63,93,117,210
203289,6,4,1,5,1,0,0,6,0,5,1,6
203368,6,4,1,154,147,54,42,301,96,208,189,397
203447,6,4,1,6,11,101,121,17,222,107,132,239
203456,6,4,1,0,0,51,80,0,131,51,80,131
203465,6,4,1,78,97,193,255,175,448,271,352,623
203474,6,4,1,21,26,119,120,47,239,140,146,286
203483,6,4,1,26,22,112,154,48,266,138,176,314
203492,6,4,1,8,38,48,99,46,147,56,137,193
203517,6,4,1,1387,1851,436,666,3238,1102,1823,2517,4340
203526,6,4,1,8,13,95,143,21,238,103,156,259
203544,6,4,1,27,173,9,34,200,43,36,207,243
203580,6,4,1,67,61,23,14,128,37,90,75,165
203599,6,4,1,40,62,173,228,102,401,213,290,503
203678,6,4,1,12,32,38,133,44,171,50,165,215
203720,6,4,1,12,3,1,2,15,3,13,5,18
203748,6,4,1,80,125,203,386,205,589,283,511,794
203757,6,4,1,59,42,5,11,101,16,64,53,117
203775,6,4,1,49,61,6,21,110,27,55,82,137
203845,6,4,1,55,68,18,11,123,29,73,79,152
203881,6,4,1,13,24,45,73,37,118,58,97,155
203960,6,4,1,7,94,17,107,101,124,24,201,225
204006,6,4,1,148,122,70,51,270,121,218,173,391
204015,6,4,1,74,66,37,34,140,71,111,100,211
204024,6,4,1,949,678,114,169,1627,283,1063,847,1910
204194,6,4,1,96,91,12,22,187,34,108,113,221
204200,6,4,1,93,133,16,31,226,47,109,164,273
204255,6,4,1,18,21,25,28,39,53,43,49,92
204422,6,4,1,18,29,43,67,47,110,61,96,157
204468,6,4,1,127,93,23,40,220,63,150,133,283
204477,6,4,1,206,278,2,3,484,5,208,281,489
204617,6,4,1,100,112,20,27,212,47,120,139,259
204635,6,4,1,258,284,13,12,542,25,271,296,567
204662,6,4,1,3,6,5,2,9,7,8,8,16
204671,6,4,1,37,33,10,12,70,22,47,45,92
204680,6,4,1,30,40,7,15,70,22,37,55,92
204699,6,4,1,38,37,19,11,75,30,57,48,105
204705,6,4,1,53,71,34,22,124,56,87,93,180
204796,6,4,1,4541,4448,791,731,8989,1522,5332,5179,10511
204802,6,4,1,14,32,92,111,46,203,106,143,249
204820,6,4,1,43,84,129,155,127,284,172,239,411
204839,6,4,1,29,37,106,190,66,296,135,227,362
204848,6,4,1,40,74,144,169,114,313,184,243,427
204857,6,4,1,1652,1870,299,529,3522,828,1951,2399,4350
204866,6,4,1,23,46,105,155,69,260,128,201,329
204909,6,4,1,67,52,5,5,119,10,72,57,129
204936,6,4,1,105,103,38,29,208,67,143,132,275
204945,6,4,1,129,129,499,408,258,907,628,537,1165
205090,6,4,1,1,1,0,13,2,13,1,14,15
205443,6,4,1,170,182,56,47,352,103,226,229,455
205470,6,4,1,221,183,641,864,404,1505,862,1047,1909
205841,6,4,1,142,122,301,395,264,696,443,517,960
205966,6,4,1,16,28,26,57,44,83,42,85,127
206011,6,4,1,30,26,92,45,56,137,122,71,193
206279,6,4,1,4,10,6,17,14,23,10,27,37
206321,6,4,1,0,7,1,1,7,2,1,8,9
206349,6,4,1,8,101,2,44,109,46,10,145,155
206507,6,4,1,64,66,9,9,130,18,73,75,148
206525,6,4,1,43,36,12,14,79,26,55,50,105
206589,6,4,1,89,56,2,3,145,5,91,59,150
206604,6,4,1,701,746,466,457,1447,923,1167,1203,2370
206613,6,4,1,29,52,39,28,81,67,68,80,148
206622,6,4,1,259,311,75,138,570,213,334,449,783
206695,6,4,1,886,866,177,219,1752,396,1063,1085,2148
206862,6,4,1,110,102,14,14,212,28,124,116,240
206914,6,4,1,143,226,60,90,369,150,203,316,519
206923,6,4,1,18,52,16,68,70,84,34,120,154
206996,6,4,1,22,47,14,67,69,81,36,114,150
207041,6,4,1,219,300,37,67,519,104,256,367,623
207050,6,4,1,15,32,7,45,47,52,22,77,99
207069,6,4,1,14,18,14,49,32,63,28,67,95
207102,6,4,1,3,15,0,0,18,0,3,15,18
207209,6,4,1,106,136,22,24,242,46,128,160,288
207236,6,4,1,26,44,19,104,70,123,45,148,193
207263,6,4,1,372,629,142,244,1001,386,514,873,1387
207281,6,4,1,36,52,88,114,88,202,124,166,290
207290,6,4,1,42,59,19,48,101,67,61,107,168
207306,6,4,1,139,125,20,40,264,60,159,165,324
207315,6,4,1,117,209,6,33,326,39,123,242,365
207324,6,4,1,279,196,45,35,475,80,324,231,555
207342,6,4,1,283,870,9,53,1153,62,292,923,1215
207351,6,4,1,87,93,16,29,180,45,103,122,225
207388,6,4,1,2302,2027,505,466,4329,971,2807,2493,5300
207500,6,4,1,1991,1676,517,478,3667,995,2508,2154,4662
207564,6,4,1,118,34,71,42,152,113,189,76,265
207582,6,4,1,276,320,62,70,596,132,338,390,728
207661,6,4,1,170,235,64,77,405,141,234,312,546
207670,6,4,1,83,129,126,306,212,432,209,435,644
207740,6,4,1,20,32,8,57,52,65,28,89,117
207847,6,4,1,271,288,117,144,559,261,388,432,820
207865,6,4,1,390,465,71,95,855,166,461,560,1021
207935,6,4,1,185,218,436,876,403,1312,621,1094,1715
207962,6,4,1,80,11,0,0,91,0,80,11,91
207971,6,4,1,385,340,57,38,725,95,442,378,820
208035,6,4,1,14,18,7,49,32,56,21,67,88
208275,6,4,1,15,17,39,39,32,78,54,56,110
208318,6,4,1,75,79,127,135,154,262,202,214,416
208390,6,4,1,129,165,330,319,294,649,459,484,943
208406,6,4,1,56,83,223,152,139,375,279,235,514
208415,6,4,1,6,8,19,20,14,39,25,28,53
208646,6,4,1,159,158,73,107,317,180,232,265,497
208822,6,4,1,153,242,31,50,395,81,184,292,476
209038,6,4,1,147,159,256,242,306,498,403,401,804
209074,6,4,1,124,90,176,194,214,370,300,284,584
209250,6,4,1,93,115,379,183,208,562,472,298,770
209490,6,4,1,125,329,15,75,454,90,140,404,544
209506,6,4,1,213,192,99,95,405,194,312,287,599
209542,6,4,1,2356,1843,983,910,4199,1893,3339,2753,6092
209551,6,4,1,1398,1301,247,215,2699,462,1645,1516,3161
209603,6,4,1,19,73,2,1,92,3,21,74,95
209612,6,4,1,172,498,18,28,670,46,190,526,716
209746,6,4,1,358,468,689,903,826,1592,1047,1371,2418
209807,6,4,1,1464,1909,425,504,3373,929,1889,2413,4302
209825,6,4,1,120,119,34,59,239,93,154,178,332
209922,6,4,1,55,59,2,3,114,5,57,62,119
210234,6,4,1,35,28,35,39,63,74,70,67,137
210270,6,4,1,21,29,35,102,50,137,56,131,187
210401,6,4,1,118,124,4,5,242,9,122,129,251
210429,6,4,1,243,385,60,105,628,165,303,490,793
210605,6,4,1,201,245,571,605,446,1176,772,850,1622
210739,6,4,1,117,247,23,41,364,64,140,288,428
210775,6,4,1,145,204,12,55,349,67,157,259,416
211088,6,4,1,110,301,36,62,411,98,146,363,509
211130,6,4,1,1,0,1,1,1,2,2,1,3
211291,6,4,1,104,53,1,2,157,3,105,55,160
211307,6,4,1,97,82,290,414,179,704,387,496,883
211316,6,4,1,0,7,0,9,7,9,0,16,16
211343,6,4,1,42,48,63,85,90,148,105,133,238
211352,6,4,1,85,98,19,46,183,65,104,144,248
211431,6,4,1,44,250,18,109,294,127,62,359,421
211440,6,4,1,2596,1820,105,79,4416,184,2701,1899,4600
211556,6,4,1,122,372,18,58,494,76,140,430,570
211583,6,4,1,74,124,23,37,198,60,97,161,258
211608,6,4,1,23,29,3,7,52,10,26,36,62
211927,6,4,1,114,111,327,526,225,853,441,637,1078
212045,6,4,1,14,33,0,0,47,0,14,33,47
212054,6,4,1,2369,2240,253,340,4609,593,2622,2580,5202
212106,6,4,1,602,1039,48,46,1641,94,650,1085,1735
212115,6,4,1,385,418,84,88,803,172,469,506,975
212133,6,4,1,94,156,111,166,250,277,205,322,527
212197,6,4,1,72,148,9,8,220,17,81,156,237
212230,6,4,1,1,7,0,1,8,1,1,8,9
212267,6,4,1,0,6,0,4,6,4,0,10,10
212276,6,4,1,1,9,0,5,10,5,1,14,15
212294,6,4,1,0,4,0,4,4,4,0,8,8
212300,6,4,1,0,9,0,1,9,1,0,10,10
212328,6,4,1,3,9,0,10,12,10,3,19,22
212337,6,4,1,1,8,0,9,9,9,1,17,18
212355,6,4,1,0,19,0,7,19,7,0,26,26
212382,6,4,1,0,12,0,11,12,11,0,23,23
212391,6,4,1,1,2,0,3,3,3,1,5,6
212601,6,4,1,461,528,31,41,989,72,492,569,1061
212674,6,4,1,92,52,9,10,144,19,101,62,163
212753,6,4,1,0,8,0,12,8,12,0,20,20
212771,6,4,1,0,0,0,9,0,9,0,9,9
212805,6,4,1,86,36,9,4,122,13,95,40,135
212869,6,4,1,14,55,9,43,69,52,23,98,121
212878,6,4,1,171,230,367,802,401,1169,538,1032,1570
212975,6,4,1,27,10,0,0,37,0,27,10,37
212984,6,4,1,79,289,30,100,368,130,109,389,498
213011,6,4,1,48,132,15,61,180,76,63,193,256
213020,6,4,1,477,604,127,156,1081,283,604,760,1364
213181,6,4,1,2,28,0,5,30,5,2,33,35
213251,6,4,1,43,32,2,6,75,8,45,38,83
213321,6,4,1,115,106,23,29,221,52,138,135,273
213349,6,4,1,442,442,106,163,884,269,548,605,1153
213367,6,4,1,139,215,56,113,354,169,195,328,523
213376,6,4,1,93,123,25,50,216,75,118,173,291
213385,6,4,1,124,53,7,4,177,11,131,57,188
213507,6,4,1,126,188,18,38,314,56,144,226,370
213525,6,4,1,80,94,171,323,174,494,251,417,668
213570,6,4,1,10,76,0,0,86,0,10,76,86
213589,6,4,1,34,6,5,0,40,5,39,6,45
213598,6,4,1,123,129,9,15,252,24,132,144,276
213659,6,4,1,59,82,89,186,141,275,148,268,416
213668,6,4,1,53,34,0,0,87,0,53,34,87
213774,6,4,1,12,43,5,19,55,24,17,62,79
213987,6,4,1,204,208,20,35,412,55,224,243,467
213996,6,4,1,106,171,42,45,277,87,148,216,364
214041,6,4,1,333,384,179,281,717,460,512,665,1177
214111,6,4,1,126,129,390,575,255,965,516,704,1220
214148,6,4,1,1,36,0,5,37,5,1,41,42
214157,6,4,1,99,232,22,49,331,71,121,281,402
214175,6,4,1,75,71,9,4,146,13,84,75,159
214272,6,4,1,105,136,37,68,241,105,142,204,346
214379,6,4,1,157,186,287,468,343,755,444,654,1098
214564,6,4,1,78,390,1,12,468,13,79,402,481
214591,6,4,1,119,47,39,16,166,55,158,63,221
214607,6,4,1,29,10,19,13,39,32,48,23,71
214625,6,4,1,18,3,10,11,21,21,28,14,42
214634,6,4,1,4,13,4,10,17,14,8,23,31
214643,6,4,1,18,5,1,0,23,1,19,5,24
214652,6,4,1,25,34,3,3,59,6,28,37,65
214670,6,4,1,44,22,11,6,66,17,55,28,83
214689,6,4,1,45,40,8,7,85,15,53,47,100
214698,6,4,1,16,7,4,3,23,7,20,10,30
214704,6,4,1,77,31,21,10,108,31,98,41,139
214713,6,4,1,233,137,66,48,370,114,299,185,484
214731,6,4,1,25,16,11,6,41,17,36,22,58
214740,6,4,1,4,2,2,2,6,4,6,4,10
214759,6,4,1,11,10,3,0,21,3,14,10,24
214768,6,4,1,8,15,1,1,23,2,9,16,25
214777,6,4,1,2152,1667,192,112,3819,304,2344,1779,4123
214786,6,4,1,11,13,4,1,24,5,15,14,29
214795,6,4,1,15,11,5,8,26,13,20,19,39
214801,6,4,1,126,63,38,31,189,69,164,94,258
214810,6,4,1,8,12,1,4,20,5,9,16,25
214829,6,4,1,22,9,12,7,31,19,34,16,50
214883,6,4,1,10,15,10,24,25,34,20,39,59
215053,6,4,1,10,23,0,2,33,2,10,25,35
215062,6,4,1,2280,3238,337,482,5518,819,2617,3720,6337
215105,6,4,1,88,110,9,12,198,21,97,122,219
215123,6,4,1,236,540,4,34,776,38,240,574,814
215239,6,4,1,168,308,439,912,476,1351,607,1220,1827
215266,6,4,1,62,47,9,10,109,19,71,57,128
215275,6,4,1,86,74,12,10,160,22,98,84,182
215284,6,4,1,169,102,17,10,271,27,186,112,298
215293,6,4,1,2063,2611,274,272,4674,546,2337,2883,5220
215309,6,4,1,0,0,0,2,0,2,0,2,2
215381,6,4,1,80,4,0,0,84,0,80,4,84
215424,6,4,1,5,3,1,0,8,1,6,3,9
215442,6,4,1,157,170,35,62,327,97,192,232,424
215479,6,4,1,1,15,0,0,16,0,1,15,16
215585,6,4,1,40,54,123,280,94,403,163,334,497
215655,6,4,1,277,105,59,49,382,108,336,154,490
215743,6,4,1,105,168,20,36,273,56,125,204,329
215798,6,4,1,65,46,26,28,111,54,91,74,165
215929,6,4,1,487,682,54,89,1169,143,541,771,1312
216010,6,4,1,315,299,89,130,614,219,404,429,833
216038,6,4,1,553,629,108,156,1182,264,661,785,1446
216339,6,4,1,2503,2948,478,530,5451,1008,2981,3478,6459
216357,6,4,1,55,71,3,4,126,7,58,75,133
216366,6,4,1,476,1356,52,192,1832,244,528,1548,2076
216454,6,4,1,4,0,0,0,4,0,4,0,4
216524,6,4,1,65,38,4,4,103,8,69,42,111
216542,6,4,1,33,25,14,14,58,28,47,39,86
216579,6,4,1,1,19,0,0,20,0,1,19,20
216597,6,4,1,441,533,137,149,974,286,578,682,1260
216667,6,4,1,43,27,8,1,70,9,51,28,79
216694,6,4,1,84,109,28,17,193,45,112,126,238
216746,6,4,1,4,1,0,0,5,0,4,1,5
216764,6,4,1,1003,1102,315,465,2105,780,1318,1567,2885
216825,6,4,1,53,76,78,199,129,277,131,275,406
216852,6,4,1,366,610,41,109,976,150,407,719,1126
216931,6,4,1,215,255,38,105,470,143,253,360,613
216940,6,4,1,3,0,0,0,3,0,3,0,3
217013,6,4,1,23,52,13,55,75,68,36,107,143
217059,6,4,1,163,192,58,55,355,113,221,247,468
217156,6,4,1,920,936,56,94,1856,150,976,1030,2006
217165,6,4,1,207,90,25,10,297,35,232,100,332
217235,6,4,1,253,343,56,69,596,125,309,412,721
217305,6,4,1,134,110,20,17,244,37,154,127,281
217323,6,4,1,26,3,0,0,29,0,26,3,29
217402,6,4,1,191,154,24,38,345,62,215,192,407
217420,6,4,1,272,573,113,288,845,401,385,861,1246
217493,6,4,1,189,357,0,0,546,0,189,357,546
217518,6,4,1,188,187,27,21,375,48,215,208,423
217536,6,4,1,159,151,25,40,310,65,184,191,375
217581,6,4,1,1,18,0,8,19,8,1,26,27
217633,6,4,1,158,234,15,23,392,38,173,257,430
217688,6,4,1,148,257,60,67,405,127,208,324,532
217712,6,4,1,15,25,47,142,40,189,62,167,229
217721,6,4,1,219,258,5,4,477,9,224,262,486
217749,6,4,1,173,136,37,62,309,99,210,198,408
217819,6,4,1,490,642,129,166,1132,295,619,808,1427
217864,6,4,1,243,78,93,84,321,177,336,162,498
217873,6,4,1,189,364,10,16,553,26,199,380,579
217882,6,4,1,2407,1482,298,316,3889,614,2705,1798,4503
217891,6,4,1,19,18,1,1,37,2,20,19,39
217907,6,4,1,42,58,15,10,100,25,57,68,125
217925,6,4,1,63,56,34,38,119,72,97,94,191
217934,6,4,1,13,126,9,77,139,86,22,203,225
217961,6,4,1,22,64,16,48,86,64,38,112,150
217989,6,4,1,10,14,0,8,24,8,10,22,32
218025,6,4,1,47,67,67,185,114,252,114,252,366
218061,6,4,1,148,335,43,84,483,127,191,419,610
218113,6,4,1,189,283,342,571,472,913,531,854,1385
218140,6,4,1,151,265,151,410,416,561,302,675,977
218229,6,4,1,203,317,50,134,520,184,253,451,704
218335,6,4,1,299,969,2,26,1268,28,301,995,1296
218353,6,4,1,145,220,272,433,365,705,417,653,1070
218399,6,4,1,31,35,1,0,66,1,32,35,67
218414,6,4,1,147,101,7,6,248,13,154,107,261
218441,6,4,1,157,111,13,17,268,30,170,128,298
218487,6,4,1,28,39,28,133,67,161,56,172,228
218520,6,4,1,49,112,105,282,161,387,154,394,548
218539,6,4,1,66,145,2,4,211,6,68,149,217
218645,6,4,1,171,250,57,74,421,131,228,324,552
218654,6,4,1,101,143,29,43,244,72,130,186,316
218663,6,4,1,1932,2125,324,360,4057,684,2256,2485,4741
218672,6,4,1,10,16,5,19,26,24,15,35,50
218681,6,4,1,5,4,3,3,9,6,8,7,15
218690,6,4,1,13,9,31,22,22,53,44,31,75
218706,6,4,1,5,5,7,8,10,15,12,13,25
218724,6,4,1,583,499,169,126,1082,295,752,625,1377
218733,6,4,1,185,176,34,19,361,53,219,195,414
218742,6,4,1,268,391,59,144,659,203,327,535,862
218751,6,4,1,61,82,0,0,143,0,61,82,143
218821,6,4,1,27,21,7,6,48,13,34,27,61
218830,6,4,1,116,171,160,246,287,406,276,417,693
218885,6,4,1,94,70,147,228,164,375,241,298,539
218919,6,4,1,29,49,6,11,78,17,35,60,95
218973,6,4,1,67,53,10,3,120,13,77,56,133
218991,6,4,1,56,101,97,193,157,290,153,294,447
219037,6,4,1,0,9,0,0,9,0,0,9,9
219082,6,4,1,162,61,169,111,223,280,331,172,503
219125,6,4,1,0,11,0,2,11,2,0,13,13
219170,6,4,1,1,6,0,0,7,0,1,6,7
219189,6,4,1,20,16,8,11,36,19,28,27,55
219198,6,4,1,79,50,5,12,129,17,84,62,146
219204,6,4,1,6,4,35,37,10,72,41,41,82
219259,6,4,1,97,94,98,130,191,228,195,224,419
219277,6,4,1,18,49,23,76,67,99,41,125,166
219338,6,4,1,1,9,0,0,10,0,1,9,10
219347,6,4,1,292,75,110,47,367,157,402,122,524
219426,6,4,1,69,56,53,82,125,135,122,138,260
219471,6,4,1,521,664,158,329,1185,487,679,993,1672
219480,6,4,1,30,42,7,25,72,32,37,67,104
219602,6,4,1,340,489,234,293,829,527,574,782,1356
219639,6,4,1,10,82,13,143,92,156,23,225,248
219806,6,4,1,147,120,29,75,267,104,176,195,371
219824,6,4,1,99,154,112,245,253,357,211,399,610
219833,6,4,1,184,158,25,12,342,37,209,170,379
219879,6,4,1,35,42,39,54,77,93,74,96,170
219888,6,4,1,86,83,68,136,169,204,154,219,373
219921,6,4,1,10,13,6,2,23,8,16,15,31
219994,6,4,1,36,37,3,1,73,4,39,38,77
220057,6,4,1,28,40,26,77,68,103,54,117,171
220075,6,4,1,818,1079,221,324,1897,545,1039,1403,2442
220127,6,4,1,23,23,2,0,46,2,25,23,48
220163,6,4,1,0,4,0,8,4,8,0,12,12
220215,6,4,1,129,96,18,27,225,45,147,123,270
220251,6,4,1,5,4,1,5,9,6,6,9,15
220279,6,4,1,9,10,6,0,19,6,15,10,25
220321,6,4,1,13,16,0,7,29,7,13,23,36
220394,6,4,1,7,9,0,0,16,0,7,9,16
220400,6,4,1,24,56,49,159,80,208,73,215,288
220473,6,4,1,75,70,20,13,145,33,95,83,178
220516,6,4,1,92,148,4,14,240,18,96,162,258
220598,6,4,1,130,111,6,6,241,12,136,117,253
220604,6,4,1,40,69,4,13,109,17,44,82,126
220701,6,4,1,77,48,15,13,125,28,92,61,153
220710,6,4,1,51,55,3,5,106,8,54,60,114
220792,6,4,1,63,154,0,0,217,0,63,154,217
220862,6,4,1,1592,1887,476,692,3479,1168,2068,2579,4647
220978,6,4,1,1697,1641,483,548,3338,1031,2180,2189,4369
221050,6,4,1,29,26,7,0,55,7,36,26,62
221096,6,4,1,60,78,76,109,138,185,136,187,323
221148,6,4,1,92,12,0,0,104,0,92,12,104
221184,6,4,1,77,134,123,246,211,369,200,380,580
221333,6,4,1,10,8,7,6,18,13,17,14,31
221397,6,4,1,41,81,45,137,122,182,86,218,304
221430,6,4,1,13,6,6,7,19,13,19,13,32
221485,6,4,1,86,150,141,246,236,387,227,396,623
221494,6,4,1,22,12,4,4,34,8,26,16,42
221519,6,4,1,91,64,1,2,155,3,92,66,158
221582,6,4,1,11,5,0,0,16,0,11,5,16
221607,6,4,1,6,7,5,5,13,10,11,12,23
221625,6,4,1,38,40,1,2,78,3,39,42,81
221643,6,4,1,131,83,332,138,214,470,463,221,684
221740,6,4,1,806,792,209,194,1598,403,1015,986,2001
221759,6,4,1,1405,1402,436,433,2807,869,1841,1835,3676
221768,6,4,1,383,465,72,98,848,170,455,563,1018
221838,6,4,1,316,433,107,179,749,286,423,612,1035
221847,6,4,1,835,456,252,205,1291,457,1087,661,1748
221908,6,4,1,79,126,140,113,205,253,219,239,458
221999,6,4,1,958,1420,50,104,2378,154,1008,1524,2532
222053,6,4,1,101,142,126,213,243,339,227,355,582
222062,6,4,1,67,68,45,120,135,165,112,188,300
222178,6,4,1,183,351,88,138,534,226,271,489,760
222576,6,4,1,111,224,205,432,335,637,316,656,972
222822,6,4,1,50,83,64,134,133,198,114,217,331
222831,6,4,1,444,563,157,158,1007,315,601,721,1322
222877,6,4,1,13,14,1,0,27,1,14,14,28
222992,6,4,1,497,422,1462,2161,919,3623,1959,2583,4542
223223,6,4,1,238,388,0,0,626,0,238,388,626
223232,6,4,1,961,1463,107,184,2424,291,1068,1647,2715
223320,6,4,1,23,56,47,117,79,164,70,173,243
223506,6,4,1,28,30,171,189,58,360,199,219,418
223816,6,4,1,53,88,431,437,141,868,484,525,1009
223922,6,4,1,13,28,10,23,41,33,23,51,74
224147,6,4,1,579,693,365,484,1272,849,944,1177,2121
224156,6,4,1,0,38,0,19,38,19,0,57,57
224323,6,4,1,102,71,50,54,173,104,152,125,277
224527,6,4,1,74,59,40,24,133,64,114,83,197
224554,6,4,1,658,866,255,344,1524,599,913,1210,2123
224615,6,4,1,549,669,1726,2593,1218,4319,2275,3262,5537
224642,6,4,1,259,261,775,995,520,1770,1034,1256,2290
224891,6,4,1,7,21,9,22,28,31,16,43,59
224961,6,4,1,24,41,43,119,65,162,67,160,227
225247,6,4,1,117,173,28,26,290,54,145,199,344
225399,6,4,1,96,151,98,154,247,252,194,305,499
225414,6,4,1,502,805,437,765,1307,1202,939,1570,2509
225432,6,4,1,539,840,631,965,1379,1596,1170,1805,2975
225511,6,4,1,3231,3188,1961,1745,6419,3706,5192,4933,10125
225548,6,4,1,96,44,18,10,140,28,114,54,168
225885,6,4,1,58,65,11,7,123,18,69,72,141
226116,6,4,1,27,59,45,94,86,139,72,153,225
226134,6,4,1,87,131,277,425,218,702,364,556,920
226204,6,4,1,48,17,262,225,65,487,310,242,552
226277,6,4,1,148,18,0,0,166,0,148,18,166
226383,6,4,1,111,119,19,24,230,43,130,143,273
226408,6,4,1,39,30,128,191,69,319,167,221,388
226471,6,4,1,174,369,44,47,543,91,218,416,634
226578,6,4,1,70,137,128,366,207,494,198,503,701
226587,6,4,1,58,54,18,18,112,36,76,72,148
226675,6,4,1,13,97,0,0,110,0,13,97,110
227146,6,4,1,63,93,87,197,156,284,150,290,440
227182,6,4,1,814,784,2276,3276,1598,5552,3090,4060,7150
227216,6,4,1,4246,3813,1486,1583,8059,3069,5732,5396,11128
227331,6,4,1,95,218,7,24,313,31,102,242,344
227368,6,4,1,1860,2541,968,1242,4401,2210,2828,3783,6611
227377,6,4,1,104,117,201,245,221,446,305,362,667
227386,6,4,1,15,62,16,79,77,95,31,141,172
227401,6,4,1,51,74,60,129,125,189,111,203,314
227526,6,4,1,569,875,207,305,1444,512,776,1180,1956
227757,6,4,1,822,523,134,79,1345,213,956,602,1558
227845,6,4,1,182,232,41,91,414,132,223,323,546
227863,6,4,1,144,287,48,67,431,115,192,354,546
227881,6,4,1,1313,1984,576,964,3297,1540,1889,2948,4837
227979,6,4,1,287,380,1193,1727,667,2920,1480,2107,3587
228042,6,4,1,62,57,6,2,119,8,68,59,127
228149,6,4,1,239,312,36,30,551,66,275,342,617
228158,6,4,1,311,343,265,461,654,726,576,804,1380
228194,6,4,1,152,220,7,9,372,16,159,229,388
228246,6,4,1,869,795,238,244,1664,482,1107,1039,2146
228282,6,4,1,0,3,0,0,3,0,0,3,3
228343,6,4,1,60,49,5,5,109,10,65,54,119
228431,6,4,1,629,814,189,305,1443,494,818,1119,1937
228459,6,4,1,2956,3529,1084,1523,6485,2607,4040,5052,9092
228501,6,4,1,132,115,72,139,247,211,204,254,458
228529,6,4,1,586,884,418,574,1470,992,1004,1458,2462
228547,6,4,1,370,314,1697,2472,684,4169,2067,2786,4853
228635,6,4,1,234,388,8,18,622,26,242,406,648
228644,6,4,1,405,826,22,78,1231,100,427,904,1331
228653,6,4,1,172,485,6,46,657,52,178,531,709
228699,6,4,1,29,50,35,111,79,146,64,161,225
228705,6,4,1,617,426,165,168,1043,333,782,594,1376
228723,6,4,1,6187,4409,1480,982,10596,2462,7667,5391,13058
228769,6,4,1,3441,3143,1229,1765,6584,2994,4670,4908,9578
228778,6,4,1,3021,3023,532,463,6044,995,3553,3486,7039
228787,6,4,1,4036,3037,1102,693,7073,1795,5138,3730,8868
228796,6,4,1,1516,1732,967,1048,3248,2015,2483,2780,5263
228802,6,4,1,596,715,242,371,1311,613,838,1086,1924
228875,6,4,1,876,1122,48,42,1998,90,924,1164,2088
228909,6,4,1,263,629,12,28,892,40,275,657,932
229018,6,4,1,415,509,160,212,924,372,575,721,1296
229027,6,4,1,2335,2311,1371,1293,4646,2664,3706,3604,7310
229063,6,4,1,515,916,138,203,1431,341,653,1119,1772
229115,6,4,1,3475,2579,761,650,6054,1411,4236,3229,7465
229179,6,4,1,231,2009,87,948,2240,1035,318,2957,3275
229267,6,4,1,161,125,22,22,286,44,183,147,330
229337,6,4,1,318,1035,8,64,1353,72,326,1099,1425
229355,6,4,1,106,169,156,400,275,556,262,569,831
229504,6,4,1,27,39,51,114,66,165,78,153,231
229780,6,4,1,101,74,56,59,175,115,157,133,290
229799,6,4,1,51,87,82,217,138,299,133,304,437
229814,6,4,1,457,613,243,333,1070,576,700,946,1646
229841,6,4,1,86,62,204,291,148,495,290,353,643
229887,6,4,1,40,38,1,8,78,9,41,46,87
230038,6,4,1,7383,5192,791,791,12575,1582,8174,5983,14157
230047,6,4,1,468,501,17,31,969,48,485,532,1017
230162,6,4,1,42,63,256,82,105,338,298,145,443
230171,6,4,1,830,800,209,234,1630,443,1039,1034,2073
230214,6,4,1,0,23,7,30,23,37,7,53,60
230597,6,4,1,267,106,59,48,373,107,326,154,480
230603,6,4,1,1042,741,193,238,1783,431,1235,979,2214
230676,6,4,1,4,6,12,4,10,16,16,10,26
230728,6,4,1,2747,1953,686,681,4700,1367,3433,2634,6067
230746,6,4,1,457,411,1142,1319,868,2461,1599,1730,3329
230764,6,4,1,3017,2401,834,697,5418,1531,3851,3098,6949
230782,6,4,1,1279,1310,589,736,2589,1325,1868,2046,3914
230807,6,4,1,86,145,13,11,231,24,99,156,255
230816,6,4,1,33,49,1,1,82,2,34,50,84
230834,6,4,1,119,100,41,55,219,96,160,155,315
230852,6,4,1,165,82,52,49,247,101,217,131,348
230861,6,4,1,33,31,165,372,64,537,198,403,601
230913,6,4,1,76,76,25,59,152,84,101,135,236
230959,6,4,1,221,185,6,11,406,17,227,196,423
231059,6,4,1,92,48,7,4,140,11,99,52,151
231095,6,4,1,11,17,3,2,28,5,14,19,33
231165,6,4,1,50,34,52,47,84,99,102,81,183
231174,6,4,1,543,636,97,169,1179,266,640,805,1445
231280,6,4,1,0,14,0,2,14,2,0,16,16
231411,6,4,1,44,5,0,0,49,0,44,5,49
231420,6,4,1,122,103,34,21,225,55,156,124,280
231536,6,4,1,33,59,104,177,92,281,137,236,373
231581,6,4,1,87,73,0,2,160,2,87,75,162
231624,6,4,1,480,549,55,64,1029,119,535,613,1148
231688,6,4,1,1,11,0,4,12,4,1,15,16
231697,6,4,1,33,26,67,135,59,202,100,161,261
231712,6,4,1,255,196,41,31,451,72,296,227,523
231785,6,4,1,18,68,5,73,86,78,23,141,164
231873,6,4,1,13,14,11,20,27,31,24,34,58
231882,6,4,1,30,36,31,71,66,102,61,107,168
232025,6,4,1,88,126,8,2,214,10,96,128,224
232043,6,4,1,51,55,12,19,106,31,63,74,137
232052,6,4,1,3,9,13,29,12,42,16,38,54
232089,6,4,1,104,58,14,6,162,20,118,64,182
232186,6,4,1,3461,3201,1343,1310,6662,2653,4804,4511,9315
232195,6,4,1,69,76,180,384,145,564,249,460,709
232308,6,4,1,1,178,0,3,179,3,1,181,182
232414,6,4,1,78,119,240,402,197,642,318,521,839
232450,6,4,1,60,91,273,383,151,656,333,474,807
232557,6,4,1,3003,4655,1344,2118,7658,3462,4347,6773,11120
232566,6,4,1,184,290,66,119,474,185,250,409,659
232575,6,4,1,28,38,97,192,66,289,125,230,355
232609,6,4,1,138,195,22,27,333,49,160,222,382
232706,6,4,1,134,400,24,70,534,94,158,470,628
232788,6,4,1,24,48,30,47,72,77,54,95,149
232867,6,4,1,39,30,105,95,69,200,144,125,269
232946,6,4,1,641,580,1847,1966,1221,3813,2488,2546,5034
232982,6,4,1,1318,1556,601,710,2874,1311,1919,2266,4185
233019,6,4,1,23,37,24,71,60,95,47,108,155
233037,6,4,1,4,10,10,33,14,43,14,43,57
233116,6,4,1,34,43,111,222,77,333,145,265,410
233277,6,4,1,467,814,90,175,1281,265,557,989,1546
233286,6,4,1,2,12,1,2,14,3,3,14,17
233295,6,4,1,61,29,10,8,90,18,71,37,108
233310,6,4,1,4,10,35,92,14,127,39,102,141
233338,6,4,1,45,38,7,9,83,16,52,47,99
233374,6,4,1,367,423,23,26,790,49,390,449,839
233426,6,4,1,81,52,17,16,133,33,98,68,166
233541,6,4,1,187,442,20,80,629,100,207,522,729
233611,6,4,1,184,79,10,10,263,20,194,89,283
233639,6,4,1,6,44,39,111,50,150,45,155,200
233648,6,4,1,26,57,32,80,83,112,58,137,195
233666,6,4,1,0,2,0,2,2,2,0,4,4
233718,6,4,1,0,39,0,3,39,3,0,42,42
233754,6,4,1,73,96,167,291,169,458,240,387,627
233772,6,4,1,176,293,494,731,469,1225,670,1024,1694
233903,6,4,1,29,31,31,66,60,97,60,97,157
233921,6,4,1,3389,1975,408,222,5364,630,3797,2197,5994
233949,6,4,1,46,69,169,225,115,394,215,294,509
234030,6,4,1,1757,2886,466,670,4643,1136,2223,3556,5779
234076,6,4,1,1475,1683,154,162,3158,316,1629,1845,3474
234119,6,4,1,7,8,4,5,15,9,11,13,24
234155,6,4,1,367,401,41,44,768,85,408,445,853
234207,6,4,1,131,147,3,0,278,3,134,147,281
234377,6,4,1,14,34,28,67,48,95,42,101,143
234669,6,4,1,277,309,338,352,586,690,615,661,1276
234696,6,4,1,104,78,34,55,182,89,138,133,271
234711,6,4,1,43,49,34,42,92,76,77,91,168
234827,6,4,1,943,897,197,199,1840,396,1140,1096,2236
234845,6,4,1,46,48,23,45,94,68,69,93,162
234924,6,4,1,4,48,0,0,52,0,4,48,52
234933,6,4,1,124,165,178,222,289,400,302,387,689
234951,6,4,1,75,113,55,120,188,175,130,233,363
234979,6,4,1,148,193,238,161,341,399,386,354,740
235024,6,4,1,22,40,8,15,62,23,30,55,85
235097,6,4,1,715,975,163,158,1690,321,878,1133,2011
235103,6,4,1,134,117,155,157,251,312,289,274,563
235149,6,4,1,94,140,178,213,234,391,272,353,625
235237,6,4,1,123,206,183,288,329,471,306,494,800
235307,6,4,1,0,15,0,0,15,0,0,15,15
235316,6,4,1,364,412,29,21,776,50,393,433,826
235334,6,4,1,32,33,23,28,65,51,55,61,116
235343,6,4,1,211,143,145,153,354,298,356,296,652
235431,6,4,1,91,150,110,186,241,296,201,336,537
235547,6,4,1,13,100,1,1,113,2,14,101,115
235671,6,4,1,110,62,99,53,172,152,209,115,324
235699,6,4,1,107,113,80,85,220,165,187,198,385
235750,6,4,1,30,69,23,84,99,107,53,153,206
236072,6,4,1,64,68,94,148,132,242,158,216,374
236188,6,4,1,122,126,133,132,248,265,255,258,513
236258,6,4,1,23,41,28,55,64,83,51,96,147
236328,6,4,1,106,150,14,14,256,28,120,164,284
236382,6,4,1,57,50,216,53,107,269,273,103,376
236452,6,4,1,81,53,20,22,134,42,101,75,176
236504,6,4,1,79,50,438,90,129,528,517,140,657
236513,6,4,1,180,221,110,162,401,272,290,383,673
236577,6,4,1,131,242,29,62,373,91,160,304,464
236595,6,4,1,336,534,119,147,870,266,455,681,1136
236610,6,4,1,113,127,126,195,240,321,239,322,561
236638,6,4,1,69,98,134,109,167,243,203,207,410
236656,6,4,1,70,82,86,113,152,199,156,195,351
236692,6,4,1,164,236,196,237,400,433,360,473,833
236708,6,4,1,102,135,74,96,237,170,176,231,407
236753,6,4,1,132,193,96,205,325,301,228,398,626
236887,6,4,1,65,93,46,61,158,107,111,154,265
236896,6,4,1,127,126,15,20,253,35,142,146,288
236939,6,4,1,2096,2067,405,408,4163,813,2501,2475,4976
236975,6,4,1,42,95,29,60,137,89,71,155,226
237011,6,4,1,1098,1268,340,280,2366,620,1438,1548,2986
237039,6,4,1,122,88,121,125,210,246,243,213,456
237057,6,4,1,93,86,11,6,179,17,104,92,196
237066,6,4,1,112,140,23,37,252,60,135,177,312
237109,6,4,1,75,166,43,117,241,160,118,283,401
237118,6,4,1,47,44,1,4,91,5,48,48,96
237181,6,4,1,54,15,8,8,69,16,62,23,85
237303,6,4,1,5,9,0,0,14,0,5,9,14
237312,6,4,1,134,117,40,43,251,83,174,160,334
237321,6,4,1,0,8,0,0,8,0,0,8,8
237330,6,4,1,86,102,32,35,188,67,118,137,255
237358,6,4,1,39,39,0,1,78,1,39,40,79
237367,6,4,1,165,147,54,83,312,137,219,230,449
237385,6,4,1,90,53,21,15,143,36,111,68,179
237525,6,4,1,777,977,115,192,1754,307,892,1169,2061
237686,6,4,1,53,103,32,58,156,90,85,161,246
237701,6,4,1,43,33,7,4,76,11,50,37,87
237792,6,4,1,180,224,46,58,404,104,226,282,508
237817,6,4,1,27,51,21,25,78,46,48,76,124
237899,6,4,1,134,112,23,25,246,48,157,137,294
237950,6,4,1,108,47,15,5,155,20,123,52,175
237969,6,4,1,61,33,4,4,94,8,65,37,102
238014,6,4,1,19,27,18,52,46,70,37,79,116
238032,6,4,1,2153,2051,268,289,4204,557,2421,2340,4761
238175,6,4,1,1,17,0,0,18,0,1,17,18
238193,6,4,1,11,208,6,48,219,54,17,256,273
238263,6,4,1,220,200,416,628,420,1044,636,828,1464
238397,6,4,1,26,43,75,133,69,208,101,176,277
238430,6,4,1,32,51,10,30,83,40,42,81,123
238458,6,4,1,144,371,37,47,515,84,181,418,599
238722,6,4,1,137,108,431,330,245,761,568,438,1006
238759,6,4,1,68,69,224,383,137,607,292,452,744
239008,6,4,1,24,30,75,103,54,178,99,133,232
239017,6,4,1,89,70,3,3,159,6,92,73,165
239071,6,4,1,38,31,20,19,69,39,58,50,108
239105,6,4,1,752,1204,146,171,1956,317,898,1375,2273
239169,6,4,1,178,322,2,5,500,7,180,327,507
239248,6,4,1,204,255,594,806,459,1400,798,1061,1859
239309,6,4,1,32,53,4,5,85,9,36,58,94
239318,6,4,1,291,130,28,6,421,34,319,136,455
239372,6,4,1,44,55,91,157,99,248,135,212,347
239442,6,4,1,4,7,24,37,11,61,28,44,72
239488,6,4,1,92,120,191,379,212,570,283,499,782
239512,6,4,1,58,23,0,1,81,1,58,24,82
239716,6,4,1,70,26,5,4,96,9,75,30,105
239877,6,4,1,0,6,0,1,6,1,0,7,7
240107,6,4,1,64,183,17,62,247,79,81,245,326
240170,6,4,1,101,91,160,188,192,348,261,279,540
240189,6,4,1,759,676,198,221,1435,419,957,897,1854
240198,6,4,1,36,61,58,118,97,176,94,179,273
240268,6,4,1,578,596,102,161,1174,263,680,757,1437
240277,6,4,1,357,507,129,212,864,341,486,719,1205
240329,6,4,1,567,614,167,144,1181,311,734,758,1492
240338,6,4,1,32,29,6,11,61,17,38,40,78
240365,6,4,1,550,763,184,209,1313,393,734,972,1706
240374,6,4,1,263,309,108,124,572,232,371,433,804
240417,6,4,1,627,384,231,198,1011,429,858,582,1440
240426,6,4,1,154,200,30,95,354,125,184,295,479
240444,6,4,1,3239,3251,624,523,6490,1147,3863,3774,7637
240453,6,4,1,1720,2160,445,503,3880,948,2165,2663,4828
240462,6,4,1,583,329,171,77,912,248,754,406,1160
240471,6,4,1,293,366,71,123,659,194,364,489,853
240480,6,4,1,483,518,108,178,1001,286,591,696,1287
240505,6,4,1,62,89,79,123,151,202,141,212,353
240514,6,4,1,17,26,36,36,43,72,53,62,115
240596,6,4,1,13,9,8,15,22,23,21,24,45
240620,6,4,1,62,94,91,170,156,261,153,264,417
240657,6,4,1,25,16,23,24,41,47,48,40,88
240666,6,4,1,46,42,44,79,88,123,90,121,211
240727,6,4,1,918,817,196,264,1735,460,1114,1081,2195
240745,6,4,1,37,69,97,110,106,207,134,179,313
240790,6,4,1,71,73,23,45,144,68,94,118,212
241182,6,4,1,10,65,0,0,75,0,10,65,75
241191,6,4,1,84,148,15,17,232,32,99,165,264
241225,6,4,1,34,68,25,37,102,62,59,105,164
241331,6,4,1,71,436,9,66,507,75,80,502,582
241377,6,4,1,60,82,8,10,142,18,68,92,160
241386,6,4,1,6,20,2,3,26,5,8,23,31
241395,6,4,1,26,41,8,17,67,25,34,58,92
241410,6,4,1,331,540,100,165,871,265,431,705,1136
241720,6,4,1,23,50,20,19,73,39,43,69,112
241739,6,4,1,253,496,146,310,749,456,399,806,1205
241766,6,4,1,31,21,18,9,52,27,49,30,79
241836,6,4,1,23,25,17,49,48,66,40,74,114
241906,6,4,1,7,26,0,0,33,0,7,26,33
241951,6,4,1,18,25,14,46,43,60,32,71,103
242112,6,4,1,10,16,3,8,26,11,13,24,37
242130,6,4,1,9,32,4,12,41,16,13,44,57
242149,6,4,1,9,32,5,14,41,19,14,46,60
242556,6,4,1,19,7,2,1,26,3,21,8,29
242617,6,4,1,242,256,79,105,498,184,321,361,682
242626,6,4,1,225,285,72,111,510,183,297,396,693
242635,6,4,1,165,261,55,100,426,155,220,361,581
242644,6,4,1,39,70,18,33,109,51,57,103,160
242653,6,4,1,389,575,126,163,964,289,515,738,1253
242662,6,4,1,178,269,69,136,447,205,247,405,652
242680,6,4,1,81,119,29,48,200,77,110,167,277
242699,6,4,1,59,120,14,42,179,56,73,162,235
242705,6,4,1,404,275,159,118,679,277,563,393,956
242723,6,4,1,36,79,16,32,115,48,52,111,163
243106,6,4,1,142,144,54,70,286,124,196,214,410
243142,6,4,1,38,67,23,35,105,58,61,102,163
243179,6,4,1,145,227,50,104,372,154,195,331,526
243188,6,4,1,22,26,6,9,48,15,28,35,63
243203,6,4,1,227,470,1,21,697,22,228,491,719
243212,6,4,1,179,238,29,48,417,77,208,286,494
243221,6,4,1,438,567,174,252,1005,426,612,819,1431
243346,6,4,1,222,385,170,291,607,461,392,676,1068
243443,6,4,1,201,257,103,186,458,289,304,443,747
243577,6,4,1,229,91,493,167,320,660,722,258,980
243586,6,4,1,39,82,13,25,121,38,52,107,159
243601,6,4,1,555,790,334,403,1345,737,889,1193,2082
243638,6,4,1,68,105,58,56,173,114,126,161,287
243647,6,4,1,16,14,12,17,30,29,28,31,59
243744,6,4,1,2293,2066,110,70,4359,180,2403,2136,4539
243780,6,4,1,3925,2535,1065,640,6460,1705,4990,3175,8165
243832,6,4,1,12,56,28,42,68,70,40,98,138
243841,6,4,1,17,48,4,14,65,18,21,62,83
244437,6,4,1,233,373,572,971,606,1543,805,1344,2149
244446,6,4,1,39,45,89,110,84,199,128,155,283
245281,6,4,1,4,5,0,0,9,0,4,5,9
245625,6,4,1,19,21,42,60,40,102,61,81,142
246789,6,4,1,0,0,0,1,0,1,0,1,1
246813,6,4,1,46,55,136,286,101,422,182,341,523
246895,6,4,1,11,38,17,15,49,32,28,53,81
247603,6,4,1,56,34,77,57,90,134,133,91,224
247834,6,4,1,685,483,1296,1533,1168,2829,1981,2016,3997
247940,6,4,1,62,65,91,135,127,226,153,200,353
248925,6,4,1,45,37,9,14,82,23,54,51,105
248934,6,4,1,635,1173,2,7,1808,9,637,1180,1817
249238,6,4,1,1,39,1,26,40,27,2,65,67
251260,6,4,1,89,103,109,205,192,314,198,308,506
260813,6,4,1,10,44,0,0,54,0,10,44,54
260929,6,4,1,2,31,0,0,33,0,2,31,33
262031,6,4,1,110,136,213,264,246,477,323,400,723
262086,6,4,1,70,115,130,381,185,511,200,496,696
262129,6,4,1,30,70,1,0,100,1,31,70,101
262341,6,4,1,111,21,0,0,132,0,111,21,132
363165,6,4,1,71,72,30,18,143,48,101,90,191
363633,6,4,1,8,10,14,24,18,38,22,34,56
363907,6,4,1,47,27,14,6,74,20,61,33,94
363916,6,4,1,5,10,2,6,15,8,7,16,23
364016,6,4,1,94,56,249,303,150,552,343,359,702
364025,6,4,1,165,119,469,436,284,905,634,555,1189
364636,6,4,1,5,17,0,9,22,9,5,26,31
365198,6,4,1,0,10,8,13,10,21,8,23,31
365480,6,4,1,6,36,20,6,42,26,26,42,68
366003,6,4,1,4,7,4,2,11,6,8,9,17
366252,6,4,1,261,147,78,109,408,187,339,256,595
366395,6,4,1,320,400,492,745,720,1237,812,1145,1957
366401,6,4,1,89,74,376,367,163,743,465,441,906
366465,6,4,1,46,85,53,135,131,188,99,220,319
366623,6,4,1,1,0,0,0,1,0,1,0,1
366711,6,4,1,1135,1561,392,557,2696,949,1527,2118,3645
367334,6,4,1,17,1,5,1,18,6,22,2,24
367459,6,4,1,84,77,213,309,161,522,297,386,683
367954,6,4,1,193,869,3,13,1062,16,196,882,1078
368230,6,4,1,0,6,0,5,6,5,0,11,11
368911,6,4,1,7,41,20,108,48,128,27,149,176
372356,6,4,1,0,35,0,0,35,0,0,35,35
374574,6,4,1,18,68,5,27,86,32,23,95,118
375106,6,4,1,15,3,0,0,18,0,15,3,18
375407,6,4,1,5,12,0,1,17,1,5,13,18
375416,6,4,1,6,39,0,0,45,0,6,39,45
375726,6,4,1,16,0,17,6,16,23,33,6,39
375984,6,4,1,1,23,0,11,24,11,1,34,35
376288,6,4,1,6,6,0,0,12,0,6,6,12
376385,6,4,1,11,10,0,0,21,0,11,10,21
376446,6,4,1,0,1,0,0,1,0,0,1,1
376631,6,4,1,2,1,0,0,3,0,2,1,3
377218,6,4,1,22,1,0,0,23,0,22,1,23
377643,6,4,1,2,16,0,0,18,0,2,16,18
377722,6,4,1,4,94,0,0,98,0,4,94,98
379621,6,4,1,2,6,0,0,8,0,2,6,8
380359,6,4,1,4,11,8,45,15,53,12,56,68
382258,6,4,1,1,11,3,19,12,22,4,30,34
383190,6,4,1,24,35,58,100,59,158,82,135,217
383765,6,4,1,0,27,0,8,27,8,0,35,35
383996,6,4,1,5,11,12,13,16,25,17,24,41
384254,6,4,1,89,43,6,2,132,8,95,45,140
384333,6,4,1,98,105,337,494,203,831,435,599,1034
384342,6,4,1,62,56,171,207,118,378,233,263,496
385415,6,4,1,119,215,4,9,334,13,123,224,347
395362,6,4,1,13,30,49,66,43,115,62,96,158
399212,6,4,1,79,79,1034,446,158,1480,1113,525,1638
399911,6,4,1,26,51,0,0,77,0,26,51,77
400187,6,4,1,7,42,0,32,49,32,7,74,81
401764,6,4,1,0,17,2,22,17,24,2,39,41
403469,6,4,1,3,10,41,32,13,73,44,42,86
403478,6,4,1,6,4,3,4,10,7,9,8,17
403487,6,4,1,2,11,8,24,13,32,10,35,45
404222,6,4,1,24,37,0,0,61,0,24,37,61
404426,6,4,1,42,31,72,98,73,170,114,129,243
404684,6,4,1,9,28,0,0,37,0,9,28,37
405872,6,4,1,29,22,92,138,51,230,121,160,281
407179,6,4,1,0,14,0,11,14,11,0,25,25
407461,6,4,1,10,5,0,0,15,0,10,5,15
407470,6,4,1,0,16,0,5,16,5,0,21,21
407735,6,4,1,0,5,0,0,5,0,0,5,5
407832,6,4,1,6,5,12,8,11,20,18,13,31
408066,6,4,1,4,19,3,9,23,12,7,28,35
408844,6,4,1,151,206,48,126,357,174,199,332,531
409254,6,4,1,0,9,2,33,9,35,2,42,44
409591,6,4,1,1,8,3,9,9,12,4,17,21
409698,6,4,1,523,797,119,123,1320,242,642,920,1562
412544,6,4,1,0,17,0,11,17,11,0,28,28
413617,6,4,1,1,7,4,15,8,19,5,22,27
414878,6,4,1,476,130,602,168,606,770,1078,298,1376
414911,6,4,1,31,27,25,45,58,70,56,72,128
414966,6,4,1,1,1,0,0,2,0,1,1,2
415039,6,4,1,2,5,0,2,7,2,2,7,9
416801,6,4,1,16,84,2,11,100,13,18,95,113
417008,6,4,1,0,21,0,0,21,0,0,21,21
417655,6,4,1,1,4,0,0,5,0,1,4,5
417716,6,4,1,1,30,0,0,31,0,1,30,31
417734,6,4,1,2,11,3,13,13,16,5,24,29
417752,6,4,1,2,5,1,1,7,2,3,6,9
417840,6,4,1,2,58,0,0,60,0,2,58,60
417886,6,4,1,1,6,0,0,7,0,1,6,7
417910,6,4,1,9,27,0,0,36,0,9,27,36
418029,6,4,1,3,7,0,0,10,0,3,7,10
418065,6,4,1,8,36,1,4,44,5,9,40,49
418083,6,4,1,1,6,0,0,7,0,1,6,7
418481,6,4,1,0,5,0,0,5,0,0,5,5
418533,6,4,1,6,35,2,3,41,5,8,38,46
418588,6,4,1,0,3,0,0,3,0,0,3,3
419031,6,4,1,1,10,0,0,11,0,1,10,11
420042,6,4,1,1,0,0,0,1,0,1,0,1
420130,6,4,1,2,44,0,0,46,0,2,44,46
420246,6,4,1,8,57,0,3,65,3,8,60,68
420343,6,4,1,74,1,25,3,75,28,99,4,103
420431,6,4,1,8,38,33,96,46,129,41,134,175
420440,6,4,1,11,30,32,73,41,105,43,103,146
420538,6,4,1,13,20,14,42,33,56,27,62,89
420556,6,4,1,8,17,13,24,25,37,21,41,62
421610,6,4,1,1,14,0,1,15,1,1,15,16
421717,6,4,1,2,1,2,4,3,6,4,5,9
423643,6,4,1,283,784,1,5,1067,6,284,789,1073
423652,6,4,1,1,15,6,14,16,20,7,29,36
426314,6,4,1,382,153,667,175,535,842,1049,328,1377
428055,6,4,1,8,10,0,0,18,0,8,10,18
430227,6,4,1,0,5,0,2,5,2,0,7,7
430403,6,4,1,2,25,0,0,27,0,2,25,27
430564,6,4,1,1,3,0,2,4,2,1,5,6
430971,6,4,1,0,4,0,0,4,0,0,4,4
431275,6,4,1,0,1,1,2,1,3,1,3,4
431284,6,4,1,0,11,0,0,11,0,0,11,11
433040,6,4,1,0,6,0,0,6,0,0,6,6
433101,6,4,1,9,72,4,26,81,30,13,98,111
433387,6,4,1,4886,7380,0,0,12266,0,4886,7380,12266
433420,6,4,1,72,17,0,0,89,0,72,17,89
433660,6,4,1,1061,1149,327,435,2210,762,1388,1584,2972
434061,6,4,1,141,196,152,268,337,420,293,464,757
434159,6,4,1,54,13,0,0,67,0,54,13,67
434469,6,4,1,20,45,0,0,65,0,20,45,65
434584,6,4,1,3,5,7,8,8,15,10,13,23
434672,6,4,1,170,201,487,1028,371,1515,657,1229,1886
435000,6,4,1,158,340,0,20,498,20,158,360,518
436553,6,4,1,28,120,0,0,148,0,28,120,148
436818,6,4,1,19,39,9,7,58,16,28,46,74
436827,6,4,1,11,15,2,0,26,2,13,15,28
436836,6,4,1,134,122,29,29,256,58,163,151,314
437103,6,4,1,207,370,238,506,577,744,445,876,1321
438586,6,4,1,23,55,8,13,78,21,31,68,99
438708,6,4,1,1,6,1,9,7,10,2,15,17
439190,6,4,1,48,22,77,58,70,135,125,80,205
439367,6,4,1,49,155,0,0,204,0,49,155,204
439844,6,4,1,0,5,0,0,5,0,0,5,5
440031,6,4,1,73,193,1,4,266,5,74,197,271
440101,6,4,1,0,9,0,12,9,12,0,21,21
440271,6,4,1,7,17,0,0,24,0,7,17,24
440749,6,4,1,0,0,7,4,0,11,7,4,11
440828,6,4,1,65,78,67,48,143,115,132,126,258
441131,6,4,1,5,9,0,1,14,1,5,10,15
441371,6,4,1,15,696,0,0,711,0,15,696,711
441690,6,4,1,1,2,0,0,3,0,1,2,3
441760,6,4,1,96,84,111,192,180,303,207,276,483
441900,6,4,1,98,305,81,330,403,411,179,635,814
441937,6,4,1,439,774,193,264,1213,457,632,1038,1670
442073,6,4,1,17,69,2,23,86,25,19,92,111
442240,6,4,1,11,31,7,21,42,28,18,52,70
442329,6,4,1,124,7,0,0,131,0,124,7,131
442356,6,4,1,14,98,28,163,112,191,42,261,303
442523,6,4,1,5,6,0,1,11,1,5,7,12
442930,6,4,1,82,52,7,5,134,12,89,57,146
443049,6,4,1,7,8,5,4,15,9,12,12,24
443058,6,4,1,0,0,1,1,0,2,1,1,2
443100,6,4,1,4,3,0,0,7,0,4,3,7
443331,6,4,1,101,408,24,99,509,123,125,507,632
443641,6,4,1,0,6,1,15,6,16,1,21,22
444219,6,4,1,64,46,382,514,110,896,446,560,1006
444282,6,4,1,0,10,0,5,10,5,0,15,15
444291,6,4,1,0,14,1,10,14,11,1,24,25
444307,6,4,1,0,5,0,4,5,4,0,9,9
444468,6,4,1,0,8,0,0,8,0,0,8,8
444486,6,4,1,1,36,0,7,37,7,1,43,44
444556,6,4,1,38,42,0,0,80,0,38,42,80
444565,6,4,1,13,17,8,10,30,18,21,27,48
444583,6,4,1,16,29,0,0,45,0,16,29,45
444671,6,4,1,1,6,0,0,7,0,1,6,7
444787,6,4,1,18,138,18,137,156,155,36,275,311
445027,6,4,1,310,584,23,58,894,81,333,642,975
445133,6,4,1,3,5,1,3,8,4,4,8,12
445188,6,4,1,537,360,22,18,897,40,559,378,937
445212,6,4,1,1,11,5,16,12,21,6,27,33
445267,6,4,1,60,192,51,110,252,161,111,302,413
445498,6,4,1,1,0,0,0,1,0,1,0,1
445708,6,4,1,43,70,5,11,113,16,48,81,129
445911,6,4,1,24,43,16,19,67,35,40,62,102
445948,6,4,1,49,273,0,0,322,0,49,273,322
446206,6,4,1,0,10,0,2,10,2,0,12,12
446233,6,4,1,22,9,3,2,31,5,25,11,36
446288,6,4,1,0,9,0,4,9,4,0,13,13
446774,6,4,1,30,38,108,118,68,226,138,156,294
447148,6,4,1,1,18,0,17,19,17,1,35,36
447166,6,4,1,0,5,0,2,5,2,0,7,7
447175,6,4,1,0,4,1,5,4,6,1,9,10
447582,6,4,1,20,50,11,34,70,45,31,84,115
447689,6,4,1,672,880,399,547,1552,946,1071,1427,2498
447698,6,4,1,1,2,0,1,3,1,1,3,4
447759,6,4,1,6,39,0,3,45,3,6,42,48
447999,6,4,1,6,19,0,0,25,0,6,19,25
448026,6,4,1,0,13,0,2,13,2,0,15,15
448196,6,4,1,3,22,0,1,25,1,3,23,26
448220,6,4,1,0,34,0,0,34,0,0,34,34
448248,6,4,1,2,42,290,82,44,372,292,124,416
448594,6,4,1,52,65,114,193,117,307,166,258,424
448673,6,4,1,9,115,12,139,124,151,21,254,275
448798,6,4,1,1,17,0,0,18,0,1,17,18
449320,6,4,1,64,2,29,1,66,30,93,3,96
449357,6,4,1,0,8,0,0,8,0,0,8,8
449384,6,4,1,51,28,14,15,79,29,65,43,108
449472,6,4,1,1,10,0,0,11,0,1,10,11
449481,6,4,1,0,2,0,0,2,0,0,2,2
449889,6,4,1,93,452,0,0,545,0,93,452,545
449922,6,4,1,14,26,0,2,40,2,14,28,42
449959,6,4,1,3,13,2,9,16,11,5,22,27
449968,6,4,1,9,39,4,17,48,21,13,56,69
449977,6,4,1,1,21,1,8,22,9,2,29,31
449986,6,4,1,6,17,6,12,23,18,12,29,41
449995,6,4,1,1,12,1,8,13,9,2,20,22
450571,6,4,1,5,31,3,26,36,29,8,57,65
450599,6,4,1,0,11,0,0,11,0,0,11,11
450605,6,4,1,2,6,1,5,8,6,3,11,14
450614,6,4,1,0,9,0,6,9,6,0,15,15
450641,6,4,1,4,24,0,19,28,19,4,43,47
450720,6,4,1,1,48,0,83,49,83,1,131,132
450933,6,4,1,224,245,85,59,469,144,309,304,613
451079,6,4,1,0,2,0,0,2,0,0,2,2
451121,6,4,1,0,7,0,9,7,9,0,16,16
451510,6,4,1,106,233,4,5,339,9,110,238,348
451565,6,4,1,0,24,1,1,24,2,1,25,26
451583,6,4,1,16,6,135,23,22,158,151,29,180
451714,6,4,1,1,27,9,13,28,22,10,40,50
451750,6,4,1,16,69,11,74,85,85,27,143,170
451857,6,4,1,1,8,0,0,9,0,1,8,9
451918,6,4,1,2,15,0,0,17,0,2,15,17
452009,6,4,1,1,6,0,0,7,0,1,6,7
453297,6,4,1,0,0,3,1,0,4,3,1,4
454227,6,4,1,59,417,142,1116,476,1258,201,1533,1734
454236,6,4,1,5,41,10,69,46,79,15,110,125
454245,6,4,1,7,60,28,136,67,164,35,196,231
454652,6,4,1,1,14,0,0,15,0,1,14,15
454698,6,4,1,8,26,0,0,34,0,8,26,34
454768,6,4,1,6,20,1,16,26,17,7,36,43
454777,6,4,1,5,20,0,11,25,11,5,31,36
454810,6,4,1,237,675,0,0,912,0,237,675,912
454926,6,4,1,4,53,0,10,57,10,4,63,67
454944,6,4,1,1,47,0,0,48,0,1,47,48
455026,6,4,1,0,0,23,0,0,23,23,0,23
455080,6,4,1,3,34,0,0,37,0,3,34,37
455114,6,4,1,174,134,268,435,308,703,442,569,1011
455196,6,4,1,37,291,0,0,328,0,37,291,328
455284,6,4,1,2,26,0,12,28,12,2,38,40
455406,6,4,1,44,56,0,0,100,0,44,56,100
455512,6,4,1,18,25,123,195,43,318,141,220,361
455831,6,4,1,4,8,0,0,12,0,4,8,12
455868,6,4,1,8,41,0,0,49,0,8,41,49
455901,6,4,1,0,15,2,22,15,24,2,37,39
456029,6,4,1,1,34,0,16,35,16,1,50,51
456065,6,4,1,0,24,0,0,24,0,0,24,24
456074,6,4,1,0,19,0,0,19,0,0,19,19
456135,6,4,1,0,11,0,6,11,6,0,17,17
456481,6,4,1,0,0,3,1,0,4,3,1,4
456542,6,4,1,89,130,9,38,219,47,98,168,266
456825,6,4,1,0,19,1,9,19,10,1,28,29
456959,6,4,1,22,30,3,2,52,5,25,32,57
457031,6,4,1,0,7,0,4,7,4,0,11,11
457129,6,4,1,2,50,18,137,52,155,20,187,207
457253,6,4,1,0,4,0,10,4,10,0,14,14
457299,6,4,1,11,27,3,4,38,7,14,31,45
457323,6,4,1,8,64,0,0,72,0,8,64,72
457475,6,4,1,1,16,0,0,17,0,1,16,17
457493,6,4,1,0,6,0,0,6,0,0,6,6
457527,6,4,1,0,4,1,14,4,15,1,18,19
457545,6,4,1,0,16,0,3,16,3,0,19,19
457633,6,4,1,0,13,1,19,13,20,1,32,33
457679,6,4,1,1,4,0,0,5,0,1,4,5
457855,6,4,1,1,6,0,1,7,1,1,7,8
458140,6,4,1,5,1,0,0,6,0,5,1,6
458210,6,4,1,133,508,29,128,641,157,162,636,798
458229,6,4,1,92,355,17,77,447,94,109,432,541
458274,6,4,1,0,33,0,14,33,14,0,47,47
458803,6,4,1,0,23,0,13,23,13,0,36,36
458812,6,4,1,0,12,0,2,12,2,0,14,14
458821,6,4,1,1,5,0,0,6,0,1,5,6
458830,6,4,1,0,18,0,9,18,9,0,27,27
458858,6,4,1,1,17,1,11,18,12,2,28,30
458867,6,4,1,1,27,1,14,28,15,2,41,43
459019,6,4,1,1,15,1,0,16,1,2,15,17
459046,6,4,1,0,7,0,2,7,2,0,9,9
459055,6,4,1,0,3,0,6,3,6,0,9,9
459064,6,4,1,1,9,1,6,10,7,2,15,17
459116,6,4,1,0,16,0,0,16,0,0,16,16
459170,6,4,1,4,21,1,26,25,27,5,47,52
459198,6,4,1,12,31,0,14,43,14,12,45,57
459231,6,4,1,5,35,0,0,40,0,5,35,40
459286,6,4,1,0,28,1,10,28,11,1,38,39
459301,6,4,1,0,9,1,4,9,5,1,13,14
459392,6,4,1,0,12,0,13,12,13,0,25,25
459417,6,4,1,9,1,2,4,10,6,11,5,16
459523,6,4,1,0,9,0,0,9,0,0,9,9
459578,6,4,1,2,4,1,0,6,1,3,4,7
459736,6,4,1,75,109,0,2,184,2,75,111,186
459949,6,4,1,251,516,196,459,767,655,447,975,1422
460349,6,4,1,39,115,85,217,154,302,124,332,456
460394,6,4,1,95,94,484,684,189,1168,579,778,1357
460464,6,4,1,79,71,549,615,150,1164,628,686,1314
460677,6,4,1,16,40,5,13,56,18,21,53,74
460862,6,4,1,0,21,0,16,21,16,0,37,37
460871,6,4,1,5,42,10,65,47,75,15,107,122
460932,6,4,1,0,23,0,0,23,0,0,23,23
461193,6,4,1,0,29,0,2,29,2,0,31,31
461272,6,4,1,0,12,0,8,12,8,0,20,20
461379,6,4,1,0,2,0,2,2,2,0,4,4
461421,6,4,1,1,45,0,0,46,0,1,45,46
461591,6,4,1,0,20,0,1,20,1,0,21,21
461643,6,4,1,1,4,0,0,5,0,1,4,5
461652,6,4,1,1,18,0,0,19,0,1,18,19
461704,6,4,1,0,21,0,1,21,1,0,22,22
461759,6,4,1,26,17,2,0,43,2,28,17,45
461829,6,4,1,1,16,0,0,17,0,1,16,17
461883,6,4,1,11,14,1,0,25,1,12,14,26
461917,6,4,1,0,22,0,12,22,12,0,34,34
462008,6,4,1,2,19,0,16,21,16,2,35,37
462071,6,4,1,10,19,0,0,29,0,10,19,29
463056,6,4,1,35,45,11,13,80,24,46,58,104
466921,6,4,1,1,24,3,62,25,65,4,86,90
466930,6,4,1,23,103,58,380,126,438,81,483,564
467863,6,4,1,4,19,0,6,23,6,4,25,29
467872,6,4,1,1,28,1,12,29,13,2,40,42
468893,6,4,1,3,16,1,11,19,12,4,27,31
470047,6,4,1,0,4,0,0,4,0,0,4,4
474863,6,4,1,17,64,16,81,81,97,33,145,178
474915,6,4,1,1,35,1,45,36,46,2,80,82
474924,6,4,1,0,6,1,32,6,33,1,38,39
475200,6,4,1,0,1,4,7,1,11,4,8,12
475431,6,4,1,1,8,0,0,9,0,1,8,9
475486,6,4,1,3,24,6,12,27,18,9,36,45
475547,6,4,1,1,10,0,11,11,11,1,21,22
475556,6,4,1,2,17,1,6,19,7,3,23,26
475653,6,4,1,0,4,0,1,4,1,0,5,5
475723,6,4,1,5,1,11,11,6,22,16,12,28
475732,6,4,1,2,47,18,179,49,197,20,226,246
475741,6,4,1,1,16,2,15,17,17,3,31,34
475839,6,4,1,4,6,3,7,10,10,7,13,20
476063,6,4,1,37,4,0,0,41,0,37,4,41
476179,6,4,1,0,25,0,11,25,11,0,36,36
476805,6,4,1,0,8,0,0,8,0,0,8,8
476841,6,4,1,3,23,1,13,26,14,4,36,40
476975,6,4,1,100,115,294,340,215,634,394,455,849
476984,6,4,1,1,26,0,7,27,7,1,33,34
477039,6,4,1,19,167,9,59,186,68,28,226,254
478582,6,4,1,3,30,0,7,33,7,3,37,40
478616,6,4,1,2,18,0,1,20,1,2,19,21
478953,6,4,1,0,33,0,0,33,0,0,33,33
479956,6,4,1,297,343,678,608,640,1286,975,951,1926
479983,6,4,1,1,18,0,0,19,0,1,18,19
480028,6,4,1,6,3,0,1,9,1,6,4,10
480091,6,4,1,60,615,77,391,675,468,137,1006,1143
480310,6,4,1,0,13,0,1,13,1,0,14,14
480569,6,4,1,16,45,36,39,61,75,52,84,136
480657,6,4,1,5,29,8,38,34,46,13,67,80
480790,6,4,1,78,154,0,2,232,2,78,156,234
480921,6,4,1,9,4,0,0,13,0,9,4,13
480930,6,4,1,0,5,0,2,5,2,0,7,7
480976,6,4,1,1,11,0,0,12,0,1,11,12
481191,6,4,1,2,31,0,0,33,0,2,31,33
481225,6,4,1,2,3,0,0,5,0,2,3,5
481526,6,4,1,0,48,0,0,48,0,0,48,48
481535,6,4,1,2,2,0,0,4,0,2,2,4
481678,6,4,1,1,10,0,3,11,3,1,13,14
481739,6,4,1,0,3,0,0,3,0,0,3,3
481748,6,4,1,0,18,0,3,18,3,0,21,21
481845,6,4,1,0,6,0,5,6,5,0,11,11
482149,6,4,1,593,1313,148,193,1906,341,741,1506,2247
482158,6,4,1,397,504,258,303,901,561,655,807,1462
482167,6,4,1,0,9,0,11,9,11,0,20,20
482176,6,4,1,0,31,0,21,31,21,0,52,52
482413,6,4,1,17,4,8,6,21,14,25,10,35
482422,6,4,1,1,2,7,1,3,8,8,3,11
482431,6,4,1,41,40,42,33,81,75,83,73,156
482459,6,4,1,2,6,5,4,8,9,7,10,17
482468,6,4,1,7,6,12,7,13,19,19,13,32
482477,6,4,1,459,577,499,776,1036,1275,958,1353,2311
482547,6,4,1,0,0,0,1,0,1,0,1,1
482556,6,4,1,5,6,7,4,11,11,12,10,22
482565,6,4,1,0,0,0,1,0,1,0,1,1
482574,6,4,1,13,6,8,3,19,11,21,9,30
482635,6,4,1,2,0,4,3,2,7,6,3,9
482653,6,4,1,2,4,1,0,6,1,3,4,7
482680,6,4,1,805,978,597,800,1783,1397,1402,1778,3180
482699,6,4,1,25,84,36,66,109,102,61,150,211
482705,6,4,1,36,275,750,878,311,1628,786,1153,1939
482936,6,4,1,128,21,59,8,149,67,187,29,216
483036,6,4,1,73,81,84,142,154,226,157,223,380
483045,6,4,1,108,146,188,389,254,577,296,535,831
483054,6,4,1,12,3,0,0,15,0,12,3,15
483124,6,4,1,1442,3986,2155,4734,5428,6889,3597,8720,12317
483328,6,4,1,2,12,0,5,14,5,2,17,19
483337,6,4,1,1,18,1,15,19,16,2,33,35
483559,6,4,1,2,3,0,2,5,2,2,5,7
483595,6,4,1,113,312,76,231,425,307,189,543,732
483823,6,4,1,76,35,0,0,111,0,76,35,111
483911,6,4,1,0,2,0,0,2,0,0,2,2
483975,6,4,1,74,116,0,1,190,1,74,117,191
484011,6,4,1,1,13,0,4,14,4,1,17,18
484093,6,4,1,1,17,0,15,18,15,1,32,33
484109,6,4,1,0,16,0,0,16,0,0,16,16
484190,6,4,1,2,1,0,0,3,0,2,1,3
484394,6,4,1,3,19,0,12,22,12,3,31,34
484473,6,4,1,179,192,167,200,371,367,346,392,738
484613,6,4,1,2064,4576,0,0,6640,0,2064,4576,6640
484631,6,4,1,7,7,0,0,14,0,7,7,14
484756,6,4,1,2,0,0,0,2,0,2,0,2
484905,6,4,1,152,294,104,239,446,343,256,533,789
485014,6,4,1,2,12,0,8,14,8,2,20,22
485032,6,4,1,0,9,0,12,9,12,0,21,21
485111,6,4,1,148,159,115,199,307,314,263,358,621
485272,6,4,1,12,135,11,84,147,95,23,219,242
485397,6,4,1,1,14,0,8,15,8,1,22,23
485458,6,4,1,13,53,38,136,66,174,51,189,240
485476,6,4,1,0,16,0,0,16,0,0,16,16
485494,6,4,1,12,3,1,0,15,1,13,3,16
485768,6,4,1,110,43,0,0,153,0,110,43,153
486123,6,4,1,2,4,0,0,6,0,2,4,6
486567,6,4,1,1,41,0,0,42,0,1,41,42
486691,6,4,1,0,14,0,10,14,10,0,24,24
486798,6,4,1,206,36,0,0,242,0,206,36,242
486840,6,4,1,2935,2401,1656,1412,5336,3068,4591,3813,8404
486877,6,4,1,0,2,0,0,2,0,0,2,2
486886,6,4,1,0,1,0,3,1,3,0,4,4
486938,6,4,1,13,37,13,69,50,82,26,106,132
486947,6,4,1,7,62,11,98,69,109,18,160,178
486956,6,4,1,7,66,15,139,73,154,22,205,227
486983,6,4,1,2,5,0,0,7,0,2,5,7
487010,6,4,1,337,863,4,13,1200,17,341,876,1217
487092,6,4,1,2,0,0,0,2,0,2,0,2
487162,6,4,1,51,150,80,213,201,293,131,363,494
487348,6,4,1,0,7,0,16,7,16,0,23,23
487524,6,4,1,156,193,47,66,349,113,203,259,462
487676,6,4,1,0,14,2,22,14,24,2,36,38
487773,6,4,1,0,3,0,2,3,2,0,5,5
487861,6,4,1,4,19,1,8,23,9,5,27,32
487922,6,4,1,0,8,0,1,8,1,0,9,9
487995,6,4,1,2,5,0,1,7,1,2,6,8
488013,6,4,1,1,40,0,1,41,1,1,41,42
488031,6,4,1,2,2,0,0,4,0,2,2,4
488077,6,4,1,203,1,186,2,204,188,389,3,392
488271,6,4,1,0,11,0,0,11,0,0,11,11
488305,6,4,1,12,4,3,2,16,5,15,6,21
488332,6,4,1,0,7,0,0,7,0,0,7,7
488989,6,4,1,0,20,1,8,20,9,1,28,29
488998,6,4,1,2,14,0,0,16,0,2,14,16
489140,6,4,1,0,7,1,6,7,7,1,13,14
489201,6,4,1,56,67,360,516,123,876,416,583,999
489256,6,4,1,43,3,1,0,46,1,44,3,47
489335,6,4,1,0,0,1,0,0,1,1,0,1
489344,6,4,1,0,8,1,37,8,38,1,45,46
489353,6,4,1,17,70,19,72,87,91,36,142,178
489779,6,4,1,386,800,1877,2494,1186,4371,2263,3294,5557
489858,6,4,1,26,66,0,0,92,0,26,66,92
490115,6,4,1,6,1,0,0,7,0,6,1,7
490230,6,4,1,16,18,0,0,34,0,16,18,34
490258,6,4,1,4,15,0,0,19,0,4,15,19
490300,6,4,1,1,8,2,4,9,6,3,12,15
490416,6,4,1,1,3,0,0,4,0,1,3,4
490425,6,4,1,0,30,0,0,30,0,0,30,30
490601,6,4,1,57,78,0,0,135,0,57,78,135
490805,6,4,1,506,488,177,251,994,428,683,739,1422
491136,6,4,1,0,9,0,7,9,7,0,16,16
491145,6,4,1,0,12,0,8,12,8,0,20,20
491534,6,4,1,0,0,0,1,0,1,0,1,1
491598,6,4,1,0,2,0,0,2,0,0,2,2
491808,6,4,1,0,2,0,0,2,0,0,2,2
491826,6,4,1,0,21,0,0,21,0,0,21,21
491835,6,4,1,0,17,0,0,17,0,0,17,17
491941,6,4,1,1,32,0,0,33,0,1,32,33
491978,6,4,1,0,1,1,3,1,4,1,4,5
492476,6,4,1,1,6,4,7,7,11,5,13,18
492689,6,4,1,99,177,1,10,276,11,100,187,287
492759,6,4,1,2,25,3,37,27,40,5,62,67
492801,6,4,1,20,50,20,28,70,48,40,78,118
492962,6,4,1,22,72,55,97,94,152,77,169,246
493451,6,4,1,1,12,0,0,13,0,1,12,13
493655,6,4,1,1,1,0,0,2,0,1,1,2
493673,6,4,1,1,1,1,0,2,1,2,1,3
493804,6,4,1,11,7,0,0,18,0,11,7,18
493831,6,4,1,7,1,0,0,8,0,7,1,8
494010,6,4,1,5,7,0,0,12,0,5,7,12
494278,6,4,1,1,8,2,17,9,19,3,25,28
494287,6,4,1,4,6,2,20,10,22,6,26,32
494472,6,4,1,0,3,0,1,3,1,0,4,4
494551,6,4,1,0,3,0,2,3,2,0,5,5
494898,6,4,1,1,11,0,0,12,0,1,11,12
494959,6,4,1,0,0,2,2,0,4,2,2,4
495077,6,4,1,0,12,0,0,12,0,0,12,12
495101,6,4,1,4,8,0,0,12,0,4,8,12
495271,6,4,1,0,0,2,4,0,6,2,4,6
495314,6,4,1,116,113,0,0,229,0,116,113,229
495350,6,4,1,2,4,0,0,6,0,2,4,6
495369,6,4,1,0,7,0,4,7,4,0,11,11
495411,6,4,1,4,13,0,1,17,1,4,14,18
495518,6,4,1,0,13,0,9,13,9,0,22,22
496043,6,4,1,82,86,0,0,168,0,82,86,168
496052,6,4,1,2,1,0,0,3,0,2,1,3
496618,6,4,1,1,38,0,0,39,0,1,38,39
496636,6,4,1,5,15,0,0,20,0,5,15,20
496733,6,4,1,0,8,0,0,8,0,0,8,8
497000,6,4,1,9,31,0,0,40,0,9,31,40
497037,6,4,1,10,54,14,29,64,43,24,83,107
497046,6,4,1,16,38,233,405,54,638,249,443,692
497107,6,4,1,0,0,0,13,0,13,0,13,13
497301,6,4,1,0,30,1,28,30,29,1,58,59
497417,6,4,1,0,6,0,0,6,0,0,6,6
497480,6,4,1,3,38,6,11,41,17,9,49,58
497790,6,4,1,18,0,0,0,18,0,18,0,18
498562,6,4,1,634,730,163,224,1364,387,797,954,1751
498571,6,4,1,675,1014,191,344,1689,535,866,1358,2224
100663,6,4,2,685,787,333,472,1472,805,1018,1259,2277
100706,6,4,2,564,372,240,153,936,393,804,525,1329
100751,6,4,2,1540,1079,323,304,2619,627,1863,1383,3246
100760,6,4,2,7,19,29,62,26,91,36,81,117
100812,6,4,2,101,213,108,210,314,318,209,423,632
100830,6,4,2,211,381,95,156,592,251,306,537,843
100858,6,4,2,1854,926,424,270,2780,694,2278,1196,3474
100937,6,4,2,69,32,0,2,101,2,69,34,103
101143,6,4,2,56,31,23,35,87,58,79,66,145
101161,6,4,2,74,129,118,287,203,405,192,416,608
101189,6,4,2,133,100,31,23,233,54,164,123,287
101240,6,4,2,80,122,65,220,202,285,145,342,487
101286,6,4,2,33,98,84,227,131,311,117,325,442
101295,6,4,2,61,137,90,255,198,345,151,392,543
101301,6,4,2,24,21,16,46,45,62,40,67,107
101435,6,4,2,119,85,5,4,204,9,124,89,213
101453,6,4,2,9,1,5,0,10,5,14,1,15
101462,6,4,2,14,8,37,42,22,79,51,50,101
101480,6,4,2,450,501,115,122,951,237,565,623,1188
101505,6,4,2,83,121,249,472,204,721,332,593,925
101514,6,4,2,129,120,297,430,249,727,426,550,976
101569,6,4,2,30,76,74,174,106,248,104,250,354
101587,6,4,2,77,211,56,63,288,119,133,274,407
101648,6,4,2,8,0,0,0,8,0,8,0,8
101709,6,4,2,144,171,25,37,315,62,169,208,377
101736,6,4,2,30,52,72,146,82,218,102,198,300
101897,6,4,2,21,45,42,77,66,119,63,122,185
101912,6,4,2,85,106,7,9,191,16,92,115,207
101994,6,4,2,6,15,3,9,21,12,9,24,33
102030,6,4,2,45,66,26,118,111,144,71,184,255
102049,6,4,2,125,133,9,16,258,25,134,149,283
102067,6,4,2,67,76,149,206,143,355,216,282,498
102076,6,4,2,17,47,87,99,64,186,104,146,250
102094,6,4,2,507,636,199,233,1143,432,706,869,1575
102234,6,4,2,45,36,4,8,81,12,49,44,93
102313,6,4,2,45,78,61,88,123,149,106,166,272
102368,6,4,2,489,809,245,430,1298,675,734,1239,1973
102377,6,4,2,18,121,25,27,139,52,43,148,191
102395,6,4,2,3,2,11,4,5,15,14,6,20
102429,6,4,2,34,42,56,143,76,199,90,185,275
102553,6,4,2,295,388,307,463,683,770,602,851,1453
102614,6,4,2,167,165,151,234,332,385,318,399,717
102632,6,4,2,43,51,35,75,94,110,78,126,204
103741,6,4,2,3,22,0,8,25,8,3,30,33
104151,6,4,2,4338,2996,1123,692,7334,1815,5461,3688,9149
104160,6,4,2,70,90,285,370,160,655,355,460,815
104179,6,4,2,2003,1732,662,646,3735,1308,2665,2378,5043
104346,6,4,2,64,66,189,275,130,464,253,341,594
104391,6,4,2,0,16,0,0,16,0,0,16,16
104425,6,4,2,67,68,155,154,135,309,222,222,444
104443,6,4,2,0,7,0,1,7,1,0,8,8
104568,6,4,2,1,36,0,43,37,43,1,79,80
104577,6,4,2,50,33,91,105,83,196,141,138,279
104586,6,4,2,337,70,56,10,407,66,393,80,473
104708,6,4,2,213,150,637,790,363,1427,850,940,1790
104717,6,4,2,1296,1355,1349,3980,2651,5329,2645,5335,7980
105145,6,4,2,45,89,154,326,134,480,199,415,614
105154,6,4,2,297,242,783,957,539,1740,1080,1199,2279
105206,6,4,2,41,67,90,271,108,361,131,338,469
105297,6,4,2,24,78,24,66,102,90,48,144,192
105330,6,4,2,1050,1166,249,395,2216,644,1299,1561,2860
105349,6,4,2,15,27,45,78,42,123,60,105,165
105428,6,4,2,139,178,307,638,317,945,446,816,1262
105525,6,4,2,213,247,911,1094,460,2005,1124,1341,2465
105659,6,4,2,146,14,0,0,160,0,146,14,160
105668,6,4,2,62,79,389,610,141,999,451,689,1140
105747,6,4,2,84,78,326,382,162,708,410,460,870
105792,6,4,2,31,47,142,176,78,318,173,223,396
106148,6,4,2,78,43,146,212,121,358,224,255,479
106245,6,4,2,251,321,154,289,572,443,405,610,1015
106263,6,4,2,24,149,9,38,173,47,33,187,220
106324,6,4,2,1,6,0,2,7,2,1,8,9
106397,6,4,2,1159,921,366,336,2080,702,1525,1257,2782
106412,6,4,2,148,136,32,41,284,73,180,177,357
106449,6,4,2,40,56,29,65,96,94,69,121,190
106458,6,4,2,331,359,195,294,690,489,526,653,1179
106467,6,4,2,276,254,98,125,530,223,374,379,753
106546,6,4,2,15,103,3,21,118,24,18,124,142
106625,6,4,2,32,52,12,33,84,45,44,85,129
106713,6,4,2,47,19,1,7,66,8,48,26,74
106908,6,4,2,5,60,0,1,65,1,5,61,66
107080,6,4,2,38,25,6,0,63,6,44,25,69
107099,6,4,2,0,20,0,0,20,0,0,20,20
107141,6,4,2,61,57,5,12,118,17,66,69,135
107318,6,4,2,4,9,18,26,13,44,22,35,57
107512,6,4,2,69,51,6,5,120,11,75,56,131
107521,6,4,2,4,27,5,13,31,18,9,40,49
107558,6,4,2,81,38,1,1,119,2,82,39,121
107585,6,4,2,27,56,38,67,83,105,65,123,188
107600,6,4,2,70,107,12,18,177,30,82,125,207
107619,6,4,2,6,21,2,19,27,21,8,40,48
107664,6,4,2,87,159,66,219,246,285,153,378,531
107725,6,4,2,14,19,15,39,33,54,29,58,87
107743,6,4,2,3,14,2,9,17,11,5,23,28
107789,6,4,2,0,12,0,0,12,0,0,12,12
107974,6,4,2,10,36,13,48,46,61,23,84,107
107983,6,4,2,152,143,26,25,295,51,178,168,346
107992,6,4,2,17,20,9,16,37,25,26,36,62
108092,6,4,2,210,260,89,118,470,207,299,378,677
108232,6,4,2,267,319,162,319,586,481,429,638,1067
108667,6,4,2,37,42,291,379,79,670,328,421,749
108807,6,4,2,145,103,329,411,248,740,474,514,988
108852,6,4,2,21,22,0,0,43,0,21,22,43
109208,6,4,2,217,226,1709,1393,443,3102,1926,1619,3545
109350,6,4,2,189,172,559,719,361,1278,748,891,1639
109785,6,4,2,233,390,31,61,623,92,264,451,715
109819,6,4,2,281,380,734,1150,661,1884,1015,1530,2545
109907,6,4,2,53,107,91,180,160,271,144,287,431
109934,6,4,2,3,76,0,0,79,0,3,76,79
110097,6,4,2,159,214,25,54,373,79,184,268,452
110246,6,4,2,207,199,286,451,406,737,493,650,1143
110316,6,4,2,3,4,0,0,7,0,3,4,7
110334,6,4,2,75,87,459,501,162,960,534,588,1122
110361,6,4,2,408,574,77,124,982,201,485,698,1183
110404,6,4,2,47,24,0,0,71,0,47,24,71
110413,6,4,2,218,146,13,7,364,20,231,153,384
110422,6,4,2,1342,776,292,161,2118,453,1634,937,2571
110486,6,4,2,540,871,170,280,1411,450,710,1151,1861
110495,6,4,2,596,1050,238,371,1646,609,834,1421,2255
110510,6,4,2,1283,1917,430,570,3200,1000,1713,2487,4200
110529,6,4,2,2701,2174,785,531,4875,1316,3486,2705,6191
110538,6,4,2,1393,1213,252,229,2606,481,1645,1442,3087
110547,6,4,2,900,1253,359,436,2153,795,1259,1689,2948
110556,6,4,2,1605,2234,577,668,3839,1245,2182,2902,5084
110565,6,4,2,2888,3274,1214,1366,6162,2580,4102,4640,8742
110574,6,4,2,966,1157,275,377,2123,652,1241,1534,2775
110583,6,4,2,2673,3155,871,931,5828,1802,3544,4086,7630
110592,6,4,2,1594,2139,537,591,3733,1128,2131,2730,4861
110608,6,4,2,2848,3018,1128,977,5866,2105,3976,3995,7971
110617,6,4,2,2605,2912,977,997,5517,1974,3582,3909,7491
110635,6,4,2,1619,1526,240,226,3145,466,1859,1752,3611
110644,6,4,2,1822,1940,147,168,3762,315,1969,2108,4077
110653,6,4,2,1677,1363,161,121,3040,282,1838,1484,3322
110662,6,4,2,1305,1302,93,77,2607,170,1398,1379,2777
110671,6,4,2,1408,1016,185,114,2424,299,1593,1130,2723
110680,6,4,2,2148,1669,234,186,3817,420,2382,1855,4237
110705,6,4,2,1433,1072,130,96,2505,226,1563,1168,2731
110714,6,4,2,1246,748,176,93,1994,269,1422,841,2263
111188,6,4,2,122,20,12,2,142,14,134,22,156
111434,6,4,2,15,32,262,307,47,569,277,339,616
111461,6,4,2,201,170,682,702,371,1384,883,872,1755
111513,6,4,2,0,31,0,9,31,9,0,40,40
111887,6,4,2,436,523,834,768,959,1602,1270,1291,2561
111896,6,4,2,25,35,96,211,60,307,121,246,367
111920,6,4,2,144,145,622,576,289,1198,766,721,1487
111939,6,4,2,264,370,853,1315,634,2168,1117,1685,2802
111948,6,4,2,360,232,86,67,592,153,446,299,745
112075,6,4,2,101,130,18,13,231,31,119,143,262
112084,6,4,2,25,18,4,8,43,12,29,26,55
112172,6,4,2,209,262,468,497,471,965,677,759,1436
112260,6,4,2,80,45,4,1,125,5,84,46,130
112367,6,4,2,0,0,5,21,0,26,5,21,26
112385,6,4,2,36,52,352,442,88,794,388,494,882
112561,6,4,2,30,41,51,66,71,117,81,107,188
112686,6,4,2,38,49,116,203,87,319,154,252,406
112826,6,4,2,66,73,221,347,139,568,287,420,707
113096,6,4,2,122,118,654,844,240,1498,776,962,1738
113111,6,4,2,85,74,256,302,159,558,341,376,717
113193,6,4,2,100,97,310,360,197,670,410,457,867
113236,6,4,2,236,243,688,917,479,1605,924,1160,2084
113333,6,4,2,451,318,690,639,769,1329,1141,957,2098
113537,6,4,2,1,2,0,0,3,0,1,2,3
113573,6,4,2,162,166,344,487,328,831,506,653,1159
113582,6,4,2,1,18,0,3,19,3,1,21,22
113634,6,4,2,320,244,754,785,564,1539,1074,1029,2103
113698,6,4,2,36,69,12,45,105,57,48,114,162
113856,6,4,2,295,339,1082,1527,634,2609,1377,1866,3243
113980,6,4,2,318,312,943,1044,630,1987,1261,1356,2617
114266,6,4,2,111,103,507,510,214,1017,618,613,1231
114354,6,4,2,61,246,34,102,307,136,95,348,443
114433,6,4,2,26,16,24,27,42,51,50,43,93
114716,6,4,2,241,224,666,554,465,1220,907,778,1685
114761,6,4,2,0,8,0,0,8,0,0,8,8
114789,6,4,2,285,312,930,1232,597,2162,1215,1544,2759
114813,6,4,2,50,71,25,101,121,126,75,172,247
114859,6,4,2,346,295,1006,1099,641,2105,1352,1394,2746
114938,6,4,2,68,66,168,201,134,369,236,267,503
114947,6,4,2,30,20,0,0,50,0,30,20,50
115001,6,4,2,213,222,317,348,435,665,530,570,1100
115083,6,4,2,19,12,4,4,31,8,23,16,39
115126,6,4,2,124,148,530,707,272,1237,654,855,1509
115393,6,4,2,118,130,256,294,248,550,374,424,798
115755,6,4,2,559,652,104,139,1211,243,663,791,1454
115861,6,4,2,149,189,250,326,338,576,399,515,914
116439,6,4,2,174,103,505,426,277,931,679,529,1208
116563,6,4,2,0,26,0,0,26,0,0,26,26
117052,6,4,2,82,52,256,328,134,584,338,380,718
117104,6,4,2,24,33,6,4,57,10,30,37,67
117195,6,4,2,24,29,90,76,53,166,114,105,219
117247,6,4,2,93,76,386,413,169,799,479,489,968
117274,6,4,2,14,14,58,19,28,77,72,33,105
117645,6,4,2,450,563,1131,1417,1013,2548,1581,1980,3561
117672,6,4,2,3,0,0,4,3,4,3,4,7
117690,6,4,2,65,60,336,533,125,869,401,593,994
117706,6,4,2,173,194,794,906,367,1700,967,1100,2067
117715,6,4,2,20,41,163,353,61,516,183,394,577
117724,6,4,2,173,110,570,459,283,1029,743,569,1312
117733,6,4,2,112,108,630,882,220,1512,742,990,1732
117788,6,4,2,161,170,545,803,331,1348,706,973,1679
117803,6,4,2,0,0,12,26,0,38,12,26,38
117867,6,4,2,56,86,416,646,142,1062,472,732,1204
117894,6,4,2,87,98,320,390,185,710,407,488,895
117946,6,4,2,394,280,50,35,674,85,444,315,759
118347,6,4,2,68,61,150,169,129,319,218,230,448
118684,6,4,2,16,35,85,153,51,238,101,188,289
118718,6,4,2,159,232,257,407,391,664,416,639,1055
118772,6,4,2,59,83,214,375,142,589,273,458,731
118930,6,4,2,106,76,265,331,182,596,371,407,778
118976,6,4,2,414,537,467,769,951,1236,881,1306,2187
119058,6,4,2,3,3,0,1,6,1,3,4,7
119067,6,4,2,113,128,226,280,241,506,339,408,747
119137,6,4,2,173,138,589,632,311,1221,762,770,1532
119164,6,4,2,608,502,1556,1688,1110,3244,2164,2190,4354
119216,6,4,2,243,287,582,825,530,1407,825,1112,1937
119331,6,4,2,50,71,138,222,121,360,188,293,481
120166,6,4,2,3,1,0,0,4,0,3,1,4
120254,6,4,2,79,71,10,5,150,15,89,76,165
120290,6,4,2,124,102,337,300,226,637,461,402,863
120342,6,4,2,380,242,921,915,622,1836,1301,1157,2458
120403,6,4,2,76,167,6,9,243,15,82,176,258
120421,6,4,2,65,71,319,331,136,650,384,402,786
120865,6,4,2,51,74,4,5,125,9,55,79,134
120883,6,4,2,199,121,20,22,320,42,219,143,362
120953,6,4,2,14,17,91,34,31,125,105,51,156
120971,6,4,2,305,240,1013,839,545,1852,1318,1079,2397
121044,6,4,2,460,412,1058,1230,872,2288,1518,1642,3160
121150,6,4,2,147,107,23,29,254,52,170,136,306
121275,6,4,2,6,2,0,0,8,0,6,2,8
121309,6,4,2,115,140,43,62,255,105,158,202,360
121363,6,4,2,45,64,93,199,109,292,138,263,401
121619,6,4,2,234,209,1021,1081,443,2102,1255,1290,2545
121707,6,4,2,53,54,106,146,107,252,159,200,359
121886,6,4,2,204,178,1023,769,382,1792,1227,947,2174
121901,6,4,2,190,250,920,1315,440,2235,1110,1565,2675
122180,6,4,2,215,278,831,1211,493,2042,1046,1489,2535
122205,6,4,2,211,156,761,856,367,1617,972,1012,1984
122296,6,4,2,15,90,1,8,105,9,16,98,114
122339,6,4,2,87,107,647,824,194,1471,734,931,1665
122375,6,4,2,169,197,968,1328,366,2296,1137,1525,2662
122384,6,4,2,140,64,713,708,204,1421,853,772,1625
122409,6,4,2,2396,2271,663,584,4667,1247,3059,2855,5914
122436,6,4,2,363,228,36,25,591,61,399,253,652
122597,6,4,2,1904,2045,630,659,3949,1289,2534,2704,5238
122612,6,4,2,275,368,40,52,643,92,315,420,735
122658,6,4,2,295,370,429,652,665,1081,724,1022,1746
122728,6,4,2,84,82,22,22,166,44,106,104,210
122746,6,4,2,79,98,343,517,177,860,422,615,1037
122755,6,4,2,2717,2133,1051,847,4850,1898,3768,2980,6748
122791,6,4,2,80,53,337,308,133,645,417,361,778
122889,6,4,2,208,203,402,534,411,936,610,737,1347
122931,6,4,2,404,229,41,16,633,57,445,245,690
122977,6,4,2,506,526,1052,1241,1032,2293,1558,1767,3325
123013,6,4,2,219,201,733,847,420,1580,952,1048,2000
123165,6,4,2,0,75,0,2,75,2,0,77,77
123217,6,4,2,205,185,374,592,390,966,579,777,1356
123341,6,4,2,205,170,575,674,375,1249,780,844,1624
123457,6,4,2,61,59,5,7,120,12,66,66,132
123484,6,4,2,27,8,17,31,35,48,44,39,83
123509,6,4,2,100,101,391,424,201,815,491,525,1016
123563,6,4,2,105,120,351,457,225,808,456,577,1033
123572,6,4,2,494,586,137,172,1080,309,631,758,1389
123800,6,4,2,331,388,713,871,719,1584,1044,1259,2303
123952,6,4,2,47,27,4,8,74,12,51,35,86
123961,6,4,2,1278,926,144,100,2204,244,1422,1026,2448
124113,6,4,2,30,81,224,158,111,382,254,239,493
124487,6,4,2,0,0,0,3,0,3,0,3,3
125028,6,4,2,123,117,481,590,240,1071,604,707,1311
125231,6,4,2,16,114,65,325,130,390,81,439,520
125462,6,4,2,17,18,86,111,35,197,103,129,232
125471,6,4,2,80,96,400,567,176,967,480,663,1143
125499,6,4,2,91,68,300,347,159,647,391,415,806
125763,6,4,2,100,115,7,4,215,11,107,119,226
125897,6,4,2,87,86,17,13,173,30,104,99,203
126119,6,4,2,37,59,171,270,96,441,208,329,537
126182,6,4,2,129,70,25,20,199,45,154,90,244
126207,6,4,2,111,107,149,232,218,381,260,339,599
126289,6,4,2,113,113,209,352,226,561,322,465,787
126562,6,4,2,720,819,312,414,1539,726,1032,1233,2265
126580,6,4,2,642,625,266,277,1267,543,908,902,1810
126614,6,4,2,2065,1010,418,299,3075,717,2483,1309,3792
126711,6,4,2,96,66,90,160,162,250,186,226,412
126748,6,4,2,13,23,4,19,36,23,17,42,59
126775,6,4,2,338,133,65,35,471,100,403,168,571
126818,6,4,2,1689,1278,448,430,2967,878,2137,1708,3845
126827,6,4,2,347,774,202,448,1121,650,549,1222,1771
126863,6,4,2,66,58,146,211,124,357,212,269,481
126915,6,4,2,6,10,4,8,16,12,10,18,28
126942,6,4,2,97,171,221,397,268,618,318,568,886
126951,6,4,2,152,12,0,0,164,0,152,12,164
127185,6,4,2,244,192,39,48,436,87,283,240,523
127200,6,4,2,246,247,602,853,493,1455,848,1100,1948
127316,6,4,2,4,14,4,35,18,39,8,49,57
127389,6,4,2,10,5,3,15,15,18,13,20,33
127556,6,4,2,525,447,156,145,972,301,681,592,1273
127565,6,4,2,1024,1127,607,784,2151,1391,1631,1911,3542
127617,6,4,2,9,13,13,33,22,46,22,46,68
127653,6,4,2,16,43,1,5,59,6,17,48,65
127714,6,4,2,1,1,15,8,2,23,16,9,25
127732,6,4,2,11,22,4,30,33,34,15,52,67
127741,6,4,2,343,471,80,152,814,232,423,623,1046
127778,6,4,2,10,15,7,15,25,22,17,30,47
127820,6,4,2,213,260,405,574,473,979,618,834,1452
127884,6,4,2,74,92,93,215,166,308,167,307,474
127909,6,4,2,129,94,200,232,223,432,329,326,655
127918,6,4,2,78,123,27,74,201,101,105,197,302
128106,6,4,2,231,223,93,69,454,162,324,292,616
128258,6,4,2,30,27,19,44,57,63,49,71,120
128337,6,4,2,1,4,0,8,5,8,1,12,13
128498,6,4,2,73,34,7,6,107,13,80,40,120
128577,6,4,2,17,15,30,43,32,73,47,58,105
128744,6,4,2,80,148,7,26,228,33,87,174,261
128771,6,4,2,704,475,250,239,1179,489,954,714,1668
128780,6,4,2,7,38,20,64,45,84,27,102,129
128902,6,4,2,90,57,1,1,147,2,91,58,149
129020,6,4,2,882,555,144,97,1437,241,1026,652,1678
129154,6,4,2,19,38,41,295,57,336,60,333,393
129181,6,4,2,48,3,18,4,51,22,66,7,73
129215,6,4,2,202,167,53,44,369,97,255,211,466
129242,6,4,2,109,99,16,10,208,26,125,109,234
129349,6,4,2,1,23,0,7,24,7,1,30,31
129367,6,4,2,25,44,91,214,69,305,116,258,374
129525,6,4,2,138,91,31,34,229,65,169,125,294
129543,6,4,2,47,79,128,235,126,363,175,314,489
129695,6,4,2,78,79,195,254,157,449,273,333,606
129729,6,4,2,62,69,176,319,131,495,238,388,626
129756,6,4,2,24,23,81,125,47,206,105,148,253
129774,6,4,2,44,42,3,2,86,5,47,44,91
129808,6,4,2,31,44,95,202,75,297,126,246,372
129923,6,4,2,18,41,14,14,59,28,32,55,87
129941,6,4,2,157,109,56,25,266,81,213,134,347
130004,6,4,2,74,75,212,266,149,478,286,341,627
130040,6,4,2,18,18,42,53,36,95,60,71,131
130183,6,4,2,172,454,151,579,626,730,323,1033,1356
130217,6,4,2,8,10,37,51,18,88,45,61,106
130226,6,4,2,293,391,36,37,684,73,329,428,757
130253,6,4,2,208,202,44,92,410,136,252,294,546
130314,6,4,2,30,55,4,7,85,11,34,62,96
130396,6,4,2,86,103,263,406,189,669,349,509,858
130590,6,4,2,142,66,4,1,208,5,146,67,213
130606,6,4,2,54,72,140,189,126,329,194,261,455
130624,6,4,2,61,37,0,0,98,0,61,37,98
130697,6,4,2,111,101,1,0,212,1,112,101,213
130776,6,4,2,270,246,104,88,516,192,374,334,708
130794,6,4,2,467,352,1,0,819,1,468,352,820
130934,6,4,2,218,304,40,63,522,103,258,367,625
130943,6,4,2,759,484,192,134,1243,326,951,618,1569
130989,6,4,2,109,91,15,20,200,35,124,111,235
131113,6,4,2,297,358,348,541,655,889,645,899,1544
131399,6,4,2,134,125,104,127,259,231,238,252,490
131450,6,4,2,133,115,7,11,248,18,140,126,266
131469,6,4,2,801,1112,52,112,1913,164,853,1224,2077
131496,6,4,2,346,299,38,37,645,75,384,336,720
131520,6,4,2,143,178,44,26,321,70,187,204,391
132471,6,4,2,137,223,10,36,360,46,147,259,406
132693,6,4,2,227,225,431,704,452,1135,658,929,1587
132709,6,4,2,465,466,1361,1999,931,3360,1826,2465,4291
132842,6,4,2,2,11,3,16,13,19,5,27,32
132851,6,4,2,105,141,162,270,246,432,267,411,678
132879,6,4,2,21,17,3,1,38,4,24,18,42
132903,6,4,2,3853,4029,3157,3301,7882,6458,7010,7330,14340
133021,6,4,2,22,28,36,62,50,98,58,90,148
133386,6,4,2,274,278,295,598,552,893,569,876,1445
133492,6,4,2,56,94,10,12,150,22,66,106,172
133508,6,4,2,160,235,480,850,395,1330,640,1085,1725
133553,6,4,2,743,180,104,26,923,130,847,206,1053
133650,6,4,2,639,945,110,192,1584,302,749,1137,1886
133702,6,4,2,302,491,764,1317,793,2081,1066,1808,2874
133711,6,4,2,112,142,14,20,254,34,126,162,288
133809,6,4,2,28,21,0,2,49,2,28,23,51
133872,6,4,2,18,66,28,119,84,147,46,185,231
133881,6,4,2,354,96,83,24,450,107,437,120,557
133960,6,4,2,30,25,31,55,55,86,61,80,141
134097,6,4,2,1549,1249,580,541,2798,1121,2129,1790,3919
134130,6,4,2,2239,2298,771,625,4537,1396,3010,2923,5933
134343,6,4,2,57,125,117,250,182,367,174,375,549
134495,6,4,2,542,498,723,1099,1040,1822,1265,1597,2862
134608,6,4,2,212,242,490,789,454,1279,702,1031,1733
135160,6,4,2,25,63,78,133,88,211,103,196,299
135188,6,4,2,36,71,127,183,107,310,163,254,417
135391,6,4,2,111,198,315,514,309,829,426,712,1138
135407,6,4,2,87,79,5,2,166,7,92,81,173
135610,6,4,2,1,1,4,1,2,5,5,2,7
135717,6,4,2,874,1093,1963,2565,1967,4528,2837,3658,6495
135726,6,4,2,634,553,74,59,1187,133,708,612,1320
136109,6,4,2,0,10,0,15,10,15,0,25,25
136145,6,4,2,6,13,14,37,19,51,20,50,70
136172,6,4,2,458,416,378,400,874,778,836,816,1652
136233,6,4,2,97,119,118,188,216,306,215,307,522
136330,6,4,2,82,163,8,16,245,24,90,179,269
136358,6,4,2,359,391,1007,1582,750,2589,1366,1973,3339
136400,6,4,2,126,159,324,468,285,792,450,627,1077
136473,6,4,2,113,196,219,410,309,629,332,606,938
136516,6,4,2,105,178,277,479,283,756,382,657,1039
136659,6,4,2,19,2,18,1,21,19,37,3,40
136950,6,4,2,143,143,10,16,286,26,153,159,312
137078,6,4,2,386,489,791,1364,875,2155,1177,1853,3030
137096,6,4,2,290,234,539,691,524,1230,829,925,1754
137209,6,4,2,245,224,635,896,469,1531,880,1120,2000
137281,6,4,2,67,70,156,267,137,423,223,337,560
137351,6,4,2,2572,2742,1241,1424,5314,2665,3813,4166,7979
137546,6,4,2,121,76,19,12,197,31,140,88,228
137564,6,4,2,364,460,83,107,824,190,447,567,1014
137591,6,4,2,9,19,2,10,28,12,11,29,40
137759,6,4,2,223,234,357,500,457,857,580,734,1314
138187,6,4,2,705,791,1867,2642,1496,4509,2572,3433,6005
138275,6,4,2,47,34,6,2,81,8,53,36,89
138309,6,4,2,92,554,57,431,646,488,149,985,1134
138354,6,4,2,537,578,256,324,1115,580,793,902,1695
138558,6,4,2,192,130,60,120,322,180,252,250,502
138600,6,4,2,6,108,0,9,114,9,6,117,123
138682,6,4,2,44,100,57,168,144,225,101,268,369
138716,6,4,2,256,490,63,261,746,324,319,751,1070
138761,6,4,2,8,6,0,3,14,3,8,9,17
138840,6,4,2,58,61,82,191,119,273,140,252,392
138938,6,4,2,1,40,1,17,41,18,2,57,59
138947,6,4,2,100,200,20,28,300,48,120,228,348
138956,6,4,2,95,118,182,193,213,375,277,311,588
139144,6,4,2,40,46,6,2,86,8,46,48,94
139199,6,4,2,10,132,1,37,142,38,11,169,180
139205,6,4,2,73,36,9,3,109,12,82,39,121
139250,6,4,2,103,199,74,141,302,215,177,340,517
139278,6,4,2,82,137,180,385,219,565,262,522,784
139311,6,4,2,211,467,124,270,678,394,335,737,1072
139357,6,4,2,40,104,98,234,144,332,138,338,476
139366,6,4,2,311,403,142,208,714,350,453,611,1064
139384,6,4,2,104,157,131,289,261,420,235,446,681
139393,6,4,2,35,35,7,0,70,7,42,35,77
139463,6,4,2,191,270,184,253,461,437,375,523,898
139506,6,4,2,4,3,0,0,7,0,4,3,7
139621,6,4,2,30,45,29,34,75,63,59,79,138
139658,6,4,2,351,300,17,23,651,40,368,323,691
139700,6,4,2,121,170,191,396,291,587,312,566,878
139719,6,4,2,166,212,28,62,378,90,194,274,468
139755,6,4,2,1304,655,388,242,1959,630,1692,897,2589
139764,6,4,2,113,158,44,57,271,101,157,215,372
139861,6,4,2,216,243,60,78,459,138,276,321,597
139931,6,4,2,1406,1352,451,455,2758,906,1857,1807,3664
139940,6,4,2,1597,2081,946,1241,3678,2187,2543,3322,5865
139959,6,4,2,2000,1568,442,395,3568,837,2442,1963,4405
139986,6,4,2,64,138,126,280,202,406,190,418,608
140012,6,4,2,146,140,422,573,286,995,568,713,1281
140234,6,4,2,36,26,1,1,62,2,37,27,64
140243,6,4,2,66,119,204,317,185,521,270,436,706
140252,6,4,2,88,73,19,31,161,50,107,104,211
140331,6,4,2,168,198,433,502,366,935,601,700,1301
140447,6,4,2,188,276,34,102,464,136,222,378,600
140678,6,4,2,38,68,72,105,106,177,110,173,283
140696,6,4,2,56,51,7,5,107,12,63,56,119
140720,6,4,2,26,30,1,4,56,5,27,34,61
140818,6,4,2,79,151,6,9,230,15,85,160,245
140942,6,4,2,80,117,104,240,197,344,184,357,541
140951,6,4,2,625,1040,253,493,1665,746,878,1533,2411
140960,6,4,2,173,193,38,52,366,90,211,245,456
140988,6,4,2,54,54,5,7,108,12,59,61,120
141006,6,4,2,49,54,51,70,103,121,100,124,224
141060,6,4,2,0,91,14,60,91,74,14,151,165
141255,6,4,2,35,87,92,182,122,274,127,269,396
141264,6,4,2,445,687,139,250,1132,389,584,937,1521
141334,6,4,2,505,786,188,342,1291,530,693,1128,1821
141565,6,4,2,125,179,46,87,304,133,171,266,437
141574,6,4,2,752,845,336,415,1597,751,1088,1260,2348
141644,6,4,2,154,282,33,57,436,90,187,339,526
141680,6,4,2,57,20,153,139,77,292,210,159,369
141796,6,4,2,104,139,242,462,243,704,346,601,947
141802,6,4,2,5,16,26,74,21,100,31,90,121
141811,6,4,2,71,80,222,373,151,595,293,453,746
141839,6,4,2,18,34,44,134,52,178,62,168,230
141981,6,4,2,119,210,90,151,329,241,209,361,570
141990,6,4,2,12,28,72,128,40,200,84,156,240
142115,6,4,2,929,820,385,418,1749,803,1314,1238,2552
142179,6,4,2,45,48,46,110,93,156,91,158,249
142276,6,4,2,469,561,118,176,1030,294,587,737,1324
142285,6,4,2,569,383,79,67,952,146,648,450,1098
142407,6,4,2,4,16,0,0,20,0,4,16,20
142443,6,4,2,68,65,69,157,133,226,137,222,359
142461,6,4,2,61,54,12,20,115,32,73,74,147
142522,6,4,2,3141,2121,2830,2483,5262,5313,5971,4604,10575
142559,6,4,2,63,105,83,208,168,291,146,313,459
142887,6,4,2,3,8,2,4,11,6,5,12,17
143118,6,4,2,221,369,32,75,590,107,253,444,697
143215,6,4,2,99,135,253,300,234,553,352,435,787
143279,6,4,2,35,45,64,143,80,207,99,188,287
143288,6,4,2,30,29,1,2,59,3,31,31,62
143358,6,4,2,247,146,27,16,393,43,274,162,436
143376,6,4,2,1,22,0,13,23,13,1,35,36
143613,6,4,2,15,47,18,57,62,75,33,104,137
144050,6,4,2,372,214,0,0,586,0,372,214,586
144157,6,4,2,43,55,45,67,98,112,88,122,210
144166,6,4,2,82,236,160,582,318,742,242,818,1060
144175,6,4,2,30,42,46,71,72,117,76,113,189
144184,6,4,2,57,101,190,245,158,435,247,346,593
144193,6,4,2,102,61,149,155,163,304,251,216,467
144209,6,4,2,130,166,222,323,296,545,352,489,841
144218,6,4,2,111,94,272,363,205,635,383,457,840
144351,6,4,2,84,99,13,13,183,26,97,112,209
144564,6,4,2,12,36,19,42,48,61,31,78,109
144740,6,4,2,978,877,170,144,1855,314,1148,1021,2169
144865,6,4,2,342,306,917,1050,648,1967,1259,1356,2615
144883,6,4,2,52,36,0,0,88,0,52,36,88
144892,6,4,2,288,324,48,46,612,94,336,370,706
144944,6,4,2,154,119,400,460,273,860,554,579,1133
144962,6,4,2,200,235,26,15,435,41,226,250,476
144971,6,4,2,46,20,0,5,66,5,46,25,71
145099,6,4,2,6,52,0,0,58,0,6,52,58
145336,6,4,2,169,273,91,122,442,213,260,395,655
145372,6,4,2,93,47,7,11,140,18,100,58,158
145521,6,4,2,13,16,16,37,29,53,29,53,82
145600,6,4,2,1792,1424,408,374,3216,782,2200,1798,3998
145619,6,4,2,284,219,45,54,503,99,329,273,602
145637,6,4,2,1537,874,255,118,2411,373,1792,992,2784
145682,6,4,2,70,66,187,322,136,509,257,388,645
145691,6,4,2,64,48,3,5,112,8,67,53,120
145707,6,4,2,10,20,10,11,30,21,20,31,51
145813,6,4,2,1137,982,251,180,2119,431,1388,1162,2550
145831,6,4,2,40,20,72,85,60,157,112,105,217
146205,6,4,2,56,82,52,93,138,145,108,175,283
146278,6,4,2,20,29,30,64,49,94,50,93,143
146296,6,4,2,143,155,411,557,298,968,554,712,1266
146339,6,4,2,74,40,5,3,114,8,79,43,122
146348,6,4,2,30,41,63,114,71,177,93,155,248
146366,6,4,2,20,65,28,69,85,97,48,134,182
146418,6,4,2,28,42,65,96,70,161,93,138,231
146427,6,4,2,68,57,1,2,125,3,69,59,128
146472,6,4,2,182,147,542,680,329,1222,724,827,1551
146481,6,4,2,126,136,4,15,262,19,130,151,281
146506,6,4,2,50,102,45,79,152,124,95,181,276
146533,6,4,2,9,22,1,12,31,13,10,34,44
146603,6,4,2,47,77,70,144,124,214,117,221,338
146612,6,4,2,295,274,109,74,569,183,404,348,752
146685,6,4,2,60,63,117,256,123,373,177,319,496
146700,6,4,2,146,69,0,0,215,0,146,69,215
146719,6,4,2,319,605,81,115,924,196,400,720,1120
147004,6,4,2,62,60,206,244,122,450,268,304,572
147013,6,4,2,108,63,7,8,171,15,115,71,186
147129,6,4,2,6,58,7,33,64,40,13,91,104
147244,6,4,2,129,135,8,18,264,26,137,153,290
147369,6,4,2,157,130,36,27,287,63,193,157,350
147378,6,4,2,122,133,382,440,255,822,504,573,1077
147411,6,4,2,57,61,132,219,118,351,189,280,469
147536,6,4,2,167,367,62,148,534,210,229,515,744
147590,6,4,2,3,2,1,0,5,1,4,2,6
147660,6,4,2,171,155,14,9,326,23,185,164,349
147679,6,4,2,133,172,16,13,305,29,149,185,334
147776,6,4,2,287,366,163,225,653,388,450,591,1041
147800,6,4,2,99,79,368,388,178,756,467,467,934
147828,6,4,2,112,107,10,8,219,18,122,115,237
147916,6,4,2,102,106,173,205,208,378,275,311,586
148007,6,4,2,42,70,94,157,112,251,136,227,363
148131,6,4,2,66,58,5,10,124,15,71,68,139
148256,6,4,2,27,56,18,31,83,49,45,87,132
148292,6,4,2,11,25,32,97,36,129,43,122,165
148380,6,4,2,94,70,256,312,164,568,350,382,732
148487,6,4,2,186,246,30,47,432,77,216,293,509
148511,6,4,2,2,16,4,11,18,15,6,27,33
148575,6,4,2,8,48,2,23,56,25,10,71,81
148627,6,4,2,150,246,38,54,396,92,188,300,488
148654,6,4,2,155,139,67,53,294,120,222,192,414
148672,6,4,2,21,19,22,45,40,67,43,64,107
148821,6,4,2,8,24,15,32,32,47,23,56,79
148876,6,4,2,22,56,4,14,78,18,26,70,96
148937,6,4,2,19,17,13,21,36,34,32,38,70
148991,6,4,2,13,9,25,46,22,71,38,55,93
149222,6,4,2,637,477,150,118,1114,268,787,595,1382
149231,6,4,2,622,616,281,249,1238,530,903,865,1768
149310,6,4,2,29,6,0,0,35,0,29,6,35
149365,6,4,2,22,50,70,160,72,230,92,210,302
149532,6,4,2,101,126,376,430,227,806,477,556,1033
149727,6,4,2,84,73,297,381,157,678,381,454,835
149772,6,4,2,352,373,77,104,725,181,429,477,906
149781,6,4,2,99,62,17,12,161,29,116,74,190
149842,6,4,2,150,153,487,606,303,1093,637,759,1396
150136,6,4,2,643,710,114,171,1353,285,757,881,1638
150163,6,4,2,250,290,24,14,540,38,274,304,578
150172,6,4,2,39,16,13,3,55,16,52,19,71
150534,6,4,2,53,61,8,15,114,23,61,76,137
150604,6,4,2,57,49,7,3,106,10,64,52,116
150668,6,4,2,43,60,10,3,103,13,53,63,116
150677,6,4,2,88,105,6,5,193,11,94,110,204
150765,6,4,2,0,13,0,0,13,0,0,13,13
150941,6,4,2,47,34,12,14,81,26,59,48,107
150987,6,4,2,676,1151,3210,3376,1827,6586,3886,4527,8413
151111,6,4,2,1117,1389,326,397,2506,723,1443,1786,3229
151263,6,4,2,182,236,32,75,418,107,214,311,525
151290,6,4,2,105,31,18,9,136,27,123,40,163
151306,6,4,2,391,552,107,126,943,233,498,678,1176
151324,6,4,2,371,393,97,76,764,173,468,469,937
151333,6,4,2,130,202,41,63,332,104,171,265,436
151342,6,4,2,230,339,94,118,569,212,324,457,781
151351,6,4,2,1307,795,225,144,2102,369,1532,939,2471
151360,6,4,2,118,273,56,145,391,201,174,418,592
151379,6,4,2,177,191,105,143,368,248,282,334,616
151388,6,4,2,81,159,80,124,240,204,161,283,444
151661,6,4,2,80,20,0,0,100,0,80,20,100
151777,6,4,2,52,49,6,9,101,15,58,58,116
151962,6,4,2,10,32,1,10,42,11,11,42,53
152080,6,4,2,344,222,11,3,566,14,355,225,580
152318,6,4,2,130,29,11,4,159,15,141,33,174
152336,6,4,2,63,100,2,11,163,13,65,111,176
152390,6,4,2,0,72,0,7,72,7,0,79,79
152567,6,4,2,151,50,13,2,201,15,164,52,216
152600,6,4,2,125,95,9,7,220,16,134,102,236
152637,6,4,2,133,146,71,90,279,161,204,236,440
152673,6,4,2,56,0,1,0,56,1,57,0,57
152798,6,4,2,8,77,0,7,85,7,8,84,92
152992,6,4,2,52,43,1,5,95,6,53,48,101
153001,6,4,2,65,100,12,16,165,28,77,116,193
153083,6,4,2,1,24,0,0,25,0,1,24,25
153108,6,4,2,38,15,9,1,53,10,47,16,63
153126,6,4,2,77,34,3,3,111,6,80,37,117
153144,6,4,2,51,74,5,2,125,7,56,76,132
153162,6,4,2,62,48,1,0,110,1,63,48,111
153214,6,4,2,251,255,422,611,506,1033,673,866,1539
153241,6,4,2,1,0,1,1,1,2,2,1,3
153250,6,4,2,252,238,3,6,490,9,255,244,499
153269,6,4,2,93,99,12,9,192,21,105,108,213
153302,6,4,2,6,15,6,0,21,6,12,15,27
153311,6,4,2,62,116,95,232,178,327,157,348,505
153366,6,4,2,81,62,2,3,143,5,83,65,148
153384,6,4,2,70,60,2,2,130,4,72,62,134
153445,6,4,2,67,88,50,103,155,153,117,191,308
153472,6,4,2,60,44,18,36,104,54,78,80,158
153524,6,4,2,79,96,31,74,175,105,110,170,280
153533,6,4,2,27,21,16,25,48,41,43,46,89
153621,6,4,2,64,40,7,10,104,17,71,50,121
153630,6,4,2,65,80,39,133,145,172,104,213,317
153658,6,4,2,1113,929,270,273,2042,543,1383,1202,2585
153737,6,4,2,173,227,195,363,400,558,368,590,958
153825,6,4,2,88,41,30,12,129,42,118,53,171
153834,6,4,2,75,61,8,3,136,11,83,64,147
154004,6,4,2,107,92,10,11,199,21,117,103,220
154013,6,4,2,56,74,9,17,130,26,65,91,156
154110,6,4,2,53,75,71,166,128,237,124,241,365
154174,6,4,2,1,5,1,0,6,1,2,5,7
154235,6,4,2,122,141,9,12,263,21,131,153,284
154262,6,4,2,7,25,1,24,32,25,8,49,57
154350,6,4,2,108,82,7,7,190,14,115,89,204
154396,6,4,2,18,29,4,23,47,27,22,52,74
154493,6,4,2,82,83,83,81,165,164,165,164,329
154527,6,4,2,89,71,25,10,160,35,114,81,195
154572,6,4,2,75,76,42,145,151,187,117,221,338
154697,6,4,2,51,67,300,232,118,532,351,299,650
154712,6,4,2,142,86,7,8,228,15,149,94,243
154749,6,4,2,30,20,2,4,50,6,32,24,56
154800,6,4,2,106,137,172,316,243,488,278,453,731
154907,6,4,2,24,16,17,23,40,40,41,39,80
154925,6,4,2,14,17,7,5,31,12,21,22,43
154934,6,4,2,20,35,9,64,55,73,29,99,128
154952,6,4,2,42,29,27,61,71,88,69,90,159
154998,6,4,2,49,13,37,44,62,81,86,57,143
155025,6,4,2,187,245,16,31,432,47,203,276,479
155052,6,4,2,16,25,8,10,41,18,24,35,59
155089,6,4,2,65,50,5,12,115,17,70,62,132
155098,6,4,2,9,19,8,19,28,27,17,38,55
155104,6,4,2,45,38,18,33,83,51,63,71,134
155140,6,4,2,52,84,6,15,136,21,58,99,157
155177,6,4,2,7,20,1,1,27,2,8,21,29
155195,6,4,2,58,96,81,140,154,221,139,236,375
155210,6,4,2,244,267,622,697,511,1319,866,964,1830
155292,6,4,2,74,105,116,213,179,329,190,318,508
155317,6,4,2,1114,925,307,291,2039,598,1421,1216,2637
155399,6,4,2,1207,737,236,210,1944,446,1443,947,2390
155414,6,4,2,59,28,16,6,87,22,75,34,109
155423,6,4,2,30,28,7,13,58,20,37,41,78
155487,6,4,2,23,21,7,7,44,14,30,28,58
155511,6,4,2,77,24,3,3,101,6,80,27,107
155566,6,4,2,16,9,9,33,25,42,25,42,67
155618,6,4,2,19,4,2,1,23,3,21,5,26
155715,6,4,2,26,12,10,29,38,39,36,41,77
155812,6,4,2,67,39,3,6,106,9,70,45,115
155858,6,4,2,13,33,15,42,46,57,28,75,103
155900,6,4,2,96,40,25,13,136,38,121,53,174
155973,6,4,2,33,16,3,0,49,3,36,16,52
156082,6,4,2,252,356,86,110,608,196,338,466,804
156107,6,4,2,124,58,76,116,182,192,200,174,374
156125,6,4,2,711,694,374,364,1405,738,1085,1058,2143
156189,6,4,2,40,22,2,2,62,4,42,24,66
156213,6,4,2,83,80,3,10,163,13,86,90,176
156231,6,4,2,54,72,45,73,126,118,99,145,244
156286,6,4,2,99,122,9,10,221,19,108,132,240
156295,6,4,2,95,110,3,4,205,7,98,114,212
156338,6,4,2,59,97,90,142,156,232,149,239,388
156356,6,4,2,33,36,0,9,69,9,33,45,78
156392,6,4,2,214,249,253,474,463,727,467,723,1190
156408,6,4,2,46,18,4,0,64,4,50,18,68
156426,6,4,2,0,8,0,9,8,9,0,17,17
156541,6,4,2,272,416,40,87,688,127,312,503,815
156620,6,4,2,582,684,165,182,1266,347,747,866,1613
156648,6,4,2,66,103,119,208,169,327,185,311,496
156745,6,4,2,66,22,2,0,88,2,68,22,90
156790,6,4,2,45,43,42,64,88,106,87,107,194
156842,6,4,2,0,23,0,11,23,11,0,34,34
156851,6,4,2,14,28,20,76,42,96,34,104,138
156860,6,4,2,22,70,53,99,92,152,75,169,244
156921,6,4,2,195,181,307,506,376,813,502,687,1189
157030,6,4,2,7,4,2,4,11,6,9,8,17
157058,6,4,2,114,103,11,14,217,25,125,117,242
157076,6,4,2,63,49,11,5,112,16,74,54,128
157085,6,4,2,1316,1040,194,203,2356,397,1510,1243,2753
157216,6,4,2,90,96,6,9,186,15,96,105,201
157289,6,4,2,861,916,362,345,1777,707,1223,1261,2484
157304,6,4,2,15,51,64,109,66,173,79,160,239
157331,6,4,2,40,58,39,122,98,161,79,180,259
157386,6,4,2,310,302,80,93,612,173,390,395,785
157401,6,4,2,385,461,69,90,846,159,454,551,1005
157438,6,4,2,67,54,90,144,121,234,157,198,355
157447,6,4,2,632,776,177,239,1408,416,809,1015,1824
157483,6,4,2,52,110,121,185,162,306,173,295,468
157535,6,4,2,79,58,4,6,137,10,83,64,147
157553,6,4,2,48,65,40,88,113,128,88,153,241
157614,6,4,2,0,12,0,7,12,7,0,19,19
157650,6,4,2,0,13,0,3,13,3,0,16,16
157669,6,4,2,1,14,0,0,15,0,1,14,15
157678,6,4,2,0,17,0,0,17,0,0,17,17
157711,6,4,2,87,141,63,167,228,230,150,308,458
157739,6,4,2,31,76,39,75,107,114,70,151,221
157757,6,4,2,22,47,5,9,69,14,27,56,83
157951,6,4,2,715,735,135,169,1450,304,850,904,1754
158662,6,4,2,185,387,338,937,572,1275,523,1324,1847
158802,6,4,2,52,79,6,18,131,24,58,97,155
158884,6,4,2,25,43,42,74,68,116,67,117,184
159197,6,4,2,72,23,0,0,95,0,72,23,95
159382,6,4,2,136,270,57,151,406,208,193,421,614
159391,6,4,2,1467,981,329,291,2448,620,1796,1272,3068
159407,6,4,2,35,83,26,144,118,170,61,227,288
159647,6,4,2,570,262,128,97,832,225,698,359,1057
159656,6,4,2,101,147,23,45,248,68,124,192,316
159717,6,4,2,315,391,72,102,706,174,387,493,880
159939,6,4,2,397,347,117,108,744,225,514,455,969
159966,6,4,2,300,355,89,133,655,222,389,488,877
159993,6,4,2,256,331,83,163,587,246,339,494,833
160010,6,4,2,27,13,32,44,40,76,59,57,116
160472,6,4,2,1,12,0,13,13,13,1,25,26
160579,6,4,2,113,131,136,136,244,272,249,267,516
160612,6,4,2,554,738,141,246,1292,387,695,984,1679
160621,6,4,2,382,631,67,154,1013,221,449,785,1234
160630,6,4,2,50,130,4,30,180,34,54,160,214
160649,6,4,2,77,160,22,75,237,97,99,235,334
160658,6,4,2,878,820,215,237,1698,452,1093,1057,2150
160667,6,4,2,72,84,55,55,156,110,127,139,266
160755,6,4,2,316,263,41,45,579,86,357,308,665
160904,6,4,2,78,118,6,24,196,30,84,142,226
160977,6,4,2,90,52,0,0,142,0,90,52,142
161004,6,4,2,110,67,0,2,177,2,110,69,179
161077,6,4,2,34,42,50,105,76,155,84,147,231
161086,6,4,2,187,131,0,0,318,0,187,131,318
161138,6,4,2,33,41,55,62,74,117,88,103,191
161192,6,4,2,9,25,35,81,34,116,44,106,150
161208,6,4,2,5,0,0,0,5,0,5,0,5
161217,6,4,2,57,148,74,155,205,229,131,303,434
161226,6,4,2,80,100,8,18,180,26,88,118,206
161235,6,4,2,28,46,17,21,74,38,45,67,112
161253,6,4,2,510,354,181,161,864,342,691,515,1206
161299,6,4,2,41,6,8,0,47,8,49,6,55
161341,6,4,2,39,56,21,41,95,62,60,97,157
161457,6,4,2,81,99,144,369,180,513,225,468,693
161484,6,4,2,17,14,5,21,31,26,22,35,57
161493,6,4,2,0,17,0,6,17,6,0,23,23
161509,6,4,2,14,22,0,2,36,2,14,24,38
161545,6,4,2,89,107,162,292,196,454,251,399,650
161554,6,4,2,249,334,136,161,583,297,385,495,880
161572,6,4,2,161,597,0,2,758,2,161,599,760
161581,6,4,2,3,5,6,14,8,20,9,19,28
161688,6,4,2,25,48,20,72,73,92,45,120,165
161767,6,4,2,95,140,390,599,235,989,485,739,1224
161864,6,4,2,29,71,60,196,100,256,89,267,356
161873,6,4,2,84,109,35,50,193,85,119,159,278
162104,6,4,2,18,21,55,100,39,155,73,121,194
162122,6,4,2,49,65,137,275,114,412,186,340,526
162168,6,4,2,7,14,43,99,21,142,50,113,163
162210,6,4,2,58,49,7,11,107,18,65,60,125
162283,6,4,2,93,192,10,48,285,58,103,240,343
162584,6,4,2,286,215,67,101,501,168,353,316,669
162654,6,4,2,54,74,7,8,128,15,61,82,143
162690,6,4,2,39,46,65,177,85,242,104,223,327
162706,6,4,2,58,63,169,248,121,417,227,311,538
162830,6,4,2,1,18,0,0,19,0,1,18,19
163028,6,4,2,116,16,38,5,132,43,154,21,175
163204,6,4,2,948,945,3545,2471,1893,6016,4493,3416,7909
163259,6,4,2,38,173,4,37,211,41,42,210,252
163268,6,4,2,747,544,312,259,1291,571,1059,803,1862
163286,6,4,2,2460,1820,597,402,4280,999,3057,2222,5279
163295,6,4,2,80,199,5,9,279,14,85,208,293
163338,6,4,2,160,207,27,16,367,43,187,223,410
163453,6,4,2,490,597,104,99,1087,203,594,696,1290
163462,6,4,2,58,25,7,5,83,12,65,30,95
163578,6,4,2,3,114,1,25,117,26,4,139,143
163851,6,4,2,239,223,79,38,462,117,318,261,579
163912,6,4,2,70,54,5,8,124,13,75,62,137
163976,6,4,2,54,52,0,0,106,0,54,52,106
164076,6,4,2,1245,1385,403,437,2630,840,1648,1822,3470
164155,6,4,2,462,112,0,0,574,0,462,112,574
164216,6,4,2,35,18,3,1,53,4,38,19,57
164270,6,4,2,61,56,5,5,117,10,66,61,127
164313,6,4,2,22,17,76,191,39,267,98,208,306
164465,6,4,2,144,80,0,0,224,0,144,80,224
164492,6,4,2,80,49,10,7,129,17,90,56,146
164599,6,4,2,0,0,0,1,0,1,0,1,1
164632,6,4,2,0,117,1,42,117,43,1,159,160
164739,6,4,2,53,14,11,0,67,11,64,14,78
164775,6,4,2,9,12,34,76,21,110,43,88,131
164845,6,4,2,0,6,0,1,6,1,0,7,7
164872,6,4,2,26,32,4,6,58,10,30,38,68
164988,6,4,2,916,758,92,99,1674,191,1008,857,1865
165015,6,4,2,171,147,2,4,318,6,173,151,324
165024,6,4,2,626,746,215,292,1372,507,841,1038,1879
165033,6,4,2,89,154,151,346,243,497,240,500,740
165112,6,4,2,207,234,437,623,441,1060,644,857,1501
165167,6,4,2,4,14,16,38,18,54,20,52,72
165194,6,4,2,37,37,96,168,74,264,133,205,338
165264,6,4,2,3,8,5,76,11,81,8,84,92
165334,6,4,2,76,83,7,4,159,11,83,87,170
165556,6,4,2,5,54,1,4,59,5,6,58,64
165662,6,4,2,186,203,7,19,389,26,193,222,415
165671,6,4,2,43,78,5,23,121,28,48,101,149
165820,6,4,2,240,177,57,62,417,119,297,239,536
165866,6,4,2,299,267,40,38,566,78,339,305,644
165936,6,4,2,61,57,7,7,118,14,68,64,132
165981,6,4,2,11,22,49,84,33,133,60,106,166
166018,6,4,2,36,35,0,0,71,0,36,35,71
166027,6,4,2,1008,805,104,143,1813,247,1112,948,2060
166133,6,4,2,48,72,121,195,120,316,169,267,436
166391,6,4,2,44,39,9,4,83,13,53,43,96
166513,6,4,2,1069,593,340,232,1662,572,1409,825,2234
166629,6,4,2,1245,719,186,154,1964,340,1431,873,2304
166647,6,4,2,99,81,196,264,180,460,295,345,640
166674,6,4,2,103,271,25,45,374,70,128,316,444
166683,6,4,2,205,132,9,9,337,18,214,141,355
166717,6,4,2,1,2,0,4,3,4,1,6,7
166823,6,4,2,77,108,159,276,185,435,236,384,620
166850,6,4,2,167,80,16,14,247,30,183,94,277
166887,6,4,2,91,101,236,397,192,633,327,498,825
166911,6,4,2,6,29,2,1,35,3,8,30,38
166939,6,4,2,0,202,0,1,202,1,0,203,203
166957,6,4,2,33,45,77,165,78,242,110,210,320
167288,6,4,2,49,52,5,10,101,15,54,62,116
167312,6,4,2,63,78,147,355,141,502,210,433,643
167358,6,4,2,1080,950,3,3,2030,6,1083,953,2036
167376,6,4,2,48,54,148,269,102,417,196,323,519
167394,6,4,2,34,56,1,11,90,12,35,67,102
167534,6,4,2,82,144,227,338,226,565,309,482,791
167598,6,4,2,26,83,3,24,109,27,29,107,136
167729,6,4,2,387,609,97,148,996,245,484,757,1241
167783,6,4,2,0,146,0,35,146,35,0,181,181
167835,6,4,2,0,225,0,0,225,0,0,225,225
167871,6,4,2,3,13,5,6,16,11,8,19,27
167905,6,4,2,92,99,136,266,191,402,228,365,593
167987,6,4,2,507,477,90,67,984,157,597,544,1141
168005,6,4,2,286,264,31,32,550,63,317,296,613
168148,6,4,2,262,227,14,20,489,34,276,247,523
168227,6,4,2,356,65,60,3,421,63,416,68,484
168254,6,4,2,263,149,21,7,412,28,284,156,440
168342,6,4,2,149,113,0,0,262,0,149,113,262
168421,6,4,2,200,72,35,7,272,42,235,79,314
168430,6,4,2,228,299,101,135,527,236,329,434,763
168528,6,4,2,127,68,7,5,195,12,134,73,207
168546,6,4,2,46,38,3,1,84,4,49,39,88
168591,6,4,2,42,45,7,1,87,8,49,46,95
168607,6,4,2,22,18,23,21,40,44,45,39,84
168740,6,4,2,95,95,23,18,190,41,118,113,231
168786,6,4,2,95,80,12,13,175,25,107,93,200
168847,6,4,2,59,190,75,233,249,308,134,423,557
168892,6,4,2,0,8,0,9,8,9,0,17,17
169248,6,4,2,858,969,175,262,1827,437,1033,1231,2264
169275,6,4,2,54,90,170,322,144,492,224,412,636
169284,6,4,2,2,19,3,16,21,19,5,35,40
169442,6,4,2,87,86,33,41,173,74,120,127,247
169503,6,4,2,0,51,0,0,51,0,0,51,51
169521,6,4,2,88,133,230,383,221,613,318,516,834
169576,6,4,2,0,11,0,0,11,0,0,11,11
169655,6,4,2,226,18,0,0,244,0,226,18,244
169716,6,4,2,107,136,39,31,243,70,146,167,313
169798,6,4,2,646,763,387,524,1409,911,1033,1287,2320
169910,6,4,2,724,685,277,261,1409,538,1001,946,1947
169992,6,4,2,10,15,6,24,25,30,16,39,55
170000,6,4,2,40,37,5,14,77,19,45,51,96
170055,6,4,2,156,174,567,668,330,1235,723,842,1565
170082,6,4,2,1037,1211,425,414,2248,839,1462,1625,3087
170240,6,4,2,188,264,412,583,452,995,600,847,1447
170286,6,4,2,111,46,5,4,157,9,116,50,166
170550,6,4,2,23,32,55,188,55,243,78,220,298
170587,6,4,2,14,31,22,60,45,82,36,91,127
170639,6,4,2,142,111,28,33,253,61,170,144,314
170657,6,4,2,138,156,464,535,294,999,602,691,1293
170675,6,4,2,272,67,49,17,339,66,321,84,405
170790,6,4,2,203,253,820,1014,456,1834,1023,1267,2290
170806,6,4,2,93,160,26,62,253,88,119,222,341
170976,6,4,2,1275,771,248,138,2046,386,1523,909,2432
171100,6,4,2,1802,1131,701,472,2933,1173,2503,1603,4106
171137,6,4,2,438,347,229,164,785,393,667,511,1178
171146,6,4,2,226,359,105,192,585,297,331,551,882
171155,6,4,2,32,55,58,125,87,183,90,180,270
171225,6,4,2,19,25,50,98,44,148,69,123,192
171304,6,4,2,20,37,100,177,57,277,120,214,334
171456,6,4,2,425,461,93,87,886,180,518,548,1066
171483,6,4,2,56,48,134,119,104,253,190,167,357
171492,6,4,2,146,62,76,42,208,118,222,104,326
171571,6,4,2,892,1064,475,505,1956,980,1367,1569,2936
172200,6,4,2,96,94,379,466,190,845,475,560,1035
172291,6,4,2,15,53,63,94,68,157,78,147,225
172307,6,4,2,24,20,28,42,44,70,52,62,114
172334,6,4,2,58,89,9,18,147,27,67,107,174
172422,6,4,2,13,1,0,0,14,0,13,1,14
172617,6,4,2,154,144,488,641,298,1129,642,785,1427
172644,6,4,2,849,1030,576,701,1879,1277,1425,1731,3156
172680,6,4,2,1,6,0,15,7,15,1,21,22
172699,6,4,2,1220,893,443,310,2113,753,1663,1203,2866
173045,6,4,2,172,133,16,15,305,31,188,148,336
173142,6,4,2,51,26,3,2,77,5,54,28,82
173160,6,4,2,86,97,34,25,183,59,120,122,242
173258,6,4,2,76,45,3,4,121,7,79,49,128
173300,6,4,2,123,91,18,10,214,28,141,101,242
173452,6,4,2,38,28,3,5,66,8,41,33,74
173647,6,4,2,106,74,20,15,180,35,126,89,215
173665,6,4,2,106,100,13,9,206,22,119,109,228
173902,6,4,2,86,70,17,9,156,26,103,79,182
174066,6,4,2,1595,1274,472,451,2869,923,2067,1725,3792
174075,6,4,2,67,76,18,34,143,52,85,110,195
174127,6,4,2,44,69,0,1,113,1,44,70,114
174233,6,4,2,594,349,125,74,943,199,719,423,1142
174251,6,4,2,53,56,10,10,109,20,63,66,129
174491,6,4,2,58,67,17,20,125,37,75,87,162
174507,6,4,2,13,19,12,49,32,61,25,68,93
174747,6,4,2,0,59,0,2,59,2,0,61,61
174792,6,4,2,116,0,24,0,116,24,140,0,140
174899,6,4,2,100,113,8,33,213,41,108,146,254
174914,6,4,2,323,152,60,30,475,90,383,182,565
174978,6,4,2,0,21,1,3,21,4,1,24,25
175005,6,4,2,6,138,12,121,144,133,18,259,277
175014,6,4,2,46,200,32,212,246,244,78,412,490
175120,6,4,2,49,25,0,0,74,0,49,25,74
175227,6,4,2,110,25,29,8,135,37,139,33,172
175421,6,4,2,108,121,7,16,229,23,115,137,252
175430,6,4,2,59,19,4,2,78,6,63,21,84
175573,6,4,2,39,70,16,23,109,39,55,93,148
175616,6,4,2,180,191,37,58,371,95,217,249,466
175652,6,4,2,84,113,54,89,197,143,138,202,340
175786,6,4,2,150,238,90,199,388,289,240,437,677
175810,6,4,2,85,255,51,113,340,164,136,368,504
175829,6,4,2,61,102,38,93,163,131,99,195,294
175856,6,4,2,413,471,44,66,884,110,457,537,994
175883,6,4,2,72,155,42,113,227,155,114,268,382
175935,6,4,2,53,158,14,39,211,53,67,197,264
175980,6,4,2,19,11,1,2,30,3,20,13,33
176008,6,4,2,45,107,13,32,152,45,58,139,197
176017,6,4,2,1211,1159,236,163,2370,399,1447,1322,2769
176035,6,4,2,79,307,13,38,386,51,92,345,437
176044,6,4,2,146,137,19,14,283,33,165,151,316
176053,6,4,2,161,199,22,22,360,44,183,221,404
176080,6,4,2,1510,865,308,214,2375,522,1818,1079,2897
176178,6,4,2,53,145,37,73,198,110,90,218,308
176239,6,4,2,115,251,41,117,366,158,156,368,524
176318,6,4,2,34,48,15,21,82,36,49,69,118
176372,6,4,2,557,757,182,271,1314,453,739,1028,1767
176433,6,4,2,1,5,0,2,6,2,1,7,8
176479,6,4,2,199,350,11,33,549,44,210,383,593
176628,6,4,2,75,81,7,5,156,12,82,86,168
176947,6,4,2,90,49,2,3,139,5,92,52,144
176965,6,4,2,483,479,128,109,962,237,611,588,1199
176983,6,4,2,2,4,1,0,6,1,3,4,7
177038,6,4,2,5,12,4,5,17,9,9,17,26
177135,6,4,2,38,66,52,114,104,166,90,180,270
177144,6,4,2,59,30,3,3,89,6,62,33,95
177214,6,4,2,95,87,5,9,182,14,100,96,196
177250,6,4,2,39,46,39,65,85,104,78,111,189
177302,6,4,2,41,4,0,0,45,0,41,4,45
177418,6,4,2,41,58,6,9,99,15,47,67,114
177472,6,4,2,172,197,268,334,369,602,440,531,971
177676,6,4,2,37,57,49,93,94,142,86,150,236
177685,6,4,2,3,24,0,0,27,0,3,24,27
177940,6,4,2,86,120,15,29,206,44,101,149,250
177977,6,4,2,98,20,29,4,118,33,127,24,151
177986,6,4,2,12,18,7,10,30,17,19,28,47
177995,6,4,2,210,222,364,592,432,956,574,814,1388
178059,6,4,2,237,250,110,326,487,436,347,576,923
178217,6,4,2,24,52,10,33,76,43,34,85,119
178341,6,4,2,194,299,85,98,493,183,279,397,676
178369,6,4,2,158,89,4,5,247,9,162,94,256
178387,6,4,2,204,251,56,49,455,105,260,300,560
178396,6,4,2,1438,1056,263,249,2494,512,1701,1305,3006
178402,6,4,2,488,601,166,163,1089,329,654,764,1418
178411,6,4,2,749,203,184,50,952,234,933,253,1186
178420,6,4,2,504,612,209,249,1116,458,713,861,1574
178448,6,4,2,56,78,63,122,134,185,119,200,319
178615,6,4,2,172,186,30,26,358,56,202,212,414
178624,6,4,2,267,251,62,72,518,134,329,323,652
178679,6,4,2,43,28,19,16,71,35,62,44,106
178697,6,4,2,105,105,1,4,210,5,106,109,215
178721,6,4,2,256,285,247,179,541,426,503,464,967
178891,6,4,2,161,14,48,3,175,51,209,17,226
178989,6,4,2,5,48,0,4,53,4,5,52,57
179043,6,4,2,101,151,4,15,252,19,105,166,271
179308,6,4,2,174,320,405,814,494,1219,579,1134,1713
179326,6,4,2,73,88,19,53,161,72,92,141,233
179344,6,4,2,13,29,12,32,42,44,25,61,86
179539,6,4,2,36,84,58,86,120,144,94,170,264
179557,6,4,2,496,513,130,99,1009,229,626,612,1238
179566,6,4,2,976,1099,330,333,2075,663,1306,1432,2738
179645,6,4,2,23,80,27,54,103,81,50,134,184
179715,6,4,2,13,37,3,40,50,43,16,77,93
179867,6,4,2,360,260,32,55,620,87,392,315,707
179894,6,4,2,141,162,27,36,303,63,168,198,366
179946,6,4,2,37,17,3,1,54,4,40,18,58
180081,6,4,2,14,11,3,3,25,6,17,14,31
180106,6,4,2,91,135,6,2,226,8,97,137,234
180151,6,4,2,8,4,12,7,12,19,20,11,31
180179,6,4,2,235,300,64,147,535,211,299,447,746
180197,6,4,2,22,25,34,47,47,81,56,72,128
180249,6,4,2,15,46,10,39,61,49,25,85,110
180258,6,4,2,37,38,2,7,75,9,39,45,84
180276,6,4,2,11,16,13,37,27,50,24,53,77
180416,6,4,2,169,73,28,11,242,39,197,84,281
180461,6,4,2,1117,736,267,207,1853,474,1384,943,2327
180522,6,4,2,67,41,21,14,108,35,88,55,143
180595,6,4,2,77,32,2,4,109,6,79,36,115
180647,6,4,2,25,48,3,10,73,13,28,58,86
180692,6,4,2,88,128,15,39,216,54,103,167,270
180814,6,4,2,432,457,223,268,889,491,655,725,1380
180902,6,4,2,63,63,78,234,126,312,141,297,438
180948,6,4,2,114,118,22,34,232,56,136,152,288
181002,6,4,2,117,145,25,12,262,37,142,157,299
181020,6,4,2,64,24,4,1,88,5,68,25,93
181127,6,4,2,57,19,4,1,76,5,61,20,81
181145,6,4,2,2,9,0,0,11,0,2,9,11
181190,6,4,2,1,8,0,0,9,0,1,8,9
181215,6,4,2,274,332,50,87,606,137,324,419,743
181297,6,4,2,15,136,10,71,151,81,25,207,232
181303,6,4,2,187,181,419,465,368,884,606,646,1252
181312,6,4,2,22,18,18,47,40,65,40,65,105
181330,6,4,2,91,50,2,0,141,2,93,50,143
181394,6,4,2,820,814,287,264,1634,551,1107,1078,2185
181428,6,4,2,38,223,3,29,261,32,41,252,293
181446,6,4,2,68,51,6,7,119,13,74,58,132
181464,6,4,2,1155,732,259,149,1887,408,1414,881,2295
181491,6,4,2,54,52,105,81,106,186,159,133,292
181604,6,4,2,0,80,1,0,80,1,1,80,81
181640,6,4,2,168,151,273,330,319,603,441,481,922
181738,6,4,2,52,80,3,5,132,8,55,85,140
181783,6,4,2,193,209,29,27,402,56,222,236,458
181817,6,4,2,28,24,12,49,52,61,40,73,113
182005,6,4,2,453,521,1396,1652,974,3048,1849,2173,4022
182281,6,4,2,2067,2600,808,833,4667,1641,2875,3433,6308
182290,6,4,2,1038,785,360,390,1823,750,1398,1175,2573
182306,6,4,2,37,51,38,111,88,149,75,162,237
182500,6,4,2,126,166,466,509,292,975,592,675,1267
182564,6,4,2,35,30,124,114,65,238,159,144,303
182670,6,4,2,316,200,0,0,516,0,316,200,516
182704,6,4,2,0,6,0,3,6,3,0,9,9
182722,6,4,2,2,15,0,1,17,1,2,16,18
182892,6,4,2,0,5,0,3,5,3,0,8,8
182980,6,4,2,75,62,6,4,137,10,81,66,147
183026,6,4,2,2151,3098,4923,8084,5249,13007,7074,11182,18256
183044,6,4,2,457,272,80,40,729,120,537,312,849
183062,6,4,2,146,90,27,15,236,42,173,105,278
183071,6,4,2,58,35,18,10,93,28,76,45,121
183080,6,4,2,192,120,31,18,312,49,223,138,361
183202,6,4,2,1,7,0,2,8,2,1,9,10
183239,6,4,2,68,57,10,4,125,14,78,61,139
183257,6,4,2,22,66,19,48,88,67,41,114,155
183275,6,4,2,13,8,0,0,21,0,13,8,21
183488,6,4,2,8,29,2,14,37,16,10,43,53
183655,6,4,2,67,89,164,259,156,423,231,348,579
183743,6,4,2,328,324,533,562,652,1095,861,886,1747
183789,6,4,2,66,154,30,78,220,108,96,232,328
183822,6,4,2,92,110,11,12,202,23,103,122,225
183859,6,4,2,162,152,321,439,314,760,483,591,1074
183910,6,4,2,114,187,15,10,301,25,129,197,326
183938,6,4,2,167,186,291,433,353,724,458,619,1077
184056,6,4,2,13,44,4,20,57,24,17,64,81
184180,6,4,2,150,96,337,301,246,638,487,397,884
184205,6,4,2,241,384,134,202,625,336,375,586,961
184427,6,4,2,20,0,15,5,20,20,35,5,40
184481,6,4,2,170,237,271,342,407,613,441,579,1020
184506,6,4,2,0,7,1,4,7,5,1,11,12
184603,6,4,2,153,155,58,39,308,97,211,194,405
184612,6,4,2,78,213,9,39,291,48,87,252,339
184694,6,4,2,137,153,28,20,290,48,165,173,338
184773,6,4,2,50,210,10,20,260,30,60,230,290
184782,6,4,2,1217,947,355,307,2164,662,1572,1254,2826
184791,6,4,2,113,155,184,252,268,436,297,407,704
184816,6,4,2,0,9,1,4,9,5,1,13,14
184959,6,4,2,8,48,14,59,56,73,22,107,129
184995,6,4,2,206,305,223,322,511,545,429,627,1056
185262,6,4,2,871,1217,274,329,2088,603,1145,1546,2691
185396,6,4,2,145,5,51,1,150,52,196,6,202
185509,6,4,2,123,71,288,339,194,627,411,410,821
185536,6,4,2,181,216,429,479,397,908,610,695,1305
185572,6,4,2,174,138,44,31,312,75,218,169,387
185590,6,4,2,1243,1587,313,295,2830,608,1556,1882,3438
185721,6,4,2,14,32,6,22,46,28,20,54,74
185828,6,4,2,1337,379,309,93,1716,402,1646,472,2118
185873,6,4,2,101,90,254,351,191,605,355,441,796
186016,6,4,2,4,42,3,43,46,46,7,85,92
186034,6,4,2,111,135,261,375,246,636,372,510,882
186131,6,4,2,539,360,2,4,899,6,541,364,905
186201,6,4,2,400,360,72,74,760,146,472,434,906
186283,6,4,2,241,221,21,28,462,49,262,249,511
186371,6,4,2,379,513,67,79,892,146,446,592,1038
186380,6,4,2,3086,2400,345,307,5486,652,3431,2707,6138
186399,6,4,2,692,727,151,149,1419,300,843,876,1719
186405,6,4,2,0,2,0,0,2,0,0,2,2
186432,6,4,2,140,180,27,19,320,46,167,199,366
186469,6,4,2,35,20,16,38,55,54,51,58,109
186584,6,4,2,190,181,39,29,371,68,229,210,439
186618,6,4,2,42,74,4,10,116,14,46,84,130
186645,6,4,2,142,95,271,246,237,517,413,341,754
186867,6,4,2,334,116,10,3,450,13,344,119,463
186876,6,4,2,729,968,91,93,1697,184,820,1061,1881
187046,6,4,2,1,12,354,267,13,621,355,279,634
187134,6,4,2,442,442,48,42,884,90,490,484,974
187198,6,4,2,173,198,237,475,371,712,410,673,1083
187444,6,4,2,582,707,155,207,1289,362,737,914,1651
187532,6,4,2,203,309,674,1179,512,1853,877,1488,2365
187620,6,4,2,112,170,155,285,282,440,267,455,722
187639,6,4,2,19,50,45,115,69,160,64,165,229
187648,6,4,2,163,231,60,84,394,144,223,315,538
187897,6,4,2,97,78,29,44,175,73,126,122,248
187912,6,4,2,6,0,0,0,6,0,6,0,6
187958,6,4,2,13,21,60,81,34,141,73,102,175
187967,6,4,2,115,37,17,12,152,29,132,49,181
187976,6,4,2,2,3,75,61,5,136,77,64,141
187985,6,4,2,697,802,412,481,1499,893,1109,1283,2392
187994,6,4,2,11,18,42,52,29,94,53,70,123
188003,6,4,2,6,15,29,81,21,110,35,96,131
188021,6,4,2,5,13,16,44,18,60,21,57,78
188030,6,4,2,727,791,269,296,1518,565,996,1087,2083
188049,6,4,2,8,14,65,92,22,157,73,106,179
188100,6,4,2,85,127,97,265,212,362,182,392,574
188137,6,4,2,24,57,69,113,81,182,93,170,263
188225,6,4,2,7,4,31,59,11,90,38,63,101
188261,6,4,2,6,3,25,5,9,30,31,8,39
188340,6,4,2,149,24,56,4,173,60,205,28,233
188429,6,4,2,174,261,26,34,435,60,200,295,495
188438,6,4,2,41,47,49,66,88,115,90,113,203
188517,6,4,2,26,20,2,5,46,7,28,25,53
188641,6,4,2,59,62,5,2,121,7,64,64,128
188854,6,4,2,50,131,0,0,181,0,50,131,181
189219,6,4,2,21,1,0,0,22,0,21,1,22
189228,6,4,2,71,141,26,64,212,90,97,205,302
189282,6,4,2,9,83,3,32,92,35,12,115,127
189547,6,4,2,89,135,60,115,224,175,149,250,399
189565,6,4,2,28,47,3,12,75,15,31,59,90
189583,6,4,2,23,58,20,28,81,48,43,86,129
189592,6,4,2,14,26,1,11,40,12,15,37,52
189705,6,4,2,90,30,16,4,120,20,106,34,140
189839,6,4,2,24,41,24,72,65,96,48,113,161
190044,6,4,2,197,46,4,2,243,6,201,48,249
190053,6,4,2,12,10,8,17,22,25,20,27,47
190071,6,4,2,0,2,1,4,2,5,1,6,7
190099,6,4,2,115,45,4,3,160,7,119,48,167
190169,6,4,2,13,22,19,40,35,59,32,62,94
190239,6,4,2,0,12,2,6,12,8,2,18,20
190372,6,4,2,58,58,0,0,116,0,58,58,116
190415,6,4,2,677,573,8,7,1250,15,685,580,1265
190442,6,4,2,36,37,23,36,73,59,59,73,132
190503,6,4,2,227,151,7,4,378,11,234,155,389
190761,6,4,2,118,179,5,16,297,21,123,195,318
190840,6,4,2,82,88,107,145,170,252,189,233,422
191083,6,4,2,280,293,159,217,573,376,439,510,949
191126,6,4,2,237,899,77,187,1136,264,314,1086,1400
191199,6,4,2,86,74,78,109,160,187,164,183,347
191205,6,4,2,49,21,6,2,70,8,55,23,78
191241,6,4,2,234,160,51,57,394,108,285,217,502
191302,6,4,2,27,34,20,36,61,56,47,70,117
191311,6,4,2,20,30,0,0,50,0,20,30,50
191339,6,4,2,37,68,47,77,105,124,84,145,229
191515,6,4,2,103,51,1,0,154,1,104,51,155
191533,6,4,2,26,33,2,2,59,4,28,35,63
191597,6,4,2,7,22,5,14,29,19,12,36,48
191612,6,4,2,35,44,14,21,79,35,49,65,114
191649,6,4,2,242,167,46,55,409,101,288,222,510
191676,6,4,2,39,48,7,5,87,12,46,53,99
191719,6,4,2,187,221,174,299,408,473,361,520,881
191940,6,4,2,1,25,0,0,26,0,1,25,26
191986,6,4,2,52,52,24,47,104,71,76,99,175
192022,6,4,2,38,55,20,39,93,59,58,94,152
192192,6,4,2,20,40,5,9,60,14,25,49,74
192271,6,4,2,26,183,2,27,209,29,28,210,238
192323,6,4,2,98,66,22,56,164,78,120,122,242
192448,6,4,2,193,468,51,110,661,161,244,578,822
192703,6,4,2,176,69,43,6,245,49,219,75,294
192712,6,4,2,39,27,1,1,66,2,40,28,68
192749,6,4,2,76,81,6,8,157,14,82,89,171
192785,6,4,2,4,22,7,69,26,76,11,91,102
192819,6,4,2,165,122,34,25,287,59,199,147,346
193016,6,4,2,206,545,48,107,751,155,254,652,906
193283,6,4,2,110,88,51,79,198,130,161,167,328
193292,6,4,2,93,231,48,171,324,219,141,402,543
193326,6,4,2,214,259,246,364,473,610,460,623,1083
193380,6,4,2,0,0,2,11,0,13,2,11,13
193399,6,4,2,54,171,8,31,225,39,62,202,264
193478,6,4,2,318,322,436,578,640,1014,754,900,1654
193584,6,4,2,72,73,5,22,145,27,77,95,172
193654,6,4,2,326,849,43,119,1175,162,369,968,1337
193858,6,4,2,6,79,0,0,85,0,6,79,85
193900,6,4,2,1337,1430,188,187,2767,375,1525,1617,3142
193946,6,4,2,75,114,33,83,189,116,108,197,305
193973,6,4,2,122,209,6,6,331,12,128,215,343
193991,6,4,2,0,10,1,1,10,2,1,11,12
194028,6,4,2,12,31,5,17,43,22,17,48,65
194091,6,4,2,234,161,72,26,395,98,306,187,493
194116,6,4,2,2,41,3,40,43,43,5,81,86
194222,6,4,2,92,90,87,124,182,211,179,214,393
194240,6,4,2,58,77,99,184,135,283,157,261,418
194310,6,4,2,339,459,94,121,798,215,433,580,1013
194392,6,4,2,61,22,2,0,83,2,63,22,85
194578,6,4,2,217,463,7,16,680,23,224,479,703
194824,6,4,2,348,129,23,1,477,24,371,130,501
195003,6,4,2,1420,538,95,38,1958,133,1515,576,2091
195058,6,4,2,99,103,112,165,202,277,211,268,479
195067,6,4,2,1,40,0,19,41,19,1,59,60
195128,6,4,2,38,104,1,5,142,6,39,109,148
195164,6,4,2,54,12,4,0,66,4,58,12,70
195216,6,4,2,126,81,3,0,207,3,129,81,210
195234,6,4,2,73,112,15,12,185,27,88,124,212
195243,6,4,2,71,62,7,5,133,12,78,67,145
195322,6,4,2,29,45,34,57,74,91,63,102,165
195474,6,4,2,79,63,18,9,142,27,97,72,169
195526,6,4,2,128,83,5,4,211,9,133,87,220
195544,6,4,2,128,324,26,39,452,65,154,363,517
195702,6,4,2,1,9,1,6,10,7,2,15,17
195720,6,4,2,108,91,12,9,199,21,120,100,220
195988,6,4,2,32,17,13,33,49,46,45,50,95
196006,6,4,2,190,108,24,33,298,57,214,141,355
196015,6,4,2,200,185,30,56,385,86,230,241,471
196024,6,4,2,108,104,19,46,212,65,127,150,277
196033,6,4,2,79,112,15,21,191,36,94,133,227
196042,6,4,2,756,470,324,226,1226,550,1080,696,1776
196051,6,4,2,112,69,19,37,181,56,131,106,237
196060,6,4,2,580,388,125,114,968,239,705,502,1207
196079,6,4,2,571,376,66,53,947,119,637,429,1066
196088,6,4,2,1519,880,321,417,2399,738,1840,1297,3137
196097,6,4,2,983,803,237,173,1786,410,1220,976,2196
196103,6,4,2,82,58,29,32,140,61,111,90,201
196112,6,4,2,166,61,35,25,227,60,201,86,287
196121,6,4,2,309,307,72,103,616,175,381,410,791
196130,6,4,2,354,354,94,79,708,173,448,433,881
196149,6,4,2,318,210,36,20,528,56,354,230,584
196158,6,4,2,205,162,18,21,367,39,223,183,406
196167,6,4,2,141,123,34,28,264,62,175,151,326
196176,6,4,2,290,394,81,119,684,200,371,513,884
196185,6,4,2,162,161,29,15,323,44,191,176,367
196194,6,4,2,318,228,68,47,546,115,386,275,661
196200,6,4,2,140,123,16,26,263,42,156,149,305
196219,6,4,2,185,167,37,51,352,88,222,218,440
196246,6,4,2,197,161,43,48,358,91,240,209,449
196255,6,4,2,21,88,2,6,109,8,23,94,117
196264,6,4,2,164,343,273,287,507,560,437,630,1067
196291,6,4,2,120,16,32,3,136,35,152,19,171
196307,6,4,2,8,23,0,7,31,7,8,30,38
196413,6,4,2,582,374,63,40,956,103,645,414,1059
196565,6,4,2,52,39,30,56,91,86,82,95,177
196653,6,4,2,2,48,10,84,50,94,12,132,144
196699,6,4,2,39,47,35,49,86,84,74,96,170
197036,6,4,2,582,106,0,0,688,0,582,106,688
197045,6,4,2,141,204,30,73,345,103,171,277,448
197285,6,4,2,22,58,5,8,80,13,27,66,93
197294,6,4,2,234,211,373,389,445,762,607,600,1207
197337,6,4,2,0,8,0,0,8,0,0,8,8
197708,6,4,2,277,49,15,4,326,19,292,53,345
197814,6,4,2,12,39,34,92,51,126,46,131,177
197850,6,4,2,19,31,47,144,50,191,66,175,241
197869,6,4,2,1081,779,227,211,1860,438,1308,990,2298
197887,6,4,2,83,101,143,319,184,462,226,420,646
197911,6,4,2,63,53,3,8,116,11,66,61,127
197966,6,4,2,7,30,27,72,37,99,34,102,136
197993,6,4,2,0,31,0,5,31,5,0,36,36
198066,6,4,2,76,22,6,4,98,10,82,26,108
198109,6,4,2,2,29,4,65,31,69,6,94,100
198118,6,4,2,50,61,79,146,111,225,129,207,336
198136,6,4,2,177,130,50,46,307,96,227,176,403
198154,6,4,2,157,183,591,583,340,1174,748,766,1514
198206,6,4,2,22,40,24,62,62,86,46,102,148
198260,6,4,2,380,470,668,833,850,1501,1048,1303,2351
198303,6,4,2,87,43,3,3,130,6,90,46,136
198330,6,4,2,82,149,146,174,231,320,228,323,551
198367,6,4,2,38,54,74,138,92,212,112,192,304
198385,6,4,2,69,55,0,0,124,0,69,55,124
198455,6,4,2,41,37,159,273,78,432,200,310,510
198464,6,4,2,1263,1108,377,431,2371,808,1640,1539,3179
198507,6,4,2,153,134,15,29,287,44,168,163,331
198516,6,4,2,304,313,46,26,617,72,350,339,689
198534,6,4,2,176,346,324,538,522,862,500,884,1384
198543,6,4,2,211,372,85,129,583,214,296,501,797
198552,6,4,2,98,152,251,513,250,764,349,665,1014
198570,6,4,2,41,67,98,214,108,312,139,281,420
198598,6,4,2,141,68,11,11,209,22,152,79,231
198622,6,4,2,216,256,285,475,472,760,501,731,1232
198668,6,4,2,20,19,15,49,39,64,35,68,103
198710,6,4,2,14,27,38,75,41,113,52,102,154
198756,6,4,2,90,71,3,9,161,12,93,80,173
198808,6,4,2,30,53,1,7,83,8,31,60,91
198817,6,4,2,17,36,34,87,53,121,51,123,174
198835,6,4,2,211,245,8,21,456,29,219,266,485
198862,6,4,2,85,70,4,6,155,10,89,76,165
198899,6,4,2,67,39,0,7,106,7,67,46,113
198905,6,4,2,6,20,13,24,26,37,19,44,63
198950,6,4,2,0,95,1,15,95,16,1,110,111
198969,6,4,2,95,78,4,15,173,19,99,93,192
198987,6,4,2,38,39,66,98,77,164,104,137,241
199087,6,4,2,24,42,45,94,66,139,69,136,205
199102,6,4,2,537,553,169,160,1090,329,706,713,1419
199111,6,4,2,171,191,59,43,362,102,230,234,464
199120,6,4,2,487,453,123,87,940,210,610,540,1150
199139,6,4,2,1697,1241,623,411,2938,1034,2320,1652,3972
199148,6,4,2,729,1128,224,354,1857,578,953,1482,2435
199157,6,4,2,234,343,42,96,577,138,276,439,715
199184,6,4,2,45,44,2,6,89,8,47,50,97
199193,6,4,2,1309,803,449,260,2112,709,1758,1063,2821
199218,6,4,2,698,771,167,330,1469,497,865,1101,1966
199272,6,4,2,52,23,11,9,75,20,63,32,95
199281,6,4,2,317,434,105,137,751,242,422,571,993
199324,6,4,2,4,6,33,50,10,83,37,56,93
199412,6,4,2,72,102,9,26,174,35,81,128,209
199494,6,4,2,64,103,126,285,167,411,190,388,578
199607,6,4,2,0,42,0,4,42,4,0,46,46
199625,6,4,2,12,34,21,60,46,81,33,94,127
199689,6,4,2,0,29,0,9,29,9,0,38,38
199731,6,4,2,22,40,53,104,62,157,75,144,219
199740,6,4,2,14,29,36,123,43,159,50,152,202
199759,6,4,2,27,14,23,9,41,32,50,23,73
199768,6,4,2,26,41,45,81,67,126,71,122,193
199795,6,4,2,5,9,12,18,14,30,17,27,44
199856,6,4,2,366,363,863,1076,729,1939,1229,1439,2668
199865,6,4,2,37,67,0,1,104,1,37,68,105
199883,6,4,2,6,29,0,0,35,0,6,29,35
199908,6,4,2,23,31,38,68,54,106,61,99,160
199926,6,4,2,22,28,25,68,50,93,47,96,143
199971,6,4,2,11,6,0,0,17,0,11,6,17
199999,6,4,2,174,331,40,73,505,113,214,404,618
200004,6,4,2,548,503,151,160,1051,311,699,663,1362
200013,6,4,2,4,44,6,23,48,29,10,67,77
200022,6,4,2,78,52,68,51,130,119,146,103,249
200059,6,4,2,86,77,25,28,163,53,111,105,216
200086,6,4,2,4,12,1,3,16,4,5,15,20
200192,6,4,2,9,14,38,47,23,85,47,61,108
200217,6,4,2,146,118,36,28,264,64,182,146,328
200280,6,4,2,604,374,574,232,978,806,1178,606,1784
200305,6,4,2,63,33,19,22,96,41,82,55,137
200314,6,4,2,10,20,14,19,30,33,24,39,63
200332,6,4,2,670,481,159,142,1151,301,829,623,1452
200527,6,4,2,16,28,2,2,44,4,18,30,48
200554,6,4,2,33,45,0,3,78,3,33,48,81
200572,6,4,2,64,74,18,28,138,46,82,102,184
200590,6,4,2,2,13,1,1,15,2,3,14,17
200800,6,4,2,1076,791,243,159,1867,402,1319,950,2269
200846,6,4,2,40,61,16,16,101,32,56,77,133
201061,6,4,2,17,17,0,3,34,3,17,20,37
201177,6,4,2,3,25,1,24,28,25,4,49,53
201195,6,4,2,113,118,24,17,231,41,137,135,272
201283,6,4,2,12,16,12,28,28,40,24,44,68
201432,6,4,2,25,36,13,23,61,36,38,59,97
201441,6,4,2,686,604,149,100,1290,249,835,704,1539
201469,6,4,2,10,72,2,19,82,21,12,91,103
201548,6,4,2,85,115,12,7,200,19,97,122,219
201645,6,4,2,269,152,20,13,421,33,289,165,454
201654,6,4,2,166,121,17,14,287,31,183,135,318
201821,6,4,2,13,148,4,35,161,39,17,183,200
201885,6,4,2,2250,1358,466,464,3608,930,2716,1822,4538
201946,6,4,2,52,53,459,461,105,920,511,514,1025
201955,6,4,2,111,136,308,339,247,647,419,475,894
201964,6,4,2,36,41,7,14,77,21,43,55,98
202046,6,4,2,21,33,7,1,54,8,28,34,62
202170,6,4,2,67,85,0,6,152,6,67,91,158
202222,6,4,2,338,328,1181,1322,666,2503,1519,1650,3169
202356,6,4,2,249,297,536,882,546,1418,785,1179,1964
202453,6,4,2,10,1,0,0,11,0,10,1,11
202480,6,4,2,547,233,47,29,780,76,594,262,856
202523,6,4,2,87,56,3,2,143,5,90,58,148
202648,6,4,2,22,18,36,92,40,128,58,110,168
202763,6,4,2,87,132,9,15,219,24,96,147,243
203085,6,4,2,102,69,3,4,171,7,105,73,178
203128,6,4,2,32,27,11,11,59,22,43,38,81
203155,6,4,2,75,72,18,45,147,63,93,117,210
203289,6,4,2,5,1,0,0,6,0,5,1,6
203368,6,4,2,108,60,19,8,168,27,127,68,195
203447,6,4,2,6,11,101,121,17,222,107,132,239
203456,6,4,2,0,0,51,80,0,131,51,80,131
203465,6,4,2,78,97,193,254,175,447,271,351,622
203474,6,4,2,21,26,119,120,47,239,140,146,286
203483,6,4,2,26,22,112,154,48,266,138,176,314
203492,6,4,2,8,38,48,99,46,147,56,137,193
203517,6,4,2,1036,1197,368,442,2233,810,1404,1639,3043
203526,6,4,2,8,13,95,143,21,238,103,156,259
203544,6,4,2,16,80,9,32,96,41,25,112,137
203580,6,4,2,50,28,8,3,78,11,58,31,89
203599,6,4,2,40,62,173,228,102,401,213,290,503
203678,6,4,2,12,32,38,133,44,171,50,165,215
203720,6,4,2,12,3,1,2,15,3,13,5,18
203748,6,4,2,80,125,203,386,205,589,283,511,794
203757,6,4,2,40,29,5,10,69,15,45,39,84
203775,6,4,2,34,45,2,4,79,6,36,49,85
203845,6,4,2,46,24,14,7,70,21,60,31,91
203881,6,4,2,13,24,45,73,37,118,58,97,155
203960,6,4,2,5,76,17,105,81,122,22,181,203
204006,6,4,2,147,119,70,49,266,119,217,168,385
204015,6,4,2,74,66,37,34,140,71,111,100,211
204024,6,4,2,796,422,86,52,1218,138,882,474,1356
204194,6,4,2,74,69,7,16,143,23,81,85,166
204200,6,4,2,49,53,7,9,102,16,56,62,118
204255,6,4,2,18,21,25,28,39,53,43,49,92
204422,6,4,2,18,29,43,67,47,110,61,96,157
204468,6,4,2,127,93,7,26,220,33,134,119,253
204617,6,4,2,73,48,11,2,121,13,84,50,134
204635,6,4,2,139,72,12,11,211,23,151,83,234
204662,6,4,2,3,6,5,2,9,7,8,8,16
204671,6,4,2,37,33,10,12,70,22,47,45,92
204680,6,4,2,30,40,7,15,70,22,37,55,92
204699,6,4,2,38,37,19,11,75,30,57,48,105
204705,6,4,2,53,71,34,22,124,56,87,93,180
204796,6,4,2,2936,1781,671,540,4717,1211,3607,2321,5928
204802,6,4,2,14,32,92,111,46,203,106,143,249
204820,6,4,2,43,84,129,155,127,284,172,239,411
204839,6,4,2,29,37,106,190,66,296,135,227,362
204848,6,4,2,40,74,144,169,114,313,184,243,427
204857,6,4,2,1230,1104,220,369,2334,589,1450,1473,2923
204866,6,4,2,23,46,105,155,69,260,128,201,329
204909,6,4,2,67,52,5,5,119,10,72,57,129
204936,6,4,2,93,95,22,11,188,33,115,106,221
204945,6,4,2,129,129,499,408,258,907,628,537,1165
205090,6,4,2,1,1,0,13,2,13,1,14,15
205443,6,4,2,164,145,49,41,309,90,213,186,399
205470,6,4,2,221,183,641,864,404,1505,862,1047,1909
205841,6,4,2,142,122,301,395,264,696,443,517,960
205966,6,4,2,16,28,26,57,44,83,42,85,127
206011,6,4,2,30,26,92,45,56,137,122,71,193
206279,6,4,2,4,7,5,15,11,20,9,22,31
206321,6,4,2,0,7,1,1,7,2,1,8,9
206349,6,4,2,6,80,0,21,86,21,6,101,107
206507,6,4,2,61,51,8,8,112,16,69,59,128
206525,6,4,2,40,31,6,6,71,12,46,37,83
206589,6,4,2,89,56,2,3,145,5,91,59,150
206604,6,4,2,475,463,202,233,938,435,677,696,1373
206613,6,4,2,29,52,39,28,81,67,68,80,148
206622,6,4,2,181,165,47,51,346,98,228,216,444
206695,6,4,2,709,638,128,138,1347,266,837,776,1613
206862,6,4,2,87,86,5,5,173,10,92,91,183
206914,6,4,2,130,205,54,76,335,130,184,281,465
206923,6,4,2,18,52,16,68,70,84,34,120,154
206996,6,4,2,22,47,14,67,69,81,36,114,150
207041,6,4,2,184,250,32,53,434,85,216,303,519
207050,6,4,2,15,32,7,45,47,52,22,77,99
207069,6,4,2,14,18,14,49,32,63,28,67,95
207102,6,4,2,3,15,0,0,18,0,3,15,18
207209,6,4,2,98,116,7,16,214,23,105,132,237
207236,6,4,2,26,44,19,104,70,123,45,148,193
207263,6,4,2,310,445,122,183,755,305,432,628,1060
207281,6,4,2,36,52,88,114,88,202,124,166,290
207290,6,4,2,42,59,19,48,101,67,61,107,168
207306,6,4,2,127,110,12,24,237,36,139,134,273
207324,6,4,2,155,147,15,16,302,31,170,163,333
207342,6,4,2,38,301,0,6,339,6,38,307,345
207351,6,4,2,87,93,16,29,180,45,103,122,225
207388,6,4,2,1989,1468,353,284,3457,637,2342,1752,4094
207500,6,4,2,1516,947,366,265,2463,631,1882,1212,3094
207564,6,4,2,118,34,71,42,152,113,189,76,265
207582,6,4,2,210,271,45,60,481,105,255,331,586
207661,6,4,2,165,221,63,73,386,136,228,294,522
207670,6,4,2,83,129,126,306,212,432,209,435,644
207740,6,4,2,20,32,8,57,52,65,28,89,117
207847,6,4,2,234,224,71,85,458,156,305,309,614
207865,6,4,2,301,361,62,71,662,133,363,432,795
207935,6,4,2,185,218,436,876,403,1312,621,1094,1715
207962,6,4,2,80,11,0,0,91,0,80,11,91
207971,6,4,2,209,146,36,18,355,54,245,164,409
208035,6,4,2,14,18,7,49,32,56,21,67,88
208275,6,4,2,15,17,39,39,32,78,54,56,110
208318,6,4,2,75,79,127,135,154,262,202,214,416
208390,6,4,2,129,165,330,319,294,649,459,484,943
208406,6,4,2,56,83,223,152,139,375,279,235,514
208415,6,4,2,6,8,19,20,14,39,25,28,53
208646,6,4,2,145,136,57,96,281,153,202,232,434
208822,6,4,2,102,103,17,16,205,33,119,119,238
209038,6,4,2,147,159,256,242,306,498,403,401,804
209074,6,4,2,124,90,176,194,214,370,300,284,584
209250,6,4,2,93,115,379,183,208,562,472,298,770
209490,6,4,2,13,100,11,62,113,73,24,162,186
209506,6,4,2,209,185,98,94,394,192,307,279,586
209542,6,4,2,1855,1279,898,778,3134,1676,2753,2057,4810
209551,6,4,2,997,796,229,189,1793,418,1226,985,2211
209603,6,4,2,16,62,2,1,78,3,18,63,81
209612,6,4,2,64,75,15,16,139,31,79,91,170
209746,6,4,2,358,468,689,903,826,1592,1047,1371,2418
209807,6,4,2,1288,1609,372,412,2897,784,1660,2021,3681
209825,6,4,2,88,105,14,12,193,26,102,117,219
209922,6,4,2,55,59,2,3,114,5,57,62,119
210234,6,4,2,35,28,35,39,63,74,70,67,137
210270,6,4,2,21,29,35,102,50,137,56,131,187
210401,6,4,2,39,42,3,2,81,5,42,44,86
210429,6,4,2,228,346,50,89,574,139,278,435,713
210605,6,4,2,201,245,571,605,446,1176,772,850,1622
210739,6,4,2,64,81,10,16,145,26,74,97,171
210775,6,4,2,106,120,8,36,226,44,114,156,270
211088,6,4,2,53,82,13,11,135,24,66,93,159
211291,6,4,2,97,48,0,0,145,0,97,48,145
211307,6,4,2,97,82,290,414,179,704,387,496,883
211316,6,4,2,0,7,0,9,7,9,0,16,16
211343,6,4,2,42,48,63,85,90,148,105,133,238
211352,6,4,2,68,63,11,11,131,22,79,74,153
211431,6,4,2,31,109,10,44,140,54,41,153,194
211440,6,4,2,276,166,33,20,442,53,309,186,495
211556,6,4,2,61,81,12,38,142,50,73,119,192
211583,6,4,2,64,76,6,8,140,14,70,84,154
211608,6,4,2,23,29,3,7,52,10,26,36,62
211927,6,4,2,114,111,327,526,225,853,441,637,1078
212045,6,4,2,14,33,0,0,47,0,14,33,47
212054,6,4,2,1818,1259,159,131,3077,290,1977,1390,3367
212106,6,4,2,225,262,30,17,487,47,255,279,534
212115,6,4,2,331,310,70,62,641,132,401,372,773
212133,6,4,2,46,75,9,30,121,39,55,105,160
212197,6,4,2,53,49,5,4,102,9,58,53,111
212230,6,4,2,1,7,0,1,8,1,1,8,9
212267,6,4,2,0,6,0,4,6,4,0,10,10
212276,6,4,2,1,9,0,5,10,5,1,14,15
212294,6,4,2,0,4,0,4,4,4,0,8,8
212300,6,4,2,0,9,0,1,9,1,0,10,10
212328,6,4,2,3,9,0,10,12,10,3,19,22
212337,6,4,2,1,8,0,9,9,9,1,17,18
212355,6,4,2,0,19,0,7,19,7,0,26,26
212382,6,4,2,0,12,0,11,12,11,0,23,23
212391,6,4,2,1,2,0,3,3,3,1,5,6
212601,6,4,2,155,155,13,14,310,27,168,169,337
212674,6,4,2,91,52,2,2,143,4,93,54,147
212753,6,4,2,0,8,0,12,8,12,0,20,20
212771,6,4,2,0,0,0,4,0,4,0,4,4
212805,6,4,2,86,36,7,3,122,10,93,39,132
212869,6,4,2,14,55,9,43,69,52,23,98,121
212878,6,4,2,171,230,367,802,401,1169,538,1032,1570
212975,6,4,2,27,10,0,0,37,0,27,10,37
212984,6,4,2,72,263,20,55,335,75,92,318,410
213011,6,4,2,41,75,7,28,116,35,48,103,151
213020,6,4,2,344,378,101,98,722,199,445,476,921
213181,6,4,2,2,28,0,5,30,5,2,33,35
213251,6,4,2,38,27,0,0,65,0,38,27,65
213321,6,4,2,97,39,12,7,136,19,109,46,155
213349,6,4,2,380,350,87,77,730,164,467,427,894
213367,6,4,2,107,108,16,44,215,60,123,152,275
213376,6,4,2,93,123,25,50,216,75,118,173,291
213385,6,4,2,124,53,7,4,177,11,131,57,188
213507,6,4,2,73,66,8,12,139,20,81,78,159
213525,6,4,2,80,94,171,323,174,494,251,417,668
213570,6,4,2,10,76,0,0,86,0,10,76,86
213589,6,4,2,34,6,5,0,40,5,39,6,45
213598,6,4,2,120,121,9,14,241,23,129,135,264
213659,6,4,2,59,82,89,186,141,275,148,268,416
213668,6,4,2,53,34,0,0,87,0,53,34,87
213774,6,4,2,12,43,5,19,55,24,17,62,79
213987,6,4,2,150,102,6,17,252,23,156,119,275
213996,6,4,2,76,65,15,8,141,23,91,73,164
214041,6,4,2,307,322,149,180,629,329,456,502,958
214111,6,4,2,126,129,390,575,255,965,516,704,1220
214148,6,4,2,0,34,0,4,34,4,0,38,38
214157,6,4,2,62,108,3,19,170,22,65,127,192
214175,6,4,2,70,70,9,4,140,13,79,74,153
214272,6,4,2,85,82,16,49,167,65,101,131,232
214379,6,4,2,157,186,287,468,343,755,444,654,1098
214591,6,4,2,116,41,26,6,157,32,142,47,189
214625,6,4,2,18,3,10,11,21,21,28,14,42
214634,6,4,2,4,13,4,10,17,14,8,23,31
214643,6,4,2,18,5,1,0,23,1,19,5,24
214652,6,4,2,25,34,3,3,59,6,28,37,65
214670,6,4,2,44,22,11,6,66,17,55,28,83
214689,6,4,2,45,40,8,7,85,15,53,47,100
214698,6,4,2,16,7,4,3,23,7,20,10,30
214704,6,4,2,77,31,21,10,108,31,98,41,139
214713,6,4,2,194,95,44,25,289,69,238,120,358
214731,6,4,2,25,16,11,6,41,17,36,22,58
214740,6,4,2,4,2,2,2,6,4,6,4,10
214759,6,4,2,11,10,3,0,21,3,14,10,24
214768,6,4,2,8,15,1,1,23,2,9,16,25
214777,6,4,2,745,266,143,66,1011,209,888,332,1220
214786,6,4,2,11,13,4,1,24,5,15,14,29
214795,6,4,2,15,11,5,8,26,13,20,19,39
214801,6,4,2,126,63,38,31,189,69,164,94,258
214810,6,4,2,8,12,1,4,20,5,9,16,25
214829,6,4,2,22,9,12,6,31,18,34,15,49
214883,6,4,2,10,15,10,23,25,33,20,38,58
215053,6,4,2,10,23,0,2,33,2,10,25,35
215062,6,4,2,482,452,64,108,934,172,546,560,1106
215105,6,4,2,80,87,7,9,167,16,87,96,183
215239,6,4,2,168,308,439,912,476,1351,607,1220,1827
215266,6,4,2,62,47,9,10,109,19,71,57,128
215275,6,4,2,86,74,12,10,160,22,98,84,182
215284,6,4,2,169,102,17,10,271,27,186,112,298
215293,6,4,2,1020,711,168,112,1731,280,1188,823,2011
215309,6,4,2,0,0,0,2,0,2,0,2,2
215381,6,4,2,80,4,0,0,84,0,80,4,84
215442,6,4,2,129,134,20,18,263,38,149,152,301
215479,6,4,2,1,15,0,0,16,0,1,15,16
215585,6,4,2,40,54,123,280,94,403,163,334,497
215655,6,4,2,240,90,36,24,330,60,276,114,390
215743,6,4,2,66,49,8,14,115,22,74,63,137
215798,6,4,2,59,39,11,11,98,22,70,50,120
215929,6,4,2,398,509,14,12,907,26,412,521,933
216010,6,4,2,275,203,65,60,478,125,340,263,603
216038,6,4,2,455,349,78,59,804,137,533,408,941
216339,6,4,2,1624,1447,406,351,3071,757,2030,1798,3828
216357,6,4,2,38,28,3,4,66,7,41,32,73
216366,6,4,2,122,410,18,52,532,70,140,462,602
216454,6,4,2,4,0,0,0,4,0,4,0,4
216524,6,4,2,65,38,4,4,103,8,69,42,111
216542,6,4,2,32,24,5,1,56,6,37,25,62
216579,6,4,2,1,19,0,0,20,0,1,19,20
216597,6,4,2,198,173,12,14,371,26,210,187,397
216667,6,4,2,43,27,7,0,70,7,50,27,77
216694,6,4,2,69,84,5,2,153,7,74,86,160
216746,6,4,2,4,1,0,0,5,0,4,1,5
216764,6,4,2,872,741,241,279,1613,520,1113,1020,2133
216825,6,4,2,53,76,78,199,129,277,131,275,406
216852,6,4,2,98,126,17,29,224,46,115,155,270
216931,6,4,2,146,135,16,22,281,38,162,157,319
216940,6,4,2,3,0,0,0,3,0,3,0,3
217013,6,4,2,21,51,11,37,72,48,32,88,120
217059,6,4,2,155,186,55,21,341,76,210,207,417
217156,6,4,2,368,270,43,81,638,124,411,351,762
217165,6,4,2,154,62,10,2,216,12,164,64,228
217235,6,4,2,231,240,47,46,471,93,278,286,564
217305,6,4,2,130,100,20,16,230,36,150,116,266
217323,6,4,2,26,3,0,0,29,0,26,3,29
217402,6,4,2,117,60,16,10,177,26,133,70,203
217420,6,4,2,260,498,96,193,758,289,356,691,1047
217493,6,4,2,150,241,0,0,391,0,150,241,391
217518,6,4,2,130,77,25,12,207,37,155,89,244
217536,6,4,2,114,110,9,7,224,16,123,117,240
217581,6,4,2,1,18,0,8,19,8,1,26,27
217633,6,4,2,97,131,13,17,228,30,110,148,258
217688,6,4,2,120,181,31,34,301,65,151,215,366
217712,6,4,2,15,25,47,142,40,189,62,167,229
217721,6,4,2,207,249,5,4,456,9,212,253,465
217749,6,4,2,154,122,16,24,276,40,170,146,316
217819,6,4,2,448,521,109,115,969,224,557,636,1193
217864,6,4,2,209,33,37,14,242,51,246,47,293
217873,6,4,2,186,354,9,16,540,25,195,370,565
217882,6,4,2,1648,877,203,123,2525,326,1851,1000,2851
217891,6,4,2,19,18,1,1,37,2,20,19,39
217907,6,4,2,37,53,6,5,90,11,43,58,101
217925,6,4,2,41,23,14,15,64,29,55,38,93
217934,6,4,2,8,102,9,56,110,65,17,158,175
217961,6,4,2,14,42,0,5,56,5,14,47,61
217989,6,4,2,10,14,0,8,24,8,10,22,32
218025,6,4,2,47,67,67,185,114,252,114,252,366
218061,6,4,2,143,279,24,38,422,62,167,317,484
218113,6,4,2,189,283,342,571,472,913,531,854,1385
218140,6,4,2,151,265,151,410,416,561,302,675,977
218229,6,4,2,177,274,21,41,451,62,198,315,513
218335,6,4,2,11,119,0,3,130,3,11,122,133
218353,6,4,2,145,220,272,433,365,705,417,653,1070
218399,6,4,2,31,35,1,0,66,1,32,35,67
218414,6,4,2,143,99,3,4,242,7,146,103,249
218441,6,4,2,96,63,10,16,159,26,106,79,185
218487,6,4,2,28,39,28,133,67,161,56,172,228
218520,6,4,2,49,112,105,282,161,387,154,394,548
218539,6,4,2,45,38,1,3,83,4,46,41,87
218645,6,4,2,161,223,44,57,384,101,205,280,485
218654,6,4,2,99,142,29,33,241,62,128,175,303
218663,6,4,2,1109,688,253,171,1797,424,1362,859,2221
218672,6,4,2,10,16,5,19,26,24,15,35,50
218681,6,4,2,5,4,3,3,9,6,8,7,15
218690,6,4,2,13,9,31,22,22,53,44,31,75
218706,6,4,2,5,5,7,8,10,15,12,13,25
218724,6,4,2,540,445,142,76,985,218,682,521,1203
218733,6,4,2,168,147,32,18,315,50,200,165,365
218742,6,4,2,262,383,56,95,645,151,318,478,796
218821,6,4,2,27,21,7,6,48,13,34,27,61
218830,6,4,2,116,171,160,246,287,406,276,417,693
218885,6,4,2,94,70,147,228,164,375,241,298,539
218919,6,4,2,29,45,6,11,74,17,35,56,91
218973,6,4,2,67,53,10,3,120,13,77,56,133
218991,6,4,2,56,101,97,193,157,290,153,294,447
219037,6,4,2,0,9,0,0,9,0,0,9,9
219082,6,4,2,146,47,144,96,193,240,290,143,433
219125,6,4,2,0,11,0,2,11,2,0,13,13
219170,6,4,2,1,6,0,0,7,0,1,6,7
219189,6,4,2,20,16,8,11,36,19,28,27,55
219198,6,4,2,66,44,5,10,110,15,71,54,125
219204,6,4,2,6,3,35,37,9,72,41,40,81
219259,6,4,2,73,77,86,93,150,179,159,170,329
219277,6,4,2,18,49,23,76,67,99,41,125,166
219338,6,4,2,1,9,0,0,10,0,1,9,10
219347,6,4,2,244,47,90,38,291,128,334,85,419
219426,6,4,2,69,56,53,82,125,135,122,138,260
219471,6,4,2,232,238,118,183,470,301,350,421,771
219480,6,4,2,30,42,7,25,72,32,37,67,104
219602,6,4,2,304,410,188,205,714,393,492,615,1107
219639,6,4,2,10,82,13,143,92,156,23,225,248
219806,6,4,2,79,83,6,4,162,10,85,87,172
219824,6,4,2,99,154,112,245,253,357,211,399,610
219833,6,4,2,77,83,12,6,160,18,89,89,178
219879,6,4,2,35,42,39,54,77,93,74,96,170
219888,6,4,2,86,83,68,136,169,204,154,219,373
219921,6,4,2,10,13,6,2,23,8,16,15,31
219994,6,4,2,36,37,3,1,73,4,39,38,77
220057,6,4,2,28,40,26,77,68,103,54,117,171
220075,6,4,2,575,595,167,201,1170,368,742,796,1538
220127,6,4,2,23,23,2,0,46,2,25,23,48
220163,6,4,2,0,4,0,8,4,8,0,12,12
220215,6,4,2,105,82,2,6,187,8,107,88,195
220251,6,4,2,5,4,1,5,9,6,6,9,15
220279,6,4,2,9,10,6,0,19,6,15,10,25
220321,6,4,2,13,16,0,7,29,7,13,23,36
220394,6,4,2,7,9,0,0,16,0,7,9,16
220400,6,4,2,24,56,49,159,80,208,73,215,288
220473,6,4,2,61,41,7,7,102,14,68,48,116
220516,6,4,2,75,109,4,13,184,17,79,122,201
220598,6,4,2,130,111,6,6,241,12,136,117,253
220604,6,4,2,40,69,4,13,109,17,44,82,126
220701,6,4,2,70,43,9,9,113,18,79,52,131
220710,6,4,2,51,55,3,5,106,8,54,60,114
220862,6,4,2,993,1290,373,516,2283,889,1366,1806,3172
220978,6,4,2,1596,1470,394,384,3066,778,1990,1854,3844
221050,6,4,2,29,26,7,0,55,7,36,26,62
221096,6,4,2,60,78,76,109,138,185,136,187,323
221148,6,4,2,92,12,0,0,104,0,92,12,104
221184,6,4,2,77,134,123,246,211,369,200,380,580
221333,6,4,2,10,8,7,6,18,13,17,14,31
221397,6,4,2,41,81,45,137,122,182,86,218,304
221430,6,4,2,13,6,6,7,19,13,19,13,32
221485,6,4,2,86,150,141,246,236,387,227,396,623
221494,6,4,2,22,12,4,4,34,8,26,16,42
221519,6,4,2,90,63,1,2,153,3,91,65,156
221582,6,4,2,11,5,0,0,16,0,11,5,16
221607,6,4,2,6,7,5,5,13,10,11,12,23
221625,6,4,2,38,40,1,2,78,3,39,42,81
221643,6,4,2,131,83,332,138,214,470,463,221,684
221740,6,4,2,690,537,160,149,1227,309,850,686,1536
221759,6,4,2,813,489,205,142,1302,347,1018,631,1649
221768,6,4,2,349,402,45,47,751,92,394,449,843
221838,6,4,2,231,285,89,130,516,219,320,415,735
221847,6,4,2,733,392,143,76,1125,219,876,468,1344
221908,6,4,2,79,126,140,113,205,253,219,239,458
221999,6,4,2,274,172,24,12,446,36,298,184,482
222053,6,4,2,101,142,126,213,243,339,227,355,582
222062,6,4,2,67,68,45,120,135,165,112,188,300
222178,6,4,2,147,151,22,34,298,56,169,185,354
222576,6,4,2,111,224,205,432,335,637,316,656,972
222822,6,4,2,50,83,64,134,133,198,114,217,331
222831,6,4,2,355,393,113,86,748,199,468,479,947
222877,6,4,2,13,14,0,0,27,0,13,14,27
222992,6,4,2,497,422,1462,2161,919,3623,1959,2583,4542
223232,6,4,2,546,571,67,57,1117,124,613,628,1241
223320,6,4,2,23,56,47,117,79,164,70,173,243
223506,6,4,2,28,30,171,189,58,360,199,219,418
223816,6,4,2,53,88,431,437,141,868,484,525,1009
223922,6,4,2,13,28,10,23,41,33,23,51,74
224147,6,4,2,450,543,248,267,993,515,698,810,1508
224156,6,4,2,0,38,0,19,38,19,0,57,57
224323,6,4,2,61,37,7,6,98,13,68,43,111
224527,6,4,2,51,42,5,5,93,10,56,47,103
224554,6,4,2,432,640,177,196,1072,373,609,836,1445
224615,6,4,2,549,669,1726,2593,1218,4319,2275,3262,5537
224642,6,4,2,259,261,775,995,520,1770,1034,1256,2290
224891,6,4,2,7,21,9,22,28,31,16,43,59
224961,6,4,2,24,41,43,119,65,162,67,160,227
225247,6,4,2,74,59,18,8,133,26,92,67,159
225399,6,4,2,79,108,53,58,187,111,132,166,298
225414,6,4,2,361,626,374,617,987,991,735,1243,1978
225432,6,4,2,527,825,600,897,1352,1497,1127,1722,2849
225511,6,4,2,2159,1956,1754,1499,4115,3253,3913,3455,7368
225548,6,4,2,88,43,4,6,131,10,92,49,141
225885,6,4,2,58,65,11,7,123,18,69,72,141
226116,6,4,2,27,59,45,94,86,139,72,153,225
226134,6,4,2,87,131,277,425,218,702,364,556,920
226204,6,4,2,48,17,262,225,65,487,310,242,552
226277,6,4,2,148,18,0,0,166,0,148,18,166
226383,6,4,2,108,112,14,14,220,28,122,126,248
226408,6,4,2,39,30,128,191,69,319,167,221,388
226471,6,4,2,131,213,29,29,344,58,160,242,402
226578,6,4,2,70,137,128,366,207,494,198,503,701
226587,6,4,2,58,52,18,18,110,36,76,70,146
226675,6,4,2,13,97,0,0,110,0,13,97,110
227146,6,4,2,63,93,87,197,156,284,150,290,440
227182,6,4,2,814,784,2276,3276,1598,5552,3090,4060,7150
227216,6,4,2,2357,2109,1129,1081,4466,2210,3486,3190,6676
227331,6,4,2,73,131,7,20,204,27,80,151,231
227368,6,4,2,1675,2169,819,909,3844,1728,2494,3078,5572
227377,6,4,2,104,117,201,245,221,446,305,362,667
227386,6,4,2,15,62,16,79,77,95,31,141,172
227401,6,4,2,51,74,60,129,125,189,111,203,314
227526,6,4,2,510,819,160,247,1329,407,670,1066,1736
227757,6,4,2,186,111,16,13,297,29,202,124,326
227845,6,4,2,161,177,33,32,338,65,194,209,403
227863,6,4,2,117,241,34,45,358,79,151,286,437
227881,6,4,2,1170,1666,463,689,2836,1152,1633,2355,3988
227979,6,4,2,287,380,1193,1727,667,2920,1480,2107,3587
228042,6,4,2,52,43,4,1,95,5,56,44,100
228149,6,4,2,80,93,9,12,173,21,89,105,194
228158,6,4,2,311,343,265,461,654,726,576,804,1380
228246,6,4,2,385,206,50,36,591,86,435,242,677
228282,6,4,2,0,3,0,0,3,0,0,3,3
228343,6,4,2,60,49,5,5,109,10,65,54,119
228431,6,4,2,532,616,152,234,1148,386,684,850,1534
228459,6,4,2,2679,2840,1034,1326,5519,2360,3713,4166,7879
228501,6,4,2,115,102,58,112,217,170,173,214,387
228529,6,4,2,516,723,321,361,1239,682,837,1084,1921
228547,6,4,2,370,314,1697,2472,684,4169,2067,2786,4853
228644,6,4,2,55,194,4,18,249,22,59,212,271
228653,6,4,2,29,188,5,45,217,50,34,233,267
228699,6,4,2,29,50,35,111,79,146,64,161,225
228705,6,4,2,460,319,120,104,779,224,580,423,1003
228723,6,4,2,3483,1787,1150,702,5270,1852,4633,2489,7122
228769,6,4,2,1898,2092,1034,1502,3990,2536,2932,3594,6526
228778,6,4,2,1477,1239,499,419,2716,918,1976,1658,3634
228787,6,4,2,2334,1617,848,505,3951,1353,3182,2122,5304
228796,6,4,2,1333,1454,837,902,2787,1739,2170,2356,4526
228802,6,4,2,518,581,213,310,1099,523,731,891,1622
228875,6,4,2,709,793,46,38,1502,84,755,831,1586
228909,6,4,2,0,0,1,1,0,2,1,1,2
229018,6,4,2,371,472,127,164,843,291,498,636,1134
229027,6,4,2,2007,1866,1189,1047,3873,2236,3196,2913,6109
229063,6,4,2,376,574,122,169,950,291,498,743,1241
229115,6,4,2,2581,1492,651,442,4073,1093,3232,1934,5166
229179,6,4,2,135,1181,62,601,1316,663,197,1782,1979
229267,6,4,2,127,71,14,11,198,25,141,82,223
229337,6,4,2,64,373,4,25,437,29,68,398,466
229355,6,4,2,106,169,156,400,275,556,262,569,831
229504,6,4,2,27,39,51,114,66,165,78,153,231
229780,6,4,2,89,64,47,46,153,93,136,110,246
229799,6,4,2,51,87,82,217,138,299,133,304,437
229814,6,4,2,395,478,185,214,873,399,580,692,1272
229841,6,4,2,86,62,204,291,148,495,290,353,643
229887,6,4,2,40,38,1,8,78,9,41,46,87
230038,6,4,2,7130,4855,741,698,11985,1439,7871,5553,13424
230047,6,4,2,468,501,17,31,969,48,485,532,1017
230162,6,4,2,42,63,256,82,105,338,298,145,443
230171,6,4,2,821,784,206,230,1605,436,1027,1014,2041
230214,6,4,2,0,23,7,30,23,37,7,53,60
230597,6,4,2,267,106,59,48,373,107,326,154,480
230603,6,4,2,994,670,159,171,1664,330,1153,841,1994
230676,6,4,2,4,6,12,4,10,16,16,10,26
230728,6,4,2,2596,1715,609,523,4311,1132,3205,2238,5443
230746,6,4,2,457,411,1142,1319,868,2461,1599,1730,3329
230764,6,4,2,2327,1461,775,637,3788,1412,3102,2098,5200
230782,6,4,2,1255,1245,576,702,2500,1278,1831,1947,3778
230807,6,4,2,83,110,11,6,193,17,94,116,210
230816,6,4,2,33,45,1,1,78,2,34,46,80
230834,6,4,2,103,89,27,33,192,60,130,122,252
230852,6,4,2,164,80,44,26,244,70,208,106,314
230861,6,4,2,33,31,165,372,64,537,198,403,601
230913,6,4,2,74,71,23,48,145,71,97,119,216
230959,6,4,2,221,185,6,11,406,17,227,196,423
231059,6,4,2,89,36,6,1,125,7,95,37,132
231095,6,4,2,11,17,3,2,28,5,14,19,33
231165,6,4,2,50,34,52,47,84,99,102,81,183
231174,6,4,2,357,291,79,108,648,187,436,399,835
231280,6,4,2,0,14,0,2,14,2,0,16,16
231411,6,4,2,44,5,0,0,49,0,44,5,49
231420,6,4,2,121,100,17,6,221,23,138,106,244
231536,6,4,2,33,59,104,177,92,281,137,236,373
231581,6,4,2,79,59,0,2,138,2,79,61,140
231624,6,4,2,197,159,17,17,356,34,214,176,390
231688,6,4,2,1,11,0,4,12,4,1,15,16
231697,6,4,2,33,26,67,135,59,202,100,161,261
231712,6,4,2,225,154,31,22,379,53,256,176,432
231785,6,4,2,18,68,5,73,86,78,23,141,164
231873,6,4,2,13,14,11,20,27,31,24,34,58
231882,6,4,2,30,36,31,71,66,102,61,107,168
232025,6,4,2,49,19,8,2,68,10,57,21,78
232043,6,4,2,46,39,9,7,85,16,55,46,101
232052,6,4,2,3,9,13,29,12,42,16,38,54
232089,6,4,2,100,56,14,6,156,20,114,62,176
232186,6,4,2,2486,2099,1008,758,4585,1766,3494,2857,6351
232195,6,4,2,69,76,180,384,145,564,249,460,709
232308,6,4,2,0,175,0,1,175,1,0,176,176
232414,6,4,2,78,119,240,402,197,642,318,521,839
232450,6,4,2,60,91,273,383,151,656,333,474,807
232557,6,4,2,2134,2675,1001,1247,4809,2248,3135,3922,7057
232566,6,4,2,151,170,26,79,321,105,177,249,426
232575,6,4,2,28,38,97,192,66,289,125,230,355
232609,6,4,2,75,82,7,6,157,13,82,88,170
232706,6,4,2,87,185,18,24,272,42,105,209,314
232788,6,4,2,24,48,30,47,72,77,54,95,149
232867,6,4,2,39,30,105,95,69,200,144,125,269
232946,6,4,2,641,580,1847,1966,1221,3813,2488,2546,5034
232982,6,4,2,1137,1206,487,565,2343,1052,1624,1771,3395
233019,6,4,2,23,37,24,71,60,95,47,108,155
233037,6,4,2,4,10,10,33,14,43,14,43,57
233116,6,4,2,34,43,111,222,77,333,145,265,410
233277,6,4,2,393,499,71,104,892,175,464,603,1067
233286,6,4,2,2,12,1,2,14,3,3,14,17
233295,6,4,2,61,29,10,8,90,18,71,37,108
233310,6,4,2,4,10,35,92,14,127,39,102,141
233338,6,4,2,45,38,7,9,83,16,52,47,99
233374,6,4,2,295,296,16,14,591,30,311,310,621
233426,6,4,2,81,52,17,16,133,33,98,68,166
233541,6,4,2,98,156,8,13,254,21,106,169,275
233611,6,4,2,184,79,10,10,263,20,194,89,283
233639,6,4,2,6,44,39,111,50,150,45,155,200
233648,6,4,2,26,57,32,80,83,112,58,137,195
233666,6,4,2,0,2,0,2,2,2,0,4,4
233718,6,4,2,0,36,0,3,36,3,0,39,39
233754,6,4,2,73,96,167,291,169,458,240,387,627
233772,6,4,2,176,293,494,731,469,1225,670,1024,1694
233903,6,4,2,29,31,31,66,60,97,60,97,157
233921,6,4,2,2375,1024,281,109,3399,390,2656,1133,3789
233949,6,4,2,46,69,169,225,115,394,215,294,509
234030,6,4,2,1231,1588,402,522,2819,924,1633,2110,3743
234076,6,4,2,564,509,72,66,1073,138,636,575,1211
234119,6,4,2,7,8,4,5,15,9,11,13,24
234155,6,4,2,337,366,38,29,703,67,375,395,770
234207,6,4,2,69,41,3,0,110,3,72,41,113
234377,6,4,2,14,34,28,67,48,95,42,101,143
234669,6,4,2,277,309,338,352,586,690,615,661,1276
234696,6,4,2,104,78,34,55,182,89,138,133,271
234711,6,4,2,43,49,34,42,92,76,77,91,168
234827,6,4,2,922,858,168,153,1780,321,1090,1011,2101
234845,6,4,2,46,48,23,45,94,68,69,93,162
234924,6,4,2,4,48,0,0,52,0,4,48,52
234933,6,4,2,124,165,178,222,289,400,302,387,689
234951,6,4,2,75,113,55,120,188,175,130,233,363
234979,6,4,2,148,193,238,161,341,399,386,354,740
235024,6,4,2,22,40,8,15,62,23,30,55,85
235097,6,4,2,593,613,143,106,1206,249,736,719,1455
235103,6,4,2,134,117,155,157,251,312,289,274,563
235149,6,4,2,94,140,178,213,234,391,272,353,625
235237,6,4,2,123,206,183,288,329,471,306,494,800
235307,6,4,2,0,15,0,0,15,0,0,15,15
235316,6,4,2,166,135,23,7,301,30,189,142,331
235334,6,4,2,32,33,23,28,65,51,55,61,116
235343,6,4,2,211,143,145,153,354,298,356,296,652
235431,6,4,2,91,150,110,186,241,296,201,336,537
235547,6,4,2,3,11,0,1,14,1,3,12,15
235671,6,4,2,110,62,99,53,172,152,209,115,324
235699,6,4,2,107,113,80,85,220,165,187,198,385
235750,6,4,2,30,69,23,84,99,107,53,153,206
236072,6,4,2,64,68,94,148,132,242,158,216,374
236188,6,4,2,122,126,133,132,248,265,255,258,513
236258,6,4,2,23,41,28,55,64,83,51,96,147
236328,6,4,2,77,80,13,7,157,20,90,87,177
236382,6,4,2,57,50,216,53,107,269,273,103,376
236452,6,4,2,72,47,7,8,119,15,79,55,134
236504,6,4,2,79,50,438,90,129,528,517,140,657
236513,6,4,2,180,221,110,162,401,272,290,383,673
236577,6,4,2,116,184,19,30,300,49,135,214,349
236595,6,4,2,213,209,27,33,422,60,240,242,482
236610,6,4,2,113,127,126,195,240,321,239,322,561
236638,6,4,2,69,98,134,109,167,243,203,207,410
236656,6,4,2,70,82,86,113,152,199,156,195,351
236692,6,4,2,164,236,196,237,400,433,360,473,833
236708,6,4,2,102,135,74,96,237,170,176,231,407
236753,6,4,2,132,193,96,205,325,301,228,398,626
236887,6,4,2,65,93,46,61,158,107,111,154,265
236896,6,4,2,126,111,14,18,237,32,140,129,269
236939,6,4,2,1831,1460,350,332,3291,682,2181,1792,3973
236975,6,4,2,42,95,29,60,137,89,71,155,226
237011,6,4,2,1019,1107,326,263,2126,589,1345,1370,2715
237039,6,4,2,122,88,121,125,210,246,243,213,456
237057,6,4,2,93,86,11,6,179,17,104,92,196
237066,6,4,2,87,102,15,10,189,25,102,112,214
237109,6,4,2,75,166,43,117,241,160,118,283,401
237118,6,4,2,39,19,1,2,58,3,40,21,61
237181,6,4,2,54,15,1,0,69,1,55,15,70
237303,6,4,2,5,9,0,0,14,0,5,9,14
237312,6,4,2,83,61,40,41,144,81,123,102,225
237321,6,4,2,0,8,0,0,8,0,0,8,8
237330,6,4,2,68,70,12,8,138,20,80,78,158
237358,6,4,2,39,39,0,1,78,1,39,40,79
237367,6,4,2,136,121,40,62,257,102,176,183,359
237385,6,4,2,85,50,21,13,135,34,106,63,169
237525,6,4,2,519,493,93,118,1012,211,612,611,1223
237686,6,4,2,53,103,32,58,156,90,85,161,246
237701,6,4,2,43,33,7,4,76,11,50,37,87
237792,6,4,2,153,202,36,46,355,82,189,248,437
237817,6,4,2,27,51,21,25,78,46,48,76,124
237899,6,4,2,114,93,22,21,207,43,136,114,250
237950,6,4,2,108,47,15,5,155,20,123,52,175
237969,6,4,2,49,25,4,2,74,6,53,27,80
238014,6,4,2,19,27,18,52,46,70,37,79,116
238032,6,4,2,1409,929,171,143,2338,314,1580,1072,2652
238175,6,4,2,1,17,0,0,18,0,1,17,18
238193,6,4,2,1,104,5,39,105,44,6,143,149
238263,6,4,2,220,198,416,626,418,1042,636,824,1460
238397,6,4,2,26,43,75,133,69,208,101,176,277
238430,6,4,2,28,42,7,13,70,20,35,55,90
238458,6,4,2,75,160,24,28,235,52,99,188,287
238722,6,4,2,137,108,431,330,245,761,568,438,1006
238759,6,4,2,68,69,224,383,137,607,292,452,744
239008,6,4,2,24,30,75,103,54,178,99,133,232
239017,6,4,2,89,70,3,3,159,6,92,73,165
239071,6,4,2,36,26,10,10,62,20,46,36,82
239105,6,4,2,322,318,43,42,640,85,365,360,725
239248,6,4,2,204,255,594,806,459,1400,798,1061,1859
239309,6,4,2,32,53,4,5,85,9,36,58,94
239318,6,4,2,289,123,17,3,412,20,306,126,432
239372,6,4,2,44,55,91,157,99,248,135,212,347
239442,6,4,2,4,7,24,37,11,61,28,44,72
239488,6,4,2,92,120,191,379,212,570,283,499,782
239512,6,4,2,58,23,0,1,81,1,58,24,82
239716,6,4,2,68,25,5,3,93,8,73,28,101
239877,6,4,2,0,6,0,1,6,1,0,7,7
240107,6,4,2,38,116,14,43,154,57,52,159,211
240170,6,4,2,101,91,160,188,192,348,261,279,540
240189,6,4,2,701,541,154,145,1242,299,855,686,1541
240198,6,4,2,36,61,58,118,97,176,94,179,273
240268,6,4,2,576,541,95,143,1117,238,671,684,1355
240277,6,4,2,336,462,114,185,798,299,450,647,1097
240329,6,4,2,507,424,141,70,931,211,648,494,1142
240338,6,4,2,31,28,3,6,59,9,34,34,68
240365,6,4,2,536,694,165,160,1230,325,701,854,1555
240374,6,4,2,231,262,83,90,493,173,314,352,666
240417,6,4,2,610,289,214,165,899,379,824,454,1278
240426,6,4,2,146,173,28,64,319,92,174,237,411
240444,6,4,2,1635,1158,405,301,2793,706,2040,1459,3499
240453,6,4,2,1407,1550,379,364,2957,743,1786,1914,3700
240462,6,4,2,575,306,155,52,881,207,730,358,1088
240471,6,4,2,277,307,65,87,584,152,342,394,736
240480,6,4,2,455,420,96,123,875,219,551,543,1094
240505,6,4,2,62,89,79,123,151,202,141,212,353
240514,6,4,2,17,26,36,36,43,72,53,62,115
240596,6,4,2,13,9,8,15,22,23,21,24,45
240620,6,4,2,62,94,91,170,156,261,153,264,417
240657,6,4,2,25,16,23,24,41,47,48,40,88
240666,6,4,2,46,42,44,79,88,123,90,121,211
240727,6,4,2,701,496,171,226,1197,397,872,722,1594
240745,6,4,2,37,69,97,110,106,207,134,179,313
240790,6,4,2,71,73,23,45,144,68,94,118,212
241182,6,4,2,10,65,0,0,75,0,10,65,75
241191,6,4,2,83,147,15,17,230,32,98,164,262
241225,6,4,2,32,60,24,35,92,59,56,95,151
241331,6,4,2,15,34,4,40,49,44,19,74,93
241377,6,4,2,59,81,8,9,140,17,67,90,157
241386,6,4,2,6,20,2,3,26,5,8,23,31
241395,6,4,2,22,28,8,16,50,24,30,44,74
241410,6,4,2,270,375,96,152,645,248,366,527,893
241720,6,4,2,23,50,20,19,73,39,43,69,112
241739,6,4,2,223,435,146,304,658,450,369,739,1108
241766,6,4,2,30,20,18,9,50,27,48,29,77
241836,6,4,2,23,22,17,46,45,63,40,68,108
241906,6,4,2,7,26,0,0,33,0,7,26,33
241951,6,4,2,18,25,14,46,43,60,32,71,103
242112,6,4,2,10,16,3,8,26,11,13,24,37
242130,6,4,2,9,32,4,12,41,16,13,44,57
242149,6,4,2,9,32,5,14,41,19,14,46,60
242556,6,4,2,19,7,2,1,26,3,21,8,29
242617,6,4,2,227,206,79,103,433,182,306,309,615
242626,6,4,2,212,257,70,107,469,177,282,364,646
242635,6,4,2,159,253,55,99,412,154,214,352,566
242644,6,4,2,36,65,18,33,101,51,54,98,152
242653,6,4,2,261,269,123,158,530,281,384,427,811
242662,6,4,2,164,250,69,133,414,202,233,383,616
242680,6,4,2,76,111,29,47,187,76,105,158,263
242699,6,4,2,54,115,14,42,169,56,68,157,225
242705,6,4,2,401,275,159,117,676,276,560,392,952
243106,6,4,2,142,144,54,70,286,124,196,214,410
243142,6,4,2,38,67,23,35,105,58,61,102,163
243179,6,4,2,145,227,50,104,372,154,195,331,526
243188,6,4,2,22,26,6,9,48,15,28,35,63
243203,6,4,2,13,80,1,7,93,8,14,87,101
243212,6,4,2,179,238,29,48,417,77,208,286,494
243221,6,4,2,215,310,121,207,525,328,336,517,853
243346,6,4,2,207,315,168,281,522,449,375,596,971
243443,6,4,2,196,248,85,117,444,202,281,365,646
243577,6,4,2,197,73,484,164,270,648,681,237,918
243586,6,4,2,38,80,13,24,118,37,51,104,155
243601,6,4,2,493,623,333,394,1116,727,826,1017,1843
243638,6,4,2,68,105,58,56,173,114,126,161,287
243647,6,4,2,16,14,12,17,30,29,28,31,59
243744,6,4,2,863,833,0,0,1696,0,863,833,1696
243780,6,4,2,2490,1298,392,235,3788,627,2882,1533,4415
243832,6,4,2,10,51,28,42,61,70,38,93,131
243841,6,4,2,17,48,4,14,65,18,21,62,83
244437,6,4,2,233,373,572,971,606,1543,805,1344,2149
244446,6,4,2,39,45,89,110,84,199,128,155,283
245281,6,4,2,4,5,0,0,9,0,4,5,9
245625,6,4,2,19,21,42,60,40,102,61,81,142
246813,6,4,2,46,55,136,286,101,422,182,341,523
246895,6,4,2,11,38,17,15,49,32,28,53,81
247603,6,4,2,56,34,77,57,90,134,133,91,224
247834,6,4,2,685,483,1296,1533,1168,2829,1981,2016,3997
247940,6,4,2,62,65,91,135,127,226,153,200,353
248925,6,4,2,45,37,9,14,82,23,54,51,105
248934,6,4,2,627,1164,2,7,1791,9,629,1171,1800
249238,6,4,2,1,39,1,26,40,27,2,65,67
251260,6,4,2,89,103,109,205,192,314,198,308,506
260813,6,4,2,10,44,0,0,54,0,10,44,54
260929,6,4,2,2,31,0,0,33,0,2,31,33
262031,6,4,2,110,136,213,264,246,477,323,400,723
262086,6,4,2,53,52,113,307,105,420,166,359,525
262129,6,4,2,29,67,1,0,96,1,30,67,97
262341,6,4,2,111,21,0,0,132,0,111,21,132
363165,6,4,2,71,72,30,18,143,48,101,90,191
363633,6,4,2,8,10,14,24,18,38,22,34,56
363907,6,4,2,47,25,14,6,72,20,61,31,92
363916,6,4,2,5,10,2,6,15,8,7,16,23
364016,6,4,2,94,56,249,303,150,552,343,359,702
364025,6,4,2,165,119,469,436,284,905,634,555,1189
364636,6,4,2,5,17,0,9,22,9,5,26,31
365198,6,4,2,0,10,8,13,10,21,8,23,31
365480,6,4,2,6,36,20,6,42,26,26,42,68
366003,6,4,2,4,7,3,2,11,5,7,9,16
366252,6,4,2,261,147,78,109,408,187,339,256,595
366395,6,4,2,320,400,492,745,720,1237,812,1145,1957
366401,6,4,2,89,74,376,367,163,743,465,441,906
366465,6,4,2,46,85,53,135,131,188,99,220,319
366623,6,4,2,1,0,0,0,1,0,1,0,1
366711,6,4,2,1075,1342,382,525,2417,907,1457,1867,3324
367334,6,4,2,17,1,5,1,18,6,22,2,24
367459,6,4,2,84,77,213,309,161,522,297,386,683
368230,6,4,2,0,6,0,5,6,5,0,11,11
368911,6,4,2,7,41,20,108,48,128,27,149,176
372356,6,4,2,0,35,0,0,35,0,0,35,35
374574,6,4,2,18,68,5,27,86,32,23,95,118
375106,6,4,2,15,3,0,0,18,0,15,3,18
375407,6,4,2,5,12,0,1,17,1,5,13,18
375416,6,4,2,6,39,0,0,45,0,6,39,45
375726,6,4,2,16,0,17,6,16,23,33,6,39
375984,6,4,2,1,23,0,11,24,11,1,34,35
376288,6,4,2,6,6,0,0,12,0,6,6,12
376385,6,4,2,11,10,0,0,21,0,11,10,21
376446,6,4,2,0,1,0,0,1,0,0,1,1
376631,6,4,2,2,1,0,0,3,0,2,1,3
377218,6,4,2,22,1,0,0,23,0,22,1,23
377643,6,4,2,2,16,0,0,18,0,2,16,18
377722,6,4,2,4,94,0,0,98,0,4,94,98
379621,6,4,2,2,6,0,0,8,0,2,6,8
380359,6,4,2,4,11,8,45,15,53,12,56,68
382258,6,4,2,1,11,3,19,12,22,4,30,34
383190,6,4,2,24,35,58,100,59,158,82,135,217
383765,6,4,2,0,27,0,8,27,8,0,35,35
383996,6,4,2,5,11,12,13,16,25,17,24,41
384254,6,4,2,89,43,6,2,132,8,95,45,140
384333,6,4,2,98,105,337,494,203,831,435,599,1034
384342,6,4,2,62,56,171,207,118,378,233,263,496
395362,6,4,2,13,30,49,66,43,115,62,96,158
399212,6,4,2,79,79,1034,446,158,1480,1113,525,1638
399911,6,4,2,23,49,0,0,72,0,23,49,72
400187,6,4,2,7,42,0,32,49,32,7,74,81
401764,6,4,2,0,17,2,22,17,24,2,39,41
403469,6,4,2,3,10,41,32,13,73,44,42,86
403478,6,4,2,6,4,3,4,10,7,9,8,17
403487,6,4,2,2,11,8,24,13,32,10,35,45
404426,6,4,2,42,31,72,98,73,170,114,129,243
404684,6,4,2,9,28,0,0,37,0,9,28,37
405872,6,4,2,29,22,92,138,51,230,121,160,281
407179,6,4,2,0,14,0,11,14,11,0,25,25
407461,6,4,2,10,5,0,0,15,0,10,5,15
407470,6,4,2,0,16,0,5,16,5,0,21,21
407735,6,4,2,0,5,0,0,5,0,0,5,5
407832,6,4,2,6,5,12,8,11,20,18,13,31
408066,6,4,2,4,19,3,9,23,12,7,28,35
408844,6,4,2,144,190,48,125,334,173,192,315,507
409591,6,4,2,1,8,3,9,9,12,4,17,21
409698,6,4,2,502,701,108,108,1203,216,610,809,1419
412544,6,4,2,0,17,0,11,17,11,0,28,28
413617,6,4,2,1,7,4,15,8,19,5,22,27
414878,6,4,2,8,11,39,37,19,76,47,48,95
414911,6,4,2,31,27,25,45,58,70,56,72,128
415039,6,4,2,2,5,0,2,7,2,2,7,9
416801,6,4,2,14,77,2,11,91,13,16,88,104
417008,6,4,2,0,21,0,0,21,0,0,21,21
417655,6,4,2,1,4,0,0,5,0,1,4,5
417716,6,4,2,1,30,0,0,31,0,1,30,31
417734,6,4,2,2,11,3,13,13,16,5,24,29
417752,6,4,2,2,5,1,1,7,2,3,6,9
417840,6,4,2,2,58,0,0,60,0,2,58,60
417886,6,4,2,1,6,0,0,7,0,1,6,7
417910,6,4,2,9,27,0,0,36,0,9,27,36
418029,6,4,2,3,7,0,0,10,0,3,7,10
418065,6,4,2,8,36,1,4,44,5,9,40,49
418083,6,4,2,1,6,0,0,7,0,1,6,7
418481,6,4,2,0,5,0,0,5,0,0,5,5
418533,6,4,2,6,35,2,3,41,5,8,38,46
418588,6,4,2,0,3,0,0,3,0,0,3,3
419031,6,4,2,1,10,0,0,11,0,1,10,11
420042,6,4,2,1,0,0,0,1,0,1,0,1
420130,6,4,2,2,44,0,0,46,0,2,44,46
420343,6,4,2,74,1,25,3,75,28,99,4,103
420431,6,4,2,8,38,33,96,46,129,41,134,175
420440,6,4,2,11,30,32,73,41,105,43,103,146
420538,6,4,2,13,20,14,42,33,56,27,62,89
420556,6,4,2,8,17,13,24,25,37,21,41,62
421610,6,4,2,1,14,0,1,15,1,1,15,16
421717,6,4,2,2,1,2,4,3,6,4,5,9
423652,6,4,2,1,15,6,14,16,20,7,29,36
426314,6,4,2,282,69,621,139,351,760,903,208,1111
428055,6,4,2,8,10,0,0,18,0,8,10,18
430227,6,4,2,0,5,0,2,5,2,0,7,7
430403,6,4,2,2,25,0,0,27,0,2,25,27
430564,6,4,2,1,3,0,2,4,2,1,5,6
430971,6,4,2,0,4,0,0,4,0,0,4,4
431275,6,4,2,0,1,1,2,1,3,1,3,4
431284,6,4,2,0,11,0,0,11,0,0,11,11
433040,6,4,2,0,6,0,0,6,0,0,6,6
433101,6,4,2,9,72,4,26,81,30,13,98,111
433387,6,4,2,4430,5750,0,0,10180,0,4430,5750,10180
433420,6,4,2,72,17,0,0,89,0,72,17,89
433660,6,4,2,998,931,235,244,1929,479,1233,1175,2408
434061,6,4,2,141,196,152,268,337,420,293,464,757
434159,6,4,2,54,13,0,0,67,0,54,13,67
434469,6,4,2,20,45,0,0,65,0,20,45,65
434584,6,4,2,3,5,7,8,8,15,10,13,23
434672,6,4,2,170,201,487,1028,371,1515,657,1229,1886
435000,6,4,2,2,4,0,0,6,0,2,4,6
436553,6,4,2,28,120,0,0,148,0,28,120,148
436818,6,4,2,19,39,9,7,58,16,28,46,74
436827,6,4,2,11,15,2,0,26,2,13,15,28
436836,6,4,2,134,122,29,29,256,58,163,151,314
437103,6,4,2,207,370,238,506,577,744,445,876,1321
438586,6,4,2,23,55,8,13,78,21,31,68,99
438708,6,4,2,1,6,1,9,7,10,2,15,17
439190,6,4,2,48,22,77,58,70,135,125,80,205
439367,6,4,2,49,155,0,0,204,0,49,155,204
439844,6,4,2,0,5,0,0,5,0,0,5,5
440101,6,4,2,0,9,0,12,9,12,0,21,21
440271,6,4,2,7,17,0,0,24,0,7,17,24
440749,6,4,2,0,0,7,4,0,11,7,4,11
440828,6,4,2,50,37,66,44,87,110,116,81,197
441371,6,4,2,15,696,0,0,711,0,15,696,711
441690,6,4,2,1,2,0,0,3,0,1,2,3
441760,6,4,2,96,84,111,192,180,303,207,276,483
441900,6,4,2,98,300,81,326,398,407,179,626,805
441937,6,4,2,420,730,184,254,1150,438,604,984,1588
442073,6,4,2,17,69,2,23,86,25,19,92,111
442240,6,4,2,11,31,7,21,42,28,18,52,70
442329,6,4,2,124,7,0,0,131,0,124,7,131
442356,6,4,2,14,98,26,160,112,186,40,258,298
442523,6,4,2,5,6,0,1,11,1,5,7,12
442930,6,4,2,71,47,7,4,118,11,78,51,129
443049,6,4,2,7,8,5,4,15,9,12,12,24
443058,6,4,2,0,0,1,1,0,2,1,1,2
443100,6,4,2,4,3,0,0,7,0,4,3,7
443331,6,4,2,101,408,24,99,509,123,125,507,632
443641,6,4,2,0,6,1,15,6,16,1,21,22
444219,6,4,2,64,46,382,514,110,896,446,560,1006
444282,6,4,2,0,10,0,5,10,5,0,15,15
444291,6,4,2,0,14,1,10,14,11,1,24,25
444307,6,4,2,0,5,0,4,5,4,0,9,9
444468,6,4,2,0,8,0,0,8,0,0,8,8
444486,6,4,2,1,36,0,7,37,7,1,43,44
444556,6,4,2,38,42,0,0,80,0,38,42,80
444565,6,4,2,13,17,8,10,30,18,21,27,48
444583,6,4,2,16,29,0,0,45,0,16,29,45
444671,6,4,2,1,6,0,0,7,0,1,6,7
444787,6,4,2,18,138,18,137,156,155,36,275,311
445027,6,4,2,291,554,22,52,845,74,313,606,919
445133,6,4,2,3,5,0,2,8,2,3,7,10
445188,6,4,2,465,301,21,18,766,39,486,319,805
445212,6,4,2,1,11,5,16,12,21,6,27,33
445267,6,4,2,49,170,38,93,219,131,87,263,350
445498,6,4,2,1,0,0,0,1,0,1,0,1
445708,6,4,2,43,70,5,11,113,16,48,81,129
445911,6,4,2,24,43,16,19,67,35,40,62,102
445948,6,4,2,49,273,0,0,322,0,49,273,322
446206,6,4,2,0,10,0,2,10,2,0,12,12
446233,6,4,2,22,9,3,2,31,5,25,11,36
446288,6,4,2,0,9,0,4,9,4,0,13,13
446774,6,4,2,30,38,108,118,68,226,138,156,294
447148,6,4,2,1,18,0,17,19,17,1,35,36
447166,6,4,2,0,5,0,2,5,2,0,7,7
447175,6,4,2,0,4,1,5,4,6,1,9,10
447582,6,4,2,20,50,11,34,70,45,31,84,115
447689,6,4,2,672,880,399,547,1552,946,1071,1427,2498
447759,6,4,2,6,39,0,3,45,3,6,42,48
447999,6,4,2,6,19,0,0,25,0,6,19,25
448026,6,4,2,0,13,0,2,13,2,0,15,15
448196,6,4,2,3,22,0,1,25,1,3,23,26
448220,6,4,2,0,34,0,0,34,0,0,34,34
448248,6,4,2,2,42,290,82,44,372,292,124,416
448594,6,4,2,52,65,114,193,117,307,166,258,424
448673,6,4,2,9,110,11,138,119,149,20,248,268
448798,6,4,2,1,17,0,0,18,0,1,17,18
449320,6,4,2,64,2,29,1,66,30,93,3,96
449357,6,4,2,0,8,0,0,8,0,0,8,8
449384,6,4,2,51,28,14,15,79,29,65,43,108
449472,6,4,2,1,10,0,0,11,0,1,10,11
449889,6,4,2,5,9,0,0,14,0,5,9,14
449959,6,4,2,3,13,2,9,16,11,5,22,27
449968,6,4,2,9,39,4,17,48,21,13,56,69
449977,6,4,2,1,21,1,8,22,9,2,29,31
449986,6,4,2,6,17,6,12,23,18,12,29,41
449995,6,4,2,1,12,1,8,13,9,2,20,22
450571,6,4,2,5,29,3,26,34,29,8,55,63
450599,6,4,2,0,11,0,0,11,0,0,11,11
450605,6,4,2,2,6,1,5,8,6,3,11,14
450614,6,4,2,0,9,0,6,9,6,0,15,15
450641,6,4,2,4,24,0,19,28,19,4,43,47
450720,6,4,2,1,48,0,83,49,83,1,131,132
450933,6,4,2,193,183,85,59,376,144,278,242,520
451121,6,4,2,0,7,0,9,7,9,0,16,16
451565,6,4,2,0,24,1,1,24,2,1,25,26
451583,6,4,2,16,6,135,23,22,158,151,29,180
451714,6,4,2,1,27,9,13,28,22,10,40,50
451750,6,4,2,16,69,11,74,85,85,27,143,170
451857,6,4,2,1,8,0,0,9,0,1,8,9
451918,6,4,2,2,15,0,0,17,0,2,15,17
452009,6,4,2,1,6,0,0,7,0,1,6,7
453297,6,4,2,0,0,3,1,0,4,3,1,4
454227,6,4,2,52,356,106,749,408,855,158,1105,1263
454236,6,4,2,5,41,10,69,46,79,15,110,125
454245,6,4,2,7,60,28,136,67,164,35,196,231
454652,6,4,2,1,14,0,0,15,0,1,14,15
454698,6,4,2,8,26,0,0,34,0,8,26,34
454768,6,4,2,6,20,1,16,26,17,7,36,43
454777,6,4,2,5,20,0,11,25,11,5,31,36
454810,6,4,2,237,675,0,0,912,0,237,675,912
454926,6,4,2,4,53,0,10,57,10,4,63,67
454944,6,4,2,1,47,0,0,48,0,1,47,48
455026,6,4,2,0,0,23,0,0,23,23,0,23
455080,6,4,2,3,34,0,0,37,0,3,34,37
455114,6,4,2,174,134,268,435,308,703,442,569,1011
455196,6,4,2,37,291,0,0,328,0,37,291,328
455284,6,4,2,2,26,0,12,28,12,2,38,40
455512,6,4,2,18,25,123,195,43,318,141,220,361
455831,6,4,2,4,8,0,0,12,0,4,8,12
455868,6,4,2,8,41,0,0,49,0,8,41,49
455901,6,4,2,0,15,2,22,15,24,2,37,39
456029,6,4,2,1,34,0,16,35,16,1,50,51
456065,6,4,2,0,24,0,0,24,0,0,24,24
456074,6,4,2,0,19,0,0,19,0,0,19,19
456135,6,4,2,0,11,0,6,11,6,0,17,17
456481,6,4,2,0,0,3,0,0,3,3,0,3
456825,6,4,2,0,19,1,9,19,10,1,28,29
456959,6,4,2,22,30,3,2,52,5,25,32,57
457031,6,4,2,0,7,0,4,7,4,0,11,11
457129,6,4,2,2,50,18,137,52,155,20,187,207
457253,6,4,2,0,4,0,10,4,10,0,14,14
457299,6,4,2,10,27,3,4,37,7,13,31,44
457323,6,4,2,8,64,0,0,72,0,8,64,72
457475,6,4,2,1,16,0,0,17,0,1,16,17
457493,6,4,2,0,6,0,0,6,0,0,6,6
457527,6,4,2,0,4,1,14,4,15,1,18,19
457545,6,4,2,0,16,0,3,16,3,0,19,19
457633,6,4,2,0,13,1,19,13,20,1,32,33
457679,6,4,2,1,4,0,0,5,0,1,4,5
457855,6,4,2,1,6,0,1,7,1,1,7,8
458140,6,4,2,5,1,0,0,6,0,5,1,6
458210,6,4,2,117,455,29,119,572,148,146,574,720
458229,6,4,2,92,355,17,77,447,94,109,432,541
458274,6,4,2,0,33,0,14,33,14,0,47,47
458803,6,4,2,0,23,0,13,23,13,0,36,36
458812,6,4,2,0,12,0,2,12,2,0,14,14
458821,6,4,2,1,5,0,0,6,0,1,5,6
458830,6,4,2,0,18,0,9,18,9,0,27,27
458858,6,4,2,1,17,1,11,18,12,2,28,30
458867,6,4,2,1,27,1,14,28,15,2,41,43
459019,6,4,2,1,15,1,0,16,1,2,15,17
459046,6,4,2,0,7,0,2,7,2,0,9,9
459055,6,4,2,0,3,0,6,3,6,0,9,9
459064,6,4,2,1,9,1,6,10,7,2,15,17
459116,6,4,2,0,16,0,0,16,0,0,16,16
459170,6,4,2,4,21,1,26,25,27,5,47,52
459198,6,4,2,12,31,0,14,43,14,12,45,57
459231,6,4,2,5,35,0,0,40,0,5,35,40
459286,6,4,2,0,28,1,10,28,11,1,38,39
459301,6,4,2,0,9,1,4,9,5,1,13,14
459392,6,4,2,0,12,0,13,12,13,0,25,25
459417,6,4,2,9,1,2,4,10,6,11,5,16
459523,6,4,2,0,9,0,0,9,0,0,9,9
459578,6,4,2,2,4,1,0,6,1,3,4,7
459949,6,4,2,242,475,186,420,717,606,428,895,1323
460349,6,4,2,28,87,63,158,115,221,91,245,336
460394,6,4,2,95,94,484,684,189,1168,579,778,1357
460464,6,4,2,79,71,549,615,150,1164,628,686,1314
460677,6,4,2,16,40,5,13,56,18,21,53,74
460862,6,4,2,0,21,0,16,21,16,0,37,37
460871,6,4,2,5,42,10,65,47,75,15,107,122
460932,6,4,2,0,23,0,0,23,0,0,23,23
461193,6,4,2,0,29,0,2,29,2,0,31,31
461272,6,4,2,0,12,0,8,12,8,0,20,20
461379,6,4,2,0,2,0,2,2,2,0,4,4
461421,6,4,2,1,45,0,0,46,0,1,45,46
461591,6,4,2,0,20,0,1,20,1,0,21,21
461643,6,4,2,1,3,0,0,4,0,1,3,4
461652,6,4,2,1,18,0,0,19,0,1,18,19
461704,6,4,2,0,21,0,1,21,1,0,22,22
461759,6,4,2,26,17,2,0,43,2,28,17,45
461829,6,4,2,1,16,0,0,17,0,1,16,17
461883,6,4,2,9,5,1,0,14,1,10,5,15
461917,6,4,2,0,22,0,12,22,12,0,34,34
462008,6,4,2,2,19,0,16,21,16,2,35,37
462071,6,4,2,10,19,0,0,29,0,10,19,29
463056,6,4,2,35,45,11,13,80,24,46,58,104
466921,6,4,2,1,24,3,62,25,65,4,86,90
466930,6,4,2,23,103,58,380,126,438,81,483,564
467863,6,4,2,4,19,0,6,23,6,4,25,29
467872,6,4,2,1,28,1,12,29,13,2,40,42
468893,6,4,2,3,16,1,11,19,12,4,27,31
470047,6,4,2,0,4,0,0,4,0,0,4,4
474863,6,4,2,16,55,16,79,71,95,32,134,166
474915,6,4,2,1,35,1,45,36,46,2,80,82
474924,6,4,2,0,6,1,32,6,33,1,38,39
475200,6,4,2,0,1,4,7,1,11,4,8,12
475431,6,4,2,1,8,0,0,9,0,1,8,9
475486,6,4,2,3,24,6,12,27,18,9,36,45
475547,6,4,2,1,10,0,11,11,11,1,21,22
475556,6,4,2,2,17,1,6,19,7,3,23,26
475653,6,4,2,0,4,0,1,4,1,0,5,5
475723,6,4,2,5,1,11,11,6,22,16,12,28
475732,6,4,2,2,47,18,179,49,197,20,226,246
475741,6,4,2,1,16,2,15,17,17,3,31,34
475839,6,4,2,4,6,3,7,10,10,7,13,20
476063,6,4,2,37,4,0,0,41,0,37,4,41
476179,6,4,2,0,25,0,11,25,11,0,36,36
476805,6,4,2,0,8,0,0,8,0,0,8,8
476841,6,4,2,3,23,1,13,26,14,4,36,40
476975,6,4,2,92,102,244,250,194,494,336,352,688
476984,6,4,2,1,26,0,7,27,7,1,33,34
477039,6,4,2,16,130,9,58,146,67,25,188,213
478582,6,4,2,3,30,0,7,33,7,3,37,40
478616,6,4,2,2,18,0,1,20,1,2,19,21
478953,6,4,2,0,33,0,0,33,0,0,33,33
479956,6,4,2,257,305,350,241,562,591,607,546,1153
479983,6,4,2,1,18,0,0,19,0,1,18,19
480028,6,4,2,6,3,0,1,9,1,6,4,10
480091,6,4,2,60,615,77,391,675,468,137,1006,1143
480310,6,4,2,0,13,0,1,13,1,0,14,14
480569,6,4,2,16,44,9,14,60,23,25,58,83
480657,6,4,2,5,28,8,38,33,46,13,66,79
480921,6,4,2,9,4,0,0,13,0,9,4,13
480930,6,4,2,0,5,0,2,5,2,0,7,7
480976,6,4,2,1,11,0,0,12,0,1,11,12
481191,6,4,2,2,31,0,0,33,0,2,31,33
481225,6,4,2,2,3,0,0,5,0,2,3,5
481526,6,4,2,0,48,0,0,48,0,0,48,48
481678,6,4,2,1,10,0,3,11,3,1,13,14
481739,6,4,2,0,3,0,0,3,0,0,3,3
481748,6,4,2,0,18,0,3,18,3,0,21,21
481845,6,4,2,0,6,0,5,6,5,0,11,11
482149,6,4,2,232,499,121,140,731,261,353,639,992
482158,6,4,2,380,487,248,289,867,537,628,776,1404
482167,6,4,2,0,9,0,11,9,11,0,20,20
482176,6,4,2,0,31,0,21,31,21,0,52,52
482413,6,4,2,16,3,8,3,19,11,24,6,30
482422,6,4,2,1,2,7,1,3,8,8,3,11
482431,6,4,2,40,40,41,30,80,71,81,70,151
482459,6,4,2,2,6,5,4,8,9,7,10,17
482468,6,4,2,7,6,12,6,13,18,19,12,31
482477,6,4,2,443,559,468,744,1002,1212,911,1303,2214
482547,6,4,2,0,0,0,1,0,1,0,1,1
482556,6,4,2,5,6,7,3,11,10,12,9,21
482565,6,4,2,0,0,0,1,0,1,0,1,1
482574,6,4,2,13,6,8,3,19,11,21,9,30
482635,6,4,2,2,0,4,1,2,5,6,1,7
482653,6,4,2,2,4,0,0,6,0,2,4,6
482680,6,4,2,781,906,573,703,1687,1276,1354,1609,2963
482699,6,4,2,25,84,36,66,109,102,61,150,211
482705,6,4,2,34,240,148,173,274,321,182,413,595
482936,6,4,2,106,17,57,6,123,63,163,23,186
483036,6,4,2,68,62,69,121,130,190,137,183,320
483045,6,4,2,108,146,188,389,254,577,296,535,831
483054,6,4,2,12,3,0,0,15,0,12,3,15
483124,6,4,2,1255,3208,1778,3419,4463,5197,3033,6627,9660
483328,6,4,2,2,12,0,5,14,5,2,17,19
483337,6,4,2,1,18,1,15,19,16,2,33,35
483559,6,4,2,2,3,0,2,5,2,2,5,7
483595,6,4,2,77,223,69,214,300,283,146,437,583
483823,6,4,2,76,35,0,0,111,0,76,35,111
483911,6,4,2,0,2,0,0,2,0,0,2,2
484011,6,4,2,1,13,0,4,14,4,1,17,18
484093,6,4,2,1,17,0,15,18,15,1,32,33
484109,6,4,2,0,16,0,0,16,0,0,16,16
484190,6,4,2,2,1,0,0,3,0,2,1,3
484394,6,4,2,3,19,0,12,22,12,3,31,34
484473,6,4,2,179,192,167,200,371,367,346,392,738
484613,6,4,2,1911,4053,0,0,5964,0,1911,4053,5964
484631,6,4,2,6,6,0,0,12,0,6,6,12
484756,6,4,2,2,0,0,0,2,0,2,0,2
484905,6,4,2,122,213,85,192,335,277,207,405,612
485014,6,4,2,2,12,0,8,14,8,2,20,22
485032,6,4,2,0,9,0,12,9,12,0,21,21
485111,6,4,2,148,159,115,199,307,314,263,358,621
485272,6,4,2,12,135,11,84,147,95,23,219,242
485397,6,4,2,1,14,0,8,15,8,1,22,23
485458,6,4,2,13,53,38,136,66,174,51,189,240
485476,6,4,2,0,16,0,0,16,0,0,16,16
485494,6,4,2,12,3,1,0,15,1,13,3,16
485768,6,4,2,99,33,0,0,132,0,99,33,132
486123,6,4,2,2,4,0,0,6,0,2,4,6
486567,6,4,2,1,41,0,0,42,0,1,41,42
486691,6,4,2,0,14,0,10,14,10,0,24,24
486798,6,4,2,206,36,0,0,242,0,206,36,242
486840,6,4,2,2694,2093,1540,1274,4787,2814,4234,3367,7601
486877,6,4,2,0,2,0,0,2,0,0,2,2
486886,6,4,2,0,1,0,3,1,3,0,4,4
486938,6,4,2,13,37,13,69,50,82,26,106,132
486947,6,4,2,7,62,11,98,69,109,18,160,178
486956,6,4,2,7,66,15,139,73,154,22,205,227
486983,6,4,2,2,5,0,0,7,0,2,5,7
487010,6,4,2,7,114,1,1,121,2,8,115,123
487092,6,4,2,2,0,0,0,2,0,2,0,2
487162,6,4,2,51,150,80,213,201,293,131,363,494
487348,6,4,2,0,7,0,16,7,16,0,23,23
487524,6,4,2,105,84,29,29,189,58,134,113,247
487676,6,4,2,0,14,2,22,14,24,2,36,38
487773,6,4,2,0,3,0,2,3,2,0,5,5
487861,6,4,2,4,19,1,8,23,9,5,27,32
487922,6,4,2,0,8,0,1,8,1,0,9,9
487995,6,4,2,2,4,0,1,6,1,2,5,7
488013,6,4,2,1,40,0,1,41,1,1,41,42
488031,6,4,2,1,1,0,0,2,0,1,1,2
488077,6,4,2,203,1,186,2,204,188,389,3,392
488271,6,4,2,0,11,0,0,11,0,0,11,11
488305,6,4,2,12,4,3,2,16,5,15,6,21
488332,6,4,2,0,7,0,0,7,0,0,7,7
488989,6,4,2,0,20,1,8,20,9,1,28,29
488998,6,4,2,2,14,0,0,16,0,2,14,16
489140,6,4,2,0,7,1,6,7,7,1,13,14
489201,6,4,2,56,67,360,516,123,876,416,583,999
489256,6,4,2,43,3,1,0,46,1,44,3,47
489344,6,4,2,0,8,1,37,8,38,1,45,46
489353,6,4,2,17,70,19,72,87,91,36,142,178
489779,6,4,2,246,439,1824,2209,685,4033,2070,2648,4718
490115,6,4,2,6,1,0,0,7,0,6,1,7
490230,6,4,2,15,16,0,0,31,0,15,16,31
490258,6,4,2,4,15,0,0,19,0,4,15,19
490300,6,4,2,1,8,2,4,9,6,3,12,15
490416,6,4,2,1,3,0,0,4,0,1,3,4
490425,6,4,2,0,30,0,0,30,0,0,30,30
490805,6,4,2,426,435,149,230,861,379,575,665,1240
491136,6,4,2,0,9,0,7,9,7,0,16,16
491145,6,4,2,0,12,0,8,12,8,0,20,20
491534,6,4,2,0,0,0,1,0,1,0,1,1
491598,6,4,2,0,2,0,0,2,0,0,2,2
491826,6,4,2,0,21,0,0,21,0,0,21,21
491835,6,4,2,0,17,0,0,17,0,0,17,17
491941,6,4,2,1,32,0,0,33,0,1,32,33
491978,6,4,2,0,1,1,3,1,4,1,4,5
492476,6,4,2,1,6,4,7,7,11,5,13,18
492689,6,4,2,8,54,1,9,62,10,9,63,72
492759,6,4,2,2,25,3,37,27,40,5,62,67
492801,6,4,2,20,50,20,28,70,48,40,78,118
492962,6,4,2,22,72,55,97,94,152,77,169,246
493451,6,4,2,1,12,0,0,13,0,1,12,13
493655,6,4,2,1,1,0,0,2,0,1,1,2
493804,6,4,2,11,7,0,0,18,0,11,7,18
493831,6,4,2,7,1,0,0,8,0,7,1,8
494278,6,4,2,1,8,2,17,9,19,3,25,28
494287,6,4,2,4,6,2,20,10,22,6,26,32
494472,6,4,2,0,3,0,1,3,1,0,4,4
494898,6,4,2,1,11,0,0,12,0,1,11,12
494959,6,4,2,0,0,2,2,0,4,2,2,4
495077,6,4,2,0,12,0,0,12,0,0,12,12
495101,6,4,2,4,8,0,0,12,0,4,8,12
495271,6,4,2,0,0,2,4,0,6,2,4,6
495350,6,4,2,2,4,0,0,6,0,2,4,6
495369,6,4,2,0,7,0,4,7,4,0,11,11
495411,6,4,2,4,13,0,1,17,1,4,14,18
495518,6,4,2,0,13,0,9,13,9,0,22,22
496052,6,4,2,2,1,0,0,3,0,2,1,3
496618,6,4,2,1,38,0,0,39,0,1,38,39
496636,6,4,2,5,15,0,0,20,0,5,15,20
496733,6,4,2,0,8,0,0,8,0,0,8,8
497000,6,4,2,9,31,0,0,40,0,9,31,40
497037,6,4,2,10,54,14,29,64,43,24,83,107
497046,6,4,2,16,38,233,405,54,638,249,443,692
497107,6,4,2,0,0,0,4,0,4,0,4,4
497301,6,4,2,0,30,1,28,30,29,1,58,59
497417,6,4,2,0,6,0,0,6,0,0,6,6
497480,6,4,2,3,38,5,5,41,10,8,43,51
497790,6,4,2,18,0,0,0,18,0,18,0,18
498562,6,4,2,541,513,134,170,1054,304,675,683,1358
498571,6,4,2,536,562,136,160,1098,296,672,722,1394
100663,6,4,5,720,1264,156,397,1984,553,876,1661,2537
100706,6,4,5,157,100,150,111,257,261,307,211,518
100751,6,4,5,576,902,79,203,1478,282,655,1105,1760
100812,6,4,5,2,4,9,15,6,24,11,19,30
100830,6,4,5,221,115,80,68,336,148,301,183,484
100858,6,4,5,436,943,199,233,1379,432,635,1176,1811
101189,6,4,5,72,178,4,2,250,6,76,180,256
101435,6,4,5,0,1,0,0,1,0,0,1,1
101453,6,4,5,0,0,4,0,0,4,4,0,4
101480,6,4,5,75,129,58,66,204,124,133,195,328
101587,6,4,5,119,316,6,18,435,24,125,334,459
101709,6,4,5,12,74,11,33,86,44,23,107,130
101912,6,4,5,0,2,0,0,2,0,0,2,2
102049,6,4,5,279,600,6,6,879,12,285,606,891
102094,6,4,5,232,601,11,18,833,29,243,619,862
102234,6,4,5,3,3,1,5,6,6,4,8,12
102368,6,4,5,80,182,67,100,262,167,147,282,429
102377,6,4,5,27,130,5,21,157,26,32,151,183
102395,6,4,5,1,2,3,0,3,3,4,2,6
102553,6,4,5,11,30,4,24,41,28,15,54,69
102614,6,4,5,39,55,20,25,94,45,59,80,139
102632,6,4,5,2,8,2,2,10,4,4,10,14
104151,6,4,5,3028,2083,272,242,5111,514,3300,2325,5625
104179,6,4,5,804,1175,200,265,1979,465,1004,1440,2444
104586,6,4,5,12,6,0,0,18,0,12,6,18
104717,6,4,5,1,1,562,2202,2,2764,563,2203,2766
105297,6,4,5,0,1,0,0,1,0,0,1,1
105330,6,4,5,348,660,43,107,1008,150,391,767,1158
106245,6,4,5,154,220,95,174,374,269,249,394,643
106263,6,4,5,262,452,2,21,714,23,264,473,737
106397,6,4,5,329,545,201,243,874,444,530,788,1318
106412,6,4,5,32,25,6,8,57,14,38,33,71
106458,6,4,5,81,226,167,323,307,490,248,549,797
106467,6,4,5,38,30,42,53,68,95,80,83,163
107080,6,4,5,8,2,1,0,10,1,9,2,11
107141,6,4,5,9,27,17,47,36,64,26,74,100
107512,6,4,5,3,25,1,1,28,2,4,26,30
107983,6,4,5,207,122,152,149,329,301,359,271,630
108092,6,4,5,1,4,0,8,5,8,1,12,13
108232,6,4,5,83,184,21,74,267,95,104,258,362
109785,6,4,5,100,347,23,49,447,72,123,396,519
110097,6,4,5,81,111,56,53,192,109,137,164,301
110316,6,4,5,1,18,1,7,19,8,2,25,27
110361,6,4,5,156,465,49,123,621,172,205,588,793
110398,6,4,5,151,297,1,1,448,2,152,298,450
110404,6,4,5,316,184,0,0,500,0,316,184,500
110413,6,4,5,103,164,5,15,267,20,108,179,287
110422,6,4,5,213,226,78,41,439,119,291,267,558
110486,6,4,5,61,230,17,42,291,59,78,272,350
110495,6,4,5,42,216,29,48,258,77,71,264,335
110510,6,4,5,143,312,78,112,455,190,221,424,645
110529,6,4,5,115,218,125,113,333,238,240,331,571
110538,6,4,5,88,232,25,72,320,97,113,304,417
110547,6,4,5,97,230,19,60,327,79,116,290,406
110556,6,4,5,238,537,56,100,775,156,294,637,931
110565,6,4,5,303,594,185,205,897,390,488,799,1287
110574,6,4,5,263,282,70,73,545,143,333,355,688
110583,6,4,5,529,815,127,241,1344,368,656,1056,1712
110592,6,4,5,225,361,68,100,586,168,293,461,754
110608,6,4,5,328,521,120,209,849,329,448,730,1178
110617,6,4,5,140,423,78,124,563,202,218,547,765
110635,6,4,5,1483,1507,144,113,2990,257,1627,1620,3247
110644,6,4,5,762,1178,35,69,1940,104,797,1247,2044
110653,6,4,5,1149,1077,51,58,2226,109,1200,1135,2335
110662,6,4,5,1771,1870,173,140,3641,313,1944,2010,3954
110671,6,4,5,606,462,29,24,1068,53,635,486,1121
110680,6,4,5,1846,1299,189,149,3145,338,2035,1448,3483
110699,6,4,5,307,530,0,0,837,0,307,530,837
110705,6,4,5,363,366,17,15,729,32,380,381,761
110714,6,4,5,258,183,10,2,441,12,268,185,453
111188,6,4,5,0,0,3,2,0,5,3,2,5
111948,6,4,5,227,489,32,83,716,115,259,572,831
112075,6,4,5,72,162,26,38,234,64,98,200,298
112084,6,4,5,3,5,1,0,8,1,4,5,9
112251,6,4,5,44,77,25,48,121,73,69,125,194
112260,6,4,5,0,3,0,0,3,0,0,3,3
113582,6,4,5,0,1,0,0,1,0,0,1,1
113698,6,4,5,37,84,2,8,121,10,39,92,131
113704,6,4,5,8,2,0,0,10,0,8,2,10
114123,6,4,5,1,4,0,0,5,0,1,4,5
114354,6,4,5,0,7,1,2,7,3,1,9,10
114549,6,4,5,2,6,2,3,8,5,4,9,13
114734,6,4,5,0,0,1,0,0,1,1,0,1
114813,6,4,5,26,107,18,34,133,52,44,141,185
115083,6,4,5,42,70,12,16,112,28,54,86,140
115755,6,4,5,40,65,4,9,105,13,44,74,118
116846,6,4,5,0,2,0,0,2,0,0,2,2
117104,6,4,5,3,4,0,0,7,0,3,4,7
117672,6,4,5,175,0,1,4,175,5,176,4,180
117946,6,4,5,308,571,21,39,879,60,329,610,939
119058,6,4,5,36,136,2,13,172,15,38,149,187
120166,6,4,5,14,10,0,0,24,0,14,10,24
120184,6,4,5,0,8,3,6,8,9,3,14,17
120403,6,4,5,2,6,0,0,8,0,2,6,8
120865,6,4,5,0,0,5,0,0,5,5,0,5
120883,6,4,5,403,611,59,82,1014,141,462,693,1155
121150,6,4,5,282,635,93,487,917,580,375,1122,1497
121309,6,4,5,47,131,24,52,178,76,71,183,254
121628,6,4,5,5,1,0,0,6,0,5,1,6
122296,6,4,5,27,57,1,5,84,6,28,62,90
122409,6,4,5,364,828,160,213,1192,373,524,1041,1565
122436,6,4,5,209,446,47,114,655,161,256,560,816
122597,6,4,5,181,385,69,145,566,214,250,530,780
122612,6,4,5,168,403,122,254,571,376,290,657,947
122728,6,4,5,43,40,5,19,83,24,48,59,107
122755,6,4,5,796,783,220,264,1579,484,1016,1047,2063
122931,6,4,5,372,358,65,86,730,151,437,444,881
123165,6,4,5,1,4,0,1,5,1,1,5,6
123457,6,4,5,3,3,5,9,6,14,8,12,20
123572,6,4,5,23,88,17,18,111,35,40,106,146
123952,6,4,5,48,41,0,0,89,0,48,41,89
123961,6,4,5,4021,5172,543,674,9193,1217,4564,5846,10410
124283,6,4,5,1,1,0,0,2,0,1,1,2
124487,6,4,5,0,0,0,1,0,1,0,1,1
125231,6,4,5,91,751,33,257,842,290,124,1008,1132
125763,6,4,5,4,12,1,6,16,7,5,18,23
125897,6,4,5,4,10,0,2,14,2,4,12,16
126012,6,4,5,3,41,0,0,44,0,3,41,44
126182,6,4,5,17,50,35,27,67,62,52,77,129
126562,6,4,5,469,815,210,392,1284,602,679,1207,1886
126580,6,4,5,32,81,60,73,113,133,92,154,246
126614,6,4,5,603,562,653,459,1165,1112,1256,1021,2277
126775,6,4,5,335,153,36,16,488,52,371,169,540
126818,6,4,5,352,772,195,309,1124,504,547,1081,1628
126827,6,4,5,13,30,1,2,43,3,14,32,46
127185,6,4,5,1,4,2,5,5,7,3,9,12
127556,6,4,5,18,29,13,11,47,24,31,40,71
127565,6,4,5,10,99,11,35,109,46,21,134,155
127653,6,4,5,8,37,1,14,45,15,9,51,60
127741,6,4,5,73,201,26,129,274,155,99,330,429
127909,6,4,5,0,5,0,0,5,0,0,5,5
127918,6,4,5,110,225,9,27,335,36,119,252,371
128106,6,4,5,11,9,8,28,20,36,19,37,56
128498,6,4,5,21,31,1,8,52,9,22,39,61
128744,6,4,5,437,232,20,56,669,76,457,288,745
128771,6,4,5,62,115,55,96,177,151,117,211,328
128780,6,4,5,0,0,0,1,0,1,0,1,1
129020,6,4,5,803,1194,139,164,1997,303,942,1358,2300
129154,6,4,5,0,1,3,7,1,10,3,8,11
129215,6,4,5,14,32,5,16,46,21,19,48,67
129242,6,4,5,135,173,42,68,308,110,177,241,418
129428,6,4,5,0,0,18,7,0,25,18,7,25
129491,6,4,5,1,2,1,0,3,1,2,2,4
129525,6,4,5,116,210,43,88,326,131,159,298,457
129941,6,4,5,851,674,86,105,1525,191,937,779,1716
130183,6,4,5,13,19,39,71,32,110,52,90,142
130226,6,4,5,266,641,35,188,907,223,301,829,1130
130253,6,4,5,615,734,77,128,1349,205,692,862,1554
130314,6,4,5,45,181,11,82,226,93,56,263,319
130590,6,4,5,0,0,9,3,0,12,9,3,12
130697,6,4,5,14,35,2,13,49,15,16,48,64
130776,6,4,5,11,16,25,88,27,113,36,104,140
130794,6,4,5,910,1367,2,1,2277,3,912,1368,2280
130934,6,4,5,42,138,1,4,180,5,43,142,185
130943,6,4,5,510,692,57,97,1202,154,567,789,1356
130989,6,4,5,7,35,10,23,42,33,17,58,75
131113,6,4,5,251,193,99,176,444,275,350,369,719
131399,6,4,5,27,67,3,4,94,7,30,71,101
131450,6,4,5,16,76,1,6,92,7,17,82,99
131469,6,4,5,1025,1801,202,531,2826,733,1227,2332,3559
131496,6,4,5,1252,1817,303,436,3069,739,1555,2253,3808
131520,6,4,5,234,537,6,21,771,27,240,558,798
132471,6,4,5,165,455,27,106,620,133,192,561,753
132842,6,4,5,10,77,1,9,87,10,11,86,97
132903,6,4,5,701,1073,320,463,1774,783,1021,1536,2557
133553,6,4,5,197,101,13,9,298,22,210,110,320
133650,6,4,5,140,315,13,19,455,32,153,334,487
133711,6,4,5,0,0,0,4,0,4,0,4,4
133872,6,4,5,21,60,2,17,81,19,23,77,100
133881,6,4,5,241,194,141,442,435,583,382,636,1018
134097,6,4,5,891,1493,216,476,2384,692,1107,1969,3076
134130,6,4,5,2145,2865,399,871,5010,1270,2544,3736,6280
135610,6,4,5,0,2,0,1,2,1,0,3,3
135726,6,4,5,986,1439,35,54,2425,89,1021,1493,2514
136172,6,4,5,104,236,58,130,340,188,162,366,528
136330,6,4,5,52,100,27,43,152,70,79,143,222
136701,6,4,5,26,0,3,0,26,3,29,0,29
136950,6,4,5,82,57,8,24,139,32,90,81,171
137351,6,4,5,994,1558,218,426,2552,644,1212,1984,3196
137546,6,4,5,211,289,56,63,500,119,267,352,619
137564,6,4,5,54,97,25,48,151,73,79,145,224
138275,6,4,5,4,0,19,6,4,25,23,6,29
138309,6,4,5,3,8,1,0,11,1,4,8,12
138354,6,4,5,54,121,166,371,175,537,220,492,712
138600,6,4,5,4,43,0,6,47,6,4,49,53
138716,6,4,5,22,63,5,16,85,21,27,79,106
138929,6,4,5,15,51,2,5,66,7,17,56,73
138947,6,4,5,43,97,2,8,140,10,45,105,150
139144,6,4,5,5,0,6,14,5,20,11,14,25
139199,6,4,5,31,186,5,49,217,54,36,235,271
139311,6,4,5,15,31,10,25,46,35,25,56,81
139366,6,4,5,40,69,24,58,109,82,64,127,191
139393,6,4,5,4,4,0,0,8,0,4,4,8
139658,6,4,5,561,1658,34,83,2219,117,595,1741,2336
139719,6,4,5,9,31,1,7,40,8,10,38,48
139755,6,4,5,2037,1068,1424,524,3105,1948,3461,1592,5053
139764,6,4,5,9,60,5,16,69,21,14,76,90
139861,6,4,5,52,81,34,74,133,108,86,155,241
139931,6,4,5,187,470,52,199,657,251,239,669,908
139940,6,4,5,527,1057,65,153,1584,218,592,1210,1802
139959,6,4,5,1015,1885,68,196,2900,264,1083,2081,3164
140146,6,4,5,6,1,1,0,7,1,7,1,8
140234,6,4,5,6,13,0,0,19,0,6,13,19
140252,6,4,5,304,343,16,23,647,39,320,366,686
140447,6,4,5,331,715,37,101,1046,138,368,816,1184
140562,6,4,5,91,190,2,9,281,11,93,199,292
140818,6,4,5,11,19,3,9,30,12,14,28,42
140951,6,4,5,245,706,18,74,951,92,263,780,1043
140960,6,4,5,16,30,4,14,46,18,20,44,64
140988,6,4,5,22,20,8,4,42,12,30,24,54
141264,6,4,5,66,219,30,119,285,149,96,338,434
141334,6,4,5,68,145,60,176,213,236,128,321,449
141565,6,4,5,22,59,8,23,81,31,30,82,112
141574,6,4,5,236,463,101,173,699,274,337,636,973
141644,6,4,5,41,115,5,12,156,17,46,127,173
142115,6,4,5,114,211,55,114,325,169,169,325,494
142276,6,4,5,129,275,11,31,404,42,140,306,446
142285,6,4,5,198,263,32,35,461,67,230,298,528
142461,6,4,5,10,22,14,21,32,35,24,43,67
142832,6,4,5,29,262,12,65,291,77,41,327,368
143118,6,4,5,69,262,16,73,331,89,85,335,420
143358,6,4,5,187,107,31,73,294,104,218,180,398
143853,6,4,5,289,780,5,13,1069,18,294,793,1087
144050,6,4,5,1225,1400,145,130,2625,275,1370,1530,2900
144351,6,4,5,32,31,73,145,63,218,105,176,281
144740,6,4,5,681,1085,65,77,1766,142,746,1162,1908
144892,6,4,5,271,242,57,72,513,129,328,314,642
144962,6,4,5,22,128,65,54,150,119,87,182,269
145336,6,4,5,157,175,18,52,332,70,175,227,402
145372,6,4,5,5,8,8,10,13,18,13,18,31
145558,6,4,5,205,366,3,13,571,16,208,379,587
145600,6,4,5,1170,1821,173,214,2991,387,1343,2035,3378
145619,6,4,5,31,49,22,49,80,71,53,98,151
145637,6,4,5,2771,2354,557,416,5125,973,3328,2770,6098
145813,6,4,5,263,425,28,96,688,124,291,521,812
146339,6,4,5,18,13,1,5,31,6,19,18,37
146481,6,4,5,2,7,1,1,9,2,3,8,11
146490,6,4,5,0,0,2,1,0,3,2,1,3
146612,6,4,5,398,264,61,81,662,142,459,345,804
146719,6,4,5,385,992,35,87,1377,122,420,1079,1499
147013,6,4,5,35,36,7,10,71,17,42,46,88
147129,6,4,5,0,2,0,0,2,0,0,2,2
147244,6,4,5,10,7,2,0,17,2,12,7,19
147369,6,4,5,20,17,19,10,37,29,39,27,66
147536,6,4,5,23,137,10,91,160,101,33,228,261
147590,6,4,5,28,36,0,1,64,1,28,37,65
147660,6,4,5,44,118,2,5,162,7,46,123,169
147679,6,4,5,11,15,28,39,26,67,39,54,93
147776,6,4,5,33,66,23,48,99,71,56,114,170
147828,6,4,5,7,6,64,79,13,143,71,85,156
148131,6,4,5,13,9,31,13,22,44,44,22,66
148487,6,4,5,98,222,9,50,320,59,107,272,379
148511,6,4,5,78,444,2,28,522,30,80,472,552
148575,6,4,5,0,0,0,4,0,4,0,4,4
148627,6,4,5,19,82,12,33,101,45,31,115,146
148654,6,4,5,198,134,59,69,332,128,257,203,460
149222,6,4,5,295,470,26,46,765,72,321,516,837
149231,6,4,5,351,409,103,151,760,254,454,560,1014
149772,6,4,5,325,270,34,67,595,101,359,337,696
149781,6,4,5,34,75,25,57,109,82,59,132,191
150136,6,4,5,175,413,126,765,588,891,301,1178,1479
150163,6,4,5,87,217,40,45,304,85,127,262,389
150172,6,4,5,5,6,2,0,11,2,7,6,13
150215,6,4,5,0,3,0,1,3,1,0,4,4
150534,6,4,5,50,134,0,3,184,3,50,137,187
150604,6,4,5,3,17,2,1,20,3,5,18,23
150668,6,4,5,1,0,0,0,1,0,1,0,1
150677,6,4,5,7,11,21,23,18,44,28,34,62
150941,6,4,5,14,62,17,32,76,49,31,94,125
151111,6,4,5,948,1417,96,279,2365,375,1044,1696,2740
151263,6,4,5,95,318,41,85,413,126,136,403,539
151290,6,4,5,77,56,32,19,133,51,109,75,184
151306,6,4,5,30,103,52,92,133,144,82,195,277
151324,6,4,5,128,243,31,65,371,96,159,308,467
151333,6,4,5,8,15,7,3,23,10,15,18,33
151342,6,4,5,6,68,13,40,74,53,19,108,127
151351,6,4,5,1306,1328,178,158,2634,336,1484,1486,2970
151360,6,4,5,6,17,3,15,23,18,9,32,41
151379,6,4,5,4,21,14,30,25,44,18,51,69
151388,6,4,5,0,7,8,15,7,23,8,22,30
151777,6,4,5,26,56,2,4,82,6,28,60,88
152080,6,4,5,701,625,13,15,1326,28,714,640,1354
152318,6,4,5,9,3,2,0,12,2,11,3,14
152336,6,4,5,21,39,5,16,60,21,26,55,81
152390,6,4,5,1,50,0,15,51,15,1,65,66
152451,6,4,5,20,0,1,1,20,2,21,1,22
152567,6,4,5,30,96,0,2,126,2,30,98,128
152600,6,4,5,134,101,27,22,235,49,161,123,284
152798,6,4,5,6,46,0,3,52,3,6,49,55
152992,6,4,5,27,48,3,10,75,13,30,58,88
153001,6,4,5,0,0,5,55,0,60,5,55,60
153126,6,4,5,12,52,18,18,64,36,30,70,100
153162,6,4,5,0,0,4,2,0,6,4,2,6
153250,6,4,5,1,15,4,14,16,18,5,29,34
153269,6,4,5,166,313,29,61,479,90,195,374,569
153366,6,4,5,7,9,2,4,16,6,9,13,22
153621,6,4,5,26,18,3,1,44,4,29,19,48
153658,6,4,5,836,1195,76,118,2031,194,912,1313,2225
153825,6,4,5,11,31,1,3,42,4,12,34,46
154004,6,4,5,2,3,14,56,5,70,16,59,75
154013,6,4,5,10,23,9,11,33,20,19,34,53
154174,6,4,5,457,461,4,0,918,4,461,461,922
154235,6,4,5,64,231,17,20,295,37,81,251,332
154350,6,4,5,0,2,1,2,2,3,1,4,5
154493,6,4,5,31,27,9,5,58,14,40,32,72
154527,6,4,5,2,2,0,0,4,0,2,2,4
154712,6,4,5,20,7,9,8,27,17,29,15,44
155025,6,4,5,52,123,69,166,175,235,121,289,410
155089,6,4,5,5,27,20,17,32,37,25,44,69
155317,6,4,5,725,1167,98,156,1892,254,823,1323,2146
155399,6,4,5,326,605,79,141,931,220,405,746,1151
155414,6,4,5,0,0,36,12,0,48,36,12,48
155511,6,4,5,0,1,0,1,1,1,0,2,2
155812,6,4,5,46,64,23,15,110,38,69,79,148
155900,6,4,5,15,2,1,1,17,2,16,3,19
155973,6,4,5,0,0,24,11,0,35,24,11,35
156082,6,4,5,88,114,7,10,202,17,95,124,219
156125,6,4,5,765,553,106,126,1318,232,871,679,1550
156213,6,4,5,4,3,7,21,7,28,11,24,35
156286,6,4,5,67,117,12,34,184,46,79,151,230
156356,6,4,5,1,19,1,7,20,8,2,26,28
156541,6,4,5,142,287,192,258,429,450,334,545,879
156620,6,4,5,105,234,38,134,339,172,143,368,511
156745,6,4,5,0,0,3,24,0,27,3,24,27
157058,6,4,5,9,4,9,3,13,12,18,7,25
157085,6,4,5,852,1733,66,152,2585,218,918,1885,2803
157216,6,4,5,238,88,19,36,326,55,257,124,381
157289,6,4,5,547,864,125,157,1411,282,672,1021,1693
157386,6,4,5,44,20,15,31,64,46,59,51,110
157401,6,4,5,67,169,85,128,236,213,152,297,449
157447,6,4,5,127,233,92,160,360,252,219,393,612
157535,6,4,5,152,193,4,1,345,5,156,194,350
157757,6,4,5,23,119,8,24,142,32,31,143,174
157951,6,4,5,115,275,55,138,390,193,170,413,583
159391,6,4,5,524,1143,70,115,1667,185,594,1258,1852
159647,6,4,5,100,149,29,30,249,59,129,179,308
159656,6,4,5,138,198,12,42,336,54,150,240,390
159717,6,4,5,51,69,14,19,120,33,65,88,153
159939,6,4,5,73,89,30,45,162,75,103,134,237
159966,6,4,5,30,93,21,36,123,57,51,129,180
159993,6,4,5,114,298,22,83,412,105,136,381,517
160612,6,4,5,71,166,20,47,237,67,91,213,304
160621,6,4,5,139,246,44,53,385,97,183,299,482
160630,6,4,5,16,22,0,1,38,1,16,23,39
160658,6,4,5,153,239,56,75,392,131,209,314,523
160755,6,4,5,521,834,69,132,1355,201,590,966,1556
160904,6,4,5,68,204,0,1,272,1,68,205,273
161217,6,4,5,1,0,2,1,1,3,3,1,4
161226,6,4,5,0,9,0,18,9,18,0,27,27
161253,6,4,5,72,151,119,141,223,260,191,292,483
161299,6,4,5,1,0,1,0,1,1,2,0,2
161341,6,4,5,0,0,1,1,0,2,1,1,2
161457,6,4,5,140,435,3,19,575,22,143,454,597
161509,6,4,5,2,13,0,0,15,0,2,13,15
161554,6,4,5,42,109,27,103,151,130,69,212,281
161572,6,4,5,7,51,7,38,58,45,14,89,103
161873,6,4,5,109,230,19,66,339,85,128,296,424
162210,6,4,5,1,8,5,5,9,10,6,13,19
162283,6,4,5,1,6,3,8,7,11,4,14,18
162584,6,4,5,54,71,24,29,125,53,78,100,178
162654,6,4,5,12,10,5,38,22,43,17,48,65
163204,6,4,5,3,3,211,303,6,514,214,306,520
163259,6,4,5,431,1013,36,118,1444,154,467,1131,1598
163268,6,4,5,558,417,107,101,975,208,665,518,1183
163286,6,4,5,1243,1235,228,200,2478,428,1471,1435,2906
163295,6,4,5,22,65,5,25,87,30,27,90,117
163338,6,4,5,35,80,5,14,115,19,40,94,134
163453,6,4,5,44,92,11,9,136,20,55,101,156
163462,6,4,5,90,43,27,39,133,66,117,82,199
163578,6,4,5,8,49,11,32,57,43,19,81,100
163851,6,4,5,36,88,14,40,124,54,50,128,178
163912,6,4,5,3,13,0,0,16,0,3,13,16
163976,6,4,5,5,3,0,0,8,0,5,3,8
164076,6,4,5,112,411,55,171,523,226,167,582,749
164085,6,4,5,1,6,2,18,7,20,3,24,27
164270,6,4,5,33,111,5,32,144,37,38,143,181
164492,6,4,5,15,29,14,22,44,36,29,51,80
164632,6,4,5,8,136,5,42,144,47,13,178,191
164739,6,4,5,96,75,77,77,171,154,173,152,325
164872,6,4,5,28,44,1,3,72,4,29,47,76
164915,6,4,5,4,2,0,1,6,1,4,3,7
164988,6,4,5,2007,3108,496,823,5115,1319,2503,3931,6434
165015,6,4,5,226,263,39,72,489,111,265,335,600
165024,6,4,5,38,153,38,118,191,156,76,271,347
165167,6,4,5,7,27,5,40,34,45,12,67,79
165334,6,4,5,279,251,15,13,530,28,294,264,558
165662,6,4,5,54,385,5,67,439,72,59,452,511
165671,6,4,5,1,10,2,3,11,5,3,13,16
165820,6,4,5,59,92,72,143,151,215,131,235,366
165866,6,4,5,7,18,13,65,25,78,20,83,103
165936,6,4,5,1,11,3,17,12,20,4,28,32
165945,6,4,5,23,24,17,16,47,33,40,40,80
166027,6,4,5,958,1483,130,211,2441,341,1088,1694,2782
166391,6,4,5,5,5,32,68,10,100,37,73,110
166513,6,4,5,363,331,196,189,694,385,559,520,1079
166629,6,4,5,609,578,259,181,1187,440,868,759,1627
166674,6,4,5,2,17,1,0,19,1,3,17,20
166683,6,4,5,1205,875,13,7,2080,20,1218,882,2100
166708,6,4,5,93,196,1,10,289,11,94,206,300
166717,6,4,5,22,158,5,18,180,23,27,176,203
166850,6,4,5,160,285,24,70,445,94,184,355,539
166939,6,4,5,2,3,5,6,5,11,7,9,16
167093,6,4,5,39,173,0,0,212,0,39,173,212
167288,6,4,5,1,4,2,2,5,4,3,6,9
167358,6,4,5,3173,2868,95,95,6041,190,3268,2963,6231
167394,6,4,5,17,14,6,14,31,20,23,28,51
167598,6,4,5,9,111,12,131,120,143,21,242,263
167729,6,4,5,25,131,17,49,156,66,42,180,222
167783,6,4,5,39,390,21,316,429,337,60,706,766
167835,6,4,5,6,70,1,2,76,3,7,72,79
167987,6,4,5,163,185,56,64,348,120,219,249,468
168005,6,4,5,218,464,71,118,682,189,289,582,871
168148,6,4,5,600,1172,79,147,1772,226,679,1319,1998
168227,6,4,5,62,50,11,3,112,14,73,53,126
168254,6,4,5,105,179,46,61,284,107,151,240,391
168342,6,4,5,5,11,0,0,16,0,5,11,16
168421,6,4,5,261,128,191,108,389,299,452,236,688
168430,6,4,5,8,94,28,82,102,110,36,176,212
168528,6,4,5,24,23,4,4,47,8,28,27,55
168591,6,4,5,0,1,0,0,1,0,0,1,1
168740,6,4,5,52,63,20,29,115,49,72,92,164
168786,6,4,5,7,15,3,4,22,7,10,19,29
168847,6,4,5,3,14,1,11,17,12,4,25,29
169099,6,4,5,10,4,1,0,14,1,11,4,15
169248,6,4,5,411,504,68,140,915,208,479,644,1123
169424,6,4,5,11,15,0,0,26,0,11,15,26
169442,6,4,5,16,9,1,0,25,1,17,9,26
169716,6,4,5,298,454,33,72,752,105,331,526,857
169798,6,4,5,106,230,61,143,336,204,167,373,540
169910,6,4,5,121,229,9,15,350,24,130,244,374
170000,6,4,5,2,2,0,1,4,1,2,3,5
170082,6,4,5,222,678,72,176,900,248,294,854,1148
170286,6,4,5,10,4,4,3,14,7,14,7,21
170675,6,4,5,5,31,130,45,36,175,135,76,211
170806,6,4,5,17,29,10,12,46,22,27,41,68
170976,6,4,5,3004,3210,293,252,6214,545,3297,3462,6759
171100,6,4,5,1070,1574,153,315,2644,468,1223,1889,3112
171137,6,4,5,209,110,150,92,319,242,359,202,561
171146,6,4,5,54,147,13,25,201,38,67,172,239
171456,6,4,5,38,65,15,11,103,26,53,76,129
171492,6,4,5,21,11,22,20,32,42,43,31,74
171571,6,4,5,242,402,59,75,644,134,301,477,778
172334,6,4,5,14,63,0,4,77,4,14,67,81
172644,6,4,5,628,1162,151,273,1790,424,779,1435,2214
172699,6,4,5,116,341,211,309,457,520,327,650,977
173045,6,4,5,21,57,2,11,78,13,23,68,91
173142,6,4,5,3,5,0,0,8,0,3,5,8
173160,6,4,5,11,68,10,29,79,39,21,97,118
173300,6,4,5,0,0,4,14,0,18,4,14,18
173452,6,4,5,0,0,7,12,0,19,7,12,19
173665,6,4,5,2,7,19,56,9,75,21,63,84
173683,6,4,5,2,5,0,5,7,5,2,10,12
173896,6,4,5,9,12,0,0,21,0,9,12,21
174066,6,4,5,1139,1994,303,360,3133,663,1442,2354,3796
174127,6,4,5,2,16,0,6,18,6,2,22,24
174233,6,4,5,87,182,45,42,269,87,132,224,356
174491,6,4,5,0,0,6,4,0,10,6,4,10
174507,6,4,5,112,154,0,5,266,5,112,159,271
174747,6,4,5,0,4,0,2,4,2,0,6,6
174792,6,4,5,2,5,0,0,7,0,2,5,7
174899,6,4,5,49,190,5,15,239,20,54,205,259
174914,6,4,5,120,307,102,112,427,214,222,419,641
175005,6,4,5,23,218,6,97,241,103,29,315,344
175014,6,4,5,2,15,0,1,17,1,2,16,18
175421,6,4,5,4,7,60,87,11,147,64,94,158
175430,6,4,5,5,0,0,0,5,0,5,0,5
175616,6,4,5,36,63,10,37,99,47,46,100,146
175856,6,4,5,58,117,15,45,175,60,73,162,235
175980,6,4,5,16,7,2,0,23,2,18,7,25
176017,6,4,5,633,1091,106,240,1724,346,739,1331,2070
176035,6,4,5,3,63,1,17,66,18,4,80,84
176044,6,4,5,23,17,8,6,40,14,31,23,54
176053,6,4,5,140,279,27,49,419,76,167,328,495
176080,6,4,5,365,632,126,174,997,300,491,806,1297
176372,6,4,5,179,332,62,104,511,166,241,436,677
176451,6,4,5,0,0,3,0,0,3,3,0,3
176479,6,4,5,59,139,8,8,198,16,67,147,214
176600,6,4,5,6,2,0,3,8,3,6,5,11
176628,6,4,5,23,52,3,7,75,10,26,59,85
176965,6,4,5,527,435,339,291,962,630,866,726,1592
177038,6,4,5,81,100,1,0,181,1,82,100,182
177126,6,4,5,17,10,20,10,27,30,37,20,57
177144,6,4,5,24,26,2,3,50,5,26,29,55
177214,6,4,5,0,5,20,17,5,37,20,22,42
177418,6,4,5,12,84,5,11,96,16,17,95,112
177940,6,4,5,6,8,2,1,14,3,8,9,17
177986,6,4,5,236,219,8,28,455,36,244,247,491
178059,6,4,5,66,214,48,170,280,218,114,384,498
178341,6,4,5,7,4,8,11,11,19,15,15,30
178369,6,4,5,0,3,1,4,3,5,1,7,8
178387,6,4,5,5,6,29,32,11,61,34,38,72
178396,6,4,5,645,1048,103,253,1693,356,748,1301,2049
178402,6,4,5,904,965,109,136,1869,245,1013,1101,2114
178411,6,4,5,199,120,55,24,319,79,254,144,398
178420,6,4,5,115,229,62,159,344,221,177,388,565
178615,6,4,5,50,131,12,21,181,33,62,152,214
178624,6,4,5,200,199,131,197,399,328,331,396,727
178679,6,4,5,0,0,9,3,0,12,9,3,12
178721,6,4,5,49,30,67,57,79,124,116,87,203
178989,6,4,5,0,0,0,3,0,3,0,3,3
179043,6,4,5,54,161,30,47,215,77,84,208,292
179326,6,4,5,52,87,20,21,139,41,72,108,180
179557,6,4,5,213,196,54,70,409,124,267,266,533
179566,6,4,5,334,581,131,290,915,421,465,871,1336
179812,6,4,5,122,199,0,3,321,3,122,202,324
179867,6,4,5,1582,1852,205,266,3434,471,1787,2118,3905
179894,6,4,5,192,142,58,80,334,138,250,222,472
180106,6,4,5,0,4,0,0,4,0,0,4,4
180179,6,4,5,4,18,0,11,22,11,4,29,33
180258,6,4,5,4,17,1,1,21,2,5,18,23
180416,6,4,5,15,8,3,7,23,10,18,15,33
180461,6,4,5,114,141,116,128,255,244,230,269,499
180522,6,4,5,0,2,0,1,2,1,0,3,3
180595,6,4,5,4,59,0,0,63,0,4,59,63
180814,6,4,5,73,145,18,17,218,35,91,162,253
180948,6,4,5,17,29,5,13,46,18,22,42,64
181002,6,4,5,491,907,44,59,1398,103,535,966,1501
181020,6,4,5,18,41,9,50,59,59,27,91,118
181127,6,4,5,9,1,1,0,10,1,10,1,11
181215,6,4,5,27,89,42,116,116,158,69,205,274
181297,6,4,5,5,46,0,0,51,0,5,46,51
181330,6,4,5,15,8,15,22,23,37,30,30,60
181394,6,4,5,166,265,100,210,431,310,266,475,741
181428,6,4,5,264,537,13,31,801,44,277,568,845
181446,6,4,5,3,4,8,5,7,13,11,9,20
181464,6,4,5,450,504,98,172,954,270,548,676,1224
181604,6,4,5,9,116,2,4,125,6,11,120,131
181738,6,4,5,2,38,0,0,40,0,2,38,40
181783,6,4,5,22,35,18,45,57,63,40,80,120
182281,6,4,5,252,479,68,103,731,171,320,582,902
182290,6,4,5,174,335,123,195,509,318,297,530,827
182670,6,4,5,259,304,7,4,563,11,266,308,574
182829,6,4,5,82,92,3,4,174,7,85,96,181
182980,6,4,5,275,117,2,5,392,7,277,122,399
183026,6,4,5,319,799,248,640,1118,888,567,1439,2006
183044,6,4,5,159,359,78,121,518,199,237,480,717
183062,6,4,5,1,10,10,12,11,22,11,22,33
183071,6,4,5,0,0,1,1,0,2,1,1,2
183080,6,4,5,44,73,18,28,117,46,62,101,163
183239,6,4,5,6,10,0,1,16,1,6,11,17
183257,6,4,5,0,4,2,6,4,8,2,10,12
183789,6,4,5,3,3,2,8,6,10,5,11,16
183822,6,4,5,1,0,0,0,1,0,1,0,1
183910,6,4,5,11,45,2,48,56,50,13,93,106
184603,6,4,5,88,142,22,64,230,86,110,206,316
184612,6,4,5,7,24,13,27,31,40,20,51,71
184694,6,4,5,84,222,13,22,306,35,97,244,341
184773,6,4,5,24,46,4,13,70,17,28,59,87
184782,6,4,5,550,622,95,133,1172,228,645,755,1400
185262,6,4,5,107,350,19,72,457,91,126,422,548
185572,6,4,5,103,276,39,79,379,118,142,355,497
185590,6,4,5,186,623,101,265,809,366,287,888,1175
185758,6,4,5,1,0,1,0,1,1,2,0,2
185828,6,4,5,738,318,140,57,1056,197,878,375,1253
186131,6,4,5,486,362,0,0,848,0,486,362,848
186201,6,4,5,38,76,18,59,114,77,56,135,191
186283,6,4,5,65,113,29,66,178,95,94,179,273
186371,6,4,5,119,171,46,70,290,116,165,241,406
186380,6,4,5,1340,2167,192,456,3507,648,1532,2623,4155
186399,6,4,5,283,244,104,108,527,212,387,352,739
186432,6,4,5,245,145,7,16,390,23,252,161,413
186584,6,4,5,275,584,74,192,859,266,349,776,1125
186618,6,4,5,13,60,4,11,73,15,17,71,88
186867,6,4,5,1445,501,150,72,1946,222,1595,573,2168
186876,6,4,5,66,193,22,64,259,86,88,257,345
187046,6,4,5,0,0,5,11,0,16,5,11,16
187134,6,4,5,24,141,16,40,165,56,40,181,221
187444,6,4,5,60,159,37,99,219,136,97,258,355
187648,6,4,5,32,86,23,65,118,88,55,151,206
187897,6,4,5,29,70,8,18,99,26,37,88,125
187967,6,4,5,61,19,11,12,80,23,72,31,103
187985,6,4,5,386,559,143,150,945,293,529,709,1238
188030,6,4,5,149,243,44,78,392,122,193,321,514
188207,6,4,5,0,15,0,6,15,6,0,21,21
188340,6,4,5,0,1,1,1,1,2,1,2,3
188429,6,4,5,122,398,51,155,520,206,173,553,726
188641,6,4,5,22,46,12,20,68,32,34,66,100
188854,6,4,5,0,2,0,0,2,0,0,2,2
189228,6,4,5,0,3,1,1,3,2,1,4,5
189705,6,4,5,93,112,26,37,205,63,119,149,268
190044,6,4,5,109,119,42,22,228,64,151,141,292
190099,6,4,5,0,4,1,0,4,1,1,4,5
190372,6,4,5,20,4,13,1,24,14,33,5,38
190415,6,4,5,1542,1910,36,50,3452,86,1578,1960,3538
190424,6,4,5,135,258,1,1,393,2,136,259,395
190503,6,4,5,8,12,2,0,20,2,10,12,22
190761,6,4,5,13,32,1,8,45,9,14,40,54
191126,6,4,5,8,47,0,1,55,1,8,48,56
191205,6,4,5,1,1,0,1,2,1,1,2,3
191241,6,4,5,526,807,109,324,1333,433,635,1131,1766
191649,6,4,5,496,958,61,145,1454,206,557,1103,1660
191676,6,4,5,2,2,4,3,4,7,6,5,11
192192,6,4,5,5,53,12,26,58,38,17,79,96
192271,6,4,5,5,73,1,24,78,25,6,97,103
192323,6,4,5,52,112,18,46,164,64,70,158,228
192448,6,4,5,290,952,38,144,1242,182,328,1096,1424
192703,6,4,5,105,96,17,7,201,24,122,103,225
192712,6,4,5,135,167,2,5,302,7,137,172,309
192749,6,4,5,43,70,40,104,113,144,83,174,257
192785,6,4,5,0,12,0,0,12,0,0,12,12
192819,6,4,5,158,183,29,55,341,84,187,238,425
193016,6,4,5,79,281,16,99,360,115,95,380,475
193292,6,4,5,42,146,41,91,188,132,83,237,320
193399,6,4,5,16,60,6,34,76,40,22,94,116
193584,6,4,5,38,184,11,63,222,74,49,247,296
193654,6,4,5,225,725,19,39,950,58,244,764,1008
193830,6,4,5,149,261,3,21,410,24,152,282,434
193900,6,4,5,4243,6267,506,705,10510,1211,4749,6972,11721
193973,6,4,5,92,173,13,48,265,61,105,221,326
194091,6,4,5,511,558,39,49,1069,88,550,607,1157
194116,6,4,5,7,37,0,0,44,0,7,37,44
194310,6,4,5,619,944,87,209,1563,296,706,1153,1859
194392,6,4,5,2,2,2,0,4,2,4,2,6
194578,6,4,5,128,450,0,21,578,21,128,471,599
194824,6,4,5,270,141,7,3,411,10,277,144,421
195003,6,4,5,574,381,44,38,955,82,618,419,1037
195128,6,4,5,34,140,18,107,174,125,52,247,299
195155,6,4,5,1,1,10,15,2,25,11,16,27
195164,6,4,5,52,80,47,70,132,117,99,150,249
195216,6,4,5,1,4,4,3,5,7,5,7,12
195234,6,4,5,57,158,15,49,215,64,72,207,279
195243,6,4,5,19,34,22,30,53,52,41,64,105
195474,6,4,5,34,21,12,9,55,21,46,30,76
195544,6,4,5,18,35,46,130,53,176,64,165,229
195720,6,4,5,71,134,26,42,205,68,97,176,273
196024,6,4,5,0,3,0,2,3,2,0,5,5
196042,6,4,5,3,1,11,2,4,13,14,3,17
196060,6,4,5,399,647,77,259,1046,336,476,906,1382
196079,6,4,5,716,556,65,62,1272,127,781,618,1399
196088,6,4,5,1709,1797,405,327,3506,732,2114,2124,4238
196097,6,4,5,1044,1191,169,219,2235,388,1213,1410,2623
196103,6,4,5,19,37,5,10,56,15,24,47,71
196112,6,4,5,71,43,31,28,114,59,102,71,173
196121,6,4,5,50,118,80,170,168,250,130,288,418
196130,6,4,5,38,145,34,151,183,185,72,296,368
196149,6,4,5,38,115,34,185,153,219,72,300,372
196158,6,4,5,17,78,8,42,95,50,25,120,145
196167,6,4,5,9,25,5,16,34,21,14,41,55
196176,6,4,5,92,181,27,83,273,110,119,264,383
196185,6,4,5,14,94,24,153,108,177,38,247,285
196194,6,4,5,78,112,32,56,190,88,110,168,278
196200,6,4,5,18,65,7,39,83,46,25,104,129
196219,6,4,5,8,6,0,1,14,1,8,7,15
196246,6,4,5,32,123,4,16,155,20,36,139,175
196255,6,4,5,165,293,8,25,458,33,173,318,491
196264,6,4,5,5,19,32,81,24,113,37,100,137
196291,6,4,5,34,6,9,2,40,11,43,8,51
196307,6,4,5,148,251,2,5,399,7,150,256,406
196413,6,4,5,953,1074,82,145,2027,227,1035,1219,2254
196468,6,4,5,180,1148,33,139,1328,172,213,1287,1500
196884,6,4,5,7,17,3,0,24,3,10,17,27
197045,6,4,5,41,110,42,83,151,125,83,193,276
197708,6,4,5,239,663,33,66,902,99,272,729,1001
197869,6,4,5,175,329,34,98,504,132,209,427,636
197911,6,4,5,20,9,1,0,29,1,21,9,30
198066,6,4,5,6,7,2,1,13,3,8,8,16
198136,6,4,5,284,507,28,32,791,60,312,539,851
198303,6,4,5,15,5,16,4,20,20,31,9,40
198464,6,4,5,380,768,88,223,1148,311,468,991,1459
198507,6,4,5,2,7,4,7,9,11,6,14,20
198516,6,4,5,111,218,3,0,329,3,114,218,332
198543,6,4,5,20,54,10,23,74,33,30,77,107
198598,6,4,5,1,0,0,0,1,0,1,0,1
198756,6,4,5,2,11,0,0,13,0,2,11,13
198835,6,4,5,35,125,5,19,160,24,40,144,184
198899,6,4,5,7,6,0,8,13,8,7,14,21
198950,6,4,5,3,51,3,48,54,51,6,99,105
198969,6,4,5,35,95,5,14,130,19,40,109,149
199102,6,4,5,105,214,17,60,319,77,122,274,396
199120,6,4,5,967,1976,72,201,2943,273,1039,2177,3216
199139,6,4,5,567,663,155,352,1230,507,722,1015,1737
199148,6,4,5,187,443,41,131,630,172,228,574,802
199157,6,4,5,134,401,16,58,535,74,150,459,609
199184,6,4,5,37,40,0,1,77,1,37,41,78
199193,6,4,5,1395,1304,209,248,2699,457,1604,1552,3156
199218,6,4,5,156,364,46,138,520,184,202,502,704
199281,6,4,5,43,124,63,115,167,178,106,239,345
199412,6,4,5,16,20,28,30,36,58,44,50,94
199607,6,4,5,0,0,0,5,0,5,0,5,5
199759,6,4,5,124,50,81,50,174,131,205,100,305
199865,6,4,5,1,3,0,0,4,0,1,3,4
199999,6,4,5,21,94,5,11,115,16,26,105,131
200004,6,4,5,89,227,19,53,316,72,108,280,388
200013,6,4,5,2,1,0,0,3,0,2,1,3
200059,6,4,5,1,4,5,5,5,10,6,9,15
200217,6,4,5,69,193,20,36,262,56,89,229,318
200280,6,4,5,220,463,61,149,683,210,281,612,893
200332,6,4,5,148,240,79,99,388,178,227,339,566
200572,6,4,5,0,2,3,4,2,7,3,6,9
200697,6,4,5,134,35,39,17,169,56,173,52,225
200800,6,4,5,193,280,28,66,473,94,221,346,567
201195,6,4,5,56,114,2,4,170,6,58,118,176
201441,6,4,5,212,390,56,150,602,206,268,540,808
201548,6,4,5,87,145,5,11,232,16,92,156,248
201645,6,4,5,835,1050,96,118,1885,214,931,1168,2099
201654,6,4,5,62,52,19,18,114,37,81,70,151
201885,6,4,5,1143,1512,263,567,2655,830,1406,2079,3485
201964,6,4,5,14,7,0,1,21,1,14,8,22
202170,6,4,5,2,2,0,0,4,0,2,2,4
202480,6,4,5,647,492,73,83,1139,156,720,575,1295
202763,6,4,5,135,218,9,39,353,48,144,257,401
203067,6,4,5,4,4,0,1,8,1,4,5,9
203085,6,4,5,34,40,7,6,74,13,41,46,87
203128,6,4,5,3,8,0,0,11,0,3,8,11
203368,6,4,5,46,87,35,34,133,69,81,121,202
203465,6,4,5,0,0,0,1,0,1,0,1,1
203517,6,4,5,351,654,68,224,1005,292,419,878,1297
203544,6,4,5,11,93,0,2,104,2,11,95,106
203580,6,4,5,17,33,15,11,50,26,32,44,76
203757,6,4,5,19,13,0,1,32,1,19,14,33
203775,6,4,5,15,16,4,17,31,21,19,33,52
203845,6,4,5,9,44,4,4,53,8,13,48,61
203960,6,4,5,2,18,0,2,20,2,2,20,22
204006,6,4,5,1,3,0,2,4,2,1,5,6
204024,6,4,5,153,256,28,117,409,145,181,373,554
204194,6,4,5,22,22,5,6,44,11,27,28,55
204200,6,4,5,44,80,9,22,124,31,53,102,155
204468,6,4,5,0,0,16,14,0,30,16,14,30
204477,6,4,5,206,278,2,3,484,5,208,281,489
204617,6,4,5,27,64,9,25,91,34,36,89,125
204635,6,4,5,119,212,1,1,331,2,120,213,333
204796,6,4,5,1605,2667,120,191,4272,311,1725,2858,4583
204857,6,4,5,422,766,79,160,1188,239,501,926,1427
204936,6,4,5,12,8,16,18,20,34,28,26,54
205443,6,4,5,6,37,7,6,43,13,13,43,56
206279,6,4,5,0,3,1,2,3,3,1,5,6
206349,6,4,5,2,21,2,23,23,25,4,44,48
206507,6,4,5,3,15,1,1,18,2,4,16,20
206525,6,4,5,3,5,6,8,8,14,9,13,22
206604,6,4,5,226,283,264,224,509,488,490,507,997
206622,6,4,5,78,146,28,87,224,115,106,233,339
206695,6,4,5,177,228,49,81,405,130,226,309,535
206862,6,4,5,23,16,9,9,39,18,32,25,57
206914,6,4,5,13,21,6,14,34,20,19,35,54
207041,6,4,5,35,50,5,14,85,19,40,64,104
207209,6,4,5,8,20,15,8,28,23,23,28,51
207263,6,4,5,62,184,20,61,246,81,82,245,327
207306,6,4,5,12,15,8,16,27,24,20,31,51
207315,6,4,5,117,209,6,33,326,39,123,242,365
207324,6,4,5,124,49,30,19,173,49,154,68,222
207342,6,4,5,245,569,9,47,814,56,254,616,870
207388,6,4,5,313,559,152,182,872,334,465,741,1206
207500,6,4,5,475,729,151,213,1204,364,626,942,1568
207582,6,4,5,66,49,17,10,115,27,83,59,142
207661,6,4,5,5,14,1,4,19,5,6,18,24
207847,6,4,5,37,64,46,59,101,105,83,123,206
207865,6,4,5,89,104,9,24,193,33,98,128,226
207971,6,4,5,176,194,21,20,370,41,197,214,411
208646,6,4,5,14,22,16,11,36,27,30,33,63
208822,6,4,5,51,139,14,34,190,48,65,173,238
209490,6,4,5,112,229,4,13,341,17,116,242,358
209506,6,4,5,4,7,1,1,11,2,5,8,13
209542,6,4,5,501,564,85,132,1065,217,586,696,1282
209551,6,4,5,401,505,18,26,906,44,419,531,950
209603,6,4,5,3,11,0,0,14,0,3,11,14
209612,6,4,5,108,423,3,12,531,15,111,435,546
209807,6,4,5,176,300,53,92,476,145,229,392,621
209825,6,4,5,32,14,20,47,46,67,52,61,113
210401,6,4,5,79,82,1,3,161,4,80,85,165
210429,6,4,5,15,39,10,16,54,26,25,55,80
210739,6,4,5,53,166,13,25,219,38,66,191,257
210775,6,4,5,39,84,4,19,123,23,43,103,146
211088,6,4,5,57,219,23,51,276,74,80,270,350
211130,6,4,5,1,0,1,1,1,2,2,1,3
211291,6,4,5,7,5,1,2,12,3,8,7,15
211352,6,4,5,17,35,8,35,52,43,25,70,95
211431,6,4,5,13,141,8,65,154,73,21,206,227
211440,6,4,5,2320,1654,72,59,3974,131,2392,1713,4105
211556,6,4,5,61,291,6,20,352,26,67,311,378
211583,6,4,5,10,48,17,29,58,46,27,77,104
212054,6,4,5,551,981,94,209,1532,303,645,1190,1835
212106,6,4,5,377,777,18,29,1154,47,395,806,1201
212115,6,4,5,54,108,14,26,162,40,68,134,202
212133,6,4,5,48,81,102,136,129,238,150,217,367
212197,6,4,5,19,99,4,4,118,8,23,103,126
212601,6,4,5,306,373,18,27,679,45,324,400,724
212674,6,4,5,1,0,7,8,1,15,8,8,16
212771,6,4,5,0,0,0,5,0,5,0,5,5
212805,6,4,5,0,0,2,1,0,3,2,1,3
212984,6,4,5,7,26,10,45,33,55,17,71,88
213011,6,4,5,7,57,8,33,64,41,15,90,105
213020,6,4,5,133,226,26,58,359,84,159,284,443
213251,6,4,5,5,5,2,6,10,8,7,11,18
213321,6,4,5,18,67,11,22,85,33,29,89,118
213349,6,4,5,62,92,19,86,154,105,81,178,259
213367,6,4,5,32,107,40,69,139,109,72,176,248
213507,6,4,5,53,122,10,26,175,36,63,148,211
213598,6,4,5,3,8,0,1,11,1,3,9,12
213987,6,4,5,54,106,14,18,160,32,68,124,192
213996,6,4,5,30,106,27,37,136,64,57,143,200
214041,6,4,5,26,62,30,101,88,131,56,163,219
214148,6,4,5,1,2,0,1,3,1,1,3,4
214157,6,4,5,37,124,19,30,161,49,56,154,210
214175,6,4,5,5,1,0,0,6,0,5,1,6
214272,6,4,5,20,54,21,19,74,40,41,73,114
214564,6,4,5,78,390,1,12,468,13,79,402,481
214591,6,4,5,3,6,13,10,9,23,16,16,32
214607,6,4,5,29,10,19,13,39,32,48,23,71
214713,6,4,5,39,42,22,23,81,45,61,65,126
214777,6,4,5,1407,1401,49,46,2808,95,1456,1447,2903
214829,6,4,5,0,0,0,1,0,1,0,1,1
214883,6,4,5,0,0,0,1,0,1,0,1,1
215062,6,4,5,1798,2786,273,374,4584,647,2071,3160,5231
215105,6,4,5,8,23,2,3,31,5,10,26,36
215123,6,4,5,236,540,4,34,776,38,240,574,814
215293,6,4,5,1043,1900,106,160,2943,266,1149,2060,3209
215424,6,4,5,5,3,1,0,8,1,6,3,9
215442,6,4,5,28,36,15,44,64,59,43,80,123
215655,6,4,5,37,15,23,25,52,48,60,40,100
215743,6,4,5,39,119,12,22,158,34,51,141,192
215798,6,4,5,6,7,15,17,13,32,21,24,45
215929,6,4,5,89,173,40,77,262,117,129,250,379
216010,6,4,5,40,96,24,70,136,94,64,166,230
216038,6,4,5,98,280,30,97,378,127,128,377,505
216339,6,4,5,879,1501,72,179,2380,251,951,1680,2631
216357,6,4,5,17,43,0,0,60,0,17,43,60
216366,6,4,5,354,946,34,140,1300,174,388,1086,1474
216542,6,4,5,1,1,9,13,2,22,10,14,24
216597,6,4,5,243,360,125,135,603,260,368,495,863
216667,6,4,5,0,0,1,1,0,2,1,1,2
216694,6,4,5,15,25,23,15,40,38,38,40,78
216764,6,4,5,131,361,74,186,492,260,205,547,752
216852,6,4,5,268,484,24,80,752,104,292,564,856
216931,6,4,5,69,120,22,83,189,105,91,203,294
217013,6,4,5,2,1,2,18,3,20,4,19,23
217059,6,4,5,8,6,3,34,14,37,11,40,51
217156,6,4,5,552,666,13,13,1218,26,565,679,1244
217165,6,4,5,53,28,15,8,81,23,68,36,104
217235,6,4,5,22,103,9,23,125,32,31,126,157
217305,6,4,5,4,10,0,1,14,1,4,11,15
217402,6,4,5,74,94,8,28,168,36,82,122,204
217420,6,4,5,12,75,17,95,87,112,29,170,199
217493,6,4,5,39,116,0,0,155,0,39,116,155
217518,6,4,5,58,110,2,9,168,11,60,119,179
217536,6,4,5,45,41,16,33,86,49,61,74,135
217633,6,4,5,61,103,2,6,164,8,63,109,172
217688,6,4,5,28,76,29,33,104,62,57,109,166
217721,6,4,5,12,9,0,0,21,0,12,9,21
217749,6,4,5,19,14,21,38,33,59,40,52,92
217819,6,4,5,42,121,20,51,163,71,62,172,234
217864,6,4,5,34,45,56,70,79,126,90,115,205
217873,6,4,5,3,10,1,0,13,1,4,10,14
217882,6,4,5,759,605,95,193,1364,288,854,798,1652
217907,6,4,5,5,5,9,5,10,14,14,10,24
217925,6,4,5,22,33,20,23,55,43,42,56,98
217934,6,4,5,5,24,0,21,29,21,5,45,50
217961,6,4,5,8,22,16,43,30,59,24,65,89
218061,6,4,5,5,56,19,46,61,65,24,102,126
218229,6,4,5,26,43,29,93,69,122,55,136,191
218335,6,4,5,288,850,2,23,1138,25,290,873,1163
218414,6,4,5,4,2,4,2,6,6,8,4,12
218441,6,4,5,61,48,3,1,109,4,64,49,113
218539,6,4,5,21,107,1,1,128,2,22,108,130
218645,6,4,5,10,27,13,17,37,30,23,44,67
218654,6,4,5,2,1,0,10,3,10,2,11,13
218663,6,4,5,823,1437,71,189,2260,260,894,1626,2520
218724,6,4,5,43,54,27,50,97,77,70,104,174
218733,6,4,5,17,29,2,1,46,3,19,30,49
218742,6,4,5,6,8,3,49,14,52,9,57,66
218751,6,4,5,61,82,0,0,143,0,61,82,143
218919,6,4,5,0,4,0,0,4,0,0,4,4
219082,6,4,5,16,14,25,15,30,40,41,29,70
219198,6,4,5,13,6,0,2,19,2,13,8,21
219204,6,4,5,0,1,0,0,1,0,0,1,1
219259,6,4,5,24,17,12,37,41,49,36,54,90
219347,6,4,5,48,28,20,9,76,29,68,37,105
219471,6,4,5,289,426,40,146,715,186,329,572,901
219602,6,4,5,36,79,46,88,115,134,82,167,249
219806,6,4,5,68,37,23,71,105,94,91,108,199
219833,6,4,5,107,75,13,6,182,19,120,81,201
220075,6,4,5,243,484,54,123,727,177,297,607,904
220215,6,4,5,24,14,16,21,38,37,40,35,75
220473,6,4,5,14,29,13,6,43,19,27,35,62
220516,6,4,5,17,39,0,1,56,1,17,40,57
220701,6,4,5,7,5,6,4,12,10,13,9,22
220792,6,4,5,63,154,0,0,217,0,63,154,217
220862,6,4,5,599,597,103,176,1196,279,702,773,1475
220978,6,4,5,101,171,89,164,272,253,190,335,525
221519,6,4,5,1,1,0,0,2,0,1,1,2
221740,6,4,5,116,255,49,45,371,94,165,300,465
221759,6,4,5,592,913,231,291,1505,522,823,1204,2027
221768,6,4,5,34,63,27,51,97,78,61,114,175
221838,6,4,5,85,148,18,49,233,67,103,197,300
221847,6,4,5,102,64,109,129,166,238,211,193,404
221999,6,4,5,684,1248,26,92,1932,118,710,1340,2050
222178,6,4,5,36,200,66,104,236,170,102,304,406
222831,6,4,5,89,170,44,72,259,116,133,242,375
222877,6,4,5,0,0,1,0,0,1,1,0,1
223223,6,4,5,238,388,0,0,626,0,238,388,626
223232,6,4,5,415,892,40,127,1307,167,455,1019,1474
224147,6,4,5,129,150,117,217,279,334,246,367,613
224323,6,4,5,41,34,43,48,75,91,84,82,166
224527,6,4,5,23,17,35,19,40,54,58,36,94
224554,6,4,5,226,226,78,148,452,226,304,374,678
225247,6,4,5,43,114,10,18,157,28,53,132,185
225399,6,4,5,17,43,45,96,60,141,62,139,201
225414,6,4,5,141,179,63,148,320,211,204,327,531
225432,6,4,5,12,15,31,68,27,99,43,83,126
225511,6,4,5,1072,1232,207,246,2304,453,1279,1478,2757
225548,6,4,5,8,1,14,4,9,18,22,5,27
226383,6,4,5,3,7,5,10,10,15,8,17,25
226471,6,4,5,43,156,15,18,199,33,58,174,232
226587,6,4,5,0,2,0,0,2,0,0,2,2
227216,6,4,5,1889,1704,357,502,3593,859,2246,2206,4452
227331,6,4,5,22,87,0,4,109,4,22,91,113
227368,6,4,5,185,372,149,333,557,482,334,705,1039
227526,6,4,5,59,56,47,58,115,105,106,114,220
227757,6,4,5,636,412,118,66,1048,184,754,478,1232
227845,6,4,5,21,55,8,59,76,67,29,114,143
227863,6,4,5,27,46,14,22,73,36,41,68,109
227881,6,4,5,143,318,113,275,461,388,256,593,849
228042,6,4,5,10,14,2,1,24,3,12,15,27
228149,6,4,5,159,219,27,18,378,45,186,237,423
228194,6,4,5,152,220,7,9,372,16,159,229,388
228246,6,4,5,484,589,188,208,1073,396,672,797,1469
228431,6,4,5,97,198,37,71,295,108,134,269,403
228459,6,4,5,277,689,50,197,966,247,327,886,1213
228501,6,4,5,17,13,14,27,30,41,31,40,71
228529,6,4,5,70,161,97,213,231,310,167,374,541
228635,6,4,5,234,388,8,18,622,26,242,406,648
228644,6,4,5,350,632,18,60,982,78,368,692,1060
228653,6,4,5,143,297,1,1,440,2,144,298,442
228705,6,4,5,157,107,45,64,264,109,202,171,373
228723,6,4,5,2704,2622,330,280,5326,610,3034,2902,5936
228769,6,4,5,1543,1051,195,263,2594,458,1738,1314,3052
228778,6,4,5,1544,1784,33,44,3328,77,1577,1828,3405
228787,6,4,5,1702,1420,254,188,3122,442,1956,1608,3564
228796,6,4,5,183,278,130,146,461,276,313,424,737
228802,6,4,5,78,134,29,61,212,90,107,195,302
228875,6,4,5,167,329,2,4,496,6,169,333,502
228909,6,4,5,263,629,11,27,892,38,274,656,930
229018,6,4,5,44,37,33,48,81,81,77,85,162
229027,6,4,5,328,445,182,246,773,428,510,691,1201
229063,6,4,5,139,342,16,34,481,50,155,376,531
229115,6,4,5,894,1087,110,208,1981,318,1004,1295,2299
229179,6,4,5,96,828,25,347,924,372,121,1175,1296
229267,6,4,5,34,54,8,11,88,19,42,65,107
229337,6,4,5,254,662,4,39,916,43,258,701,959
229780,6,4,5,12,10,9,13,22,22,21,23,44
229814,6,4,5,62,135,58,119,197,177,120,254,374
230038,6,4,5,253,337,50,93,590,143,303,430,733
230171,6,4,5,9,16,3,4,25,7,12,20,32
230603,6,4,5,48,71,34,67,119,101,82,138,220
230728,6,4,5,151,238,77,158,389,235,228,396,624
230764,6,4,5,690,940,59,60,1630,119,749,1000,1749
230782,6,4,5,24,65,13,34,89,47,37,99,136
230807,6,4,5,3,35,2,5,38,7,5,40,45
230816,6,4,5,0,4,0,0,4,0,0,4,4
230834,6,4,5,16,11,14,22,27,36,30,33,63
230852,6,4,5,1,2,8,23,3,31,9,25,34
230913,6,4,5,2,5,2,11,7,13,4,16,20
231059,6,4,5,3,12,1,3,15,4,4,15,19
231174,6,4,5,186,345,18,61,531,79,204,406,610
231420,6,4,5,1,3,17,15,4,32,18,18,36
231581,6,4,5,8,14,0,0,22,0,8,14,22
231624,6,4,5,283,390,38,47,673,85,321,437,758
231712,6,4,5,30,42,10,9,72,19,40,51,91
232025,6,4,5,39,107,0,0,146,0,39,107,146
232043,6,4,5,5,16,3,12,21,15,8,28,36
232089,6,4,5,4,2,0,0,6,0,4,2,6
232186,6,4,5,975,1102,335,552,2077,887,1310,1654,2964
232308,6,4,5,1,3,0,2,4,2,1,5,6
232557,6,4,5,869,1980,343,871,2849,1214,1212,2851,4063
232566,6,4,5,33,120,40,40,153,80,73,160,233
232609,6,4,5,63,113,15,21,176,36,78,134,212
232706,6,4,5,47,215,6,46,262,52,53,261,314
232982,6,4,5,181,350,114,145,531,259,295,495,790
233277,6,4,5,74,315,19,71,389,90,93,386,479
233374,6,4,5,72,127,7,12,199,19,79,139,218
233541,6,4,5,89,286,12,67,375,79,101,353,454
233718,6,4,5,0,3,0,0,3,0,0,3,3
233921,6,4,5,1014,951,127,113,1965,240,1141,1064,2205
234030,6,4,5,526,1298,64,148,1824,212,590,1446,2036
234076,6,4,5,911,1174,82,96,2085,178,993,1270,2263
234155,6,4,5,30,35,3,15,65,18,33,50,83
234207,6,4,5,62,106,0,0,168,0,62,106,168
234827,6,4,5,21,39,29,46,60,75,50,85,135
235097,6,4,5,122,362,20,52,484,72,142,414,556
235316,6,4,5,198,277,6,14,475,20,204,291,495
235547,6,4,5,10,89,1,0,99,1,11,89,100
236328,6,4,5,29,70,1,7,99,8,30,77,107
236452,6,4,5,9,6,13,14,15,27,22,20,42
236577,6,4,5,15,58,10,32,73,42,25,90,115
236595,6,4,5,123,325,92,114,448,206,215,439,654
236896,6,4,5,1,15,1,2,16,3,2,17,19
236939,6,4,5,265,607,55,76,872,131,320,683,1003
237011,6,4,5,79,161,14,17,240,31,93,178,271
237066,6,4,5,25,38,8,27,63,35,33,65,98
237118,6,4,5,8,25,0,2,33,2,8,27,35
237181,6,4,5,0,0,7,8,0,15,7,8,15
237312,6,4,5,51,56,0,2,107,2,51,58,109
237330,6,4,5,18,32,20,27,50,47,38,59,97
237367,6,4,5,29,26,14,21,55,35,43,47,90
237385,6,4,5,5,3,0,2,8,2,5,5,10
237525,6,4,5,258,484,22,74,742,96,280,558,838
237792,6,4,5,27,22,10,12,49,22,37,34,71
237899,6,4,5,20,19,1,4,39,5,21,23,44
237969,6,4,5,12,8,0,2,20,2,12,10,22
238032,6,4,5,744,1122,97,146,1866,243,841,1268,2109
238193,6,4,5,10,104,1,9,114,10,11,113,124
238263,6,4,5,0,2,0,2,2,2,0,4,4
238430,6,4,5,4,9,3,17,13,20,7,26,33
238458,6,4,5,69,211,13,19,280,32,82,230,312
239071,6,4,5,2,5,10,9,7,19,12,14,26
239105,6,4,5,430,886,103,129,1316,232,533,1015,1548
239169,6,4,5,178,322,2,5,500,7,180,327,507
239318,6,4,5,2,7,11,3,9,14,13,10,23
239716,6,4,5,2,1,0,1,3,1,2,2,4
240107,6,4,5,26,67,3,19,93,22,29,86,115
240189,6,4,5,58,135,44,76,193,120,102,211,313
240268,6,4,5,2,55,7,18,57,25,9,73,82
240277,6,4,5,21,45,15,27,66,42,36,72,108
240329,6,4,5,60,190,26,74,250,100,86,264,350
240338,6,4,5,1,1,3,5,2,8,4,6,10
240365,6,4,5,14,69,19,49,83,68,33,118,151
240374,6,4,5,32,47,25,34,79,59,57,81,138
240417,6,4,5,17,95,17,33,112,50,34,128,162
240426,6,4,5,8,27,2,31,35,33,10,58,68
240444,6,4,5,1604,2093,219,222,3697,441,1823,2315,4138
240453,6,4,5,313,610,66,139,923,205,379,749,1128
240462,6,4,5,8,23,16,25,31,41,24,48,72
240471,6,4,5,16,59,6,36,75,42,22,95,117
240480,6,4,5,28,98,12,55,126,67,40,153,193
240727,6,4,5,217,321,25,38,538,63,242,359,601
241191,6,4,5,1,1,0,0,2,0,1,1,2
241225,6,4,5,2,8,1,2,10,3,3,10,13
241331,6,4,5,56,402,5,26,458,31,61,428,489
241377,6,4,5,1,1,0,1,2,1,1,2,3
241395,6,4,5,4,13,0,1,17,1,4,14,18
241410,6,4,5,61,165,4,13,226,17,65,178,243
241739,6,4,5,30,61,0,6,91,6,30,67,97
241766,6,4,5,1,1,0,0,2,0,1,1,2
241836,6,4,5,0,3,0,3,3,3,0,6,6
242617,6,4,5,15,50,0,2,65,2,15,52,67
242626,6,4,5,13,28,2,4,41,6,15,32,47
242635,6,4,5,6,8,0,1,14,1,6,9,15
242644,6,4,5,3,5,0,0,8,0,3,5,8
242653,6,4,5,128,306,3,5,434,8,131,311,442
242662,6,4,5,14,19,0,3,33,3,14,22,36
242680,6,4,5,5,8,0,1,13,1,5,9,14
242699,6,4,5,5,5,0,0,10,0,5,5,10
242705,6,4,5,3,0,0,1,3,1,3,1,4
242723,6,4,5,36,79,16,32,115,48,52,111,163
243203,6,4,5,214,390,0,14,604,14,214,404,618
243221,6,4,5,223,257,53,45,480,98,276,302,578
243346,6,4,5,15,70,2,10,85,12,17,80,97
243443,6,4,5,5,9,18,69,14,87,23,78,101
243577,6,4,5,32,18,9,3,50,12,41,21,62
243586,6,4,5,1,2,0,1,3,1,1,3,4
243601,6,4,5,62,167,1,9,229,10,63,176,239
243744,6,4,5,1430,1233,110,70,2663,180,1540,1303,2843
243780,6,4,5,1435,1237,673,405,2672,1078,2108,1642,3750
243832,6,4,5,2,5,0,0,7,0,2,5,7
246789,6,4,5,0,0,0,1,0,1,0,1,1
248934,6,4,5,8,9,0,0,17,0,8,9,17
262086,6,4,5,17,63,17,74,80,91,34,137,171
262129,6,4,5,1,3,0,0,4,0,1,3,4
363907,6,4,5,0,2,0,0,2,0,0,2,2
366003,6,4,5,0,0,1,0,0,1,1,0,1
366711,6,4,5,60,219,10,32,279,42,70,251,321
367954,6,4,5,193,869,3,13,1062,16,196,882,1078
385415,6,4,5,119,215,4,9,334,13,123,224,347
399911,6,4,5,3,2,0,0,5,0,3,2,5
404222,6,4,5,24,37,0,0,61,0,24,37,61
408844,6,4,5,7,16,0,1,23,1,7,17,24
409254,6,4,5,0,9,2,33,9,35,2,42,44
409698,6,4,5,21,96,11,15,117,26,32,111,143
414878,6,4,5,468,119,563,131,587,694,1031,250,1281
414966,6,4,5,1,1,0,0,2,0,1,1,2
416801,6,4,5,2,7,0,0,9,0,2,7,9
420246,6,4,5,8,57,0,3,65,3,8,60,68
423643,6,4,5,283,784,1,5,1067,6,284,789,1073
426314,6,4,5,100,84,46,36,184,82,146,120,266
433387,6,4,5,456,1630,0,0,2086,0,456,1630,2086
433660,6,4,5,63,218,92,191,281,283,155,409,564
435000,6,4,5,156,336,0,20,492,20,156,356,512
440031,6,4,5,73,193,1,4,266,5,74,197,271
440828,6,4,5,15,41,1,4,56,5,16,45,61
441131,6,4,5,5,9,0,1,14,1,5,10,15
441900,6,4,5,0,5,0,4,5,4,0,9,9
441937,6,4,5,19,44,9,10,63,19,28,54,82
442356,6,4,5,0,0,2,3,0,5,2,3,5
442930,6,4,5,11,5,0,1,16,1,11,6,17
445027,6,4,5,19,30,1,6,49,7,20,36,56
445133,6,4,5,0,0,1,1,0,2,1,1,2
445188,6,4,5,72,59,1,0,131,1,73,59,132
445267,6,4,5,11,22,13,17,33,30,24,39,63
447698,6,4,5,1,2,0,1,3,1,1,3,4
448673,6,4,5,0,5,1,1,5,2,1,6,7
449481,6,4,5,0,2,0,0,2,0,0,2,2
449889,6,4,5,88,443,0,0,531,0,88,443,531
449922,6,4,5,14,26,0,2,40,2,14,28,42
450571,6,4,5,0,2,0,0,2,0,0,2,2
450933,6,4,5,31,62,0,0,93,0,31,62,93
451079,6,4,5,0,2,0,0,2,0,0,2,2
451510,6,4,5,106,233,4,5,339,9,110,238,348
454227,6,4,5,7,61,36,367,68,403,43,428,471
455406,6,4,5,44,56,0,0,100,0,44,56,100
456481,6,4,5,0,0,0,1,0,1,0,1,1
456542,6,4,5,89,130,9,38,219,47,98,168,266
457299,6,4,5,1,0,0,0,1,0,1,0,1
458210,6,4,5,16,53,0,9,69,9,16,62,78
459736,6,4,5,75,109,0,2,184,2,75,111,186
459949,6,4,5,9,41,10,39,50,49,19,80,99
460349,6,4,5,11,28,22,59,39,81,33,87,120
461643,6,4,5,0,1,0,0,1,0,0,1,1
461883,6,4,5,2,9,0,0,11,0,2,9,11
474863,6,4,5,1,9,0,2,10,2,1,11,12
476975,6,4,5,8,13,50,90,21,140,58,103,161
477039,6,4,5,3,37,0,1,40,1,3,38,41
479956,6,4,5,40,38,328,367,78,695,368,405,773
480569,6,4,5,0,1,27,25,1,52,27,26,53
480657,6,4,5,0,1,0,0,1,0,0,1,1
480790,6,4,5,78,154,0,2,232,2,78,156,234
481535,6,4,5,2,2,0,0,4,0,2,2,4
482149,6,4,5,361,814,27,53,1175,80,388,867,1255
482158,6,4,5,17,17,10,14,34,24,27,31,58
482413,6,4,5,1,1,0,3,2,3,1,4,5
482431,6,4,5,1,0,1,3,1,4,2,3,5
482468,6,4,5,0,0,0,1,0,1,0,1,1
482477,6,4,5,16,18,31,32,34,63,47,50,97
482556,6,4,5,0,0,0,1,0,1,0,1,1
482635,6,4,5,0,0,0,2,0,2,0,2,2
482653,6,4,5,0,0,1,0,0,1,1,0,1
482680,6,4,5,24,72,24,97,96,121,48,169,217
482705,6,4,5,2,35,602,705,37,1307,604,740,1344
482936,6,4,5,22,4,2,2,26,4,24,6,30
483036,6,4,5,5,19,15,21,24,36,20,40,60
483124,6,4,5,187,778,377,1315,965,1692,564,2093,2657
483595,6,4,5,36,89,7,17,125,24,43,106,149
483975,6,4,5,74,116,0,1,190,1,74,117,191
484613,6,4,5,153,523,0,0,676,0,153,523,676
484631,6,4,5,1,1,0,0,2,0,1,1,2
484905,6,4,5,30,81,19,47,111,66,49,128,177
485768,6,4,5,11,10,0,0,21,0,11,10,21
486840,6,4,5,241,308,116,138,549,254,357,446,803
487010,6,4,5,330,749,3,12,1079,15,333,761,1094
487524,6,4,5,51,109,18,37,160,55,69,146,215
487995,6,4,5,0,1,0,0,1,0,0,1,1
488031,6,4,5,1,1,0,0,2,0,1,1,2
489335,6,4,5,0,0,1,0,0,1,1,0,1
489779,6,4,5,140,361,53,285,501,338,193,646,839
489858,6,4,5,26,66,0,0,92,0,26,66,92
490230,6,4,5,1,2,0,0,3,0,1,2,3
490601,6,4,5,57,78,0,0,135,0,57,78,135
490805,6,4,5,80,53,28,21,133,49,108,74,182
491808,6,4,5,0,2,0,0,2,0,0,2,2
492689,6,4,5,91,123,0,1,214,1,91,124,215
493673,6,4,5,1,1,1,0,2,1,2,1,3
494010,6,4,5,5,7,0,0,12,0,5,7,12
494551,6,4,5,0,3,0,2,3,2,0,5,5
495314,6,4,5,116,113,0,0,229,0,116,113,229
496043,6,4,5,82,86,0,0,168,0,82,86,168
497107,6,4,5,0,0,0,9,0,9,0,9,9
497480,6,4,5,0,0,1,6,0,7,1,6,7
498562,6,4,5,93,217,29,54,310,83,122,271,393
498571,6,4,5,139,452,55,184,591,239,194,636,830
100663,7,999,1,1353,1994,1555,3157,3347,4712,2908,5151,8059
100706,7,999,1,496,444,839,829,940,1668,1335,1273,2608
100751,7,999,1,1252,1406,1282,2398,2658,3680,2534,3804,6338
100760,7,999,1,12,55,37,140,67,177,49,195,244
100812,7,999,1,140,320,403,874,460,1277,543,1194,1737
100830,7,999,1,322,378,309,625,700,934,631,1003,1634
100858,7,999,1,1358,1125,1566,1262,2483,2828,2924,2387,5311
100937,7,999,1,7,7,1,2,14,3,8,9,17
101143,7,999,1,75,91,80,168,166,248,155,259,414
101161,7,999,1,122,288,219,705,410,924,341,993,1334
101189,7,999,1,350,685,158,306,1035,464,508,991,1499
101240,7,999,1,145,291,175,544,436,719,320,835,1155
101286,7,999,1,65,233,141,705,298,846,206,938,1144
101295,7,999,1,112,240,197,580,352,777,309,820,1129
101301,7,999,1,13,69,13,185,82,198,26,254,280
101435,7,999,1,3,6,2,9,9,11,5,15,20
101453,7,999,1,20,1,75,9,21,84,95,10,105
101462,7,999,1,29,65,79,210,94,289,108,275,383
101480,7,999,1,296,460,403,725,756,1128,699,1185,1884
101505,7,999,1,155,262,414,1175,417,1589,569,1437,2006
101514,7,999,1,203,242,573,1086,445,1659,776,1328,2104
101569,7,999,1,86,179,150,531,265,681,236,710,946
101587,7,999,1,615,2683,136,357,3298,493,751,3040,3791
101648,7,999,1,1,0,0,0,1,0,1,0,1
101709,7,999,1,46,105,74,216,151,290,120,321,441
101736,7,999,1,39,75,102,296,114,398,141,371,512
101897,7,999,1,43,78,74,187,121,261,117,265,382
101912,7,999,1,72,80,27,23,152,50,99,103,202
101994,7,999,1,9,36,3,80,45,83,12,116,128
102030,7,999,1,142,201,87,436,343,523,229,637,866
102049,7,999,1,296,584,51,132,880,183,347,716,1063
102067,7,999,1,73,139,131,401,212,532,204,540,744
102076,7,999,1,38,101,79,179,139,258,117,280,397
102094,7,999,1,845,2868,360,1076,3713,1436,1205,3944,5149
102234,7,999,1,13,15,58,43,28,101,71,58,129
102313,7,999,1,87,157,101,292,244,393,188,449,637
102368,7,999,1,656,1611,1672,2646,2267,4318,2328,4257,6585
102377,7,999,1,80,186,12,18,266,30,92,204,296
102395,7,999,1,37,14,118,43,51,161,155,57,212
102429,7,999,1,38,103,154,414,141,568,192,517,709
102553,7,999,1,535,624,1241,2289,1159,3530,1776,2913,4689
102614,7,999,1,336,443,742,1725,779,2467,1078,2168,3246
102632,7,999,1,74,90,239,613,164,852,313,703,1016
103741,7,999,1,4,38,1,36,42,37,5,74,79
104151,7,999,1,5247,4109,2228,2153,9356,4381,7475,6262,13737
104160,7,999,1,146,157,469,1056,303,1525,615,1213,1828
104179,7,999,1,2985,3395,3529,3592,6380,7121,6514,6987,13501
104346,7,999,1,79,118,323,934,197,1257,402,1052,1454
104391,7,999,1,0,34,0,0,34,0,0,34,34
104425,7,999,1,112,207,474,520,319,994,586,727,1313
104443,7,999,1,4,17,1,8,21,9,5,25,30
104568,7,999,1,0,38,0,69,38,69,0,107,107
104577,7,999,1,228,87,713,1379,315,2092,941,1466,2407
104586,7,999,1,164,27,40,11,191,51,204,38,242
104708,7,999,1,283,246,1232,2088,529,3320,1515,2334,3849
104717,7,999,1,352,447,15123,49977,799,65100,15475,50424,65899
105145,7,999,1,124,253,492,1164,377,1656,616,1417,2033
105154,7,999,1,391,378,1883,2501,769,4384,2274,2879,5153
105206,7,999,1,126,217,363,1100,343,1463,489,1317,1806
105297,7,999,1,77,249,106,413,326,519,183,662,845
105330,7,999,1,1172,1845,1225,2523,3017,3748,2397,4368,6765
105349,7,999,1,30,58,179,528,88,707,209,586,795
105428,7,999,1,262,331,882,1991,593,2873,1144,2322,3466
105525,7,999,1,312,404,1832,3207,716,5039,2144,3611,5755
105659,7,999,1,524,54,0,0,578,0,524,54,578
105668,7,999,1,173,289,1612,2687,462,4299,1785,2976,4761
105747,7,999,1,96,146,726,1232,242,1958,822,1378,2200
105792,7,999,1,43,81,285,516,124,801,328,597,925
106148,7,999,1,196,154,810,1796,350,2606,1006,1950,2956
106245,7,999,1,632,891,680,1477,1523,2157,1312,2368,3680
106263,7,999,1,430,828,168,653,1258,821,598,1481,2079
106324,7,999,1,0,4,0,5,4,5,0,9,9
106397,7,999,1,732,785,1560,2235,1517,3795,2292,3020,5312
106412,7,999,1,79,124,48,97,203,145,127,221,348
106449,7,999,1,88,150,85,229,238,314,173,379,552
106458,7,999,1,215,278,1427,3870,493,5297,1642,4148,5790
106467,7,999,1,217,400,302,782,617,1084,519,1182,1701
106546,7,999,1,21,200,3,21,221,24,24,221,245
106625,7,999,1,76,143,54,134,219,188,130,277,407
106713,7,999,1,42,28,7,11,70,18,49,39,88
106908,7,999,1,7,120,0,6,127,6,7,126,133
107080,7,999,1,3,0,3,1,3,4,6,1,7
107099,7,999,1,3,28,0,0,31,0,3,28,31
107141,7,999,1,39,108,127,294,147,421,166,402,568
107318,7,999,1,2,31,52,105,33,157,54,136,190
107512,7,999,1,4,18,8,10,22,18,12,28,40
107521,7,999,1,25,133,30,66,158,96,55,199,254
107558,7,999,1,7,4,3,5,11,8,10,9,19
107585,7,999,1,67,185,74,199,252,273,141,384,525
107600,7,999,1,72,68,5,14,140,19,77,82,159
107619,7,999,1,28,84,17,70,112,87,45,154,199
107664,7,999,1,212,436,308,787,648,1095,520,1223,1743
107725,7,999,1,16,67,28,180,83,208,44,247,291
107743,7,999,1,11,46,15,45,57,60,26,91,117
107789,7,999,1,1,13,0,0,14,0,1,13,14
107974,7,999,1,27,120,34,206,147,240,61,326,387
107983,7,999,1,270,271,380,653,541,1033,650,924,1574
107992,7,999,1,26,56,52,80,82,132,78,136,214
108092,7,999,1,156,309,166,316,465,482,322,625,947
108232,7,999,1,748,734,822,1420,1482,2242,1570,2154,3724
108667,7,999,1,118,98,682,1454,216,2136,800,1552,2352
108807,7,999,1,183,235,1007,1249,418,2256,1190,1484,2674
108852,7,999,1,14,26,0,0,40,0,14,26,40
109208,7,999,1,342,710,6745,5533,1052,12278,7087,6243,13330
109350,7,999,1,244,365,1172,1990,609,3162,1416,2355,3771
109785,7,999,1,523,1373,494,1458,1896,1952,1017,2831,3848
109819,7,999,1,460,794,2730,3037,1254,5767,3190,3831,7021
109907,7,999,1,130,403,257,587,533,844,387,990,1377
109934,7,999,1,27,155,0,0,182,0,27,155,182
110097,7,999,1,366,304,661,532,670,1193,1027,836,1863
110246,7,999,1,348,565,625,1113,913,1738,973,1678,2651
110316,7,999,1,262,855,139,851,1117,990,401,1706,2107
110334,7,999,1,91,172,1166,1882,263,3048,1257,2054,3311
110361,7,999,1,750,1735,438,936,2485,1374,1188,2671,3859
110398,7,999,1,299,390,13,18,689,31,312,408,720
110404,7,999,1,594,306,0,0,900,0,594,306,900
110413,7,999,1,287,480,71,133,767,204,358,613,971
110422,7,999,1,372,273,153,85,645,238,525,358,883
110486,7,999,1,563,1236,385,804,1799,1189,948,2040,2988
110495,7,999,1,512,1288,424,798,1800,1222,936,2086,3022
110510,7,999,1,1284,2411,929,1467,3695,2396,2213,3878,6091
110529,7,999,1,1890,1838,1304,1199,3728,2503,3194,3037,6231
110538,7,999,1,751,941,389,575,1692,964,1140,1516,2656
110547,7,999,1,1093,2156,1050,2037,3249,3087,2143,4193,6336
110556,7,999,1,1178,1906,748,1028,3084,1776,1926,2934,4860
110565,7,999,1,1910,2396,2219,3307,4306,5526,4129,5703,9832
110574,7,999,1,1361,2303,956,1550,3664,2506,2317,3853,6170
110583,7,999,1,2348,3079,1856,2324,5427,4180,4204,5403,9607
110592,7,999,1,1968,3133,1352,1829,5101,3181,3320,4962,8282
110608,7,999,1,2381,3505,2061,2897,5886,4958,4442,6402,10844
110617,7,999,1,1895,2590,1626,2010,4485,3636,3521,4600,8121
110635,7,999,1,4067,4147,1608,1181,8214,2789,5675,5328,11003
110644,7,999,1,2942,3543,396,415,6485,811,3338,3958,7296
110653,7,999,1,2647,2574,242,233,5221,475,2889,2807,5696
110662,7,999,1,4789,4967,741,403,9756,1144,5530,5370,10900
110671,7,999,1,1935,1691,253,183,3626,436,2188,1874,4062
110680,7,999,1,3361,2590,404,224,5951,628,3765,2814,6579
110699,7,999,1,801,1468,0,0,2269,0,801,1468,2269
110705,7,999,1,1299,1130,138,125,2429,263,1437,1255,2692
110714,7,999,1,1086,1003,90,78,2089,168,1176,1081,2257
110918,7,999,1,1,2,6,3,3,9,7,5,12
111188,7,999,1,60,15,28,15,75,43,88,30,118
111434,7,999,1,33,96,538,1395,129,1933,571,1491,2062
111461,7,999,1,290,244,4931,2537,534,7468,5221,2781,8002
111513,7,999,1,0,68,2,18,68,20,2,86,88
111887,7,999,1,763,1166,2800,3221,1929,6021,3563,4387,7950
111896,7,999,1,157,145,982,1039,302,2021,1139,1184,2323
111920,7,999,1,149,252,1914,1932,401,3846,2063,2184,4247
111939,7,999,1,410,807,1625,3443,1217,5068,2035,4250,6285
111948,7,999,1,449,559,167,221,1008,388,616,780,1396
112075,7,999,1,424,1014,229,246,1438,475,653,1260,1913
112084,7,999,1,15,5,13,27,20,40,28,32,60
112172,7,999,1,234,400,842,1349,634,2191,1076,1749,2825
112251,7,999,1,419,590,276,418,1009,694,695,1008,1703
112260,7,999,1,1,3,0,0,4,0,1,3,4
112367,7,999,1,7,18,20,119,25,139,27,137,164
112385,7,999,1,144,199,2815,1590,343,4405,2959,1789,4748
112561,7,999,1,72,125,248,398,197,646,320,523,843
112686,7,999,1,97,203,285,853,300,1138,382,1056,1438
112826,7,999,1,83,213,483,1275,296,1758,566,1488,2054
113096,7,999,1,173,244,1494,2783,417,4277,1667,3027,4694
113111,7,999,1,124,151,565,742,275,1307,689,893,1582
113193,7,999,1,161,209,1014,1200,370,2214,1175,1409,2584
113236,7,999,1,354,460,1239,1985,814,3224,1593,2445,4038
113333,7,999,1,482,543,1452,2096,1025,3548,1934,2639,4573
113537,7,999,1,0,5,0,0,5,0,0,5,5
113573,7,999,1,250,427,817,1669,677,2486,1067,2096,3163
113582,7,999,1,6,36,0,15,42,15,6,51,57
113634,7,999,1,308,398,1761,2470,706,4231,2069,2868,4937
113698,7,999,1,183,399,32,111,582,143,215,510,725
113704,7,999,1,31,2,14,5,33,19,45,7,52
113856,7,999,1,392,618,6971,5941,1010,12912,7363,6559,13922
113980,7,999,1,434,607,1793,2852,1041,4645,2227,3459,5686
114123,7,999,1,25,47,0,1,72,1,25,48,73
114266,7,999,1,124,200,755,1409,324,2164,879,1609,2488
114354,7,999,1,42,142,15,86,184,101,57,228,285
114433,7,999,1,9,23,471,227,32,698,480,250,730
114549,7,999,1,158,571,53,205,729,258,211,776,987
114716,7,999,1,368,539,2440,1768,907,4208,2808,2307,5115
114734,7,999,1,16,6,21,22,22,43,37,28,65
114761,7,999,1,5,33,0,0,38,0,5,33,38
114789,7,999,1,480,741,3391,3789,1221,7180,3871,4530,8401
114813,7,999,1,136,493,308,981,629,1289,444,1474,1918
114859,7,999,1,384,456,1824,2528,840,4352,2208,2984,5192
114938,7,999,1,112,111,753,808,223,1561,865,919,1784
114947,7,999,1,27,53,0,0,80,0,27,53,80
115001,7,999,1,671,1050,889,1521,1721,2410,1560,2571,4131
115083,7,999,1,904,533,414,494,1437,908,1318,1027,2345
115126,7,999,1,145,185,1014,1368,330,2382,1159,1553,2712
115393,7,999,1,111,207,1292,1369,318,2661,1403,1576,2979
115755,7,999,1,486,680,204,320,1166,524,690,1000,1690
115861,7,999,1,205,414,688,855,619,1543,893,1269,2162
116439,7,999,1,138,156,798,1202,294,2000,936,1358,2294
116563,7,999,1,4,95,0,0,99,0,4,95,99
116846,7,999,1,15,37,11,15,52,26,26,52,78
117052,7,999,1,82,85,361,773,167,1134,443,858,1301
117104,7,999,1,81,80,20,21,161,41,101,101,202
117195,7,999,1,87,78,957,440,165,1397,1044,518,1562
117247,7,999,1,309,441,1399,2482,750,3881,1708,2923,4631
117274,7,999,1,45,43,818,182,88,1000,863,225,1088
117645,7,999,1,756,1102,2459,3812,1858,6271,3215,4914,8129
117672,7,999,1,369,632,124,315,1001,439,493,947,1440
117690,7,999,1,63,134,730,1538,197,2268,793,1672,2465
117706,7,999,1,239,320,1556,2552,559,4108,1795,2872,4667
117715,7,999,1,49,153,440,1509,202,1949,489,1662,2151
117724,7,999,1,406,281,1774,1724,687,3498,2180,2005,4185
117733,7,999,1,284,428,1824,3252,712,5076,2108,3680,5788
117788,7,999,1,445,565,1984,3087,1010,5071,2429,3652,6081
117803,7,999,1,0,0,37,110,0,147,37,110,147
117867,7,999,1,97,208,907,1939,305,2846,1004,2147,3151
117894,7,999,1,111,167,505,1145,278,1650,616,1312,1928
117946,7,999,1,554,885,230,336,1439,566,784,1221,2005
118347,7,999,1,68,121,474,1105,189,1579,542,1226,1768
118684,7,999,1,71,147,275,797,218,1072,346,944,1290
118718,7,999,1,219,512,785,1356,731,2141,1004,1868,2872
118772,7,999,1,241,322,716,1874,563,2590,957,2196,3153
118930,7,999,1,142,198,741,1360,340,2101,883,1558,2441
118976,7,999,1,622,1290,928,2459,1912,3387,1550,3749,5299
119058,7,999,1,107,226,50,75,333,125,157,301,458
119067,7,999,1,211,241,840,1312,452,2152,1051,1553,2604
119137,7,999,1,152,217,883,1623,369,2506,1035,1840,2875
119164,7,999,1,756,857,2550,3719,1613,6269,3306,4576,7882
119216,7,999,1,376,745,1060,2518,1121,3578,1436,3263,4699
119331,7,999,1,80,133,282,593,213,875,362,726,1088
120166,7,999,1,45,68,1,3,113,4,46,71,117
120184,7,999,1,7,33,38,92,40,130,45,125,170
120254,7,999,1,5,7,1,1,12,2,6,8,14
120290,7,999,1,159,217,887,969,376,1856,1046,1186,2232
120342,7,999,1,443,336,1610,1965,779,3575,2053,2301,4354
120403,7,999,1,54,82,4,7,136,11,58,89,147
120421,7,999,1,107,164,585,1002,271,1587,692,1166,1858
120865,7,999,1,33,82,22,79,115,101,55,161,216
120883,7,999,1,498,736,201,323,1234,524,699,1059,1758
120953,7,999,1,311,54,3307,281,365,3588,3618,335,3953
120971,7,999,1,420,321,2882,2144,741,5026,3302,2465,5767
121044,7,999,1,450,635,2153,3541,1085,5694,2603,4176,6779
121150,7,999,1,610,997,903,2419,1607,3322,1513,3416,4929
121275,7,999,1,28,10,0,0,38,0,28,10,38
121309,7,999,1,177,281,268,595,458,863,445,876,1321
121363,7,999,1,57,127,177,545,184,722,234,672,906
121619,7,999,1,353,473,7379,3913,826,11292,7732,4386,12118
121628,7,999,1,69,51,0,0,120,0,69,51,120
121707,7,999,1,196,191,700,743,387,1443,896,934,1830
121886,7,999,1,293,294,4165,2137,587,6302,4458,2431,6889
121901,7,999,1,264,353,1482,2898,617,4380,1746,3251,4997
122180,7,999,1,316,568,2149,3906,884,6055,2465,4474,6939
122205,7,999,1,274,383,1423,3227,657,4650,1697,3610,5307
122296,7,999,1,296,883,102,404,1179,506,398,1287,1685
122339,7,999,1,221,198,1906,2379,419,4285,2127,2577,4704
122375,7,999,1,291,301,2080,3187,592,5267,2371,3488,5859
122384,7,999,1,300,133,2685,2129,433,4814,2985,2262,5247
122409,7,999,1,1865,2515,1344,1591,4380,2935,3209,4106,7315
122436,7,999,1,513,554,672,755,1067,1427,1185,1309,2494
122597,7,999,1,1916,2224,1194,1397,4140,2591,3110,3621,6731
122612,7,999,1,539,923,555,1006,1462,1561,1094,1929,3023
122658,7,999,1,467,821,743,1916,1288,2659,1210,2737,3947
122728,7,999,1,160,213,100,166,373,266,260,379,639
122746,7,999,1,187,244,943,1637,431,2580,1130,1881,3011
122755,7,999,1,2285,3014,2220,3653,5299,5873,4505,6667,11172
122791,7,999,1,105,107,726,1144,212,1870,831,1251,2082
122889,7,999,1,229,339,922,1712,568,2634,1151,2051,3202
122931,7,999,1,629,680,368,547,1309,915,997,1227,2224
122977,7,999,1,642,806,2232,3573,1448,5805,2874,4379,7253
123013,7,999,1,320,411,2023,3058,731,5081,2343,3469,5812
123165,7,999,1,5,8,1,4,13,5,6,12,18
123217,7,999,1,258,401,968,1654,659,2622,1226,2055,3281
123341,7,999,1,303,423,1210,2015,726,3225,1513,2438,3951
123457,7,999,1,47,159,60,82,206,142,107,241,348
123484,7,999,1,56,60,156,167,116,323,212,227,439
123509,7,999,1,120,157,751,1269,277,2020,871,1426,2297
123563,7,999,1,140,295,1123,1444,435,2567,1263,1739,3002
123572,7,999,1,285,509,251,413,794,664,536,922,1458
123800,7,999,1,446,701,1667,2182,1147,3849,2113,2883,4996
123916,7,999,1,8,24,11,42,32,53,19,66,85
123952,7,999,1,120,79,12,2,199,14,132,81,213
123961,7,999,1,6173,7162,1890,2280,13335,4170,8063,9442,17505
124113,7,999,1,41,130,1383,759,171,2142,1424,889,2313
124283,7,999,1,87,52,26,29,139,55,113,81,194
124487,7,999,1,6,7,44,51,13,95,50,58,108
125028,7,999,1,160,191,893,1702,351,2595,1053,1893,2946
125231,7,999,1,2691,13264,4374,20077,15955,24451,7065,33341,40406
125462,7,999,1,16,44,386,336,60,722,402,380,782
125471,7,999,1,238,357,1245,2231,595,3476,1483,2588,4071
125499,7,999,1,54,101,529,1213,155,1742,583,1314,1897
125763,7,999,1,23,21,14,28,44,42,37,49,86
125897,7,999,1,102,73,21,21,175,42,123,94,217
126012,7,999,1,105,371,0,0,476,0,105,371,476
126119,7,999,1,84,168,394,961,252,1355,478,1129,1607
126182,7,999,1,181,518,312,386,699,698,493,904,1397
126207,7,999,1,226,200,358,623,426,981,584,823,1407
126289,7,999,1,206,306,594,1451,512,2045,800,1757,2557
126562,7,999,1,1808,2313,2184,4141,4121,6325,3992,6454,10446
126580,7,999,1,753,828,904,1177,1581,2081,1657,2005,3662
126614,7,999,1,1609,996,3303,1957,2605,5260,4912,2953,7865
126711,7,999,1,147,185,361,865,332,1226,508,1050,1558
126748,7,999,1,38,79,43,99,117,142,81,178,259
126775,7,999,1,643,269,325,95,912,420,968,364,1332
126818,7,999,1,1496,1696,2453,2831,3192,5284,3949,4527,8476
126827,7,999,1,4811,8973,2732,5407,13784,8139,7543,14380,21923
126863,7,999,1,156,135,325,806,291,1131,481,941,1422
126915,7,999,1,14,28,5,32,42,37,19,60,79
126942,7,999,1,204,353,532,1130,557,1662,736,1483,2219
126951,7,999,1,287,44,0,0,331,0,287,44,331
127185,7,999,1,127,147,71,158,274,229,198,305,503
127200,7,999,1,499,553,1179,2200,1052,3379,1678,2753,4431
127316,7,999,1,13,19,16,87,32,103,29,106,135
127389,7,999,1,8,16,11,31,24,42,19,47,66
127556,7,999,1,358,446,287,387,804,674,645,833,1478
127565,7,999,1,1263,1672,1386,2099,2935,3485,2649,3771,6420
127617,7,999,1,17,77,65,174,94,239,82,251,333
127653,7,999,1,141,350,101,258,491,359,242,608,850
127714,7,999,1,5,12,247,259,17,506,252,271,523
127732,7,999,1,19,39,58,338,58,396,77,377,454
127741,7,999,1,300,614,463,1608,914,2071,763,2222,2985
127778,7,999,1,33,55,56,121,88,177,89,176,265
127820,7,999,1,676,799,983,1928,1475,2911,1659,2727,4386
127884,7,999,1,299,405,529,1009,704,1538,828,1414,2242
127909,7,999,1,334,283,647,774,617,1421,981,1057,2038
127918,7,999,1,491,1095,357,659,1586,1016,848,1754,2602
128106,7,999,1,270,536,517,1259,806,1776,787,1795,2582
128258,7,999,1,87,71,155,190,158,345,242,261,503
128337,7,999,1,0,17,0,10,17,10,0,27,27
128498,7,999,1,93,294,50,135,387,185,143,429,572
128577,7,999,1,42,27,109,208,69,317,151,235,386
128744,7,999,1,423,600,243,784,1023,1027,666,1384,2050
128771,7,999,1,427,407,861,1074,834,1935,1288,1481,2769
128780,7,999,1,72,249,255,812,321,1067,327,1061,1388
128902,7,999,1,0,4,2,4,4,6,2,8,10
129020,7,999,1,1782,1838,1100,1276,3620,2376,2882,3114,5996
129154,7,999,1,55,144,212,1825,199,2037,267,1969,2236
129181,7,999,1,69,4,25,6,73,31,94,10,104
129215,7,999,1,70,82,60,117,152,177,130,199,329
129242,7,999,1,110,194,162,405,304,567,272,599,871
129349,7,999,1,1,45,0,17,46,17,1,62,63
129367,7,999,1,40,109,218,812,149,1030,258,921,1179
129428,7,999,1,0,0,66,24,0,90,66,24,90
129491,7,999,1,29,11,22,26,40,48,51,37,88
129525,7,999,1,164,270,354,664,434,1018,518,934,1452
129543,7,999,1,61,166,247,718,227,965,308,884,1192
129695,7,999,1,75,135,347,672,210,1019,422,807,1229
129729,7,999,1,91,126,340,932,217,1272,431,1058,1489
129756,7,999,1,43,54,151,370,97,521,194,424,618
129774,7,999,1,15,14,2,5,29,7,17,19,36
129808,7,999,1,48,70,226,654,118,880,274,724,998
129923,7,999,1,19,79,34,49,98,83,53,128,181
129941,7,999,1,820,628,434,458,1448,892,1254,1086,2340
130004,7,999,1,63,118,289,754,181,1043,352,872,1224
130040,7,999,1,11,40,67,242,51,309,78,282,360
130183,7,999,1,1114,4603,2241,5729,5717,7970,3355,10332,13687
130217,7,999,1,22,41,124,240,63,364,146,281,427
130226,7,999,1,374,499,230,619,873,849,604,1118,1722
130253,7,999,1,485,499,357,1253,984,1610,842,1752,2594
130314,7,999,1,103,352,79,368,455,447,182,720,902
130396,7,999,1,110,150,461,1276,260,1737,571,1426,1997
130590,7,999,1,5,5,18,16,10,34,23,21,44
130606,7,999,1,43,103,266,532,146,798,309,635,944
130624,7,999,1,3,0,0,0,3,0,3,0,3
130697,7,999,1,64,37,19,27,101,46,83,64,147
130776,7,999,1,131,158,201,457,289,658,332,615,947
130794,7,999,1,2676,2900,120,111,5576,231,2796,3011,5807
130934,7,999,1,219,466,70,160,685,230,289,626,915
130943,7,999,1,1328,1197,439,574,2525,1013,1767,1771,3538
130989,7,999,1,36,58,148,168,94,316,184,226,410
131113,7,999,1,908,1279,2339,4984,2187,7323,3247,6263,9510
131399,7,999,1,279,446,347,1012,725,1359,626,1458,2084
131450,7,999,1,144,226,65,117,370,182,209,343,552
131469,7,999,1,2203,2652,2538,4413,4855,6951,4741,7065,11806
131496,7,999,1,2587,2553,1931,2328,5140,4259,4518,4881,9399
131520,7,999,1,668,1109,177,410,1777,587,845,1519,2364
132471,7,999,1,695,1376,428,1085,2071,1513,1123,2461,3584
132693,7,999,1,440,519,1023,2023,959,3046,1463,2542,4005
132709,7,999,1,744,1079,2118,4955,1823,7073,2862,6034,8896
132842,7,999,1,59,357,42,250,416,292,101,607,708
132851,7,999,1,172,261,262,721,433,983,434,982,1416
132879,7,999,1,5,2,4,1,7,5,9,3,12
132903,7,999,1,2658,2934,3904,5887,5592,9791,6562,8821,15383
133021,7,999,1,35,61,56,156,96,212,91,217,308
133386,7,999,1,499,576,780,1819,1075,2599,1279,2395,3674
133492,7,999,1,4,9,3,0,13,3,7,9,16
133508,7,999,1,218,366,718,1717,584,2435,936,2083,3019
133553,7,999,1,617,114,172,35,731,207,789,149,938
133650,7,999,1,428,711,165,301,1139,466,593,1012,1605
133702,7,999,1,775,1279,1849,4561,2054,6410,2624,5840,8464
133711,7,999,1,54,81,12,26,135,38,66,107,173
133809,7,999,1,2,1,5,4,3,9,7,5,12
133872,7,999,1,104,257,99,413,361,512,203,670,873
133881,7,999,1,414,347,935,2369,761,3304,1349,2716,4065
133960,7,999,1,78,55,87,191,133,278,165,246,411
134097,7,999,1,1928,2249,1674,2982,4177,4656,3602,5231,8833
134130,7,999,1,4001,4041,2520,4382,8042,6902,6521,8423,14944
134343,7,999,1,137,255,301,740,392,1041,438,995,1433
134495,7,999,1,976,954,1203,2606,1930,3809,2179,3560,5739
134608,7,999,1,335,430,961,2072,765,3033,1296,2502,3798
135160,7,999,1,49,163,174,498,212,672,223,661,884
135188,7,999,1,60,127,185,560,187,745,245,687,932
135391,7,999,1,198,357,510,1360,555,1870,708,1717,2425
135407,7,999,1,173,165,4,3,338,7,177,168,345
135610,7,999,1,17,30,26,33,47,59,43,63,106
135717,7,999,1,1110,1992,3116,5756,3102,8872,4226,7748,11974
135726,7,999,1,1775,2000,314,574,3775,888,2089,2574,4663
136109,7,999,1,0,21,0,18,21,18,0,39,39
136145,7,999,1,13,72,43,210,85,253,56,282,338
136172,7,999,1,424,630,676,1257,1054,1933,1100,1887,2987
136233,7,999,1,159,256,346,697,415,1043,505,953,1458
136330,7,999,1,148,343,119,178,491,297,267,521,788
136358,7,999,1,687,754,1652,3964,1441,5616,2339,4718,7057
136400,7,999,1,197,259,445,937,456,1382,642,1196,1838
136473,7,999,1,298,539,542,1281,837,1823,840,1820,2660
136516,7,999,1,191,394,506,1288,585,1794,697,1682,2379
136659,7,999,1,29,27,41,6,56,47,70,33,103
136701,7,999,1,87,1,17,2,88,19,104,3,107
136950,7,999,1,80,131,101,130,211,231,181,261,442
137078,7,999,1,905,1314,2473,5261,2219,7734,3378,6575,9953
137096,7,999,1,383,334,786,1287,717,2073,1169,1621,2790
137209,7,999,1,416,430,1289,2434,846,3723,1705,2864,4569
137281,7,999,1,83,141,241,700,224,941,324,841,1165
137351,7,999,1,2818,3216,2552,4265,6034,6817,5370,7481,12851
137546,7,999,1,242,264,98,155,506,253,340,419,759
137564,7,999,1,250,474,424,564,724,988,674,1038,1712
137591,7,999,1,23,78,4,34,101,38,27,112,139
137759,7,999,1,188,307,448,988,495,1436,636,1295,1931
138187,7,999,1,923,1295,2934,5550,2218,8484,3857,6845,10702
138275,7,999,1,21,40,45,44,61,89,66,84,150
138309,7,999,1,444,2675,422,2788,3119,3210,866,5463,6329
138354,7,999,1,505,989,1429,2828,1494,4257,1934,3817,5751
138558,7,999,1,43,61,53,218,104,271,96,279,375
138600,7,999,1,11,60,3,22,71,25,14,82,96
138682,7,999,1,125,369,224,618,494,842,349,987,1336
138716,7,999,1,101,509,137,783,610,920,238,1292,1530
138761,7,999,1,4,17,4,44,21,48,8,61,69
138840,7,999,1,260,325,350,959,585,1309,610,1284,1894
138929,7,999,1,64,92,37,70,156,107,101,162,263
138938,7,999,1,7,109,13,95,116,108,20,204,224
138947,7,999,1,93,210,55,136,303,191,148,346,494
138956,7,999,1,206,340,387,777,546,1164,593,1117,1710
139144,7,999,1,8,29,17,39,37,56,25,68,93
139199,7,999,1,132,718,96,615,850,711,228,1333,1561
139205,7,999,1,19,11,55,4,30,59,74,15,89
139250,7,999,1,84,187,106,354,271,460,190,541,731
139278,7,999,1,163,302,348,1162,465,1510,511,1464,1975
139311,7,999,1,267,695,305,867,962,1172,572,1562,2134
139357,7,999,1,120,277,222,733,397,955,342,1010,1352
139366,7,999,1,370,576,724,1065,946,1789,1094,1641,2735
139384,7,999,1,162,378,343,928,540,1271,505,1306,1811
139393,7,999,1,9,17,3,13,26,16,12,30,42
139463,7,999,1,109,197,164,311,306,475,273,508,781
139506,7,999,1,19,13,0,0,32,0,19,13,32
139621,7,999,1,24,39,30,51,63,81,54,90,144
139658,7,999,1,1603,2530,534,776,4133,1310,2137,3306,5443
139700,7,999,1,130,284,233,654,414,887,363,938,1301
139719,7,999,1,62,152,47,122,214,169,109,274,383
139755,7,999,1,3099,1437,12984,4320,4536,17304,16083,5757,21840
139764,7,999,1,76,344,184,442,420,626,260,786,1046
139861,7,999,1,72,123,179,469,195,648,251,592,843
139931,7,999,1,733,1224,903,2064,1957,2967,1636,3288,4924
139940,7,999,1,2195,3419,1564,2892,5614,4456,3759,6311,10070
139959,7,999,1,2068,2556,861,1516,4624,2377,2929,4072,7001
139986,7,999,1,106,400,253,1169,506,1422,359,1569,1928
140012,7,999,1,275,337,799,1667,612,2466,1074,2004,3078
140146,7,999,1,49,41,51,44,90,95,100,85,185
140234,7,999,1,20,57,4,12,77,16,24,69,93
140243,7,999,1,86,196,346,704,282,1050,432,900,1332
140252,7,999,1,487,488,104,174,975,278,591,662,1253
140331,7,999,1,296,368,617,1408,664,2025,913,1776,2689
140447,7,999,1,689,1702,360,1204,2391,1564,1049,2906,3955
140562,7,999,1,197,332,13,35,529,48,210,367,577
140678,7,999,1,74,117,132,320,191,452,206,437,643
140696,7,999,1,15,27,9,13,42,22,24,40,64
140720,7,999,1,16,22,1,8,38,9,17,30,47
140818,7,999,1,43,216,117,420,259,537,160,636,796
140942,7,999,1,200,261,281,847,461,1128,481,1108,1589
140951,7,999,1,641,1036,321,658,1677,979,962,1694,2656
140960,7,999,1,79,133,71,143,212,214,150,276,426
140988,7,999,1,49,95,21,75,144,96,70,170,240
141006,7,999,1,55,142,127,203,197,330,182,345,527
141060,7,999,1,0,21,139,491,21,630,139,512,651
141255,7,999,1,62,266,282,553,328,835,344,819,1163
141264,7,999,1,275,716,659,1724,991,2383,934,2440,3374
141334,7,999,1,337,645,715,2292,982,3007,1052,2937,3989
141565,7,999,1,141,239,130,274,380,404,271,513,784
141574,7,999,1,1066,1420,1261,1879,2486,3140,2327,3299,5626
141644,7,999,1,340,383,230,252,723,482,570,635,1205
141680,7,999,1,170,69,393,456,239,849,563,525,1088
141796,7,999,1,173,250,466,1147,423,1613,639,1397,2036
141802,7,999,1,14,19,69,193,33,262,83,212,295
141811,7,999,1,184,209,449,1010,393,1459,633,1219,1852
141839,7,999,1,48,91,161,448,139,609,209,539,748
141981,7,999,1,165,295,208,452,460,660,373,747,1120
141990,7,999,1,30,102,196,487,132,683,226,589,815
142115,7,999,1,990,1225,1556,2513,2215,4069,2546,3738,6284
142179,7,999,1,75,102,94,266,177,360,169,368,537
142276,7,999,1,876,1129,688,1082,2005,1770,1564,2211,3775
142285,7,999,1,861,687,618,556,1548,1174,1479,1243,2722
142407,7,999,1,5,15,0,0,20,0,5,15,20
142443,7,999,1,109,186,207,616,295,823,316,802,1118
142461,7,999,1,52,195,129,337,247,466,181,532,713
142522,7,999,1,1522,1053,6462,10043,2575,16505,7984,11096,19080
142559,7,999,1,125,163,257,654,288,911,382,817,1199
142832,7,999,1,154,606,145,532,760,677,299,1138,1437
142887,7,999,1,1,4,2,1,5,3,3,5,8
143118,7,999,1,167,721,232,843,888,1075,399,1564,1963
143215,7,999,1,203,310,630,1157,513,1787,833,1467,2300
143279,7,999,1,51,101,214,524,152,738,265,625,890
143288,7,999,1,14,37,0,1,51,1,14,38,52
143358,7,999,1,129,110,145,694,239,839,274,804,1078
143376,7,999,1,4,43,0,38,47,38,4,81,85
143613,7,999,1,39,94,39,182,133,221,78,276,354
143853,7,999,1,600,982,7,19,1582,26,607,1001,1608
144050,7,999,1,3468,2669,1055,579,6137,1634,4523,3248,7771
144157,7,999,1,134,225,179,452,359,631,313,677,990
144166,7,999,1,195,666,445,1713,861,2158,640,2379,3019
144175,7,999,1,118,199,180,429,317,609,298,628,926
144184,7,999,1,155,370,984,1738,525,2722,1139,2108,3247
144193,7,999,1,229,171,493,1054,400,1547,722,1225,1947
144209,7,999,1,125,210,348,679,335,1027,473,889,1362
144218,7,999,1,159,252,853,1693,411,2546,1012,1945,2957
144351,7,999,1,98,184,1156,2528,282,3684,1254,2712,3966
144564,7,999,1,53,128,164,188,181,352,217,316,533
144740,7,999,1,1847,2043,1131,1281,3890,2412,2978,3324,6302
144865,7,999,1,375,480,1907,3567,855,5474,2282,4047,6329
144883,7,999,1,37,38,0,0,75,0,37,38,75
144892,7,999,1,349,384,442,857,733,1299,791,1241,2032
144944,7,999,1,139,157,891,1555,296,2446,1030,1712,2742
144962,7,999,1,123,253,153,200,376,353,276,453,729
144971,7,999,1,6,12,4,21,18,25,10,33,43
145099,7,999,1,7,91,0,0,98,0,7,91,98
145336,7,999,1,431,662,418,1054,1093,1472,849,1716,2565
145372,7,999,1,16,46,47,88,62,135,63,134,197
145521,7,999,1,12,41,65,136,53,201,77,177,254
145558,7,999,1,574,718,11,27,1292,38,585,745,1330
145600,7,999,1,2814,3512,1436,2480,6326,3916,4250,5992,10242
145619,7,999,1,104,169,269,648,273,917,373,817,1190
145637,7,999,1,4561,3433,4319,3377,7994,7696,8880,6810,15690
145682,7,999,1,98,143,390,1016,241,1406,488,1159,1647
145691,7,999,1,8,28,6,20,36,26,14,48,62
145707,7,999,1,22,46,32,79,68,111,54,125,179
145813,7,999,1,529,585,409,970,1114,1379,938,1555,2493
145831,7,999,1,38,60,169,232,98,401,207,292,499
145886,7,999,1,21,90,3,3,111,6,24,93,117
146205,7,999,1,87,158,208,325,245,533,295,483,778
146278,7,999,1,48,82,104,233,130,337,152,315,467
146296,7,999,1,118,209,737,1366,327,2103,855,1575,2430
146339,7,999,1,88,142,18,56,230,74,106,198,304
146348,7,999,1,42,80,151,391,122,542,193,471,664
146366,7,999,1,65,132,125,268,197,393,190,400,590
146418,7,999,1,39,84,132,352,123,484,171,436,607
146427,7,999,1,8,5,2,4,13,6,10,9,19
146472,7,999,1,196,307,1181,2431,503,3612,1377,2738,4115
146481,7,999,1,21,22,6,14,43,20,27,36,63
146490,7,999,1,0,0,125,167,0,292,125,167,292
146506,7,999,1,82,223,139,286,305,425,221,509,730
146533,7,999,1,7,34,2,15,41,17,9,49,58
146603,7,999,1,50,86,149,372,136,521,199,458,657
146612,7,999,1,609,409,437,889,1018,1326,1046,1298,2344
146685,7,999,1,115,167,277,882,282,1159,392,1049,1441
146700,7,999,1,238,99,0,0,337,0,238,99,337
146719,7,999,1,1045,1910,382,1017,2955,1399,1427,2927,4354
147004,7,999,1,72,118,443,975,190,1418,515,1093,1608
147013,7,999,1,52,132,88,263,184,351,140,395,535
147129,7,999,1,12,118,14,153,130,167,26,271,297
147244,7,999,1,33,82,10,48,115,58,43,130,173
147369,7,999,1,247,164,400,265,411,665,647,429,1076
147378,7,999,1,111,191,592,1072,302,1664,703,1263,1966
147411,7,999,1,22,51,210,436,73,646,232,487,719
147536,7,999,1,390,1689,382,2341,2079,2723,772,4030,4802
147590,7,999,1,152,226,11,34,378,45,163,260,423
147660,7,999,1,74,117,23,35,191,58,97,152,249
147679,7,999,1,67,113,239,439,180,678,306,552,858
147776,7,999,1,383,589,707,1325,972,2032,1090,1914,3004
147800,7,999,1,96,127,935,1769,223,2704,1031,1896,2927
147828,7,999,1,25,57,133,467,82,600,158,524,682
147916,7,999,1,118,168,392,738,286,1130,510,906,1416
148007,7,999,1,54,112,279,522,166,801,333,634,967
148131,7,999,1,21,27,40,83,48,123,61,110,171
148256,7,999,1,53,110,67,153,163,220,120,263,383
148292,7,999,1,31,111,158,374,142,532,189,485,674
148380,7,999,1,167,129,601,822,296,1423,768,951,1719
148487,7,999,1,210,456,174,573,666,747,384,1029,1413
148511,7,999,1,429,828,133,882,1257,1015,562,1710,2272
148575,7,999,1,13,28,15,127,41,142,28,155,183
148627,7,999,1,52,122,109,297,174,406,161,419,580
148654,7,999,1,359,367,699,671,726,1370,1058,1038,2096
148672,7,999,1,24,54,76,151,78,227,100,205,305
148821,7,999,1,24,72,81,149,96,230,105,221,326
148876,7,999,1,40,287,28,157,327,185,68,444,512
148937,7,999,1,19,47,92,131,66,223,111,178,289
148991,7,999,1,11,41,66,136,52,202,77,177,254
149222,7,999,1,997,1010,959,790,2007,1749,1956,1800,3756
149231,7,999,1,532,618,706,1388,1150,2094,1238,2006,3244
149310,7,999,1,65,45,0,0,110,0,65,45,110
149365,7,999,1,44,176,142,558,220,700,186,734,920
149532,7,999,1,135,213,1219,1581,348,2800,1354,1794,3148
149727,7,999,1,65,103,579,1122,168,1701,644,1225,1869
149772,7,999,1,514,515,515,887,1029,1402,1029,1402,2431
149781,7,999,1,57,70,184,230,127,414,241,300,541
149842,7,999,1,158,286,940,2133,444,3073,1098,2419,3517
150136,7,999,1,329,564,874,2758,893,3632,1203,3322,4525
150163,7,999,1,62,108,215,364,170,579,277,472,749
150172,7,999,1,24,34,114,67,58,181,138,101,239
150215,7,999,1,32,69,18,29,101,47,50,98,148
150534,7,999,1,73,94,22,30,167,52,95,124,219
150604,7,999,1,17,32,11,13,49,24,28,45,73
150668,7,999,1,21,31,7,58,52,65,28,89,117
150677,7,999,1,42,88,157,95,130,252,199,183,382
150765,7,999,1,2,37,0,0,39,0,2,37,39
150941,7,999,1,27,77,29,95,104,124,56,172,228
150987,7,999,1,1480,3416,8663,11921,4896,20584,10143,15337,25480
151111,7,999,1,1777,2331,1443,2636,4108,4079,3220,4967,8187
151263,7,999,1,100,202,170,566,302,736,270,768,1038
151290,7,999,1,295,197,259,194,492,453,554,391,945
151306,7,999,1,198,288,591,1063,486,1654,789,1351,2140
151324,7,999,1,365,513,675,1068,878,1743,1040,1581,2621
151333,7,999,1,78,184,116,203,262,319,194,387,581
151342,7,999,1,153,313,227,513,466,740,380,826,1206
151351,7,999,1,2603,2048,2093,1844,4651,3937,4696,3892,8588
151360,7,999,1,75,308,161,477,383,638,236,785,1021
151379,7,999,1,122,163,319,487,285,806,441,650,1091
151388,7,999,1,105,254,376,557,359,933,481,811,1292
151661,7,999,1,171,45,0,0,216,0,171,45,216
151777,7,999,1,60,94,13,31,154,44,73,125,198
151962,7,999,1,58,133,21,34,191,55,79,167,246
152080,7,999,1,1474,997,120,130,2471,250,1594,1127,2721
152318,7,999,1,8,1,3,0,9,3,11,1,12
152336,7,999,1,41,184,53,215,225,268,94,399,493
152390,7,999,1,0,19,1,37,19,38,1,56,57
152451,7,999,1,89,0,40,23,89,63,129,23,152
152567,7,999,1,47,90,5,19,137,24,52,109,161
152600,7,999,1,110,119,63,68,229,131,173,187,360
152637,7,999,1,213,288,294,301,501,595,507,589,1096
152798,7,999,1,25,112,11,71,137,82,36,183,219
152992,7,999,1,37,28,22,130,65,152,59,158,217
153001,7,999,1,38,295,105,434,333,539,143,729,872
153083,7,999,1,1,36,0,0,37,0,1,36,37
153108,7,999,1,0,2,4,3,2,7,4,5,9
153126,7,999,1,21,37,24,41,58,65,45,78,123
153144,7,999,1,8,4,3,3,12,6,11,7,18
153162,7,999,1,5,8,0,0,13,0,5,8,13
153214,7,999,1,367,516,1012,1770,883,2782,1379,2286,3665
153241,7,999,1,21,33,3,7,54,10,24,40,64
153250,7,999,1,9,11,72,137,20,209,81,148,229
153269,7,999,1,138,171,304,646,309,950,442,817,1259
153302,7,999,1,5,2,2,5,7,7,7,7,14
153311,7,999,1,143,322,223,697,465,920,366,1019,1385
153366,7,999,1,34,169,40,181,203,221,74,350,424
153384,7,999,1,2,1,0,1,3,1,2,2,4
153445,7,999,1,116,185,103,263,301,366,219,448,667
153472,7,999,1,80,141,34,134,221,168,114,275,389
153524,7,999,1,149,235,151,302,384,453,300,537,837
153533,7,999,1,28,51,16,84,79,100,44,135,179
153621,7,999,1,30,33,12,23,63,35,42,56,98
153630,7,999,1,118,164,94,437,282,531,212,601,813
153658,7,999,1,1635,1739,1661,1794,3374,3455,3296,3533,6829
153737,7,999,1,273,391,510,1001,664,1511,783,1392,2175
153825,7,999,1,25,35,12,28,60,40,37,63,100
153834,7,999,1,5,1,0,5,6,5,5,6,11
154004,7,999,1,20,66,171,790,86,961,191,856,1047
154013,7,999,1,45,125,74,215,170,289,119,340,459
154110,7,999,1,67,108,89,371,175,460,156,479,635
154174,7,999,1,700,408,20,11,1108,31,720,419,1139
154235,7,999,1,82,158,85,116,240,201,167,274,441
154262,7,999,1,4,20,4,62,24,66,8,82,90
154350,7,999,1,20,27,22,27,47,49,42,54,96
154396,7,999,1,25,80,16,113,105,129,41,193,234
154493,7,999,1,248,686,425,657,934,1082,673,1343,2016
154527,7,999,1,7,17,1,5,24,6,8,22,30
154572,7,999,1,140,204,120,497,344,617,260,701,961
154697,7,999,1,114,205,614,728,319,1342,728,933,1661
154712,7,999,1,11,8,16,26,19,42,27,34,61
154749,7,999,1,3,7,0,0,10,0,3,7,10
154800,7,999,1,154,266,419,903,420,1322,573,1169,1742
154907,7,999,1,20,57,21,101,77,122,41,158,199
154925,7,999,1,27,54,78,172,81,250,105,226,331
154934,7,999,1,55,47,32,199,102,231,87,246,333
154952,7,999,1,94,95,87,248,189,335,181,343,524
154998,7,999,1,32,34,73,126,66,199,105,160,265
155025,7,999,1,224,431,494,1281,655,1775,718,1712,2430
155052,7,999,1,22,44,12,32,66,44,34,76,110
155089,7,999,1,52,120,110,250,172,360,162,370,532
155098,7,999,1,30,39,18,54,69,72,48,93,141
155104,7,999,1,25,61,55,140,86,195,80,201,281
155140,7,999,1,38,49,11,21,87,32,49,70,119
155177,7,999,1,2,27,4,10,29,14,6,37,43
155195,7,999,1,99,168,311,637,267,948,410,805,1215
155210,7,999,1,368,431,1289,1953,799,3242,1657,2384,4041
155292,7,999,1,137,194,400,678,331,1078,537,872,1409
155317,7,999,1,1956,2159,984,1441,4115,2425,2940,3600,6540
155399,7,999,1,945,1085,937,1668,2030,2605,1882,2753,4635
155414,7,999,1,18,10,18,11,28,29,36,21,57
155423,7,999,1,71,58,14,40,129,54,85,98,183
155487,7,999,1,20,43,10,23,63,33,30,66,96
155511,7,999,1,24,6,6,3,30,9,30,9,39
155566,7,999,1,10,42,33,168,52,201,43,210,253
155618,7,999,1,11,9,38,34,20,72,49,43,92
155715,7,999,1,13,11,34,146,24,180,47,157,204
155812,7,999,1,79,77,61,114,156,175,140,191,331
155858,7,999,1,26,54,58,201,80,259,84,255,339
155900,7,999,1,44,26,308,147,70,455,352,173,525
155973,7,999,1,4,0,10,19,4,29,14,19,33
156082,7,999,1,260,511,167,428,771,595,427,939,1366
156107,7,999,1,299,191,265,431,490,696,564,622,1186
156125,7,999,1,874,1192,1184,1877,2066,3061,2058,3069,5127
156189,7,999,1,5,2,1,1,7,2,6,3,9
156213,7,999,1,23,53,139,225,76,364,162,278,440
156231,7,999,1,110,229,113,280,339,393,223,509,732
156286,7,999,1,90,119,108,227,209,335,198,346,544
156295,7,999,1,23,15,5,5,38,10,28,20,48
156338,7,999,1,148,207,217,443,355,660,365,650,1015
156356,7,999,1,16,95,19,41,111,60,35,136,171
156392,7,999,1,405,582,731,1329,987,2060,1136,1911,3047
156408,7,999,1,2,0,0,1,2,1,2,1,3
156426,7,999,1,5,42,3,28,47,31,8,70,78
156541,7,999,1,1097,2562,5458,4688,3659,10146,6555,7250,13805
156620,7,999,1,628,1005,918,1529,1633,2447,1546,2534,4080
156648,7,999,1,201,330,506,639,531,1145,707,969,1676
156745,7,999,1,3,5,61,226,8,287,64,231,295
156790,7,999,1,63,169,256,258,232,514,319,427,746
156842,7,999,1,2,28,1,17,30,18,3,45,48
156851,7,999,1,22,67,55,232,89,287,77,299,376
156860,7,999,1,95,173,158,356,268,514,253,529,782
156921,7,999,1,334,401,955,1401,735,2356,1289,1802,3091
157030,7,999,1,4,4,9,4,8,13,13,8,21
157058,7,999,1,50,67,36,52,117,88,86,119,205
157076,7,999,1,17,39,9,5,56,14,26,44,70
157085,7,999,1,1973,2684,817,1731,4657,2548,2790,4415,7205
157216,7,999,1,456,403,91,275,859,366,547,678,1225
157289,7,999,1,1733,1965,1353,1587,3698,2940,3086,3552,6638
157304,7,999,1,86,209,617,458,295,1075,703,667,1370
157331,7,999,1,100,200,111,417,300,528,211,617,828
157386,7,999,1,138,266,234,450,404,684,372,716,1088
157401,7,999,1,224,434,534,811,658,1345,758,1245,2003
157438,7,999,1,158,179,354,524,337,878,512,703,1215
157447,7,999,1,520,1045,1316,3417,1565,4733,1836,4462,6298
157483,7,999,1,118,277,665,611,395,1276,783,888,1671
157535,7,999,1,270,344,10,15,614,25,280,359,639
157553,7,999,1,123,209,105,212,332,317,228,421,649
157614,7,999,1,2,20,0,15,22,15,2,35,37
157650,7,999,1,2,20,0,20,22,20,2,40,42
157669,7,999,1,0,29,0,0,29,0,0,29,29
157678,7,999,1,0,29,0,0,29,0,0,29,29
157711,7,999,1,252,413,266,677,665,943,518,1090,1608
157739,7,999,1,91,201,149,290,292,439,240,491,731
157757,7,999,1,99,368,55,242,467,297,154,610,764
157951,7,999,1,361,600,675,1150,961,1825,1036,1750,2786
158662,7,999,1,478,1137,1192,3694,1615,4886,1670,4831,6501
158802,7,999,1,13,52,4,19,65,23,17,71,88
158884,7,999,1,63,173,115,423,236,538,178,596,774
159197,7,999,1,160,44,0,0,204,0,160,44,204
159382,7,999,1,179,593,238,759,772,997,417,1352,1769
159391,7,999,1,1693,1887,920,1205,3580,2125,2613,3092,5705
159407,7,999,1,46,177,82,415,223,497,128,592,720
159647,7,999,1,273,223,178,213,496,391,451,436,887
159656,7,999,1,173,257,124,347,430,471,297,604,901
159717,7,999,1,163,384,116,435,547,551,279,819,1098
159939,7,999,1,508,511,498,630,1019,1128,1006,1141,2147
159966,7,999,1,134,338,129,406,472,535,263,744,1007
159993,7,999,1,220,540,234,1036,760,1270,454,1576,2030
160010,7,999,1,56,15,83,163,71,246,139,178,317
160472,7,999,1,3,23,1,11,26,12,4,34,38
160579,7,999,1,143,257,156,346,400,502,299,603,902
160612,7,999,1,248,440,224,680,688,904,472,1120,1592
160621,7,999,1,371,632,298,569,1003,867,669,1201,1870
160630,7,999,1,109,458,68,198,567,266,177,656,833
160649,7,999,1,104,468,62,446,572,508,166,914,1080
160658,7,999,1,663,731,672,1168,1394,1840,1335,1899,3234
160667,7,999,1,141,207,91,140,348,231,232,347,579
160755,7,999,1,813,1125,774,1301,1938,2075,1587,2426,4013
160904,7,999,1,93,255,16,33,348,49,109,288,397
160977,7,999,1,5,0,0,0,5,0,5,0,5
161004,7,999,1,4,3,2,1,7,3,6,4,10
161077,7,999,1,62,133,144,440,195,584,206,573,779
161138,7,999,1,61,101,156,278,162,434,217,379,596
161192,7,999,1,46,83,138,393,129,531,184,476,660
161208,7,999,1,20,2,0,0,22,0,20,2,22
161217,7,999,1,166,391,487,1071,557,1558,653,1462,2115
161226,7,999,1,19,46,53,238,65,291,72,284,356
161235,7,999,1,27,80,45,230,107,275,72,310,382
161253,7,999,1,341,437,849,1221,778,2070,1190,1658,2848
161299,7,999,1,36,2,11,4,38,15,47,6,53
161341,7,999,1,96,185,123,272,281,395,219,457,676
161457,7,999,1,545,1203,325,820,1748,1145,870,2023,2893
161484,7,999,1,30,37,47,120,67,167,77,157,234
161493,7,999,1,0,22,2,14,22,16,2,36,38
161509,7,999,1,15,40,3,5,55,8,18,45,63
161545,7,999,1,133,201,495,862,334,1357,628,1063,1691
161554,7,999,1,334,591,530,1315,925,1845,864,1906,2770
161572,7,999,1,525,1754,74,258,2279,332,599,2012,2611
161581,7,999,1,17,31,40,149,48,189,57,180,237
161688,7,999,1,33,104,97,526,137,623,130,630,760
161767,7,999,1,193,244,787,2099,437,2886,980,2343,3323
161864,7,999,1,66,202,319,1293,268,1612,385,1495,1880
161873,7,999,1,365,584,481,877,949,1358,846,1461,2307
162104,7,999,1,21,39,93,275,60,368,114,314,428
162122,7,999,1,94,192,277,784,286,1061,371,976,1347
162168,7,999,1,7,23,72,277,30,349,79,300,379
162210,7,999,1,36,108,27,82,144,109,63,190,253
162283,7,999,1,63,276,84,356,339,440,147,632,779
162584,7,999,1,126,154,204,533,280,737,330,687,1017
162654,7,999,1,19,32,105,524,51,629,124,556,680
162690,7,999,1,72,102,187,632,174,819,259,734,993
162706,7,999,1,54,111,244,696,165,940,298,807,1105
162830,7,999,1,1,24,0,0,25,0,1,24,25
163028,7,999,1,152,23,113,14,175,127,265,37,302
163204,7,999,1,3711,3227,19181,15845,6938,35026,22892,19072,41964
163259,7,999,1,900,2044,406,1373,2944,1779,1306,3417,4723
163268,7,999,1,859,801,768,820,1660,1588,1627,1621,3248
163286,7,999,1,3466,2973,1266,1314,6439,2580,4732,4287,9019
163295,7,999,1,69,129,86,242,198,328,155,371,526
163338,7,999,1,133,192,122,200,325,322,255,392,647
163453,7,999,1,628,802,236,338,1430,574,864,1140,2004
163462,7,999,1,145,39,88,187,184,275,233,226,459
163578,7,999,1,67,305,161,720,372,881,228,1025,1253
163851,7,999,1,144,398,104,269,542,373,248,667,915
163912,7,999,1,22,20,5,4,42,9,27,24,51
163976,7,999,1,41,12,26,8,53,34,67,20,87
164076,7,999,1,598,793,685,1763,1391,2448,1283,2556,3839
164085,7,999,1,11,63,43,548,74,591,54,611,665
164155,7,999,1,31,5,0,0,36,0,31,5,36
164216,7,999,1,4,5,2,2,9,4,6,7,13
164270,7,999,1,143,351,115,464,494,579,258,815,1073
164313,7,999,1,43,43,133,584,86,717,176,627,803
164465,7,999,1,24,3,0,0,27,0,24,3,27
164492,7,999,1,78,62,310,70,140,380,388,132,520
164599,7,999,1,0,0,4,18,0,22,4,18,22
164632,7,999,1,39,548,65,975,587,1040,104,1523,1627
164739,7,999,1,79,83,189,230,162,419,268,313,581
164775,7,999,1,19,63,87,354,82,441,106,417,523
164845,7,999,1,1,19,0,8,20,8,1,27,28
164872,7,999,1,189,248,36,58,437,94,225,306,531
164915,7,999,1,19,32,29,68,51,97,48,100,148
164988,7,999,1,2891,3365,2701,3083,6256,5784,5592,6448,12040
165015,7,999,1,440,530,131,185,970,316,571,715,1286
165024,7,999,1,270,484,457,1001,754,1458,727,1485,2212
165033,7,999,1,106,330,403,1233,436,1636,509,1563,2072
165112,7,999,1,263,338,886,1840,601,2726,1149,2178,3327
165167,7,999,1,110,319,300,1163,429,1463,410,1482,1892
165194,7,999,1,41,82,193,617,123,810,234,699,933
165264,7,999,1,4,76,61,713,80,774,65,789,854
165334,7,999,1,303,287,79,98,590,177,382,385,767
165556,7,999,1,6,52,4,19,58,23,10,71,81
165662,7,999,1,142,687,52,383,829,435,194,1070,1264
165671,7,999,1,2,2,18,77,4,95,20,79,99
165820,7,999,1,253,351,919,2168,604,3087,1172,2519,3691
165866,7,999,1,123,147,303,847,270,1150,426,994,1420
165936,7,999,1,27,67,79,147,94,226,106,214,320
165945,7,999,1,138,87,606,342,225,948,744,429,1173
165981,7,999,1,30,75,129,339,105,468,159,414,573
166018,7,999,1,6,12,0,0,18,0,6,12,18
166027,7,999,1,5520,5992,3848,4635,11512,8483,9368,10627,19995
166133,7,999,1,76,168,239,741,244,980,315,909,1224
166391,7,999,1,16,27,99,121,43,220,115,148,263
166513,7,999,1,1032,746,2225,1979,1778,4204,3257,2725,5982
166629,7,999,1,974,1095,2506,2842,2069,5348,3480,3937,7417
166647,7,999,1,76,132,319,777,208,1096,395,909,1304
166674,7,999,1,48,114,43,98,162,141,91,212,303
166683,7,999,1,2985,1848,119,46,4833,165,3104,1894,4998
166708,7,999,1,351,605,18,73,956,91,369,678,1047
166717,7,999,1,77,297,79,230,374,309,156,527,683
166823,7,999,1,117,144,329,1036,261,1365,446,1180,1626
166850,7,999,1,151,307,105,257,458,362,256,564,820
166887,7,999,1,108,190,457,1180,298,1637,565,1370,1935
166911,7,999,1,3,4,2,2,7,4,5,6,11
166939,7,999,1,2,61,19,164,63,183,21,225,246
166957,7,999,1,51,119,209,746,170,955,260,865,1125
167093,7,999,1,87,225,0,0,312,0,87,225,312
167288,7,999,1,43,51,34,70,94,104,77,121,198
167312,7,999,1,136,172,357,1089,308,1446,493,1261,1754
167358,7,999,1,3200,2928,449,495,6128,944,3649,3423,7072
167376,7,999,1,55,104,240,841,159,1081,295,945,1240
167394,7,999,1,42,190,47,236,232,283,89,426,515
167534,7,999,1,145,389,454,1386,534,1840,599,1775,2374
167598,7,999,1,46,322,176,1545,368,1721,222,1867,2089
167729,7,999,1,224,569,345,916,793,1261,569,1485,2054
167783,7,999,1,133,909,244,2039,1042,2283,377,2948,3325
167835,7,999,1,37,257,8,27,294,35,45,284,329
167871,7,999,1,3,38,7,15,41,22,10,53,63
167905,7,999,1,135,232,336,778,367,1114,471,1010,1481
167987,7,999,1,407,420,566,872,827,1438,973,1292,2265
168005,7,999,1,334,465,313,506,799,819,647,971,1618
168148,7,999,1,1392,2182,478,592,3574,1070,1870,2774,4644
168227,7,999,1,103,25,95,23,128,118,198,48,246
168254,7,999,1,165,191,127,185,356,312,292,376,668
168342,7,999,1,30,26,0,1,56,1,30,27,57
168421,7,999,1,313,154,637,274,467,911,950,428,1378
168430,7,999,1,87,171,257,691,258,948,344,862,1206
168528,7,999,1,17,10,5,6,27,11,22,16,38
168546,7,999,1,7,4,2,3,11,5,9,7,16
168591,7,999,1,11,15,2,0,26,2,13,15,28
168607,7,999,1,25,38,68,107,63,175,93,145,238
168740,7,999,1,364,138,634,397,502,1031,998,535,1533
168786,7,999,1,17,26,21,69,43,90,38,95,133
168847,7,999,1,170,469,374,1133,639,1507,544,1602,2146
168892,7,999,1,1,20,1,25,21,26,2,45,47
169099,7,999,1,92,26,65,38,118,103,157,64,221
169248,7,999,1,778,889,914,1753,1667,2667,1692,2642,4334
169275,7,999,1,139,279,463,1259,418,1722,602,1538,2140
169284,7,999,1,1,63,7,20,64,27,8,83,91
169424,7,999,1,35,67,0,0,102,0,35,67,102
169442,7,999,1,70,59,29,45,129,74,99,104,203
169503,7,999,1,3,85,0,0,88,0,3,85,88
169521,7,999,1,163,327,706,1401,490,2107,869,1728,2597
169576,7,999,1,2,91,0,0,93,0,2,91,93
169655,7,999,1,470,40,0,0,510,0,470,40,510
169716,7,999,1,406,596,180,316,1002,496,586,912,1498
169798,7,999,1,486,694,1074,2006,1180,3080,1560,2700,4260
169910,7,999,1,313,430,579,793,743,1372,892,1223,2115
169992,7,999,1,28,48,23,91,76,114,51,139,190
170000,7,999,1,115,209,84,133,324,217,199,342,541
170055,7,999,1,195,218,1358,1817,413,3175,1553,2035,3588
170082,7,999,1,574,699,652,1167,1273,1819,1226,1866,3092
170240,7,999,1,237,452,869,1385,689,2254,1106,1837,2943
170286,7,999,1,54,8,24,17,62,41,78,25,103
170550,7,999,1,48,123,231,826,171,1057,279,949,1228
170587,7,999,1,55,116,121,233,171,354,176,349,525
170639,7,999,1,56,47,28,49,103,77,84,96,180
170657,7,999,1,196,279,966,1482,475,2448,1162,1761,2923
170675,7,999,1,73,47,349,158,120,507,422,205,627
170790,7,999,1,287,548,1728,2738,835,4466,2015,3286,5301
170806,7,999,1,49,204,100,333,253,433,149,537,686
170976,7,999,1,4677,4970,1207,839,9647,2046,5884,5809,11693
171100,7,999,1,2831,3060,922,1469,5891,2391,3753,4529,8282
171137,7,999,1,381,324,1052,702,705,1754,1433,1026,2459
171146,7,999,1,338,734,461,1000,1072,1461,799,1734,2533
171155,7,999,1,74,126,141,346,200,487,215,472,687
171225,7,999,1,38,59,208,390,97,598,246,449,695
171304,7,999,1,41,68,308,587,109,895,349,655,1004
171456,7,999,1,208,214,240,496,422,736,448,710,1158
171483,7,999,1,110,95,254,440,205,694,364,535,899
171492,7,999,1,100,98,382,300,198,682,482,398,880
171571,7,999,1,913,1324,995,1179,2237,2174,1908,2503,4411
172200,7,999,1,140,177,676,1595,317,2271,816,1772,2588
172291,7,999,1,61,186,166,385,247,551,227,571,798
172307,7,999,1,31,68,80,248,99,328,111,316,427
172334,7,999,1,141,986,43,231,1127,274,184,1217,1401
172422,7,999,1,7,0,0,0,7,0,7,0,7
172617,7,999,1,311,349,1392,2088,660,3480,1703,2437,4140
172644,7,999,1,1606,2235,1539,2336,3841,3875,3145,4571,7716
172680,7,999,1,1,10,0,13,11,13,1,23,24
172699,7,999,1,629,723,976,1273,1352,2249,1605,1996,3601
173045,7,999,1,209,335,89,234,544,323,298,569,867
173142,7,999,1,19,15,5,8,34,13,24,23,47
173160,7,999,1,68,207,306,492,275,798,374,699,1073
173258,7,999,1,1,0,3,3,1,6,4,3,7
173300,7,999,1,9,6,20,42,15,62,29,48,77
173452,7,999,1,14,1,91,134,15,225,105,135,240
173647,7,999,1,4,4,3,0,8,3,7,4,11
173665,7,999,1,33,56,216,564,89,780,249,620,869
173683,7,999,1,21,34,22,53,55,75,43,87,130
173896,7,999,1,135,199,29,26,334,55,164,225,389
174066,7,999,1,3091,3816,3331,3676,6907,7007,6422,7492,13914
174075,7,999,1,102,127,186,258,229,444,288,385,673
174127,7,999,1,30,35,16,59,65,75,46,94,140
174233,7,999,1,212,217,165,145,429,310,377,362,739
174251,7,999,1,9,11,3,13,20,16,12,24,36
174491,7,999,1,16,30,67,87,46,154,83,117,200
174507,7,999,1,191,225,47,133,416,180,238,358,596
174747,7,999,1,1,20,0,10,21,10,1,30,31
174792,7,999,1,32,16,46,21,48,67,78,37,115
174899,7,999,1,183,637,137,452,820,589,320,1089,1409
174914,7,999,1,357,354,891,1002,711,1893,1248,1356,2604
174978,7,999,1,0,35,0,25,35,25,0,60,60
175005,7,999,1,62,436,109,931,498,1040,171,1367,1538
175014,7,999,1,211,945,180,840,1156,1020,391,1785,2176
175120,7,999,1,176,97,0,0,273,0,176,97,273
175227,7,999,1,163,33,87,24,196,111,250,57,307
175421,7,999,1,93,202,560,1619,295,2179,653,1821,2474
175430,7,999,1,18,36,5,15,54,20,23,51,74
175573,7,999,1,36,149,28,120,185,148,64,269,333
175616,7,999,1,83,225,138,389,308,527,221,614,835
175652,7,999,1,89,216,55,207,305,262,144,423,567
175786,7,999,1,268,698,231,773,966,1004,499,1471,1970
175810,7,999,1,110,596,109,454,706,563,219,1050,1269
175829,7,999,1,87,184,95,279,271,374,182,463,645
175856,7,999,1,342,972,339,1060,1314,1399,681,2032,2713
175883,7,999,1,85,248,66,196,333,262,151,444,595
175935,7,999,1,87,399,46,243,486,289,133,642,775
175980,7,999,1,0,3,5,4,3,9,5,7,12
176008,7,999,1,29,141,39,92,170,131,68,233,301
176017,7,999,1,983,1220,484,1022,2203,1506,1467,2242,3709
176035,7,999,1,60,357,44,161,417,205,104,518,622
176044,7,999,1,49,149,69,124,198,193,118,273,391
176053,7,999,1,271,489,114,359,760,473,385,848,1233
176080,7,999,1,798,1012,1243,1320,1810,2563,2041,2332,4373
176178,7,999,1,76,318,93,299,394,392,169,617,786
176239,7,999,1,112,585,62,295,697,357,174,880,1054
176318,7,999,1,39,57,5,19,96,24,44,76,120
176372,7,999,1,728,1212,871,1612,1940,2483,1599,2824,4423
176433,7,999,1,1,19,0,5,20,5,1,24,25
176451,7,999,1,27,5,78,41,32,119,105,46,151
176479,7,999,1,607,1299,190,773,1906,963,797,2072,2869
176600,7,999,1,41,12,10,20,53,30,51,32,83
176628,7,999,1,73,210,28,92,283,120,101,302,403
176947,7,999,1,14,22,0,2,36,2,14,24,38
176965,7,999,1,706,591,876,1325,1297,2201,1582,1916,3498
176983,7,999,1,11,8,1,0,19,1,12,8,20
177038,7,999,1,150,157,15,14,307,29,165,171,336
177126,7,999,1,100,56,238,152,156,390,338,208,546
177135,7,999,1,107,146,136,361,253,497,243,507,750
177144,7,999,1,18,32,4,5,50,9,22,37,59
177214,7,999,1,22,24,48,123,46,171,70,147,217
177250,7,999,1,54,65,106,226,119,332,160,291,451
177302,7,999,1,247,18,0,0,265,0,247,18,265
177418,7,999,1,23,59,39,105,82,144,62,164,226
177472,7,999,1,278,487,598,1100,765,1698,876,1587,2463
177676,7,999,1,73,118,113,360,191,473,186,478,664
177685,7,999,1,5,28,0,0,33,0,5,28,33
177940,7,999,1,61,71,40,75,132,115,101,146,247
177977,7,999,1,48,14,42,10,62,52,90,24,114
177986,7,999,1,315,270,146,334,585,480,461,604,1065
177995,7,999,1,306,412,899,1806,718,2705,1205,2218,3423
178059,7,999,1,257,552,1065,3929,809,4994,1322,4481,5803
178217,7,999,1,45,129,51,141,174,192,96,270,366
178341,7,999,1,147,262,163,298,409,461,310,560,870
178369,7,999,1,26,35,18,31,61,49,44,66,110
178387,7,999,1,83,140,84,188,223,272,167,328,495
178396,7,999,1,1320,1514,1229,2167,2834,3396,2549,3681,6230
178402,7,999,1,997,991,922,1308,1988,2230,1919,2299,4218
178411,7,999,1,634,158,438,129,792,567,1072,287,1359
178420,7,999,1,628,873,1026,1638,1501,2664,1654,2511,4165
178448,7,999,1,71,138,130,346,209,476,201,484,685
178615,7,999,1,25,43,79,153,68,232,104,196,300
178624,7,999,1,297,461,654,1400,758,2054,951,1861,2812
178679,7,999,1,26,7,70,36,33,106,96,43,139
178697,7,999,1,7,8,3,0,15,3,10,8,18
178721,7,999,1,754,750,2106,1484,1504,3590,2860,2234,5094
178891,7,999,1,214,36,222,30,250,252,436,66,502
178989,7,999,1,17,92,10,84,109,94,27,176,203
179043,7,999,1,72,218,184,327,290,511,256,545,801
179308,7,999,1,276,631,981,3036,907,4017,1257,3667,4924
179326,7,999,1,76,140,97,337,216,434,173,477,650
179344,7,999,1,34,89,44,98,123,142,78,187,265
179539,7,999,1,55,179,104,249,234,353,159,428,587
179557,7,999,1,405,479,286,606,884,892,691,1085,1776
179566,7,999,1,691,1021,1024,1684,1712,2708,1715,2705,4420
179645,7,999,1,76,284,48,249,360,297,124,533,657
179715,7,999,1,15,113,30,183,128,213,45,296,341
179812,7,999,1,499,467,3,8,966,11,502,475,977
179867,7,999,1,1840,1798,750,1029,3638,1779,2590,2827,5417
179894,7,999,1,604,547,1262,1742,1151,3004,1866,2289,4155
179946,7,999,1,8,3,1,1,11,2,9,4,13
180081,7,999,1,27,15,7,14,42,21,34,29,63
180106,7,999,1,30,52,5,13,82,18,35,65,100
180151,7,999,1,7,12,10,41,19,51,17,53,70
180179,7,999,1,251,464,207,602,715,809,458,1066,1524
180197,7,999,1,79,77,130,291,156,421,209,368,577
180249,7,999,1,46,135,49,168,181,217,95,303,398
180258,7,999,1,62,181,78,257,243,335,140,438,578
180276,7,999,1,46,55,55,132,101,187,101,187,288
180416,7,999,1,131,75,96,63,206,159,227,138,365
180461,7,999,1,567,611,688,891,1178,1579,1255,1502,2757
180522,7,999,1,40,69,91,91,109,182,131,160,291
180595,7,999,1,77,116,4,7,193,11,81,123,204
180647,7,999,1,74,205,23,81,279,104,97,286,383
180692,7,999,1,28,103,33,200,131,233,61,303,364
180814,7,999,1,2913,4079,1770,2409,6992,4179,4683,6488,11171
180902,7,999,1,95,137,323,861,232,1184,418,998,1416
180948,7,999,1,69,179,139,342,248,481,208,521,729
181002,7,999,1,739,909,381,638,1648,1019,1120,1547,2667
181020,7,999,1,114,237,114,427,351,541,228,664,892
181127,7,999,1,9,11,1,1,20,2,10,12,22
181145,7,999,1,0,8,0,0,8,0,0,8,8
181190,7,999,1,3,27,0,0,30,0,3,27,30
181215,7,999,1,123,306,470,1146,429,1616,593,1452,2045
181297,7,999,1,60,368,12,129,428,141,72,497,569
181303,7,999,1,345,411,1278,1523,756,2801,1623,1934,3557
181312,7,999,1,29,44,72,216,73,288,101,260,361
181330,7,999,1,24,63,43,165,87,208,67,228,295
181394,7,999,1,739,948,1252,1456,1687,2708,1991,2404,4395
181428,7,999,1,520,920,197,497,1440,694,717,1417,2134
181446,7,999,1,23,59,27,117,82,144,50,176,226
181464,7,999,1,1142,865,1034,1062,2007,2096,2176,1927,4103
181491,7,999,1,33,100,916,341,133,1257,949,441,1390
181604,7,999,1,24,196,11,72,220,83,35,268,303
181640,7,999,1,209,270,581,879,479,1460,790,1149,1939
181738,7,999,1,28,60,8,42,88,50,36,102,138
181783,7,999,1,95,170,251,550,265,801,346,720,1066
181817,7,999,1,36,71,54,163,107,217,90,234,324
182005,7,999,1,838,1128,3288,4611,1966,7899,4126,5739,9865
182281,7,999,1,2137,2693,1917,2574,4830,4491,4054,5267,9321
182290,7,999,1,854,1036,1164,1604,1890,2768,2018,2640,4658
182306,7,999,1,82,205,279,623,287,902,361,828,1189
182500,7,999,1,271,281,1242,1271,552,2513,1513,1552,3065
182564,7,999,1,86,87,497,537,173,1034,583,624,1207
182670,7,999,1,851,826,15,17,1677,32,866,843,1709
182704,7,999,1,0,15,1,3,15,4,1,18,19
182722,7,999,1,9,50,0,22,59,22,9,72,81
182829,7,999,1,143,99,131,85,242,216,274,184,458
182892,7,999,1,0,2,0,7,2,7,0,9,9
182980,7,999,1,955,485,61,72,1440,133,1016,557,1573
183026,7,999,1,10005,17092,33598,63821,27097,97419,43603,80913,124516
183044,7,999,1,481,514,394,518,995,912,875,1032,1907
183062,7,999,1,45,27,64,70,72,134,109,97,206
183071,7,999,1,39,45,40,26,84,66,79,71,150
183080,7,999,1,60,76,88,253,136,341,148,329,477
183202,7,999,1,0,11,1,8,11,9,1,19,20
183239,7,999,1,2,3,1,1,5,2,3,4,7
183257,7,999,1,114,310,198,495,424,693,312,805,1117
183275,7,999,1,2,3,0,0,5,0,2,3,5
183488,7,999,1,26,167,4,86,193,90,30,253,283
183655,7,999,1,87,203,300,836,290,1136,387,1039,1426
183743,7,999,1,320,579,662,1309,899,1971,982,1888,2870
183789,7,999,1,117,475,102,491,592,593,219,966,1185
183822,7,999,1,34,73,16,27,107,43,50,100,150
183859,7,999,1,130,202,495,1059,332,1554,625,1261,1886
183910,7,999,1,23,94,60,233,117,293,83,327,410
183938,7,999,1,224,401,681,1759,625,2440,905,2160,3065
184056,7,999,1,27,107,9,73,134,82,36,180,216
184180,7,999,1,101,117,381,612,218,993,482,729,1211
184205,7,999,1,87,165,215,572,252,787,302,737,1039
184427,7,999,1,26,1,16,1,27,17,42,2,44
184481,7,999,1,204,519,423,1069,723,1492,627,1588,2215
184506,7,999,1,1,13,3,11,14,14,4,24,28
184603,7,999,1,208,266,456,1125,474,1581,664,1391,2055
184612,7,999,1,72,277,91,279,349,370,163,556,719
184694,7,999,1,74,219,67,102,293,169,141,321,462
184773,7,999,1,44,187,72,297,231,369,116,484,600
184782,7,999,1,977,1088,784,1604,2065,2388,1761,2692,4453
184791,7,999,1,74,221,190,499,295,689,264,720,984
184816,7,999,1,0,22,0,21,22,21,0,43,43
184959,7,999,1,36,151,41,231,187,272,77,382,459
184995,7,999,1,297,702,441,1072,999,1513,738,1774,2512
185262,7,999,1,577,1188,511,1365,1765,1876,1088,2553,3641
185396,7,999,1,126,6,84,5,132,89,210,11,221
185509,7,999,1,105,146,505,930,251,1435,610,1076,1686
185536,7,999,1,147,285,512,1048,432,1560,659,1333,1992
185572,7,999,1,80,177,119,416,257,535,199,593,792
185590,7,999,1,635,1106,998,2032,1741,3030,1633,3138,4771
185721,7,999,1,28,80,27,74,108,101,55,154,209
185758,7,999,1,8,12,53,56,20,109,61,68,129
185828,7,999,1,1244,503,938,381,1747,1319,2182,884,3066
185873,7,999,1,119,190,326,771,309,1097,445,961,1406
186016,7,999,1,6,74,6,105,80,111,12,179,191
186034,7,999,1,100,206,328,1043,306,1371,428,1249,1677
186131,7,999,1,1401,1010,2,7,2411,9,1403,1017,2420
186201,7,999,1,154,229,139,314,383,453,293,543,836
186283,7,999,1,74,146,206,404,220,610,280,550,830
186371,7,999,1,459,724,468,766,1183,1234,927,1490,2417
186380,7,999,1,2664,3517,1821,3882,6181,5703,4485,7399,11884
186399,7,999,1,929,1045,1017,1124,1974,2141,1946,2169,4115
186405,7,999,1,5,4,0,0,9,0,5,4,9
186432,7,999,1,423,325,137,262,748,399,560,587,1147
186469,7,999,1,28,74,41,204,102,245,69,278,347
186584,7,999,1,362,439,664,1105,801,1769,1026,1544,2570
186618,7,999,1,36,136,65,175,172,240,101,311,412
186645,7,999,1,97,96,605,656,193,1261,702,752,1454
186867,7,999,1,1267,482,879,342,1749,1221,2146,824,2970
186876,7,999,1,352,587,178,433,939,611,530,1020,1550
187046,7,999,1,16,54,4292,3022,70,7314,4308,3076,7384
187134,7,999,1,78,101,90,246,179,336,168,347,515
187198,7,999,1,171,392,494,1775,563,2269,665,2167,2832
187444,7,999,1,360,858,676,2033,1218,2709,1036,2891,3927
187532,7,999,1,604,737,2276,4614,1341,6890,2880,5351,8231
187620,7,999,1,213,316,414,870,529,1284,627,1186,1813
187639,7,999,1,45,134,184,563,179,747,229,697,926
187648,7,999,1,209,590,515,1080,799,1595,724,1670,2394
187897,7,999,1,200,592,188,668,792,856,388,1260,1648
187958,7,999,1,53,91,117,348,144,465,170,439,609
187967,7,999,1,163,75,124,145,238,269,287,220,507
187976,7,999,1,7,9,143,162,16,305,150,171,321
187985,7,999,1,1425,1957,1760,2491,3382,4251,3185,4448,7633
187994,7,999,1,28,55,96,216,83,312,124,271,395
188003,7,999,1,8,35,65,221,43,286,73,256,329
188021,7,999,1,19,55,47,187,74,234,66,242,308
188030,7,999,1,873,1145,878,1320,2018,2198,1751,2465,4216
188049,7,999,1,12,18,119,251,30,370,131,269,400
188100,7,999,1,232,363,427,1450,595,1877,659,1813,2472
188137,7,999,1,85,126,470,968,211,1438,555,1094,1649
188207,7,999,1,11,99,5,57,110,62,16,156,172
188225,7,999,1,25,26,87,197,51,284,112,223,335
188261,7,999,1,26,21,273,57,47,330,299,78,377
188340,7,999,1,195,20,96,11,215,107,291,31,322
188429,7,999,1,212,518,236,718,730,954,448,1236,1684
188438,7,999,1,70,78,76,232,148,308,146,310,456
188517,7,999,1,18,47,6,25,65,31,24,72,96
188641,7,999,1,63,99,63,179,162,242,126,278,404
188854,7,999,1,26,35,0,0,61,0,26,35,61
189219,7,999,1,87,1,0,0,88,0,87,1,88
189228,7,999,1,207,363,121,333,570,454,328,696,1024
189282,7,999,1,29,132,4,26,161,30,33,158,191
189547,7,999,1,132,262,154,403,394,557,286,665,951
189565,7,999,1,37,127,11,54,164,65,48,181,229
189583,7,999,1,46,179,33,123,225,156,79,302,381
189592,7,999,1,24,129,4,35,153,39,28,164,192
189705,7,999,1,82,105,113,168,187,281,195,273,468
189839,7,999,1,32,120,163,226,152,389,195,346,541
190044,7,999,1,204,171,179,158,375,337,383,329,712
190053,7,999,1,17,32,29,87,49,116,46,119,165
190071,7,999,1,4,18,7,74,22,81,11,92,103
190099,7,999,1,1,4,3,1,5,4,4,5,9
190169,7,999,1,45,47,100,209,92,309,145,256,401
190239,7,999,1,2,32,0,19,34,19,2,51,53
190372,7,999,1,19,13,3,0,32,3,22,13,35
190415,7,999,1,3117,2753,368,308,5870,676,3485,3061,6546
190424,7,999,1,394,492,15,24,886,39,409,516,925
190442,7,999,1,35,91,87,194,126,281,122,285,407
190503,7,999,1,310,208,53,33,518,86,363,241,604
190761,7,999,1,52,219,29,131,271,160,81,350,431
190840,7,999,1,88,129,159,434,217,593,247,563,810
191083,7,999,1,441,566,382,633,1007,1015,823,1199,2022
191126,7,999,1,152,469,86,351,621,437,238,820,1058
191199,7,999,1,173,283,218,419,456,637,391,702,1093
191205,7,999,1,23,11,25,15,34,40,48,26,74
191241,7,999,1,1006,1398,745,1724,2404,2469,1751,3122,4873
191302,7,999,1,31,60,36,117,91,153,67,177,244
191311,7,999,1,24,54,0,0,78,0,24,54,78
191339,7,999,1,67,197,145,374,264,519,212,571,783
191515,7,999,1,0,0,0,1,0,1,0,1,1
191533,7,999,1,5,12,1,7,17,8,6,19,25
191597,7,999,1,47,263,15,144,310,159,62,407,469
191612,7,999,1,63,172,94,117,235,211,157,289,446
191649,7,999,1,670,812,319,650,1482,969,989,1462,2451
191676,7,999,1,6,26,11,21,32,32,17,47,64
191719,7,999,1,301,341,427,759,642,1186,728,1100,1828
191940,7,999,1,14,116,0,0,130,0,14,116,130
191986,7,999,1,70,152,85,188,222,273,155,340,495
192022,7,999,1,122,168,72,188,290,260,194,356,550
192192,7,999,1,24,121,26,165,145,191,50,286,336
192271,7,999,1,18,120,6,75,138,81,24,195,219
192323,7,999,1,55,121,80,276,176,356,135,397,532
192448,7,999,1,502,1436,358,1570,1938,1928,860,3006,3866
192703,7,999,1,184,144,68,61,328,129,252,205,457
192712,7,999,1,138,158,3,8,296,11,141,166,307
192749,7,999,1,89,205,156,311,294,467,245,516,761
192785,7,999,1,19,107,44,381,126,425,63,488,551
192819,7,999,1,127,152,157,224,279,381,284,376,660
193016,7,999,1,405,1387,390,1209,1792,1599,795,2596,3391
193283,7,999,1,165,229,144,316,394,460,309,545,854
193292,7,999,1,80,213,250,1177,293,1427,330,1390,1720
193326,7,999,1,313,654,668,1301,967,1969,981,1955,2936
193380,7,999,1,0,0,10,68,0,78,10,68,78
193399,7,999,1,91,315,40,219,406,259,131,534,665
193478,7,999,1,276,544,634,1429,820,2063,910,1973,2883
193584,7,999,1,32,109,35,95,141,130,67,204,271
193654,7,999,1,679,1253,155,333,1932,488,834,1586,2420
193830,7,999,1,397,441,56,103,838,159,453,544,997
193858,7,999,1,8,65,0,0,73,0,8,65,73
193900,7,999,1,5078,6839,2766,3669,11917,6435,7844,10508,18352
193946,7,999,1,108,261,109,291,369,400,217,552,769
193973,7,999,1,251,396,138,195,647,333,389,591,980
193991,7,999,1,0,6,1,3,6,4,1,9,10
194028,7,999,1,111,114,47,94,225,141,158,208,366
194091,7,999,1,1054,1021,177,210,2075,387,1231,1231,2462
194116,7,999,1,20,129,20,232,149,252,40,361,401
194222,7,999,1,135,210,217,423,345,640,352,633,985
194240,7,999,1,69,167,174,573,236,747,243,740,983
194310,7,999,1,746,1042,656,1402,1788,2058,1402,2444,3846
194392,7,999,1,22,6,9,5,28,14,31,11,42
194578,7,999,1,272,653,36,119,925,155,308,772,1080
194824,7,999,1,407,184,23,7,591,30,430,191,621
195003,7,999,1,890,526,338,253,1416,591,1228,779,2007
195058,7,999,1,92,172,201,613,264,814,293,785,1078
195067,7,999,1,6,81,4,37,87,41,10,118,128
195128,7,999,1,61,218,93,458,279,551,154,676,830
195155,7,999,1,9,0,97,34,9,131,106,34,140
195164,7,999,1,37,82,141,242,119,383,178,324,502
195216,7,999,1,6,1,7,9,7,16,13,10,23
195234,7,999,1,122,262,205,546,384,751,327,808,1135
195243,7,999,1,21,22,23,35,43,58,44,57,101
195322,7,999,1,59,136,120,236,195,356,179,372,551
195474,7,999,1,18,17,30,30,35,60,48,47,95
195526,7,999,1,3,2,2,3,5,5,5,5,10
195544,7,999,1,132,269,140,577,401,717,272,846,1118
195702,7,999,1,1,14,4,36,15,40,5,50,55
195720,7,999,1,96,253,75,344,349,419,171,597,768
195988,7,999,1,16,66,80,130,82,210,96,196,292
196006,7,999,1,99,127,49,119,226,168,148,246,394
196015,7,999,1,158,382,108,245,540,353,266,627,893
196024,7,999,1,58,132,70,386,190,456,128,518,646
196033,7,999,1,62,46,20,23,108,43,82,69,151
196042,7,999,1,402,287,392,370,689,762,794,657,1451
196051,7,999,1,49,89,16,105,138,121,65,194,259
196060,7,999,1,615,731,805,1302,1346,2107,1420,2033,3453
196079,7,999,1,577,595,660,702,1172,1362,1237,1297,2534
196088,7,999,1,2062,2044,1715,1865,4106,3580,3777,3909,7686
196097,7,999,1,1939,1827,817,1785,3766,2602,2756,3612,6368
196103,7,999,1,101,97,97,109,198,206,198,206,404
196112,7,999,1,154,171,218,409,325,627,372,580,952
196121,7,999,1,207,358,303,668,565,971,510,1026,1536
196130,7,999,1,242,364,276,432,606,708,518,796,1314
196149,7,999,1,76,94,91,178,170,269,167,272,439
196158,7,999,1,53,56,39,81,109,120,92,137,229
196167,7,999,1,28,28,12,20,56,32,40,48,88
196176,7,999,1,188,247,156,291,435,447,344,538,882
196185,7,999,1,48,71,55,181,119,236,103,252,355
196194,7,999,1,177,224,284,413,401,697,461,637,1098
196200,7,999,1,92,124,31,82,216,113,123,206,329
196219,7,999,1,80,88,46,55,168,101,126,143,269
196246,7,999,1,113,222,143,289,335,432,256,511,767
196255,7,999,1,369,715,108,339,1084,447,477,1054,1531
196264,7,999,1,632,1777,1674,3209,2409,4883,2306,4986,7292
196291,7,999,1,73,14,62,11,87,73,135,25,160
196307,7,999,1,324,451,24,103,775,127,348,554,902
196413,7,999,1,1653,1575,911,1145,3228,2056,2564,2720,5284
196468,7,999,1,445,1413,289,826,1858,1115,734,2239,2973
196565,7,999,1,76,129,68,288,205,356,144,417,561
196653,7,999,1,32,166,53,409,198,462,85,575,660
196699,7,999,1,39,84,101,205,123,306,140,289,429
196884,7,999,1,59,84,26,31,143,57,85,115,200
197036,7,999,1,35,6,0,0,41,0,35,6,41
197045,7,999,1,102,271,308,816,373,1124,410,1087,1497
197285,7,999,1,55,241,13,40,296,53,68,281,349
197294,7,999,1,260,404,561,1193,664,1754,821,1597,2418
197337,7,999,1,0,32,0,3,32,3,0,35,35
197708,7,999,1,523,941,227,360,1464,587,750,1301,2051
197814,7,999,1,43,67,65,266,110,331,108,333,441
197850,7,999,1,13,73,83,365,86,448,96,438,534
197869,7,999,1,397,455,368,893,852,1261,765,1348,2113
197887,7,999,1,204,329,491,956,533,1447,695,1285,1980
197911,7,999,1,16,51,18,158,67,176,34,209,243
197966,7,999,1,26,106,81,329,132,410,107,435,542
197993,7,999,1,0,10,0,2,10,2,0,12,12
198066,7,999,1,15,7,4,1,22,5,19,8,27
198109,7,999,1,11,124,15,180,135,195,26,304,330
198118,7,999,1,73,148,141,443,221,584,214,591,805
198136,7,999,1,668,731,277,372,1399,649,945,1103,2048
198154,7,999,1,446,377,2996,2406,823,5402,3442,2783,6225
198206,7,999,1,59,102,56,235,161,291,115,337,452
198260,7,999,1,532,836,1050,2074,1368,3124,1582,2910,4492
198303,7,999,1,10,9,16,41,19,57,26,50,76
198330,7,999,1,203,311,205,427,514,632,408,738,1146
198367,7,999,1,101,126,150,413,227,563,251,539,790
198385,7,999,1,2,1,0,0,3,0,2,1,3
198455,7,999,1,85,123,422,984,208,1406,507,1107,1614
198464,7,999,1,1022,1515,1471,3227,2537,4698,2493,4742,7235
198507,7,999,1,97,168,60,192,265,252,157,360,517
198516,7,999,1,161,272,25,23,433,48,186,295,481
198534,7,999,1,617,1093,1066,1941,1710,3007,1683,3034,4717
198543,7,999,1,404,1134,501,1111,1538,1612,905,2245,3150
198552,7,999,1,264,421,550,1661,685,2211,814,2082,2896
198570,7,999,1,57,172,228,820,229,1048,285,992,1277
198598,7,999,1,25,49,33,96,74,129,58,145,203
198622,7,999,1,354,675,684,1531,1029,2215,1038,2206,3244
198668,7,999,1,41,93,46,267,134,313,87,360,447
198710,7,999,1,41,87,92,236,128,328,133,323,456
198756,7,999,1,41,117,7,27,158,34,48,144,192
198808,7,999,1,21,69,4,16,90,20,25,85,110
198817,7,999,1,39,99,112,312,138,424,151,411,562
198835,7,999,1,91,219,111,291,310,402,202,510,712
198862,7,999,1,42,21,1,4,63,5,43,25,68
198899,7,999,1,17,28,30,43,45,73,47,71,118
198905,7,999,1,4,51,17,62,55,79,21,113,134
198950,7,999,1,7,68,15,115,75,130,22,183,205
198969,7,999,1,135,187,62,111,322,173,197,298,495
198987,7,999,1,32,79,118,286,111,404,150,365,515
199087,7,999,1,34,84,128,360,118,488,162,444,606
199102,7,999,1,449,574,522,625,1023,1147,971,1199,2170
199111,7,999,1,142,148,86,127,290,213,228,275,503
199120,7,999,1,2761,3690,987,1211,6451,2198,3748,4901,8649
199139,7,999,1,1435,1376,1445,2273,2811,3718,2880,3649,6529
199148,7,999,1,832,1510,919,2203,2342,3122,1751,3713,5464
199157,7,999,1,361,830,237,773,1191,1010,598,1603,2201
199184,7,999,1,58,61,7,4,119,11,65,65,130
199193,7,999,1,2610,2270,1723,1701,4880,3424,4333,3971,8304
199218,7,999,1,621,1350,763,2404,1971,3167,1384,3754,5138
199272,7,999,1,21,30,16,89,51,105,37,119,156
199281,7,999,1,363,899,609,1612,1262,2221,972,2511,3483
199324,7,999,1,8,12,68,192,20,260,76,204,280
199412,7,999,1,41,144,99,303,185,402,140,447,587
199494,7,999,1,105,214,343,953,319,1296,448,1167,1615
199607,7,999,1,0,14,15,134,14,149,15,148,163
199625,7,999,1,32,81,40,195,113,235,72,276,348
199689,7,999,1,0,59,4,17,59,21,4,76,80
199731,7,999,1,48,121,133,376,169,509,181,497,678
199740,7,999,1,33,72,135,541,105,676,168,613,781
199759,7,999,1,736,157,767,318,893,1085,1503,475,1978
199768,7,999,1,32,93,67,230,125,297,99,323,422
199795,7,999,1,19,34,31,83,53,114,50,117,167
199856,7,999,1,592,771,1613,3033,1363,4646,2205,3804,6009
199865,7,999,1,29,58,0,17,87,17,29,75,104
199883,7,999,1,10,100,0,0,110,0,10,100,110
199908,7,999,1,33,90,85,215,123,300,118,305,423
199926,7,999,1,36,56,63,154,92,217,99,210,309
199971,7,999,1,22,15,0,0,37,0,22,15,37
199999,7,999,1,99,403,82,416,502,498,181,819,1000
200004,7,999,1,451,755,765,1379,1206,2144,1216,2134,3350
200013,7,999,1,38,144,25,128,182,153,63,272,335
200022,7,999,1,255,157,384,193,412,577,639,350,989
200059,7,999,1,38,95,61,88,133,149,99,183,282
200086,7,999,1,7,35,6,22,42,28,13,57,70
200192,7,999,1,24,59,120,125,83,245,144,184,328
200217,7,999,1,157,288,252,443,445,695,409,731,1140
200280,7,999,1,849,755,1589,1806,1604,3395,2438,2561,4999
200305,7,999,1,57,61,110,58,118,168,167,119,286
200314,7,999,1,14,55,97,99,69,196,111,154,265
200332,7,999,1,412,342,607,674,754,1281,1019,1016,2035
200527,7,999,1,64,125,13,23,189,36,77,148,225
200554,7,999,1,64,154,13,13,218,26,77,167,244
200572,7,999,1,21,49,97,193,70,290,118,242,360
200590,7,999,1,17,95,2,1,112,3,19,96,115
200697,7,999,1,291,37,391,99,328,490,682,136,818
200800,7,999,1,601,617,680,822,1218,1502,1281,1439,2720
200846,7,999,1,9,48,25,38,57,63,34,86,120
201061,7,999,1,10,8,3,2,18,5,13,10,23
201177,7,999,1,1,15,3,68,16,71,4,83,87
201195,7,999,1,85,170,53,115,255,168,138,285,423
201283,7,999,1,22,39,16,72,61,88,38,111,149
201432,7,999,1,23,59,41,56,82,97,64,115,179
201441,7,999,1,555,539,834,1127,1094,1961,1389,1666,3055
201469,7,999,1,26,146,7,78,172,85,33,224,257
201548,7,999,1,122,184,91,124,306,215,213,308,521
201645,7,999,1,1500,1685,339,499,3185,838,1839,2184,4023
201654,7,999,1,39,42,69,112,81,181,108,154,262
201821,7,999,1,19,146,7,104,165,111,26,250,276
201885,7,999,1,1891,2228,1913,4343,4119,6256,3804,6571,10375
201946,7,999,1,77,198,323,1065,275,1388,400,1263,1663
201955,7,999,1,70,100,191,497,170,688,261,597,858
201964,7,999,1,159,199,112,169,358,281,271,368,639
202046,7,999,1,18,7,1,2,25,3,19,9,28
202170,7,999,1,29,42,2,4,71,6,31,46,77
202222,7,999,1,370,505,2347,2991,875,5338,2717,3496,6213
202356,7,999,1,401,663,1498,3437,1064,4935,1899,4100,5999
202453,7,999,1,36,5,0,0,41,0,36,5,41
202480,7,999,1,667,684,315,357,1351,672,982,1041,2023
202523,7,999,1,1,2,2,5,3,7,3,7,10
202648,7,999,1,35,60,150,369,95,519,185,429,614
202763,7,999,1,174,246,128,190,420,318,302,436,738
203067,7,999,1,98,141,17,51,239,68,115,192,307
203085,7,999,1,14,12,15,31,26,46,29,43,72
203128,7,999,1,11,8,9,21,19,30,20,29,49
203155,7,999,1,85,109,51,86,194,137,136,195,331
203289,7,999,1,17,11,0,0,28,0,17,11,28
203368,7,999,1,44,56,81,135,100,216,125,191,316
203447,7,999,1,7,31,203,303,38,506,210,334,544
203456,7,999,1,0,1,91,166,1,257,91,167,258
203465,7,999,1,43,46,156,335,89,491,199,381,580
203474,7,999,1,25,22,168,284,47,452,193,306,499
203483,7,999,1,10,25,147,250,35,397,157,275,432
203492,7,999,1,8,37,73,200,45,273,81,237,318
203517,7,999,1,1118,1458,982,2115,2576,3097,2100,3573,5673
203526,7,999,1,5,15,142,297,20,439,147,312,459
203544,7,999,1,25,147,21,63,172,84,46,210,256
203580,7,999,1,11,18,43,47,29,90,54,65,119
203599,7,999,1,62,118,342,820,180,1162,404,938,1342
203678,7,999,1,37,55,64,315,92,379,101,370,471
203720,7,999,1,42,24,1,19,66,20,43,43,86
203748,7,999,1,122,206,556,1284,328,1840,678,1490,2168
203757,7,999,1,49,138,10,42,187,52,59,180,239
203775,7,999,1,22,39,59,166,61,225,81,205,286
203845,7,999,1,15,19,4,8,34,12,19,27,46
203881,7,999,1,65,67,322,243,132,565,387,310,697
203960,7,999,1,37,139,69,566,176,635,106,705,811
204006,7,999,1,66,87,108,104,153,212,174,191,365
204015,7,999,1,36,53,57,54,89,111,93,107,200
204024,7,999,1,270,324,293,936,594,1229,563,1260,1823
204194,7,999,1,85,223,58,161,308,219,143,384,527
204200,7,999,1,39,91,40,351,130,391,79,442,521
204255,7,999,1,42,58,54,83,100,137,96,141,237
204422,7,999,1,27,81,125,244,108,369,152,325,477
204468,7,999,1,22,46,65,150,68,215,87,196,283
204477,7,999,1,231,202,8,10,433,18,239,212,451
204617,7,999,1,47,59,68,214,106,282,115,273,388
204635,7,999,1,71,57,5,7,128,12,76,64,140
204662,7,999,1,5,6,5,3,11,8,10,9,19
204671,7,999,1,11,22,9,17,33,26,20,39,59
204680,7,999,1,18,28,18,18,46,36,36,46,82
204699,7,999,1,17,19,13,28,36,41,30,47,77
204705,7,999,1,29,37,38,32,66,70,67,69,136
204796,7,999,1,3121,3666,2448,2872,6787,5320,5569,6538,12107
204802,7,999,1,7,14,49,85,21,134,56,99,155
204820,7,999,1,34,67,89,140,101,229,123,207,330
204839,7,999,1,25,63,83,157,88,240,108,220,328
204848,7,999,1,12,38,101,169,50,270,113,207,320
204857,7,999,1,1079,1382,1528,3529,2461,5057,2607,4911,7518
204866,7,999,1,18,55,80,165,73,245,98,220,318
204909,7,999,1,4,4,0,1,8,1,4,5,9
204936,7,999,1,46,63,48,138,109,186,94,201,295
204945,7,999,1,150,243,1275,911,393,2186,1425,1154,2579
205090,7,999,1,0,2,6,18,2,24,6,20,26
205443,7,999,1,96,139,116,190,235,306,212,329,541
205470,7,999,1,414,391,2557,2720,805,5277,2971,3111,6082
205841,7,999,1,245,293,737,1327,538,2064,982,1620,2602
205966,7,999,1,18,65,43,168,83,211,61,233,294
206011,7,999,1,21,52,355,155,73,510,376,207,583
206279,7,999,1,122,192,182,224,314,406,304,416,720
206321,7,999,1,1,29,11,14,30,25,12,43,55
206349,7,999,1,23,113,35,271,136,306,58,384,442
206507,7,999,1,18,30,12,13,48,25,30,43,73
206525,7,999,1,7,7,12,18,14,30,19,25,44
206589,7,999,1,2,2,0,4,4,4,2,6,8
206604,7,999,1,561,649,785,797,1210,1582,1346,1446,2792
206613,7,999,1,8,17,40,28,25,68,48,45,93
206622,7,999,1,157,278,313,482,435,795,470,760,1230
206695,7,999,1,445,587,527,984,1032,1511,972,1571,2543
206862,7,999,1,103,202,83,148,305,231,186,350,536
206914,7,999,1,188,409,180,427,597,607,368,836,1204
206923,7,999,1,55,152,48,234,207,282,103,386,489
206996,7,999,1,54,155,76,297,209,373,130,452,582
207041,7,999,1,200,392,161,404,592,565,361,796,1157
207050,7,999,1,24,80,40,145,104,185,64,225,289
207069,7,999,1,15,41,47,176,56,223,62,217,279
207102,7,999,1,14,19,0,0,33,0,14,19,33
207209,7,999,1,50,79,43,50,129,93,93,129,222
207236,7,999,1,46,94,51,305,140,356,97,399,496
207263,7,999,1,343,795,452,1176,1138,1628,795,1971,2766
207281,7,999,1,45,119,67,267,164,334,112,386,498
207290,7,999,1,45,185,33,186,230,219,78,371,449
207306,7,999,1,47,131,66,180,178,246,113,311,424
207315,7,999,1,283,345,224,230,628,454,507,575,1082
207324,7,999,1,144,229,127,158,373,285,271,387,658
207342,7,999,1,501,802,105,360,1303,465,606,1162,1768
207351,7,999,1,43,155,43,165,198,208,86,320,406
207388,7,999,1,961,1060,1712,1416,2021,3128,2673,2476,5149
207500,7,999,1,1596,1798,1558,1900,3394,3458,3154,3698,6852
207564,7,999,1,172,80,171,193,252,364,343,273,616
207582,7,999,1,350,435,213,309,785,522,563,744,1307
207661,7,999,1,154,282,138,245,436,383,292,527,819
207670,7,999,1,174,288,374,956,462,1330,548,1244,1792
207740,7,999,1,23,89,37,219,112,256,60,308,368
207847,7,999,1,414,781,781,1415,1195,2196,1195,2196,3391
207865,7,999,1,183,561,135,505,744,640,318,1066,1384
207935,7,999,1,368,529,1067,2524,897,3591,1435,3053,4488
207962,7,999,1,214,59,0,0,273,0,214,59,273
207971,7,999,1,299,242,152,102,541,254,451,344,795
208035,7,999,1,7,43,42,228,50,270,49,271,320
208275,7,999,1,27,72,169,165,99,334,196,237,433
208318,7,999,1,204,205,369,467,409,836,573,672,1245
208390,7,999,1,279,402,814,1013,681,1827,1093,1415,2508
208406,7,999,1,162,232,719,706,394,1425,881,938,1819
208415,7,999,1,30,55,116,136,85,252,146,191,337
208646,7,999,1,136,301,278,449,437,727,414,750,1164
208822,7,999,1,206,430,308,611,636,919,514,1041,1555
209038,7,999,1,294,383,720,782,677,1502,1014,1165,2179
209074,7,999,1,196,242,341,444,438,785,537,686,1223
209250,7,999,1,215,326,1413,733,541,2146,1628,1059,2687
209490,7,999,1,545,1093,186,416,1638,602,731,1509,2240
209506,7,999,1,245,238,367,405,483,772,612,643,1255
209542,7,999,1,2318,2364,3607,3594,4682,7201,5925,5958,11883
209551,7,999,1,1302,1459,294,344,2761,638,1596,1803,3399
209603,7,999,1,44,100,3,13,144,16,47,113,160
209612,7,999,1,351,876,65,180,1227,245,416,1056,1472
209746,7,999,1,1043,1249,2365,3524,2292,5889,3408,4773,8181
209807,7,999,1,2201,3035,1745,2613,5236,4358,3946,5648,9594
209825,7,999,1,28,59,81,141,87,222,109,200,309
209922,7,999,1,9,2,8,11,11,19,17,13,30
210234,7,999,1,79,73,79,180,152,259,158,253,411
210270,7,999,1,79,128,304,535,207,839,383,663,1046
210401,7,999,1,175,157,8,26,332,34,183,183,366
210429,7,999,1,197,364,112,228,561,340,309,592,901
210605,7,999,1,381,443,1441,1971,824,3412,1822,2414,4236
210739,7,999,1,77,189,184,388,266,572,261,577,838
210775,7,999,1,74,184,114,322,258,436,188,506,694
211088,7,999,1,99,190,149,440,289,589,248,630,878
211130,7,999,1,52,48,27,30,100,57,79,78,157
211291,7,999,1,12,12,3,12,24,15,15,24,39
211307,7,999,1,72,126,387,1021,198,1408,459,1147,1606
211316,7,999,1,0,30,0,14,30,14,0,44,44
211343,7,999,1,39,66,111,342,105,453,150,408,558
211352,7,999,1,20,33,100,203,53,303,120,236,356
211431,7,999,1,36,254,80,643,290,723,116,897,1013
211440,7,999,1,2560,1419,435,270,3979,705,2995,1689,4684
211556,7,999,1,76,255,83,306,331,389,159,561,720
211583,7,999,1,66,224,53,241,290,294,119,465,584
211608,7,999,1,13,19,6,31,32,37,19,50,69
211927,7,999,1,143,239,669,1960,382,2629,812,2199,3011
212045,7,999,1,23,31,0,2,54,2,23,33,56
212054,7,999,1,1462,1830,1333,2958,3292,4291,2795,4788,7583
212106,7,999,1,622,878,59,193,1500,252,681,1071,1752
212115,7,999,1,139,177,183,473,316,656,322,650,972
212133,7,999,1,423,580,1223,1839,1003,3062,1646,2419,4065
212197,7,999,1,18,32,72,147,50,219,90,179,269
212230,7,999,1,0,12,0,3,12,3,0,15,15
212267,7,999,1,0,20,1,14,20,15,1,34,35
212276,7,999,1,0,15,0,8,15,8,0,23,23
212294,7,999,1,0,14,0,4,14,4,0,18,18
212300,7,999,1,0,19,0,3,19,3,0,22,22
212328,7,999,1,2,16,0,11,18,11,2,27,29
212337,7,999,1,0,15,2,19,15,21,2,34,36
212355,7,999,1,0,26,2,14,26,16,2,40,42
212382,7,999,1,1,34,0,25,35,25,1,59,60
212391,7,999,1,0,13,1,10,13,11,1,23,24
212601,7,999,1,302,257,115,259,559,374,417,516,933
212674,7,999,1,1,2,265,332,3,597,266,334,600
212753,7,999,1,1,19,1,15,20,16,2,34,36
212771,7,999,1,22,45,31,149,67,180,53,194,247
212805,7,999,1,10,4,13,9,14,22,23,13,36
212869,7,999,1,27,218,25,190,245,215,52,408,460
212878,7,999,1,253,461,839,2620,714,3459,1092,3081,4173
212975,7,999,1,4,2,0,0,6,0,4,2,6
212984,7,999,1,58,316,125,621,374,746,183,937,1120
213011,7,999,1,45,152,182,689,197,871,227,841,1068
213020,7,999,1,224,248,592,835,472,1427,816,1083,1899
213181,7,999,1,12,100,2,15,112,17,14,115,129
213251,7,999,1,7,2,17,5,9,22,24,7,31
213321,7,999,1,22,30,47,150,52,197,69,180,249
213349,7,999,1,120,175,227,607,295,834,347,782,1129
213367,7,999,1,55,155,301,818,210,1119,356,973,1329
213376,7,999,1,81,271,56,192,352,248,137,463,600
213385,7,999,1,2,3,1,2,5,3,3,5,8
213446,7,999,1,15,29,13,16,44,29,28,45,73
213507,7,999,1,20,25,72,88,45,160,92,113,205
213525,7,999,1,102,160,309,1157,262,1466,411,1317,1728
213570,7,999,1,26,200,0,0,226,0,26,200,226
213589,7,999,1,68,13,21,2,81,23,89,15,104
213598,7,999,1,36,78,25,69,114,94,61,147,208
213659,7,999,1,81,186,232,860,267,1092,313,1046,1359
213668,7,999,1,4,7,1,2,11,3,5,9,14
213774,7,999,1,6,32,8,62,38,70,14,94,108
213987,7,999,1,70,115,67,124,185,191,137,239,376
213996,7,999,1,40,117,142,283,157,425,182,400,582
214041,7,999,1,105,167,299,856,272,1155,404,1023,1427
214111,7,999,1,113,217,655,1666,330,2321,768,1883,2651
214148,7,999,1,0,18,0,8,18,8,0,26,26
214157,7,999,1,74,100,97,291,174,388,171,391,562
214175,7,999,1,13,26,15,18,39,33,28,44,72
214272,7,999,1,51,96,142,307,147,449,193,403,596
214379,7,999,1,182,338,518,1699,520,2217,700,2037,2737
214564,7,999,1,144,455,10,72,599,82,154,527,681
214591,7,999,1,66,27,64,32,93,96,130,59,189
214607,7,999,1,40,14,86,52,54,138,126,66,192
214625,7,999,1,12,8,9,16,20,25,21,24,45
214634,7,999,1,3,14,6,30,17,36,9,44,53
214643,7,999,1,14,0,8,5,14,13,22,5,27
214652,7,999,1,22,32,6,8,54,14,28,40,68
214670,7,999,1,16,17,8,16,33,24,24,33,57
214689,7,999,1,41,37,13,3,78,16,54,40,94
214698,7,999,1,12,2,3,3,14,6,15,5,20
214704,7,999,1,55,25,40,32,80,72,95,57,152
214713,7,999,1,164,118,167,178,282,345,331,296,627
214731,7,999,1,15,9,19,11,24,30,34,20,54
214740,7,999,1,4,6,1,4,10,5,5,10,15
214759,7,999,1,5,15,6,3,20,9,11,18,29
214768,7,999,1,12,8,5,6,20,11,17,14,31
214777,7,999,1,2366,2003,416,340,4369,756,2782,2343,5125
214786,7,999,1,5,7,4,6,12,10,9,13,22
214795,7,999,1,14,11,12,14,25,26,26,25,51
214801,7,999,1,66,37,41,37,103,78,107,74,181
214810,7,999,1,8,12,7,9,20,16,15,21,36
214829,7,999,1,27,11,35,18,38,53,62,29,91
214883,7,999,1,27,116,146,491,143,637,173,607,780
215053,7,999,1,7,4,5,7,11,12,12,11,23
215062,7,999,1,3902,4657,1508,2122,8559,3630,5410,6779,12189
215105,7,999,1,42,58,21,37,100,58,63,95,158
215123,7,999,1,875,1233,30,61,2108,91,905,1294,2199
215239,7,999,1,267,465,949,2861,732,3810,1216,3326,4542
215266,7,999,1,11,13,1,16,24,17,12,29,41
215275,7,999,1,24,31,15,10,55,25,39,41,80
215284,7,999,1,29,17,4,7,46,11,33,24,57
215293,7,999,1,2118,2471,775,1240,4589,2015,2893,3711,6604
215309,7,999,1,1,6,1,5,7,6,2,11,13
215381,7,999,1,117,6,0,0,123,0,117,6,123
215424,7,999,1,95,81,21,16,176,37,116,97,213
215442,7,999,1,89,119,281,545,208,826,370,664,1034
215479,7,999,1,4,27,0,0,31,0,4,27,31
215585,7,999,1,63,81,289,907,144,1196,352,988,1340
215655,7,999,1,127,92,227,304,219,531,354,396,750
215743,7,999,1,36,76,60,206,112,266,96,282,378
215798,7,999,1,52,72,18,21,124,39,70,93,163
215929,7,999,1,119,141,249,323,260,572,368,464,832
216010,7,999,1,91,82,209,338,173,547,300,420,720
216038,7,999,1,180,213,183,702,393,885,363,915,1278
216339,7,999,1,2476,2873,1111,1734,5349,2845,3587,4607,8194
216357,7,999,1,16,25,3,7,41,10,19,32,51
216366,7,999,1,637,1249,393,1483,1886,1876,1030,2732,3762
216454,7,999,1,15,2,0,0,17,0,15,2,17
216524,7,999,1,6,4,0,2,10,2,6,6,12
216542,7,999,1,12,13,34,43,25,77,46,56,102
216579,7,999,1,2,24,0,0,26,0,2,24,26
216597,7,999,1,444,547,854,882,991,1736,1298,1429,2727
216667,7,999,1,2,3,0,1,5,1,2,4,6
216694,7,999,1,19,62,34,97,81,131,53,159,212
216746,7,999,1,13,2,5,0,15,5,18,2,20
216764,7,999,1,376,584,813,1536,960,2349,1189,2120,3309
216825,7,999,1,58,191,189,587,249,776,247,778,1025
216852,7,999,1,388,708,193,959,1096,1152,581,1667,2248
216931,7,999,1,109,243,499,2123,352,2622,608,2366,2974
217013,7,999,1,25,68,138,493,93,631,163,561,724
217059,7,999,1,59,101,72,239,160,311,131,340,471
217156,7,999,1,1092,1089,75,88,2181,163,1167,1177,2344
217165,7,999,1,44,70,73,63,114,136,117,133,250
217235,7,999,1,122,146,54,84,268,138,176,230,406
217305,7,999,1,213,373,49,84,586,133,262,457,719
217323,7,999,1,218,6,0,0,224,0,218,6,224
217402,7,999,1,26,22,133,212,48,345,159,234,393
217420,7,999,1,227,526,293,884,753,1177,520,1410,1930
217493,7,999,1,143,242,0,0,385,0,143,242,385
217518,7,999,1,36,52,173,139,88,312,209,191,400
217536,7,999,1,27,64,157,355,91,512,184,419,603
217581,7,999,1,0,37,0,27,37,27,0,64,64
217633,7,999,1,274,459,97,107,733,204,371,566,937
217688,7,999,1,139,227,160,272,366,432,299,499,798
217712,7,999,1,47,83,119,542,130,661,166,625,791
217721,7,999,1,58,47,2,5,105,7,60,52,112
217749,7,999,1,36,44,183,200,80,383,219,244,463
217819,7,999,1,256,213,235,598,469,833,491,811,1302
217864,7,999,1,198,71,466,358,269,824,664,429,1093
217873,7,999,1,86,160,45,76,246,121,131,236,367
217882,7,999,1,1301,893,996,1509,2194,2505,2297,2402,4699
217891,7,999,1,29,45,0,2,74,2,29,47,76
217907,7,999,1,26,83,14,60,109,74,40,143,183
217925,7,999,1,65,76,624,785,141,1409,689,861,1550
217934,7,999,1,52,273,64,379,325,443,116,652,768
217961,7,999,1,24,100,61,254,124,315,85,354,439
217989,7,999,1,9,33,25,40,42,65,34,73,107
218025,7,999,1,66,155,134,516,221,650,200,671,871
218061,7,999,1,62,125,102,291,187,393,164,416,580
218113,7,999,1,363,629,753,1646,992,2399,1116,2275,3391
218140,7,999,1,272,543,380,1396,815,1776,652,1939,2591
218229,7,999,1,53,117,114,330,170,444,167,447,614
218335,7,999,1,589,965,42,199,1554,241,631,1164,1795
218353,7,999,1,248,522,492,1679,770,2171,740,2201,2941
218399,7,999,1,32,31,3,0,63,3,35,31,66
218414,7,999,1,16,30,6,15,46,21,22,45,67
218441,7,999,1,84,138,40,46,222,86,124,184,308
218487,7,999,1,35,106,53,461,141,514,88,567,655
218520,7,999,1,150,392,325,1342,542,1667,475,1734,2209
218539,7,999,1,19,62,0,5,81,5,19,67,86
218645,7,999,1,155,275,236,549,430,785,391,824,1215
218654,7,999,1,40,107,45,137,147,182,85,244,329
218663,7,999,1,1696,1888,844,1844,3584,2688,2540,3732,6272
218672,7,999,1,6,21,21,90,27,111,27,111,138
218681,7,999,1,3,14,22,79,17,101,25,93,118
218690,7,999,1,4,13,43,44,17,87,47,57,104
218706,7,999,1,3,16,14,14,19,28,17,30,47
218724,7,999,1,147,138,161,318,285,479,308,456,764
218733,7,999,1,73,128,51,118,201,169,124,246,370
218742,7,999,1,151,288,197,482,439,679,348,770,1118
218751,7,999,1,112,110,0,1,222,1,112,111,223
218821,7,999,1,16,26,5,4,42,9,21,30,51
218830,7,999,1,217,477,365,1012,694,1377,582,1489,2071
218885,7,999,1,94,125,198,494,219,692,292,619,911
218919,7,999,1,21,57,1,6,78,7,22,63,85
218973,7,999,1,0,0,0,2,0,2,0,2,2
218991,7,999,1,117,245,238,621,362,859,355,866,1221
219037,7,999,1,0,12,1,2,12,3,1,14,15
219082,7,999,1,130,50,511,238,180,749,641,288,929
219125,7,999,1,1,19,0,5,20,5,1,24,25
219170,7,999,1,2,3,0,0,5,0,2,3,5
219189,7,999,1,38,49,44,49,87,93,82,98,180
219198,7,999,1,67,111,48,37,178,85,115,148,263
219204,7,999,1,93,81,393,449,174,842,486,530,1016
219259,7,999,1,25,34,126,427,59,553,151,461,612
219277,7,999,1,84,190,127,372,274,499,211,562,773
219338,7,999,1,1,2,0,0,3,0,1,2,3
219347,7,999,1,158,38,142,36,196,178,300,74,374
219426,7,999,1,112,97,101,277,209,378,213,374,587
219471,7,999,1,442,484,510,982,926,1492,952,1466,2418
219480,7,999,1,83,107,34,100,190,134,117,207,324
219602,7,999,1,602,692,639,919,1294,1558,1241,1611,2852
219639,7,999,1,8,71,17,207,79,224,25,278,303
219806,7,999,1,41,66,150,657,107,807,191,723,914
219824,7,999,1,190,397,369,741,587,1110,559,1138,1697
219833,7,999,1,234,159,75,91,393,166,309,250,559
219879,7,999,1,94,125,132,221,219,353,226,346,572
219888,7,999,1,101,151,153,462,252,615,254,613,867
219921,7,999,1,11,35,18,22,46,40,29,57,86
219994,7,999,1,106,99,23,1,205,24,129,100,229
220057,7,999,1,99,175,108,468,274,576,207,643,850
220075,7,999,1,694,1164,514,1212,1858,1726,1208,2376,3584
220127,7,999,1,49,85,8,2,134,10,57,87,144
220163,7,999,1,0,15,0,5,15,5,0,20,20
220215,7,999,1,33,50,100,234,83,334,133,284,417
220251,7,999,1,11,17,7,10,28,17,18,27,45
220279,7,999,1,19,24,18,3,43,21,37,27,64
220321,7,999,1,21,30,10,20,51,30,31,50,81
220394,7,999,1,27,23,1,0,50,1,28,23,51
220400,7,999,1,51,141,143,482,192,625,194,623,817
220473,7,999,1,54,49,102,71,103,173,156,120,276
220516,7,999,1,115,330,26,84,445,110,141,414,555
220598,7,999,1,45,21,2,1,66,3,47,22,69
220604,7,999,1,36,117,15,30,153,45,51,147,198
220701,7,999,1,16,24,7,14,40,21,23,38,61
220710,7,999,1,19,25,2,2,44,4,21,27,48
220792,7,999,1,270,470,0,0,740,0,270,470,740
220862,7,999,1,1150,1489,1428,2729,2639,4157,2578,4218,6796
220978,7,999,1,897,853,1178,1781,1750,2959,2075,2634,4709
221050,7,999,1,85,50,32,16,135,48,117,66,183
221096,7,999,1,121,187,224,655,308,879,345,842,1187
221148,7,999,1,143,20,0,0,163,0,143,20,163
221184,7,999,1,213,377,507,1264,590,1771,720,1641,2361
221333,7,999,1,12,24,23,9,36,32,35,33,68
221397,7,999,1,117,170,178,551,287,729,295,721,1016
221430,7,999,1,38,41,22,26,79,48,60,67,127
221485,7,999,1,135,366,310,1105,501,1415,445,1471,1916
221494,7,999,1,63,36,13,13,99,26,76,49,125
221519,7,999,1,37,30,15,12,67,27,52,42,94
221582,7,999,1,28,17,4,1,45,5,32,18,50
221607,7,999,1,11,26,18,2,37,20,29,28,57
221625,7,999,1,121,115,6,0,236,6,127,115,242
221643,7,999,1,172,217,624,814,389,1438,796,1031,1827
221740,7,999,1,381,424,494,533,805,1027,875,957,1832
221759,7,999,1,1260,1307,1191,1401,2567,2592,2451,2708,5159
221768,7,999,1,140,302,252,434,442,686,392,736,1128
221838,7,999,1,258,462,399,741,720,1140,657,1203,1860
221847,7,999,1,238,269,453,609,507,1062,691,878,1569
221908,7,999,1,173,279,577,494,452,1071,750,773,1523
221999,7,999,1,1520,1881,353,684,3401,1037,1873,2565,4438
222053,7,999,1,182,355,398,852,537,1250,580,1207,1787
222062,7,999,1,151,212,183,412,363,595,334,624,958
222178,7,999,1,49,128,396,910,177,1306,445,1038,1483
222576,7,999,1,313,556,447,1296,869,1743,760,1852,2612
222822,7,999,1,76,235,102,366,311,468,178,601,779
222831,7,999,1,286,610,340,475,896,815,626,1085,1711
222877,7,999,1,13,3,1,1,16,2,14,4,18
222992,7,999,1,1002,953,3357,5724,1955,9081,4359,6677,11036
223223,7,999,1,406,552,6,1,958,7,412,553,965
223232,7,999,1,1101,1603,422,1140,2704,1562,1523,2743,4266
223320,7,999,1,29,154,72,385,183,457,101,539,640
223506,7,999,1,49,62,436,583,111,1019,485,645,1130
223816,7,999,1,169,284,1264,1718,453,2982,1433,2002,3435
223922,7,999,1,41,55,94,42,96,136,135,97,232
224147,7,999,1,313,418,998,1656,731,2654,1311,2074,3385
224156,7,999,1,4,72,1,28,76,29,5,100,105
224323,7,999,1,140,77,266,243,217,509,406,320,726
224527,7,999,1,24,42,44,83,66,127,68,125,193
224554,7,999,1,962,1440,1045,2029,2402,3074,2007,3469,5476
224615,7,999,1,954,1408,3619,7583,2362,11202,4573,8991,13564
224642,7,999,1,347,467,1183,2289,814,3472,1530,2756,4286
224891,7,999,1,19,50,13,54,69,67,32,104,136
224961,7,999,1,46,95,115,393,141,508,161,488,649
225247,7,999,1,73,127,37,61,200,98,110,188,298
225399,7,999,1,63,146,338,1085,209,1423,401,1231,1632
225414,7,999,1,585,933,962,1804,1518,2766,1547,2737,4284
225432,7,999,1,681,1141,1686,3285,1822,4971,2367,4426,6793
225511,7,999,1,2646,2583,2366,2465,5229,4831,5012,5048,10060
225548,7,999,1,18,14,43,34,32,77,61,48,109
225885,7,999,1,27,37,21,45,64,66,48,82,130
226116,7,999,1,49,142,70,352,191,422,119,494,613
226134,7,999,1,66,109,345,678,175,1023,411,787,1198
226204,7,999,1,220,97,1093,737,317,1830,1313,834,2147
226277,7,999,1,312,34,0,0,346,0,312,34,346
226383,7,999,1,28,99,44,205,127,249,72,304,376
226408,7,999,1,57,102,243,721,159,964,300,823,1123
226471,7,999,1,114,234,62,142,348,204,176,376,552
226578,7,999,1,143,397,288,1027,540,1315,431,1424,1855
226587,7,999,1,64,75,19,39,139,58,83,114,197
226675,7,999,1,27,111,0,0,138,0,27,111,138
227146,7,999,1,80,232,149,548,312,697,229,780,1009
227182,7,999,1,1246,1789,3426,7630,3035,11056,4672,9419,14091
227216,7,999,1,2637,2290,2377,3289,4927,5666,5014,5579,10593
227331,7,999,1,189,814,42,201,1003,243,231,1015,1246
227368,7,999,1,1299,1916,1720,3058,3215,4778,3019,4974,7993
227377,7,999,1,97,151,198,368,248,566,295,519,814
227386,7,999,1,30,142,36,281,172,317,66,423,489
227401,7,999,1,127,220,117,353,347,470,244,573,817
227526,7,999,1,258,397,211,409,655,620,469,806,1275
227757,7,999,1,1618,901,249,141,2519,390,1867,1042,2909
227845,7,999,1,111,157,123,363,268,486,234,520,754
227863,7,999,1,216,408,398,453,624,851,614,861,1475
227881,7,999,1,697,1184,1070,2234,1881,3304,1767,3418,5185
227979,7,999,1,410,651,1706,3500,1061,5206,2116,4151,6267
228042,7,999,1,38,81,8,35,119,43,46,116,162
228149,7,999,1,268,292,149,205,560,354,417,497,914
228158,7,999,1,254,488,343,881,742,1224,597,1369,1966
228194,7,999,1,211,210,79,96,421,175,290,306,596
228246,7,999,1,727,633,1209,1006,1360,2215,1936,1639,3575
228282,7,999,1,1,4,0,0,5,0,1,4,5
228343,7,999,1,17,15,1,4,32,5,18,19,37
228431,7,999,1,259,682,351,781,941,1132,610,1463,2073
228459,7,999,1,1572,1699,1340,1925,3271,3265,2912,3624,6536
228501,7,999,1,68,119,143,467,187,610,211,586,797
228529,7,999,1,359,746,912,1754,1105,2666,1271,2500,3771
228547,7,999,1,595,612,3029,5894,1207,8923,3624,6506,10130
228635,7,999,1,507,608,328,253,1115,581,835,861,1696
228644,7,999,1,669,983,123,219,1652,342,792,1202,1994
228653,7,999,1,563,903,213,811,1466,1024,776,1714,2490
228699,7,999,1,87,170,120,419,257,539,207,589,796
228705,7,999,1,322,333,305,431,655,736,627,764,1391
228723,7,999,1,4402,3147,1707,1813,7549,3520,6109,4960,11069
228769,7,999,1,2821,3221,3600,10245,6042,13845,6421,13466,19887
228778,7,999,1,3880,3536,390,427,7416,817,4270,3963,8233
228787,7,999,1,3070,2053,1819,1442,5123,3261,4889,3495,8384
228796,7,999,1,1222,1357,1785,2429,2579,4214,3007,3786,6793
228802,7,999,1,509,796,746,1678,1305,2424,1255,2474,3729
228875,7,999,1,649,743,77,105,1392,182,726,848,1574
228909,7,999,1,487,744,40,92,1231,132,527,836,1363
229018,7,999,1,384,802,515,906,1186,1421,899,1708,2607
229027,7,999,1,1883,1599,2225,2241,3482,4466,4108,3840,7948
229063,7,999,1,531,871,270,519,1402,789,801,1390,2191
229115,7,999,1,2111,1866,1309,2100,3977,3409,3420,3966,7386
229179,7,999,1,284,2074,398,4000,2358,4398,682,6074,6756
229267,7,999,1,16,23,16,27,39,43,32,50,82
229337,7,999,1,634,1248,255,1088,1882,1343,889,2336,3225
229355,7,999,1,165,384,378,1101,549,1479,543,1485,2028
229504,7,999,1,75,70,118,402,145,520,193,472,665
229780,7,999,1,310,541,506,629,851,1135,816,1170,1986
229799,7,999,1,100,186,194,679,286,873,294,865,1159
229814,7,999,1,320,690,994,1347,1010,2341,1314,2037,3351
229841,7,999,1,65,95,167,460,160,627,232,555,787
229887,7,999,1,68,64,6,24,132,30,74,88,162
230038,7,999,1,1793,887,1094,738,2680,1832,2887,1625,4512
230047,7,999,1,327,301,25,35,628,60,352,336,688
230162,7,999,1,90,102,530,197,192,727,620,299,919
230171,7,999,1,384,370,336,418,754,754,720,788,1508
230214,7,999,1,5,36,15,77,41,92,20,113,133
230597,7,999,1,65,60,83,117,125,200,148,177,325
230603,7,999,1,585,478,1108,2095,1063,3203,1693,2573,4266
230676,7,999,1,43,24,68,34,67,102,111,58,169
230728,7,999,1,1134,1130,1354,1873,2264,3227,2488,3003,5491
230746,7,999,1,588,624,2517,2914,1212,5431,3105,3538,6643
230764,7,999,1,3460,3151,1784,1790,6611,3574,5244,4941,10185
230782,7,999,1,1129,1344,1420,2153,2473,3573,2549,3497,6046
230807,7,999,1,95,187,31,56,282,87,126,243,369
230816,7,999,1,21,88,23,3,109,26,44,91,135
230834,7,999,1,31,75,144,490,106,634,175,565,740
230852,7,999,1,274,202,622,495,476,1117,896,697,1593
230861,7,999,1,63,116,475,1804,179,2279,538,1920,2458
230913,7,999,1,32,123,125,400,155,525,157,523,680
230959,7,999,1,2,1,11,63,3,74,13,64,77
231059,7,999,1,18,17,40,110,35,150,58,127,185
231095,7,999,1,7,14,3,3,21,6,10,17,27
231165,7,999,1,81,181,171,245,262,416,252,426,678
231174,7,999,1,548,709,254,501,1257,755,802,1210,2012
231280,7,999,1,0,18,0,15,18,15,0,33,33
231411,7,999,1,178,34,0,0,212,0,178,34,212
231420,7,999,1,56,134,61,195,190,256,117,329,446
231536,7,999,1,60,76,225,431,136,656,285,507,792
231581,7,999,1,3,8,1,2,11,3,4,10,14
231624,7,999,1,488,544,429,669,1032,1098,917,1213,2130
231688,7,999,1,0,0,0,4,0,4,0,4,4
231697,7,999,1,46,69,194,428,115,622,240,497,737
231712,7,999,1,20,23,12,9,43,21,32,32,64
231785,7,999,1,50,326,34,400,376,434,84,726,810
231873,7,999,1,16,29,21,67,45,88,37,96,133
231882,7,999,1,78,109,83,218,187,301,161,327,488
232025,7,999,1,45,81,4,4,126,8,49,85,134
232043,7,999,1,36,70,61,297,106,358,97,367,464
232052,7,999,1,5,23,23,67,28,90,28,90,118
232089,7,999,1,8,12,1,14,20,15,9,26,35
232186,7,999,1,2754,2820,3286,4767,5574,8053,6040,7587,13627
232195,7,999,1,98,230,342,1002,328,1344,440,1232,1672
232308,7,999,1,9,34,24,55,43,79,33,89,122
232414,7,999,1,151,275,564,1402,426,1966,715,1677,2392
232450,7,999,1,95,190,545,1022,285,1567,640,1212,1852
232557,7,999,1,12586,17973,15453,21216,30559,36669,28039,39189,67228
232566,7,999,1,70,133,246,641,203,887,316,774,1090
232575,7,999,1,51,106,167,656,157,823,218,762,980
232609,7,999,1,170,261,68,150,431,218,238,411,649
232706,7,999,1,214,399,242,565,613,807,456,964,1420
232788,7,999,1,53,121,77,221,174,298,130,342,472
232867,7,999,1,77,82,222,280,159,502,299,362,661
232946,7,999,1,845,1050,3292,5092,1895,8384,4137,6142,10279
232982,7,999,1,1215,1828,2315,3176,3043,5491,3530,5004,8534
233019,7,999,1,42,79,42,178,121,220,84,257,341
233037,7,999,1,12,46,36,159,58,195,48,205,253
233116,7,999,1,80,87,357,669,167,1026,437,756,1193
233277,7,999,1,181,439,216,936,620,1152,397,1375,1772
233286,7,999,1,7,26,0,10,33,10,7,36,43
233295,7,999,1,5,7,2,1,12,3,7,8,15
233310,7,999,1,24,39,91,308,63,399,115,347,462
233338,7,999,1,12,16,5,14,28,19,17,30,47
233374,7,999,1,134,156,111,209,290,320,245,365,610
233426,7,999,1,15,16,16,6,31,22,31,22,53
233541,7,999,1,165,421,182,697,586,879,347,1118,1465
233611,7,999,1,49,26,11,8,75,19,60,34,94
233639,7,999,1,28,125,204,438,153,642,232,563,795
233648,7,999,1,61,176,71,230,237,301,132,406,538
233666,7,999,1,1,4,0,0,5,0,1,4,5
233718,7,999,1,0,6,0,1,6,1,0,7,7
233754,7,999,1,160,237,423,897,397,1320,583,1134,1717
233772,7,999,1,543,822,1373,2641,1365,4014,1916,3463,5379
233903,7,999,1,63,96,98,278,159,376,161,374,535
233921,7,999,1,2299,1650,1149,777,3949,1926,3448,2427,5875
233949,7,999,1,91,192,381,655,283,1036,472,847,1319
234030,7,999,1,1586,2450,1060,1913,4036,2973,2646,4363,7009
234076,7,999,1,2622,2164,866,1409,4786,2275,3488,3573,7061
234119,7,999,1,16,33,11,8,49,19,27,41,68
234155,7,999,1,148,229,65,169,377,234,213,398,611
234207,7,999,1,127,79,2,0,206,2,129,79,208
234377,7,999,1,19,84,111,238,103,349,130,322,452
234669,7,999,1,430,701,631,1249,1131,1880,1061,1950,3011
234696,7,999,1,241,252,119,192,493,311,360,444,804
234711,7,999,1,77,137,99,171,214,270,176,308,484
234827,7,999,1,606,715,320,484,1321,804,926,1199,2125
234845,7,999,1,129,221,171,376,350,547,300,597,897
234924,7,999,1,8,71,0,0,79,0,8,71,79
234933,7,999,1,287,517,426,813,804,1239,713,1330,2043
234951,7,999,1,322,445,227,586,767,813,549,1031,1580
234979,7,999,1,223,484,743,582,707,1325,966,1066,2032
235024,7,999,1,12,15,1,6,27,7,13,21,34
235097,7,999,1,970,1725,421,711,2695,1132,1391,2436,3827
235103,7,999,1,295,322,612,1120,617,1732,907,1442,2349
235149,7,999,1,257,388,462,716,645,1178,719,1104,1823
235237,7,999,1,349,677,976,1709,1026,2685,1325,2386,3711
235307,7,999,1,4,37,0,0,41,0,4,37,41
235316,7,999,1,425,750,161,358,1175,519,586,1108,1694
235334,7,999,1,129,178,135,130,307,265,264,308,572
235343,7,999,1,326,366,334,548,692,882,660,914,1574
235431,7,999,1,159,412,250,690,571,940,409,1102,1511
235547,7,999,1,77,433,15,72,510,87,92,505,597
235671,7,999,1,544,414,900,782,958,1682,1444,1196,2640
235699,7,999,1,218,390,292,826,608,1118,510,1216,1726
235750,7,999,1,90,250,121,498,340,619,211,748,959
236072,7,999,1,259,298,627,1661,557,2288,886,1959,2845
236188,7,999,1,439,561,443,610,1000,1053,882,1171,2053
236258,7,999,1,83,176,186,398,259,584,269,574,843
236328,7,999,1,63,111,5,53,174,58,68,164,232
236382,7,999,1,213,277,1193,349,490,1542,1406,626,2032
236452,7,999,1,138,115,91,128,253,219,229,243,472
236504,7,999,1,235,111,1801,461,346,2262,2036,572,2608
236513,7,999,1,382,581,267,451,963,718,649,1032,1681
236577,7,999,1,103,248,109,231,351,340,212,479,691
236595,7,999,1,450,880,467,792,1330,1259,917,1672,2589
236610,7,999,1,233,363,364,920,596,1284,597,1283,1880
236638,7,999,1,201,356,580,612,557,1192,781,968,1749
236656,7,999,1,223,313,188,519,536,707,411,832,1243
236692,7,999,1,540,876,787,1270,1416,2057,1327,2146,3473
236708,7,999,1,262,439,177,357,701,534,439,796,1235
236753,7,999,1,374,819,236,735,1193,971,610,1554,2164
236887,7,999,1,302,285,440,268,587,708,742,553,1295
236896,7,999,1,46,103,14,22,149,36,60,125,185
236939,7,999,1,2003,2334,1194,1592,4337,2786,3197,3926,7123
236975,7,999,1,127,256,87,235,383,322,214,491,705
237011,7,999,1,534,679,251,226,1213,477,785,905,1690
237039,7,999,1,141,202,214,405,343,619,355,607,962
237057,7,999,1,4,8,5,3,12,8,9,11,20
237066,7,999,1,66,88,53,124,154,177,119,212,331
237109,7,999,1,124,386,98,387,510,485,222,773,995
237118,7,999,1,24,54,6,20,78,26,30,74,104
237181,7,999,1,1,2,6,8,3,14,7,10,17
237303,7,999,1,12,8,0,0,20,0,12,8,20
237312,7,999,1,500,366,799,233,866,1032,1299,599,1898
237321,7,999,1,4,24,0,0,28,0,4,24,28
237330,7,999,1,43,172,57,161,215,218,100,333,433
237358,7,999,1,12,36,0,5,48,5,12,41,53
237367,7,999,1,90,151,97,275,241,372,187,426,613
237385,7,999,1,34,31,192,29,65,221,226,60,286
237525,7,999,1,618,900,407,831,1518,1238,1025,1731,2756
237686,7,999,1,73,169,116,236,242,352,189,405,594
237701,7,999,1,17,30,17,21,47,38,34,51,85
237792,7,999,1,98,252,202,396,350,598,300,648,948
237817,7,999,1,46,123,38,118,169,156,84,241,325
237899,7,999,1,91,152,50,98,243,148,141,250,391
237950,7,999,1,32,28,17,19,60,36,49,47,96
237969,7,999,1,8,24,3,11,32,14,11,35,46
238014,7,999,1,47,101,41,116,148,157,88,217,305
238032,7,999,1,1334,1264,709,903,2598,1612,2043,2167,4210
238175,7,999,1,0,25,0,0,25,0,0,25,25
238193,7,999,1,70,499,39,284,569,323,109,783,892
238263,7,999,1,344,408,1044,2042,752,3086,1388,2450,3838
238397,7,999,1,97,185,325,671,282,996,422,856,1278
238430,7,999,1,31,79,122,450,110,572,153,529,682
238458,7,999,1,65,103,41,91,168,132,106,194,300
238722,7,999,1,253,208,1461,1088,461,2549,1714,1296,3010
238759,7,999,1,157,187,684,1190,344,1874,841,1377,2218
239008,7,999,1,60,69,441,492,129,933,501,561,1062
239017,7,999,1,6,3,1,0,9,1,7,3,10
239071,7,999,1,20,14,123,122,34,245,143,136,279
239105,7,999,1,576,650,362,548,1226,910,938,1198,2136
239169,7,999,1,454,555,27,57,1009,84,481,612,1093
239248,7,999,1,443,619,1730,3153,1062,4883,2173,3772,5945
239309,7,999,1,12,19,1,4,31,5,13,23,36
239318,7,999,1,111,93,71,38,204,109,182,131,313
239372,7,999,1,102,136,293,603,238,896,395,739,1134
239442,7,999,1,16,31,86,216,47,302,102,247,349
239488,7,999,1,222,328,765,1561,550,2326,987,1889,2876
239512,7,999,1,5,4,1,4,9,5,6,8,14
239716,7,999,1,10,12,24,30,22,54,34,42,76
239877,7,999,1,1,8,0,6,9,6,1,14,15
240107,7,999,1,152,432,102,477,584,579,254,909,1163
240170,7,999,1,139,171,378,674,310,1052,517,845,1362
240189,7,999,1,276,428,681,915,704,1596,957,1343,2300
240198,7,999,1,98,173,216,561,271,777,314,734,1048
240268,7,999,1,104,120,333,395,224,728,437,515,952
240277,7,999,1,299,441,433,836,740,1269,732,1277,2009
240329,7,999,1,109,116,208,322,225,530,317,438,755
240338,7,999,1,4,11,31,55,15,86,35,66,101
240365,7,999,1,265,407,540,706,672,1246,805,1113,1918
240374,7,999,1,185,175,393,457,360,850,578,632,1210
240417,7,999,1,180,197,484,750,377,1234,664,947,1611
240426,7,999,1,85,307,158,495,392,653,243,802,1045
240444,7,999,1,3475,3459,1177,1374,6934,2551,4652,4833,9485
240453,7,999,1,1471,1643,1129,1713,3114,2842,2600,3356,5956
240462,7,999,1,121,98,389,240,219,629,510,338,848
240471,7,999,1,109,157,112,210,266,322,221,367,588
240480,7,999,1,210,185,195,452,395,647,405,637,1042
240505,7,999,1,115,186,287,426,301,713,402,612,1014
240514,7,999,1,37,76,229,238,113,467,266,314,580
240596,7,999,1,16,23,27,92,39,119,43,115,158
240620,7,999,1,104,208,173,439,312,612,277,647,924
240657,7,999,1,29,55,69,166,84,235,98,221,319
240666,7,999,1,88,152,221,286,240,507,309,438,747
240727,7,999,1,760,777,678,1037,1537,1715,1438,1814,3252
240745,7,999,1,68,73,179,182,141,361,247,255,502
240790,7,999,1,56,94,21,68,150,89,77,162,239
241182,7,999,1,34,154,0,0,188,0,34,154,188
241191,7,999,1,73,91,24,28,164,52,97,119,216
241225,7,999,1,53,77,44,119,130,163,97,196,293
241331,7,999,1,181,887,44,223,1068,267,225,1110,1335
241377,7,999,1,89,195,46,123,284,169,135,318,453
241386,7,999,1,15,54,4,23,69,27,19,77,96
241395,7,999,1,38,137,46,165,175,211,84,302,386
241410,7,999,1,361,626,248,510,987,758,609,1136,1745
241720,7,999,1,65,108,48,48,173,96,113,156,269
241739,7,999,1,498,1071,402,892,1569,1294,900,1963,2863
241766,7,999,1,31,13,24,8,44,32,55,21,76
241836,7,999,1,52,150,115,289,202,404,167,439,606
241906,7,999,1,6,16,0,0,22,0,6,16,22
241951,7,999,1,5,15,19,25,20,44,24,40,64
242112,7,999,1,76,67,5,23,143,28,81,90,171
242130,7,999,1,14,78,6,17,92,23,20,95,115
242149,7,999,1,27,95,10,47,122,57,37,142,179
242556,7,999,1,9,10,1,1,19,2,10,11,21
242617,7,999,1,177,235,109,176,412,285,286,411,697
242626,7,999,1,214,263,121,149,477,270,335,412,747
242635,7,999,1,120,342,63,221,462,284,183,563,746
242644,7,999,1,53,108,31,63,161,94,84,171,255
242653,7,999,1,407,677,356,594,1084,950,763,1271,2034
242662,7,999,1,180,432,158,368,612,526,338,800,1138
242680,7,999,1,82,145,38,82,227,120,120,227,347
242699,7,999,1,150,298,63,114,448,177,213,412,625
242705,7,999,1,174,122,132,94,296,226,306,216,522
242723,7,999,1,85,114,106,180,199,286,191,294,485
243106,7,999,1,17,14,16,22,31,38,33,36,69
243142,7,999,1,11,18,17,33,29,50,28,51,79
243179,7,999,1,15,20,23,25,35,48,38,45,83
243188,7,999,1,16,14,10,4,30,14,26,18,44
243203,7,999,1,370,711,21,59,1081,80,391,770,1161
243212,7,999,1,27,18,20,58,45,78,47,76,123
243221,7,999,1,738,956,362,451,1694,813,1100,1407,2507
243346,7,999,1,355,795,299,583,1150,882,654,1378,2032
243443,7,999,1,108,223,198,413,331,611,306,636,942
243577,7,999,1,298,143,629,278,441,907,927,421,1348
243586,7,999,1,40,64,16,55,104,71,56,119,175
243601,7,999,1,742,1473,562,895,2215,1457,1304,2368,3672
243638,7,999,1,46,103,69,101,149,170,115,204,319
243647,7,999,1,22,27,18,48,49,66,40,75,115
243744,7,999,1,3675,2946,567,249,6621,816,4242,3195,7437
243780,7,999,1,2587,1635,3256,2372,4222,5628,5843,4007,9850
243832,7,999,1,141,298,153,383,439,536,294,681,975
243841,7,999,1,39,187,7,59,226,66,46,246,292
244437,7,999,1,272,508,861,2333,780,3194,1133,2841,3974
244446,7,999,1,117,155,224,666,272,890,341,821,1162
245281,7,999,1,30,26,0,0,56,0,30,26,56
245625,7,999,1,22,36,68,187,58,255,90,223,313
246789,7,999,1,14,11,58,33,25,91,72,44,116
246813,7,999,1,52,92,237,682,144,919,289,774,1063
246895,7,999,1,34,59,22,26,93,48,56,85,141
247603,7,999,1,58,96,98,190,154,288,156,286,442
247834,7,999,1,759,873,1694,3211,1632,4905,2453,4084,6537
247940,7,999,1,134,206,334,424,340,758,468,630,1098
248925,7,999,1,70,114,48,25,184,73,118,139,257
248934,7,999,1,3368,4815,9,26,8183,35,3377,4841,8218
249238,7,999,1,5,62,4,65,67,69,9,127,136
251260,7,999,1,90,152,135,395,242,530,225,547,772
260813,7,999,1,15,150,0,0,165,0,15,150,165
260929,7,999,1,10,48,0,1,58,1,10,49,59
262031,7,999,1,85,149,254,638,234,892,339,787,1126
262086,7,999,1,652,1482,1577,3925,2134,5502,2229,5407,7636
262129,7,999,1,26,20,5,0,46,5,31,20,51
262341,7,999,1,108,16,0,0,124,0,108,16,124
363165,7,999,1,127,127,43,18,254,61,170,145,315
363633,7,999,1,10,37,109,128,47,237,119,165,284
363907,7,999,1,87,88,69,73,175,142,156,161,317
363916,7,999,1,13,36,8,16,49,24,21,52,73
364016,7,999,1,120,96,593,1064,216,1657,713,1160,1873
364025,7,999,1,203,160,778,1109,363,1887,981,1269,2250
364636,7,999,1,10,34,0,9,44,9,10,43,53
365198,7,999,1,2,23,24,29,25,53,26,52,78
365480,7,999,1,5,42,21,23,47,44,26,65,91
366003,7,999,1,24,66,83,75,90,158,107,141,248
366252,7,999,1,149,113,128,255,262,383,277,368,645
366395,7,999,1,334,479,702,1604,813,2306,1036,2083,3119
366401,7,999,1,101,114,582,1151,215,1733,683,1265,1948
366465,7,999,1,56,167,84,270,223,354,140,437,577
366623,7,999,1,2,7,1,0,9,1,3,7,10
366632,7,999,1,0,4,0,0,4,0,0,4,4
366711,7,999,1,848,1223,536,870,2071,1406,1384,2093,3477
367334,7,999,1,109,17,30,4,126,34,139,21,160
367459,7,999,1,114,147,404,782,261,1186,518,929,1447
367954,7,999,1,1215,2482,88,280,3697,368,1303,2762,4065
368230,7,999,1,1,32,3,20,33,23,4,52,56
368911,7,999,1,18,71,69,273,89,342,87,344,431
372356,7,999,1,0,53,0,0,53,0,0,53,53
374574,7,999,1,27,120,9,116,147,125,36,236,272
375106,7,999,1,83,20,12,1,103,13,95,21,116
375407,7,999,1,11,31,5,3,42,8,16,34,50
375416,7,999,1,38,76,0,0,114,0,38,76,114
375726,7,999,1,54,115,55,9,169,64,109,124,233
375984,7,999,1,5,50,2,22,55,24,7,72,79
376288,7,999,1,15,39,0,0,54,0,15,39,54
376385,7,999,1,47,43,1,4,90,5,48,47,95
376446,7,999,1,1,8,0,39,9,39,1,47,48
376631,7,999,1,6,1,0,0,7,0,6,1,7
377218,7,999,1,39,3,0,0,42,0,39,3,42
377643,7,999,1,5,35,0,0,40,0,5,35,40
377722,7,999,1,13,169,0,0,182,0,13,169,182
379621,7,999,1,3,33,0,14,36,14,3,47,50
380359,7,999,1,27,93,27,209,120,236,54,302,356
382258,7,999,1,2,28,3,29,30,32,5,57,62
383190,7,999,1,93,92,116,375,185,491,209,467,676
383765,7,999,1,1,35,1,24,36,25,2,59,61
383996,7,999,1,11,27,61,128,38,189,72,155,227
384254,7,999,1,24,8,0,1,32,1,24,9,33
384333,7,999,1,104,182,527,1066,286,1593,631,1248,1879
384342,7,999,1,66,135,259,604,201,863,325,739,1064
385415,7,999,1,341,406,90,108,747,198,431,514,945
395362,7,999,1,36,94,153,359,130,512,189,453,642
399212,7,999,1,91,83,3581,1036,174,4617,3672,1119,4791
399911,7,999,1,5,2,0,0,7,0,5,2,7
400187,7,999,1,34,172,16,113,206,129,50,285,335
401764,7,999,1,0,27,1,74,27,75,1,101,102
403469,7,999,1,4,21,693,274,25,967,697,295,992
403478,7,999,1,8,48,19,38,56,57,27,86,113
403487,7,999,1,5,21,18,154,26,172,23,175,198
404222,7,999,1,49,102,2,1,151,3,51,103,154
404426,7,999,1,72,73,222,365,145,587,294,438,732
404684,7,999,1,13,46,0,0,59,0,13,46,59
405872,7,999,1,45,36,130,304,81,434,175,340,515
407179,7,999,1,1,19,1,9,20,10,2,28,30
407461,7,999,1,30,9,0,0,39,0,30,9,39
407470,7,999,1,2,45,1,23,47,24,3,68,71
407735,7,999,1,0,12,0,0,12,0,0,12,12
407832,7,999,1,9,11,37,13,20,50,46,24,70
408066,7,999,1,7,24,5,15,31,20,12,39,51
408844,7,999,1,304,782,153,532,1086,685,457,1314,1771
409254,7,999,1,0,30,5,247,30,252,5,277,282
409591,7,999,1,2,14,7,14,16,21,9,28,37
409698,7,999,1,421,790,297,407,1211,704,718,1197,1915
412544,7,999,1,6,31,1,32,37,33,7,63,70
413617,7,999,1,17,29,33,102,46,135,50,131,181
414878,7,999,1,612,212,1364,545,824,1909,1976,757,2733
414911,7,999,1,39,89,49,139,128,188,88,228,316
414966,7,999,1,10,12,52,56,22,108,62,68,130
415039,7,999,1,0,10,0,4,10,4,0,14,14
416801,7,999,1,40,130,11,24,170,35,51,154,205
417008,7,999,1,0,23,0,0,23,0,0,23,23
417655,7,999,1,1,5,0,0,6,0,1,5,6
417716,7,999,1,2,140,0,0,142,0,2,140,142
417734,7,999,1,11,17,8,37,28,45,19,54,73
417752,7,999,1,3,0,0,0,3,0,3,0,3
417840,7,999,1,18,255,0,0,273,0,18,255,273
417886,7,999,1,0,11,0,0,11,0,0,11,11
417910,7,999,1,16,114,0,0,130,0,16,114,130
418029,7,999,1,1,26,0,0,27,0,1,26,27
418065,7,999,1,8,86,4,34,94,38,12,120,132
418083,7,999,1,5,34,0,0,39,0,5,34,39
418481,7,999,1,0,17,0,0,17,0,0,17,17
418533,7,999,1,7,70,5,21,77,26,12,91,103
418588,7,999,1,0,12,0,0,12,0,0,12,12
419031,7,999,1,1,8,0,0,9,0,1,8,9
420042,7,999,1,13,11,0,0,24,0,13,11,24
420130,7,999,1,8,173,0,0,181,0,8,173,181
420246,7,999,1,61,418,10,30,479,40,71,448,519
420343,7,999,1,61,4,60,1,65,61,121,5,126
420431,7,999,1,56,124,152,440,180,592,208,564,772
420440,7,999,1,28,41,84,253,69,337,112,294,406
420538,7,999,1,38,84,59,173,122,232,97,257,354
420556,7,999,1,16,47,27,77,63,104,43,124,167
421610,7,999,1,4,26,0,2,30,2,4,28,32
421717,7,999,1,7,1,7,3,8,10,14,4,18
423643,7,999,1,1168,1425,26,52,2593,78,1194,1477,2671
423652,7,999,1,12,56,28,68,68,96,40,124,164
426314,7,999,1,2578,631,5249,957,3209,6206,7827,1588,9415
428055,7,999,1,6,45,0,0,51,0,6,45,51
430227,7,999,1,1,23,0,9,24,9,1,32,33
430403,7,999,1,10,158,0,0,168,0,10,158,168
430564,7,999,1,1,6,6,9,7,15,7,15,22
430971,7,999,1,5,20,0,0,25,0,5,20,25
431275,7,999,1,0,5,2,15,5,17,2,20,22
431284,7,999,1,0,28,0,5,28,5,0,33,33
433040,7,999,1,2,25,0,0,27,0,2,25,27
433101,7,999,1,23,137,7,105,160,112,30,242,272
433387,7,999,1,51066,88929,0,0,139995,0,51066,88929,139995
433420,7,999,1,138,17,0,0,155,0,138,17,155
433660,7,999,1,430,614,321,564,1044,885,751,1178,1929
434061,7,999,1,235,592,246,820,827,1066,481,1412,1893
434159,7,999,1,181,47,0,0,228,0,181,47,228
434469,7,999,1,2,145,0,2,147,2,2,147,149
434584,7,999,1,3,11,21,68,14,89,24,79,103
434672,7,999,1,306,483,1356,3783,789,5139,1662,4266,5928
435000,7,999,1,203,211,20,47,414,67,223,258,481
436553,7,999,1,34,170,0,0,204,0,34,170,204
436818,7,999,1,20,29,11,16,49,27,31,45,76
436827,7,999,1,14,21,3,7,35,10,17,28,45
436836,7,999,1,57,59,20,21,116,41,77,80,157
437103,7,999,1,298,745,568,1811,1043,2379,866,2556,3422
438586,7,999,1,245,462,58,116,707,174,303,578,881
438708,7,999,1,9,35,11,56,44,67,20,91,111
439190,7,999,1,53,50,85,76,103,161,138,126,264
439367,7,999,1,283,633,0,0,916,0,283,633,916
439844,7,999,1,0,7,0,0,7,0,0,7,7
440031,7,999,1,108,195,6,19,303,25,114,214,328
440101,7,999,1,0,22,2,26,22,28,2,48,50
440271,7,999,1,48,40,0,0,88,0,48,40,88
440749,7,999,1,5,1,27,12,6,39,32,13,45
440828,7,999,1,80,125,101,111,205,212,181,236,417
441131,7,999,1,39,114,25,88,153,113,64,202,266
441371,7,999,1,175,5128,0,10,5303,10,175,5138,5313
441690,7,999,1,25,18,62,33,43,95,87,51,138
441760,7,999,1,177,206,204,506,383,710,381,712,1093
441900,7,999,1,103,367,303,1175,470,1478,406,1542,1948
441937,7,999,1,341,546,360,581,887,941,701,1127,1828
442073,7,999,1,25,108,9,93,133,102,34,201,235
442240,7,999,1,22,71,20,64,93,84,42,135,177
442329,7,999,1,220,39,0,0,259,0,220,39,259
442356,7,999,1,34,181,94,719,215,813,128,900,1028
442523,7,999,1,3,4,2,1,7,3,5,5,10
442930,7,999,1,42,96,7,5,138,12,49,101,150
443049,7,999,1,79,65,88,63,144,151,167,128,295
443058,7,999,1,28,37,66,77,65,143,94,114,208
443100,7,999,1,15,12,0,0,27,0,15,12,27
443331,7,999,1,266,1050,71,267,1316,338,337,1317,1654
443641,7,999,1,0,28,0,12,28,12,0,40,40
444219,7,999,1,74,121,1087,1608,195,2695,1161,1729,2890
444282,7,999,1,0,11,1,30,11,31,1,41,42
444291,7,999,1,2,30,1,18,32,19,3,48,51
444307,7,999,1,0,24,1,5,24,6,1,29,30
444468,7,999,1,0,9,0,3,9,3,0,12,12
444486,7,999,1,7,85,1,17,92,18,8,102,110
444556,7,999,1,73,67,0,0,140,0,73,67,140
444565,7,999,1,47,58,23,33,105,56,70,91,161
444583,7,999,1,31,46,0,0,77,0,31,46,77
444671,7,999,1,14,26,0,0,40,0,14,26,40
444787,7,999,1,196,1381,153,838,1577,991,349,2219,2568
445027,7,999,1,4672,6955,299,729,11627,1028,4971,7684,12655
445133,7,999,1,33,51,22,40,84,62,55,91,146
445188,7,999,1,465,360,17,2,825,19,482,362,844
445212,7,999,1,6,11,6,30,17,36,12,41,53
445267,7,999,1,72,395,166,558,467,724,238,953,1191
445498,7,999,1,6,0,0,0,6,0,6,0,6
445708,7,999,1,21,15,2,4,36,6,23,19,42
445911,7,999,1,29,80,25,64,109,89,54,144,198
445948,7,999,1,172,900,0,0,1072,0,172,900,1072
446206,7,999,1,1,13,0,6,14,6,1,19,20
446233,7,999,1,9,6,2,4,15,6,11,10,21
446251,7,999,1,20,44,0,0,64,0,20,44,64
446288,7,999,1,0,16,0,8,16,8,0,24,24
446774,7,999,1,84,119,876,1559,203,2435,960,1678,2638
447148,7,999,1,3,33,0,24,36,24,3,57,60
447166,7,999,1,1,7,0,9,8,9,1,16,17
447175,7,999,1,2,15,0,16,17,16,2,31,33
447582,7,999,1,57,155,22,99,212,121,79,254,333
447689,7,999,1,383,562,399,679,945,1078,782,1241,2023
447698,7,999,1,12,70,10,33,82,43,22,103,125
447759,7,999,1,51,91,3,14,142,17,54,105,159
447999,7,999,1,24,99,0,0,123,0,24,99,123
448026,7,999,1,2,22,0,5,24,5,2,27,29
448196,7,999,1,5,65,0,2,70,2,5,67,72
448220,7,999,1,3,36,0,0,39,0,3,36,39
448248,7,999,1,19,36,460,163,55,623,479,199,678
448594,7,999,1,81,168,225,496,249,721,306,664,970
448673,7,999,1,83,774,123,1047,857,1170,206,1821,2027
448798,7,999,1,5,56,0,0,61,0,5,56,61
449320,7,999,1,47,2,35,1,49,36,82,3,85
449357,7,999,1,2,63,0,0,65,0,2,63,65
449384,7,999,1,48,24,128,67,72,195,176,91,267
449472,7,999,1,0,30,0,0,30,0,0,30,30
449481,7,999,1,6,37,0,0,43,0,6,37,43
449889,7,999,1,2249,7156,0,0,9405,0,2249,7156,9405
449922,7,999,1,29,37,0,2,66,2,29,39,68
449959,7,999,1,13,24,10,18,37,28,23,42,65
449968,7,999,1,25,60,9,26,85,35,34,86,120
449977,7,999,1,0,41,0,19,41,19,0,60,60
449986,7,999,1,14,51,12,46,65,58,26,97,123
449995,7,999,1,3,24,1,25,27,26,4,49,53
450571,7,999,1,17,147,24,185,164,209,41,332,373
450599,7,999,1,0,11,0,0,11,0,0,11,11
450605,7,999,1,0,13,0,9,13,9,0,22,22
450614,7,999,1,1,32,1,16,33,17,2,48,50
450641,7,999,1,6,43,3,57,49,60,9,100,109
450720,7,999,1,0,59,1,113,59,114,1,172,173
450933,7,999,1,6124,4152,3317,1355,10276,4672,9441,5507,14948
451079,7,999,1,14,57,0,0,71,0,14,57,71
451121,7,999,1,1,24,4,25,25,29,5,49,54
451510,7,999,1,105,110,19,18,215,37,124,128,252
451565,7,999,1,9,46,6,1,55,7,15,47,62
451583,7,999,1,25,19,218,41,44,259,243,60,303
451714,7,999,1,6,81,13,44,87,57,19,125,144
451750,7,999,1,33,189,25,255,222,280,58,444,502
451857,7,999,1,2,39,0,0,41,0,2,39,41
451918,7,999,1,6,37,0,0,43,0,6,37,43
452009,7,999,1,0,11,0,0,11,0,0,11,11
453297,7,999,1,0,0,1,10,0,11,1,10,11
454227,7,999,1,322,2583,2082,19530,2905,21612,2404,22113,24517
454236,7,999,1,14,116,25,179,130,204,39,295,334
454245,7,999,1,35,151,57,253,186,310,92,404,496
454652,7,999,1,1,24,0,0,25,0,1,24,25
454698,7,999,1,34,48,0,0,82,0,34,48,82
454768,7,999,1,13,36,8,48,49,56,21,84,105
454777,7,999,1,12,66,7,39,78,46,19,105,124
454810,7,999,1,1861,5123,0,0,6984,0,1861,5123,6984
454926,7,999,1,9,103,2,22,112,24,11,125,136
454944,7,999,1,5,35,0,0,40,0,5,35,40
455026,7,999,1,0,0,22,3,0,25,22,3,25
455080,7,999,1,16,49,0,1,65,1,16,50,66
455114,7,999,1,323,334,512,1086,657,1598,835,1420,2255
455196,7,999,1,231,2579,0,0,2810,0,231,2579,2810
455284,7,999,1,1,48,0,25,49,25,1,73,74
455406,7,999,1,234,280,0,1,514,1,234,281,515
455512,7,999,1,45,78,281,747,123,1028,326,825,1151
455831,7,999,1,7,73,0,0,80,0,7,73,80
455868,7,999,1,22,128,0,0,150,0,22,128,150
455901,7,999,1,1,16,5,15,17,20,6,31,37
456029,7,999,1,7,54,0,19,61,19,7,73,80
456065,7,999,1,1,42,0,3,43,3,1,45,46
456074,7,999,1,2,30,0,1,32,1,2,31,33
456135,7,999,1,1,26,0,17,27,17,1,43,44
456481,7,999,1,2,6,21,26,8,47,23,32,55
456542,7,999,1,168,194,21,50,362,71,189,244,433
456825,7,999,1,1,30,0,20,31,20,1,50,51
456959,7,999,1,6,16,1,8,22,9,7,24,31
457031,7,999,1,0,7,0,3,7,3,0,10,10
457129,7,999,1,12,149,59,444,161,503,71,593,664
457253,7,999,1,1,27,3,41,28,44,4,68,72
457299,7,999,1,46,227,3,23,273,26,49,250,299
457323,7,999,1,22,113,0,0,135,0,22,113,135
457475,7,999,1,1,12,0,0,13,0,1,12,13
457493,7,999,1,0,25,0,0,25,0,0,25,25
457527,7,999,1,1,12,15,151,13,166,16,163,179
457545,7,999,1,1,11,0,8,12,8,1,19,20
457633,7,999,1,0,31,4,86,31,90,4,117,121
457679,7,999,1,0,9,0,0,9,0,0,9,9
457855,7,999,1,0,20,0,6,20,6,0,26,26
458140,7,999,1,41,6,0,0,47,0,41,6,47
458210,7,999,1,544,2005,175,641,2549,816,719,2646,3365
458229,7,999,1,315,1094,81,271,1409,352,396,1365,1761
458274,7,999,1,0,49,0,9,49,9,0,58,58
458803,7,999,1,0,43,0,30,43,30,0,73,73
458812,7,999,1,1,25,1,9,26,10,2,34,36
458821,7,999,1,0,21,0,0,21,0,0,21,21
458830,7,999,1,0,45,3,26,45,29,3,71,74
458858,7,999,1,1,50,1,55,51,56,2,105,107
458867,7,999,1,4,55,1,27,59,28,5,82,87
459019,7,999,1,4,19,0,8,23,8,4,27,31
459046,7,999,1,1,18,1,5,19,6,2,23,25
459055,7,999,1,0,16,1,9,16,10,1,25,26
459064,7,999,1,2,14,1,13,16,14,3,27,30
459116,7,999,1,3,33,0,0,36,0,3,33,36
459170,7,999,1,16,40,1,67,56,68,17,107,124
459198,7,999,1,20,68,3,39,88,42,23,107,130
459231,7,999,1,11,59,0,0,70,0,11,59,70
459286,7,999,1,11,37,4,14,48,18,15,51,66
459301,7,999,1,1,26,1,11,27,12,2,37,39
459392,7,999,1,6,15,0,16,21,16,6,31,37
459417,7,999,1,5,0,1,0,5,1,6,0,6
459523,7,999,1,5,40,0,0,45,0,5,40,45
459578,7,999,1,9,31,11,15,40,26,20,46,66
459736,7,999,1,313,528,44,65,841,109,357,593,950
459949,7,999,1,382,596,672,1257,978,1929,1054,1853,2907
460349,7,999,1,69,208,501,981,277,1482,570,1189,1759
460394,7,999,1,149,195,1099,1632,344,2731,1248,1827,3075
460464,7,999,1,163,90,969,1332,253,2301,1132,1422,2554
460677,7,999,1,21,166,6,33,187,39,27,199,226
460862,7,999,1,1,50,3,49,51,52,4,99,103
460871,7,999,1,14,132,39,323,146,362,53,455,508
460932,7,999,1,0,21,0,0,21,0,0,21,21
461193,7,999,1,0,31,0,2,31,2,0,33,33
461272,7,999,1,0,12,0,20,12,20,0,32,32
461379,7,999,1,0,3,6,17,3,23,6,20,26
461421,7,999,1,8,57,0,2,65,2,8,59,67
461591,7,999,1,2,45,0,0,47,0,2,45,47
461643,7,999,1,1,14,0,0,15,0,1,14,15
461652,7,999,1,3,36,0,0,39,0,3,36,39
461704,7,999,1,5,50,1,3,55,4,6,53,59
461759,7,999,1,36,32,15,19,68,34,51,51,102
461829,7,999,1,16,31,0,0,47,0,16,31,47
461883,7,999,1,30,33,4,10,63,14,34,43,77
461917,7,999,1,0,24,0,16,24,16,0,40,40
462008,7,999,1,8,47,1,35,55,36,9,82,91
462071,7,999,1,12,59,1,3,71,4,13,62,75
463056,7,999,1,22,17,20,17,39,37,42,34,76
466921,7,999,1,2,63,14,159,65,173,16,222,238
466930,7,999,1,40,285,136,925,325,1061,176,1210,1386
467863,7,999,1,19,32,9,21,51,30,28,53,81
467872,7,999,1,4,64,2,45,68,47,6,109,115
468893,7,999,1,1,24,0,28,25,28,1,52,53
470047,7,999,1,11,18,0,0,29,0,11,18,29
474863,7,999,1,132,476,189,835,608,1024,321,1311,1632
474915,7,999,1,1,48,0,77,49,77,1,125,126
474924,7,999,1,0,4,1,46,4,47,1,50,51
475200,7,999,1,9,17,39,97,26,136,48,114,162
475431,7,999,1,3,24,0,0,27,0,3,24,27
475486,7,999,1,10,61,5,31,71,36,15,92,107
475547,7,999,1,8,10,3,18,18,21,11,28,39
475556,7,999,1,0,24,4,29,24,33,4,53,57
475653,7,999,1,1,13,0,0,14,0,1,13,14
475723,7,999,1,35,22,73,44,57,117,108,66,174
475732,7,999,1,30,247,77,735,277,812,107,982,1089
475741,7,999,1,5,56,7,80,61,87,12,136,148
475839,7,999,1,78,38,56,54,116,110,134,92,226
476063,7,999,1,158,10,0,0,168,0,158,10,168
476179,7,999,1,5,33,4,29,38,33,9,62,71
476805,7,999,1,0,16,0,0,16,0,0,16,16
476841,7,999,1,4,41,4,35,45,39,8,76,84
476975,7,999,1,647,713,2905,3927,1360,6832,3552,4640,8192
476984,7,999,1,3,53,3,26,56,29,6,79,85
477039,7,999,1,122,672,46,305,794,351,168,977,1145
478582,7,999,1,2,45,1,26,47,27,3,71,74
478616,7,999,1,2,24,1,17,26,18,3,41,44
478953,7,999,1,3,67,0,0,70,0,3,67,70
479956,7,999,1,685,778,4342,3894,1463,8236,5027,4672,9699
479983,7,999,1,9,35,0,0,44,0,9,35,44
480028,7,999,1,114,29,1,0,143,1,115,29,144
480091,7,999,1,417,3864,273,2145,4281,2418,690,6009,6699
480310,7,999,1,0,25,0,6,25,6,0,31,31
480569,7,999,1,136,226,301,340,362,641,437,566,1003
480657,7,999,1,25,213,24,208,238,232,49,421,470
480790,7,999,1,668,623,2,2,1291,4,670,625,1295
480921,7,999,1,32,7,0,0,39,0,32,7,39
480930,7,999,1,0,9,0,5,9,5,0,14,14
480976,7,999,1,1,7,0,0,8,0,1,7,8
481191,7,999,1,11,96,0,0,107,0,11,96,107
481225,7,999,1,7,0,0,0,7,0,7,0,7
481526,7,999,1,1,133,0,0,134,0,1,133,134
481535,7,999,1,18,20,0,0,38,0,18,20,38
481678,7,999,1,0,9,0,15,9,15,0,24,24
481739,7,999,1,1,12,0,6,13,6,1,18,19
481748,7,999,1,2,26,0,13,28,13,2,39,41
481845,7,999,1,1,18,1,15,19,16,2,33,35
482149,7,999,1,809,1405,277,675,2214,952,1086,2080,3166
482158,7,999,1,381,591,527,847,972,1374,908,1438,2346
482167,7,999,1,0,20,0,70,20,70,0,90,90
482176,7,999,1,4,67,2,25,71,27,6,92,98
482413,7,999,1,130,110,109,174,240,283,239,284,523
482422,7,999,1,14,9,17,17,23,34,31,26,57
482431,7,999,1,426,292,372,350,718,722,798,642,1440
482459,7,999,1,45,58,69,92,103,161,114,150,264
482468,7,999,1,94,111,96,175,205,271,190,286,476
482477,7,999,1,3100,5169,4702,9663,8269,14365,7802,14832,22634
482547,7,999,1,3,1,3,2,4,5,6,3,9
482556,7,999,1,13,13,23,11,26,34,36,24,60
482565,7,999,1,2,1,4,4,3,8,6,5,11
482574,7,999,1,44,36,43,61,80,104,87,97,184
482635,7,999,1,29,15,28,22,44,50,57,37,94
482653,7,999,1,16,15,18,16,31,34,34,31,65
482680,7,999,1,350,439,547,876,789,1423,897,1315,2212
482699,7,999,1,18,115,27,125,133,152,45,240,285
482705,7,999,1,109,376,1694,2559,485,4253,1803,2935,4738
482936,7,999,1,51,10,27,11,61,38,78,21,99
483036,7,999,1,169,243,378,713,412,1091,547,956,1503
483045,7,999,1,267,504,675,1519,771,2194,942,2023,2965
483054,7,999,1,46,17,0,0,63,0,46,17,63
483124,7,999,1,4523,7964,11843,16619,12487,28462,16366,24583,40949
483328,7,999,1,3,7,2,6,10,8,5,13,18
483337,7,999,1,0,25,0,20,25,20,0,45,45
483559,7,999,1,1,10,2,12,11,14,3,22,25
483595,7,999,1,1084,3234,519,1650,4318,2169,1603,4884,6487
483823,7,999,1,250,104,0,0,354,0,250,104,354
483911,7,999,1,0,5,0,0,5,0,0,5,5
483975,7,999,1,281,277,6,1,558,7,287,278,565
484011,7,999,1,13,17,0,8,30,8,13,25,38
484093,7,999,1,0,16,2,18,16,20,2,34,36
484109,7,999,1,0,10,0,0,10,0,0,10,10
484190,7,999,1,8,4,0,0,12,0,8,4,12
484394,7,999,1,4,10,7,11,14,18,11,21,32
484473,7,999,1,150,209,648,747,359,1395,798,956,1754
484613,7,999,1,22175,55769,0,0,77944,0,22175,55769,77944
484631,7,999,1,320,295,0,0,615,0,320,295,615
484710,7,999,1,22,8,0,0,30,0,22,8,30
484756,7,999,1,26,29,0,0,55,0,26,29,55
484905,7,999,1,184,327,363,661,511,1024,547,988,1535
485014,7,999,1,1,26,1,20,27,21,2,46,48
485032,7,999,1,4,39,3,42,43,45,7,81,88
485111,7,999,1,149,376,286,657,525,943,435,1033,1468
485272,7,999,1,34,270,29,230,304,259,63,500,563
485397,7,999,1,0,37,0,28,37,28,0,65,65
485458,7,999,1,38,169,167,507,207,674,205,676,881
485476,7,999,1,1,40,0,0,41,0,1,40,41
485494,7,999,1,61,5,8,3,66,11,69,8,77
485768,7,999,1,216,306,0,0,522,0,216,306,522
486123,7,999,1,10,12,0,0,22,0,10,12,22
486567,7,999,1,3,76,0,1,79,1,3,77,80
486691,7,999,1,2,30,0,26,32,26,2,56,58
486798,7,999,1,452,76,0,0,528,0,452,76,528
486840,7,999,1,1686,1550,2654,2728,3236,5382,4340,4278,8618
486877,7,999,1,0,1,0,0,1,0,0,1,1
486886,7,999,1,0,2,0,2,2,2,0,4,4
486938,7,999,1,21,115,40,203,136,243,61,318,379
486947,7,999,1,13,127,31,189,140,220,44,316,360
486956,7,999,1,54,262,88,549,316,637,142,811,953
486983,7,999,1,7,9,0,0,16,0,7,9,16
487010,7,999,1,667,933,51,151,1600,202,718,1084,1802
487162,7,999,1,82,347,192,713,429,905,274,1060,1334
487348,7,999,1,1,12,0,24,13,24,1,36,37
487524,7,999,1,56,110,138,351,166,489,194,461,655
487676,7,999,1,1,31,3,21,32,24,4,52,56
487773,7,999,1,0,3,2,8,3,10,2,11,13
487861,7,999,1,31,164,6,49,195,55,37,213,250
487922,7,999,1,0,10,0,2,10,2,0,12,12
487995,7,999,1,16,46,19,54,62,73,35,100,135
488013,7,999,1,6,111,1,15,117,16,7,126,133
488031,7,999,1,75,93,0,1,168,1,75,94,169
488077,7,999,1,2251,73,1109,18,2324,1127,3360,91,3451
488271,7,999,1,2,33,0,0,35,0,2,33,35
488305,7,999,1,11,6,17,9,17,26,28,15,43
488332,7,999,1,23,174,0,0,197,0,23,174,197
488989,7,999,1,0,33,1,17,33,18,1,50,51
488998,7,999,1,9,25,0,0,34,0,9,25,34
489140,7,999,1,2,11,7,15,13,22,9,26,35
489201,7,999,1,40,98,568,1223,138,1791,608,1321,1929
489256,7,999,1,40,1,0,0,41,0,40,1,41
489335,7,999,1,1,3,29,12,4,41,30,15,45
489344,7,999,1,5,58,14,112,63,126,19,170,189
489353,7,999,1,47,144,32,117,191,149,79,261,340
489779,7,999,1,3367,6328,10196,16589,9695,26785,13563,22917,36480
489858,7,999,1,162,328,2,2,490,4,164,330,494
490115,7,999,1,14,3,0,0,17,0,14,3,17
490230,7,999,1,101,132,1,0,233,1,102,132,234
490258,7,999,1,9,40,0,0,49,0,9,40,49
490300,7,999,1,0,12,12,10,12,22,12,22,34
490416,7,999,1,11,2,0,0,13,0,11,2,13
490425,7,999,1,2,73,0,0,75,0,2,73,75
490601,7,999,1,276,222,4,0,498,4,280,222,502
490753,7,999,1,9,31,0,0,40,0,9,31,40
490805,7,999,1,289,380,327,863,669,1190,616,1243,1859
491136,7,999,1,1,19,1,15,20,16,2,34,36
491145,7,999,1,0,22,0,13,22,13,0,35,35
491534,7,999,1,0,0,2,6,0,8,2,6,8
491598,7,999,1,1,18,0,0,19,0,1,18,19
491808,7,999,1,32,132,6,22,164,28,38,154,192
491826,7,999,1,0,36,0,0,36,0,0,36,36
491835,7,999,1,0,25,0,0,25,0,0,25,25
491941,7,999,1,4,50,0,0,54,0,4,50,54
491978,7,999,1,3,3,10,13,6,23,13,16,29
492209,7,999,1,7,24,0,5,31,5,7,29,36
492476,7,999,1,8,53,25,101,61,126,33,154,187
492689,7,999,1,203,298,5,29,501,34,208,327,535
492759,7,999,1,10,95,18,123,105,141,28,218,246
492801,7,999,1,86,172,80,141,258,221,166,313,479
492962,7,999,1,335,573,503,741,908,1244,838,1314,2152
493451,7,999,1,11,32,0,0,43,0,11,32,43
493655,7,999,1,8,5,0,1,13,1,8,6,14
493673,7,999,1,32,38,37,52,70,89,69,90,159
493804,7,999,1,36,13,0,0,49,0,36,13,49
493831,7,999,1,13,11,0,0,24,0,13,11,24
494010,7,999,1,30,58,1,2,88,3,31,60,91
494278,7,999,1,4,61,21,102,65,123,25,163,188
494287,7,999,1,29,91,70,196,120,266,99,287,386
494472,7,999,1,0,3,0,1,3,1,0,4,4
494551,7,999,1,2,6,2,19,8,21,4,25,29
494898,7,999,1,10,43,0,0,53,0,10,43,53
494959,7,999,1,1,9,5,19,10,24,6,28,34
495077,7,999,1,3,23,0,0,26,0,3,23,26
495101,7,999,1,6,30,0,0,36,0,6,30,36
495271,7,999,1,0,5,10,39,5,49,10,44,54
495314,7,999,1,137,112,0,0,249,0,137,112,249
495350,7,999,1,6,4,0,0,10,0,6,4,10
495369,7,999,1,4,10,3,17,14,20,7,27,34
495411,7,999,1,4,18,0,0,22,0,4,18,22
495518,7,999,1,0,13,1,13,13,14,1,26,27
496043,7,999,1,162,141,0,0,303,0,162,141,303
496052,7,999,1,5,0,0,0,5,0,5,0,5
496618,7,999,1,7,102,0,0,109,0,7,102,109
496636,7,999,1,31,153,0,0,184,0,31,153,184
496733,7,999,1,2,28,0,0,30,0,2,28,30
497000,7,999,1,46,112,0,0,158,0,46,112,158
497037,7,999,1,64,263,49,174,327,223,113,437,550
497046,7,999,1,18,93,370,1208,111,1578,388,1301,1689
497107,7,999,1,0,0,24,105,0,129,24,105,129
497301,7,999,1,3,51,2,76,54,78,5,127,132
497417,7,999,1,0,5,0,0,5,0,0,5,5
497480,7,999,1,20,625,52,117,645,169,72,742,814
497790,7,999,1,7,7,0,0,14,0,7,7,14
498562,7,999,1,211,321,229,578,532,807,440,899,1339
498571,7,999,1,463,930,776,1819,1393,2595,1239,2749,3988
100663,7,999,2,275,339,544,936,614,1480,819,1275,2094
100706,7,999,2,263,233,323,268,496,591,586,501,1087
100751,7,999,2,322,347,580,841,669,1421,902,1188,2090
100760,7,999,2,12,55,37,140,67,177,49,195,244
100812,7,999,2,127,293,285,691,420,976,412,984,1396
100830,7,999,2,113,245,131,291,358,422,244,536,780
100858,7,999,2,370,145,230,159,515,389,600,304,904
100937,7,999,2,7,7,1,2,14,3,8,9,17
101143,7,999,2,75,91,80,168,166,248,155,259,414
101161,7,999,2,122,288,219,705,410,924,341,993,1334
101189,7,999,2,139,294,90,218,433,308,229,512,741
101240,7,999,2,145,291,175,544,436,719,320,835,1155
101286,7,999,2,65,233,141,705,298,846,206,938,1144
101295,7,999,2,112,240,197,580,352,777,309,820,1129
101301,7,999,2,13,69,13,185,82,198,26,254,280
101435,7,999,2,2,3,2,9,5,11,4,12,16
101453,7,999,2,10,0,35,3,10,38,45,3,48
101462,7,999,2,29,65,79,210,94,289,108,275,383
101480,7,999,2,213,278,153,258,491,411,366,536,902
101505,7,999,2,155,262,414,1175,417,1589,569,1437,2006
101514,7,999,2,203,242,573,1086,445,1659,776,1328,2104
101569,7,999,2,86,179,150,531,265,681,236,710,946
101587,7,999,2,132,626,48,143,758,191,180,769,949
101648,7,999,2,1,0,0,0,1,0,1,0,1
101709,7,999,2,29,59,29,49,88,78,58,108,166
101736,7,999,2,39,75,102,296,114,398,141,371,512
101897,7,999,2,43,78,74,187,121,261,117,265,382
101912,7,999,2,60,70,20,16,130,36,80,86,166
101994,7,999,2,9,36,3,80,45,83,12,116,128
102030,7,999,2,142,201,87,436,343,523,229,637,866
102049,7,999,2,13,18,8,19,31,27,21,37,58
102067,7,999,2,73,139,131,401,212,532,204,540,744
102076,7,999,2,38,101,79,179,139,258,117,280,397
102094,7,999,2,232,364,209,290,596,499,441,654,1095
102234,7,999,2,5,11,6,9,16,15,11,20,31
102313,7,999,2,87,157,101,292,244,393,188,449,637
102368,7,999,2,446,1010,772,1409,1456,2181,1218,2419,3637
102377,7,999,2,16,20,6,6,36,12,22,26,48
102395,7,999,2,11,8,58,9,19,67,69,17,86
102429,7,999,2,38,103,154,414,141,568,192,517,709
102553,7,999,2,490,564,1114,2054,1054,3168,1604,2618,4222
102614,7,999,2,224,307,525,1362,531,1887,749,1669,2418
102632,7,999,2,63,70,201,498,133,699,264,568,832
103741,7,999,2,4,38,1,36,42,37,5,74,79
104151,7,999,2,2069,1573,1009,775,3642,1784,3078,2348,5426
104160,7,999,2,146,157,469,1056,303,1525,615,1213,1828
104179,7,999,2,1232,1216,1585,1452,2448,3037,2817,2668,5485
104346,7,999,2,79,118,323,934,197,1257,402,1052,1454
104391,7,999,2,0,34,0,0,34,0,0,34,34
104425,7,999,2,112,207,474,520,319,994,586,727,1313
104443,7,999,2,4,17,1,8,21,9,5,25,30
104568,7,999,2,0,38,0,69,38,69,0,107,107
104577,7,999,2,228,87,713,1379,315,2092,941,1466,2407
104586,7,999,2,148,22,39,9,170,48,187,31,218
104708,7,999,2,283,246,1232,2088,529,3320,1515,2334,3849
104717,7,999,2,351,446,7838,25115,797,32953,8189,25561,33750
105145,7,999,2,124,253,492,1164,377,1656,616,1417,2033
105154,7,999,2,391,378,1883,2501,769,4384,2274,2879,5153
105206,7,999,2,126,217,363,1100,343,1463,489,1317,1806
105297,7,999,2,75,248,106,413,323,519,181,661,842
105330,7,999,2,548,868,555,1187,1416,1742,1103,2055,3158
105349,7,999,2,30,58,179,528,88,707,209,586,795
105428,7,999,2,262,331,882,1991,593,2873,1144,2322,3466
105525,7,999,2,312,404,1832,3207,716,5039,2144,3611,5755
105659,7,999,2,524,54,0,0,578,0,524,54,578
105668,7,999,2,173,289,1612,2687,462,4299,1785,2976,4761
105747,7,999,2,96,146,726,1232,242,1958,822,1378,2200
105792,7,999,2,43,81,285,516,124,801,328,597,925
106148,7,999,2,196,154,810,1796,350,2606,1006,1950,2956
106245,7,999,2,280,489,373,932,769,1305,653,1421,2074
106263,7,999,2,88,351,73,406,439,479,161,757,918
106324,7,999,2,0,4,0,5,4,5,0,9,9
106397,7,999,2,359,341,403,964,700,1367,762,1305,2067
106412,7,999,2,44,88,21,61,132,82,65,149,214
106449,7,999,2,88,150,85,229,238,314,173,379,552
106458,7,999,2,119,157,315,1049,276,1364,434,1206,1640
106467,7,999,2,185,358,163,444,543,607,348,802,1150
106546,7,999,2,21,200,3,21,221,24,24,221,245
106625,7,999,2,76,143,54,134,219,188,130,277,407
106713,7,999,2,42,28,7,11,70,18,49,39,88
106908,7,999,2,7,120,0,6,127,6,7,126,133
107080,7,999,2,3,0,3,1,3,4,6,1,7
107099,7,999,2,3,28,0,0,31,0,3,28,31
107141,7,999,2,22,55,30,43,77,73,52,98,150
107318,7,999,2,2,31,52,105,33,157,54,136,190
107512,7,999,2,4,2,7,5,6,12,11,7,18
107521,7,999,2,25,133,30,66,158,96,55,199,254
107558,7,999,2,7,4,3,5,11,8,10,9,19
107585,7,999,2,67,185,74,199,252,273,141,384,525
107600,7,999,2,72,68,5,14,140,19,77,82,159
107619,7,999,2,28,84,17,70,112,87,45,154,199
107664,7,999,2,212,436,308,787,648,1095,520,1223,1743
107725,7,999,2,16,67,28,180,83,208,44,247,291
107743,7,999,2,11,46,15,45,57,60,26,91,117
107789,7,999,2,1,13,0,0,14,0,1,13,14
107974,7,999,2,27,120,34,206,147,240,61,326,387
107983,7,999,2,44,131,25,80,175,105,69,211,280
107992,7,999,2,26,56,52,80,82,132,78,136,214
108092,7,999,2,156,302,159,299,458,458,315,601,916
108232,7,999,2,425,288,515,696,713,1211,940,984,1924
108667,7,999,2,118,98,682,1454,216,2136,800,1552,2352
108807,7,999,2,183,235,1007,1249,418,2256,1190,1484,2674
108852,7,999,2,14,26,0,0,40,0,14,26,40
109208,7,999,2,342,710,6745,5533,1052,12278,7087,6243,13330
109350,7,999,2,244,365,1172,1990,609,3162,1416,2355,3771
109785,7,999,2,141,374,85,189,515,274,226,563,789
109819,7,999,2,460,794,2730,3037,1254,5767,3190,3831,7021
109907,7,999,2,130,403,257,587,533,844,387,990,1377
109934,7,999,2,27,155,0,0,182,0,27,155,182
110097,7,999,2,71,64,68,102,135,170,139,166,305
110246,7,999,2,348,565,625,1113,913,1738,973,1678,2651
110316,7,999,2,17,55,1,6,72,7,18,61,79
110334,7,999,2,91,172,1166,1882,263,3048,1257,2054,3311
110361,7,999,2,372,654,170,342,1026,512,542,996,1538
110404,7,999,2,1,3,0,0,4,0,1,3,4
110413,7,999,2,74,64,6,18,138,24,80,82,162
110422,7,999,2,282,161,63,38,443,101,345,199,544
110486,7,999,2,378,758,266,543,1136,809,644,1301,1945
110495,7,999,2,394,882,300,574,1276,874,694,1456,2150
110510,7,999,2,940,1580,570,911,2520,1481,1510,2491,4001
110529,7,999,2,1602,1435,772,694,3037,1466,2374,2129,4503
110538,7,999,2,616,687,245,343,1303,588,861,1030,1891
110547,7,999,2,793,1407,722,1377,2200,2099,1515,2784,4299
110556,7,999,2,850,1228,504,634,2078,1138,1354,1862,3216
110565,7,999,2,1444,1560,1344,1901,3004,3245,2788,3461,6249
110574,7,999,2,899,1412,669,1059,2311,1728,1568,2471,4039
110583,7,999,2,1525,1660,1054,1122,3185,2176,2579,2782,5361
110592,7,999,2,1375,2002,859,1115,3377,1974,2234,3117,5351
110608,7,999,2,1795,2290,1256,1356,4085,2612,3051,3646,6697
110617,7,999,2,1588,1843,1230,1377,3431,2607,2818,3220,6038
110635,7,999,2,679,547,197,229,1226,426,876,776,1652
110644,7,999,2,540,582,78,91,1122,169,618,673,1291
110653,7,999,2,423,394,62,54,817,116,485,448,933
110662,7,999,2,531,491,52,39,1022,91,583,530,1113
110671,7,999,2,623,559,106,73,1182,179,729,632,1361
110680,7,999,2,719,542,112,64,1261,176,831,606,1437
110705,7,999,2,262,228,39,17,490,56,301,245,546
110714,7,999,2,363,298,65,57,661,122,428,355,783
110918,7,999,2,1,2,6,3,3,9,7,5,12
111188,7,999,2,60,15,4,4,75,8,64,19,83
111434,7,999,2,33,96,538,1395,129,1933,571,1491,2062
111461,7,999,2,290,244,4931,2537,534,7468,5221,2781,8002
111513,7,999,2,0,68,2,18,68,20,2,86,88
111887,7,999,2,763,1166,2800,3221,1929,6021,3563,4387,7950
111896,7,999,2,157,145,982,1039,302,2021,1139,1184,2323
111920,7,999,2,149,252,1914,1932,401,3846,2063,2184,4247
111939,7,999,2,410,807,1625,3443,1217,5068,2035,4250,6285
111948,7,999,2,86,54,27,25,140,52,113,79,192
112075,7,999,2,42,92,16,30,134,46,58,122,180
112084,7,999,2,11,4,10,17,15,27,21,21,42
112172,7,999,2,234,400,842,1349,634,2191,1076,1749,2825
112260,7,999,2,1,3,0,0,4,0,1,3,4
112367,7,999,2,7,18,20,119,25,139,27,137,164
112385,7,999,2,144,199,2815,1590,343,4405,2959,1789,4748
112561,7,999,2,72,125,248,398,197,646,320,523,843
112686,7,999,2,97,203,285,853,300,1138,382,1056,1438
112826,7,999,2,83,213,483,1275,296,1758,566,1488,2054
113096,7,999,2,173,244,1494,2783,417,4277,1667,3027,4694
113111,7,999,2,124,151,565,742,275,1307,689,893,1582
113193,7,999,2,161,209,1014,1200,370,2214,1175,1409,2584
113236,7,999,2,354,460,1239,1985,814,3224,1593,2445,4038
113333,7,999,2,482,543,1452,2096,1025,3548,1934,2639,4573
113537,7,999,2,0,5,0,0,5,0,0,5,5
113573,7,999,2,250,427,817,1669,677,2486,1067,2096,3163
113582,7,999,2,5,27,0,15,32,15,5,42,47
113634,7,999,2,308,398,1761,2470,706,4231,2069,2868,4937
113698,7,999,2,26,45,18,35,71,53,44,80,124
113856,7,999,2,392,618,6971,5941,1010,12912,7363,6559,13922
113980,7,999,2,434,607,1793,2852,1041,4645,2227,3459,5686
114266,7,999,2,124,200,755,1409,324,2164,879,1609,2488
114354,7,999,2,41,130,14,76,171,90,55,206,261
114433,7,999,2,9,23,471,227,32,698,480,250,730
114716,7,999,2,368,539,2440,1768,907,4208,2808,2307,5115
114761,7,999,2,5,33,0,0,38,0,5,33,38
114789,7,999,2,480,741,3391,3789,1221,7180,3871,4530,8401
114813,7,999,2,45,156,146,493,201,639,191,649,840
114859,7,999,2,384,456,1824,2528,840,4352,2208,2984,5192
114938,7,999,2,112,111,753,808,223,1561,865,919,1784
114947,7,999,2,27,53,0,0,80,0,27,53,80
115001,7,999,2,671,1050,889,1521,1721,2410,1560,2571,4131
115083,7,999,2,303,77,90,87,380,177,393,164,557
115126,7,999,2,145,185,1014,1368,330,2382,1159,1553,2712
115393,7,999,2,111,207,1292,1369,318,2661,1403,1576,2979
115755,7,999,2,396,490,166,203,886,369,562,693,1255
115861,7,999,2,205,414,688,855,619,1543,893,1269,2162
116439,7,999,2,138,156,798,1202,294,2000,936,1358,2294
116563,7,999,2,4,95,0,0,99,0,4,95,99
116846,7,999,2,1,12,0,2,13,2,1,14,15
117052,7,999,2,82,85,361,773,167,1134,443,858,1301
117104,7,999,2,38,40,15,15,78,30,53,55,108
117195,7,999,2,87,78,957,440,165,1397,1044,518,1562
117247,7,999,2,309,441,1399,2482,750,3881,1708,2923,4631
117274,7,999,2,45,43,818,182,88,1000,863,225,1088
117645,7,999,2,756,1102,2459,3812,1858,6271,3215,4914,8129
117672,7,999,2,6,87,94,274,93,368,100,361,461
117690,7,999,2,63,134,730,1538,197,2268,793,1672,2465
117706,7,999,2,239,320,1556,2552,559,4108,1795,2872,4667
117715,7,999,2,49,153,440,1509,202,1949,489,1662,2151
117724,7,999,2,406,281,1774,1724,687,3498,2180,2005,4185
117733,7,999,2,284,428,1824,3252,712,5076,2108,3680,5788
117788,7,999,2,445,565,1984,3087,1010,5071,2429,3652,6081
117803,7,999,2,0,0,37,110,0,147,37,110,147
117867,7,999,2,97,208,907,1939,305,2846,1004,2147,3151
117894,7,999,2,111,167,505,1145,278,1650,616,1312,1928
117946,7,999,2,59,44,19,6,103,25,78,50,128
118347,7,999,2,68,121,474,1105,189,1579,542,1226,1768
118684,7,999,2,71,147,275,797,218,1072,346,944,1290
118718,7,999,2,219,512,785,1356,731,2141,1004,1868,2872
118772,7,999,2,241,322,716,1874,563,2590,957,2196,3153
118930,7,999,2,142,198,741,1360,340,2101,883,1558,2441
118976,7,999,2,622,1290,928,2459,1912,3387,1550,3749,5299
119058,7,999,2,2,5,0,1,7,1,2,6,8
119067,7,999,2,211,241,840,1312,452,2152,1051,1553,2604
119137,7,999,2,152,217,883,1623,369,2506,1035,1840,2875
119164,7,999,2,756,857,2550,3719,1613,6269,3306,4576,7882
119216,7,999,2,376,745,1060,2518,1121,3578,1436,3263,4699
119331,7,999,2,80,133,282,593,213,875,362,726,1088
120166,7,999,2,1,2,0,0,3,0,1,2,3
120254,7,999,2,5,7,1,1,12,2,6,8,14
120290,7,999,2,159,217,887,969,376,1856,1046,1186,2232
120342,7,999,2,443,336,1610,1965,779,3575,2053,2301,4354
120403,7,999,2,47,53,4,7,100,11,51,60,111
120421,7,999,2,107,164,585,1002,271,1587,692,1166,1858
120865,7,999,2,32,82,18,67,114,85,50,149,199
120883,7,999,2,79,84,9,12,163,21,88,96,184
120953,7,999,2,311,54,3307,281,365,3588,3618,335,3953
120971,7,999,2,420,321,2882,2144,741,5026,3302,2465,5767
121044,7,999,2,450,635,2153,3541,1085,5694,2603,4176,6779
121150,7,999,2,27,13,39,57,40,96,66,70,136
121275,7,999,2,28,10,0,0,38,0,28,10,38
121309,7,999,2,68,66,72,211,134,283,140,277,417
121363,7,999,2,57,127,177,545,184,722,234,672,906
121619,7,999,2,353,473,7379,3913,826,11292,7732,4386,12118
121707,7,999,2,196,191,700,743,387,1443,896,934,1830
121886,7,999,2,293,294,4165,2137,587,6302,4458,2431,6889
121901,7,999,2,264,353,1482,2898,617,4380,1746,3251,4997
122180,7,999,2,316,568,2149,3906,884,6055,2465,4474,6939
122205,7,999,2,274,383,1423,3227,657,4650,1697,3610,5307
122296,7,999,2,109,355,15,91,464,106,124,446,570
122339,7,999,2,221,198,1906,2379,419,4285,2127,2577,4704
122375,7,999,2,291,301,2080,3187,592,5267,2371,3488,5859
122384,7,999,2,300,133,2685,2129,433,4814,2985,2262,5247
122409,7,999,2,1251,1232,634,647,2483,1281,1885,1879,3764
122436,7,999,2,160,57,11,13,217,24,171,70,241
122597,7,999,2,1403,1258,785,786,2661,1571,2188,2044,4232
122612,7,999,2,142,145,34,47,287,81,176,192,368
122658,7,999,2,467,821,743,1916,1288,2659,1210,2737,3947
122728,7,999,2,45,80,63,109,125,172,108,189,297
122746,7,999,2,187,244,943,1637,431,2580,1130,1881,3011
122755,7,999,2,1346,1205,912,972,2551,1884,2258,2177,4435
122791,7,999,2,105,107,726,1144,212,1870,831,1251,2082
122889,7,999,2,229,339,922,1712,568,2634,1151,2051,3202
122931,7,999,2,40,30,6,8,70,14,46,38,84
122977,7,999,2,642,806,2232,3573,1448,5805,2874,4379,7253
123013,7,999,2,320,411,2023,3058,731,5081,2343,3469,5812
123165,7,999,2,0,3,0,2,3,2,0,5,5
123217,7,999,2,258,401,968,1654,659,2622,1226,2055,3281
123341,7,999,2,303,423,1210,2015,726,3225,1513,2438,3951
123457,7,999,2,37,123,32,37,160,69,69,160,229
123484,7,999,2,56,60,156,167,116,323,212,227,439
123509,7,999,2,120,157,751,1269,277,2020,871,1426,2297
123563,7,999,2,140,295,1123,1444,435,2567,1263,1739,3002
123572,7,999,2,224,346,145,196,570,341,369,542,911
123800,7,999,2,446,701,1667,2182,1147,3849,2113,2883,4996
123952,7,999,2,26,13,9,0,39,9,35,13,48
123961,7,999,2,255,133,36,28,388,64,291,161,452
124113,7,999,2,41,130,1383,759,171,2142,1424,889,2313
124487,7,999,2,5,6,24,35,11,59,29,41,70
125028,7,999,2,160,191,893,1702,351,2595,1053,1893,2946
125231,7,999,2,176,1180,671,3539,1356,4210,847,4719,5566
125462,7,999,2,16,44,386,336,60,722,402,380,782
125471,7,999,2,238,357,1245,2231,595,3476,1483,2588,4071
125499,7,999,2,54,101,529,1213,155,1742,583,1314,1897
125763,7,999,2,21,16,3,9,37,12,24,25,49
125897,7,999,2,81,50,12,16,131,28,93,66,159
126119,7,999,2,84,168,394,961,252,1355,478,1129,1607
126182,7,999,2,50,42,126,52,92,178,176,94,270
126207,7,999,2,226,200,358,623,426,981,584,823,1407
126289,7,999,2,206,306,594,1451,512,2045,800,1757,2557
126562,7,999,2,753,670,543,776,1423,1319,1296,1446,2742
126580,7,999,2,612,559,360,498,1171,858,972,1057,2029
126614,7,999,2,704,251,467,320,955,787,1171,571,1742
126711,7,999,2,147,185,361,865,332,1226,508,1050,1558
126748,7,999,2,38,79,43,99,117,142,81,178,259
126775,7,999,2,123,29,57,20,152,77,180,49,229
126818,7,999,2,767,523,578,680,1290,1258,1345,1203,2548
126827,7,999,2,4098,7725,2557,5176,11823,7733,6655,12901,19556
126863,7,999,2,156,135,325,806,291,1131,481,941,1422
126915,7,999,2,14,28,5,32,42,37,19,60,79
126942,7,999,2,204,353,532,1130,557,1662,736,1483,2219
126951,7,999,2,287,44,0,0,331,0,287,44,331
127185,7,999,2,124,135,58,106,259,164,182,241,423
127200,7,999,2,499,553,1179,2200,1052,3379,1678,2753,4431
127316,7,999,2,13,19,16,87,32,103,29,106,135
127389,7,999,2,8,16,11,31,24,42,19,47,66
127556,7,999,2,336,386,266,337,722,603,602,723,1325
127565,7,999,2,1168,1219,1260,1788,2387,3048,2428,3007,5435
127617,7,999,2,17,77,65,174,94,239,82,251,333
127653,7,999,2,48,117,14,10,165,24,62,127,189
127714,7,999,2,5,12,247,259,17,506,252,271,523
127732,7,999,2,19,39,58,338,58,396,77,377,454
127741,7,999,2,137,257,94,302,394,396,231,559,790
127778,7,999,2,33,55,56,121,88,177,89,176,265
127820,7,999,2,676,799,983,1928,1475,2911,1659,2727,4386
127884,7,999,2,299,405,529,1009,704,1538,828,1414,2242
127909,7,999,2,310,217,647,774,527,1421,957,991,1948
127918,7,999,2,87,158,184,290,245,474,271,448,719
128106,7,999,2,170,261,191,174,431,365,361,435,796
128258,7,999,2,87,71,155,190,158,345,242,261,503
128337,7,999,2,0,17,0,10,17,10,0,27,27
128498,7,999,2,64,189,34,63,253,97,98,252,350
128577,7,999,2,42,27,109,208,69,317,151,235,386
128744,7,999,2,63,232,45,194,295,239,108,426,534
128771,7,999,2,325,226,436,319,551,755,761,545,1306
128780,7,999,2,72,241,236,740,313,976,308,981,1289
128902,7,999,2,0,4,2,4,4,6,2,8,10
129020,7,999,2,190,135,82,61,325,143,272,196,468
129154,7,999,2,51,126,193,1750,177,1943,244,1876,2120
129181,7,999,2,69,4,25,6,73,31,94,10,104
129215,7,999,2,58,67,51,75,125,126,109,142,251
129242,7,999,2,9,21,10,14,30,24,19,35,54
129349,7,999,2,1,45,0,17,46,17,1,62,63
129367,7,999,2,40,109,218,812,149,1030,258,921,1179
129525,7,999,2,30,34,32,79,64,111,62,113,175
129543,7,999,2,61,166,247,718,227,965,308,884,1192
129695,7,999,2,75,135,347,672,210,1019,422,807,1229
129729,7,999,2,91,126,340,932,217,1272,431,1058,1489
129756,7,999,2,43,54,151,370,97,521,194,424,618
129774,7,999,2,15,14,2,5,29,7,17,19,36
129808,7,999,2,48,70,226,654,118,880,274,724,998
129923,7,999,2,19,79,34,49,98,83,53,128,181
129941,7,999,2,88,54,81,64,142,145,169,118,287
130004,7,999,2,63,118,289,754,181,1043,352,872,1224
130040,7,999,2,11,40,67,242,51,309,78,282,360
130183,7,999,2,965,3591,1911,5018,4556,6929,2876,8609,11485
130217,7,999,2,22,41,124,240,63,364,146,281,427
130226,7,999,2,71,85,33,57,156,90,104,142,246
130253,7,999,2,26,21,75,198,47,273,101,219,320
130314,7,999,2,8,38,2,24,46,26,10,62,72
130396,7,999,2,110,150,461,1276,260,1737,571,1426,1997
130590,7,999,2,3,2,7,9,5,16,10,11,21
130606,7,999,2,43,103,266,532,146,798,309,635,944
130624,7,999,2,3,0,0,0,3,0,3,0,3
130697,7,999,2,26,2,2,1,28,3,28,3,31
130776,7,999,2,123,127,90,137,250,227,213,264,477
130794,7,999,2,9,2,32,17,11,49,41,19,60
130934,7,999,2,63,109,42,62,172,104,105,171,276
130943,7,999,2,103,81,113,140,184,253,216,221,437
130989,7,999,2,20,32,15,27,52,42,35,59,94
131113,7,999,2,500,758,1368,2701,1258,4069,1868,3459,5327
131399,7,999,2,190,311,264,904,501,1168,454,1215,1669
131450,7,999,2,100,107,17,21,207,38,117,128,245
131469,7,999,2,177,244,218,354,421,572,395,598,993
131496,7,999,2,72,27,110,105,99,215,182,132,314
131520,7,999,2,41,72,33,36,113,69,74,108,182
132471,7,999,2,134,185,98,125,319,223,232,310,542
132693,7,999,2,440,519,1023,2023,959,3046,1463,2542,4005
132709,7,999,2,744,1079,2118,4955,1823,7073,2862,6034,8896
132842,7,999,2,10,63,18,72,73,90,28,135,163
132851,7,999,2,172,261,262,721,433,983,434,982,1416
132879,7,999,2,5,2,4,1,7,5,9,3,12
132903,7,999,2,1289,1480,2342,3353,2769,5695,3631,4833,8464
133021,7,999,2,35,61,56,156,96,212,91,217,308
133386,7,999,2,499,576,780,1819,1075,2599,1279,2395,3674
133492,7,999,2,4,9,3,0,13,3,7,9,16
133508,7,999,2,218,366,718,1717,584,2435,936,2083,3019
133553,7,999,2,374,35,97,10,409,107,471,45,516
133650,7,999,2,177,212,88,149,389,237,265,361,626
133702,7,999,2,775,1279,1849,4561,2054,6410,2624,5840,8464
133711,7,999,2,53,81,11,16,134,27,64,97,161
133809,7,999,2,2,1,5,4,3,9,7,5,12
133872,7,999,2,24,111,61,280,135,341,85,391,476
133881,7,999,2,115,38,48,11,153,59,163,49,212
133960,7,999,2,78,55,87,191,133,278,165,246,411
134097,7,999,2,224,217,349,282,441,631,573,499,1072
134130,7,999,2,262,199,276,232,461,508,538,431,969
134343,7,999,2,137,255,301,740,392,1041,438,995,1433
134495,7,999,2,976,954,1203,2606,1930,3809,2179,3560,5739
134608,7,999,2,335,430,961,2072,765,3033,1296,2502,3798
135160,7,999,2,49,163,174,498,212,672,223,661,884
135188,7,999,2,60,127,185,560,187,745,245,687,932
135391,7,999,2,198,357,510,1360,555,1870,708,1717,2425
135407,7,999,2,173,165,4,3,338,7,177,168,345
135610,7,999,2,13,17,12,14,30,26,25,31,56
135717,7,999,2,1110,1992,3116,5756,3102,8872,4226,7748,11974
135726,7,999,2,89,109,70,147,198,217,159,256,415
136109,7,999,2,0,21,0,18,21,18,0,39,39
136145,7,999,2,13,72,43,210,85,253,56,282,338
136172,7,999,2,299,327,401,508,626,909,700,835,1535
136233,7,999,2,159,256,346,697,415,1043,505,953,1458
136330,7,999,2,54,112,29,45,166,74,83,157,240
136358,7,999,2,687,754,1652,3964,1441,5616,2339,4718,7057
136400,7,999,2,197,259,445,937,456,1382,642,1196,1838
136473,7,999,2,298,539,542,1281,837,1823,840,1820,2660
136516,7,999,2,191,394,506,1288,585,1794,697,1682,2379
136659,7,999,2,29,27,41,6,56,47,70,33,103
136950,7,999,2,52,74,21,30,126,51,73,104,177
137078,7,999,2,905,1314,2473,5261,2219,7734,3378,6575,9953
137096,7,999,2,383,334,786,1287,717,2073,1169,1621,2790
137209,7,999,2,416,430,1289,2434,846,3723,1705,2864,4569
137281,7,999,2,83,141,241,700,224,941,324,841,1165
137351,7,999,2,946,1000,1185,1589,1946,2774,2131,2589,4720
137546,7,999,2,25,26,16,5,51,21,41,31,72
137564,7,999,2,100,309,160,183,409,343,260,492,752
137591,7,999,2,23,78,4,34,101,38,27,112,139
137759,7,999,2,188,307,448,988,495,1436,636,1295,1931
138187,7,999,2,923,1295,2934,5550,2218,8484,3857,6845,10702
138275,7,999,2,20,37,15,19,57,34,35,56,91
138309,7,999,2,421,2575,412,2708,2996,3120,833,5283,6116
138354,7,999,2,401,689,519,963,1090,1482,920,1652,2572
138558,7,999,2,43,61,53,218,104,271,96,279,375
138600,7,999,2,8,30,2,5,38,7,10,35,45
138682,7,999,2,125,369,224,618,494,842,349,987,1336
138716,7,999,2,76,314,106,623,390,729,182,937,1119
138761,7,999,2,4,17,4,44,21,48,8,61,69
138840,7,999,2,260,325,350,959,585,1309,610,1284,1894
138938,7,999,2,7,109,13,95,116,108,20,204,224
138947,7,999,2,26,35,8,12,61,20,34,47,81
138956,7,999,2,206,340,387,777,546,1164,593,1117,1710
139144,7,999,2,2,0,0,2,2,2,2,2,4
139199,7,999,2,15,222,26,241,237,267,41,463,504
139205,7,999,2,19,11,55,4,30,59,74,15,89
139250,7,999,2,84,187,106,354,271,460,190,541,731
139278,7,999,2,163,302,348,1162,465,1510,511,1464,1975
139311,7,999,2,214,543,222,678,757,900,436,1221,1657
139357,7,999,2,120,277,222,733,397,955,342,1010,1352
139366,7,999,2,249,366,440,400,615,840,689,766,1455
139384,7,999,2,162,378,343,928,540,1271,505,1306,1811
139393,7,999,2,4,2,1,5,6,6,5,7,12
139463,7,999,2,109,197,164,311,306,475,273,508,781
139506,7,999,2,19,13,0,0,32,0,19,13,32
139621,7,999,2,24,39,30,51,63,81,54,90,144
139658,7,999,2,37,61,8,2,98,10,45,63,108
139700,7,999,2,130,284,233,654,414,887,363,938,1301
139719,7,999,2,35,77,24,51,112,75,59,128,187
139755,7,999,2,187,61,107,45,248,152,294,106,400
139764,7,999,2,48,145,93,258,193,351,141,403,544
139861,7,999,2,16,10,13,10,26,23,29,20,49
139931,7,999,2,467,674,455,776,1141,1231,922,1450,2372
139940,7,999,2,742,1122,936,1568,1864,2504,1678,2690,4368
139959,7,999,2,196,92,141,128,288,269,337,220,557
139986,7,999,2,106,400,253,1169,506,1422,359,1569,1928
140012,7,999,2,275,337,799,1667,612,2466,1074,2004,3078
140234,7,999,2,8,24,1,7,32,8,9,31,40
140243,7,999,2,86,196,346,704,282,1050,432,900,1332
140252,7,999,2,38,52,21,55,90,76,59,107,166
140331,7,999,2,296,368,617,1408,664,2025,913,1776,2689
140447,7,999,2,106,553,91,426,659,517,197,979,1176
140678,7,999,2,74,117,132,320,191,452,206,437,643
140696,7,999,2,15,27,9,13,42,22,24,40,64
140720,7,999,2,16,22,1,8,38,9,17,30,47
140818,7,999,2,22,138,14,68,160,82,36,206,242
140942,7,999,2,200,261,281,847,461,1128,481,1108,1589
140951,7,999,2,230,270,150,258,500,408,380,528,908
140960,7,999,2,61,87,43,95,148,138,104,182,286
140988,7,999,2,28,60,15,63,88,78,43,123,166
141006,7,999,2,55,142,127,203,197,330,182,345,527
141060,7,999,2,0,21,139,491,21,630,139,512,651
141255,7,999,2,62,266,282,553,328,835,344,819,1163
141264,7,999,2,170,350,207,470,520,677,377,820,1197
141334,7,999,2,230,364,205,431,594,636,435,795,1230
141565,7,999,2,98,141,87,200,239,287,185,341,526
141574,7,999,2,458,480,393,471,938,864,851,951,1802
141644,7,999,2,200,190,166,106,390,272,366,296,662
141680,7,999,2,170,69,393,456,239,849,563,525,1088
141796,7,999,2,173,250,466,1147,423,1613,639,1397,2036
141802,7,999,2,14,19,69,193,33,262,83,212,295
141811,7,999,2,184,209,449,1010,393,1459,633,1219,1852
141839,7,999,2,48,91,161,448,139,609,209,539,748
141981,7,999,2,165,295,208,452,460,660,373,747,1120
141990,7,999,2,30,102,196,487,132,683,226,589,815
142115,7,999,2,674,698,931,1311,1372,2242,1605,2009,3614
142179,7,999,2,75,102,94,266,177,360,169,368,537
142276,7,999,2,438,550,415,585,988,1000,853,1135,1988
142285,7,999,2,252,180,168,146,432,314,420,326,746
142407,7,999,2,5,15,0,0,20,0,5,15,20
142443,7,999,2,109,186,207,616,295,823,316,802,1118
142461,7,999,2,16,50,24,59,66,83,40,109,149
142522,7,999,2,1522,1053,6462,10043,2575,16505,7984,11096,19080
142559,7,999,2,125,163,257,654,288,911,382,817,1199
142832,7,999,2,0,0,9,0,0,9,9,0,9
142887,7,999,2,1,4,2,1,5,3,3,5,8
143118,7,999,2,74,241,42,179,315,221,116,420,536
143215,7,999,2,203,310,630,1157,513,1787,833,1467,2300
143279,7,999,2,51,101,214,524,152,738,265,625,890
143288,7,999,2,14,37,0,1,51,1,14,38,52
143358,7,999,2,38,11,24,16,49,40,62,27,89
143376,7,999,2,4,43,0,38,47,38,4,81,85
143613,7,999,2,39,94,39,182,133,221,78,276,354
144050,7,999,2,60,9,0,0,69,0,60,9,69
144157,7,999,2,134,225,179,452,359,631,313,677,990
144166,7,999,2,195,666,445,1713,861,2158,640,2379,3019
144175,7,999,2,118,199,180,429,317,609,298,628,926
144184,7,999,2,155,370,984,1738,525,2722,1139,2108,3247
144193,7,999,2,229,171,493,1054,400,1547,722,1225,1947
144209,7,999,2,125,210,348,679,335,1027,473,889,1362
144218,7,999,2,159,252,853,1693,411,2546,1012,1945,2957
144351,7,999,2,51,86,37,55,137,92,88,141,229
144564,7,999,2,53,128,164,188,181,352,217,316,533
144740,7,999,2,461,328,360,368,789,728,821,696,1517
144865,7,999,2,375,480,1907,3567,855,5474,2282,4047,6329
144883,7,999,2,37,38,0,0,75,0,37,38,75
144892,7,999,2,113,218,122,315,331,437,235,533,768
144944,7,999,2,139,157,891,1555,296,2446,1030,1712,2742
144962,7,999,2,99,172,14,17,271,31,113,189,302
144971,7,999,2,6,12,4,21,18,25,10,33,43
145099,7,999,2,7,91,0,0,98,0,7,91,98
145336,7,999,2,161,314,229,459,475,688,390,773,1163
145372,7,999,2,15,31,17,29,46,46,32,60,92
145521,7,999,2,12,41,65,136,53,201,77,177,254
145600,7,999,2,644,546,299,401,1190,700,943,947,1890
145619,7,999,2,73,68,40,81,141,121,113,149,262
145637,7,999,2,212,100,76,81,312,157,288,181,469
145682,7,999,2,98,143,390,1016,241,1406,488,1159,1647
145691,7,999,2,8,27,6,20,35,26,14,47,61
145707,7,999,2,22,46,32,79,68,111,54,125,179
145813,7,999,2,251,207,126,159,458,285,377,366,743
145831,7,999,2,38,60,169,232,98,401,207,292,499
146205,7,999,2,87,158,208,325,245,533,295,483,778
146278,7,999,2,48,82,104,233,130,337,152,315,467
146296,7,999,2,118,209,737,1366,327,2103,855,1575,2430
146339,7,999,2,42,79,8,38,121,46,50,117,167
146348,7,999,2,42,80,151,391,122,542,193,471,664
146366,7,999,2,65,132,125,268,197,393,190,400,590
146418,7,999,2,39,84,132,352,123,484,171,436,607
146427,7,999,2,8,5,2,4,13,6,10,9,19
146472,7,999,2,196,307,1181,2431,503,3612,1377,2738,4115
146481,7,999,2,21,20,4,6,41,10,25,26,51
146506,7,999,2,82,223,139,286,305,425,221,509,730
146533,7,999,2,7,34,2,15,41,17,9,49,58
146603,7,999,2,50,86,149,372,136,521,199,458,657
146612,7,999,2,144,147,166,142,291,308,310,289,599
146685,7,999,2,115,167,277,882,282,1159,392,1049,1441
146700,7,999,2,238,99,0,0,337,0,238,99,337
146719,7,999,2,149,315,79,173,464,252,228,488,716
147004,7,999,2,72,118,443,975,190,1418,515,1093,1608
147013,7,999,2,28,83,28,67,111,95,56,150,206
147129,7,999,2,12,102,13,149,114,162,25,251,276
147244,7,999,2,19,49,2,26,68,28,21,75,96
147369,7,999,2,149,101,152,96,250,248,301,197,498
147378,7,999,2,111,191,592,1072,302,1664,703,1263,1966
147411,7,999,2,22,51,210,436,73,646,232,487,719
147536,7,999,2,104,621,82,720,725,802,186,1341,1527
147590,7,999,2,2,7,3,12,9,15,5,19,24
147660,7,999,2,47,31,6,9,78,15,53,40,93
147679,7,999,2,44,58,20,43,102,63,64,101,165
147776,7,999,2,267,383,393,590,650,983,660,973,1633
147800,7,999,2,96,127,935,1769,223,2704,1031,1896,2927
147828,7,999,2,15,38,14,41,53,55,29,79,108
147916,7,999,2,118,168,392,738,286,1130,510,906,1416
148007,7,999,2,54,112,279,522,166,801,333,634,967
148131,7,999,2,16,23,6,34,39,40,22,57,79
148256,7,999,2,53,110,67,153,163,220,120,263,383
148292,7,999,2,31,111,158,374,142,532,189,485,674
148380,7,999,2,167,129,601,822,296,1423,768,951,1719
148487,7,999,2,90,178,59,175,268,234,149,353,502
148511,7,999,2,7,20,12,39,27,51,19,59,78
148575,7,999,2,13,28,2,17,41,19,15,45,60
148627,7,999,2,38,71,29,51,109,80,67,122,189
148654,7,999,2,136,153,263,250,289,513,399,403,802
148672,7,999,2,24,54,76,151,78,227,100,205,305
148821,7,999,2,24,72,81,149,96,230,105,221,326
148876,7,999,2,40,287,28,157,327,185,68,444,512
148937,7,999,2,19,47,92,131,66,223,111,178,289
148991,7,999,2,11,41,66,136,52,202,77,177,254
149222,7,999,2,356,366,472,344,722,816,828,710,1538
149231,7,999,2,234,229,226,497,463,723,460,726,1186
149310,7,999,2,65,45,0,0,110,0,65,45,110
149365,7,999,2,44,176,142,558,220,700,186,734,920
149532,7,999,2,135,213,1219,1581,348,2800,1354,1794,3148
149727,7,999,2,65,103,579,1122,168,1701,644,1225,1869
149772,7,999,2,164,236,200,239,400,439,364,475,839
149781,7,999,2,8,4,5,0,12,5,13,4,17
149842,7,999,2,158,286,940,2133,444,3073,1098,2419,3517
150136,7,999,2,155,212,108,268,367,376,263,480,743
150163,7,999,2,21,19,2,4,40,6,23,23,46
150172,7,999,2,15,16,90,37,31,127,105,53,158
150534,7,999,2,27,37,19,28,64,47,46,65,111
150604,7,999,2,10,3,8,13,13,21,18,16,34
150668,7,999,2,16,24,3,24,40,27,19,48,67
150677,7,999,2,30,48,5,12,78,17,35,60,95
150765,7,999,2,2,37,0,0,39,0,2,37,39
150941,7,999,2,20,48,12,39,68,51,32,87,119
150987,7,999,2,1480,3416,8663,11921,4896,20584,10143,15337,25480
151111,7,999,2,670,895,549,691,1565,1240,1219,1586,2805
151263,7,999,2,40,62,67,152,102,219,107,214,321
151290,7,999,2,14,7,9,1,21,10,23,8,31
151306,7,999,2,111,157,101,238,268,339,212,395,607
151324,7,999,2,211,256,386,568,467,954,597,824,1421
151333,7,999,2,72,166,73,131,238,204,145,297,442
151342,7,999,2,131,237,143,259,368,402,274,496,770
151351,7,999,2,178,136,100,94,314,194,278,230,508
151360,7,999,2,62,247,104,313,309,417,166,560,726
151379,7,999,2,108,130,196,291,238,487,304,421,725
151388,7,999,2,102,248,308,415,350,723,410,663,1073
151661,7,999,2,171,45,0,0,216,0,171,45,216
151777,7,999,2,7,16,2,5,23,7,9,21,30
151962,7,999,2,58,133,21,34,191,55,79,167,246
152080,7,999,2,12,2,0,0,14,0,12,2,14
152318,7,999,2,7,1,1,0,8,1,8,1,9
152336,7,999,2,21,119,14,96,140,110,35,215,250
152390,7,999,2,0,10,0,0,10,0,0,10,10
152567,7,999,2,16,20,3,3,36,6,19,23,42
152600,7,999,2,25,47,5,13,72,18,30,60,90
152637,7,999,2,213,288,294,301,501,595,507,589,1096
152798,7,999,2,9,42,1,10,51,11,10,52,62
152992,7,999,2,15,13,7,52,28,59,22,65,87
153001,7,999,2,38,286,23,91,324,114,61,377,438
153083,7,999,2,1,36,0,0,37,0,1,36,37
153108,7,999,2,0,2,4,3,2,7,4,5,9
153126,7,999,2,8,23,7,6,31,13,15,29,44
153144,7,999,2,8,4,3,3,12,6,11,7,18
153162,7,999,2,4,2,0,0,6,0,4,2,6
153214,7,999,2,367,516,1012,1770,883,2782,1379,2286,3665
153241,7,999,2,21,33,3,7,54,10,24,40,64
153250,7,999,2,9,7,2,5,16,7,11,12,23
153269,7,999,2,41,33,10,22,74,32,51,55,106
153302,7,999,2,5,2,2,5,7,7,7,7,14
153311,7,999,2,143,322,223,697,465,920,366,1019,1385
153366,7,999,2,12,50,7,26,62,33,19,76,95
153384,7,999,2,2,1,0,1,3,1,2,2,4
153445,7,999,2,116,185,103,263,301,366,219,448,667
153472,7,999,2,80,141,34,134,221,168,114,275,389
153524,7,999,2,149,235,151,302,384,453,300,537,837
153533,7,999,2,28,51,16,84,79,100,44,135,179
153621,7,999,2,15,21,8,18,36,26,23,39,62
153630,7,999,2,118,164,94,437,282,531,212,601,813
153658,7,999,2,311,225,288,376,536,664,599,601,1200
153737,7,999,2,273,391,510,1001,664,1511,783,1392,2175
153825,7,999,2,12,10,10,23,22,33,22,33,55
153834,7,999,2,5,1,0,5,6,5,5,6,11
154004,7,999,2,13,19,3,26,32,29,16,45,61
154013,7,999,2,30,76,41,120,106,161,71,196,267
154110,7,999,2,67,108,89,371,175,460,156,479,635
154174,7,999,2,5,2,2,0,7,2,7,2,9
154235,7,999,2,45,61,24,27,106,51,69,88,157
154262,7,999,2,4,20,4,62,24,66,8,82,90
154350,7,999,2,13,20,19,25,33,44,32,45,77
154396,7,999,2,25,80,16,113,105,129,41,193,234
154493,7,999,2,138,392,383,573,530,956,521,965,1486
154527,7,999,2,2,4,0,1,6,1,2,5,7
154572,7,999,2,140,204,120,497,344,617,260,701,961
154697,7,999,2,114,205,614,728,319,1342,728,933,1661
154712,7,999,2,8,7,7,13,15,20,15,20,35
154749,7,999,2,3,7,0,0,10,0,3,7,10
154800,7,999,2,154,266,419,903,420,1322,573,1169,1742
154907,7,999,2,20,57,21,101,77,122,41,158,199
154925,7,999,2,27,54,78,172,81,250,105,226,331
154934,7,999,2,55,47,32,199,102,231,87,246,333
154952,7,999,2,94,95,87,248,189,335,181,343,524
154998,7,999,2,32,34,73,126,66,199,105,160,265
155025,7,999,2,76,131,28,49,207,77,104,180,284
155052,7,999,2,22,44,12,32,66,44,34,76,110
155089,7,999,2,28,34,37,60,62,97,65,94,159
155098,7,999,2,30,39,18,54,69,72,48,93,141
155104,7,999,2,25,61,55,140,86,195,80,201,281
155140,7,999,2,38,49,11,21,87,32,49,70,119
155177,7,999,2,2,27,4,10,29,14,6,37,43
155195,7,999,2,99,168,311,637,267,948,410,805,1215
155210,7,999,2,368,431,1289,1953,799,3242,1657,2384,4041
155292,7,999,2,137,194,400,678,331,1078,537,872,1409
155317,7,999,2,323,293,326,396,616,722,649,689,1338
155399,7,999,2,323,318,240,444,641,684,563,762,1325
155414,7,999,2,18,10,9,4,28,13,27,14,41
155423,7,999,2,71,58,14,40,129,54,85,98,183
155487,7,999,2,20,43,10,23,63,33,30,66,96
155511,7,999,2,24,6,4,0,30,4,28,6,34
155566,7,999,2,10,42,33,168,52,201,43,210,253
155618,7,999,2,11,9,38,34,20,72,49,43,92
155715,7,999,2,13,11,34,146,24,180,47,157,204
155812,7,999,2,49,32,19,17,81,36,68,49,117
155858,7,999,2,26,54,58,201,80,259,84,255,339
155900,7,999,2,28,18,282,109,46,391,310,127,437
155973,7,999,2,4,0,0,1,4,1,4,1,5
156082,7,999,2,154,359,121,237,513,358,275,596,871
156107,7,999,2,299,191,265,431,490,696,564,622,1186
156125,7,999,2,403,741,645,887,1144,1532,1048,1628,2676
156189,7,999,2,5,2,1,1,7,2,6,3,9
156213,7,999,2,21,47,60,102,68,162,81,149,230
156231,7,999,2,110,229,113,280,339,393,223,509,732
156286,7,999,2,44,66,26,24,110,50,70,90,160
156295,7,999,2,23,15,5,5,38,10,28,20,48
156338,7,999,2,148,207,217,443,355,660,365,650,1015
156356,7,999,2,16,64,7,18,80,25,23,82,105
156392,7,999,2,405,582,731,1329,987,2060,1136,1911,3047
156408,7,999,2,2,0,0,1,2,1,2,1,3
156426,7,999,2,5,42,3,28,47,31,8,70,78
156541,7,999,2,268,996,161,402,1264,563,429,1398,1827
156620,7,999,2,527,823,491,534,1350,1025,1018,1357,2375
156648,7,999,2,201,330,506,639,531,1145,707,969,1676
156745,7,999,2,3,4,1,0,7,1,4,4,8
156790,7,999,2,63,169,256,258,232,514,319,427,746
156842,7,999,2,2,28,1,17,30,18,3,45,48
156851,7,999,2,22,67,55,232,89,287,77,299,376
156860,7,999,2,95,173,158,356,268,514,253,529,782
156921,7,999,2,334,401,955,1401,735,2356,1289,1802,3091
157030,7,999,2,4,4,9,4,8,13,13,8,21
157058,7,999,2,29,47,17,21,76,38,46,68,114
157076,7,999,2,17,39,9,5,56,14,26,44,70
157085,7,999,2,307,295,311,478,602,789,618,773,1391
157216,7,999,2,34,148,11,32,182,43,45,180,225
157289,7,999,2,442,571,576,726,1013,1302,1018,1297,2315
157304,7,999,2,86,209,617,458,295,1075,703,667,1370
157331,7,999,2,100,200,111,417,300,528,211,617,828
157386,7,999,2,103,215,90,205,318,295,193,420,613
157401,7,999,2,128,251,122,183,379,305,250,434,684
157438,7,999,2,158,179,354,524,337,878,512,703,1215
157447,7,999,2,280,442,413,774,722,1187,693,1216,1909
157483,7,999,2,118,277,665,611,395,1276,783,888,1671
157535,7,999,2,22,26,7,12,48,19,29,38,67
157553,7,999,2,123,209,105,212,332,317,228,421,649
157614,7,999,2,2,20,0,15,22,15,2,35,37
157650,7,999,2,2,20,0,20,22,20,2,40,42
157669,7,999,2,0,29,0,0,29,0,0,29,29
157678,7,999,2,0,29,0,0,29,0,0,29,29
157711,7,999,2,252,413,266,677,665,943,518,1090,1608
157739,7,999,2,91,201,149,290,292,439,240,491,731
157757,7,999,2,13,96,13,59,109,72,26,155,181
157951,7,999,2,258,389,261,452,647,713,519,841,1360
158662,7,999,2,478,1137,1192,3694,1615,4886,1670,4831,6501
158802,7,999,2,13,52,4,19,65,23,17,71,88
158884,7,999,2,63,173,115,423,236,538,178,596,774
159197,7,999,2,160,44,0,0,204,0,160,44,204
159382,7,999,2,179,593,238,759,772,997,417,1352,1769
159391,7,999,2,497,359,255,220,856,475,752,579,1331
159407,7,999,2,46,177,82,415,223,497,128,592,720
159647,7,999,2,94,84,75,75,178,150,169,159,328
159656,7,999,2,36,58,34,75,94,109,70,133,203
159717,7,999,2,129,303,80,215,432,295,209,518,727
159939,7,999,2,283,264,270,269,547,539,553,533,1086
159966,7,999,2,117,260,81,177,377,258,198,437,635
159993,7,999,2,78,166,115,423,244,538,193,589,782
160010,7,999,2,56,15,83,163,71,246,139,178,317
160472,7,999,2,3,23,1,11,26,12,4,34,38
160579,7,999,2,143,257,156,346,400,502,299,603,902
160612,7,999,2,209,322,123,224,531,347,332,546,878
160621,7,999,2,108,220,81,203,328,284,189,423,612
160630,7,999,2,75,361,40,128,436,168,115,489,604
160649,7,999,2,104,468,62,446,572,508,166,914,1080
160658,7,999,2,309,406,242,557,715,799,551,963,1514
160667,7,999,2,141,207,91,140,348,231,232,347,579
160755,7,999,2,34,40,101,228,74,329,135,268,403
160904,7,999,2,9,6,8,12,15,20,17,18,35
160977,7,999,2,5,0,0,0,5,0,5,0,5
161004,7,999,2,4,3,2,1,7,3,6,4,10
161077,7,999,2,62,133,144,440,195,584,206,573,779
161138,7,999,2,61,101,156,278,162,434,217,379,596
161192,7,999,2,46,83,138,393,129,531,184,476,660
161208,7,999,2,20,2,0,0,22,0,20,2,22
161217,7,999,2,165,389,463,1041,554,1504,628,1430,2058
161226,7,999,2,18,33,12,42,51,54,30,75,105
161235,7,999,2,26,67,43,230,93,273,69,297,366
161253,7,999,2,123,150,340,283,273,623,463,433,896
161299,7,999,2,31,2,3,2,33,5,34,4,38
161341,7,999,2,94,184,113,264,278,377,207,448,655
161457,7,999,2,35,53,230,495,88,725,265,548,813
161484,7,999,2,30,37,47,120,67,167,77,157,234
161493,7,999,2,0,22,2,14,22,16,2,36,38
161509,7,999,2,5,14,2,3,19,5,7,17,24
161545,7,999,2,133,201,495,862,334,1357,628,1063,1691
161554,7,999,2,189,287,256,365,476,621,445,652,1097
161572,7,999,2,496,1660,0,4,2156,4,496,1664,2160
161581,7,999,2,17,31,40,149,48,189,57,180,237
161688,7,999,2,33,104,97,526,137,623,130,630,760
161767,7,999,2,193,244,787,2099,437,2886,980,2343,3323
161864,7,999,2,66,202,319,1293,268,1612,385,1495,1880
161873,7,999,2,124,230,194,296,354,490,318,526,844
162104,7,999,2,21,39,93,275,60,368,114,314,428
162122,7,999,2,94,192,277,784,286,1061,371,976,1347
162168,7,999,2,7,23,72,277,30,349,79,300,379
162210,7,999,2,32,99,12,40,131,52,44,139,183
162283,7,999,2,48,223,41,236,271,277,89,459,548
162584,7,999,2,76,56,53,213,132,266,129,269,398
162654,7,999,2,7,15,0,3,22,3,7,18,25
162690,7,999,2,72,102,187,632,174,819,259,734,993
162706,7,999,2,54,111,244,696,165,940,298,807,1105
162830,7,999,2,1,24,0,0,25,0,1,24,25
163028,7,999,2,152,23,113,14,175,127,265,37,302
163204,7,999,2,3677,3178,15127,11422,6855,26549,18804,14600,33404
163259,7,999,2,55,214,29,143,269,172,84,357,441
163268,7,999,2,276,282,324,329,558,653,600,611,1211
163286,7,999,2,545,375,370,304,920,674,915,679,1594
163295,7,999,2,26,34,10,30,60,40,36,64,100
163338,7,999,2,55,48,52,50,103,102,107,98,205
163453,7,999,2,193,297,127,153,490,280,320,450,770
163462,7,999,2,24,18,24,42,42,66,48,60,108
163578,7,999,2,13,143,8,123,156,131,21,266,287
163851,7,999,2,91,183,42,76,274,118,133,259,392
163912,7,999,2,21,17,5,4,38,9,26,21,47
163976,7,999,2,12,3,0,1,15,1,12,4,16
164076,7,999,2,456,471,334,438,927,772,790,909,1699
164155,7,999,2,31,5,0,0,36,0,31,5,36
164216,7,999,2,4,5,2,2,9,4,6,7,13
164270,7,999,2,3,16,7,2,19,9,10,18,28
164313,7,999,2,43,43,133,584,86,717,176,627,803
164465,7,999,2,24,3,0,0,27,0,24,3,27
164492,7,999,2,47,35,136,19,82,155,183,54,237
164599,7,999,2,0,0,4,18,0,22,4,18,22
164632,7,999,2,0,285,3,391,285,394,3,676,679
164739,7,999,2,5,7,0,1,12,1,5,8,13
164775,7,999,2,19,63,87,354,82,441,106,417,523
164845,7,999,2,1,19,0,8,20,8,1,27,28
164872,7,999,2,54,35,28,45,89,73,82,80,162
164988,7,999,2,71,49,202,189,120,391,273,238,511
165015,7,999,2,5,3,3,2,8,5,8,5,13
165024,7,999,2,215,251,225,385,466,610,440,636,1076
165033,7,999,2,106,330,403,1233,436,1636,509,1563,2072
165112,7,999,2,263,338,886,1840,601,2726,1149,2178,3327
165167,7,999,2,25,60,108,488,85,596,133,548,681
165194,7,999,2,41,82,193,617,123,810,234,699,933
165264,7,999,2,4,76,61,713,80,774,65,789,854
165334,7,999,2,13,10,1,5,23,6,14,15,29
165556,7,999,2,6,52,4,19,58,23,10,71,81
165662,7,999,2,28,21,6,3,49,9,34,24,58
165671,7,999,2,2,1,10,40,3,50,12,41,53
165820,7,999,2,81,76,183,344,157,527,264,420,684
165866,7,999,2,105,99,78,100,204,178,183,199,382
165936,7,999,2,8,6,9,3,14,12,17,9,26
165981,7,999,2,30,75,129,339,105,468,159,414,573
166018,7,999,2,6,12,0,0,18,0,6,12,18
166027,7,999,2,170,152,603,663,322,1266,773,815,1588
166133,7,999,2,76,168,239,741,244,980,315,909,1224
166391,7,999,2,6,24,9,12,30,21,15,36,51
166513,7,999,2,453,330,838,733,783,1571,1291,1063,2354
166629,7,999,2,252,249,302,510,501,812,554,759,1313
166647,7,999,2,76,132,319,777,208,1096,395,909,1304
166674,7,999,2,23,62,40,92,85,132,63,154,217
166683,7,999,2,25,14,5,3,39,8,30,17,47
166717,7,999,2,5,11,5,12,16,17,10,23,33
166823,7,999,2,117,144,329,1036,261,1365,446,1180,1626
166850,7,999,2,12,28,23,48,40,71,35,76,111
166887,7,999,2,108,190,457,1180,298,1637,565,1370,1935
166911,7,999,2,3,4,2,2,7,4,5,6,11
166939,7,999,2,0,50,0,16,50,16,0,66,66
166957,7,999,2,51,119,209,746,170,955,260,865,1125
167288,7,999,2,26,20,20,41,46,61,46,61,107
167312,7,999,2,136,172,357,1089,308,1446,493,1261,1754
167358,7,999,2,64,25,1,0,89,1,65,25,90
167376,7,999,2,55,104,240,841,159,1081,295,945,1240
167394,7,999,2,34,139,17,87,173,104,51,226,277
167534,7,999,2,145,389,454,1386,534,1840,599,1775,2374
167598,7,999,2,11,88,21,127,99,148,32,215,247
167729,7,999,2,160,230,149,282,390,431,309,512,821
167783,7,999,2,0,60,0,139,60,139,0,199,199
167835,7,999,2,1,58,0,5,59,5,1,63,64
167871,7,999,2,3,38,7,15,41,22,10,53,63
167905,7,999,2,135,232,336,778,367,1114,471,1010,1481
167987,7,999,2,146,191,167,311,337,478,313,502,815
168005,7,999,2,71,66,19,21,137,40,90,87,177
168148,7,999,2,20,6,45,7,26,52,65,13,78
168227,7,999,2,80,16,63,11,96,74,143,27,170
168254,7,999,2,34,10,15,14,44,29,49,24,73
168342,7,999,2,14,7,0,0,21,0,14,7,21
168421,7,999,2,20,6,4,4,26,8,24,10,34
168430,7,999,2,78,124,160,231,202,391,238,355,593
168528,7,999,2,11,8,3,1,19,4,14,9,23
168546,7,999,2,7,2,2,3,9,5,9,5,14
168591,7,999,2,5,7,2,0,12,2,7,7,14
168607,7,999,2,25,38,68,107,63,175,93,145,238
168740,7,999,2,38,20,44,38,58,82,82,58,140
168786,7,999,2,8,7,16,35,15,51,24,42,66
168847,7,999,2,156,414,305,972,570,1277,461,1386,1847
168892,7,999,2,1,20,1,25,21,26,2,45,47
169248,7,999,2,234,320,222,574,554,796,456,894,1350
169275,7,999,2,139,279,463,1259,418,1722,602,1538,2140
169284,7,999,2,1,63,7,20,64,27,8,83,91
169442,7,999,2,48,47,27,41,95,68,75,88,163
169503,7,999,2,3,85,0,0,88,0,3,85,88
169521,7,999,2,163,327,706,1401,490,2107,869,1728,2597
169576,7,999,2,2,91,0,0,93,0,2,91,93
169655,7,999,2,470,40,0,0,510,0,470,40,510
169716,7,999,2,35,114,28,51,149,79,63,165,228
169798,7,999,2,368,404,617,1028,772,1645,985,1432,2417
169910,7,999,2,206,253,479,540,459,1019,685,793,1478
169992,7,999,2,28,48,23,91,76,114,51,139,190
170000,7,999,2,100,187,73,124,287,197,173,311,484
170055,7,999,2,195,218,1358,1817,413,3175,1553,2035,3588
170082,7,999,2,354,290,322,362,644,684,676,652,1328
170240,7,999,2,237,452,869,1385,689,2254,1106,1837,2943
170286,7,999,2,15,3,1,1,18,2,16,4,20
170550,7,999,2,48,123,231,826,171,1057,279,949,1228
170587,7,999,2,55,116,121,233,171,354,176,349,525
170639,7,999,2,56,47,28,49,103,77,84,96,180
170657,7,999,2,196,279,966,1482,475,2448,1162,1761,2923
170675,7,999,2,52,32,59,37,84,96,111,69,180
170790,7,999,2,287,548,1728,2738,835,4466,2015,3286,5301
170806,7,999,2,41,158,56,160,199,216,97,318,415
170976,7,999,2,234,158,71,46,392,117,305,204,509
171100,7,999,2,242,172,192,174,414,366,434,346,780
171137,7,999,2,213,182,285,271,395,556,498,453,951
171146,7,999,2,191,392,242,585,583,827,433,977,1410
171155,7,999,2,74,126,141,346,200,487,215,472,687
171225,7,999,2,38,59,208,390,97,598,246,449,695
171304,7,999,2,41,68,308,587,109,895,349,655,1004
171456,7,999,2,175,155,146,288,330,434,321,443,764
171483,7,999,2,110,95,254,440,205,694,364,535,899
171492,7,999,2,85,92,280,215,177,495,365,307,672
171571,7,999,2,386,573,465,535,959,1000,851,1108,1959
172200,7,999,2,140,177,676,1595,317,2271,816,1772,2588
172291,7,999,2,61,186,166,385,247,551,227,571,798
172307,7,999,2,31,68,80,248,99,328,111,316,427
172334,7,999,2,17,76,23,101,93,124,40,177,217
172422,7,999,2,7,0,0,0,7,0,7,0,7
172617,7,999,2,311,349,1392,2088,660,3480,1703,2437,4140
172644,7,999,2,360,520,641,878,880,1519,1001,1398,2399
172680,7,999,2,1,10,0,13,11,13,1,23,24
172699,7,999,2,330,229,331,330,559,661,661,559,1220
173045,7,999,2,69,58,33,72,127,105,102,130,232
173142,7,999,2,3,4,4,6,7,10,7,10,17
173160,7,999,2,12,30,76,131,42,207,88,161,249
173258,7,999,2,1,0,3,3,1,6,4,3,7
173300,7,999,2,9,6,1,4,15,5,10,10,20
173452,7,999,2,14,1,42,79,15,121,56,80,136
173647,7,999,2,4,4,3,0,8,3,7,4,11
173665,7,999,2,26,35,10,14,61,24,36,49,85
174066,7,999,2,553,384,663,623,937,1286,1216,1007,2223
174075,7,999,2,102,127,186,258,229,444,288,385,673
174127,7,999,2,20,23,1,1,43,2,21,24,45
174233,7,999,2,107,58,52,44,165,96,159,102,261
174251,7,999,2,9,11,3,13,20,16,12,24,36
174491,7,999,2,13,29,26,53,42,79,39,82,121
174507,7,999,2,22,40,38,96,62,134,60,136,196
174747,7,999,2,0,4,0,6,4,6,0,10,10
174792,7,999,2,1,0,4,0,1,4,5,0,5
174899,7,999,2,43,172,44,159,215,203,87,331,418
174914,7,999,2,68,23,26,36,91,62,94,59,153
174978,7,999,2,0,35,0,25,35,25,0,60,60
175005,7,999,2,21,245,62,419,266,481,83,664,747
175014,7,999,2,158,757,146,726,915,872,304,1483,1787
175120,7,999,2,176,97,0,0,273,0,176,97,273
175227,7,999,2,163,33,87,24,196,111,250,57,307
175421,7,999,2,56,138,74,244,194,318,130,382,512
175430,7,999,2,14,23,2,10,37,12,16,33,49
175573,7,999,2,36,149,28,120,185,148,64,269,333
175616,7,999,2,46,119,43,111,165,154,89,230,319
175652,7,999,2,89,216,55,207,305,262,144,423,567
175786,7,999,2,268,698,231,773,966,1004,499,1471,1970
175810,7,999,2,110,596,109,454,706,563,219,1050,1269
175829,7,999,2,87,184,95,279,271,374,182,463,645
175856,7,999,2,171,482,77,245,653,322,248,727,975
175883,7,999,2,85,248,66,196,333,262,151,444,595
175935,7,999,2,87,399,46,243,486,289,133,642,775
175980,7,999,2,0,1,2,1,1,3,2,2,4
176008,7,999,2,29,141,39,92,170,131,68,233,301
176017,7,999,2,178,283,142,226,461,368,320,509,829
176035,7,999,2,51,295,23,82,346,105,74,377,451
176044,7,999,2,38,106,39,38,144,77,77,144,221
176053,7,999,2,43,59,25,66,102,91,68,125,193
176080,7,999,2,298,418,338,369,716,707,636,787,1423
176178,7,999,2,76,318,93,299,394,392,169,617,786
176239,7,999,2,112,585,62,295,697,357,174,880,1054
176318,7,999,2,39,57,5,19,96,24,44,76,120
176372,7,999,2,356,682,385,460,1038,845,741,1142,1883
176433,7,999,2,1,19,0,5,20,5,1,24,25
176451,7,999,2,0,1,3,1,1,4,3,2,5
176479,7,999,2,124,437,28,130,561,158,152,567,719
176628,7,999,2,36,74,9,43,110,52,45,117,162
176947,7,999,2,14,22,0,2,36,2,14,24,38
176965,7,999,2,215,214,241,246,429,487,456,460,916
176983,7,999,2,11,8,1,0,19,1,12,8,20
177038,7,999,2,11,27,4,6,38,10,15,33,48
177135,7,999,2,107,146,136,361,253,497,243,507,750
177144,7,999,2,5,12,2,3,17,5,7,15,22
177214,7,999,2,21,17,5,0,38,5,26,17,43
177250,7,999,2,54,65,106,226,119,332,160,291,451
177302,7,999,2,247,18,0,0,265,0,247,18,265
177418,7,999,2,10,26,12,35,36,47,22,61,83
177472,7,999,2,278,487,598,1100,765,1698,876,1587,2463
177676,7,999,2,73,118,113,360,191,473,186,478,664
177685,7,999,2,5,28,0,0,33,0,5,28,33
177940,7,999,2,43,54,20,56,97,76,63,110,173
177977,7,999,2,48,14,42,10,62,52,90,24,114
177986,7,999,2,17,37,34,90,54,124,51,127,178
177995,7,999,2,306,412,899,1806,718,2705,1205,2218,3423
178059,7,999,2,142,288,490,1253,430,1743,632,1541,2173
178217,7,999,2,45,129,51,141,174,192,96,270,366
178341,7,999,2,147,253,144,266,400,410,291,519,810
178369,7,999,2,25,33,8,20,58,28,33,53,86
178387,7,999,2,82,138,50,117,220,167,132,255,387
178396,7,999,2,232,183,197,262,415,459,429,445,874
178402,7,999,2,302,333,235,257,635,492,537,590,1127
178411,7,999,2,100,18,73,18,118,91,173,36,209
178420,7,999,2,412,507,522,555,919,1077,934,1062,1996
178448,7,999,2,71,138,130,346,209,476,201,484,685
178615,7,999,2,19,14,57,99,33,156,76,113,189
178624,7,999,2,58,114,72,154,172,226,130,268,398
178679,7,999,2,26,7,24,14,33,38,50,21,71
178697,7,999,2,7,8,3,0,15,3,10,8,18
178721,7,999,2,678,678,1620,908,1356,2528,2298,1586,3884
178891,7,999,2,214,36,222,30,250,252,436,66,502
178989,7,999,2,17,91,0,7,108,7,17,98,115
179043,7,999,2,23,99,12,107,122,119,35,206,241
179308,7,999,2,276,631,981,3036,907,4017,1257,3667,4924
179326,7,999,2,32,89,31,142,121,173,63,231,294
179344,7,999,2,34,89,44,98,123,142,78,187,265
179539,7,999,2,55,179,104,249,234,353,159,428,587
179557,7,999,2,200,303,124,246,503,370,324,549,873
179566,7,999,2,344,555,320,501,899,821,664,1056,1720
179645,7,999,2,76,284,48,249,360,297,124,533,657
179715,7,999,2,15,113,30,183,128,213,45,296,341
179867,7,999,2,33,14,132,425,47,557,165,439,604
179894,7,999,2,99,100,139,168,199,307,238,268,506
179946,7,999,2,8,3,1,1,11,2,9,4,13
180081,7,999,2,27,15,7,14,42,21,34,29,63
180106,7,999,2,22,24,4,11,46,15,26,35,61
180151,7,999,2,7,12,10,41,19,51,17,53,70
180179,7,999,2,228,353,142,442,581,584,370,795,1165
180197,7,999,2,79,77,130,291,156,421,209,368,577
180249,7,999,2,46,135,49,168,181,217,95,303,398
180258,7,999,2,34,82,32,91,116,123,66,173,239
180276,7,999,2,46,55,55,132,101,187,101,187,288
180416,7,999,2,101,63,26,20,164,46,127,83,210
180461,7,999,2,422,395,183,213,817,396,605,608,1213
180522,7,999,2,39,59,87,74,98,161,126,133,259
180595,7,999,2,29,18,4,7,47,11,33,25,58
180647,7,999,2,70,188,20,77,258,97,90,265,355
180692,7,999,2,28,103,33,200,131,233,61,303,364
180814,7,999,2,2117,2824,1463,2004,4941,3467,3580,4828,8408
180902,7,999,2,95,137,323,861,232,1184,418,998,1416
180948,7,999,2,46,124,47,134,170,181,93,258,351
181002,7,999,2,34,80,22,34,114,56,56,114,170
181020,7,999,2,26,51,16,31,77,47,42,82,124
181127,7,999,2,6,9,0,1,15,1,6,10,16
181145,7,999,2,0,8,0,0,8,0,0,8,8
181190,7,999,2,3,27,0,0,30,0,3,27,30
181215,7,999,2,80,203,74,195,283,269,154,398,552
181297,7,999,2,33,143,7,101,176,108,40,244,284
181303,7,999,2,345,411,1278,1523,756,2801,1623,1934,3557
181312,7,999,2,29,44,72,216,73,288,101,260,361
181330,7,999,2,19,54,2,9,73,11,21,63,84
181394,7,999,2,506,602,578,459,1108,1037,1084,1061,2145
181428,7,999,2,39,88,15,79,127,94,54,167,221
181446,7,999,2,19,28,19,38,47,57,38,66,104
181464,7,999,2,319,171,176,100,490,276,495,271,766
181491,7,999,2,33,100,916,341,133,1257,949,441,1390
181604,7,999,2,0,114,1,11,114,12,1,125,126
181640,7,999,2,209,270,581,879,479,1460,790,1149,1939
181738,7,999,2,20,25,8,41,45,49,28,66,94
181783,7,999,2,50,93,54,78,143,132,104,171,275
181817,7,999,2,36,71,54,163,107,217,90,234,324
182005,7,999,2,838,1128,3288,4611,1966,7899,4126,5739,9865
182281,7,999,2,1149,1360,1095,1350,2509,2445,2244,2710,4954
182290,7,999,2,395,367,398,416,762,814,793,783,1576
182306,7,999,2,82,205,279,623,287,902,361,828,1189
182500,7,999,2,271,281,1242,1271,552,2513,1513,1552,3065
182564,7,999,2,86,87,497,537,173,1034,583,624,1207
182670,7,999,2,13,8,1,0,21,1,14,8,22
182704,7,999,2,0,15,1,3,15,4,1,18,19
182722,7,999,2,9,50,0,22,59,22,9,72,81
182892,7,999,2,0,2,0,7,2,7,0,9,9
182980,7,999,2,78,82,8,12,160,20,86,94,180
183026,7,999,2,8069,13153,28890,53281,21222,82171,36959,66434,103393
183044,7,999,2,114,69,31,21,183,52,145,90,235
183062,7,999,2,44,24,25,12,68,37,69,36,105
183071,7,999,2,39,45,35,23,84,58,74,68,142
183080,7,999,2,39,21,13,13,60,26,52,34,86
183202,7,999,2,0,11,1,8,11,9,1,19,20
183239,7,999,2,2,3,1,1,5,2,3,4,7
183257,7,999,2,109,286,152,357,395,509,261,643,904
183275,7,999,2,2,3,0,0,5,0,2,3,5
183488,7,999,2,26,167,4,86,193,90,30,253,283
183655,7,999,2,87,203,300,836,290,1136,387,1039,1426
183743,7,999,2,320,579,662,1309,899,1971,982,1888,2870
183789,7,999,2,105,439,80,445,544,525,185,884,1069
183822,7,999,2,34,73,16,27,107,43,50,100,150
183859,7,999,2,130,202,495,1059,332,1554,625,1261,1886
183910,7,999,2,13,47,6,29,60,35,19,76,95
183938,7,999,2,224,401,681,1759,625,2440,905,2160,3065
184056,7,999,2,27,107,9,73,134,82,36,180,216
184180,7,999,2,101,117,381,612,218,993,482,729,1211
184205,7,999,2,87,165,215,572,252,787,302,737,1039
184427,7,999,2,26,1,16,1,27,17,42,2,44
184481,7,999,2,204,519,423,1069,723,1492,627,1588,2215
184506,7,999,2,1,13,3,11,14,14,4,24,28
184603,7,999,2,65,77,143,237,142,380,208,314,522
184612,7,999,2,53,234,26,77,287,103,79,311,390
184694,7,999,2,11,18,9,16,29,25,20,34,54
184773,7,999,2,33,119,11,35,152,46,44,154,198
184782,7,999,2,325,468,342,511,793,853,667,979,1646
184791,7,999,2,74,221,190,499,295,689,264,720,984
184816,7,999,2,0,22,0,21,22,21,0,43,43
184959,7,999,2,36,151,41,231,187,272,77,382,459
184995,7,999,2,297,702,441,1072,999,1513,738,1774,2512
185262,7,999,2,448,801,327,589,1249,916,775,1390,2165
185396,7,999,2,126,6,84,5,132,89,210,11,221
185509,7,999,2,105,146,505,930,251,1435,610,1076,1686
185536,7,999,2,147,285,512,1048,432,1560,659,1333,1992
185572,7,999,2,36,28,15,19,64,34,51,47,98
185590,7,999,2,361,516,245,356,877,601,606,872,1478
185721,7,999,2,28,80,27,74,108,101,55,154,209
185828,7,999,2,515,143,341,99,658,440,856,242,1098
185873,7,999,2,119,190,326,771,309,1097,445,961,1406
186016,7,999,2,6,74,6,105,80,111,12,179,191
186034,7,999,2,100,206,328,1043,306,1371,428,1249,1677
186131,7,999,2,35,10,2,7,45,9,37,17,54
186201,7,999,2,127,139,81,136,266,217,208,275,483
186283,7,999,2,42,51,49,80,93,129,91,131,222
186371,7,999,2,201,438,130,289,639,419,331,727,1058
186380,7,999,2,532,577,332,427,1109,759,864,1004,1868
186399,7,999,2,329,469,259,313,798,572,588,782,1370
186405,7,999,2,5,4,0,0,9,0,5,4,9
186432,7,999,2,56,103,23,52,159,75,79,155,234
186469,7,999,2,28,74,41,204,102,245,69,278,347
186584,7,999,2,40,52,26,24,92,50,66,76,142
186618,7,999,2,10,41,15,51,51,66,25,92,117
186645,7,999,2,97,96,605,656,193,1261,702,752,1454
186867,7,999,2,16,1,0,0,17,0,16,1,17
186876,7,999,2,312,487,75,88,799,163,387,575,962
187046,7,999,2,14,49,3917,2530,63,6447,3931,2579,6510
187134,7,999,2,56,44,25,22,100,47,81,66,147
187198,7,999,2,171,392,494,1775,563,2269,665,2167,2832
187444,7,999,2,257,562,310,694,819,1004,567,1256,1823
187532,7,999,2,604,737,2276,4614,1341,6890,2880,5351,8231
187620,7,999,2,213,316,414,870,529,1284,627,1186,1813
187639,7,999,2,45,134,184,563,179,747,229,697,926
187648,7,999,2,154,375,305,505,529,810,459,880,1339
187897,7,999,2,77,214,89,351,291,440,166,565,731
187958,7,999,2,53,91,117,348,144,465,170,439,609
187967,7,999,2,58,14,26,44,72,70,84,58,142
187976,7,999,2,7,9,143,162,16,305,150,171,321
187985,7,999,2,576,796,728,1273,1372,2001,1304,2069,3373
187994,7,999,2,28,55,96,216,83,312,124,271,395
188003,7,999,2,8,35,65,221,43,286,73,256,329
188021,7,999,2,19,55,47,187,74,234,66,242,308
188030,7,999,2,399,617,450,625,1016,1075,849,1242,2091
188049,7,999,2,12,18,119,251,30,370,131,269,400
188100,7,999,2,232,363,427,1450,595,1877,659,1813,2472
188137,7,999,2,85,126,470,968,211,1438,555,1094,1649
188225,7,999,2,25,26,87,197,51,284,112,223,335
188261,7,999,2,26,21,273,57,47,330,299,78,377
188340,7,999,2,193,19,94,8,212,102,287,27,314
188429,7,999,2,69,167,30,49,236,79,99,216,315
188438,7,999,2,70,78,76,232,148,308,146,310,456
188517,7,999,2,18,47,6,25,65,31,24,72,96
188641,7,999,2,23,17,6,6,40,12,29,23,52
188854,7,999,2,23,31,0,0,54,0,23,31,54
189219,7,999,2,87,1,0,0,88,0,87,1,88
189228,7,999,2,182,345,117,322,527,439,299,667,966
189282,7,999,2,29,132,4,26,161,30,33,158,191
189547,7,999,2,132,262,154,403,394,557,286,665,951
189565,7,999,2,37,127,11,54,164,65,48,181,229
189583,7,999,2,46,179,33,123,225,156,79,302,381
189592,7,999,2,24,129,4,35,153,39,28,164,192
189705,7,999,2,22,11,16,10,33,26,38,21,59
189839,7,999,2,32,120,163,226,152,389,195,346,541
190044,7,999,2,14,4,1,6,18,7,15,10,25
190053,7,999,2,17,32,29,87,49,116,46,119,165
190071,7,999,2,4,18,7,74,22,81,11,92,103
190099,7,999,2,1,1,2,0,2,2,3,1,4
190169,7,999,2,45,47,100,209,92,309,145,256,401
190239,7,999,2,2,32,0,19,34,19,2,51,53
190372,7,999,2,11,7,0,0,18,0,11,7,18
190415,7,999,2,94,35,9,5,129,14,103,40,143
190442,7,999,2,35,91,87,194,126,281,122,285,407
190503,7,999,2,276,145,53,33,421,86,329,178,507
190761,7,999,2,26,113,9,32,139,41,35,145,180
190840,7,999,2,88,129,159,434,217,593,247,563,810
191083,7,999,2,441,566,382,633,1007,1015,823,1199,2022
191126,7,999,2,131,358,81,293,489,374,212,651,863
191199,7,999,2,173,283,218,419,456,637,391,702,1093
191205,7,999,2,15,7,3,3,22,6,18,10,28
191241,7,999,2,93,59,80,133,152,213,173,192,365
191302,7,999,2,31,60,36,117,91,153,67,177,244
191311,7,999,2,24,54,0,0,78,0,24,54,78
191339,7,999,2,67,197,145,374,264,519,212,571,783
191515,7,999,2,0,0,0,1,0,1,0,1,1
191533,7,999,2,5,12,1,3,17,4,6,15,21
191597,7,999,2,47,263,15,144,310,159,62,407,469
191612,7,999,2,63,172,94,117,235,211,157,289,446
191649,7,999,2,45,25,36,36,70,72,81,61,142
191676,7,999,2,6,22,7,12,28,19,13,34,47
191719,7,999,2,301,341,427,759,642,1186,728,1100,1828
191940,7,999,2,14,116,0,0,130,0,14,116,130
191986,7,999,2,70,152,85,188,222,273,155,340,495
192022,7,999,2,122,168,72,188,290,260,194,356,550
192192,7,999,2,19,111,7,43,130,50,26,154,180
192271,7,999,2,8,64,2,30,72,32,10,94,104
192323,7,999,2,20,32,33,100,52,133,53,132,185
192448,7,999,2,173,511,59,248,684,307,232,759,991
192703,7,999,2,91,31,46,22,122,68,137,53,190
192712,7,999,2,13,7,0,0,20,0,13,7,20
192749,7,999,2,24,76,4,10,100,14,28,86,114
192785,7,999,2,15,80,44,380,95,424,59,460,519
192819,7,999,2,19,39,32,33,58,65,51,72,123
193016,7,999,2,222,861,220,357,1083,577,442,1218,1660
193283,7,999,2,165,229,144,316,394,460,309,545,854
193292,7,999,2,63,138,57,264,201,321,120,402,522
193326,7,999,2,313,654,668,1301,967,1969,981,1955,2936
193380,7,999,2,0,0,10,68,0,78,10,68,78
193399,7,999,2,39,205,8,41,244,49,47,246,293
193478,7,999,2,276,544,634,1429,820,2063,910,1973,2883
193584,7,999,2,10,37,9,12,47,21,19,49,68
193654,7,999,2,105,204,65,150,309,215,170,354,524
193858,7,999,2,8,65,0,0,73,0,8,65,73
193900,7,999,2,268,446,114,136,714,250,382,582,964
193946,7,999,2,108,261,109,291,369,400,217,552,769
193973,7,999,2,87,213,8,14,300,22,95,227,322
193991,7,999,2,0,6,1,3,6,4,1,9,10
194028,7,999,2,111,114,47,94,225,141,158,208,366
194091,7,999,2,102,84,35,49,186,84,137,133,270
194116,7,999,2,6,39,18,231,45,249,24,270,294
194222,7,999,2,135,210,217,423,345,640,352,633,985
194240,7,999,2,69,167,174,573,236,747,243,740,983
194310,7,999,2,124,147,89,123,271,212,213,270,483
194392,7,999,2,21,6,1,3,27,4,22,9,31
194578,7,999,2,58,64,9,9,122,18,67,73,140
194824,7,999,2,26,4,4,1,30,5,30,5,35
195003,7,999,2,219,108,62,65,327,127,281,173,454
195058,7,999,2,92,172,201,613,264,814,293,785,1078
195067,7,999,2,6,81,4,37,87,41,10,118,128
195128,7,999,2,22,75,4,12,97,16,26,87,113
195164,7,999,2,5,2,4,9,7,13,9,11,20
195216,7,999,2,2,1,0,2,3,2,2,3,5
195234,7,999,2,28,41,9,17,69,26,37,58,95
195243,7,999,2,14,11,9,4,25,13,23,15,38
195322,7,999,2,59,136,120,236,195,356,179,372,551
195474,7,999,2,13,13,13,15,26,28,26,28,54
195526,7,999,2,3,2,2,3,5,5,5,5,10
195544,7,999,2,103,213,64,195,316,259,167,408,575
195702,7,999,2,1,14,4,36,15,40,5,50,55
195720,7,999,2,23,43,12,36,66,48,35,79,114
195988,7,999,2,16,66,80,130,82,210,96,196,292
196006,7,999,2,99,127,49,119,226,168,148,246,394
196015,7,999,2,158,382,108,245,540,353,266,627,893
196024,7,999,2,58,120,59,280,178,339,117,400,517
196033,7,999,2,62,46,20,23,108,43,82,69,151
196042,7,999,2,396,284,372,366,680,738,768,650,1418
196051,7,999,2,49,89,16,105,138,121,65,194,259
196060,7,999,2,231,144,153,137,375,290,384,281,665
196079,7,999,2,96,96,30,28,192,58,126,124,250
196088,7,999,2,403,254,232,212,657,444,635,466,1101
196097,7,999,2,334,325,191,200,659,391,525,525,1050
196103,7,999,2,52,29,19,26,81,45,71,55,126
196112,7,999,2,89,76,57,68,165,125,146,144,290
196121,7,999,2,146,254,80,238,400,318,226,492,718
196130,7,999,2,193,229,148,163,422,311,341,392,733
196149,7,999,2,56,59,18,17,115,35,74,76,150
196158,7,999,2,50,41,13,10,91,23,63,51,114
196167,7,999,2,27,26,10,12,53,22,37,38,75
196176,7,999,2,124,123,87,109,247,196,211,232,443
196185,7,999,2,35,38,11,7,73,18,46,45,91
196194,7,999,2,114,128,109,143,242,252,223,271,494
196200,7,999,2,64,41,5,11,105,16,69,52,121
196219,7,999,2,53,67,42,47,120,89,95,114,209
196246,7,999,2,73,135,96,208,208,304,169,343,512
196255,7,999,2,29,104,2,9,133,11,31,113,144
196264,7,999,2,581,1691,1296,2199,2272,3495,1877,3890,5767
196291,7,999,2,48,7,26,2,55,28,74,9,83
196307,7,999,2,17,40,6,16,57,22,23,56,79
196413,7,999,2,116,38,174,141,154,315,290,179,469
196565,7,999,2,76,129,68,288,205,356,144,417,561
196653,7,999,2,32,166,53,409,198,462,85,575,660
196699,7,999,2,39,84,101,205,123,306,140,289,429
197036,7,999,2,35,6,0,0,41,0,35,6,41
197045,7,999,2,81,166,106,255,247,361,187,421,608
197285,7,999,2,55,241,13,40,296,53,68,281,349
197294,7,999,2,260,404,561,1193,664,1754,821,1597,2418
197337,7,999,2,0,32,0,3,32,3,0,35,35
197708,7,999,2,12,3,0,1,15,1,12,4,16
197814,7,999,2,43,67,65,266,110,331,108,333,441
197850,7,999,2,13,73,83,365,86,448,96,438,534
197869,7,999,2,292,293,150,232,585,382,442,525,967
197887,7,999,2,204,329,491,956,533,1447,695,1285,1980
197911,7,999,2,11,44,14,128,55,142,25,172,197
197966,7,999,2,26,106,81,329,132,410,107,435,542
197993,7,999,2,0,10,0,2,10,2,0,12,12
198066,7,999,2,11,6,3,1,17,4,14,7,21
198109,7,999,2,5,70,14,164,75,178,19,234,253
198118,7,999,2,73,148,141,443,221,584,214,591,805
198136,7,999,2,187,153,196,137,340,333,383,290,673
198154,7,999,2,446,377,2996,2406,823,5402,3442,2783,6225
198206,7,999,2,59,102,56,235,161,291,115,337,452
198260,7,999,2,532,836,1050,2074,1368,3124,1582,2910,4492
198303,7,999,2,6,1,9,22,7,31,15,23,38
198330,7,999,2,203,311,205,427,514,632,408,738,1146
198367,7,999,2,101,126,150,413,227,563,251,539,790
198385,7,999,2,2,1,0,0,3,0,2,1,3
198455,7,999,2,85,123,422,984,208,1406,507,1107,1614
198464,7,999,2,469,569,808,1529,1038,2337,1277,2098,3375
198507,7,999,2,91,153,47,131,244,178,138,284,422
198516,7,999,2,16,15,5,7,31,12,21,22,43
198534,7,999,2,617,1093,1066,1941,1710,3007,1683,3034,4717
198543,7,999,2,308,918,269,740,1226,1009,577,1658,2235
198552,7,999,2,264,421,550,1661,685,2211,814,2082,2896
198570,7,999,2,57,172,228,820,229,1048,285,992,1277
198598,7,999,2,16,15,21,56,31,77,37,71,108
198622,7,999,2,354,675,684,1531,1029,2215,1038,2206,3244
198668,7,999,2,41,93,46,267,134,313,87,360,447
198710,7,999,2,41,87,92,236,128,328,133,323,456
198756,7,999,2,36,94,7,27,130,34,43,121,164
198808,7,999,2,21,69,4,16,90,20,25,85,110
198817,7,999,2,39,99,112,312,138,424,151,411,562
198835,7,999,2,20,32,11,19,52,30,31,51,82
198862,7,999,2,42,21,1,4,63,5,43,25,68
198899,7,999,2,15,24,25,40,39,65,40,64,104
198905,7,999,2,4,51,17,62,55,79,21,113,134
198950,7,999,2,0,31,2,20,31,22,2,51,53
198969,7,999,2,70,91,53,73,161,126,123,164,287
198987,7,999,2,32,79,118,286,111,404,150,365,515
199087,7,999,2,34,84,128,360,118,488,162,444,606
199102,7,999,2,214,256,236,242,470,478,450,498,948
199111,7,999,2,142,148,86,127,290,213,228,275,503
199120,7,999,2,142,158,59,62,300,121,201,220,421
199139,7,999,2,786,549,498,547,1335,1045,1284,1096,2380
199148,7,999,2,444,753,395,970,1197,1365,839,1723,2562
199157,7,999,2,125,324,107,383,449,490,232,707,939
199184,7,999,2,11,10,5,1,21,6,16,11,27
199193,7,999,2,371,245,356,321,616,677,727,566,1293
199218,7,999,2,357,560,263,1188,917,1451,620,1748,2368
199272,7,999,2,21,30,16,89,51,105,37,119,156
199281,7,999,2,267,611,259,705,878,964,526,1316,1842
199324,7,999,2,8,12,68,192,20,260,76,204,280
199412,7,999,2,18,79,12,21,97,33,30,100,130
199494,7,999,2,105,214,343,953,319,1296,448,1167,1615
199607,7,999,2,0,13,6,44,13,50,6,57,63
199625,7,999,2,32,81,40,195,113,235,72,276,348
199689,7,999,2,0,59,4,17,59,21,4,76,80
199731,7,999,2,48,121,133,376,169,509,181,497,678
199740,7,999,2,33,72,135,541,105,676,168,613,781
199759,7,999,2,76,4,100,39,80,139,176,43,219
199768,7,999,2,32,93,67,230,125,297,99,323,422
199795,7,999,2,19,34,31,83,53,114,50,117,167
199856,7,999,2,592,771,1613,3033,1363,4646,2205,3804,6009
199865,7,999,2,10,17,0,11,27,11,10,28,38
199883,7,999,2,10,100,0,0,110,0,10,100,110
199908,7,999,2,33,90,85,215,123,300,118,305,423
199926,7,999,2,36,56,63,154,92,217,99,210,309
199971,7,999,2,10,5,0,0,15,0,10,5,15
199999,7,999,2,56,230,61,297,286,358,117,527,644
200004,7,999,2,297,399,512,896,696,1408,809,1295,2104
200013,7,999,2,34,132,24,119,166,143,58,251,309
200022,7,999,2,255,157,384,193,412,577,639,350,989
200059,7,999,2,33,92,37,74,125,111,70,166,236
200086,7,999,2,7,35,6,22,42,28,13,57,70
200192,7,999,2,24,59,120,125,83,245,144,184,328
200217,7,999,2,36,57,99,145,93,244,135,202,337
200280,7,999,2,363,250,923,520,613,1443,1286,770,2056
200305,7,999,2,57,61,110,58,118,168,167,119,286
200314,7,999,2,14,55,97,99,69,196,111,154,265
200332,7,999,2,173,142,102,181,315,283,275,323,598
200527,7,999,2,64,125,13,23,189,36,77,148,225
200554,7,999,2,64,154,13,13,218,26,77,167,244
200572,7,999,2,19,48,60,105,67,165,79,153,232
200590,7,999,2,17,95,2,1,112,3,19,96,115
200800,7,999,2,258,252,347,332,510,679,605,584,1189
200846,7,999,2,9,48,25,38,57,63,34,86,120
201061,7,999,2,10,6,2,1,16,3,12,7,19
201177,7,999,2,1,15,3,68,16,71,4,83,87
201195,7,999,2,34,52,21,35,86,56,55,87,142
201283,7,999,2,22,39,16,72,61,88,38,111,149
201432,7,999,2,23,59,41,56,82,97,64,115,179
201441,7,999,2,165,146,318,245,311,563,483,391,874
201469,7,999,2,26,146,7,78,172,85,33,224,257
201548,7,999,2,19,55,13,17,74,30,32,72,104
201645,7,999,2,15,7,25,23,22,48,40,30,70
201654,7,999,2,9,7,8,7,16,15,17,14,31
201821,7,999,2,19,146,7,104,165,111,26,250,276
201885,7,999,2,395,502,508,1283,897,1791,903,1785,2688
201946,7,999,2,77,198,323,1065,275,1388,400,1263,1663
201955,7,999,2,70,100,191,497,170,688,261,597,858
201964,7,999,2,109,151,93,151,260,244,202,302,504
202046,7,999,2,18,7,1,2,25,3,19,9,28
202170,7,999,2,27,35,1,3,62,4,28,38,66
202222,7,999,2,370,505,2347,2991,875,5338,2717,3496,6213
202356,7,999,2,401,663,1498,3437,1064,4935,1899,4100,5999
202453,7,999,2,36,5,0,0,41,0,36,5,41
202480,7,999,2,27,33,34,40,60,74,61,73,134
202523,7,999,2,1,2,2,5,3,7,3,7,10
202648,7,999,2,35,60,150,369,95,519,185,429,614
202763,7,999,2,28,35,12,20,63,32,40,55,95
203085,7,999,2,4,2,1,3,6,4,5,5,10
203128,7,999,2,9,8,9,18,17,27,18,26,44
203155,7,999,2,85,109,51,86,194,137,136,195,331
203289,7,999,2,17,11,0,0,28,0,17,11,28
203368,7,999,2,14,4,2,13,18,15,16,17,33
203447,7,999,2,7,31,203,303,38,506,210,334,544
203456,7,999,2,0,1,91,166,1,257,91,167,258
203465,7,999,2,43,46,156,334,89,490,199,380,579
203474,7,999,2,25,22,168,284,47,452,193,306,499
203483,7,999,2,10,25,147,250,35,397,157,275,432
203492,7,999,2,8,37,73,200,45,273,81,237,318
203517,7,999,2,336,362,393,562,698,955,729,924,1653
203526,7,999,2,5,15,142,297,20,439,147,312,459
203544,7,999,2,13,81,20,63,94,83,33,144,177
203580,7,999,2,5,6,6,13,11,19,11,19,30
203599,7,999,2,62,118,342,820,180,1162,404,938,1342
203678,7,999,2,37,55,64,315,92,379,101,370,471
203720,7,999,2,42,24,1,19,66,20,43,43,86
203748,7,999,2,122,206,556,1284,328,1840,678,1490,2168
203757,7,999,2,13,39,8,36,52,44,21,75,96
203775,7,999,2,13,13,30,33,26,63,43,46,89
203845,7,999,2,10,4,4,7,14,11,14,11,25
203881,7,999,2,65,67,322,243,132,565,387,310,697
203960,7,999,2,29,119,56,488,148,544,85,607,692
204006,7,999,2,65,82,108,99,147,207,173,181,354
204015,7,999,2,36,53,57,54,89,111,93,107,200
204024,7,999,2,79,42,33,26,121,59,112,68,180
204194,7,999,2,37,126,34,76,163,110,71,202,273
204200,7,999,2,10,29,10,30,39,40,20,59,79
204255,7,999,2,42,58,54,83,100,137,96,141,237
204422,7,999,2,27,81,125,244,108,369,152,325,477
204468,7,999,2,22,46,36,95,68,131,58,141,199
204617,7,999,2,20,25,17,26,45,43,37,51,88
204635,7,999,2,17,10,4,4,27,8,21,14,35
204662,7,999,2,5,6,5,3,11,8,10,9,19
204671,7,999,2,11,22,9,17,33,26,20,39,59
204680,7,999,2,18,28,18,17,46,35,36,45,81
204699,7,999,2,17,19,13,28,36,41,30,47,77
204705,7,999,2,29,37,38,32,66,70,67,69,136
204796,7,999,2,817,551,615,648,1368,1263,1432,1199,2631
204802,7,999,2,7,14,49,85,21,134,56,99,155
204820,7,999,2,34,67,89,140,101,229,123,207,330
204839,7,999,2,25,63,83,157,88,240,108,220,328
204848,7,999,2,12,38,101,169,50,270,113,207,320
204857,7,999,2,169,372,465,1951,541,2416,634,2323,2957
204866,7,999,2,18,55,80,165,73,245,98,220,318
204909,7,999,2,4,4,0,1,8,1,4,5,9
204936,7,999,2,21,26,9,14,47,23,30,40,70
204945,7,999,2,150,243,1275,911,393,2186,1425,1154,2579
205090,7,999,2,0,2,6,18,2,24,6,20,26
205443,7,999,2,86,120,67,122,206,189,153,242,395
205470,7,999,2,414,391,2557,2720,805,5277,2971,3111,6082
205841,7,999,2,245,293,737,1327,538,2064,982,1620,2602
205966,7,999,2,18,65,43,168,83,211,61,233,294
206011,7,999,2,21,52,355,155,73,510,376,207,583
206279,7,999,2,73,72,149,129,145,278,222,201,423
206321,7,999,2,1,29,11,14,30,25,12,43,55
206349,7,999,2,20,90,6,51,110,57,26,141,167
206507,7,999,2,16,27,9,12,43,21,25,39,64
206525,7,999,2,5,7,7,7,12,14,12,14,26
206589,7,999,2,2,2,0,4,4,4,2,6,8
206604,7,999,2,286,263,302,286,549,588,588,549,1137
206613,7,999,2,8,17,40,28,25,68,48,45,93
206622,7,999,2,68,144,41,71,212,112,109,215,324
206695,7,999,2,209,238,142,275,447,417,351,513,864
206862,7,999,2,13,18,3,2,31,5,16,20,36
206914,7,999,2,174,337,146,317,511,463,320,654,974
206923,7,999,2,55,152,48,234,207,282,103,386,489
206996,7,999,2,54,155,76,297,209,373,130,452,582
207041,7,999,2,148,267,66,142,415,208,214,409,623
207050,7,999,2,24,80,40,145,104,185,64,225,289
207069,7,999,2,15,41,47,176,56,223,62,217,279
207102,7,999,2,14,19,0,0,33,0,14,19,33
207209,7,999,2,35,50,32,27,85,59,67,77,144
207236,7,999,2,46,94,51,305,140,356,97,399,496
207263,7,999,2,235,518,279,616,753,895,514,1134,1648
207281,7,999,2,45,119,67,267,164,334,112,386,498
207290,7,999,2,45,185,33,186,230,219,78,371,449
207306,7,999,2,40,97,41,93,137,134,81,190,271
207324,7,999,2,38,175,10,74,213,84,48,249,297
207342,7,999,2,34,218,3,30,252,33,37,248,285
207351,7,999,2,43,155,43,165,198,208,86,320,406
207388,7,999,2,488,502,424,419,990,843,912,921,1833
207500,7,999,2,504,330,355,304,834,659,859,634,1493
207564,7,999,2,172,80,171,193,252,364,343,273,616
207582,7,999,2,144,191,137,222,335,359,281,413,694
207661,7,999,2,133,243,127,231,376,358,260,474,734
207670,7,999,2,174,288,374,956,462,1330,548,1244,1792
207740,7,999,2,23,89,37,219,112,256,60,308,368
207847,7,999,2,191,325,209,417,516,626,400,742,1142
207865,7,999,2,120,392,64,233,512,297,184,625,809
207935,7,999,2,368,529,1067,2524,897,3591,1435,3053,4488
207962,7,999,2,214,59,0,0,273,0,214,59,273
207971,7,999,2,37,38,13,15,75,28,50,53,103
208035,7,999,2,7,43,42,228,50,270,49,271,320
208275,7,999,2,27,72,169,165,99,334,196,237,433
208318,7,999,2,204,205,369,467,409,836,573,672,1245
208390,7,999,2,279,402,814,1013,681,1827,1093,1415,2508
208406,7,999,2,162,232,719,706,394,1425,881,938,1819
208415,7,999,2,30,55,116,136,85,252,146,191,337
208646,7,999,2,113,258,245,358,371,603,358,616,974
208822,7,999,2,53,142,38,78,195,116,91,220,311
209038,7,999,2,294,383,720,782,677,1502,1014,1165,2179
209074,7,999,2,196,242,341,444,438,785,537,686,1223
209250,7,999,2,215,326,1413,733,541,2146,1628,1059,2687
209490,7,999,2,60,250,34,148,310,182,94,398,492
209506,7,999,2,234,218,343,365,452,708,577,583,1160
209542,7,999,2,1216,1270,2824,2563,2486,5387,4040,3833,7873
209551,7,999,2,292,211,192,138,503,330,484,349,833
209603,7,999,2,18,35,3,7,53,10,21,42,63
209612,7,999,2,30,64,8,37,94,45,38,101,139
209746,7,999,2,1043,1249,2365,3524,2292,5889,3408,4773,8181
209807,7,999,2,1484,1803,988,1213,3287,2201,2472,3016,5488
209825,7,999,2,15,21,5,1,36,6,20,22,42
209922,7,999,2,9,2,2,6,11,8,11,8,19
210234,7,999,2,79,73,79,180,152,259,158,253,411
210270,7,999,2,79,128,304,535,207,839,383,663,1046
210401,7,999,2,8,5,3,7,13,10,11,12,23
210429,7,999,2,132,244,65,116,376,181,197,360,557
210605,7,999,2,381,443,1441,1971,824,3412,1822,2414,4236
210739,7,999,2,26,60,68,183,86,251,94,243,337
210775,7,999,2,27,93,63,193,120,256,90,286,376
211088,7,999,2,6,16,13,41,22,54,19,57,76
211291,7,999,2,6,4,1,4,10,5,7,8,15
211307,7,999,2,72,126,387,1021,198,1408,459,1147,1606
211316,7,999,2,0,30,0,14,30,14,0,44,44
211343,7,999,2,39,66,111,342,105,453,150,408,558
211352,7,999,2,13,15,10,10,28,20,23,25,48
211431,7,999,2,13,117,33,232,130,265,46,349,395
211440,7,999,2,18,5,36,15,23,51,54,20,74
211556,7,999,2,13,28,42,147,41,189,55,175,230
211583,7,999,2,34,108,13,106,142,119,47,214,261
211608,7,999,2,13,19,6,31,32,37,19,50,69
211927,7,999,2,143,239,669,1960,382,2629,812,2199,3011
212045,7,999,2,23,31,0,2,54,2,23,33,56
212054,7,999,2,246,232,207,459,478,666,453,691,1144
212106,7,999,2,62,53,6,8,115,14,68,61,129
212115,7,999,2,104,135,63,131,239,194,167,266,433
212133,7,999,2,17,95,97,334,112,431,114,429,543
212197,7,999,2,13,9,32,60,22,92,45,69,114
212230,7,999,2,0,12,0,3,12,3,0,15,15
212267,7,999,2,0,20,1,14,20,15,1,34,35
212276,7,999,2,0,15,0,8,15,8,0,23,23
212294,7,999,2,0,14,0,4,14,4,0,18,18
212300,7,999,2,0,19,0,3,19,3,0,22,22
212328,7,999,2,2,16,0,11,18,11,2,27,29
212337,7,999,2,0,15,2,19,15,21,2,34,36
212355,7,999,2,0,26,2,14,26,16,2,40,42
212382,7,999,2,1,34,0,25,35,25,1,59,60
212391,7,999,2,0,13,1,10,13,11,1,23,24
212601,7,999,2,42,44,9,29,86,38,51,73,124
212674,7,999,2,0,1,1,1,1,2,1,2,3
212753,7,999,2,1,19,1,15,20,16,2,34,36
212771,7,999,2,0,0,0,3,0,3,0,3,3
212805,7,999,2,10,4,1,2,14,3,11,6,17
212869,7,999,2,27,218,25,190,245,215,52,408,460
212878,7,999,2,253,461,839,2620,714,3459,1092,3081,4173
212975,7,999,2,4,2,0,0,6,0,4,2,6
212984,7,999,2,44,219,34,163,263,197,78,382,460
213011,7,999,2,21,60,48,184,81,232,69,244,313
213020,7,999,2,94,103,247,179,197,426,341,282,623
213181,7,999,2,12,100,2,15,112,17,14,115,129
213251,7,999,2,6,2,10,1,8,11,16,3,19
213321,7,999,2,21,13,7,16,34,23,28,29,57
213349,7,999,2,77,86,99,178,163,277,176,264,440
213367,7,999,2,19,60,40,193,79,233,59,253,312
213376,7,999,2,81,271,56,192,352,248,137,463,600
213385,7,999,2,2,3,1,2,5,3,3,5,8
213507,7,999,2,10,3,7,10,13,17,17,13,30
213525,7,999,2,102,160,309,1157,262,1466,411,1317,1728
213570,7,999,2,26,200,0,0,226,0,26,200,226
213589,7,999,2,68,13,21,2,81,23,89,15,104
213598,7,999,2,19,14,22,53,33,75,41,67,108
213659,7,999,2,81,186,232,860,267,1092,313,1046,1359
213668,7,999,2,4,7,1,2,11,3,5,9,14
213774,7,999,2,6,32,8,62,38,70,14,94,108
213987,7,999,2,43,82,23,73,125,96,66,155,221
213996,7,999,2,10,20,9,15,30,24,19,35,54
214041,7,999,2,77,103,142,369,180,511,219,472,691
214111,7,999,2,113,217,655,1666,330,2321,768,1883,2651
214148,7,999,2,0,14,0,3,14,3,0,17,17
214157,7,999,2,33,54,12,49,87,61,45,103,148
214175,7,999,2,9,22,15,18,31,33,24,40,64
214272,7,999,2,12,36,85,106,48,191,97,142,239
214379,7,999,2,182,338,518,1699,520,2217,700,2037,2737
214591,7,999,2,64,21,28,16,85,44,92,37,129
214625,7,999,2,12,8,9,16,20,25,21,24,45
214634,7,999,2,3,14,6,30,17,36,9,44,53
214643,7,999,2,14,0,7,1,14,8,21,1,22
214652,7,999,2,22,32,6,8,54,14,28,40,68
214670,7,999,2,16,17,8,16,33,24,24,33,57
214689,7,999,2,41,37,13,3,78,16,54,40,94
214698,7,999,2,12,2,3,3,14,6,15,5,20
214704,7,999,2,55,25,40,26,80,66,95,51,146
214713,7,999,2,124,72,62,31,196,93,186,103,289
214731,7,999,2,15,9,19,11,24,30,34,20,54
214740,7,999,2,4,6,1,4,10,5,5,10,15
214759,7,999,2,5,15,6,3,20,9,11,18,29
214768,7,999,2,12,8,5,6,20,11,17,14,31
214777,7,999,2,186,66,234,91,252,325,420,157,577
214786,7,999,2,5,7,4,6,12,10,9,13,22
214795,7,999,2,14,11,12,14,25,26,26,25,51
214801,7,999,2,66,37,41,37,103,78,107,74,181
214810,7,999,2,8,12,7,9,20,16,15,21,36
214829,7,999,2,27,11,31,16,38,47,58,27,85
214883,7,999,2,26,108,131,423,134,554,157,531,688
215053,7,999,2,7,4,5,7,11,12,12,11,23
215062,7,999,2,61,136,189,331,197,520,250,467,717
215105,7,999,2,22,20,4,6,42,10,26,26,52
215239,7,999,2,267,465,949,2861,732,3810,1216,3326,4542
215266,7,999,2,11,13,1,16,24,17,12,29,41
215275,7,999,2,24,31,15,10,55,25,39,41,80
215284,7,999,2,29,17,4,7,46,11,33,24,57
215293,7,999,2,189,135,135,151,324,286,324,286,610
215309,7,999,2,1,6,1,5,7,6,2,11,13
215381,7,999,2,117,6,0,0,123,0,117,6,123
215442,7,999,2,57,77,71,86,134,157,128,163,291
215479,7,999,2,4,27,0,0,31,0,4,27,31
215585,7,999,2,63,81,289,907,144,1196,352,988,1340
215655,7,999,2,70,40,42,54,110,96,112,94,206
215743,7,999,2,19,49,15,101,68,116,34,150,184
215798,7,999,2,17,10,4,2,27,6,21,12,33
215929,7,999,2,14,7,41,14,21,55,55,21,76
216010,7,999,2,62,37,55,84,99,139,117,121,238
216038,7,999,2,113,67,50,108,180,158,163,175,338
216339,7,999,2,560,460,443,453,1020,896,1003,913,1916
216357,7,999,2,3,1,2,6,4,8,5,7,12
216366,7,999,2,104,363,81,262,467,343,185,625,810
216454,7,999,2,15,2,0,0,17,0,15,2,17
216524,7,999,2,6,4,0,2,10,2,6,6,12
216542,7,999,2,12,11,9,20,23,29,21,31,52
216579,7,999,2,2,24,0,0,26,0,2,24,26
216597,7,999,2,30,55,87,58,85,145,117,113,230
216667,7,999,2,2,3,0,1,5,1,2,4,6
216694,7,999,2,6,14,5,16,20,21,11,30,41
216746,7,999,2,13,2,5,0,15,5,18,2,20
216764,7,999,2,224,256,255,466,480,721,479,722,1201
216825,7,999,2,58,191,189,587,249,776,247,778,1025
216852,7,999,2,36,91,39,102,127,141,75,193,268
216931,7,999,2,40,60,16,37,100,53,56,97,153
217013,7,999,2,17,54,67,216,71,283,84,270,354
217059,7,999,2,42,62,30,70,104,100,72,132,204
217156,7,999,2,41,35,15,20,76,35,56,55,111
217165,7,999,2,17,4,4,4,21,8,21,8,29
217235,7,999,2,73,49,20,25,122,45,93,74,167
217305,7,999,2,190,267,45,61,457,106,235,328,563
217323,7,999,2,218,6,0,0,224,0,218,6,224
217402,7,999,2,7,1,51,67,8,118,58,68,126
217420,7,999,2,181,381,146,356,562,502,327,737,1064
217493,7,999,2,18,18,0,0,36,0,18,18,36
217518,7,999,2,28,34,132,100,62,232,160,134,294
217536,7,999,2,4,10,7,36,14,43,11,46,57
217581,7,999,2,0,37,0,27,37,27,0,64,64
217633,7,999,2,42,100,25,62,142,87,67,162,229
217688,7,999,2,104,166,48,76,270,124,152,242,394
217712,7,999,2,47,83,119,542,130,661,166,625,791
217721,7,999,2,41,41,2,5,82,7,43,46,89
217749,7,999,2,20,24,24,64,44,88,44,88,132
217819,7,999,2,216,150,124,147,366,271,340,297,637
217864,7,999,2,145,23,78,36,168,114,223,59,282
217873,7,999,2,80,132,39,49,212,88,119,181,300
217882,7,999,2,247,123,123,70,370,193,370,193,563
217891,7,999,2,29,45,0,2,74,2,29,47,76
217907,7,999,2,21,65,4,17,86,21,25,82,107
217925,7,999,2,9,14,66,93,23,159,75,107,182
217934,7,999,2,28,161,48,245,189,293,76,406,482
217961,7,999,2,5,34,0,15,39,15,5,49,54
217989,7,999,2,9,33,25,40,42,65,34,73,107
218025,7,999,2,66,155,134,516,221,650,200,671,871
218061,7,999,2,55,82,48,113,137,161,103,195,298
218113,7,999,2,363,629,753,1646,992,2399,1116,2275,3391
218140,7,999,2,272,543,380,1396,815,1776,652,1939,2591
218229,7,999,2,33,88,22,61,121,83,55,149,204
218335,7,999,2,18,108,1,4,126,5,19,112,131
218353,7,999,2,248,522,492,1679,770,2171,740,2201,2941
218399,7,999,2,32,31,3,0,63,3,35,31,66
218414,7,999,2,16,27,5,15,43,20,21,42,63
218441,7,999,2,23,74,20,26,97,46,43,100,143
218487,7,999,2,35,106,53,461,141,514,88,567,655
218520,7,999,2,150,392,325,1342,542,1667,475,1734,2209
218645,7,999,2,109,202,74,205,311,279,183,407,590
218654,7,999,2,38,104,38,91,142,129,76,195,271
218663,7,999,2,250,198,170,182,448,352,420,380,800
218672,7,999,2,6,21,21,90,27,111,27,111,138
218681,7,999,2,3,14,22,79,17,101,25,93,118
218690,7,999,2,4,13,43,44,17,87,47,57,104
218706,7,999,2,3,16,14,14,19,28,17,30,47
218724,7,999,2,127,126,71,93,253,164,198,219,417
218733,7,999,2,42,35,21,47,77,68,63,82,145
218742,7,999,2,147,260,135,212,407,347,282,472,754
218821,7,999,2,16,26,5,4,42,9,21,30,51
218830,7,999,2,217,477,365,1012,694,1377,582,1489,2071
218885,7,999,2,94,125,198,494,219,692,292,619,911
218919,7,999,2,17,31,1,6,48,7,18,37,55
218973,7,999,2,0,0,0,2,0,2,0,2,2
218991,7,999,2,117,245,238,621,362,859,355,866,1221
219037,7,999,2,0,12,1,2,12,3,1,14,15
219082,7,999,2,82,41,247,156,123,403,329,197,526
219125,7,999,2,1,19,0,5,20,5,1,24,25
219170,7,999,2,2,3,0,0,5,0,2,3,5
219189,7,999,2,38,49,44,49,87,93,82,98,180
219198,7,999,2,22,27,45,18,49,63,67,45,112
219204,7,999,2,54,28,319,396,82,715,373,424,797
219259,7,999,2,19,22,53,117,41,170,72,139,211
219277,7,999,2,84,190,120,349,274,469,204,539,743
219338,7,999,2,1,2,0,0,3,0,1,2,3
219347,7,999,2,72,10,57,15,82,72,129,25,154
219426,7,999,2,112,97,101,277,209,378,213,374,587
219471,7,999,2,78,150,145,277,228,422,223,427,650
219480,7,999,2,83,107,34,100,190,134,117,207,324
219602,7,999,2,487,488,441,497,975,938,928,985,1913
219639,7,999,2,6,62,15,200,68,215,21,262,283
219806,7,999,2,18,33,4,6,51,10,22,39,61
219824,7,999,2,190,397,369,741,587,1110,559,1138,1697
219833,7,999,2,15,39,15,18,54,33,30,57,87
219879,7,999,2,94,125,132,221,219,353,226,346,572
219888,7,999,2,101,151,153,462,252,615,254,613,867
219921,7,999,2,11,35,18,22,46,40,29,57,86
219994,7,999,2,106,99,23,1,205,24,129,100,229
220057,7,999,2,99,175,108,468,274,576,207,643,850
220075,7,999,2,317,570,251,528,887,779,568,1098,1666
220127,7,999,2,49,85,8,2,134,10,57,87,144
220163,7,999,2,0,15,0,5,15,5,0,20,20
220215,7,999,2,11,22,5,4,33,9,16,26,42
220251,7,999,2,11,17,7,10,28,17,18,27,45
220279,7,999,2,19,24,18,3,43,21,37,27,64
220321,7,999,2,21,30,10,20,51,30,31,50,81
220394,7,999,2,27,23,1,0,50,1,28,23,51
220400,7,999,2,51,141,143,482,192,625,194,623,817
220473,7,999,2,14,14,26,17,28,43,40,31,71
220516,7,999,2,79,227,19,51,306,70,98,278,376
220598,7,999,2,45,21,2,1,66,3,47,22,69
220604,7,999,2,36,117,15,30,153,45,51,147,198
220701,7,999,2,12,22,3,10,34,13,15,32,47
220710,7,999,2,19,23,1,1,42,2,20,24,44
220862,7,999,2,458,764,671,1252,1222,1923,1129,2016,3145
220978,7,999,2,718,589,582,713,1307,1295,1300,1302,2602
221050,7,999,2,85,50,32,16,135,48,117,66,183
221096,7,999,2,121,187,224,655,308,879,345,842,1187
221148,7,999,2,143,20,0,0,163,0,143,20,163
221184,7,999,2,213,377,507,1264,590,1771,720,1641,2361
221333,7,999,2,12,24,23,9,36,32,35,33,68
221397,7,999,2,117,170,178,551,287,729,295,721,1016
221430,7,999,2,38,41,22,26,79,48,60,67,127
221485,7,999,2,135,366,310,1105,501,1415,445,1471,1916
221494,7,999,2,63,36,13,13,99,26,76,49,125
221519,7,999,2,2,0,3,0,2,3,5,0,5
221582,7,999,2,28,17,4,1,45,5,32,18,50
221607,7,999,2,11,26,18,2,37,20,29,28,57
221625,7,999,2,121,115,6,0,236,6,127,115,242
221643,7,999,2,172,217,624,814,389,1438,796,1031,1827
221740,7,999,2,253,225,220,236,478,456,473,461,934
221759,7,999,2,343,260,203,197,603,400,546,457,1003
221768,7,999,2,104,194,133,175,298,308,237,369,606
221838,7,999,2,107,207,118,202,314,320,225,409,634
221847,7,999,2,183,173,133,142,356,275,316,315,631
221908,7,999,2,173,279,577,494,452,1071,750,773,1523
221999,7,999,2,6,3,1,1,9,2,7,4,11
222053,7,999,2,182,355,398,852,537,1250,580,1207,1787
222062,7,999,2,151,212,183,412,363,595,334,624,958
222178,7,999,2,24,17,6,14,41,20,30,31,61
222576,7,999,2,313,556,447,1296,869,1743,760,1852,2612
222822,7,999,2,76,235,102,366,311,468,178,601,779
222831,7,999,2,163,228,108,108,391,216,271,336,607
222877,7,999,2,12,3,1,1,15,2,13,4,17
222992,7,999,2,1002,953,3357,5724,1955,9081,4359,6677,11036
223232,7,999,2,94,172,13,35,266,48,107,207,314
223320,7,999,2,29,154,72,385,183,457,101,539,640
223506,7,999,2,49,62,436,583,111,1019,485,645,1130
223816,7,999,2,169,284,1264,1718,453,2982,1433,2002,3435
223922,7,999,2,41,55,94,42,96,136,135,97,232
224147,7,999,2,200,255,231,417,455,648,431,672,1103
224156,7,999,2,4,72,1,28,76,29,5,100,105
224323,7,999,2,11,5,2,4,16,6,13,9,22
224527,7,999,2,14,31,19,43,45,62,33,74,107
224554,7,999,2,581,822,348,509,1403,857,929,1331,2260
224615,7,999,2,954,1408,3619,7583,2362,11202,4573,8991,13564
224642,7,999,2,347,467,1183,2289,814,3472,1530,2756,4286
224891,7,999,2,19,50,13,54,69,67,32,104,136
224961,7,999,2,46,95,115,393,141,508,161,488,649
225247,7,999,2,23,31,7,16,54,23,30,47,77
225399,7,999,2,31,51,88,245,82,333,119,296,415
225414,7,999,2,390,562,575,1101,952,1676,965,1663,2628
225432,7,999,2,643,1081,1262,2591,1724,3853,1905,3672,5577
225511,7,999,2,1046,889,1406,1276,1935,2682,2452,2165,4617
225548,7,999,2,13,12,23,25,25,48,36,37,73
225885,7,999,2,27,37,21,45,64,66,48,82,130
226116,7,999,2,49,142,70,352,191,422,119,494,613
226134,7,999,2,66,109,345,678,175,1023,411,787,1198
226204,7,999,2,220,97,1093,737,317,1830,1313,834,2147
226277,7,999,2,312,34,0,0,346,0,312,34,346
226383,7,999,2,26,73,11,42,99,53,37,115,152
226408,7,999,2,57,102,243,721,159,964,300,823,1123
226471,7,999,2,68,125,34,62,193,96,102,187,289
226578,7,999,2,143,397,288,1027,540,1315,431,1424,1855
226587,7,999,2,63,74,19,38,137,57,82,112,194
226675,7,999,2,27,111,0,0,138,0,27,111,138
227146,7,999,2,80,232,149,548,312,697,229,780,1009
227182,7,999,2,1246,1789,3426,7630,3035,11056,4672,9419,14091
227216,7,999,2,1170,871,1231,1263,2041,2494,2401,2134,4535
227331,7,999,2,29,115,17,73,144,90,46,188,234
227368,7,999,2,798,1224,814,1171,2022,1985,1612,2395,4007
227377,7,999,2,97,151,198,368,248,566,295,519,814
227386,7,999,2,30,142,36,281,172,317,66,423,489
227401,7,999,2,127,220,117,353,347,470,244,573,817
227526,7,999,2,149,205,86,109,354,195,235,314,549
227757,7,999,2,13,2,2,0,15,2,15,2,17
227845,7,999,2,70,84,18,28,154,46,88,112,200
227863,7,999,2,121,273,162,93,394,255,283,366,649
227881,7,999,2,524,903,504,919,1427,1423,1028,1822,2850
227979,7,999,2,410,651,1706,3500,1061,5206,2116,4151,6267
228042,7,999,2,24,44,4,24,68,28,28,68,96
228149,7,999,2,44,38,12,14,82,26,56,52,108
228158,7,999,2,254,488,343,881,742,1224,597,1369,1966
228246,7,999,2,58,31,14,16,89,30,72,47,119
228282,7,999,2,1,4,0,0,5,0,1,4,5
228343,7,999,2,17,15,1,4,32,5,18,19,37
228431,7,999,2,182,488,153,284,670,437,335,772,1107
228459,7,999,2,958,797,791,927,1755,1718,1749,1724,3473
228501,7,999,2,39,83,61,252,122,313,100,335,435
228529,7,999,2,229,508,514,890,737,1404,743,1398,2141
228547,7,999,2,595,612,3029,5894,1207,8923,3624,6506,10130
228644,7,999,2,89,185,48,42,274,90,137,227,364
228653,7,999,2,40,132,20,56,172,76,60,188,248
228699,7,999,2,87,170,120,419,257,539,207,589,796
228705,7,999,2,115,191,98,145,306,243,213,336,549
228723,7,999,2,483,246,206,137,729,343,689,383,1072
228769,7,999,2,1232,1669,1858,5230,2901,7088,3090,6899,9989
228778,7,999,2,296,178,162,153,474,315,458,331,789
228787,7,999,2,686,439,623,476,1125,1099,1309,915,2224
228796,7,999,2,752,860,1020,1238,1612,2258,1772,2098,3870
228802,7,999,2,301,421,343,628,722,971,644,1049,1693
228875,7,999,2,169,102,34,36,271,70,203,138,341
228909,7,999,2,0,0,1,0,0,1,1,0,1
229018,7,999,2,266,648,230,420,914,650,496,1068,1564
229027,7,999,2,1231,963,1281,1065,2194,2346,2512,2028,4540
229063,7,999,2,227,357,139,250,584,389,366,607,973
229115,7,999,2,637,591,436,512,1228,948,1073,1103,2176
229179,7,999,2,137,1009,123,1047,1146,1170,260,2056,2316
229267,7,999,2,3,0,1,11,3,12,4,11,15
229337,7,999,2,63,308,28,140,371,168,91,448,539
229355,7,999,2,165,384,378,1101,549,1479,543,1485,2028
229504,7,999,2,75,70,118,402,145,520,193,472,665
229780,7,999,2,207,388,331,410,595,741,538,798,1336
229799,7,999,2,100,186,194,679,286,873,294,865,1159
229814,7,999,2,217,418,339,456,635,795,556,874,1430
229841,7,999,2,65,95,167,460,160,627,232,555,787
229887,7,999,2,68,64,6,24,132,30,74,88,162
230038,7,999,2,1033,367,502,316,1400,818,1535,683,2218
230047,7,999,2,327,301,25,35,628,60,352,336,688
230162,7,999,2,90,102,530,197,192,727,620,299,919
230171,7,999,2,368,363,328,407,731,735,696,770,1466
230214,7,999,2,5,36,15,77,41,92,20,113,133
230597,7,999,2,65,60,83,117,125,200,148,177,325
230603,7,999,2,452,343,553,1485,795,2038,1005,1828,2833
230676,7,999,2,43,24,68,34,67,102,111,58,169
230728,7,999,2,748,607,658,1037,1355,1695,1406,1644,3050
230746,7,999,2,588,624,2517,2914,1212,5431,3105,3538,6643
230764,7,999,2,935,628,1028,1066,1563,2094,1963,1694,3657
230782,7,999,2,978,1108,1226,1863,2086,3089,2204,2971,5175
230807,7,999,2,26,57,4,8,83,12,30,65,95
230816,7,999,2,2,8,23,3,10,26,25,11,36
230834,7,999,2,27,69,24,53,96,77,51,122,173
230852,7,999,2,269,190,408,278,459,686,677,468,1145
230861,7,999,2,63,116,475,1804,179,2279,538,1920,2458
230913,7,999,2,28,89,65,226,117,291,93,315,408
230959,7,999,2,1,0,2,4,1,6,3,4,7
231059,7,999,2,6,6,3,3,12,6,9,9,18
231095,7,999,2,7,14,3,3,21,6,10,17,27
231165,7,999,2,81,181,169,245,262,414,250,426,676
231174,7,999,2,72,49,110,233,121,343,182,282,464
231280,7,999,2,0,18,0,15,18,15,0,33,33
231411,7,999,2,178,34,0,0,212,0,178,34,212
231420,7,999,2,52,124,29,54,176,83,81,178,259
231536,7,999,2,60,76,225,431,136,656,285,507,792
231581,7,999,2,3,4,0,0,7,0,3,4,7
231624,7,999,2,27,35,14,8,62,22,41,43,84
231688,7,999,2,0,0,0,4,0,4,0,4,4
231697,7,999,2,46,69,194,428,115,622,240,497,737
231712,7,999,2,18,19,9,6,37,15,27,25,52
231785,7,999,2,50,326,34,400,376,434,84,726,810
231873,7,999,2,16,29,21,67,45,88,37,96,133
231882,7,999,2,78,109,83,218,187,301,161,327,488
232025,7,999,2,6,9,1,2,15,3,7,11,18
232043,7,999,2,12,26,14,11,38,25,26,37,63
232052,7,999,2,5,23,23,67,28,90,28,90,118
232089,7,999,2,7,8,0,6,15,6,7,14,21
232186,7,999,2,1174,1054,1246,1291,2228,2537,2420,2345,4765
232195,7,999,2,98,230,342,1002,328,1344,440,1232,1672
232308,7,999,2,0,16,0,0,16,0,0,16,16
232414,7,999,2,151,275,564,1402,426,1966,715,1677,2392
232450,7,999,2,95,190,545,1022,285,1567,640,1212,1852
232557,7,999,2,4614,6109,6178,7200,10723,13378,10792,13309,24101
232566,7,999,2,16,37,11,68,53,79,27,105,132
232575,7,999,2,51,106,167,656,157,823,218,762,980
232609,7,999,2,22,33,9,13,55,22,31,46,77
232706,7,999,2,72,175,23,43,247,66,95,218,313
232788,7,999,2,53,121,77,221,174,298,130,342,472
232867,7,999,2,77,82,222,280,159,502,299,362,661
232946,7,999,2,845,1050,3292,5092,1895,8384,4137,6142,10279
232982,7,999,2,836,1100,1189,1532,1936,2721,2025,2632,4657
233019,7,999,2,42,79,42,178,121,220,84,257,341
233037,7,999,2,12,46,36,159,58,195,48,205,253
233116,7,999,2,80,87,357,669,167,1026,437,756,1193
233277,7,999,2,126,229,78,163,355,241,204,392,596
233286,7,999,2,7,26,0,10,33,10,7,36,43
233295,7,999,2,5,7,2,1,12,3,7,8,15
233310,7,999,2,24,39,91,308,63,399,115,347,462
233338,7,999,2,12,16,5,14,28,19,17,30,47
233374,7,999,2,9,10,31,55,19,86,40,65,105
233426,7,999,2,15,16,16,6,31,22,31,22,53
233541,7,999,2,37,106,15,25,143,40,52,131,183
233611,7,999,2,49,26,11,8,75,19,60,34,94
233639,7,999,2,28,125,204,438,153,642,232,563,795
233648,7,999,2,61,176,71,230,237,301,132,406,538
233666,7,999,2,1,4,0,0,5,0,1,4,5
233718,7,999,2,0,6,0,1,6,1,0,7,7
233754,7,999,2,160,237,423,897,397,1320,583,1134,1717
233772,7,999,2,543,822,1373,2641,1365,4014,1916,3463,5379
233903,7,999,2,63,96,98,278,159,376,161,374,535
233921,7,999,2,235,88,101,43,323,144,336,131,467
233949,7,999,2,91,192,381,655,283,1036,472,847,1319
234030,7,999,2,476,559,407,560,1035,967,883,1119,2002
234076,7,999,2,216,82,258,285,298,543,474,367,841
234119,7,999,2,16,33,11,8,49,19,27,41,68
234155,7,999,2,103,143,30,74,246,104,133,217,350
234207,7,999,2,1,0,2,0,1,2,3,0,3
234377,7,999,2,19,84,111,238,103,349,130,322,452
234669,7,999,2,430,701,631,1249,1131,1880,1061,1950,3011
234696,7,999,2,241,252,119,192,493,311,360,444,804
234711,7,999,2,77,137,99,171,214,270,176,308,484
234827,7,999,2,557,656,225,333,1213,558,782,989,1771
234845,7,999,2,129,221,171,376,350,547,300,597,897
234924,7,999,2,8,71,0,0,79,0,8,71,79
234933,7,999,2,287,517,426,813,804,1239,713,1330,2043
234951,7,999,2,322,445,227,586,767,813,549,1031,1580
234979,7,999,2,223,484,743,582,707,1325,966,1066,2032
235024,7,999,2,12,15,1,6,27,7,13,21,34
235097,7,999,2,424,477,118,141,901,259,542,618,1160
235103,7,999,2,295,322,612,1120,617,1732,907,1442,2349
235149,7,999,2,257,388,462,716,645,1178,719,1104,1823
235237,7,999,2,349,677,976,1709,1026,2685,1325,2386,3711
235307,7,999,2,4,37,0,0,41,0,4,37,41
235316,7,999,2,43,19,2,9,62,11,45,28,73
235334,7,999,2,129,178,135,130,307,265,264,308,572
235343,7,999,2,326,366,334,548,692,882,660,914,1574
235431,7,999,2,159,412,250,690,571,940,409,1102,1511
235547,7,999,2,2,21,5,21,23,26,7,42,49
235671,7,999,2,544,414,900,782,958,1682,1444,1196,2640
235699,7,999,2,218,390,292,826,608,1118,510,1216,1726
235750,7,999,2,90,250,121,498,340,619,211,748,959
236072,7,999,2,259,298,627,1661,557,2288,886,1959,2845
236188,7,999,2,439,561,443,610,1000,1053,882,1171,2053
236258,7,999,2,83,176,186,398,259,584,269,574,843
236328,7,999,2,10,13,1,14,23,15,11,27,38
236382,7,999,2,213,277,1193,349,490,1542,1406,626,2032
236452,7,999,2,118,100,32,26,218,58,150,126,276
236504,7,999,2,235,111,1801,461,346,2262,2036,572,2608
236513,7,999,2,382,581,267,451,963,718,649,1032,1681
236577,7,999,2,52,66,9,7,118,16,61,73,134
236595,7,999,2,110,95,19,10,205,29,129,105,234
236610,7,999,2,233,363,364,920,596,1284,597,1283,1880
236638,7,999,2,201,356,580,612,557,1192,781,968,1749
236656,7,999,2,223,313,188,519,536,707,411,832,1243
236692,7,999,2,540,876,787,1270,1416,2057,1327,2146,3473
236708,7,999,2,262,439,177,357,701,534,439,796,1235
236753,7,999,2,374,819,236,735,1193,971,610,1554,2164
236887,7,999,2,302,285,440,268,587,708,742,553,1295
236896,7,999,2,24,26,10,12,50,22,34,38,72
236939,7,999,2,946,1013,493,821,1959,1314,1439,1834,3273
236975,7,999,2,127,256,87,235,383,322,214,491,705
237011,7,999,2,350,407,174,106,757,280,524,513,1037
237039,7,999,2,141,202,214,405,343,619,355,607,962
237057,7,999,2,4,8,5,3,12,8,9,11,20
237066,7,999,2,27,37,4,5,64,9,31,42,73
237109,7,999,2,124,386,98,387,510,485,222,773,995
237118,7,999,2,3,21,5,19,24,24,8,40,48
237181,7,999,2,1,2,0,5,3,5,1,7,8
237303,7,999,2,12,8,0,0,20,0,12,8,20
237312,7,999,2,239,207,705,181,446,886,944,388,1332
237321,7,999,2,4,24,0,0,28,0,4,24,28
237330,7,999,2,35,111,18,27,146,45,53,138,191
237358,7,999,2,12,36,0,5,48,5,12,41,53
237367,7,999,2,76,127,55,154,203,209,131,281,412
237385,7,999,2,33,27,192,22,60,214,225,49,274
237525,7,999,2,236,320,150,204,556,354,386,524,910
237686,7,999,2,73,169,116,236,242,352,189,405,594
237701,7,999,2,17,30,17,21,47,38,34,51,85
237792,7,999,2,61,124,146,178,185,324,207,302,509
237817,7,999,2,46,123,38,118,169,156,84,241,325
237899,7,999,2,71,129,32,52,200,84,103,181,284
237950,7,999,2,32,28,17,19,60,36,49,47,96
237969,7,999,2,1,3,1,1,4,2,2,4,6
238014,7,999,2,47,101,41,116,148,157,88,217,305
238032,7,999,2,265,167,143,175,432,318,408,342,750
238175,7,999,2,0,25,0,0,25,0,0,25,25
238193,7,999,2,3,101,7,99,104,106,10,200,210
238263,7,999,2,342,397,1039,2019,739,3058,1381,2416,3797
238397,7,999,2,97,185,325,671,282,996,422,856,1278
238430,7,999,2,19,33,30,57,52,87,49,90,139
238458,7,999,2,35,34,17,23,69,40,52,57,109
238722,7,999,2,253,208,1461,1088,461,2549,1714,1296,3010
238759,7,999,2,157,187,684,1190,344,1874,841,1377,2218
239008,7,999,2,60,69,441,492,129,933,501,561,1062
239017,7,999,2,6,3,1,0,9,1,7,3,10
239071,7,999,2,5,10,25,38,15,63,30,48,78
239105,7,999,2,18,15,28,40,33,68,46,55,101
239248,7,999,2,443,619,1730,3153,1062,4883,2173,3772,5945
239309,7,999,2,12,19,1,4,31,5,13,23,36
239318,7,999,2,95,63,19,6,158,25,114,69,183
239372,7,999,2,102,136,293,603,238,896,395,739,1134
239442,7,999,2,16,31,86,216,47,302,102,247,349
239488,7,999,2,222,328,765,1561,550,2326,987,1889,2876
239512,7,999,2,5,4,1,4,9,5,6,8,14
239716,7,999,2,3,8,1,1,11,2,4,9,13
239877,7,999,2,1,8,0,6,9,6,1,14,15
240107,7,999,2,32,99,27,155,131,182,59,254,313
240170,7,999,2,139,171,378,674,310,1052,517,845,1362
240189,7,999,2,161,258,186,303,419,489,347,561,908
240198,7,999,2,98,173,216,561,271,777,314,734,1048
240268,7,999,2,96,68,51,142,164,193,147,210,357
240277,7,999,2,278,383,334,683,661,1017,612,1066,1678
240329,7,999,2,69,38,41,39,107,80,110,77,187
240338,7,999,2,4,8,9,7,12,16,13,15,28
240365,7,999,2,223,257,281,234,480,515,504,491,995
240374,7,999,2,151,143,155,194,294,349,306,337,643
240417,7,999,2,147,131,255,268,278,523,402,399,801
240426,7,999,2,74,229,80,237,303,317,154,466,620
240444,7,999,2,256,179,380,395,435,775,636,574,1210
240453,7,999,2,773,714,589,744,1487,1333,1362,1458,2820
240462,7,999,2,112,57,185,109,169,294,297,166,463
240471,7,999,2,79,73,65,81,152,146,144,154,298
240480,7,999,2,185,153,96,162,338,258,281,315,596
240505,7,999,2,115,186,287,426,301,713,402,612,1014
240514,7,999,2,37,76,229,238,113,467,266,314,580
240596,7,999,2,16,23,27,92,39,119,43,115,158
240620,7,999,2,104,208,173,439,312,612,277,647,924
240657,7,999,2,29,55,69,166,84,235,98,221,319
240666,7,999,2,88,152,221,286,240,507,309,438,747
240727,7,999,2,268,276,312,467,544,779,580,743,1323
240745,7,999,2,68,73,179,182,141,361,247,255,502
240790,7,999,2,56,94,21,68,150,89,77,162,239
241182,7,999,2,34,154,0,0,188,0,34,154,188
241191,7,999,2,63,67,22,24,130,46,85,91,176
241225,7,999,2,24,26,21,63,50,84,45,89,134
241331,7,999,2,8,37,15,62,45,77,23,99,122
241377,7,999,2,73,144,22,41,217,63,95,185,280
241386,7,999,2,14,48,2,18,62,20,16,66,82
241395,7,999,2,11,25,8,28,36,36,19,53,72
241410,7,999,2,73,83,104,104,156,208,177,187,364
241720,7,999,2,65,108,48,48,173,96,113,156,269
241739,7,999,2,226,502,266,628,728,894,492,1130,1622
241766,7,999,2,15,3,20,5,18,25,35,8,43
241836,7,999,2,48,137,114,279,185,393,162,416,578
241906,7,999,2,6,16,0,0,22,0,6,16,22
241951,7,999,2,5,15,19,25,20,44,24,40,64
242112,7,999,2,76,67,5,23,143,28,81,90,171
242130,7,999,2,14,78,6,17,92,23,20,95,115
242149,7,999,2,27,95,10,47,122,57,37,142,179
242556,7,999,2,9,10,1,1,19,2,10,11,21
242617,7,999,2,88,75,48,55,163,103,136,130,266
242626,7,999,2,167,165,109,143,332,252,276,308,584
242635,7,999,2,70,197,50,184,267,234,120,381,501
242644,7,999,2,35,83,20,52,118,72,55,135,190
242653,7,999,2,238,293,195,261,531,456,433,554,987
242662,7,999,2,112,276,89,210,388,299,201,486,687
242680,7,999,2,50,99,34,75,149,109,84,174,258
242699,7,999,2,105,259,46,108,364,154,151,367,518
242705,7,999,2,170,120,127,82,290,209,297,202,499
243106,7,999,2,17,14,16,22,31,38,33,36,69
243142,7,999,2,11,18,17,33,29,50,28,51,79
243179,7,999,2,15,20,23,25,35,48,38,45,83
243188,7,999,2,16,14,10,4,30,14,26,18,44
243203,7,999,2,7,22,1,4,29,5,8,26,34
243212,7,999,2,27,18,20,58,45,78,47,76,123
243221,7,999,2,74,93,125,158,167,283,199,251,450
243346,7,999,2,214,346,245,418,560,663,459,764,1223
243443,7,999,2,86,176,99,198,262,297,185,374,559
243577,7,999,2,117,40,488,191,157,679,605,231,836
243586,7,999,2,30,42,12,29,72,41,42,71,113
243601,7,999,2,304,498,381,526,802,907,685,1024,1709
243638,7,999,2,46,103,69,101,149,170,115,204,319
243647,7,999,2,22,27,18,48,49,66,40,75,115
243744,7,999,2,83,35,0,0,118,0,83,35,118
243780,7,999,2,290,118,269,394,408,663,559,512,1071
243832,7,999,2,111,267,138,373,378,511,249,640,889
243841,7,999,2,39,187,7,59,226,66,46,246,292
244437,7,999,2,272,508,861,2333,780,3194,1133,2841,3974
244446,7,999,2,117,155,224,666,272,890,341,821,1162
245281,7,999,2,30,26,0,0,56,0,30,26,56
245625,7,999,2,22,36,68,187,58,255,90,223,313
246813,7,999,2,52,92,237,682,144,919,289,774,1063
246895,7,999,2,34,59,22,26,93,48,56,85,141
247603,7,999,2,58,96,98,190,154,288,156,286,442
247834,7,999,2,759,873,1694,3211,1632,4905,2453,4084,6537
247940,7,999,2,134,206,334,424,340,758,468,630,1098
248925,7,999,2,70,114,48,25,184,73,118,139,257
248934,7,999,2,3205,4655,9,26,7860,35,3214,4681,7895
249238,7,999,2,5,62,4,65,67,69,9,127,136
251260,7,999,2,90,152,135,395,242,530,225,547,772
260813,7,999,2,15,150,0,0,165,0,15,150,165
260929,7,999,2,10,48,0,1,58,1,10,49,59
262031,7,999,2,85,149,254,638,234,892,339,787,1126
262086,7,999,2,353,475,974,2142,828,3116,1327,2617,3944
262129,7,999,2,14,16,5,0,30,5,19,16,35
262341,7,999,2,108,16,0,0,124,0,108,16,124
363165,7,999,2,127,127,43,18,254,61,170,145,315
363633,7,999,2,10,37,109,128,47,237,119,165,284
363907,7,999,2,75,64,56,23,139,79,131,87,218
363916,7,999,2,13,29,6,8,42,14,19,37,56
364016,7,999,2,120,96,593,1064,216,1657,713,1160,1873
364025,7,999,2,203,160,778,1109,363,1887,981,1269,2250
364636,7,999,2,10,34,0,9,44,9,10,43,53
365198,7,999,2,2,23,24,29,25,53,26,52,78
365480,7,999,2,5,42,21,23,47,44,26,65,91
366003,7,999,2,17,48,52,56,65,108,69,104,173
366252,7,999,2,149,108,128,255,257,383,277,363,640
366395,7,999,2,334,479,702,1604,813,2306,1036,2083,3119
366401,7,999,2,101,114,582,1151,215,1733,683,1265,1948
366465,7,999,2,56,167,84,270,223,354,140,437,577
366623,7,999,2,2,7,1,0,9,1,3,7,10
366632,7,999,2,0,4,0,0,4,0,0,4,4
366711,7,999,2,676,859,447,637,1535,1084,1123,1496,2619
367334,7,999,2,109,17,30,4,126,34,139,21,160
367459,7,999,2,114,147,404,782,261,1186,518,929,1447
368230,7,999,2,1,32,3,20,33,23,4,52,56
368911,7,999,2,18,71,69,273,89,342,87,344,431
372356,7,999,2,0,53,0,0,53,0,0,53,53
374574,7,999,2,27,120,9,116,147,125,36,236,272
375106,7,999,2,83,20,12,1,103,13,95,21,116
375407,7,999,2,11,31,5,3,42,8,16,34,50
375416,7,999,2,38,76,0,0,114,0,38,76,114
375726,7,999,2,54,115,55,9,169,64,109,124,233
375984,7,999,2,5,50,2,22,55,24,7,72,79
376288,7,999,2,15,39,0,0,54,0,15,39,54
376385,7,999,2,47,43,1,4,90,5,48,47,95
376446,7,999,2,1,8,0,39,9,39,1,47,48
376631,7,999,2,6,1,0,0,7,0,6,1,7
377218,7,999,2,39,3,0,0,42,0,39,3,42
377643,7,999,2,5,35,0,0,40,0,5,35,40
377722,7,999,2,13,169,0,0,182,0,13,169,182
379621,7,999,2,3,33,0,14,36,14,3,47,50
380359,7,999,2,27,93,27,209,120,236,54,302,356
382258,7,999,2,2,28,3,29,30,32,5,57,62
383190,7,999,2,93,92,116,375,185,491,209,467,676
383765,7,999,2,1,35,1,24,36,25,2,59,61
383996,7,999,2,11,27,61,128,38,189,72,155,227
384254,7,999,2,24,8,0,1,32,1,24,9,33
384333,7,999,2,104,182,527,1066,286,1593,631,1248,1879
384342,7,999,2,66,135,259,604,201,863,325,739,1064
395362,7,999,2,36,94,153,359,130,512,189,453,642
399212,7,999,2,91,83,3581,1036,174,4617,3672,1119,4791
399911,7,999,2,1,1,0,0,2,0,1,1,2
400187,7,999,2,34,172,16,113,206,129,50,285,335
401764,7,999,2,0,27,1,74,27,75,1,101,102
403469,7,999,2,4,21,693,274,25,967,697,295,992
403478,7,999,2,8,48,19,38,56,57,27,86,113
403487,7,999,2,5,21,18,154,26,172,23,175,198
404426,7,999,2,72,73,222,365,145,587,294,438,732
404684,7,999,2,13,46,0,0,59,0,13,46,59
405872,7,999,2,45,36,130,304,81,434,175,340,515
407179,7,999,2,1,19,1,9,20,10,2,28,30
407461,7,999,2,30,9,0,0,39,0,30,9,39
407470,7,999,2,2,45,1,23,47,24,3,68,71
407735,7,999,2,0,12,0,0,12,0,0,12,12
407832,7,999,2,9,11,37,13,20,50,46,24,70
408066,7,999,2,7,24,5,15,31,20,12,39,51
408844,7,999,2,272,669,134,469,941,603,406,1138,1544
409591,7,999,2,2,14,7,14,16,21,9,28,37
409698,7,999,2,325,482,215,244,807,459,540,726,1266
412544,7,999,2,6,31,1,32,37,33,7,63,70
413617,7,999,2,17,29,33,102,46,135,50,131,181
414878,7,999,2,25,46,38,73,71,111,63,119,182
414911,7,999,2,39,89,49,139,128,188,88,228,316
415039,7,999,2,0,10,0,4,10,4,0,14,14
416801,7,999,2,39,120,9,19,159,28,48,139,187
417008,7,999,2,0,23,0,0,23,0,0,23,23
417655,7,999,2,1,5,0,0,6,0,1,5,6
417716,7,999,2,2,140,0,0,142,0,2,140,142
417734,7,999,2,11,17,8,37,28,45,19,54,73
417752,7,999,2,3,0,0,0,3,0,3,0,3
417840,7,999,2,18,255,0,0,273,0,18,255,273
417886,7,999,2,0,11,0,0,11,0,0,11,11
417910,7,999,2,16,114,0,0,130,0,16,114,130
418029,7,999,2,1,26,0,0,27,0,1,26,27
418065,7,999,2,8,86,4,34,94,38,12,120,132
418083,7,999,2,5,34,0,0,39,0,5,34,39
418481,7,999,2,0,17,0,0,17,0,0,17,17
418533,7,999,2,7,70,5,21,77,26,12,91,103
418588,7,999,2,0,12,0,0,12,0,0,12,12
419031,7,999,2,1,8,0,0,9,0,1,8,9
420042,7,999,2,13,10,0,0,23,0,13,10,23
420130,7,999,2,8,173,0,0,181,0,8,173,181
420343,7,999,2,61,4,60,1,65,61,121,5,126
420431,7,999,2,56,124,152,440,180,592,208,564,772
420440,7,999,2,28,41,84,253,69,337,112,294,406
420538,7,999,2,38,84,59,173,122,232,97,257,354
420556,7,999,2,16,47,27,77,63,104,43,124,167
421610,7,999,2,4,26,0,2,30,2,4,28,32
421717,7,999,2,7,1,7,3,8,10,14,4,18
423652,7,999,2,12,56,28,68,68,96,40,124,164
426314,7,999,2,1340,227,4385,646,1567,5031,5725,873,6598
428055,7,999,2,6,45,0,0,51,0,6,45,51
430227,7,999,2,1,23,0,9,24,9,1,32,33
430403,7,999,2,10,158,0,0,168,0,10,158,168
430564,7,999,2,1,6,6,9,7,15,7,15,22
430971,7,999,2,5,20,0,0,25,0,5,20,25
431275,7,999,2,0,5,2,15,5,17,2,20,22
431284,7,999,2,0,28,0,5,28,5,0,33,33
433040,7,999,2,2,25,0,0,27,0,2,25,27
433101,7,999,2,23,137,7,105,160,112,30,242,272
433387,7,999,2,38970,59071,0,0,98041,0,38970,59071,98041
433420,7,999,2,137,15,0,0,152,0,137,15,152
433660,7,999,2,276,267,123,202,543,325,399,469,868
434061,7,999,2,235,592,246,820,827,1066,481,1412,1893
434159,7,999,2,181,47,0,0,228,0,181,47,228
434469,7,999,2,2,145,0,2,147,2,2,147,149
434584,7,999,2,3,11,21,68,14,89,24,79,103
434672,7,999,2,306,483,1356,3783,789,5139,1662,4266,5928
435000,7,999,2,5,6,0,1,11,1,5,7,12
436553,7,999,2,34,170,0,0,204,0,34,170,204
436818,7,999,2,20,29,11,16,49,27,31,45,76
436827,7,999,2,14,21,3,7,35,10,17,28,45
436836,7,999,2,57,59,20,21,116,41,77,80,157
437103,7,999,2,298,745,568,1811,1043,2379,866,2556,3422
438586,7,999,2,236,430,40,83,666,123,276,513,789
438708,7,999,2,9,35,11,56,44,67,20,91,111
439190,7,999,2,53,50,85,76,103,161,138,126,264
439367,7,999,2,283,633,0,0,916,0,283,633,916
439844,7,999,2,0,7,0,0,7,0,0,7,7
440101,7,999,2,0,22,2,26,22,28,2,48,50
440271,7,999,2,48,40,0,0,88,0,48,40,88
440749,7,999,2,5,1,27,12,6,39,32,13,45
440828,7,999,2,49,47,88,65,96,153,137,112,249
441371,7,999,2,175,5128,0,10,5303,10,175,5138,5313
441690,7,999,2,24,18,57,27,42,84,81,45,126
441760,7,999,2,177,206,204,506,383,710,381,712,1093
441900,7,999,2,102,358,302,1143,460,1445,404,1501,1905
441937,7,999,2,310,492,268,447,802,715,578,939,1517
442073,7,999,2,25,108,9,93,133,102,34,201,235
442240,7,999,2,22,71,20,64,93,84,42,135,177
442329,7,999,2,220,39,0,0,259,0,220,39,259
442356,7,999,2,34,180,73,611,214,684,107,791,898
442523,7,999,2,3,4,2,1,7,3,5,5,10
442930,7,999,2,39,89,6,3,128,9,45,92,137
443049,7,999,2,35,30,43,32,65,75,78,62,140
443058,7,999,2,2,1,9,19,3,28,11,20,31
443100,7,999,2,15,12,0,0,27,0,15,12,27
443331,7,999,2,266,1050,71,267,1316,338,337,1317,1654
443641,7,999,2,0,28,0,12,28,12,0,40,40
444219,7,999,2,74,121,1087,1608,195,2695,1161,1729,2890
444282,7,999,2,0,11,1,30,11,31,1,41,42
444291,7,999,2,2,30,1,18,32,19,3,48,51
444307,7,999,2,0,24,1,5,24,6,1,29,30
444468,7,999,2,0,9,0,3,9,3,0,12,12
444486,7,999,2,7,85,1,17,92,18,8,102,110
444556,7,999,2,73,67,0,0,140,0,73,67,140
444565,7,999,2,47,58,23,33,105,56,70,91,161
444583,7,999,2,31,46,0,0,77,0,31,46,77
444671,7,999,2,14,26,0,0,40,0,14,26,40
444787,7,999,2,196,1376,153,837,1572,990,349,2213,2562
445027,7,999,2,3119,5080,222,554,8199,776,3341,5634,8975
445133,7,999,2,29,39,11,20,68,31,40,59,99
445188,7,999,2,121,86,13,2,207,15,134,88,222
445212,7,999,2,6,11,6,30,17,36,12,41,53
445267,7,999,2,57,357,119,390,414,509,176,747,923
445498,7,999,2,6,0,0,0,6,0,6,0,6
445708,7,999,2,21,15,2,4,36,6,23,19,42
445911,7,999,2,29,80,25,64,109,89,54,144,198
445948,7,999,2,172,900,0,0,1072,0,172,900,1072
446206,7,999,2,1,13,0,6,14,6,1,19,20
446233,7,999,2,9,6,2,4,15,6,11,10,21
446251,7,999,2,20,44,0,0,64,0,20,44,64
446288,7,999,2,0,16,0,8,16,8,0,24,24
446774,7,999,2,84,119,876,1559,203,2435,960,1678,2638
447148,7,999,2,3,33,0,24,36,24,3,57,60
447166,7,999,2,1,7,0,9,8,9,1,16,17
447175,7,999,2,2,15,0,16,17,16,2,31,33
447582,7,999,2,57,155,22,99,212,121,79,254,333
447689,7,999,2,383,562,399,679,945,1078,782,1241,2023
447759,7,999,2,51,91,3,14,142,17,54,105,159
447999,7,999,2,24,99,0,0,123,0,24,99,123
448026,7,999,2,2,22,0,5,24,5,2,27,29
448196,7,999,2,5,65,0,2,70,2,5,67,72
448220,7,999,2,3,36,0,0,39,0,3,36,39
448248,7,999,2,19,36,460,163,55,623,479,199,678
448594,7,999,2,81,168,225,496,249,721,306,664,970
448673,7,999,2,76,733,120,1015,809,1135,196,1748,1944
448798,7,999,2,5,56,0,0,61,0,5,56,61
449320,7,999,2,47,2,35,1,49,36,82,3,85
449357,7,999,2,2,63,0,0,65,0,2,63,65
449384,7,999,2,48,24,128,67,72,195,176,91,267
449472,7,999,2,0,30,0,0,30,0,0,30,30
449889,7,999,2,29,96,0,0,125,0,29,96,125
449959,7,999,2,13,24,10,18,37,28,23,42,65
449968,7,999,2,25,60,9,26,85,35,34,86,120
449977,7,999,2,0,41,0,19,41,19,0,60,60
449986,7,999,2,14,51,12,46,65,58,26,97,123
449995,7,999,2,3,24,1,25,27,26,4,49,53
450571,7,999,2,17,116,20,167,133,187,37,283,320
450599,7,999,2,0,11,0,0,11,0,0,11,11
450605,7,999,2,0,13,0,9,13,9,0,22,22
450614,7,999,2,1,32,1,16,33,17,2,48,50
450641,7,999,2,6,43,3,57,49,60,9,100,109
450720,7,999,2,0,59,1,113,59,114,1,172,173
450933,7,999,2,3630,2123,3317,1355,5753,4672,6947,3478,10425
451121,7,999,2,1,24,4,25,25,29,5,49,54
451565,7,999,2,9,46,6,1,55,7,15,47,62
451583,7,999,2,25,19,218,41,44,259,243,60,303
451714,7,999,2,6,81,13,44,87,57,19,125,144
451750,7,999,2,33,189,25,255,222,280,58,444,502
451857,7,999,2,2,39,0,0,41,0,2,39,41
451918,7,999,2,6,37,0,0,43,0,6,37,43
452009,7,999,2,0,11,0,0,11,0,0,11,11
453297,7,999,2,0,0,1,10,0,11,1,10,11
454227,7,999,2,252,1915,783,7022,2167,7805,1035,8937,9972
454236,7,999,2,14,116,25,179,130,204,39,295,334
454245,7,999,2,35,151,57,253,186,310,92,404,496
454652,7,999,2,1,24,0,0,25,0,1,24,25
454698,7,999,2,34,48,0,0,82,0,34,48,82
454768,7,999,2,13,36,8,48,49,56,21,84,105
454777,7,999,2,12,66,7,39,78,46,19,105,124
454810,7,999,2,1861,5123,0,0,6984,0,1861,5123,6984
454926,7,999,2,9,103,2,22,112,24,11,125,136
454944,7,999,2,5,35,0,0,40,0,5,35,40
455026,7,999,2,0,0,22,3,0,25,22,3,25
455080,7,999,2,16,49,0,1,65,1,16,50,66
455114,7,999,2,323,334,512,1086,657,1598,835,1420,2255
455196,7,999,2,231,2579,0,0,2810,0,231,2579,2810
455284,7,999,2,1,48,0,25,49,25,1,73,74
455512,7,999,2,45,78,281,747,123,1028,326,825,1151
455831,7,999,2,7,73,0,0,80,0,7,73,80
455868,7,999,2,22,128,0,0,150,0,22,128,150
455901,7,999,2,1,16,5,15,17,20,6,31,37
456029,7,999,2,7,54,0,19,61,19,7,73,80
456065,7,999,2,1,42,0,3,43,3,1,45,46
456074,7,999,2,2,30,0,1,32,1,2,31,33
456135,7,999,2,1,26,0,17,27,17,1,43,44
456481,7,999,2,0,0,13,16,0,29,13,16,29
456825,7,999,2,1,30,0,20,31,20,1,50,51
456959,7,999,2,6,16,1,8,22,9,7,24,31
457031,7,999,2,0,7,0,3,7,3,0,10,10
457129,7,999,2,12,149,59,444,161,503,71,593,664
457253,7,999,2,1,27,3,41,28,44,4,68,72
457299,7,999,2,44,226,3,23,270,26,47,249,296
457323,7,999,2,22,113,0,0,135,0,22,113,135
457475,7,999,2,1,12,0,0,13,0,1,12,13
457493,7,999,2,0,25,0,0,25,0,0,25,25
457527,7,999,2,1,12,15,151,13,166,16,163,179
457545,7,999,2,1,11,0,8,12,8,1,19,20
457633,7,999,2,0,31,4,86,31,90,4,117,121
457679,7,999,2,0,9,0,0,9,0,0,9,9
457855,7,999,2,0,20,0,6,20,6,0,26,26
458140,7,999,2,41,6,0,0,47,0,41,6,47
458210,7,999,2,345,1120,122,409,1465,531,467,1529,1996
458229,7,999,2,315,1094,81,271,1409,352,396,1365,1761
458274,7,999,2,0,49,0,9,49,9,0,58,58
458803,7,999,2,0,43,0,30,43,30,0,73,73
458812,7,999,2,1,25,1,9,26,10,2,34,36
458821,7,999,2,0,21,0,0,21,0,0,21,21
458830,7,999,2,0,45,3,26,45,29,3,71,74
458858,7,999,2,1,50,1,55,51,56,2,105,107
458867,7,999,2,4,55,1,27,59,28,5,82,87
459019,7,999,2,4,19,0,8,23,8,4,27,31
459046,7,999,2,1,18,1,5,19,6,2,23,25
459055,7,999,2,0,16,1,9,16,10,1,25,26
459064,7,999,2,2,14,1,13,16,14,3,27,30
459116,7,999,2,3,33,0,0,36,0,3,33,36
459170,7,999,2,16,40,1,67,56,68,17,107,124
459198,7,999,2,20,68,3,39,88,42,23,107,130
459231,7,999,2,11,59,0,0,70,0,11,59,70
459286,7,999,2,11,37,4,14,48,18,15,51,66
459301,7,999,2,1,26,1,11,27,12,2,37,39
459392,7,999,2,6,15,0,16,21,16,6,31,37
459417,7,999,2,5,0,1,0,5,1,6,0,6
459523,7,999,2,5,40,0,0,45,0,5,40,45
459578,7,999,2,9,31,11,15,40,26,20,46,66
459949,7,999,2,336,499,541,947,835,1488,877,1446,2323
460349,7,999,2,61,164,333,667,225,1000,394,831,1225
460394,7,999,2,149,195,1099,1632,344,2731,1248,1827,3075
460464,7,999,2,163,90,969,1332,253,2301,1132,1422,2554
460677,7,999,2,21,166,6,33,187,39,27,199,226
460862,7,999,2,1,50,3,49,51,52,4,99,103
460871,7,999,2,14,132,39,323,146,362,53,455,508
460932,7,999,2,0,21,0,0,21,0,0,21,21
461193,7,999,2,0,31,0,2,31,2,0,33,33
461272,7,999,2,0,12,0,20,12,20,0,32,32
461379,7,999,2,0,3,6,17,3,23,6,20,26
461421,7,999,2,8,57,0,2,65,2,8,59,67
461591,7,999,2,2,45,0,0,47,0,2,45,47
461643,7,999,2,0,9,0,0,9,0,0,9,9
461652,7,999,2,3,36,0,0,39,0,3,36,39
461704,7,999,2,5,50,1,3,55,4,6,53,59
461759,7,999,2,36,32,15,19,68,34,51,51,102
461829,7,999,2,16,31,0,0,47,0,16,31,47
461883,7,999,2,6,6,2,7,12,9,8,13,21
461917,7,999,2,0,24,0,16,24,16,0,40,40
462008,7,999,2,8,47,1,35,55,36,9,82,91
462071,7,999,2,12,59,1,3,71,4,13,62,75
463056,7,999,2,22,17,20,17,39,37,42,34,76
466921,7,999,2,2,63,14,159,65,173,16,222,238
466930,7,999,2,40,285,136,925,325,1061,176,1210,1386
467863,7,999,2,19,32,9,21,51,30,28,53,81
467872,7,999,2,4,64,2,45,68,47,6,109,115
468893,7,999,2,1,24,0,28,25,28,1,52,53
470047,7,999,2,11,18,0,0,29,0,11,18,29
474863,7,999,2,89,366,174,791,455,965,263,1157,1420
474915,7,999,2,1,48,0,77,49,77,1,125,126
474924,7,999,2,0,4,1,46,4,47,1,50,51
475200,7,999,2,9,17,39,97,26,136,48,114,162
475431,7,999,2,3,24,0,0,27,0,3,24,27
475486,7,999,2,10,61,5,31,71,36,15,92,107
475547,7,999,2,8,10,3,18,18,21,11,28,39
475556,7,999,2,0,24,4,29,24,33,4,53,57
475653,7,999,2,1,13,0,0,14,0,1,13,14
475723,7,999,2,35,22,73,44,57,117,108,66,174
475732,7,999,2,30,247,77,735,277,812,107,982,1089
475741,7,999,2,5,56,7,80,61,87,12,136,148
475839,7,999,2,78,38,56,54,116,110,134,92,226
476063,7,999,2,158,10,0,0,168,0,158,10,168
476179,7,999,2,5,33,4,29,38,33,9,62,71
476805,7,999,2,0,16,0,0,16,0,0,16,16
476841,7,999,2,4,41,4,35,45,39,8,76,84
476975,7,999,2,567,622,1830,2208,1189,4038,2397,2830,5227
476984,7,999,2,3,53,3,26,56,29,6,79,85
477039,7,999,2,58,360,34,241,418,275,92,601,693
478582,7,999,2,2,45,1,26,47,27,3,71,74
478616,7,999,2,2,24,1,17,26,18,3,41,44
478953,7,999,2,3,67,0,0,70,0,3,67,70
479956,7,999,2,509,625,1852,1823,1134,3675,2361,2448,4809
479983,7,999,2,9,35,0,0,44,0,9,35,44
480028,7,999,2,114,29,1,0,143,1,115,29,144
480091,7,999,2,417,3864,273,2145,4281,2418,690,6009,6699
480310,7,999,2,0,25,0,6,25,6,0,31,31
480569,7,999,2,132,224,107,144,356,251,239,368,607
480657,7,999,2,23,201,23,202,224,225,46,403,449
480921,7,999,2,32,7,0,0,39,0,32,7,39
480930,7,999,2,0,9,0,5,9,5,0,14,14
480976,7,999,2,1,7,0,0,8,0,1,7,8
481191,7,999,2,11,96,0,0,107,0,11,96,107
481225,7,999,2,7,0,0,0,7,0,7,0,7
481526,7,999,2,1,133,0,0,134,0,1,133,134
481678,7,999,2,0,9,0,15,9,15,0,24,24
481739,7,999,2,1,12,0,6,13,6,1,18,19
481748,7,999,2,2,26,0,13,28,13,2,39,41
481845,7,999,2,1,18,1,15,19,16,2,33,35
482149,7,999,2,169,238,120,178,407,298,289,416,705
482158,7,999,2,296,477,444,764,773,1208,740,1241,1981
482167,7,999,2,0,20,0,70,20,70,0,90,90
482176,7,999,2,4,67,2,25,71,27,6,92,98
482413,7,999,2,119,95,65,104,214,169,184,199,383
482422,7,999,2,13,8,13,10,21,23,26,18,44
482431,7,999,2,421,288,329,313,709,642,750,601,1351
482459,7,999,2,43,58,64,86,101,150,107,144,251
482468,7,999,2,91,110,90,163,201,253,181,273,454
482477,7,999,2,2926,4942,3699,8141,7868,11840,6625,13083,19708
482547,7,999,2,3,1,3,2,4,5,6,3,9
482556,7,999,2,12,13,21,8,25,29,33,21,54
482565,7,999,2,1,1,2,3,2,5,3,4,7
482574,7,999,2,44,36,38,58,80,96,82,94,176
482635,7,999,2,29,13,18,12,42,30,47,25,72
482653,7,999,2,15,14,13,7,29,20,28,21,49
482680,7,999,2,310,352,418,575,662,993,728,927,1655
482699,7,999,2,18,115,27,125,133,152,45,240,285
482705,7,999,2,50,247,370,454,297,824,420,701,1121
482936,7,999,2,38,5,18,7,43,25,56,12,68
483036,7,999,2,138,181,262,508,319,770,400,689,1089
483045,7,999,2,267,504,675,1519,771,2194,942,2023,2965
483054,7,999,2,46,17,0,0,63,0,46,17,63
483124,7,999,2,3571,5891,8254,10201,9462,18455,11825,16092,27917
483328,7,999,2,3,7,2,6,10,8,5,13,18
483337,7,999,2,0,25,0,20,25,20,0,45,45
483559,7,999,2,1,10,2,12,11,14,3,22,25
483595,7,999,2,451,1507,314,1125,1958,1439,765,2632,3397
483823,7,999,2,250,104,0,0,354,0,250,104,354
483911,7,999,2,0,5,0,0,5,0,0,5,5
484011,7,999,2,13,17,0,8,30,8,13,25,38
484093,7,999,2,0,16,2,18,16,20,2,34,36
484109,7,999,2,0,10,0,0,10,0,0,10,10
484190,7,999,2,8,4,0,0,12,0,8,4,12
484394,7,999,2,4,10,7,11,14,18,11,21,32
484473,7,999,2,150,209,648,747,359,1395,798,956,1754
484613,7,999,2,17573,42069,0,0,59642,0,17573,42069,59642
484631,7,999,2,268,152,0,0,420,0,268,152,420
484710,7,999,2,22,8,0,0,30,0,22,8,30
484756,7,999,2,24,28,0,0,52,0,24,28,52
484905,7,999,2,114,233,244,456,347,700,358,689,1047
485014,7,999,2,1,26,1,20,27,21,2,46,48
485032,7,999,2,4,39,3,42,43,45,7,81,88
485111,7,999,2,149,376,286,657,525,943,435,1033,1468
485272,7,999,2,34,270,29,230,304,259,63,500,563
485397,7,999,2,0,37,0,28,37,28,0,65,65
485458,7,999,2,38,169,167,507,207,674,205,676,881
485476,7,999,2,1,40,0,0,41,0,1,40,41
485494,7,999,2,61,5,8,3,66,11,69,8,77
485768,7,999,2,62,74,0,0,136,0,62,74,136
486123,7,999,2,10,12,0,0,22,0,10,12,22
486567,7,999,2,3,76,0,1,79,1,3,77,80
486691,7,999,2,2,30,0,26,32,26,2,56,58
486798,7,999,2,452,76,0,0,528,0,452,76,528
486840,7,999,2,1270,1008,1624,1339,2278,2963,2894,2347,5241
486877,7,999,2,0,1,0,0,1,0,0,1,1
486886,7,999,2,0,2,0,2,2,2,0,4,4
486938,7,999,2,21,115,40,203,136,243,61,318,379
486947,7,999,2,13,127,31,189,140,220,44,316,360
486956,7,999,2,54,262,88,549,316,637,142,811,953
486983,7,999,2,7,9,0,0,16,0,7,9,16
487010,7,999,2,10,62,2,10,72,12,12,72,84
487162,7,999,2,82,347,192,713,429,905,274,1060,1334
487348,7,999,2,1,12,0,24,13,24,1,36,37
487524,7,999,2,28,46,54,133,74,187,82,179,261
487676,7,999,2,1,31,3,21,32,24,4,52,56
487773,7,999,2,0,3,2,8,3,10,2,11,13
487861,7,999,2,31,164,6,49,195,55,37,213,250
487922,7,999,2,0,10,0,2,10,2,0,12,12
487995,7,999,2,10,16,1,14,26,15,11,30,41
488013,7,999,2,6,111,1,15,117,16,7,126,133
488031,7,999,2,16,25,0,1,41,1,16,26,42
488077,7,999,2,2251,73,1109,18,2324,1127,3360,91,3451
488271,7,999,2,2,33,0,0,35,0,2,33,35
488305,7,999,2,11,6,17,9,17,26,28,15,43
488332,7,999,2,23,174,0,0,197,0,23,174,197
488989,7,999,2,0,33,1,17,33,18,1,50,51
488998,7,999,2,9,25,0,0,34,0,9,25,34
489140,7,999,2,2,11,7,15,13,22,9,26,35
489201,7,999,2,40,98,568,1223,138,1791,608,1321,1929
489256,7,999,2,40,1,0,0,41,0,40,1,41
489344,7,999,2,5,58,14,112,63,126,19,170,189
489353,7,999,2,47,144,32,117,191,149,79,261,340
489779,7,999,2,1595,2809,8951,12369,4404,21320,10546,15178,25724
490115,7,999,2,14,3,0,0,17,0,14,3,17
490230,7,999,2,85,123,1,0,208,1,86,123,209
490258,7,999,2,9,40,0,0,49,0,9,40,49
490300,7,999,2,0,12,12,10,12,22,12,22,34
490416,7,999,2,11,2,0,0,13,0,11,2,13
490425,7,999,2,2,73,0,0,75,0,2,73,75
490753,7,999,2,2,6,0,0,8,0,2,6,8
490805,7,999,2,211,323,226,561,534,787,437,884,1321
491136,7,999,2,1,19,1,15,20,16,2,34,36
491145,7,999,2,0,22,0,13,22,13,0,35,35
491534,7,999,2,0,0,2,6,0,8,2,6,8
491598,7,999,2,1,18,0,0,19,0,1,18,19
491826,7,999,2,0,36,0,0,36,0,0,36,36
491835,7,999,2,0,25,0,0,25,0,0,25,25
491941,7,999,2,4,50,0,0,54,0,4,50,54
491978,7,999,2,3,3,10,13,6,23,13,16,29
492476,7,999,2,8,53,25,101,61,126,33,154,187
492689,7,999,2,25,102,4,28,127,32,29,130,159
492759,7,999,2,10,95,18,123,105,141,28,218,246
492801,7,999,2,86,172,80,141,258,221,166,313,479
492962,7,999,2,335,573,503,741,908,1244,838,1314,2152
493451,7,999,2,11,32,0,0,43,0,11,32,43
493655,7,999,2,8,5,0,1,13,1,8,6,14
493673,7,999,2,1,2,0,0,3,0,1,2,3
493804,7,999,2,36,13,0,0,49,0,36,13,49
493831,7,999,2,13,11,0,0,24,0,13,11,24
494278,7,999,2,4,61,21,102,65,123,25,163,188
494287,7,999,2,29,91,70,196,120,266,99,287,386
494472,7,999,2,0,3,0,1,3,1,0,4,4
494898,7,999,2,10,43,0,0,53,0,10,43,53
494959,7,999,2,1,9,5,19,10,24,6,28,34
495077,7,999,2,3,23,0,0,26,0,3,23,26
495101,7,999,2,6,30,0,0,36,0,6,30,36
495271,7,999,2,0,5,10,39,5,49,10,44,54
495350,7,999,2,6,4,0,0,10,0,6,4,10
495369,7,999,2,4,10,3,17,14,20,7,27,34
495411,7,999,2,4,18,0,0,22,0,4,18,22
495518,7,999,2,0,13,1,13,13,14,1,26,27
496052,7,999,2,5,0,0,0,5,0,5,0,5
496618,7,999,2,7,102,0,0,109,0,7,102,109
496636,7,999,2,31,153,0,0,184,0,31,153,184
496733,7,999,2,2,28,0,0,30,0,2,28,30
497000,7,999,2,46,112,0,0,158,0,46,112,158
497037,7,999,2,64,263,49,174,327,223,113,437,550
497046,7,999,2,18,93,370,1208,111,1578,388,1301,1689
497107,7,999,2,0,0,7,19,0,26,7,19,26
497301,7,999,2,3,51,2,76,54,78,5,127,132
497417,7,999,2,0,5,0,0,5,0,0,5,5
497480,7,999,2,20,625,17,38,645,55,37,663,700
497790,7,999,2,7,3,0,0,10,0,7,3,10
498562,7,999,2,142,189,126,261,331,387,268,450,718
498571,7,999,2,303,390,274,523,693,797,577,913,1490
100663,7,999,5,1078,1655,1011,2221,2733,3232,2089,3876,5965
100706,7,999,5,233,211,516,561,444,1077,749,772,1521
100751,7,999,5,930,1059,702,1557,1989,2259,1632,2616,4248
100812,7,999,5,13,27,118,183,40,301,131,210,341
100830,7,999,5,209,133,178,334,342,512,387,467,854
100858,7,999,5,988,980,1336,1103,1968,2439,2324,2083,4407
101189,7,999,5,211,391,68,88,602,156,279,479,758
101435,7,999,5,1,3,0,0,4,0,1,3,4
101453,7,999,5,10,1,40,6,11,46,50,7,57
101480,7,999,5,83,182,250,467,265,717,333,649,982
101587,7,999,5,483,2057,88,214,2540,302,571,2271,2842
101709,7,999,5,17,46,45,167,63,212,62,213,275
101912,7,999,5,12,10,7,7,22,14,19,17,36
102049,7,999,5,283,566,43,113,849,156,326,679,1005
102094,7,999,5,613,2504,151,786,3117,937,764,3290,4054
102234,7,999,5,8,4,52,34,12,86,60,38,98
102368,7,999,5,210,601,900,1237,811,2137,1110,1838,2948
102377,7,999,5,64,166,6,12,230,18,70,178,248
102395,7,999,5,26,6,60,34,32,94,86,40,126
102553,7,999,5,45,60,127,235,105,362,172,295,467
102614,7,999,5,112,136,217,363,248,580,329,499,828
102632,7,999,5,11,20,38,115,31,153,49,135,184
104151,7,999,5,3178,2536,1219,1378,5714,2597,4397,3914,8311
104179,7,999,5,1753,2179,1944,2140,3932,4084,3697,4319,8016
104586,7,999,5,16,5,1,2,21,3,17,7,24
104717,7,999,5,1,1,7285,24862,2,32147,7286,24863,32149
105297,7,999,5,2,1,0,0,3,0,2,1,3
105330,7,999,5,624,977,670,1336,1601,2006,1294,2313,3607
106245,7,999,5,352,402,307,545,754,852,659,947,1606
106263,7,999,5,342,477,95,247,819,342,437,724,1161
106397,7,999,5,373,444,1157,1271,817,2428,1530,1715,3245
106412,7,999,5,35,36,27,36,71,63,62,72,134
106458,7,999,5,96,121,1112,2821,217,3933,1208,2942,4150
106467,7,999,5,32,42,139,338,74,477,171,380,551
107141,7,999,5,17,53,97,251,70,348,114,304,418
107512,7,999,5,0,16,1,5,16,6,1,21,22
107983,7,999,5,226,140,355,573,366,928,581,713,1294
108092,7,999,5,0,7,7,17,7,24,7,24,31
108232,7,999,5,323,446,307,724,769,1031,630,1170,1800
109785,7,999,5,382,999,409,1269,1381,1678,791,2268,3059
110097,7,999,5,295,240,593,430,535,1023,888,670,1558
110316,7,999,5,245,800,138,845,1045,983,383,1645,2028
110361,7,999,5,378,1081,268,594,1459,862,646,1675,2321
110398,7,999,5,299,390,13,18,689,31,312,408,720
110404,7,999,5,593,303,0,0,896,0,593,303,896
110413,7,999,5,213,416,65,115,629,180,278,531,809
110422,7,999,5,90,112,90,47,202,137,180,159,339
110486,7,999,5,185,478,119,261,663,380,304,739,1043
110495,7,999,5,118,406,124,224,524,348,242,630,872
110510,7,999,5,344,831,359,556,1175,915,703,1387,2090
110529,7,999,5,288,403,532,505,691,1037,820,908,1728
110538,7,999,5,135,254,144,232,389,376,279,486,765
110547,7,999,5,300,749,328,660,1049,988,628,1409,2037
110556,7,999,5,328,678,244,394,1006,638,572,1072,1644
110565,7,999,5,466,836,875,1406,1302,2281,1341,2242,3583
110574,7,999,5,462,891,287,491,1353,778,749,1382,2131
110583,7,999,5,823,1419,802,1202,2242,2004,1625,2621,4246
110592,7,999,5,593,1131,493,714,1724,1207,1086,1845,2931
110608,7,999,5,586,1215,805,1541,1801,2346,1391,2756,4147
110617,7,999,5,307,747,396,633,1054,1029,703,1380,2083
110635,7,999,5,3388,3600,1411,952,6988,2363,4799,4552,9351
110644,7,999,5,2402,2961,318,324,5363,642,2720,3285,6005
110653,7,999,5,2224,2180,180,179,4404,359,2404,2359,4763
110662,7,999,5,4258,4476,689,364,8734,1053,4947,4840,9787
110671,7,999,5,1312,1132,147,110,2444,257,1459,1242,2701
110680,7,999,5,2642,2048,292,160,4690,452,2934,2208,5142
110699,7,999,5,801,1468,0,0,2269,0,801,1468,2269
110705,7,999,5,1037,902,99,108,1939,207,1136,1010,2146
110714,7,999,5,723,705,25,21,1428,46,748,726,1474
111188,7,999,5,0,0,24,11,0,35,24,11,35
111948,7,999,5,363,505,140,196,868,336,503,701,1204
112075,7,999,5,382,922,213,216,1304,429,595,1138,1733
112084,7,999,5,4,1,3,10,5,13,7,11,18
112251,7,999,5,419,590,276,418,1009,694,695,1008,1703
113582,7,999,5,1,9,0,0,10,0,1,9,10
113698,7,999,5,157,354,14,76,511,90,171,430,601
113704,7,999,5,31,2,14,5,33,19,45,7,52
114123,7,999,5,25,47,0,1,72,1,25,48,73
114354,7,999,5,1,12,1,10,13,11,2,22,24
114549,7,999,5,158,571,53,205,729,258,211,776,987
114734,7,999,5,16,6,21,22,22,43,37,28,65
114813,7,999,5,91,337,162,488,428,650,253,825,1078
115083,7,999,5,601,456,324,407,1057,731,925,863,1788
115755,7,999,5,90,190,38,117,280,155,128,307,435
116846,7,999,5,14,25,11,13,39,24,25,38,63
117104,7,999,5,43,40,5,6,83,11,48,46,94
117672,7,999,5,363,545,30,41,908,71,393,586,979
117946,7,999,5,495,841,211,330,1336,541,706,1171,1877
119058,7,999,5,105,221,50,74,326,124,155,295,450
120166,7,999,5,44,66,1,3,110,4,45,69,114
120184,7,999,5,7,33,38,92,40,130,45,125,170
120403,7,999,5,7,29,0,0,36,0,7,29,36
120865,7,999,5,1,0,4,12,1,16,5,12,17
120883,7,999,5,419,652,192,311,1071,503,611,963,1574
121150,7,999,5,583,984,864,2362,1567,3226,1447,3346,4793
121309,7,999,5,109,215,196,384,324,580,305,599,904
121628,7,999,5,69,51,0,0,120,0,69,51,120
122296,7,999,5,187,528,87,313,715,400,274,841,1115
122409,7,999,5,614,1283,710,944,1897,1654,1324,2227,3551
122436,7,999,5,353,497,661,742,850,1403,1014,1239,2253
122597,7,999,5,513,966,409,611,1479,1020,922,1577,2499
122612,7,999,5,397,778,521,959,1175,1480,918,1737,2655
122728,7,999,5,115,133,37,57,248,94,152,190,342
122755,7,999,5,939,1809,1308,2681,2748,3989,2247,4490,6737
122931,7,999,5,589,650,362,539,1239,901,951,1189,2140
123165,7,999,5,5,5,1,2,10,3,6,7,13
123457,7,999,5,10,36,28,45,46,73,38,81,119
123572,7,999,5,61,163,106,217,224,323,167,380,547
123916,7,999,5,8,24,11,42,32,53,19,66,85
123952,7,999,5,94,66,3,2,160,5,97,68,165
123961,7,999,5,5918,7029,1854,2252,12947,4106,7772,9281,17053
124283,7,999,5,87,52,26,29,139,55,113,81,194
124487,7,999,5,1,1,20,16,2,36,21,17,38
125231,7,999,5,2515,12084,3703,16538,14599,20241,6218,28622,34840
125763,7,999,5,2,5,11,19,7,30,13,24,37
125897,7,999,5,21,23,9,5,44,14,30,28,58
126012,7,999,5,105,371,0,0,476,0,105,371,476
126182,7,999,5,131,476,186,334,607,520,317,810,1127
126562,7,999,5,1055,1643,1641,3365,2698,5006,2696,5008,7704
126580,7,999,5,141,269,544,679,410,1223,685,948,1633
126614,7,999,5,905,745,2836,1637,1650,4473,3741,2382,6123
126775,7,999,5,520,240,268,75,760,343,788,315,1103
126818,7,999,5,729,1173,1875,2151,1902,4026,2604,3324,5928
126827,7,999,5,713,1248,175,231,1961,406,888,1479,2367
127185,7,999,5,3,12,13,52,15,65,16,64,80
127556,7,999,5,22,60,21,50,82,71,43,110,153
127565,7,999,5,95,453,126,311,548,437,221,764,985
127653,7,999,5,93,233,87,248,326,335,180,481,661
127741,7,999,5,163,357,369,1306,520,1675,532,1663,2195
127909,7,999,5,24,66,0,0,90,0,24,66,90
127918,7,999,5,404,937,173,369,1341,542,577,1306,1883
128106,7,999,5,100,275,326,1085,375,1411,426,1360,1786
128498,7,999,5,29,105,16,72,134,88,45,177,222
128744,7,999,5,360,368,198,590,728,788,558,958,1516
128771,7,999,5,102,181,425,755,283,1180,527,936,1463
128780,7,999,5,0,8,19,72,8,91,19,80,99
129020,7,999,5,1592,1703,1018,1215,3295,2233,2610,2918,5528
129154,7,999,5,4,18,19,75,22,94,23,93,116
129215,7,999,5,12,15,9,42,27,51,21,57,78
129242,7,999,5,101,173,152,391,274,543,253,564,817
129428,7,999,5,0,0,66,24,0,90,66,24,90
129491,7,999,5,29,11,22,26,40,48,51,37,88
129525,7,999,5,134,236,322,585,370,907,456,821,1277
129941,7,999,5,732,574,353,394,1306,747,1085,968,2053
130183,7,999,5,149,1012,330,711,1161,1041,479,1723,2202
130226,7,999,5,303,414,197,562,717,759,500,976,1476
130253,7,999,5,459,478,282,1055,937,1337,741,1533,2274
130314,7,999,5,95,314,77,344,409,421,172,658,830
130590,7,999,5,2,3,11,7,5,18,13,10,23
130697,7,999,5,38,35,17,26,73,43,55,61,116
130776,7,999,5,8,31,111,320,39,431,119,351,470
130794,7,999,5,2667,2898,88,94,5565,182,2755,2992,5747
130934,7,999,5,156,357,28,98,513,126,184,455,639
130943,7,999,5,1225,1116,326,434,2341,760,1551,1550,3101
130989,7,999,5,16,26,133,141,42,274,149,167,316
131113,7,999,5,408,521,971,2283,929,3254,1379,2804,4183
131399,7,999,5,89,135,83,108,224,191,172,243,415
131450,7,999,5,44,119,48,96,163,144,92,215,307
131469,7,999,5,2026,2408,2320,4059,4434,6379,4346,6467,10813
131496,7,999,5,2515,2526,1821,2223,5041,4044,4336,4749,9085
131520,7,999,5,627,1037,144,374,1664,518,771,1411,2182
132471,7,999,5,561,1191,330,960,1752,1290,891,2151,3042
132842,7,999,5,49,294,24,178,343,202,73,472,545
132903,7,999,5,1369,1454,1562,2534,2823,4096,2931,3988,6919
133553,7,999,5,243,79,75,25,322,100,318,104,422
133650,7,999,5,251,499,77,152,750,229,328,651,979
133711,7,999,5,1,0,1,10,1,11,2,10,12
133872,7,999,5,80,146,38,133,226,171,118,279,397
133881,7,999,5,299,309,887,2358,608,3245,1186,2667,3853
134097,7,999,5,1704,2032,1325,2700,3736,4025,3029,4732,7761
134130,7,999,5,3739,3842,2244,4150,7581,6394,5983,7992,13975
135610,7,999,5,4,13,14,19,17,33,18,32,50
135726,7,999,5,1686,1891,244,427,3577,671,1930,2318,4248
136172,7,999,5,125,303,275,749,428,1024,400,1052,1452
136330,7,999,5,94,231,90,133,325,223,184,364,548
136701,7,999,5,87,1,17,2,88,19,104,3,107
136950,7,999,5,28,57,80,100,85,180,108,157,265
137351,7,999,5,1872,2216,1367,2676,4088,4043,3239,4892,8131
137546,7,999,5,217,238,82,150,455,232,299,388,687
137564,7,999,5,150,165,264,381,315,645,414,546,960
138275,7,999,5,1,3,30,25,4,55,31,28,59
138309,7,999,5,23,100,10,80,123,90,33,180,213
138354,7,999,5,104,300,910,1865,404,2775,1014,2165,3179
138600,7,999,5,3,30,1,17,33,18,4,47,51
138716,7,999,5,25,195,31,160,220,191,56,355,411
138929,7,999,5,64,92,37,70,156,107,101,162,263
138947,7,999,5,67,175,47,124,242,171,114,299,413
139144,7,999,5,6,29,17,37,35,54,23,66,89
139199,7,999,5,117,496,70,374,613,444,187,870,1057
139311,7,999,5,53,152,83,189,205,272,136,341,477
139366,7,999,5,121,210,284,665,331,949,405,875,1280
139393,7,999,5,5,15,2,8,20,10,7,23,30
139658,7,999,5,1566,2469,526,774,4035,1300,2092,3243,5335
139719,7,999,5,27,75,23,71,102,94,50,146,196
139755,7,999,5,2912,1376,12877,4275,4288,17152,15789,5651,21440
139764,7,999,5,28,199,91,184,227,275,119,383,502
139861,7,999,5,56,113,166,459,169,625,222,572,794
139931,7,999,5,266,550,448,1288,816,1736,714,1838,2552
139940,7,999,5,1453,2297,628,1324,3750,1952,2081,3621,5702
139959,7,999,5,1872,2464,720,1388,4336,2108,2592,3852,6444
140146,7,999,5,49,41,51,44,90,95,100,85,185
140234,7,999,5,12,33,3,5,45,8,15,38,53
140252,7,999,5,449,436,83,119,885,202,532,555,1087
140447,7,999,5,583,1149,269,778,1732,1047,852,1927,2779
140562,7,999,5,197,332,13,35,529,48,210,367,577
140818,7,999,5,21,78,103,352,99,455,124,430,554
140951,7,999,5,411,766,171,400,1177,571,582,1166,1748
140960,7,999,5,18,46,28,48,64,76,46,94,140
140988,7,999,5,21,35,6,12,56,18,27,47,74
141264,7,999,5,105,366,452,1254,471,1706,557,1620,2177
141334,7,999,5,107,281,510,1861,388,2371,617,2142,2759
141565,7,999,5,43,98,43,74,141,117,86,172,258
141574,7,999,5,608,940,868,1408,1548,2276,1476,2348,3824
141644,7,999,5,140,193,64,146,333,210,204,339,543
142115,7,999,5,316,527,625,1202,843,1827,941,1729,2670
142276,7,999,5,438,579,273,497,1017,770,711,1076,1787
142285,7,999,5,609,507,450,410,1116,860,1059,917,1976
142461,7,999,5,36,145,105,278,181,383,141,423,564
142832,7,999,5,154,606,136,532,760,668,290,1138,1428
143118,7,999,5,93,480,190,664,573,854,283,1144,1427
143358,7,999,5,91,99,121,678,190,799,212,777,989
143853,7,999,5,600,982,7,19,1582,26,607,1001,1608
144050,7,999,5,3408,2660,1055,579,6068,1634,4463,3239,7702
144351,7,999,5,47,98,1119,2473,145,3592,1166,2571,3737
144740,7,999,5,1386,1715,771,913,3101,1684,2157,2628,4785
144892,7,999,5,236,166,320,542,402,862,556,708,1264
144962,7,999,5,24,81,139,183,105,322,163,264,427
145336,7,999,5,270,348,189,595,618,784,459,943,1402
145372,7,999,5,1,15,30,59,16,89,31,74,105
145558,7,999,5,574,718,11,27,1292,38,585,745,1330
145600,7,999,5,2170,2966,1137,2079,5136,3216,3307,5045,8352
145619,7,999,5,31,101,229,567,132,796,260,668,928
145637,7,999,5,4349,3333,4243,3296,7682,7539,8592,6629,15221
145691,7,999,5,0,1,0,0,1,0,0,1,1
145813,7,999,5,278,378,283,811,656,1094,561,1189,1750
145886,7,999,5,21,90,3,3,111,6,24,93,117
146339,7,999,5,46,63,10,18,109,28,56,81,137
146481,7,999,5,0,2,2,8,2,10,2,10,12
146490,7,999,5,0,0,125,167,0,292,125,167,292
146612,7,999,5,465,262,271,747,727,1018,736,1009,1745
146719,7,999,5,896,1595,303,844,2491,1147,1199,2439,3638
147013,7,999,5,24,49,60,196,73,256,84,245,329
147129,7,999,5,0,16,1,4,16,5,1,20,21
147244,7,999,5,14,33,8,22,47,30,22,55,77
147369,7,999,5,98,63,248,169,161,417,346,232,578
147536,7,999,5,286,1068,300,1621,1354,1921,586,2689,3275
147590,7,999,5,150,219,8,22,369,30,158,241,399
147660,7,999,5,27,86,17,26,113,43,44,112,156
147679,7,999,5,23,55,219,396,78,615,242,451,693
147776,7,999,5,116,206,314,735,322,1049,430,941,1371
147828,7,999,5,10,19,119,426,29,545,129,445,574
148131,7,999,5,5,4,34,49,9,83,39,53,92
148487,7,999,5,120,278,115,398,398,513,235,676,911
148511,7,999,5,422,808,121,843,1230,964,543,1651,2194
148575,7,999,5,0,0,13,110,0,123,13,110,123
148627,7,999,5,14,51,80,246,65,326,94,297,391
148654,7,999,5,223,214,436,421,437,857,659,635,1294
149222,7,999,5,641,644,487,446,1285,933,1128,1090,2218
149231,7,999,5,298,389,480,891,687,1371,778,1280,2058
149772,7,999,5,350,279,315,648,629,963,665,927,1592
149781,7,999,5,49,66,179,230,115,409,228,296,524
150136,7,999,5,174,352,766,2490,526,3256,940,2842,3782
150163,7,999,5,41,89,213,360,130,573,254,449,703
150172,7,999,5,9,18,24,30,27,54,33,48,81
150215,7,999,5,32,69,18,29,101,47,50,98,148
150534,7,999,5,46,57,3,2,103,5,49,59,108
150604,7,999,5,7,29,3,0,36,3,10,29,39
150668,7,999,5,5,7,4,34,12,38,9,41,50
150677,7,999,5,12,40,152,83,52,235,164,123,287
150941,7,999,5,7,29,17,56,36,73,24,85,109
151111,7,999,5,1107,1436,894,1945,2543,2839,2001,3381,5382
151263,7,999,5,60,140,103,414,200,517,163,554,717
151290,7,999,5,281,190,250,193,471,443,531,383,914
151306,7,999,5,87,131,490,825,218,1315,577,956,1533
151324,7,999,5,154,257,289,500,411,789,443,757,1200
151333,7,999,5,6,18,43,72,24,115,49,90,139
151342,7,999,5,22,76,84,254,98,338,106,330,436
151351,7,999,5,2425,1912,1993,1750,4337,3743,4418,3662,8080
151360,7,999,5,13,61,57,164,74,221,70,225,295
151379,7,999,5,14,33,123,196,47,319,137,229,366
151388,7,999,5,3,6,68,142,9,210,71,148,219
151777,7,999,5,53,78,11,26,131,37,64,104,168
152080,7,999,5,1462,995,120,130,2457,250,1582,1125,2707
152318,7,999,5,1,0,2,0,1,2,3,0,3
152336,7,999,5,20,65,39,119,85,158,59,184,243
152390,7,999,5,0,9,1,37,9,38,1,46,47
152451,7,999,5,89,0,40,23,89,63,129,23,152
152567,7,999,5,31,70,2,16,101,18,33,86,119
152600,7,999,5,85,72,58,55,157,113,143,127,270
152798,7,999,5,16,70,10,61,86,71,26,131,157
152992,7,999,5,22,15,15,78,37,93,37,93,130
153001,7,999,5,0,9,82,343,9,425,82,352,434
153126,7,999,5,13,14,17,35,27,52,30,49,79
153162,7,999,5,1,6,0,0,7,0,1,6,7
153250,7,999,5,0,4,70,132,4,202,70,136,206
153269,7,999,5,97,138,294,624,235,918,391,762,1153
153366,7,999,5,22,119,33,155,141,188,55,274,329
153621,7,999,5,15,12,4,5,27,9,19,17,36
153658,7,999,5,1324,1514,1373,1418,2838,2791,2697,2932,5629
153825,7,999,5,13,25,2,5,38,7,15,30,45
154004,7,999,5,7,47,168,764,54,932,175,811,986
154013,7,999,5,15,49,33,95,64,128,48,144,192
154174,7,999,5,695,406,18,11,1101,29,713,417,1130
154235,7,999,5,37,97,61,89,134,150,98,186,284
154350,7,999,5,7,7,3,2,14,5,10,9,19
154493,7,999,5,110,294,42,84,404,126,152,378,530
154527,7,999,5,5,13,1,4,18,5,6,17,23
154712,7,999,5,3,1,9,13,4,22,12,14,26
155025,7,999,5,148,300,466,1232,448,1698,614,1532,2146
155089,7,999,5,24,86,73,190,110,263,97,276,373
155317,7,999,5,1633,1866,658,1045,3499,1703,2291,2911,5202
155399,7,999,5,622,767,697,1224,1389,1921,1319,1991,3310
155414,7,999,5,0,0,9,7,0,16,9,7,16
155511,7,999,5,0,0,2,3,0,5,2,3,5
155812,7,999,5,30,45,42,97,75,139,72,142,214
155900,7,999,5,16,8,26,38,24,64,42,46,88
155973,7,999,5,0,0,10,18,0,28,10,18,28
156082,7,999,5,106,152,46,191,258,237,152,343,495
156125,7,999,5,471,451,539,990,922,1529,1010,1441,2451
156213,7,999,5,2,6,79,123,8,202,81,129,210
156286,7,999,5,46,53,82,203,99,285,128,256,384
156356,7,999,5,0,31,12,23,31,35,12,54,66
156541,7,999,5,829,1566,5297,4286,2395,9583,6126,5852,11978
156620,7,999,5,101,182,427,995,283,1422,528,1177,1705
156745,7,999,5,0,1,60,226,1,286,60,227,287
157058,7,999,5,21,20,19,31,41,50,40,51,91
157085,7,999,5,1666,2389,506,1253,4055,1759,2172,3642,5814
157216,7,999,5,422,255,80,243,677,323,502,498,1000
157289,7,999,5,1291,1394,777,861,2685,1638,2068,2255,4323
157386,7,999,5,35,51,144,245,86,389,179,296,475
157401,7,999,5,96,183,412,628,279,1040,508,811,1319
157447,7,999,5,240,603,903,2643,843,3546,1143,3246,4389
157535,7,999,5,248,318,3,3,566,6,251,321,572
157757,7,999,5,86,272,42,183,358,225,128,455,583
157951,7,999,5,103,211,414,698,314,1112,517,909,1426
159391,7,999,5,1196,1528,665,985,2724,1650,1861,2513,4374
159647,7,999,5,179,139,103,138,318,241,282,277,559
159656,7,999,5,137,199,90,272,336,362,227,471,698
159717,7,999,5,34,81,36,220,115,256,70,301,371
159939,7,999,5,225,247,228,361,472,589,453,608,1061
159966,7,999,5,17,78,48,229,95,277,65,307,372
159993,7,999,5,142,374,119,613,516,732,261,987,1248
160612,7,999,5,39,118,101,456,157,557,140,574,714
160621,7,999,5,263,412,217,366,675,583,480,778,1258
160630,7,999,5,34,97,28,70,131,98,62,167,229
160658,7,999,5,354,325,430,611,679,1041,784,936,1720
160755,7,999,5,779,1085,673,1073,1864,1746,1452,2158,3610
160904,7,999,5,84,249,8,21,333,29,92,270,362
161217,7,999,5,1,2,24,30,3,54,25,32,57
161226,7,999,5,1,13,41,196,14,237,42,209,251
161235,7,999,5,1,13,2,0,14,2,3,13,16
161253,7,999,5,218,287,509,938,505,1447,727,1225,1952
161299,7,999,5,5,0,8,2,5,10,13,2,15
161341,7,999,5,2,1,10,8,3,18,12,9,21
161457,7,999,5,510,1150,95,325,1660,420,605,1475,2080
161509,7,999,5,10,26,1,2,36,3,11,28,39
161554,7,999,5,145,304,274,950,449,1224,419,1254,1673
161572,7,999,5,29,94,74,254,123,328,103,348,451
161873,7,999,5,241,354,287,581,595,868,528,935,1463
162210,7,999,5,4,9,15,42,13,57,19,51,70
162283,7,999,5,15,53,43,120,68,163,58,173,231
162584,7,999,5,50,98,151,320,148,471,201,418,619
162654,7,999,5,12,17,105,521,29,626,117,538,655
163204,7,999,5,34,49,4054,4423,83,8477,4088,4472,8560
163259,7,999,5,845,1830,377,1230,2675,1607,1222,3060,4282
163268,7,999,5,583,519,444,491,1102,935,1027,1010,2037
163286,7,999,5,2921,2598,896,1010,5519,1906,3817,3608,7425
163295,7,999,5,43,95,76,212,138,288,119,307,426
163338,7,999,5,78,144,70,150,222,220,148,294,442
163453,7,999,5,435,505,109,185,940,294,544,690,1234
163462,7,999,5,121,21,64,145,142,209,185,166,351
163578,7,999,5,54,162,153,597,216,750,207,759,966
163851,7,999,5,53,215,62,193,268,255,115,408,523
163912,7,999,5,1,3,0,0,4,0,1,3,4
163976,7,999,5,29,9,26,7,38,33,55,16,71
164076,7,999,5,142,322,351,1325,464,1676,493,1647,2140
164085,7,999,5,11,63,43,548,74,591,54,611,665
164270,7,999,5,140,335,108,462,475,570,248,797,1045
164492,7,999,5,31,27,174,51,58,225,205,78,283
164632,7,999,5,39,263,62,584,302,646,101,847,948
164739,7,999,5,74,76,189,229,150,418,263,305,568
164872,7,999,5,135,213,8,13,348,21,143,226,369
164915,7,999,5,19,32,29,68,51,97,48,100,148
164988,7,999,5,2820,3316,2499,2894,6136,5393,5319,6210,11529
165015,7,999,5,435,527,128,183,962,311,563,710,1273
165024,7,999,5,55,233,232,616,288,848,287,849,1136
165167,7,999,5,85,259,192,675,344,867,277,934,1211
165334,7,999,5,290,277,78,93,567,171,368,370,738
165662,7,999,5,114,666,46,380,780,426,160,1046,1206
165671,7,999,5,0,1,8,37,1,45,8,38,46
165820,7,999,5,172,275,736,1824,447,2560,908,2099,3007
165866,7,999,5,18,48,225,747,66,972,243,795,1038
165936,7,999,5,19,61,70,144,80,214,89,205,294
165945,7,999,5,138,87,606,342,225,948,744,429,1173
166027,7,999,5,5350,5840,3245,3972,11190,7217,8595,9812,18407
166391,7,999,5,10,3,90,109,13,199,100,112,212
166513,7,999,5,579,416,1387,1246,995,2633,1966,1662,3628
166629,7,999,5,722,846,2204,2332,1568,4536,2926,3178,6104
166674,7,999,5,25,52,3,6,77,9,28,58,86
166683,7,999,5,2960,1834,114,43,4794,157,3074,1877,4951
166708,7,999,5,351,605,18,73,956,91,369,678,1047
166717,7,999,5,72,286,74,218,358,292,146,504,650
166850,7,999,5,139,279,82,209,418,291,221,488,709
166939,7,999,5,2,11,19,148,13,167,21,159,180
167093,7,999,5,87,225,0,0,312,0,87,225,312
167288,7,999,5,17,31,14,29,48,43,31,60,91
167358,7,999,5,3136,2903,448,495,6039,943,3584,3398,6982
167394,7,999,5,8,51,30,149,59,179,38,200,238
167598,7,999,5,35,234,155,1418,269,1573,190,1652,1842
167729,7,999,5,64,339,196,634,403,830,260,973,1233
167783,7,999,5,133,849,244,1900,982,2144,377,2749,3126
167835,7,999,5,36,199,8,22,235,30,44,221,265
167987,7,999,5,261,229,399,561,490,960,660,790,1450
168005,7,999,5,263,399,294,485,662,779,557,884,1441
168148,7,999,5,1372,2176,433,585,3548,1018,1805,2761,4566
168227,7,999,5,23,9,32,12,32,44,55,21,76
168254,7,999,5,131,181,112,171,312,283,243,352,595
168342,7,999,5,16,19,0,1,35,1,16,20,36
168421,7,999,5,293,148,633,270,441,903,926,418,1344
168430,7,999,5,9,47,97,460,56,557,106,507,613
168528,7,999,5,6,2,2,5,8,7,8,7,15
168546,7,999,5,0,2,0,0,2,0,0,2,2
168591,7,999,5,6,8,0,0,14,0,6,8,14
168740,7,999,5,326,118,590,359,444,949,916,477,1393
168786,7,999,5,9,19,5,34,28,39,14,53,67
168847,7,999,5,14,55,69,161,69,230,83,216,299
169099,7,999,5,92,26,65,38,118,103,157,64,221
169248,7,999,5,544,569,692,1179,1113,1871,1236,1748,2984
169424,7,999,5,35,67,0,0,102,0,35,67,102
169442,7,999,5,22,12,2,4,34,6,24,16,40
169716,7,999,5,371,482,152,265,853,417,523,747,1270
169798,7,999,5,118,290,457,978,408,1435,575,1268,1843
169910,7,999,5,107,177,100,253,284,353,207,430,637
170000,7,999,5,15,22,11,9,37,20,26,31,57
170082,7,999,5,220,409,330,805,629,1135,550,1214,1764
170286,7,999,5,39,5,23,16,44,39,62,21,83
170675,7,999,5,21,15,290,121,36,411,311,136,447
170806,7,999,5,8,46,44,173,54,217,52,219,271
170976,7,999,5,4443,4812,1136,793,9255,1929,5579,5605,11184
171100,7,999,5,2589,2888,730,1295,5477,2025,3319,4183,7502
171137,7,999,5,168,142,767,431,310,1198,935,573,1508
171146,7,999,5,147,342,219,415,489,634,366,757,1123
171456,7,999,5,33,59,94,208,92,302,127,267,394
171492,7,999,5,15,6,102,85,21,187,117,91,208
171571,7,999,5,527,751,530,644,1278,1174,1057,1395,2452
172334,7,999,5,124,910,20,130,1034,150,144,1040,1184
172644,7,999,5,1246,1715,898,1458,2961,2356,2144,3173,5317
172699,7,999,5,299,494,645,943,793,1588,944,1437,2381
173045,7,999,5,140,277,56,162,417,218,196,439,635
173142,7,999,5,16,11,1,2,27,3,17,13,30
173160,7,999,5,56,177,230,361,233,591,286,538,824
173300,7,999,5,0,0,19,38,0,57,19,38,57
173452,7,999,5,0,0,49,55,0,104,49,55,104
173665,7,999,5,7,21,206,550,28,756,213,571,784
173683,7,999,5,21,34,22,53,55,75,43,87,130
173896,7,999,5,135,199,29,26,334,55,164,225,389
174066,7,999,5,2538,3432,2668,3053,5970,5721,5206,6485,11691
174127,7,999,5,10,12,15,58,22,73,25,70,95
174233,7,999,5,105,159,113,101,264,214,218,260,478
174491,7,999,5,3,1,41,34,4,75,44,35,79
174507,7,999,5,169,185,9,37,354,46,178,222,400
174747,7,999,5,1,16,0,4,17,4,1,20,21
174792,7,999,5,31,16,42,21,47,63,73,37,110
174899,7,999,5,140,465,93,293,605,386,233,758,991
174914,7,999,5,289,331,865,966,620,1831,1154,1297,2451
175005,7,999,5,41,191,47,512,232,559,88,703,791
175014,7,999,5,53,188,34,114,241,148,87,302,389
175421,7,999,5,37,64,486,1375,101,1861,523,1439,1962
175430,7,999,5,4,13,3,5,17,8,7,18,25
175616,7,999,5,37,106,95,278,143,373,132,384,516
175856,7,999,5,171,490,262,815,661,1077,433,1305,1738
175980,7,999,5,0,2,3,3,2,6,3,5,8
176017,7,999,5,805,937,342,796,1742,1138,1147,1733,2880
176035,7,999,5,9,62,21,79,71,100,30,141,171
176044,7,999,5,11,43,30,86,54,116,41,129,170
176053,7,999,5,228,430,89,293,658,382,317,723,1040
176080,7,999,5,500,594,905,951,1094,1856,1405,1545,2950
176372,7,999,5,372,530,486,1152,902,1638,858,1682,2540
176451,7,999,5,27,4,75,40,31,115,102,44,146
176479,7,999,5,483,862,162,643,1345,805,645,1505,2150
176600,7,999,5,41,12,10,20,53,30,51,32,83
176628,7,999,5,37,136,19,49,173,68,56,185,241
176965,7,999,5,491,377,635,1079,868,1714,1126,1456,2582
177038,7,999,5,139,130,11,8,269,19,150,138,288
177126,7,999,5,100,56,238,152,156,390,338,208,546
177144,7,999,5,13,20,2,2,33,4,15,22,37
177214,7,999,5,1,7,43,123,8,166,44,130,174
177418,7,999,5,13,33,27,70,46,97,40,103,143
177940,7,999,5,18,17,20,19,35,39,38,36,74
177986,7,999,5,298,233,112,244,531,356,410,477,887
178059,7,999,5,115,264,575,2676,379,3251,690,2940,3630
178341,7,999,5,0,9,19,32,9,51,19,41,60
178369,7,999,5,1,2,10,11,3,21,11,13,24
178387,7,999,5,1,2,34,71,3,105,35,73,108
178396,7,999,5,1088,1331,1032,1905,2419,2937,2120,3236,5356
178402,7,999,5,695,658,687,1051,1353,1738,1382,1709,3091
178411,7,999,5,534,140,365,111,674,476,899,251,1150
178420,7,999,5,216,366,504,1083,582,1587,720,1449,2169
178615,7,999,5,6,29,22,54,35,76,28,83,111
178624,7,999,5,239,347,582,1246,586,1828,821,1593,2414
178679,7,999,5,0,0,46,22,0,68,46,22,68
178721,7,999,5,76,72,486,576,148,1062,562,648,1210
178989,7,999,5,0,1,10,77,1,87,10,78,88
179043,7,999,5,49,119,172,220,168,392,221,339,560
179326,7,999,5,44,51,66,195,95,261,110,246,356
179557,7,999,5,205,176,162,360,381,522,367,536,903
179566,7,999,5,347,466,704,1183,813,1887,1051,1649,2700
179812,7,999,5,499,467,3,8,966,11,502,475,977
179867,7,999,5,1807,1784,618,604,3591,1222,2425,2388,4813
179894,7,999,5,505,447,1123,1574,952,2697,1628,2021,3649
180106,7,999,5,8,28,1,2,36,3,9,30,39
180179,7,999,5,23,111,65,160,134,225,88,271,359
180258,7,999,5,28,99,46,166,127,212,74,265,339
180416,7,999,5,30,12,70,43,42,113,100,55,155
180461,7,999,5,145,216,505,678,361,1183,650,894,1544
180522,7,999,5,1,10,4,17,11,21,5,27,32
180595,7,999,5,48,98,0,0,146,0,48,98,146
180647,7,999,5,4,17,3,4,21,7,7,21,28
180814,7,999,5,796,1255,307,405,2051,712,1103,1660,2763
180948,7,999,5,23,55,92,208,78,300,115,263,378
181002,7,999,5,705,829,359,604,1534,963,1064,1433,2497
181020,7,999,5,88,186,98,396,274,494,186,582,768
181127,7,999,5,3,2,1,0,5,1,4,2,6
181215,7,999,5,43,103,396,951,146,1347,439,1054,1493
181297,7,999,5,27,225,5,28,252,33,32,253,285
181330,7,999,5,5,9,41,156,14,197,46,165,211
181394,7,999,5,233,346,674,997,579,1671,907,1343,2250
181428,7,999,5,481,832,182,418,1313,600,663,1250,1913
181446,7,999,5,4,31,8,79,35,87,12,110,122
181464,7,999,5,823,694,858,962,1517,1820,1681,1656,3337
181604,7,999,5,24,82,10,61,106,71,34,143,177
181738,7,999,5,8,35,0,1,43,1,8,36,44
181783,7,999,5,45,77,197,472,122,669,242,549,791
182281,7,999,5,988,1333,822,1224,2321,2046,1810,2557,4367
182290,7,999,5,459,669,766,1188,1128,1954,1225,1857,3082
182670,7,999,5,838,818,14,17,1656,31,852,835,1687
182829,7,999,5,143,99,131,85,242,216,274,184,458
182980,7,999,5,877,403,53,60,1280,113,930,463,1393
183026,7,999,5,1936,3939,4708,10540,5875,15248,6644,14479,21123
183044,7,999,5,367,445,363,497,812,860,730,942,1672
183062,7,999,5,1,3,39,58,4,97,40,61,101
183071,7,999,5,0,0,5,3,0,8,5,3,8
183080,7,999,5,21,55,75,240,76,315,96,295,391
183257,7,999,5,5,24,46,138,29,184,51,162,213
183789,7,999,5,12,36,22,46,48,68,34,82,116
183910,7,999,5,10,47,54,204,57,258,64,251,315
184603,7,999,5,143,189,313,888,332,1201,456,1077,1533
184612,7,999,5,19,43,65,202,62,267,84,245,329
184694,7,999,5,63,201,58,86,264,144,121,287,408
184773,7,999,5,11,68,61,262,79,323,72,330,402
184782,7,999,5,652,620,442,1093,1272,1535,1094,1713,2807
185262,7,999,5,129,387,184,776,516,960,313,1163,1476
185572,7,999,5,44,149,104,397,193,501,148,546,694
185590,7,999,5,274,590,753,1676,864,2429,1027,2266,3293
185758,7,999,5,8,12,53,56,20,109,61,68,129
185828,7,999,5,729,360,597,282,1089,879,1326,642,1968
186131,7,999,5,1366,1000,0,0,2366,0,1366,1000,2366
186201,7,999,5,27,90,58,178,117,236,85,268,353
186283,7,999,5,32,95,157,324,127,481,189,419,608
186371,7,999,5,258,286,338,477,544,815,596,763,1359
186380,7,999,5,2132,2940,1489,3455,5072,4944,3621,6395,10016
186399,7,999,5,600,576,758,811,1176,1569,1358,1387,2745
186432,7,999,5,367,222,114,210,589,324,481,432,913
186584,7,999,5,322,387,638,1081,709,1719,960,1468,2428
186618,7,999,5,26,95,50,124,121,174,76,219,295
186867,7,999,5,1251,481,879,342,1732,1221,2130,823,2953
186876,7,999,5,40,100,103,345,140,448,143,445,588
187046,7,999,5,2,5,375,492,7,867,377,497,874
187134,7,999,5,22,57,65,224,79,289,87,281,368
187444,7,999,5,103,296,366,1339,399,1705,469,1635,2104
187648,7,999,5,55,215,210,575,270,785,265,790,1055
187897,7,999,5,123,378,99,317,501,416,222,695,917
187967,7,999,5,105,61,98,101,166,199,203,162,365
187985,7,999,5,849,1161,1032,1218,2010,2250,1881,2379,4260
188030,7,999,5,474,528,428,695,1002,1123,902,1223,2125
188207,7,999,5,11,99,5,57,110,62,16,156,172
188340,7,999,5,2,1,2,3,3,5,4,4,8
188429,7,999,5,143,351,206,669,494,875,349,1020,1369
188641,7,999,5,40,82,57,173,122,230,97,255,352
188854,7,999,5,3,4,0,0,7,0,3,4,7
189228,7,999,5,25,18,4,11,43,15,29,29,58
189705,7,999,5,60,94,97,158,154,255,157,252,409
190044,7,999,5,190,167,178,152,357,330,368,319,687
190099,7,999,5,0,3,1,1,3,2,1,4,5
190372,7,999,5,8,6,3,0,14,3,11,6,17
190415,7,999,5,3023,2718,359,303,5741,662,3382,3021,6403
190424,7,999,5,394,492,15,24,886,39,409,516,925
190503,7,999,5,34,63,0,0,97,0,34,63,97
190761,7,999,5,26,106,20,99,132,119,46,205,251
191126,7,999,5,21,111,5,58,132,63,26,169,195
191205,7,999,5,8,4,22,12,12,34,30,16,46
191241,7,999,5,913,1339,665,1591,2252,2256,1578,2930,4508
191533,7,999,5,0,0,0,4,0,4,0,4,4
191649,7,999,5,625,787,283,614,1412,897,908,1401,2309
191676,7,999,5,0,4,4,9,4,13,4,13,17
192192,7,999,5,5,10,19,122,15,141,24,132,156
192271,7,999,5,10,56,4,45,66,49,14,101,115
192323,7,999,5,35,89,47,176,124,223,82,265,347
192448,7,999,5,329,925,299,1322,1254,1621,628,2247,2875
192703,7,999,5,93,113,22,39,206,61,115,152,267
192712,7,999,5,125,151,3,8,276,11,128,159,287
192749,7,999,5,65,129,152,301,194,453,217,430,647
192785,7,999,5,4,27,0,1,31,1,4,28,32
192819,7,999,5,108,113,125,191,221,316,233,304,537
193016,7,999,5,183,526,170,852,709,1022,353,1378,1731
193292,7,999,5,17,75,193,913,92,1106,210,988,1198
193399,7,999,5,52,110,32,178,162,210,84,288,372
193584,7,999,5,22,72,26,83,94,109,48,155,203
193654,7,999,5,574,1049,90,183,1623,273,664,1232,1896
193830,7,999,5,397,441,56,103,838,159,453,544,997
193900,7,999,5,4810,6393,2652,3533,11203,6185,7462,9926,17388
193973,7,999,5,164,183,130,181,347,311,294,364,658
194091,7,999,5,952,937,142,161,1889,303,1094,1098,2192
194116,7,999,5,14,90,2,1,104,3,16,91,107
194310,7,999,5,622,895,567,1279,1517,1846,1189,2174,3363
194392,7,999,5,1,0,8,2,1,10,9,2,11
194578,7,999,5,214,589,27,110,803,137,241,699,940
194824,7,999,5,381,180,19,6,561,25,400,186,586
195003,7,999,5,671,418,276,188,1089,464,947,606,1553
195128,7,999,5,39,143,89,446,182,535,128,589,717
195155,7,999,5,9,0,97,34,9,131,106,34,140
195164,7,999,5,32,80,137,233,112,370,169,313,482
195216,7,999,5,4,0,7,7,4,14,11,7,18
195234,7,999,5,94,221,196,529,315,725,290,750,1040
195243,7,999,5,7,11,14,31,18,45,21,42,63
195474,7,999,5,5,4,17,15,9,32,22,19,41
195544,7,999,5,29,56,76,382,85,458,105,438,543
195720,7,999,5,73,210,63,308,283,371,136,518,654
196024,7,999,5,0,12,11,106,12,117,11,118,129
196042,7,999,5,6,3,20,4,9,24,26,7,33
196060,7,999,5,384,587,652,1165,971,1817,1036,1752,2788
196079,7,999,5,481,499,630,674,980,1304,1111,1173,2284
196088,7,999,5,1659,1790,1483,1653,3449,3136,3142,3443,6585
196097,7,999,5,1605,1502,626,1585,3107,2211,2231,3087,5318
196103,7,999,5,49,68,78,83,117,161,127,151,278
196112,7,999,5,65,95,161,341,160,502,226,436,662
196121,7,999,5,61,104,223,430,165,653,284,534,818
196130,7,999,5,49,135,128,269,184,397,177,404,581
196149,7,999,5,20,35,73,161,55,234,93,196,289
196158,7,999,5,3,15,26,71,18,97,29,86,115
196167,7,999,5,1,2,2,8,3,10,3,10,13
196176,7,999,5,64,124,69,182,188,251,133,306,439
196185,7,999,5,13,33,44,174,46,218,57,207,264
196194,7,999,5,63,96,175,270,159,445,238,366,604
196200,7,999,5,28,83,26,71,111,97,54,154,208
196219,7,999,5,27,21,4,8,48,12,31,29,60
196246,7,999,5,40,87,47,81,127,128,87,168,255
196255,7,999,5,340,611,106,330,951,436,446,941,1387
196264,7,999,5,51,86,378,1010,137,1388,429,1096,1525
196291,7,999,5,25,7,36,9,32,45,61,16,77
196307,7,999,5,307,411,18,87,718,105,325,498,823
196413,7,999,5,1537,1537,737,1004,3074,1741,2274,2541,4815
196468,7,999,5,445,1413,289,826,1858,1115,734,2239,2973
196884,7,999,5,59,84,26,31,143,57,85,115,200
197045,7,999,5,21,105,202,561,126,763,223,666,889
197708,7,999,5,511,938,227,359,1449,586,738,1297,2035
197869,7,999,5,105,162,218,661,267,879,323,823,1146
197911,7,999,5,5,7,4,30,12,34,9,37,46
198066,7,999,5,4,1,1,0,5,1,5,1,6
198109,7,999,5,6,54,1,16,60,17,7,70,77
198136,7,999,5,481,578,81,235,1059,316,562,813,1375
198303,7,999,5,4,8,7,19,12,26,11,27,38
198464,7,999,5,553,946,663,1698,1499,2361,1216,2644,3860
198507,7,999,5,6,15,13,61,21,74,19,76,95
198516,7,999,5,145,257,20,16,402,36,165,273,438
198543,7,999,5,96,216,232,371,312,603,328,587,915
198598,7,999,5,9,34,12,40,43,52,21,74,95
198756,7,999,5,5,23,0,0,28,0,5,23,28
198835,7,999,5,71,187,100,272,258,372,171,459,630
198899,7,999,5,2,4,5,3,6,8,7,7,14
198950,7,999,5,7,37,13,95,44,108,20,132,152
198969,7,999,5,65,96,9,38,161,47,74,134,208
199102,7,999,5,235,318,286,383,553,669,521,701,1222
199120,7,999,5,2619,3532,928,1149,6151,2077,3547,4681,8228
199139,7,999,5,649,827,947,1726,1476,2673,1596,2553,4149
199148,7,999,5,388,757,524,1233,1145,1757,912,1990,2902
199157,7,999,5,236,506,130,390,742,520,366,896,1262
199184,7,999,5,47,51,2,3,98,5,49,54,103
199193,7,999,5,2239,2025,1367,1380,4264,2747,3606,3405,7011
199218,7,999,5,264,790,500,1216,1054,1716,764,2006,2770
199281,7,999,5,96,288,350,907,384,1257,446,1195,1641
199412,7,999,5,23,65,87,282,88,369,110,347,457
199607,7,999,5,0,1,9,90,1,99,9,91,100
199759,7,999,5,660,153,667,279,813,946,1327,432,1759
199865,7,999,5,19,41,0,6,60,6,19,47,66
199971,7,999,5,12,10,0,0,22,0,12,10,22
199999,7,999,5,43,173,21,119,216,140,64,292,356
200004,7,999,5,154,356,253,483,510,736,407,839,1246
200013,7,999,5,4,12,1,9,16,10,5,21,26
200059,7,999,5,5,3,24,14,8,38,29,17,46
200217,7,999,5,121,231,153,298,352,451,274,529,803
200280,7,999,5,486,505,666,1286,991,1952,1152,1791,2943
200332,7,999,5,239,200,505,493,439,998,744,693,1437
200572,7,999,5,2,1,37,88,3,125,39,89,128
200697,7,999,5,291,37,391,99,328,490,682,136,818
200800,7,999,5,343,365,333,490,708,823,676,855,1531
201061,7,999,5,0,2,1,1,2,2,1,3,4
201195,7,999,5,51,118,32,80,169,112,83,198,281
201441,7,999,5,390,393,516,882,783,1398,906,1275,2181
201548,7,999,5,103,129,78,107,232,185,181,236,417
201645,7,999,5,1485,1678,314,476,3163,790,1799,2154,3953
201654,7,999,5,30,35,61,105,65,166,91,140,231
201885,7,999,5,1496,1726,1405,3060,3222,4465,2901,4786,7687
201964,7,999,5,50,48,19,18,98,37,69,66,135
202170,7,999,5,2,7,1,1,9,2,3,8,11
202480,7,999,5,640,651,281,317,1291,598,921,968,1889
202763,7,999,5,146,211,116,170,357,286,262,381,643
203067,7,999,5,98,141,17,51,239,68,115,192,307
203085,7,999,5,10,10,14,28,20,42,24,38,62
203128,7,999,5,2,0,0,3,2,3,2,3,5
203368,7,999,5,30,52,79,122,82,201,109,174,283
203465,7,999,5,0,0,0,1,0,1,0,1,1
203517,7,999,5,782,1096,589,1553,1878,2142,1371,2649,4020
203544,7,999,5,12,66,1,0,78,1,13,66,79
203580,7,999,5,6,12,37,34,18,71,43,46,89
203757,7,999,5,36,99,2,6,135,8,38,105,143
203775,7,999,5,9,26,29,133,35,162,38,159,197
203845,7,999,5,5,15,0,1,20,1,5,16,21
203960,7,999,5,8,20,13,78,28,91,21,98,119
204006,7,999,5,1,5,0,5,6,5,1,10,11
204024,7,999,5,191,282,260,910,473,1170,451,1192,1643
204194,7,999,5,48,97,24,85,145,109,72,182,254
204200,7,999,5,29,62,30,321,91,351,59,383,442
204468,7,999,5,0,0,29,55,0,84,29,55,84
204477,7,999,5,231,202,8,10,433,18,239,212,451
204617,7,999,5,27,34,51,188,61,239,78,222,300
204635,7,999,5,54,47,1,3,101,4,55,50,105
204680,7,999,5,0,0,0,1,0,1,0,1,1
204796,7,999,5,2304,3115,1833,2224,5419,4057,4137,5339,9476
204857,7,999,5,910,1010,1063,1578,1920,2641,1973,2588,4561
204936,7,999,5,25,37,39,124,62,163,64,161,225
205443,7,999,5,10,19,49,68,29,117,59,87,146
206279,7,999,5,49,120,33,95,169,128,82,215,297
206349,7,999,5,3,23,29,220,26,249,32,243,275
206507,7,999,5,2,3,3,1,5,4,5,4,9
206525,7,999,5,2,0,5,11,2,16,7,11,18
206604,7,999,5,275,386,483,511,661,994,758,897,1655
206622,7,999,5,89,134,272,411,223,683,361,545,906
206695,7,999,5,236,349,385,709,585,1094,621,1058,1679
206862,7,999,5,90,184,80,146,274,226,170,330,500
206914,7,999,5,14,72,34,110,86,144,48,182,230
207041,7,999,5,52,125,95,262,177,357,147,387,534
207209,7,999,5,15,29,11,23,44,34,26,52,78
207263,7,999,5,108,277,173,560,385,733,281,837,1118
207306,7,999,5,7,34,25,87,41,112,32,121,153
207315,7,999,5,283,345,224,230,628,454,507,575,1082
207324,7,999,5,106,54,117,84,160,201,223,138,361
207342,7,999,5,467,584,102,330,1051,432,569,914,1483
207388,7,999,5,473,558,1288,997,1031,2285,1761,1555,3316
207500,7,999,5,1092,1468,1203,1596,2560,2799,2295,3064,5359
207582,7,999,5,206,244,76,87,450,163,282,331,613
207661,7,999,5,21,39,11,14,60,25,32,53,85
207847,7,999,5,223,456,572,998,679,1570,795,1454,2249
207865,7,999,5,63,169,71,272,232,343,134,441,575
207971,7,999,5,262,204,139,87,466,226,401,291,692
208646,7,999,5,23,43,33,91,66,124,56,134,190
208822,7,999,5,153,288,270,533,441,803,423,821,1244
209490,7,999,5,485,843,152,268,1328,420,637,1111,1748
209506,7,999,5,11,20,24,40,31,64,35,60,95
209542,7,999,5,1102,1094,783,1031,2196,1814,1885,2125,4010
209551,7,999,5,1010,1248,102,206,2258,308,1112,1454,2566
209603,7,999,5,26,65,0,6,91,6,26,71,97
209612,7,999,5,321,812,57,143,1133,200,378,955,1333
209807,7,999,5,717,1232,757,1400,1949,2157,1474,2632,4106
209825,7,999,5,13,38,76,140,51,216,89,178,267
209922,7,999,5,0,0,6,5,0,11,6,5,11
210401,7,999,5,167,152,5,19,319,24,172,171,343
210429,7,999,5,65,120,47,112,185,159,112,232,344
210739,7,999,5,51,129,116,205,180,321,167,334,501
210775,7,999,5,47,91,51,129,138,180,98,220,318
211088,7,999,5,93,174,136,399,267,535,229,573,802
211130,7,999,5,52,48,27,30,100,57,79,78,157
211291,7,999,5,6,8,2,8,14,10,8,16,24
211352,7,999,5,7,18,90,193,25,283,97,211,308
211431,7,999,5,23,137,47,411,160,458,70,548,618
211440,7,999,5,2542,1414,399,255,3956,654,2941,1669,4610
211556,7,999,5,63,227,41,159,290,200,104,386,490
211583,7,999,5,32,116,40,135,148,175,72,251,323
212054,7,999,5,1216,1598,1126,2499,2814,3625,2342,4097,6439
212106,7,999,5,560,825,53,185,1385,238,613,1010,1623
212115,7,999,5,35,42,120,342,77,462,155,384,539
212133,7,999,5,406,485,1126,1505,891,2631,1532,1990,3522
212197,7,999,5,5,23,40,87,28,127,45,110,155
212601,7,999,5,260,213,106,230,473,336,366,443,809
212674,7,999,5,1,1,264,331,2,595,265,332,597
212771,7,999,5,22,45,31,146,67,177,53,191,244
212805,7,999,5,0,0,12,7,0,19,12,7,19
212984,7,999,5,14,97,91,458,111,549,105,555,660
213011,7,999,5,24,92,134,505,116,639,158,597,755
213020,7,999,5,130,145,345,656,275,1001,475,801,1276
213251,7,999,5,1,0,7,4,1,11,8,4,12
213321,7,999,5,1,17,40,134,18,174,41,151,192
213349,7,999,5,43,89,128,429,132,557,171,518,689
213367,7,999,5,36,95,261,625,131,886,297,720,1017
213446,7,999,5,15,29,13,16,44,29,28,45,73
213507,7,999,5,10,22,65,78,32,143,75,100,175
213598,7,999,5,17,64,3,16,81,19,20,80,100
213987,7,999,5,27,33,44,51,60,95,71,84,155
213996,7,999,5,30,97,133,268,127,401,163,365,528
214041,7,999,5,28,64,157,487,92,644,185,551,736
214148,7,999,5,0,4,0,5,4,5,0,9,9
214157,7,999,5,41,46,85,242,87,327,126,288,414
214175,7,999,5,4,4,0,0,8,0,4,4,8
214272,7,999,5,39,60,57,201,99,258,96,261,357
214564,7,999,5,144,455,10,72,599,82,154,527,681
214591,7,999,5,2,6,36,16,8,52,38,22,60
214607,7,999,5,40,14,86,52,54,138,126,66,192
214643,7,999,5,0,0,1,4,0,5,1,4,5
214704,7,999,5,0,0,0,6,0,6,0,6,6
214713,7,999,5,40,46,105,147,86,252,145,193,338
214777,7,999,5,2180,1937,182,249,4117,431,2362,2186,4548
214829,7,999,5,0,0,4,2,0,6,4,2,6
214883,7,999,5,1,8,15,68,9,83,16,76,92
215062,7,999,5,3841,4521,1319,1791,8362,3110,5160,6312,11472
215105,7,999,5,20,38,17,31,58,48,37,69,106
215123,7,999,5,875,1233,30,61,2108,91,905,1294,2199
215293,7,999,5,1929,2336,640,1089,4265,1729,2569,3425,5994
215424,7,999,5,95,81,21,16,176,37,116,97,213
215442,7,999,5,32,42,210,459,74,669,242,501,743
215655,7,999,5,57,52,185,250,109,435,242,302,544
215743,7,999,5,17,27,45,105,44,150,62,132,194
215798,7,999,5,35,62,14,19,97,33,49,81,130
215929,7,999,5,105,134,208,309,239,517,313,443,756
216010,7,999,5,29,45,154,254,74,408,183,299,482
216038,7,999,5,67,146,133,594,213,727,200,740,940
216339,7,999,5,1916,2413,668,1281,4329,1949,2584,3694,6278
216357,7,999,5,13,24,1,1,37,2,14,25,39
216366,7,999,5,533,886,312,1221,1419,1533,845,2107,2952
216542,7,999,5,0,2,25,23,2,48,25,25,50
216597,7,999,5,414,492,767,824,906,1591,1181,1316,2497
216694,7,999,5,13,48,29,81,61,110,42,129,171
216764,7,999,5,152,328,558,1070,480,1628,710,1398,2108
216852,7,999,5,352,617,154,857,969,1011,506,1474,1980
216931,7,999,5,69,183,483,2086,252,2569,552,2269,2821
217013,7,999,5,8,14,71,277,22,348,79,291,370
217059,7,999,5,17,39,42,169,56,211,59,208,267
217156,7,999,5,1051,1054,60,68,2105,128,1111,1122,2233
217165,7,999,5,27,66,69,59,93,128,96,125,221
217235,7,999,5,49,97,34,59,146,93,83,156,239
217305,7,999,5,23,106,4,23,129,27,27,129,156
217402,7,999,5,19,21,82,145,40,227,101,166,267
217420,7,999,5,46,145,147,528,191,675,193,673,866
217493,7,999,5,125,224,0,0,349,0,125,224,349
217518,7,999,5,8,18,41,39,26,80,49,57,106
217536,7,999,5,23,54,150,319,77,469,173,373,546
217633,7,999,5,232,359,72,45,591,117,304,404,708
217688,7,999,5,35,61,112,196,96,308,147,257,404
217721,7,999,5,17,6,0,0,23,0,17,6,23
217749,7,999,5,16,20,159,136,36,295,175,156,331
217819,7,999,5,40,63,111,451,103,562,151,514,665
217864,7,999,5,53,48,388,322,101,710,441,370,811
217873,7,999,5,6,28,6,27,34,33,12,55,67
217882,7,999,5,1054,770,873,1439,1824,2312,1927,2209,4136
217907,7,999,5,5,18,10,43,23,53,15,61,76
217925,7,999,5,56,62,558,692,118,1250,614,754,1368
217934,7,999,5,24,112,16,134,136,150,40,246,286
217961,7,999,5,19,66,61,239,85,300,80,305,385
218061,7,999,5,7,43,54,178,50,232,61,221,282
218229,7,999,5,20,29,92,269,49,361,112,298,410
218335,7,999,5,571,857,41,195,1428,236,612,1052,1664
218414,7,999,5,0,3,1,0,3,1,1,3,4
218441,7,999,5,61,64,20,20,125,40,81,84,165
218539,7,999,5,19,62,0,5,81,5,19,67,86
218645,7,999,5,46,73,162,344,119,506,208,417,625
218654,7,999,5,2,3,7,46,5,53,9,49,58
218663,7,999,5,1446,1690,674,1662,3136,2336,2120,3352,5472
218724,7,999,5,20,12,90,225,32,315,110,237,347
218733,7,999,5,31,93,30,71,124,101,61,164,225
218742,7,999,5,4,28,62,270,32,332,66,298,364
218751,7,999,5,112,110,0,1,222,1,112,111,223
218919,7,999,5,4,26,0,0,30,0,4,26,30
219082,7,999,5,48,9,264,82,57,346,312,91,403
219198,7,999,5,45,84,3,19,129,22,48,103,151
219204,7,999,5,39,53,74,53,92,127,113,106,219
219259,7,999,5,6,12,73,310,18,383,79,322,401
219277,7,999,5,0,0,7,23,0,30,7,23,30
219347,7,999,5,86,28,85,21,114,106,171,49,220
219471,7,999,5,364,334,365,705,698,1070,729,1039,1768
219602,7,999,5,115,204,198,422,319,620,313,626,939
219639,7,999,5,2,9,2,7,11,9,4,16,20
219806,7,999,5,23,33,146,651,56,797,169,684,853
219833,7,999,5,219,120,60,73,339,133,279,193,472
220075,7,999,5,377,594,263,684,971,947,640,1278,1918
220215,7,999,5,22,28,95,230,50,325,117,258,375
220473,7,999,5,40,35,76,54,75,130,116,89,205
220516,7,999,5,36,103,7,33,139,40,43,136,179
220701,7,999,5,4,2,4,4,6,8,8,6,14
220710,7,999,5,0,2,1,1,2,2,1,3,4
220792,7,999,5,270,470,0,0,740,0,270,470,740
220862,7,999,5,692,725,757,1477,1417,2234,1449,2202,3651
220978,7,999,5,179,264,596,1068,443,1664,775,1332,2107
221519,7,999,5,35,30,12,12,65,24,47,42,89
221740,7,999,5,128,199,274,297,327,571,402,496,898
221759,7,999,5,917,1047,988,1204,1964,2192,1905,2251,4156
221768,7,999,5,36,108,119,259,144,378,155,367,522
221838,7,999,5,151,255,281,539,406,820,432,794,1226
221847,7,999,5,55,96,320,467,151,787,375,563,938
221999,7,999,5,1514,1878,352,683,3392,1035,1866,2561,4427
222178,7,999,5,25,111,390,896,136,1286,415,1007,1422
222831,7,999,5,123,382,232,367,505,599,355,749,1104
222877,7,999,5,1,0,0,0,1,0,1,0,1
223223,7,999,5,406,552,6,1,958,7,412,553,965
223232,7,999,5,1007,1431,409,1105,2438,1514,1416,2536,3952
224147,7,999,5,113,163,767,1239,276,2006,880,1402,2282
224323,7,999,5,129,72,264,239,201,503,393,311,704
224527,7,999,5,10,11,25,40,21,65,35,51,86
224554,7,999,5,381,618,697,1520,999,2217,1078,2138,3216
225247,7,999,5,50,96,30,45,146,75,80,141,221
225399,7,999,5,32,95,250,840,127,1090,282,935,1217
225414,7,999,5,195,371,387,703,566,1090,582,1074,1656
225432,7,999,5,38,60,424,694,98,1118,462,754,1216
225511,7,999,5,1600,1694,960,1189,3294,2149,2560,2883,5443
225548,7,999,5,5,2,20,9,7,29,25,11,36
226383,7,999,5,2,26,33,163,28,196,35,189,224
226471,7,999,5,46,109,28,80,155,108,74,189,263
226587,7,999,5,1,1,0,1,2,1,1,2,3
227216,7,999,5,1467,1419,1146,2026,2886,3172,2613,3445,6058
227331,7,999,5,160,699,25,128,859,153,185,827,1012
227368,7,999,5,501,692,906,1887,1193,2793,1407,2579,3986
227526,7,999,5,109,192,125,300,301,425,234,492,726
227757,7,999,5,1605,899,247,141,2504,388,1852,1040,2892
227845,7,999,5,41,73,105,335,114,440,146,408,554
227863,7,999,5,95,135,236,360,230,596,331,495,826
227881,7,999,5,173,281,566,1315,454,1881,739,1596,2335
228042,7,999,5,14,37,4,11,51,15,18,48,66
228149,7,999,5,224,254,137,191,478,328,361,445,806
228194,7,999,5,211,210,79,96,421,175,290,306,596
228246,7,999,5,669,602,1195,990,1271,2185,1864,1592,3456
228431,7,999,5,77,194,198,497,271,695,275,691,966
228459,7,999,5,614,902,549,998,1516,1547,1163,1900,3063
228501,7,999,5,29,36,82,215,65,297,111,251,362
228529,7,999,5,130,238,398,864,368,1262,528,1102,1630
228635,7,999,5,507,608,328,253,1115,581,835,861,1696
228644,7,999,5,580,798,75,177,1378,252,655,975,1630
228653,7,999,5,523,771,193,755,1294,948,716,1526,2242
228705,7,999,5,207,142,207,286,349,493,414,428,842
228723,7,999,5,3919,2901,1501,1676,6820,3177,5420,4577,9997
228769,7,999,5,1589,1552,1742,5015,3141,6757,3331,6567,9898
228778,7,999,5,3584,3358,228,274,6942,502,3812,3632,7444
228787,7,999,5,2384,1614,1196,966,3998,2162,3580,2580,6160
228796,7,999,5,470,497,765,1191,967,1956,1235,1688,2923
228802,7,999,5,208,375,403,1050,583,1453,611,1425,2036
228875,7,999,5,480,641,43,69,1121,112,523,710,1233
228909,7,999,5,487,744,39,92,1231,131,526,836,1362
229018,7,999,5,118,154,285,486,272,771,403,640,1043
229027,7,999,5,652,636,944,1176,1288,2120,1596,1812,3408
229063,7,999,5,304,514,131,269,818,400,435,783,1218
229115,7,999,5,1474,1275,873,1588,2749,2461,2347,2863,5210
229179,7,999,5,147,1065,275,2953,1212,3228,422,4018,4440
229267,7,999,5,13,23,15,16,36,31,28,39,67
229337,7,999,5,571,940,227,948,1511,1175,798,1888,2686
229780,7,999,5,103,153,175,219,256,394,278,372,650
229814,7,999,5,103,272,655,891,375,1546,758,1163,1921
230038,7,999,5,760,520,592,422,1280,1014,1352,942,2294
230171,7,999,5,16,7,8,11,23,19,24,18,42
230603,7,999,5,133,135,555,610,268,1165,688,745,1433
230728,7,999,5,386,523,696,836,909,1532,1082,1359,2441
230764,7,999,5,2525,2523,756,724,5048,1480,3281,3247,6528
230782,7,999,5,151,236,194,290,387,484,345,526,871
230807,7,999,5,69,130,27,48,199,75,96,178,274
230816,7,999,5,19,80,0,0,99,0,19,80,99
230834,7,999,5,4,6,120,437,10,557,124,443,567
230852,7,999,5,5,12,214,217,17,431,219,229,448
230913,7,999,5,4,34,60,174,38,234,64,208,272
230959,7,999,5,1,1,9,59,2,68,10,60,70
231059,7,999,5,12,11,37,107,23,144,49,118,167
231165,7,999,5,0,0,2,0,0,2,2,0,2
231174,7,999,5,476,660,144,268,1136,412,620,928,1548
231420,7,999,5,4,10,32,141,14,173,36,151,187
231581,7,999,5,0,4,1,2,4,3,1,6,7
231624,7,999,5,461,509,415,661,970,1076,876,1170,2046
231712,7,999,5,2,4,3,3,6,6,5,7,12
232025,7,999,5,39,72,3,2,111,5,42,74,116
232043,7,999,5,24,44,47,286,68,333,71,330,401
232089,7,999,5,1,4,1,8,5,9,2,12,14
232186,7,999,5,1580,1766,2040,3476,3346,5516,3620,5242,8862
232308,7,999,5,9,18,24,55,27,79,33,73,106
232557,7,999,5,7972,11864,9275,14016,19836,23291,17247,25880,43127
232566,7,999,5,54,96,235,573,150,808,289,669,958
232609,7,999,5,148,228,59,137,376,196,207,365,572
232706,7,999,5,142,224,219,522,366,741,361,746,1107
232982,7,999,5,379,728,1126,1644,1107,2770,1505,2372,3877
233277,7,999,5,55,210,138,773,265,911,193,983,1176
233374,7,999,5,125,146,80,154,271,234,205,300,505
233541,7,999,5,128,315,167,672,443,839,295,987,1282
233921,7,999,5,2064,1562,1048,734,3626,1782,3112,2296,5408
234030,7,999,5,1110,1891,653,1353,3001,2006,1763,3244,5007
234076,7,999,5,2406,2082,608,1124,4488,1732,3014,3206,6220
234155,7,999,5,45,86,35,95,131,130,80,181,261
234207,7,999,5,126,79,0,0,205,0,126,79,205
234827,7,999,5,49,59,95,151,108,246,144,210,354
235097,7,999,5,546,1248,303,570,1794,873,849,1818,2667
235316,7,999,5,382,731,159,349,1113,508,541,1080,1621
235547,7,999,5,75,412,10,51,487,61,85,463,548
236328,7,999,5,53,98,4,39,151,43,57,137,194
236452,7,999,5,20,15,59,102,35,161,79,117,196
236577,7,999,5,51,182,100,224,233,324,151,406,557
236595,7,999,5,340,785,448,782,1125,1230,788,1567,2355
236896,7,999,5,22,77,4,10,99,14,26,87,113
236939,7,999,5,1057,1321,701,771,2378,1472,1758,2092,3850
237011,7,999,5,184,272,77,120,456,197,261,392,653
237066,7,999,5,39,51,49,119,90,168,88,170,258
237118,7,999,5,21,33,1,1,54,2,22,34,56
237181,7,999,5,0,0,6,3,0,9,6,3,9
237312,7,999,5,261,159,94,52,420,146,355,211,566
237330,7,999,5,8,61,39,134,69,173,47,195,242
237367,7,999,5,14,24,42,121,38,163,56,145,201
237385,7,999,5,1,4,0,7,5,7,1,11,12
237525,7,999,5,382,580,257,627,962,884,639,1207,1846
237792,7,999,5,37,128,56,218,165,274,93,346,439
237899,7,999,5,20,23,18,46,43,64,38,69,107
237969,7,999,5,7,21,2,10,28,12,9,31,40
238032,7,999,5,1069,1097,566,728,2166,1294,1635,1825,3460
238193,7,999,5,67,398,32,185,465,217,99,583,682
238263,7,999,5,2,11,5,23,13,28,7,34,41
238430,7,999,5,12,46,92,393,58,485,104,439,543
238458,7,999,5,30,69,24,68,99,92,54,137,191
239071,7,999,5,15,4,98,84,19,182,113,88,201
239105,7,999,5,558,635,334,508,1193,842,892,1143,2035
239169,7,999,5,454,555,27,57,1009,84,481,612,1093
239318,7,999,5,16,30,52,32,46,84,68,62,130
239716,7,999,5,7,4,23,29,11,52,30,33,63
240107,7,999,5,120,333,75,322,453,397,195,655,850
240189,7,999,5,115,170,495,612,285,1107,610,782,1392
240268,7,999,5,8,52,282,253,60,535,290,305,595
240277,7,999,5,21,58,99,153,79,252,120,211,331
240329,7,999,5,40,78,167,283,118,450,207,361,568
240338,7,999,5,0,3,22,48,3,70,22,51,73
240365,7,999,5,42,150,259,472,192,731,301,622,923
240374,7,999,5,34,32,238,263,66,501,272,295,567
240417,7,999,5,33,66,229,482,99,711,262,548,810
240426,7,999,5,11,78,78,258,89,336,89,336,425
240444,7,999,5,3219,3280,797,979,6499,1776,4016,4259,8275
240453,7,999,5,698,929,540,969,1627,1509,1238,1898,3136
240462,7,999,5,9,41,204,131,50,335,213,172,385
240471,7,999,5,30,84,47,129,114,176,77,213,290
240480,7,999,5,25,32,99,290,57,389,124,322,446
240727,7,999,5,492,501,366,570,993,936,858,1071,1929
241191,7,999,5,10,24,2,4,34,6,12,28,40
241225,7,999,5,29,51,23,56,80,79,52,107,159
241331,7,999,5,173,850,29,161,1023,190,202,1011,1213
241377,7,999,5,16,51,24,82,67,106,40,133,173
241386,7,999,5,1,6,2,5,7,7,3,11,14
241395,7,999,5,27,112,38,137,139,175,65,249,314
241410,7,999,5,288,543,144,406,831,550,432,949,1381
241739,7,999,5,272,569,136,264,841,400,408,833,1241
241766,7,999,5,16,10,4,3,26,7,20,13,33
241836,7,999,5,4,13,1,10,17,11,5,23,28
242617,7,999,5,89,160,61,121,249,182,150,281,431
242626,7,999,5,47,98,12,6,145,18,59,104,163
242635,7,999,5,50,145,13,37,195,50,63,182,245
242644,7,999,5,18,25,11,11,43,22,29,36,65
242653,7,999,5,169,384,161,333,553,494,330,717,1047
242662,7,999,5,68,156,69,158,224,227,137,314,451
242680,7,999,5,32,46,4,7,78,11,36,53,89
242699,7,999,5,45,39,17,6,84,23,62,45,107
242705,7,999,5,4,2,5,12,6,17,9,14,23
242723,7,999,5,85,114,106,180,199,286,191,294,485
243203,7,999,5,363,689,20,55,1052,75,383,744,1127
243221,7,999,5,664,863,237,293,1527,530,901,1156,2057
243346,7,999,5,141,449,54,165,590,219,195,614,809
243443,7,999,5,22,47,99,215,69,314,121,262,383
243577,7,999,5,181,103,141,87,284,228,322,190,512
243586,7,999,5,10,22,4,26,32,30,14,48,62
243601,7,999,5,438,975,181,369,1413,550,619,1344,1963
243744,7,999,5,3592,2911,567,249,6503,816,4159,3160,7319
243780,7,999,5,2297,1517,2987,1978,3814,4965,5284,3495,8779
243832,7,999,5,30,31,15,10,61,25,45,41,86
246789,7,999,5,14,11,58,33,25,91,72,44,116
248934,7,999,5,163,160,0,0,323,0,163,160,323
262086,7,999,5,299,1007,603,1783,1306,2386,902,2790,3692
262129,7,999,5,12,4,0,0,16,0,12,4,16
363907,7,999,5,12,24,13,50,36,63,25,74,99
363916,7,999,5,0,7,2,8,7,10,2,15,17
366003,7,999,5,7,18,31,19,25,50,38,37,75
366252,7,999,5,0,5,0,0,5,0,0,5,5
366711,7,999,5,172,364,89,233,536,322,261,597,858
367954,7,999,5,1215,2482,88,280,3697,368,1303,2762,4065
385415,7,999,5,341,406,90,108,747,198,431,514,945
399911,7,999,5,4,1,0,0,5,0,4,1,5
404222,7,999,5,49,102,2,1,151,3,51,103,154
408844,7,999,5,32,113,19,63,145,82,51,176,227
409254,7,999,5,0,30,5,247,30,252,5,277,282
409698,7,999,5,96,308,82,163,404,245,178,471,649
414878,7,999,5,587,166,1326,472,753,1798,1913,638,2551
414966,7,999,5,10,12,52,56,22,108,62,68,130
416801,7,999,5,1,10,2,5,11,7,3,15,18
420042,7,999,5,0,1,0,0,1,0,0,1,1
420246,7,999,5,61,418,10,30,479,40,71,448,519
423643,7,999,5,1168,1425,26,52,2593,78,1194,1477,2671
426314,7,999,5,1238,404,864,311,1642,1175,2102,715,2817
433387,7,999,5,12096,29858,0,0,41954,0,12096,29858,41954
433420,7,999,5,1,2,0,0,3,0,1,2,3
433660,7,999,5,154,347,198,362,501,560,352,709,1061
435000,7,999,5,198,205,20,46,403,66,218,251,469
438586,7,999,5,9,32,18,33,41,51,27,65,92
440031,7,999,5,108,195,6,19,303,25,114,214,328
440828,7,999,5,31,78,13,46,109,59,44,124,168
441131,7,999,5,39,114,25,88,153,113,64,202,266
441690,7,999,5,1,0,5,6,1,11,6,6,12
441900,7,999,5,1,9,1,32,10,33,2,41,43
441937,7,999,5,31,54,92,134,85,226,123,188,311
442356,7,999,5,0,1,21,108,1,129,21,109,130
442930,7,999,5,3,7,1,2,10,3,4,9,13
443049,7,999,5,44,35,45,31,79,76,89,66,155
443058,7,999,5,26,36,57,58,62,115,83,94,177
444787,7,999,5,0,5,0,1,5,1,0,6,6
445027,7,999,5,1553,1875,77,175,3428,252,1630,2050,3680
445133,7,999,5,4,12,11,20,16,31,15,32,47
445188,7,999,5,344,274,4,0,618,4,348,274,622
445267,7,999,5,15,38,47,168,53,215,62,206,268
447698,7,999,5,12,70,10,33,82,43,22,103,125
448673,7,999,5,7,41,3,32,48,35,10,73,83
449481,7,999,5,6,37,0,0,43,0,6,37,43
449889,7,999,5,2220,7060,0,0,9280,0,2220,7060,9280
449922,7,999,5,29,37,0,2,66,2,29,39,68
450571,7,999,5,0,31,4,18,31,22,4,49,53
450933,7,999,5,2494,2029,0,0,4523,0,2494,2029,4523
451079,7,999,5,14,57,0,0,71,0,14,57,71
451510,7,999,5,105,110,19,18,215,37,124,128,252
454227,7,999,5,70,668,1299,12508,738,13807,1369,13176,14545
455406,7,999,5,234,280,0,1,514,1,234,281,515
456481,7,999,5,2,6,8,10,8,18,10,16,26
456542,7,999,5,168,194,21,50,362,71,189,244,433
457299,7,999,5,2,1,0,0,3,0,2,1,3
458210,7,999,5,199,885,53,232,1084,285,252,1117,1369
459736,7,999,5,313,528,44,65,841,109,357,593,950
459949,7,999,5,46,97,131,310,143,441,177,407,584
460349,7,999,5,8,44,168,314,52,482,176,358,534
461643,7,999,5,1,5,0,0,6,0,1,5,6
461883,7,999,5,24,27,2,3,51,5,26,30,56
474863,7,999,5,43,110,15,44,153,59,58,154,212
476975,7,999,5,80,91,1075,1719,171,2794,1155,1810,2965
477039,7,999,5,64,312,12,64,376,76,76,376,452
479956,7,999,5,176,153,2490,2071,329,4561,2666,2224,4890
480569,7,999,5,4,2,194,196,6,390,198,198,396
480657,7,999,5,2,12,1,6,14,7,3,18,21
480790,7,999,5,668,623,2,2,1291,4,670,625,1295
481535,7,999,5,18,20,0,0,38,0,18,20,38
482149,7,999,5,640,1167,157,497,1807,654,797,1664,2461
482158,7,999,5,85,114,83,83,199,166,168,197,365
482413,7,999,5,11,15,44,70,26,114,55,85,140
482422,7,999,5,1,1,4,7,2,11,5,8,13
482431,7,999,5,5,4,43,37,9,80,48,41,89
482459,7,999,5,2,0,5,6,2,11,7,6,13
482468,7,999,5,3,1,6,12,4,18,9,13,22
482477,7,999,5,174,227,1003,1522,401,2525,1177,1749,2926
482556,7,999,5,1,0,2,3,1,5,3,3,6
482565,7,999,5,1,0,2,1,1,3,3,1,4
482574,7,999,5,0,0,5,3,0,8,5,3,8
482635,7,999,5,0,2,10,10,2,20,10,12,22
482653,7,999,5,1,1,5,9,2,14,6,10,16
482680,7,999,5,40,87,129,301,127,430,169,388,557
482705,7,999,5,59,129,1324,2105,188,3429,1383,2234,3617
482936,7,999,5,13,5,9,4,18,13,22,9,31
483036,7,999,5,31,62,116,205,93,321,147,267,414
483124,7,999,5,952,2073,3589,6418,3025,10007,4541,8491,13032
483595,7,999,5,633,1727,205,525,2360,730,838,2252,3090
483975,7,999,5,281,277,6,1,558,7,287,278,565
484613,7,999,5,4602,13700,0,0,18302,0,4602,13700,18302
484631,7,999,5,52,143,0,0,195,0,52,143,195
484756,7,999,5,2,1,0,0,3,0,2,1,3
484905,7,999,5,70,94,119,205,164,324,189,299,488
485768,7,999,5,154,232,0,0,386,0,154,232,386
486840,7,999,5,416,542,1030,1389,958,2419,1446,1931,3377
487010,7,999,5,657,871,49,141,1528,190,706,1012,1718
487524,7,999,5,28,64,84,218,92,302,112,282,394
487995,7,999,5,6,30,18,40,36,58,24,70,94
488031,7,999,5,59,68,0,0,127,0,59,68,127
489335,7,999,5,1,3,29,12,4,41,30,15,45
489779,7,999,5,1772,3519,1245,4220,5291,5465,3017,7739,10756
489858,7,999,5,162,328,2,2,490,4,164,330,494
490230,7,999,5,16,9,0,0,25,0,16,9,25
490601,7,999,5,276,222,4,0,498,4,280,222,502
490753,7,999,5,7,25,0,0,32,0,7,25,32
490805,7,999,5,78,57,101,302,135,403,179,359,538
491808,7,999,5,32,132,6,22,164,28,38,154,192
492209,7,999,5,7,24,0,5,31,5,7,29,36
492689,7,999,5,178,196,1,1,374,2,179,197,376
493673,7,999,5,31,36,37,52,67,89,68,88,156
494010,7,999,5,30,58,1,2,88,3,31,60,91
494551,7,999,5,2,6,2,19,8,21,4,25,29
495314,7,999,5,137,112,0,0,249,0,137,112,249
496043,7,999,5,162,141,0,0,303,0,162,141,303
497107,7,999,5,0,0,17,86,0,103,17,86,103
497480,7,999,5,0,0,35,79,0,114,35,79,114
497790,7,999,5,0,4,0,0,4,0,0,4,4
498562,7,999,5,69,132,103,317,201,420,172,449,621
498571,7,999,5,160,540,502,1296,700,1798,662,1836,2498
100663,8,5,1,889,1303,596,1164,2192,1760,1485,2467,3952
100706,8,5,1,293,236,408,286,529,694,701,522,1223
100751,8,5,1,685,672,369,581,1357,950,1054,1253,2307
100760,8,5,1,5,21,9,36,26,45,14,57,71
100812,8,5,1,76,107,109,229,183,338,185,336,521
100830,8,5,1,241,195,169,218,436,387,410,413,823
100858,8,5,1,792,696,630,499,1488,1129,1422,1195,2617
100937,8,5,1,4,5,0,2,9,2,4,7,11
101143,8,5,1,30,35,24,50,65,74,54,85,139
101161,8,5,1,67,125,87,264,192,351,154,389,543
101189,8,5,1,104,220,33,63,324,96,137,283,420
101240,8,5,1,53,113,63,189,166,252,116,302,418
101286,8,5,1,27,94,58,228,121,286,85,322,407
101295,8,5,1,51,97,68,201,148,269,119,298,417
101301,8,5,1,5,29,5,52,34,57,10,81,91
101435,8,5,1,3,4,1,2,7,3,4,6,10
101453,8,5,1,6,0,20,1,6,21,26,1,27
101462,8,5,1,14,28,22,57,42,79,36,85,121
101480,8,5,1,167,192,126,209,359,335,293,401,694
101505,8,5,1,80,121,185,416,201,601,265,537,802
101514,8,5,1,86,94,232,365,180,597,318,459,777
101569,8,5,1,32,65,58,180,97,238,90,245,335
101587,8,5,1,204,735,50,98,939,148,254,833,1087
101648,8,5,1,1,0,0,0,1,0,1,0,1
101709,8,5,1,25,52,30,68,77,98,55,120,175
101736,8,5,1,18,33,44,105,51,149,62,138,200
101897,8,5,1,19,24,28,61,43,89,47,85,132
101912,8,5,1,37,31,6,5,68,11,43,36,79
101994,8,5,1,6,16,2,28,22,30,8,44,52
102030,8,5,1,40,80,38,169,120,207,78,249,327
102049,8,5,1,171,306,11,22,477,33,182,328,510
102067,8,5,1,34,48,51,149,82,200,85,197,282
102076,8,5,1,13,39,37,54,52,91,50,93,143
102094,8,5,1,401,1043,122,291,1444,413,523,1334,1857
102234,8,5,1,8,4,13,11,12,24,21,15,36
102313,8,5,1,35,65,33,109,100,142,68,174,242
102368,8,5,1,254,577,476,732,831,1208,730,1309,2039
102377,8,5,1,48,142,9,10,190,19,57,152,209
102395,8,5,1,6,3,24,7,9,31,30,10,40
102429,8,5,1,16,45,44,165,61,209,60,210,270
102553,8,5,1,236,279,347,543,515,890,583,822,1405
102614,8,5,1,160,174,205,409,334,614,365,583,948
102632,8,5,1,32,29,45,132,61,177,77,161,238
103741,8,5,1,1,23,1,23,24,24,2,46,48
104151,8,5,1,3627,2541,1061,906,6168,1967,4688,3447,8135
104160,8,5,1,70,57,182,370,127,552,252,427,679
104179,8,5,1,1753,1966,1312,1318,3719,2630,3065,3284,6349
104346,8,5,1,35,43,108,241,78,349,143,284,427
104391,8,5,1,0,11,0,0,11,0,0,11,11
104425,8,5,1,48,68,180,146,116,326,228,214,442
104443,8,5,1,3,7,0,0,10,0,3,7,10
104568,8,5,1,0,22,0,38,22,38,0,60,60
104577,8,5,1,54,34,48,132,88,180,102,166,268
104586,8,5,1,127,18,23,4,145,27,150,22,172
104708,8,5,1,143,111,430,708,254,1138,573,819,1392
104717,8,5,1,240,288,3753,11679,528,15432,3993,11967,15960
105145,8,5,1,54,110,185,411,164,596,239,521,760
105154,8,5,1,199,170,675,837,369,1512,874,1007,1881
105206,8,5,1,43,85,111,301,128,412,154,386,540
105297,8,5,1,23,71,28,102,94,130,51,173,224
105330,8,5,1,611,892,308,662,1503,970,919,1554,2473
105349,8,5,1,6,25,61,127,31,188,67,152,219
105428,8,5,1,119,138,300,651,257,951,419,789,1208
105525,8,5,1,137,189,706,1035,326,1741,843,1224,2067
105659,8,5,1,204,22,0,0,226,0,204,22,226
105668,8,5,1,70,89,452,733,159,1185,522,822,1344
105747,8,5,1,54,57,250,376,111,626,304,433,737
105792,8,5,1,15,36,86,177,51,263,101,213,314
106148,8,5,1,68,41,138,283,109,421,206,324,530
106245,8,5,1,284,391,188,419,675,607,472,810,1282
106263,8,5,1,281,479,48,181,760,229,329,660,989
106324,8,5,1,0,1,0,2,1,2,0,3,3
106397,8,5,1,444,370,609,659,814,1268,1053,1029,2082
106412,8,5,1,39,46,19,20,85,39,58,66,124
106449,8,5,1,36,63,34,75,99,109,70,138,208
106458,8,5,1,136,151,430,913,287,1343,566,1064,1630
106467,8,5,1,103,167,87,208,270,295,190,375,565
106546,8,5,1,9,100,2,12,109,14,11,112,123
106625,8,5,1,34,52,15,46,86,61,49,98,147
106713,8,5,1,16,8,2,1,24,3,18,9,27
106908,8,5,1,3,54,0,2,57,2,3,56,59
107080,8,5,1,3,0,0,0,3,0,3,0,3
107099,8,5,1,0,13,0,0,13,0,0,13,13
107141,8,5,1,12,39,36,81,51,117,48,120,168
107318,8,5,1,1,9,17,27,10,44,18,36,54
107512,8,5,1,2,11,4,5,13,9,6,16,22
107521,8,5,1,3,40,7,19,43,26,10,59,69
107558,8,5,1,6,4,0,0,10,0,6,4,10
107585,8,5,1,23,62,22,64,85,86,45,126,171
107600,8,5,1,29,23,2,3,52,5,31,26,57
107619,8,5,1,8,29,8,22,37,30,16,51,67
107664,8,5,1,72,174,109,252,246,361,181,426,607
107725,8,5,1,5,14,6,54,19,60,11,68,79
107743,8,5,1,6,14,3,15,20,18,9,29,38
107789,8,5,1,1,9,0,0,10,0,1,9,10
107974,8,5,1,15,47,11,60,62,71,26,107,133
107983,8,5,1,201,140,201,218,341,419,402,358,760
107992,8,5,1,12,22,9,24,34,33,21,46,67
108092,8,5,1,74,122,62,97,196,159,136,219,355
108232,8,5,1,370,424,343,553,794,896,713,977,1690
108667,8,5,1,52,35,244,432,87,676,296,467,763
108807,8,5,1,80,77,330,438,157,768,410,515,925
108852,8,5,1,8,20,0,0,28,0,8,20,28
109208,8,5,1,131,226,2186,1647,357,3833,2317,1873,4190
109350,8,5,1,111,143,438,681,254,1119,549,824,1373
109785,8,5,1,261,670,121,453,931,574,382,1123,1505
109819,8,5,1,225,358,864,1095,583,1959,1089,1453,2542
109907,8,5,1,45,140,98,181,185,279,143,321,464
109934,8,5,1,10,67,0,0,77,0,10,67,77
110097,8,5,1,125,153,145,151,278,296,270,304,574
110246,8,5,1,155,206,256,386,361,642,411,592,1003
110316,8,5,1,26,161,13,67,187,80,39,228,267
110334,8,5,1,33,70,339,507,103,846,372,577,949
110361,8,5,1,322,685,162,359,1007,521,484,1044,1528
110398,8,5,1,210,304,4,7,514,11,214,311,525
110404,8,5,1,492,270,0,0,762,0,492,270,762
110413,8,5,1,142,225,27,52,367,79,169,277,446
110422,8,5,1,248,170,85,47,418,132,333,217,550
110486,8,5,1,305,574,184,329,879,513,489,903,1392
110495,8,5,1,296,648,246,352,944,598,542,1000,1542
110510,8,5,1,742,1233,429,665,1975,1094,1171,1898,3069
110529,8,5,1,1231,1096,741,642,2327,1383,1972,1738,3710
110538,8,5,1,500,435,171,241,935,412,671,676,1347
110547,8,5,1,652,1109,453,760,1761,1213,1105,1869,2974
110556,8,5,1,685,1092,384,518,1777,902,1069,1610,2679
110565,8,5,1,1299,1469,1179,1473,2768,2652,2478,2942,5420
110574,8,5,1,744,1103,443,534,1847,977,1187,1637,2824
110583,8,5,1,1534,1908,995,1127,3442,2122,2529,3035,5564
110592,8,5,1,1096,1701,636,789,2797,1425,1732,2490,4222
110608,8,5,1,1494,1966,1102,1232,3460,2334,2596,3198,5794
110617,8,5,1,1183,1413,906,870,2596,1776,2089,2283,4372
110635,8,5,1,2668,2780,480,435,5448,915,3148,3215,6363
110644,8,5,1,1857,2298,136,173,4155,309,1993,2471,4464
110653,8,5,1,1755,1713,128,116,3468,244,1883,1829,3712
110662,8,5,1,2956,3004,349,194,5960,543,3305,3198,6503
110671,8,5,1,1321,1075,130,92,2396,222,1451,1167,2618
110680,8,5,1,2344,1816,239,126,4160,365,2583,1942,4525
110699,8,5,1,570,863,0,0,1433,0,570,863,1433
110705,8,5,1,920,735,70,66,1655,136,990,801,1791
110714,8,5,1,633,602,56,43,1235,99,689,645,1334
110918,8,5,1,1,0,1,0,1,1,2,0,2
111188,8,5,1,39,9,8,5,48,13,47,14,61
111434,8,5,1,21,40,192,342,61,534,213,382,595
111461,8,5,1,152,108,850,702,260,1552,1002,810,1812
111513,8,5,1,0,40,1,10,40,11,1,50,51
111887,8,5,1,351,487,961,952,838,1913,1312,1439,2751
111896,8,5,1,33,39,188,270,72,458,221,309,530
111920,8,5,1,73,107,661,602,180,1263,734,709,1443
111939,8,5,1,227,355,705,1239,582,1944,932,1594,2526
111948,8,5,1,314,406,82,118,720,200,396,524,920
112075,8,5,1,128,294,63,65,422,128,191,359,550
112084,8,5,1,8,4,7,9,12,16,15,13,28
112172,8,5,1,135,196,363,570,331,933,498,766,1264
112251,8,5,1,82,146,62,128,228,190,144,274,418
112260,8,5,1,1,3,0,0,4,0,1,3,4
112367,8,5,1,2,6,5,29,8,34,7,35,42
112385,8,5,1,39,58,518,528,97,1046,557,586,1143
112561,8,5,1,24,33,53,89,57,142,77,122,199
112686,8,5,1,25,67,107,274,92,381,132,341,473
112826,8,5,1,31,73,166,377,104,543,197,450,647
113096,8,5,1,82,88,525,817,170,1342,607,905,1512
113111,8,5,1,82,79,206,267,161,473,288,346,634
113193,8,5,1,72,74,262,346,146,608,334,420,754
113236,8,5,1,176,202,549,821,378,1370,725,1023,1748
113333,8,5,1,281,232,568,598,513,1166,849,830,1679
113537,8,5,1,0,2,0,0,2,0,0,2,2
113573,8,5,1,107,181,303,551,288,854,410,732,1142
113582,8,5,1,2,14,0,8,16,8,2,22,24
113634,8,5,1,168,193,644,687,361,1331,812,880,1692
113698,8,5,1,53,168,16,31,221,47,69,199,268
113704,8,5,1,11,1,4,1,12,5,15,2,17
113856,8,5,1,207,289,1204,1704,496,2908,1411,1993,3404
113980,8,5,1,212,234,750,1062,446,1812,962,1296,2258
114123,8,5,1,10,14,0,1,24,1,10,15,25
114266,8,5,1,48,72,315,457,120,772,363,529,892
114354,8,5,1,32,98,11,53,130,64,43,151,194
114433,8,5,1,4,8,75,41,12,116,79,49,128
114549,8,5,1,10,57,1,17,67,18,11,74,85
114716,8,5,1,189,246,930,575,435,1505,1119,821,1940
114734,8,5,1,5,0,1,2,5,3,6,2,8
114761,8,5,1,2,11,0,0,13,0,2,11,13
114789,8,5,1,214,331,1000,1338,545,2338,1214,1669,2883
114813,8,5,1,43,166,65,282,209,347,108,448,556
114859,8,5,1,221,215,805,966,436,1771,1026,1181,2207
114938,8,5,1,57,43,177,204,100,381,234,247,481
114947,8,5,1,14,23,0,0,37,0,14,23,37
115001,8,5,1,184,230,265,348,414,613,449,578,1027
115083,8,5,1,251,212,63,82,463,145,314,294,608
115126,8,5,1,86,93,438,589,179,1027,524,682,1206
115393,8,5,1,52,90,260,343,142,603,312,433,745
115755,8,5,1,287,371,95,105,658,200,382,476,858
115861,8,5,1,99,149,207,270,248,477,306,419,725
116439,8,5,1,69,50,330,326,119,656,399,376,775
116563,8,5,1,2,54,0,0,56,0,2,54,56
116846,8,5,1,3,5,0,3,8,3,3,8,11
117052,8,5,1,42,36,151,298,78,449,193,334,527
117104,8,5,1,23,19,6,6,42,12,29,25,54
117195,8,5,1,38,30,145,88,68,233,183,118,301
117247,8,5,1,103,123,392,646,226,1038,495,769,1264
117274,8,5,1,9,12,142,40,21,182,151,52,203
117645,8,5,1,340,442,1017,1455,782,2472,1357,1897,3254
117672,8,5,1,19,98,85,273,117,358,104,371,475
117690,8,5,1,37,59,293,548,96,841,330,607,937
117706,8,5,1,103,99,593,892,202,1485,696,991,1687
117715,8,5,1,25,46,150,456,71,606,175,502,677
117724,8,5,1,159,117,635,604,276,1239,794,721,1515
117733,8,5,1,96,104,648,1002,200,1650,744,1106,1850
117788,8,5,1,158,201,638,946,359,1584,796,1147,1943
117803,8,5,1,0,0,13,31,0,44,13,31,44
117867,8,5,1,32,74,366,644,106,1010,398,718,1116
117894,8,5,1,54,68,213,367,122,580,267,435,702
117946,8,5,1,369,530,80,128,899,208,449,658,1107
118347,8,5,1,29,41,120,221,70,341,149,262,411
118684,8,5,1,21,54,66,197,75,263,87,251,338
118718,8,5,1,109,200,257,434,309,691,366,634,1000
118772,8,5,1,78,98,219,491,176,710,297,589,886
118930,8,5,1,77,71,288,344,148,632,365,415,780
118976,8,5,1,300,501,363,794,801,1157,663,1295,1958
119058,8,5,1,61,152,17,28,213,45,78,180,258
119067,8,5,1,111,104,221,365,215,586,332,469,801
119137,8,5,1,90,107,380,572,197,952,470,679,1149
119164,8,5,1,432,371,1162,1535,803,2697,1594,1906,3500
119216,8,5,1,156,285,409,834,441,1243,565,1119,1684
119331,8,5,1,42,56,108,204,98,312,150,260,410
120166,8,5,1,22,36,1,1,58,2,23,37,60
120184,8,5,1,3,15,11,21,18,32,14,36,50
120254,8,5,1,4,4,1,0,8,1,5,4,9
120290,8,5,1,92,86,275,297,178,572,367,383,750
120342,8,5,1,251,175,724,758,426,1482,975,933,1908
120403,8,5,1,37,63,1,5,100,6,38,68,106
120421,8,5,1,58,61,243,372,119,615,301,433,734
120865,8,5,1,23,43,3,18,66,21,26,61,87
120883,8,5,1,335,503,66,107,838,173,401,610,1011
120953,8,5,1,39,15,319,44,54,363,358,59,417
120971,8,5,1,251,160,996,788,411,1784,1247,948,2195
121044,8,5,1,233,315,850,1235,548,2085,1083,1550,2633
121150,8,5,1,313,500,247,873,813,1120,560,1373,1933
121275,8,5,1,14,1,0,0,15,0,14,1,15
121309,8,5,1,89,149,82,217,238,299,171,366,537
121363,8,5,1,34,53,85,193,87,278,119,246,365
121619,8,5,1,173,205,1503,1342,378,2845,1676,1547,3223
121628,8,5,1,26,8,0,0,34,0,26,8,34
121707,8,5,1,56,58,195,199,114,394,251,257,508
121886,8,5,1,146,131,1199,771,277,1970,1345,902,2247
121901,8,5,1,146,159,706,1163,305,1869,852,1322,2174
122180,8,5,1,149,210,798,1291,359,2089,947,1501,2448
122205,8,5,1,138,137,554,877,275,1431,692,1014,1706
122296,8,5,1,131,450,27,105,581,132,158,555,713
122339,8,5,1,103,80,765,835,183,1600,868,915,1783
122375,8,5,1,179,137,925,1216,316,2141,1104,1353,2457
122384,8,5,1,160,62,819,791,222,1610,979,853,1832
122409,8,5,1,1131,1376,693,745,2507,1438,1824,2121,3945
122436,8,5,1,317,338,152,209,655,361,469,547,1016
122597,8,5,1,1166,1223,632,678,2389,1310,1798,1901,3699
122612,8,5,1,294,505,216,423,799,639,510,928,1438
122658,8,5,1,210,296,285,660,506,945,495,956,1451
122728,8,5,1,78,80,35,50,158,85,113,130,243
122746,8,5,1,89,108,324,524,197,848,413,632,1045
122755,8,5,1,1648,1802,1189,1439,3450,2628,2837,3241,6078
122791,8,5,1,52,50,229,319,102,548,281,369,650
122889,8,5,1,119,126,303,442,245,745,422,568,990
122931,8,5,1,380,396,130,183,776,313,510,579,1089
122977,8,5,1,340,393,870,1204,733,2074,1210,1597,2807
123013,8,5,1,165,152,673,904,317,1577,838,1056,1894
123165,8,5,1,3,8,0,2,11,2,3,10,13
123217,8,5,1,121,180,366,605,301,971,487,785,1272
123341,8,5,1,152,172,433,648,324,1081,585,820,1405
123457,8,5,1,19,62,9,11,81,20,28,73,101
123484,8,5,1,13,24,43,41,37,84,56,65,121
123509,8,5,1,57,57,255,413,114,668,312,470,782
123563,8,5,1,52,111,320,464,163,784,372,575,947
123572,8,5,1,158,233,113,146,391,259,271,379,650
123800,8,5,1,233,278,554,740,511,1294,787,1018,1805
123916,8,5,1,1,2,1,1,3,2,2,3,5
123952,8,5,1,80,57,6,2,137,8,86,59,145
123961,8,5,1,3723,4237,852,943,7960,1795,4575,5180,9755
124113,8,5,1,21,54,293,237,75,530,314,291,605
124283,8,5,1,4,5,1,1,9,2,5,6,11
124487,8,5,1,0,0,5,0,0,5,5,0,5
125028,8,5,1,78,93,394,593,171,987,472,686,1158
125231,8,5,1,405,2806,424,2505,3211,2929,829,5311,6140
125462,8,5,1,9,17,91,121,26,212,100,138,238
125471,8,5,1,105,134,421,670,239,1091,526,804,1330
125499,8,5,1,33,35,180,273,68,453,213,308,521
125763,8,5,1,17,14,5,16,31,21,22,30,52
125897,8,5,1,66,42,13,11,108,24,79,53,132
126012,8,5,1,35,157,0,0,192,0,35,157,192
126119,8,5,1,32,64,144,327,96,471,176,391,567
126182,8,5,1,54,138,63,97,192,160,117,235,352
126207,8,5,1,105,74,121,195,179,316,226,269,495
126289,8,5,1,92,137,207,392,229,599,299,529,828
126562,8,5,1,1077,1397,786,1372,2474,2158,1863,2769,4632
126580,8,5,1,365,384,315,362,749,677,680,746,1426
126614,8,5,1,1066,637,1710,1004,1703,2714,2776,1641,4417
126711,8,5,1,62,80,106,244,142,350,168,324,492
126748,8,5,1,13,30,9,36,43,45,22,66,88
126775,8,5,1,356,170,118,39,526,157,474,209,683
126818,8,5,1,929,1114,819,975,2043,1794,1748,2089,3837
126827,8,5,1,985,1961,470,950,2946,1420,1455,2911,4366
126863,8,5,1,76,47,126,264,123,390,202,311,513
126915,8,5,1,7,10,1,11,17,12,8,21,29
126942,8,5,1,104,165,214,421,269,635,318,586,904
126951,8,5,1,130,17,0,0,147,0,130,17,147
127185,8,5,1,83,76,27,47,159,74,110,123,233
127200,8,5,1,233,227,473,795,460,1268,706,1022,1728
127316,8,5,1,3,8,7,41,11,48,10,49,59
127389,8,5,1,4,6,4,7,10,11,8,13,21
127556,8,5,1,199,221,99,119,420,218,298,340,638
127565,8,5,1,673,837,592,809,1510,1401,1265,1646,2911
127617,8,5,1,5,27,12,44,32,56,17,71,88
127653,8,5,1,44,139,25,69,183,94,69,208,277
127714,8,5,1,0,0,21,18,0,39,21,18,39
127732,8,5,1,7,15,5,37,22,42,12,52,64
127741,8,5,1,153,289,143,462,442,605,296,751,1047
127778,8,5,1,12,10,8,22,22,30,20,32,52
127820,8,5,1,282,315,385,721,597,1106,667,1036,1703
127884,8,5,1,73,158,119,283,231,402,192,441,633
127909,8,5,1,162,156,221,284,318,505,383,440,823
127918,8,5,1,202,424,88,178,626,266,290,602,892
128106,8,5,1,103,188,103,197,291,300,206,385,591
128258,8,5,1,27,19,20,64,46,84,47,83,130
128337,8,5,1,0,11,0,5,11,5,0,16,16
128498,8,5,1,19,65,13,37,84,50,32,102,134
128577,8,5,1,14,9,22,59,23,81,36,68,104
128744,8,5,1,291,324,59,172,615,231,350,496,846
128771,8,5,1,266,233,325,351,499,676,591,584,1175
128780,8,5,1,24,85,48,134,109,182,72,219,291
128902,8,5,1,0,3,0,0,3,0,0,3,3
129020,8,5,1,1182,1195,399,424,2377,823,1581,1619,3200
129154,8,5,1,26,66,62,579,92,641,88,645,733
129181,8,5,1,29,1,9,3,30,12,38,4,42
129215,8,5,1,41,49,31,32,90,63,72,81,153
129242,8,5,1,51,86,49,122,137,171,100,208,308
129349,8,5,1,1,24,0,10,25,10,1,34,35
129367,8,5,1,17,44,76,260,61,336,93,304,397
129428,8,5,1,0,0,25,12,0,37,25,12,37
129491,8,5,1,2,3,1,2,5,3,3,5,8
129525,8,5,1,88,138,124,203,226,327,212,341,553
129543,8,5,1,39,56,92,210,95,302,131,266,397
129695,8,5,1,46,61,143,234,107,377,189,295,484
129729,8,5,1,32,53,152,314,85,466,184,367,551
129756,8,5,1,23,20,64,124,43,188,87,144,231
129774,8,5,1,11,8,1,0,19,1,12,8,20
129808,8,5,1,24,23,87,213,47,300,111,236,347
129923,8,5,1,5,30,19,11,35,30,24,41,65
129941,8,5,1,589,422,170,156,1011,326,759,578,1337
130004,8,5,1,39,64,131,249,103,380,170,313,483
130040,8,5,1,4,13,23,70,17,93,27,83,110
130183,8,5,1,250,1071,433,1290,1321,1723,683,2361,3044
130217,8,5,1,5,16,28,61,21,89,33,77,110
130226,8,5,1,268,365,73,162,633,235,341,527,868
130253,8,5,1,378,361,114,358,739,472,492,719,1211
130314,8,5,1,50,170,29,140,220,169,79,310,389
130396,8,5,1,63,56,173,417,119,590,236,473,709
130590,8,5,1,3,3,5,2,6,7,8,5,13
130606,8,5,1,23,43,105,166,66,271,128,209,337
130624,8,5,1,3,0,0,0,3,0,3,0,3
130697,8,5,1,39,19,8,9,58,17,47,28,75
130776,8,5,1,96,82,78,132,178,210,174,214,388
130794,8,5,1,1797,2009,30,23,3806,53,1827,2032,3859
130934,8,5,1,88,175,22,28,263,50,110,203,313
130943,8,5,1,765,679,128,135,1444,263,893,814,1707
130989,8,5,1,28,29,52,61,57,113,80,90,170
131113,8,5,1,501,541,702,1301,1042,2003,1203,1842,3045
131399,8,5,1,112,189,95,237,301,332,207,426,633
131450,8,5,1,66,113,13,33,179,46,79,146,225
131469,8,5,1,1350,1890,784,1665,3240,2449,2134,3555,5689
131496,8,5,1,1551,1801,741,1054,3352,1795,2292,2855,5147
131520,8,5,1,364,672,46,108,1036,154,410,780,1190
132471,8,5,1,352,704,109,281,1056,390,461,985,1446
132693,8,5,1,217,213,395,660,430,1055,612,873,1485
132709,8,5,1,336,453,905,1669,789,2574,1241,2122,3363
132842,8,5,1,26,163,9,89,189,98,35,252,287
132851,8,5,1,70,91,109,241,161,350,179,332,511
132879,8,5,1,3,0,1,0,3,1,4,0,4
132903,8,5,1,1750,1789,2138,2700,3539,4838,3888,4489,8377
133021,8,5,1,14,29,19,44,43,63,33,73,106
133386,8,5,1,218,232,278,596,450,874,496,828,1324
133492,8,5,1,3,6,1,0,9,1,4,6,10
133508,8,5,1,113,178,325,677,291,1002,438,855,1293
133553,8,5,1,418,70,88,14,488,102,506,84,590
133650,8,5,1,252,427,79,108,679,187,331,535,866
133702,8,5,1,307,489,714,1515,796,2229,1021,2004,3025
133711,8,5,1,29,36,8,10,65,18,37,46,83
133809,8,5,1,2,0,1,1,2,2,3,1,4
133872,8,5,1,59,126,36,140,185,176,95,266,361
133881,8,5,1,218,200,307,978,418,1285,525,1178,1703
133960,8,5,1,29,19,36,62,48,98,65,81,146
134097,8,5,1,1194,1376,527,947,2570,1474,1721,2323,4044
134130,8,5,1,2538,2742,977,1743,5280,2720,3515,4485,8000
134343,8,5,1,55,108,104,211,163,315,159,319,478
134495,8,5,1,472,412,491,953,884,1444,963,1365,2328
134608,8,5,1,158,172,355,678,330,1033,513,850,1363
135160,8,5,1,26,67,60,152,93,212,86,219,305
135188,8,5,1,29,41,69,174,70,243,98,215,313
135391,8,5,1,100,132,219,446,232,665,319,578,897
135407,8,5,1,81,50,3,1,131,4,84,51,135
135610,8,5,1,7,4,4,5,11,9,11,9,20
135717,8,5,1,540,778,1390,2090,1318,3480,1930,2868,4798
135726,8,5,1,1032,1305,98,196,2337,294,1130,1501,2631
136109,8,5,1,0,13,0,8,13,8,0,21,21
136145,8,5,1,3,27,12,63,30,75,15,90,105
136172,8,5,1,259,347,305,410,606,715,564,757,1321
136233,8,5,1,65,110,117,230,175,347,182,340,522
136330,8,5,1,81,169,27,54,250,81,108,223,331
136358,8,5,1,320,335,657,1372,655,2029,977,1707,2684
136400,8,5,1,92,102,183,320,194,503,275,422,697
136473,8,5,1,106,191,191,428,297,619,297,619,916
136516,8,5,1,90,148,192,434,238,626,282,582,864
136659,8,5,1,9,8,16,1,17,17,25,9,34
136701,8,5,1,39,0,13,0,39,13,52,0,52
136950,8,5,1,42,58,27,42,100,69,69,100,169
137078,8,5,1,390,479,799,1607,869,2406,1189,2086,3275
137096,8,5,1,208,155,379,509,363,888,587,664,1251
137209,8,5,1,191,188,525,830,379,1355,716,1018,1734
137281,8,5,1,45,54,106,193,99,299,151,247,398
137351,8,5,1,1784,2002,1208,1779,3786,2987,2992,3781,6773
137546,8,5,1,158,167,34,57,325,91,192,224,416
137564,8,5,1,55,170,105,116,225,221,160,286,446
137591,8,5,1,11,40,1,11,51,12,12,51,63
137759,8,5,1,97,136,187,360,233,547,284,496,780
138187,8,5,1,500,570,1361,2143,1070,3504,1861,2713,4574
138275,8,5,1,6,14,17,10,20,27,23,24,47
138309,8,5,1,172,935,120,773,1107,893,292,1708,2000
138354,8,5,1,254,446,476,915,700,1391,730,1361,2091
138558,8,5,1,29,27,25,65,56,90,54,92,146
138600,8,5,1,9,36,2,7,45,9,11,43,54
138682,8,5,1,46,120,66,197,166,263,112,317,429
138716,8,5,1,50,179,40,201,229,241,90,380,470
138761,8,5,1,4,3,2,11,7,13,6,14,20
138840,8,5,1,78,112,95,306,190,401,173,418,591
138929,8,5,1,38,56,13,29,94,42,51,85,136
138938,8,5,1,5,59,5,42,64,47,10,101,111
138947,8,5,1,49,106,14,26,155,40,63,132,195
138956,8,5,1,65,128,132,223,193,355,197,351,548
139144,8,5,1,1,10,4,8,11,12,5,18,23
139199,8,5,1,76,314,23,187,390,210,99,501,600
139205,8,5,1,7,6,14,0,13,14,21,6,27
139250,8,5,1,48,88,38,112,136,150,86,200,286
139278,8,5,1,77,120,123,392,197,515,200,512,712
139311,8,5,1,110,294,98,283,404,381,208,577,785
139357,8,5,1,33,112,73,279,145,352,106,391,497
139366,8,5,1,168,233,165,282,401,447,333,515,848
139384,8,5,1,73,156,128,353,229,481,201,509,710
139393,8,5,1,4,7,0,3,11,3,4,10,14
139463,8,5,1,65,106,83,146,171,229,148,252,400
139506,8,5,1,6,3,0,0,9,0,6,3,9
139621,8,5,1,14,13,9,19,27,28,23,32,55
139658,8,5,1,972,1743,258,355,2715,613,1230,2098,3328
139700,8,5,1,78,132,116,261,210,377,194,393,587
139719,8,5,1,27,57,17,31,84,48,44,88,132
139755,8,5,1,2164,1045,5272,1975,3209,7247,7436,3020,10456
139764,8,5,1,44,101,45,109,145,154,89,210,299
139861,8,5,1,36,39,62,149,75,211,98,188,286
139931,8,5,1,410,631,343,701,1041,1044,753,1332,2085
139940,8,5,1,1224,1831,695,1065,3055,1760,1919,2896,4815
139959,8,5,1,1235,1556,290,441,2791,731,1525,1997,3522
139986,8,5,1,40,137,83,314,177,397,123,451,574
140012,8,5,1,125,138,324,570,263,894,449,708,1157
140146,8,5,1,4,4,4,1,8,5,8,5,13
140234,8,5,1,5,16,0,3,21,3,5,19,24
140243,8,5,1,46,86,153,264,132,417,199,350,549
140252,8,5,1,358,348,62,77,706,139,420,425,845
140331,8,5,1,130,152,276,440,282,716,406,592,998
140447,8,5,1,431,886,107,341,1317,448,538,1227,1765
140562,8,5,1,144,247,7,11,391,18,151,258,409
140678,8,5,1,26,39,41,83,65,124,67,122,189
140696,8,5,1,7,17,4,3,24,7,11,20,31
140720,8,5,1,6,9,0,1,15,1,6,10,16
140818,8,5,1,19,87,21,77,106,98,40,164,204
140942,8,5,1,86,120,100,288,206,388,186,408,594
140951,8,5,1,452,778,174,356,1230,530,626,1134,1760
140960,8,5,1,44,70,33,53,114,86,77,123,200
140988,8,5,1,22,33,5,13,55,18,27,46,73
141006,8,5,1,27,52,33,68,79,101,60,120,180
141060,8,5,1,0,14,33,94,14,127,33,108,141
141255,8,5,1,26,109,66,186,135,252,92,295,387
141264,8,5,1,139,296,174,412,435,586,313,708,1021
141334,8,5,1,191,257,219,519,448,738,410,776,1186
141565,8,5,1,77,118,34,81,195,115,111,199,310
141574,8,5,1,615,774,456,594,1389,1050,1071,1368,2439
141644,8,5,1,145,208,57,79,353,136,202,287,489
141680,8,5,1,63,25,163,177,88,340,226,202,428
141796,8,5,1,84,111,177,421,195,598,261,532,793
141802,8,5,1,2,6,20,54,8,74,22,60,82
141811,8,5,1,78,77,178,306,155,484,256,383,639
141839,8,5,1,19,33,53,133,52,186,72,166,238
141981,8,5,1,64,122,77,130,186,207,141,252,393
141990,8,5,1,15,25,61,121,40,182,76,146,222
142115,8,5,1,510,531,446,667,1041,1113,956,1198,2154
142179,8,5,1,38,36,40,71,74,111,78,107,185
142276,8,5,1,504,548,207,293,1052,500,711,841,1552
142285,8,5,1,470,324,171,162,794,333,641,486,1127
142407,8,5,1,1,7,0,0,8,0,1,7,8
142443,8,5,1,55,74,69,190,129,259,124,264,388
142461,8,5,1,16,57,26,63,73,89,42,120,162
142522,8,5,1,1122,522,2595,1808,1644,4403,3717,2330,6047
142559,8,5,1,55,55,77,223,110,300,132,278,410
142832,8,5,1,77,331,28,170,408,198,105,501,606
142887,8,5,1,1,3,2,1,4,3,3,4,7
143118,8,5,1,96,300,54,244,396,298,150,544,694
143215,8,5,1,93,121,211,346,214,557,304,467,771
143279,8,5,1,29,39,55,154,68,209,84,193,277
143288,8,5,1,9,12,0,0,21,0,9,12,21
143358,8,5,1,90,65,50,188,155,238,140,253,393
143376,8,5,1,2,16,0,16,18,16,2,32,34
143613,8,5,1,17,42,15,60,59,75,32,102,134
143853,8,5,1,503,843,6,14,1346,20,509,857,1366
144050,8,5,1,2163,1912,429,278,4075,707,2592,2190,4782
144157,8,5,1,41,57,42,90,98,132,83,147,230
144166,8,5,1,76,240,157,635,316,792,233,875,1108
144175,8,5,1,36,51,46,77,87,123,82,128,210
144184,8,5,1,63,101,250,356,164,606,313,457,770
144193,8,5,1,111,39,139,202,150,341,250,241,491
144209,8,5,1,78,113,156,287,191,443,234,400,634
144218,8,5,1,76,80,291,440,156,731,367,520,887
144351,8,5,1,45,71,234,484,116,718,279,555,834
144564,8,5,1,14,47,33,61,61,94,47,108,155
144740,8,5,1,1124,1228,401,443,2352,844,1525,1671,3196
144865,8,5,1,180,188,616,926,368,1542,796,1114,1910
144883,8,5,1,22,16,0,0,38,0,22,16,38
144892,8,5,1,233,168,149,236,401,385,382,404,786
144944,8,5,1,66,78,299,438,144,737,365,516,881
144962,8,5,1,62,128,50,84,190,134,112,212,324
144971,8,5,1,2,5,1,7,7,8,3,12,15
145099,8,5,1,3,40,0,0,43,0,3,40,43
145336,8,5,1,299,323,127,272,622,399,426,595,1021
145372,8,5,1,12,22,15,20,34,35,27,42,69
145521,8,5,1,3,19,14,28,22,42,17,47,64
145558,8,5,1,442,583,6,10,1025,16,448,593,1041
145600,8,5,1,1943,2275,587,821,4218,1408,2530,3096,5626
145619,8,5,1,73,97,88,211,170,299,161,308,469
145637,8,5,1,2707,2154,1162,1056,4861,2218,3869,3210,7079
145682,8,5,1,49,58,124,341,107,465,173,399,572
145691,8,5,1,4,11,1,2,15,3,5,13,18
145707,8,5,1,6,14,5,19,20,24,11,33,44
145813,8,5,1,345,349,145,296,694,441,490,645,1135
145831,8,5,1,21,18,65,76,39,141,86,94,180
145886,8,5,1,1,10,0,0,11,0,1,10,11
146205,8,5,1,40,61,50,87,101,137,90,148,238
146278,8,5,1,13,25,31,71,38,102,44,96,140
146296,8,5,1,63,92,261,382,155,643,324,474,798
146339,8,5,1,40,42,7,10,82,17,47,52,99
146348,8,5,1,16,39,42,126,55,168,58,165,223
146366,8,5,1,22,62,34,102,84,136,56,164,220
146418,8,5,1,11,36,39,119,47,158,50,155,205
146427,8,5,1,7,1,1,2,8,3,8,3,11
146472,8,5,1,120,110,387,593,230,980,507,703,1210
146481,8,5,1,12,15,3,4,27,7,15,19,34
146490,8,5,1,0,0,4,14,0,18,4,14,18
146506,8,5,1,34,77,41,85,111,126,75,162,237
146533,8,5,1,6,18,1,9,24,10,7,27,34
146603,8,5,1,21,38,53,110,59,163,74,148,222
146612,8,5,1,463,214,171,292,677,463,634,506,1140
146685,8,5,1,43,73,98,244,116,342,141,317,458
146700,8,5,1,121,68,0,0,189,0,121,68,189
146719,8,5,1,620,1156,103,258,1776,361,723,1414,2137
147004,8,5,1,39,50,148,221,89,369,187,271,458
147013,8,5,1,22,32,12,34,54,46,34,66,100
147129,8,5,1,6,59,5,56,65,61,11,115,126
147244,8,5,1,18,33,2,13,51,15,20,46,66
147369,8,5,1,110,67,93,42,177,135,203,109,312
147378,8,5,1,74,96,236,321,170,557,310,417,727
147411,8,5,1,14,29,105,168,43,273,119,197,316
147536,8,5,1,138,483,77,487,621,564,215,970,1185
147590,8,5,1,95,122,4,8,217,12,99,130,229
147660,8,5,1,48,59,11,8,107,19,59,67,126
147679,8,5,1,43,69,50,98,112,148,93,167,260
147776,8,5,1,201,315,270,439,516,709,471,754,1225
147800,8,5,1,54,43,328,456,97,784,382,499,881
147828,8,5,1,13,23,45,135,36,180,58,158,216
147916,8,5,1,57,75,130,231,132,361,187,306,493
148007,8,5,1,22,48,84,152,70,236,106,200,306
148131,8,5,1,11,12,10,13,23,23,21,25,46
148256,8,5,1,26,34,19,34,60,53,45,68,113
148292,8,5,1,11,29,51,115,40,166,62,144,206
148380,8,5,1,79,57,183,253,136,436,262,310,572
148487,8,5,1,142,281,69,206,423,275,211,487,698
148511,8,5,1,299,593,46,330,892,376,345,923,1268
148575,8,5,1,8,18,7,32,26,39,15,50,65
148627,8,5,1,33,73,49,92,106,141,82,165,247
148654,8,5,1,196,185,196,169,381,365,392,354,746
148672,8,5,1,11,18,26,50,29,76,37,68,105
148821,8,5,1,10,21,22,35,31,57,32,56,88
148876,8,5,1,17,58,10,28,75,38,27,86,113
148937,8,5,1,5,22,15,26,27,41,20,48,68
148991,8,5,1,6,14,23,38,20,61,29,52,81
149222,8,5,1,553,511,221,187,1064,408,774,698,1472
149231,8,5,1,370,340,309,463,710,772,679,803,1482
149310,8,5,1,29,15,0,0,44,0,29,15,44
149365,8,5,1,10,38,47,169,48,216,57,207,264
149532,8,5,1,51,84,398,438,135,836,449,522,971
149727,8,5,1,39,50,200,304,89,504,239,354,593
149772,8,5,1,295,283,142,220,578,362,437,503,940
149781,8,5,1,20,39,36,67,59,103,56,106,162
149842,8,5,1,104,126,338,603,230,941,442,729,1171
150136,8,5,1,193,315,330,1171,508,1501,523,1486,2009
150163,8,5,1,38,65,68,93,103,161,106,158,264
150172,8,5,1,14,10,20,14,24,34,34,24,58
150215,8,5,1,3,6,3,1,9,4,6,7,13
150534,8,5,1,42,53,8,11,95,19,50,64,114
150604,8,5,1,13,26,2,1,39,3,15,27,42
150668,8,5,1,14,14,1,14,28,15,15,28,43
150677,8,5,1,13,20,26,25,33,51,39,45,84
150765,8,5,1,1,17,0,0,18,0,1,17,18
150941,8,5,1,14,28,13,37,42,50,27,65,92
150987,8,5,1,574,1257,3220,3834,1831,7054,3794,5091,8885
151111,8,5,1,1161,1473,607,991,2634,1598,1768,2464,4232
151263,8,5,1,56,139,58,154,195,212,114,293,407
151290,8,5,1,115,61,47,28,176,75,162,89,251
151306,8,5,1,90,148,175,294,238,469,265,442,707
151324,8,5,1,195,230,166,225,425,391,361,455,816
151333,8,5,1,36,83,37,53,119,90,73,136,209
151342,8,5,1,75,142,76,159,217,235,151,301,452
151351,8,5,1,1368,1298,655,568,2666,1223,2023,1866,3889
151360,8,5,1,35,148,50,143,183,193,85,291,376
151379,8,5,1,62,95,113,152,157,265,175,247,422
151388,8,5,1,56,103,83,162,159,245,139,265,404
151661,8,5,1,71,23,0,0,94,0,71,23,94
151777,8,5,1,39,60,7,15,99,22,46,75,121
151962,8,5,1,14,45,5,8,59,13,19,53,72
152080,8,5,1,895,647,27,33,1542,60,922,680,1602
152318,8,5,1,7,0,2,0,7,2,9,0,9
152336,8,5,1,17,64,16,67,81,83,33,131,164
152390,8,5,1,0,13,0,19,13,19,0,32,32
152451,8,5,1,41,0,4,0,41,4,45,0,45
152567,8,5,1,33,51,3,5,84,8,36,56,92
152600,8,5,1,79,70,31,18,149,49,110,88,198
152637,8,5,1,85,127,90,88,212,178,175,215,390
152798,8,5,1,16,61,4,14,77,18,20,75,95
152992,8,5,1,28,19,7,29,47,36,35,48,83
153001,8,5,1,14,81,30,138,95,168,44,219,263
153083,8,5,1,1,19,0,0,20,0,1,19,20
153108,8,5,1,0,0,1,1,0,2,1,1,2
153126,8,5,1,19,16,11,13,35,24,30,29,59
153144,8,5,1,5,3,1,0,8,1,6,3,9
153162,8,5,1,3,1,0,0,4,0,3,1,4
153214,8,5,1,173,204,326,601,377,927,499,805,1304
153241,8,5,1,12,2,1,0,14,1,13,2,15
153250,8,5,1,8,9,23,35,17,58,31,44,75
153269,8,5,1,88,114,83,190,202,273,171,304,475
153302,8,5,1,4,2,1,0,6,1,5,2,7
153311,8,5,1,58,126,89,227,184,316,147,353,500
153366,8,5,1,17,56,9,39,73,48,26,95,121
153384,8,5,1,2,1,0,1,3,1,2,2,4
153445,8,5,1,51,75,42,92,126,134,93,167,260
153472,8,5,1,30,46,11,33,76,44,41,79,120
153524,8,5,1,54,99,48,81,153,129,102,180,282
153533,8,5,1,13,20,3,32,33,35,16,52,68
153621,8,5,1,20,15,6,6,35,12,26,21,47
153630,8,5,1,56,70,31,151,126,182,87,221,308
153658,8,5,1,1051,1107,615,664,2158,1279,1666,1771,3437
153737,8,5,1,117,164,159,299,281,458,276,463,739
153825,8,5,1,16,16,4,4,32,8,20,20,40
153834,8,5,1,4,1,0,0,5,0,4,1,5
154004,8,5,1,12,28,48,232,40,280,60,260,320
154013,8,5,1,20,34,21,55,54,76,41,89,130
154110,8,5,1,30,53,46,119,83,165,76,172,248
154174,8,5,1,545,324,11,5,869,16,556,329,885
154235,8,5,1,50,99,21,31,149,52,71,130,201
154262,8,5,1,4,11,1,22,15,23,5,33,38
154350,8,5,1,6,9,3,5,15,8,9,14,23
154396,8,5,1,13,31,3,28,44,31,16,59,75
154493,8,5,1,70,188,126,161,258,287,196,349,545
154527,8,5,1,4,6,0,2,10,2,4,8,12
154572,8,5,1,58,92,44,183,150,227,102,275,377
154697,8,5,1,37,74,261,234,111,495,298,308,606
154712,8,5,1,9,7,10,9,16,19,19,16,35
154749,8,5,1,3,2,0,0,5,0,3,2,5
154800,8,5,1,76,107,155,324,183,479,231,431,662
154907,8,5,1,9,20,10,32,29,42,19,52,71
154925,8,5,1,11,20,4,8,31,12,15,28,43
154934,8,5,1,10,12,2,66,22,68,12,78,90
154952,8,5,1,33,36,26,70,69,96,59,106,165
154998,8,5,1,13,17,32,44,30,76,45,61,106
155025,8,5,1,91,168,146,348,259,494,237,516,753
155052,8,5,1,11,19,5,12,30,17,16,31,47
155089,8,5,1,20,36,21,42,56,63,41,78,119
155098,8,5,1,11,7,7,17,18,24,18,24,42
155104,8,5,1,15,23,14,39,38,53,29,62,91
155140,8,5,1,18,23,6,8,41,14,24,31,55
155177,8,5,1,1,12,2,3,13,5,3,15,18
155195,8,5,1,38,63,91,161,101,252,129,224,353
155210,8,5,1,180,194,481,684,374,1165,661,878,1539
155292,8,5,1,61,81,110,184,142,294,171,265,436
155317,8,5,1,1099,1228,335,433,2327,768,1434,1661,3095
155399,8,5,1,536,636,280,466,1172,746,816,1102,1918
155414,8,5,1,11,4,10,1,15,11,21,5,26
155423,8,5,1,25,24,5,11,49,16,30,35,65
155487,8,5,1,8,14,3,10,22,13,11,24,35
155511,8,5,1,18,5,3,0,23,3,21,5,26
155566,8,5,1,4,16,8,32,20,40,12,48,60
155618,8,5,1,6,5,5,7,11,12,11,12,23
155715,8,5,1,8,3,6,29,11,35,14,32,46
155812,8,5,1,43,49,19,24,92,43,62,73,135
155858,8,5,1,9,25,18,59,34,77,27,84,111
155900,8,5,1,23,7,81,28,30,109,104,35,139
155973,8,5,1,3,0,4,2,3,6,7,2,9
156082,8,5,1,130,233,55,98,363,153,185,331,516
156107,8,5,1,107,76,81,150,183,231,188,226,414
156125,8,5,1,588,585,473,517,1173,990,1061,1102,2163
156189,8,5,1,4,1,1,0,5,1,5,1,6
156213,8,5,1,7,20,27,50,27,77,34,70,104
156231,8,5,1,43,89,36,95,132,131,79,184,263
156286,8,5,1,49,81,27,62,130,89,76,143,219
156295,8,5,1,19,13,0,1,32,1,19,14,33
156338,8,5,1,57,91,87,164,148,251,144,255,399
156356,8,5,1,8,32,4,16,40,20,12,48,60
156392,8,5,1,171,260,272,499,431,771,443,759,1202
156408,8,5,1,2,0,0,0,2,0,2,0,2
156426,8,5,1,2,23,1,14,25,15,3,37,40
156541,8,5,1,451,882,1942,1545,1333,3487,2393,2427,4820
156620,8,5,1,267,417,242,459,684,701,509,876,1385
156648,8,5,1,66,129,133,198,195,331,199,327,526
156745,8,5,1,3,3,18,76,6,94,21,79,100
156790,8,5,1,28,60,30,88,88,118,58,148,206
156842,8,5,1,1,12,0,10,13,10,1,22,23
156851,8,5,1,5,24,18,75,29,93,23,99,122
156860,8,5,1,45,79,51,131,124,182,96,210,306
156921,8,5,1,139,188,308,484,327,792,447,672,1119
157030,8,5,1,1,4,4,1,5,5,5,5,10
157058,8,5,1,35,24,13,13,59,26,48,37,85
157076,8,5,1,7,16,3,1,23,4,10,17,27
157085,8,5,1,1140,1372,248,486,2512,734,1388,1858,3246
157216,8,5,1,320,166,26,55,486,81,346,221,567
157289,8,5,1,942,1112,469,427,2054,896,1411,1539,2950
157304,8,5,1,27,74,106,137,101,243,133,211,344
157331,8,5,1,38,71,29,129,109,158,67,200,267
157386,8,5,1,70,103,67,109,173,176,137,212,349
157401,8,5,1,122,195,160,236,317,396,282,431,713
157438,8,5,1,73,70,125,174,143,299,198,244,442
157447,8,5,1,279,464,376,866,743,1242,655,1330,1985
157483,8,5,1,44,107,127,214,151,341,171,321,492
157535,8,5,1,223,245,4,8,468,12,227,253,480
157553,8,5,1,40,66,35,65,106,100,75,131,206
157614,8,5,1,1,9,0,12,10,12,1,21,22
157650,8,5,1,0,10,0,7,10,7,0,17,17
157669,8,5,1,0,16,0,0,16,0,0,16,16
157678,8,5,1,0,13,0,0,13,0,0,13,13
157711,8,5,1,104,169,58,250,273,308,162,419,581
157739,8,5,1,37,59,32,88,96,120,69,147,216
157757,8,5,1,24,135,16,71,159,87,40,206,246
157951,8,5,1,195,281,175,341,476,516,370,622,992
158662,8,5,1,171,423,390,1137,594,1527,561,1560,2121
158802,8,5,1,5,20,2,9,25,11,7,29,36
158884,8,5,1,23,67,34,110,90,144,57,177,234
159197,8,5,1,75,21,0,0,96,0,75,21,96
159382,8,5,1,57,199,71,232,256,303,128,431,559
159391,8,5,1,928,1021,287,363,1949,650,1215,1384,2599
159407,8,5,1,24,80,32,141,104,173,56,221,277
159647,8,5,1,145,101,76,73,246,149,221,174,395
159656,8,5,1,107,145,37,98,252,135,144,243,387
159717,8,5,1,97,184,37,108,281,145,134,292,426
159939,8,5,1,263,256,172,186,519,358,435,442,877
159966,8,5,1,68,148,49,142,216,191,117,290,407
159993,8,5,1,113,197,64,284,310,348,177,481,658
160010,8,5,1,19,4,31,50,23,81,50,54,104
160472,8,5,1,0,8,1,5,8,6,1,13,14
160579,8,5,1,54,95,64,127,149,191,118,222,340
160612,8,5,1,165,258,108,208,423,316,273,466,739
160621,8,5,1,216,345,140,200,561,340,356,545,901
160630,8,5,1,48,118,17,26,166,43,65,144,209
160649,8,5,1,28,148,24,146,176,170,52,294,346
160658,8,5,1,367,367,211,282,734,493,578,649,1227
160667,8,5,1,45,66,32,43,111,75,77,109,186
160755,8,5,1,530,673,256,375,1203,631,786,1048,1834
160904,8,5,1,52,164,8,8,216,16,60,172,232
160977,8,5,1,4,0,0,0,4,0,4,0,4
161004,8,5,1,3,2,1,1,5,2,4,3,7
161077,8,5,1,27,38,39,134,65,173,66,172,238
161138,8,5,1,21,34,41,79,55,120,62,113,175
161192,8,5,1,15,27,47,110,42,157,62,137,199
161208,8,5,1,6,1,0,0,7,0,6,1,7
161217,8,5,1,48,118,77,207,166,284,125,325,450
161226,8,5,1,9,17,12,63,26,75,21,80,101
161235,8,5,1,14,34,17,39,48,56,31,73,104
161253,8,5,1,169,197,294,327,366,621,463,524,987
161299,8,5,1,22,1,1,0,23,1,23,1,24
161341,8,5,1,36,51,36,45,87,81,72,96,168
161457,8,5,1,339,658,131,332,997,463,470,990,1460
161484,8,5,1,11,8,11,26,19,37,22,34,56
161493,8,5,1,0,11,0,9,11,9,0,20,20
161509,8,5,1,5,21,2,1,26,3,7,22,29
161545,8,5,1,52,90,166,269,142,435,218,359,577
161554,8,5,1,162,279,145,366,441,511,307,645,952
161572,8,5,1,216,837,30,121,1053,151,246,958,1204
161581,8,5,1,7,5,8,31,12,39,15,36,51
161688,8,5,1,13,51,33,100,64,133,46,151,197
161767,8,5,1,79,91,249,571,170,820,328,662,990
161864,8,5,1,22,75,85,325,97,410,107,400,507
161873,8,5,1,178,280,136,244,458,380,314,524,838
162104,8,5,1,11,16,34,87,27,121,45,103,148
162122,8,5,1,39,46,101,217,85,318,140,263,403
162168,8,5,1,4,8,29,75,12,104,33,83,116
162210,8,5,1,19,32,6,15,51,21,25,47,72
162283,8,5,1,20,73,10,63,93,73,30,136,166
162584,8,5,1,78,74,70,164,152,234,148,238,386
162654,8,5,1,14,22,24,161,36,185,38,183,221
162690,8,5,1,29,42,69,212,71,281,98,254,352
162706,8,5,1,35,44,101,189,79,290,136,233,369
162830,8,5,1,0,13,0,0,13,0,0,13,13
163028,8,5,1,66,7,31,4,73,35,97,11,108
163204,8,5,1,1503,1255,6130,4628,2758,10758,7633,5883,13516
163259,8,5,1,571,1288,106,332,1859,438,677,1620,2297
163268,8,5,1,571,513,347,285,1084,632,918,798,1716
163286,8,5,1,2212,1779,588,566,3991,1154,2800,2345,5145
163295,8,5,1,43,97,23,73,140,96,66,170,236
163338,8,5,1,80,108,28,47,188,75,108,155,263
163453,8,5,1,185,178,86,88,363,174,271,266,537
163462,8,5,1,82,15,25,61,97,86,107,76,183
163578,8,5,1,26,156,31,159,182,190,57,315,372
163851,8,5,1,81,154,51,101,235,152,132,255,387
163912,8,5,1,14,14,2,1,28,3,16,15,31
163976,8,5,1,18,7,7,3,25,10,25,10,35
164076,8,5,1,415,495,319,740,910,1059,734,1235,1969
164085,8,5,1,4,13,4,85,17,89,8,98,106
164155,8,5,1,31,5,0,0,36,0,31,5,36
164216,8,5,1,3,2,0,0,5,0,3,2,5
164270,8,5,1,74,132,28,126,206,154,102,258,360
164313,8,5,1,20,16,54,178,36,232,74,194,268
164465,8,5,1,17,2,0,0,19,0,17,2,19
164492,8,5,1,24,33,61,26,57,87,85,59,144
164599,8,5,1,0,0,0,5,0,5,0,5,5
164632,8,5,1,22,221,14,186,243,200,36,407,443
164739,8,5,1,42,40,89,94,82,183,131,134,265
164775,8,5,1,8,15,25,100,23,125,33,115,148
164845,8,5,1,0,6,0,2,6,2,0,8,8
164872,8,5,1,93,129,5,10,222,15,98,139,237
164915,8,5,1,6,5,6,3,11,9,12,8,20
164988,8,5,1,1955,2308,809,1195,4263,2004,2764,3503,6267
165015,8,5,1,233,303,65,64,536,129,298,367,665
165024,8,5,1,183,290,215,404,473,619,398,694,1092
165033,8,5,1,48,132,152,394,180,546,200,526,726
165112,8,5,1,140,151,350,668,291,1018,490,819,1309
165167,8,5,1,29,95,66,227,124,293,95,322,417
165194,8,5,1,23,38,56,177,61,233,79,215,294
165264,8,5,1,1,26,9,198,27,207,10,224,234
165334,8,5,1,205,186,35,42,391,77,240,228,468
165556,8,5,1,3,18,1,13,21,14,4,31,35
165662,8,5,1,84,378,23,160,462,183,107,538,645
165671,8,5,1,2,0,7,24,2,31,9,24,33
165820,8,5,1,132,129,209,510,261,719,341,639,980
165866,8,5,1,76,83,87,204,159,291,163,287,450
165936,8,5,1,14,19,17,32,33,49,31,51,82
165945,8,5,1,56,37,67,41,93,108,123,78,201
165981,8,5,1,15,33,44,93,48,137,59,126,185
166018,8,5,1,3,6,0,0,9,0,3,6,9
166027,8,5,1,3413,4132,689,1039,7545,1728,4102,5171,9273
166133,8,5,1,31,75,85,247,106,332,116,322,438
166391,8,5,1,8,11,36,45,19,81,44,56,100
166513,8,5,1,544,378,680,601,922,1281,1224,979,2203
166629,8,5,1,591,628,828,820,1219,1648,1419,1448,2867
166647,8,5,1,39,76,137,235,115,372,176,311,487
166674,8,5,1,23,74,15,44,97,59,38,118,156
166683,8,5,1,2065,1395,36,23,3460,59,2101,1418,3519
166708,8,5,1,249,450,4,6,699,10,253,456,709
166717,8,5,1,35,187,20,102,222,122,55,289,344
166823,8,5,1,50,63,114,292,113,406,164,355,519
166850,8,5,1,69,122,40,73,191,113,109,195,304
166887,8,5,1,55,90,188,397,145,585,243,487,730
166911,8,5,1,1,4,2,0,5,2,3,4,7
166939,8,5,1,1,28,6,24,29,30,7,52,59
166957,8,5,1,22,39,65,232,61,297,87,271,358
167093,8,5,1,67,191,0,0,258,0,67,191,258
167288,8,5,1,14,16,10,12,30,22,24,28,52
167312,8,5,1,66,69,132,353,135,485,198,422,620
167358,8,5,1,2494,2192,232,243,4686,475,2726,2435,5161
167376,8,5,1,22,42,94,290,64,384,116,332,448
167394,8,5,1,16,75,9,53,91,62,25,128,153
167534,8,5,1,67,143,172,443,210,615,239,586,825
167598,8,5,1,21,140,40,416,161,456,61,556,617
167729,8,5,1,132,299,146,343,431,489,278,642,920
167783,8,5,1,48,420,89,726,468,815,137,1146,1283
167835,8,5,1,17,123,1,5,140,6,18,128,146
167871,8,5,1,0,10,2,9,10,11,2,19,21
167905,8,5,1,58,97,113,277,155,390,171,374,545
167987,8,5,1,272,241,194,236,513,430,466,477,943
168005,8,5,1,252,346,150,255,598,405,402,601,1003
168148,8,5,1,905,1626,213,289,2531,502,1118,1915,3033
168227,8,5,1,67,19,30,9,86,39,97,28,125
168254,8,5,1,104,114,45,92,218,137,149,206,355
168342,8,5,1,17,16,0,1,33,1,17,17,34
168421,8,5,1,229,113,291,114,342,405,520,227,747
168430,8,5,1,59,101,98,214,160,312,157,315,472
168528,8,5,1,12,6,4,1,18,5,16,7,23
168546,8,5,1,7,4,0,3,11,3,7,7,14
168591,8,5,1,3,2,1,0,5,1,4,2,6
168607,8,5,1,9,18,20,37,27,57,29,55,84
168740,8,5,1,115,63,66,60,178,126,181,123,304
168786,8,5,1,11,10,7,13,21,20,18,23,41
168847,8,5,1,75,194,103,345,269,448,178,539,717
168892,8,5,1,0,6,0,8,6,8,0,14,14
169099,8,5,1,15,4,13,4,19,17,28,8,36
169248,8,5,1,554,561,291,543,1115,834,845,1104,1949
169275,8,5,1,54,114,166,373,168,539,220,487,707
169284,8,5,1,0,38,1,12,38,13,1,50,51
169424,8,5,1,14,45,0,0,59,0,14,45,59
169442,8,5,1,52,37,18,27,89,45,70,64,134
169503,8,5,1,1,42,0,0,43,0,1,42,43
169521,8,5,1,62,133,200,432,195,632,262,565,827
169576,8,5,1,0,39,0,0,39,0,0,39,39
169655,8,5,1,227,26,0,0,253,0,227,26,253
169716,8,5,1,288,441,67,112,729,179,355,553,908
169798,8,5,1,287,381,423,674,668,1097,710,1055,1765
169910,8,5,1,207,268,222,241,475,463,429,509,938
169992,8,5,1,15,11,6,22,26,28,21,33,54
170000,8,5,1,12,23,6,22,35,28,18,45,63
170055,8,5,1,112,107,493,642,219,1135,605,749,1354
170082,8,5,1,374,445,254,417,819,671,628,862,1490
170240,8,5,1,114,205,276,493,319,769,390,698,1088
170286,8,5,1,39,8,14,11,47,25,53,19,72
170550,8,5,1,19,48,72,220,67,292,91,268,359
170587,8,5,1,18,37,28,53,55,81,46,90,136
170639,8,5,1,41,26,9,19,67,28,50,45,95
170657,8,5,1,92,120,350,528,212,878,442,648,1090
170675,8,5,1,46,31,155,61,77,216,201,92,293
170790,8,5,1,141,226,571,944,367,1515,712,1170,1882
170806,8,5,1,30,101,40,111,131,151,70,212,282
170976,8,5,1,3117,3453,501,352,6570,853,3618,3805,7423
171100,8,5,1,1793,1971,361,594,3764,955,2154,2565,4719
171137,8,5,1,274,211,535,311,485,846,809,522,1331
171146,8,5,1,170,338,138,271,508,409,308,609,917
171155,8,5,1,26,45,52,101,71,153,78,146,224
171225,8,5,1,14,22,66,112,36,178,80,134,214
171304,8,5,1,16,21,77,186,37,263,93,207,300
171456,8,5,1,139,116,77,96,255,173,216,212,428
171483,8,5,1,52,30,90,148,82,238,142,178,320
171492,8,5,1,39,35,88,63,74,151,127,98,225
171571,8,5,1,587,777,457,492,1364,949,1044,1269,2313
172200,8,5,1,65,70,261,456,135,717,326,526,852
172291,8,5,1,25,54,58,118,79,176,83,172,255
172307,8,5,1,12,21,21,74,33,95,33,95,128
172334,8,5,1,38,226,1,33,264,34,39,259,298
172422,8,5,1,6,0,0,0,6,0,6,0,6
172617,8,5,1,134,133,494,620,267,1114,628,753,1381
172644,8,5,1,999,1336,707,942,2335,1649,1706,2278,3984
172680,8,5,1,0,7,0,9,7,9,0,16,16
172699,8,5,1,344,371,532,556,715,1088,876,927,1803
173045,8,5,1,102,153,24,61,255,85,126,214,340
173142,8,5,1,7,6,2,2,13,4,9,8,17
173160,8,5,1,33,73,61,103,106,164,94,176,270
173258,8,5,1,1,0,0,1,1,1,1,1,2
173300,8,5,1,8,5,4,12,13,16,12,17,29
173452,8,5,1,7,1,19,21,8,40,26,22,48
173647,8,5,1,4,4,3,0,8,3,7,4,11
173665,8,5,1,23,29,54,146,52,200,77,175,252
173683,8,5,1,3,6,0,7,9,7,3,13,16
173896,8,5,1,27,40,3,2,67,5,30,42,72
174066,8,5,1,1900,2493,1350,1444,4393,2794,3250,3937,7187
174075,8,5,1,47,46,35,53,93,88,82,99,181
174127,8,5,1,14,27,3,16,41,19,17,43,60
174233,8,5,1,142,133,81,55,275,136,223,188,411
174251,8,5,1,6,7,2,3,13,5,8,10,18
174491,8,5,1,7,15,27,25,22,52,34,40,74
174507,8,5,1,148,143,26,51,291,77,174,194,368
174747,8,5,1,1,14,0,2,15,2,1,16,17
174792,8,5,1,5,2,4,4,7,8,9,6,15
174899,8,5,1,81,255,24,90,336,114,105,345,450
174914,8,5,1,192,192,317,357,384,674,509,549,1058
174978,8,5,1,0,23,0,10,23,10,0,33,33
175005,8,5,1,36,216,31,267,252,298,67,483,550
175014,8,5,1,78,309,50,248,387,298,128,557,685
175120,8,5,1,67,42,0,0,109,0,67,42,109
175227,8,5,1,77,17,32,8,94,40,109,25,134
175421,8,5,1,25,56,123,329,81,452,148,385,533
175430,8,5,1,7,16,1,4,23,5,8,20,28
175573,8,5,1,17,61,6,25,78,31,23,86,109
175616,8,5,1,52,92,38,97,144,135,90,189,279
175652,8,5,1,52,99,21,73,151,94,73,172,245
175786,8,5,1,97,246,73,246,343,319,170,492,662
175810,8,5,1,49,239,37,139,288,176,86,378,464
175829,8,5,1,44,84,32,101,128,133,76,185,261
175856,8,5,1,143,322,76,214,465,290,219,536,755
175883,8,5,1,41,107,31,70,148,101,72,177,249
175935,8,5,1,32,150,12,56,182,68,44,206,250
175980,8,5,1,0,0,1,0,0,1,1,0,1
176008,8,5,1,14,63,9,36,77,45,23,99,122
176017,8,5,1,666,741,162,288,1407,450,828,1029,1857
176035,8,5,1,37,130,14,38,167,52,51,168,219
176044,8,5,1,26,45,25,40,71,65,51,85,136
176053,8,5,1,174,243,45,102,417,147,219,345,564
176080,8,5,1,466,534,409,368,1000,777,875,902,1777
176178,8,5,1,31,132,30,88,163,118,61,220,281
176239,8,5,1,60,248,19,118,308,137,79,366,445
176318,8,5,1,19,26,4,9,45,13,23,35,58
176372,8,5,1,394,552,236,379,946,615,630,931,1561
176433,8,5,1,0,10,0,3,10,3,0,13,13
176451,8,5,1,7,1,5,1,8,6,12,2,14
176479,8,5,1,352,493,46,114,845,160,398,607,1005
176600,8,5,1,14,2,0,2,16,2,14,4,18
176628,8,5,1,47,90,8,22,137,30,55,112,167
176947,8,5,1,12,13,0,1,25,1,12,14,26
176965,8,5,1,562,390,434,515,952,949,996,905,1901
176983,8,5,1,4,4,1,0,8,1,5,4,9
177038,8,5,1,143,122,6,9,265,15,149,131,280
177126,8,5,1,36,21,61,45,57,106,97,66,163
177135,8,5,1,33,63,46,134,96,180,79,197,276
177144,8,5,1,10,14,2,0,24,2,12,14,26
177214,8,5,1,16,16,19,33,32,52,35,49,84
177250,8,5,1,20,20,37,77,40,114,57,97,154
177302,8,5,1,72,7,0,0,79,0,72,7,79
177418,8,5,1,12,28,12,20,40,32,24,48,72
177472,8,5,1,121,176,221,371,297,592,342,547,889
177676,8,5,1,24,40,42,114,64,156,66,154,220
177685,8,5,1,2,10,0,0,12,0,2,10,12
177940,8,5,1,27,32,14,18,59,32,41,50,91
177977,8,5,1,28,6,15,6,34,21,43,12,55
177986,8,5,1,227,178,41,109,405,150,268,287,555
177995,8,5,1,149,179,310,611,328,921,459,790,1249
178059,8,5,1,103,221,270,1051,324,1321,373,1272,1645
178217,8,5,1,18,50,15,42,68,57,33,92,125
178341,8,5,1,73,121,57,92,194,149,130,213,343
178369,8,5,1,24,18,12,8,42,20,36,26,62
178387,8,5,1,47,70,38,61,117,99,85,131,216
178396,8,5,1,730,872,453,695,1602,1148,1183,1567,2750
178402,8,5,1,717,618,343,486,1335,829,1060,1104,2164
178411,8,5,1,423,93,163,58,516,221,586,151,737
178420,8,5,1,367,450,373,540,817,913,740,990,1730
178448,8,5,1,35,55,46,103,90,149,81,158,239
178615,8,5,1,18,22,20,31,40,51,38,53,91
178624,8,5,1,180,197,232,375,377,607,412,572,984
178679,8,5,1,12,1,22,8,13,30,34,9,43
178697,8,5,1,7,8,2,0,15,2,9,8,17
178721,8,5,1,251,278,578,419,529,997,829,697,1526
178891,8,5,1,116,17,70,10,133,80,186,27,213
178989,8,5,1,10,44,3,30,54,33,13,74,87
179043,8,5,1,43,91,77,115,134,192,120,206,326
179308,8,5,1,121,273,331,931,394,1262,452,1204,1656
179326,8,5,1,45,68,33,110,113,143,78,178,256
179344,8,5,1,15,38,12,29,53,41,27,67,94
179539,8,5,1,25,67,33,74,92,107,58,141,199
179557,8,5,1,277,252,114,201,529,315,391,453,844
179566,8,5,1,402,504,329,551,906,880,731,1055,1786
179645,8,5,1,27,94,11,71,121,82,38,165,203
179715,8,5,1,5,51,8,58,56,66,13,109,122
179812,8,5,1,414,410,1,3,824,4,415,413,828
179867,8,5,1,1216,1252,303,326,2468,629,1519,1578,3097
179894,8,5,1,291,243,239,353,534,592,530,596,1126
179946,8,5,1,5,1,0,0,6,0,5,1,6
180081,8,5,1,7,7,1,6,14,7,8,13,21
180106,8,5,1,14,25,3,5,39,8,17,30,47
180151,8,5,1,0,2,3,12,2,15,3,14,17
180179,8,5,1,119,197,75,180,316,255,194,377,571
180197,8,5,1,29,31,35,61,60,96,64,92,156
180249,8,5,1,15,50,10,44,65,54,25,94,119
180258,8,5,1,25,40,7,23,65,30,32,63,95
180276,8,5,1,24,23,24,49,47,73,48,72,120
180416,8,5,1,68,40,28,16,108,44,96,56,152
180461,8,5,1,357,314,345,313,671,658,702,627,1329
180522,8,5,1,20,27,30,30,47,60,50,57,107
180595,8,5,1,51,79,2,2,130,4,53,81,134
180647,8,5,1,24,56,2,12,80,14,26,68,94
180692,8,5,1,19,45,9,36,64,45,28,81,109
180814,8,5,1,799,1105,431,602,1904,1033,1230,1707,2937
180902,8,5,1,45,60,80,215,105,295,125,275,400
180948,8,5,1,30,55,37,81,85,118,67,136,203
181002,8,5,1,566,634,104,158,1200,262,670,792,1462
181020,8,5,1,27,73,31,107,100,138,58,180,238
181127,8,5,1,6,5,0,0,11,0,6,5,11
181145,8,5,1,0,5,0,0,5,0,0,5,5
181190,8,5,1,2,9,0,0,11,0,2,9,11
181215,8,5,1,66,113,163,390,179,553,229,503,732
181297,8,5,1,18,148,4,35,166,39,22,183,205
181303,8,5,1,134,173,404,503,307,907,538,676,1214
181312,8,5,1,10,12,17,58,22,75,27,70,97
181330,8,5,1,15,24,16,42,39,58,31,66,97
181394,8,5,1,410,478,446,502,888,948,856,980,1836
181428,8,5,1,374,635,60,158,1009,218,434,793,1227
181446,8,5,1,13,17,9,22,30,31,22,39,61
181464,8,5,1,697,546,324,374,1243,698,1021,920,1941
181491,8,5,1,12,33,136,106,45,242,148,139,287
181604,8,5,1,16,94,4,19,110,23,20,113,133
181640,8,5,1,95,121,197,299,216,496,292,420,712
181738,8,5,1,20,48,3,3,68,6,23,51,74
181783,8,5,1,56,84,84,141,140,225,140,225,365
181817,8,5,1,16,30,10,52,46,62,26,82,108
182005,8,5,1,364,437,1252,1635,801,2887,1616,2072,3688
182281,8,5,1,1278,1430,838,974,2708,1812,2116,2404,4520
182290,8,5,1,506,568,481,542,1074,1023,987,1110,2097
182306,8,5,1,23,69,68,150,92,218,91,219,310
182500,8,5,1,123,129,477,479,252,956,600,608,1208
182564,8,5,1,30,25,145,159,55,304,175,184,359
182670,8,5,1,570,598,7,8,1168,15,577,606,1183
182704,8,5,1,0,5,1,0,5,1,1,5,6
182722,8,5,1,0,19,0,6,19,6,0,25,25
182829,8,5,1,72,63,22,19,135,41,94,82,176
182892,8,5,1,0,2,0,3,2,3,0,5,5
182980,8,5,1,578,243,23,28,821,51,601,271,872
183026,8,5,1,3487,5773,9611,17292,9260,26903,13098,23065,36163
183044,8,5,1,252,268,143,167,520,310,395,435,830
183062,8,5,1,27,14,16,22,41,38,43,36,79
183071,8,5,1,26,30,16,11,56,27,42,41,83
183080,8,5,1,49,45,24,62,94,86,73,107,180
183202,8,5,1,0,6,1,5,6,6,1,11,12
183239,8,5,1,2,1,1,0,3,1,3,1,4
183257,8,5,1,41,96,34,92,137,126,75,188,263
183275,8,5,1,1,3,0,0,4,0,1,3,4
183488,8,5,1,10,66,2,25,76,27,12,91,103
183655,8,5,1,45,79,117,262,124,379,162,341,503
183743,8,5,1,186,266,318,494,452,812,504,760,1264
183789,8,5,1,49,168,32,139,217,171,81,307,388
183822,8,5,1,20,37,8,11,57,19,28,48,76
183859,8,5,1,66,101,226,339,167,565,292,440,732
183910,8,5,1,15,63,17,84,78,101,32,147,179
183938,8,5,1,103,185,218,494,288,712,321,679,1000
184056,8,5,1,6,39,3,22,45,25,9,61,70
184180,8,5,1,57,59,175,215,116,390,232,274,506
184205,8,5,1,59,102,111,233,161,344,170,335,505
184427,8,5,1,12,1,7,0,13,7,19,1,20
184481,8,5,1,100,177,176,317,277,493,276,494,770
184506,8,5,1,0,10,2,3,10,5,2,13,15
184603,8,5,1,105,129,91,215,234,306,196,344,540
184612,8,5,1,41,140,33,71,181,104,74,211,285
184694,8,5,1,41,154,25,29,195,54,66,183,249
184773,8,5,1,25,100,18,61,125,79,43,161,204
184782,8,5,1,751,783,330,454,1534,784,1081,1237,2318
184791,8,5,1,38,104,94,192,142,286,132,296,428
184816,8,5,1,0,13,0,10,13,10,0,23,23
184959,8,5,1,13,62,16,101,75,117,29,163,192
184995,8,5,1,153,264,174,336,417,510,327,600,927
185262,8,5,1,398,630,239,471,1028,710,637,1101,1738
185396,8,5,1,61,0,38,3,61,41,99,3,102
185509,8,5,1,64,55,193,316,119,509,257,371,628
185536,8,5,1,102,136,270,395,238,665,372,531,903
185572,8,5,1,51,104,41,125,155,166,92,229,321
185590,8,5,1,438,693,416,809,1131,1225,854,1502,2356
185721,8,5,1,11,37,11,31,48,42,22,68,90
185758,8,5,1,1,0,2,2,1,4,3,2,5
185828,8,5,1,913,353,494,194,1266,688,1407,547,1954
185873,8,5,1,56,86,147,259,142,406,203,345,548
186016,8,5,1,2,38,2,41,40,43,4,79,83
186034,8,5,1,53,87,143,344,140,487,196,431,627
186131,8,5,1,1019,695,0,3,1714,3,1019,698,1717
186201,8,5,1,108,113,69,104,221,173,177,217,394
186283,8,5,1,51,82,75,143,133,218,126,225,351
186371,8,5,1,261,364,175,204,625,379,436,568,1004
186380,8,5,1,1853,2308,737,1392,4161,2129,2590,3700,6290
186399,8,5,1,566,602,389,368,1168,757,955,970,1925
186405,8,5,1,1,2,0,0,3,0,1,2,3
186432,8,5,1,306,190,34,57,496,91,340,247,587
186469,8,5,1,14,16,8,56,30,64,22,72,94
186584,8,5,1,230,297,169,294,527,463,399,591,990
186618,8,5,1,22,82,17,37,104,54,39,119,158
186645,8,5,1,50,49,202,195,99,397,252,244,496
186867,8,5,1,1026,353,347,129,1379,476,1373,482,1855
186876,8,5,1,253,303,80,165,556,245,333,468,801
187046,8,5,1,6,26,974,615,32,1589,980,641,1621
187134,8,5,1,64,66,41,62,130,103,105,128,233
187198,8,5,1,94,183,222,539,277,761,316,722,1038
187444,8,5,1,236,414,248,588,650,836,484,1002,1486
187532,8,5,1,224,246,747,1431,470,2178,971,1677,2648
187620,8,5,1,92,144,147,307,236,454,239,451,690
187639,8,5,1,18,55,48,128,73,176,66,183,249
187648,8,5,1,89,234,113,277,323,390,202,511,713
187897,8,5,1,77,161,41,107,238,148,118,268,386
187958,8,5,1,16,36,33,93,52,126,49,129,178
187967,8,5,1,102,46,32,24,148,56,134,70,204
187976,8,5,1,1,5,43,55,6,98,44,60,104
187985,8,5,1,719,947,614,682,1666,1296,1333,1629,2962
187994,8,5,1,7,23,28,62,30,90,35,85,120
188003,8,5,1,5,14,26,77,19,103,31,91,122
188021,8,5,1,7,23,13,55,30,68,20,78,98
188030,8,5,1,432,532,269,375,964,644,701,907,1608
188049,8,5,1,4,7,41,69,11,110,45,76,121
188100,8,5,1,101,125,90,446,226,536,191,571,762
188137,8,5,1,34,45,84,157,79,241,118,202,320
188207,8,5,1,3,33,0,18,36,18,3,51,54
188225,8,5,1,5,7,25,59,12,84,30,66,96
188261,8,5,1,9,4,41,18,13,59,50,22,72
188340,8,5,1,106,9,37,4,115,41,143,13,156
188429,8,5,1,141,283,92,229,424,321,233,512,745
188438,8,5,1,33,26,32,72,59,104,65,98,163
188517,8,5,1,11,14,2,9,25,11,13,23,36
188641,8,5,1,33,43,27,54,76,81,60,97,157
188854,8,5,1,20,28,0,0,48,0,20,28,48
189219,8,5,1,25,0,0,0,25,0,25,0,25
189228,8,5,1,80,139,42,105,219,147,122,244,366
189282,8,5,1,11,86,0,9,97,9,11,95,106
189547,8,5,1,58,124,58,146,182,204,116,270,386
189565,8,5,1,17,47,3,15,64,18,20,62,82
189583,8,5,1,24,70,12,38,94,50,36,108,144
189592,8,5,1,10,43,1,9,53,10,11,52,63
189705,8,5,1,47,71,42,60,118,102,89,131,220
189839,8,5,1,14,53,32,79,67,111,46,132,178
190044,8,5,1,114,111,63,42,225,105,177,153,330
190053,8,5,1,4,13,5,26,17,31,9,39,48
190071,8,5,1,1,7,2,12,8,14,3,19,22
190099,8,5,1,1,4,1,0,5,1,2,4,6
190169,8,5,1,10,11,25,48,21,73,35,59,94
190239,8,5,1,2,15,0,9,17,9,2,24,26
190372,8,5,1,16,11,3,0,27,3,19,11,30
190415,8,5,1,1881,1853,121,98,3734,219,2002,1951,3953
190424,8,5,1,265,358,2,5,623,7,267,363,630
190442,8,5,1,17,39,26,54,56,80,43,93,136
190503,8,5,1,175,97,9,14,272,23,184,111,295
190761,8,5,1,29,113,11,29,142,40,40,142,182
190840,8,5,1,38,65,68,137,103,205,106,202,308
191083,8,5,1,191,220,135,230,411,365,326,450,776
191126,8,5,1,97,315,40,132,412,172,137,447,584
191199,8,5,1,71,88,80,121,159,201,151,209,360
191205,8,5,1,10,9,7,4,19,11,17,13,30
191241,8,5,1,611,838,266,622,1449,888,877,1460,2337
191302,8,5,1,12,19,11,30,31,41,23,49,72
191311,8,5,1,17,33,0,0,50,0,17,33,50
191339,8,5,1,27,70,48,103,97,151,75,173,248
191533,8,5,1,3,6,0,3,9,3,3,9,12
191597,8,5,1,18,79,4,38,97,42,22,117,139
191612,8,5,1,25,62,22,28,87,50,47,90,137
191649,8,5,1,476,618,134,222,1094,356,610,840,1450
191676,8,5,1,4,7,4,8,11,12,8,15,23
191719,8,5,1,147,150,145,270,297,415,292,420,712
191940,8,5,1,5,42,0,0,47,0,5,42,47
191986,8,5,1,27,52,24,61,79,85,51,113,164
192022,8,5,1,36,62,27,72,98,99,63,134,197
192192,8,5,1,6,35,6,48,41,54,12,83,95
192271,8,5,1,15,79,4,49,94,53,19,128,147
192323,8,5,1,31,71,19,94,102,113,50,165,215
192448,8,5,1,319,838,105,499,1157,604,424,1337,1761
192703,8,5,1,105,75,16,22,180,38,121,97,218
192712,8,5,1,105,115,2,8,220,10,107,123,230
192749,8,5,1,36,78,61,97,114,158,97,175,272
192785,8,5,1,5,35,13,121,40,134,18,156,174
192819,8,5,1,94,111,47,74,205,121,141,185,326
193016,8,5,1,200,667,102,360,867,462,302,1027,1329
193283,8,5,1,57,92,31,96,149,127,88,188,276
193292,8,5,1,54,121,95,377,175,472,149,498,647
193326,8,5,1,117,237,233,426,354,659,350,663,1013
193380,8,5,1,0,0,3,14,0,17,3,14,17
193399,8,5,1,44,150,14,73,194,87,58,223,281
193478,8,5,1,162,250,292,540,412,832,454,790,1244
193584,8,5,1,23,54,15,43,77,58,38,97,135
193654,8,5,1,376,813,68,167,1189,235,444,980,1424
193830,8,5,1,341,373,21,41,714,62,362,414,776
193858,8,5,1,4,46,0,0,50,0,4,46,50
193900,8,5,1,3527,4884,1213,1755,8411,2968,4740,6639,11379
193946,8,5,1,47,111,42,106,158,148,89,217,306
193973,8,5,1,105,155,33,59,260,92,138,214,352
193991,8,5,1,0,1,1,0,1,1,1,1,2
194028,8,5,1,24,39,13,33,63,46,37,72,109
194091,8,5,1,796,812,82,81,1608,163,878,893,1771
194116,8,5,1,9,72,6,57,81,63,15,129,144
194222,8,5,1,70,82,70,144,152,214,140,226,366
194240,8,5,1,31,65,70,216,96,286,101,281,382
194310,8,5,1,516,754,231,568,1270,799,747,1322,2069
194392,8,5,1,17,6,2,1,23,3,19,7,26
194578,8,5,1,190,479,18,61,669,79,208,540,748
194824,8,5,1,298,132,15,3,430,18,313,135,448
195003,8,5,1,601,348,140,97,949,237,741,445,1186
195058,8,5,1,47,71,71,188,118,259,118,259,377
195067,8,5,1,3,43,1,20,46,21,4,63,67
195128,8,5,1,33,102,29,165,135,194,62,267,329
195155,8,5,1,4,0,10,9,4,19,14,9,23
195164,8,5,1,15,51,50,80,66,130,65,131,196
195216,8,5,1,6,1,3,4,7,7,9,5,14
195234,8,5,1,40,90,39,100,130,139,79,190,269
195243,8,5,1,16,17,12,18,33,30,28,35,63
195322,8,5,1,28,42,41,66,70,107,69,108,177
195474,8,5,1,14,9,12,13,23,25,26,22,48
195526,8,5,1,1,1,0,0,2,0,1,1,2
195544,8,5,1,58,135,50,151,193,201,108,286,394
195702,8,5,1,0,4,0,17,4,17,0,21,21
195720,8,5,1,40,85,27,121,125,148,67,206,273
195988,8,5,1,8,27,8,38,35,46,16,65,81
196006,8,5,1,40,46,17,24,86,41,57,70,127
196015,8,5,1,69,137,26,62,206,88,95,199,294
196024,8,5,1,32,49,20,111,81,131,52,160,212
196033,8,5,1,34,29,7,9,63,16,41,38,79
196042,8,5,1,278,164,213,160,442,373,491,324,815
196051,8,5,1,31,38,5,42,69,47,36,80,116
196060,8,5,1,371,395,275,466,766,741,646,861,1507
196079,8,5,1,387,361,252,212,748,464,639,573,1212
196088,8,5,1,1509,1397,926,745,2906,1671,2435,2142,4577
196097,8,5,1,1370,1181,358,621,2551,979,1728,1802,3530
196103,8,5,1,60,58,44,54,118,98,104,112,216
196112,8,5,1,82,68,54,95,150,149,136,163,299
196121,8,5,1,113,165,147,261,278,408,260,426,686
196130,8,5,1,139,186,95,153,325,248,234,339,573
196149,8,5,1,53,56,38,58,109,96,91,114,205
196158,8,5,1,34,34,10,22,68,32,44,56,100
196167,8,5,1,24,20,7,12,44,19,31,32,63
196176,8,5,1,111,128,83,125,239,208,194,253,447
196185,8,5,1,39,39,34,129,78,163,73,168,241
196194,8,5,1,105,106,91,115,211,206,196,221,417
196200,8,5,1,39,45,10,24,84,34,49,69,118
196219,8,5,1,51,51,21,23,102,44,72,74,146
196246,8,5,1,61,73,42,68,134,110,103,141,244
196255,8,5,1,284,424,35,96,708,131,319,520,839
196264,8,5,1,172,443,505,555,615,1060,677,998,1675
196291,8,5,1,40,9,24,5,49,29,64,14,78
196307,8,5,1,252,311,3,34,563,37,255,345,600
196413,8,5,1,895,855,253,291,1750,544,1148,1146,2294
196468,8,5,1,179,706,68,260,885,328,247,966,1213
196565,8,5,1,27,31,21,78,58,99,48,109,157
196653,8,5,1,13,77,17,134,90,151,30,211,241
196699,8,5,1,25,38,23,63,63,86,48,101,149
196884,8,5,1,18,25,3,6,43,9,21,31,52
197036,8,5,1,34,5,0,0,39,0,34,5,39
197045,8,5,1,62,138,113,226,200,339,175,364,539
197285,8,5,1,19,56,4,12,75,16,23,68,91
197294,8,5,1,133,174,235,393,307,628,368,567,935
197337,8,5,1,0,11,0,2,11,2,0,13,13
197708,8,5,1,318,559,66,87,877,153,384,646,1030
197814,8,5,1,26,32,21,94,58,115,47,126,173
197850,8,5,1,7,14,28,107,21,135,35,121,156
197869,8,5,1,267,260,125,246,527,371,392,506,898
197887,8,5,1,73,122,163,318,195,481,236,440,676
197911,8,5,1,10,19,5,30,29,35,15,49,64
197966,8,5,1,10,24,24,82,34,106,34,106,140
197993,8,5,1,0,5,0,2,5,2,0,7,7
198066,8,5,1,11,2,2,0,13,2,13,2,15
198109,8,5,1,3,39,5,70,42,75,8,109,117
198118,8,5,1,31,52,58,157,83,215,89,209,298
198136,8,5,1,438,493,70,93,931,163,508,586,1094
198154,8,5,1,142,163,617,602,305,1219,759,765,1524
198206,8,5,1,18,32,21,63,50,84,39,95,134
198260,8,5,1,256,363,443,715,619,1158,699,1078,1777
198303,8,5,1,8,3,6,10,11,16,14,13,27
198330,8,5,1,103,125,89,148,228,237,192,273,465
198367,8,5,1,41,49,63,133,90,196,104,182,286
198385,8,5,1,1,1,0,0,2,0,1,1,2
198455,8,5,1,34,66,129,288,100,417,163,354,517
198464,8,5,1,576,832,410,808,1408,1218,986,1640,2626
198507,8,5,1,36,41,10,31,77,41,46,72,118
198516,8,5,1,110,205,6,9,315,15,116,214,330
198534,8,5,1,207,417,380,664,624,1044,587,1081,1668
198543,8,5,1,126,362,115,250,488,365,241,612,853
198552,8,5,1,114,180,208,553,294,761,322,733,1055
198570,8,5,1,22,67,71,258,89,329,93,325,418
198598,8,5,1,10,14,9,16,24,25,19,30,49
198622,8,5,1,159,250,255,533,409,788,414,783,1197
198668,8,5,1,17,21,11,71,38,82,28,92,120
198710,8,5,1,14,32,26,79,46,105,40,111,151
198756,8,5,1,16,31,3,4,47,7,19,35,54
198808,8,5,1,10,22,1,6,32,7,11,28,39
198817,8,5,1,14,33,21,96,47,117,35,129,164
198835,8,5,1,53,131,36,97,184,133,89,228,317
198862,8,5,1,18,6,0,2,24,2,18,8,26
198899,8,5,1,13,8,9,10,21,19,22,18,40
198905,8,5,1,1,11,6,22,12,28,7,33,40
198950,8,5,1,6,31,5,39,37,44,11,70,81
198969,8,5,1,58,108,12,40,166,52,70,148,218
198987,8,5,1,12,28,41,95,40,136,53,123,176
199087,8,5,1,14,27,41,115,41,156,55,142,197
199102,8,5,1,232,257,145,177,489,322,377,434,811
199111,8,5,1,81,78,29,37,159,66,110,115,225
199120,8,5,1,1596,2413,283,426,4009,709,1879,2839,4718
199139,8,5,1,909,777,554,730,1686,1284,1463,1507,2970
199148,8,5,1,426,721,276,574,1147,850,702,1295,1997
199157,8,5,1,177,367,73,227,544,300,250,594,844
199184,8,5,1,40,33,2,3,73,5,42,36,78
199193,8,5,1,1703,1432,610,593,3135,1203,2313,2025,4338
199218,8,5,1,333,600,217,671,933,888,550,1271,1821
199272,8,5,1,13,14,6,13,27,19,19,27,46
199281,8,5,1,140,271,175,362,411,537,315,633,948
199324,8,5,1,2,6,17,52,8,69,19,58,77
199412,8,5,1,18,54,37,89,72,126,55,143,198
199494,8,5,1,34,87,132,279,121,411,166,366,532
199607,8,5,1,0,8,4,29,8,33,4,37,41
199625,8,5,1,18,34,13,53,52,66,31,87,118
199689,8,5,1,0,24,3,8,24,11,3,32,35
199731,8,5,1,25,35,34,106,60,140,59,141,200
199740,8,5,1,5,24,39,160,29,199,44,184,228
199759,8,5,1,207,61,252,93,268,345,459,154,613
199768,8,5,1,15,39,15,60,54,75,30,99,129
199795,8,5,1,10,12,15,23,22,38,25,35,60
199856,8,5,1,295,285,629,957,580,1586,924,1242,2166
199865,8,5,1,9,14,0,4,23,4,9,18,27
199883,8,5,1,6,49,0,0,55,0,6,49,55
199908,8,5,1,9,39,28,63,48,91,37,102,139
199926,8,5,1,10,21,33,59,31,92,43,80,123
199971,8,5,1,5,0,0,0,5,0,5,0,5
199999,8,5,1,57,181,30,95,238,125,87,276,363
200004,8,5,1,198,287,171,340,485,511,369,627,996
200013,8,5,1,6,44,6,36,50,42,12,80,92
200022,8,5,1,81,56,74,67,137,141,155,123,278
200059,8,5,1,23,36,30,28,59,58,53,64,117
200086,8,5,1,2,10,3,6,12,9,5,16,21
200192,8,5,1,10,30,30,34,40,64,40,64,104
200217,8,5,1,78,143,74,104,221,178,152,247,399
200280,8,5,1,489,396,508,579,885,1087,997,975,1972
200305,8,5,1,23,23,15,23,46,38,38,46,84
200314,8,5,1,7,22,20,37,29,57,27,59,86
200332,8,5,1,236,193,243,259,429,502,479,452,931
200527,8,5,1,20,42,4,4,62,8,24,46,70
200554,8,5,1,18,47,3,2,65,5,21,49,70
200572,8,5,1,10,21,27,53,31,80,37,74,111
200590,8,5,1,6,30,0,1,36,1,6,31,37
200697,8,5,1,129,19,131,33,148,164,260,52,312
200800,8,5,1,375,347,285,275,722,560,660,622,1282
200846,8,5,1,3,21,12,11,24,23,15,32,47
201061,8,5,1,5,3,2,1,8,3,7,4,11
201177,8,5,1,0,5,2,22,5,24,2,27,29
201195,8,5,1,42,75,13,26,117,39,55,101,156
201283,8,5,1,5,13,5,27,18,32,10,40,50
201432,8,5,1,9,21,16,25,30,41,25,46,71
201441,8,5,1,334,281,192,352,615,544,526,633,1159
201469,8,5,1,10,63,4,38,73,42,14,101,115
201548,8,5,1,76,116,32,40,192,72,108,156,264
201645,8,5,1,960,1060,139,179,2020,318,1099,1239,2338
201654,8,5,1,27,19,21,39,46,60,48,58,106
201821,8,5,1,9,71,3,33,80,36,12,104,116
201885,8,5,1,1232,1403,707,1380,2635,2087,1939,2783,4722
201946,8,5,1,36,64,127,321,100,448,163,385,548
201955,8,5,1,48,57,90,218,105,308,138,275,413
201964,8,5,1,15,32,13,22,47,35,28,54,82
202046,8,5,1,11,6,0,1,17,1,11,7,18
202170,8,5,1,22,27,1,3,49,4,23,30,53
202222,8,5,1,182,240,1033,1117,422,2150,1215,1357,2572
202356,8,5,1,183,264,512,1012,447,1524,695,1276,1971
202453,8,5,1,20,1,0,0,21,0,20,1,21
202480,8,5,1,398,299,102,98,697,200,500,397,897
202523,8,5,1,1,2,0,0,3,0,1,2,3
202648,8,5,1,19,15,45,110,34,155,64,125,189
202763,8,5,1,107,129,35,58,236,93,142,187,329
203067,8,5,1,27,67,2,5,94,7,29,72,101
203085,8,5,1,10,4,8,9,14,17,18,13,31
203128,8,5,1,8,4,2,4,12,6,10,8,18
203155,8,5,1,44,45,18,29,89,47,62,74,136
203289,8,5,1,5,3,0,0,8,0,5,3,8
203368,8,5,1,21,28,32,53,49,85,53,81,134
203447,8,5,1,3,16,87,113,19,200,90,129,219
203456,8,5,1,0,0,38,63,0,101,38,63,101
203465,8,5,1,32,28,83,128,60,211,115,156,271
203474,8,5,1,12,15,66,102,27,168,78,117,195
203483,8,5,1,6,13,69,100,19,169,75,113,188
203492,8,5,1,2,21,33,64,23,97,35,85,120
203517,8,5,1,643,773,393,725,1416,1118,1036,1498,2534
203526,8,5,1,5,8,70,101,13,171,75,109,184
203544,8,5,1,16,105,8,16,121,24,24,121,145
203580,8,5,1,5,10,18,11,15,29,23,21,44
203599,8,5,1,24,48,112,255,72,367,136,303,439
203678,8,5,1,12,24,18,100,36,118,30,124,154
203720,8,5,1,13,9,1,4,22,5,14,13,27
203748,8,5,1,48,82,163,380,130,543,211,462,673
203757,8,5,1,19,38,3,9,57,12,22,47,69
203775,8,5,1,6,18,7,51,24,58,13,69,82
203845,8,5,1,11,13,2,3,24,5,13,16,29
203881,8,5,1,16,26,49,87,42,136,65,113,178
203960,8,5,1,17,64,17,155,81,172,34,219,253
204006,8,5,1,35,45,56,32,80,88,91,77,168
204015,8,5,1,22,17,23,16,39,39,45,33,78
204024,8,5,1,163,184,87,315,347,402,250,499,749
204194,8,5,1,27,68,10,30,95,40,37,98,135
204200,8,5,1,27,54,16,66,81,82,43,120,163
204255,8,5,1,21,28,15,32,49,47,36,60,96
204422,8,5,1,11,31,53,81,42,134,64,112,176
204468,8,5,1,16,19,21,49,35,70,37,68,105
204477,8,5,1,171,153,3,7,324,10,174,160,334
204617,8,5,1,23,33,20,63,56,83,43,96,139
204635,8,5,1,49,38,4,2,87,6,53,40,93
204662,8,5,1,3,3,2,1,6,3,5,4,9
204671,8,5,1,8,14,1,9,22,10,9,23,32
204680,8,5,1,11,13,5,6,24,11,16,19,35
204699,8,5,1,12,7,10,9,19,19,22,16,38
204705,8,5,1,18,24,11,9,42,20,29,33,62
204796,8,5,1,2149,2473,1111,1088,4622,2199,3260,3561,6821
204802,8,5,1,5,8,26,36,13,62,31,44,75
204820,8,5,1,11,31,37,43,42,80,48,74,122
204839,8,5,1,12,23,28,67,35,95,40,90,130
204848,8,5,1,7,20,48,70,27,118,55,90,145
204857,8,5,1,695,815,435,983,1510,1418,1130,1798,2928
204866,8,5,1,8,28,35,72,36,107,43,100,143
204909,8,5,1,4,3,0,0,7,0,4,3,7
204936,8,5,1,27,35,13,34,62,47,40,69,109
204945,8,5,1,65,107,495,334,172,829,560,441,1001
205090,8,5,1,0,1,3,9,1,12,3,10,13
205443,8,5,1,58,65,34,56,123,90,92,121,213
205470,8,5,1,135,144,714,829,279,1543,849,973,1822
205841,8,5,1,101,120,263,415,221,678,364,535,899
205966,8,5,1,4,21,16,66,25,82,20,87,107
206011,8,5,1,7,19,102,48,26,150,109,67,176
206279,8,5,1,20,34,18,45,54,63,38,79,117
206321,8,5,1,1,12,2,3,13,5,3,15,18
206349,8,5,1,14,60,6,66,74,72,20,126,146
206507,8,5,1,7,12,7,2,19,9,14,14,28
206525,8,5,1,3,2,8,9,5,17,11,11,22
206589,8,5,1,2,1,0,0,3,0,2,1,3
206604,8,5,1,352,426,392,331,778,723,744,757,1501
206613,8,5,1,6,12,22,10,18,32,28,22,50
206622,8,5,1,73,144,90,149,217,239,163,293,456
206695,8,5,1,258,293,172,267,551,439,430,560,990
206862,8,5,1,25,42,12,21,67,33,37,63,100
206914,8,5,1,82,153,67,140,235,207,149,293,442
206923,8,5,1,29,62,14,89,91,103,43,151,194
206996,8,5,1,15,55,17,82,70,99,32,137,169
207041,8,5,1,103,153,59,80,256,139,162,233,395
207050,8,5,1,5,24,12,59,29,71,17,83,100
207069,8,5,1,7,18,16,58,25,74,23,76,99
207102,8,5,1,5,10,0,0,15,0,5,10,15
207209,8,5,1,26,28,15,20,54,35,41,48,89
207236,8,5,1,21,39,22,103,60,125,43,142,185
207263,8,5,1,151,324,153,306,475,459,304,630,934
207281,8,5,1,21,42,29,81,63,110,50,123,173
207290,8,5,1,14,61,11,58,75,69,25,119,144
207306,8,5,1,26,50,21,50,76,71,47,100,147
207315,8,5,1,189,231,22,50,420,72,211,281,492
207324,8,5,1,111,98,53,38,209,91,164,136,300
207342,8,5,1,386,541,44,142,927,186,430,683,1113
207351,8,5,1,20,51,14,42,71,56,34,93,127
207388,8,5,1,580,589,626,552,1169,1178,1206,1141,2347
207500,8,5,1,865,775,465,529,1640,994,1330,1304,2634
207564,8,5,1,64,26,50,63,90,113,114,89,203
207582,8,5,1,116,121,53,64,237,117,169,185,354
207661,8,5,1,64,105,63,76,169,139,127,181,308
207670,8,5,1,58,118,114,314,176,428,172,432,604
207740,8,5,1,9,33,13,77,42,90,22,110,132
207847,8,5,1,131,201,178,273,332,451,309,474,783
207865,8,5,1,109,214,51,117,323,168,160,331,491
207935,8,5,1,173,220,364,864,393,1228,537,1084,1621
207962,8,5,1,83,20,0,0,103,0,83,20,103
207971,8,5,1,169,132,46,32,301,78,215,164,379
208035,8,5,1,6,15,12,68,21,80,18,83,101
208275,8,5,1,11,19,60,53,30,113,71,72,143
208318,8,5,1,90,78,139,136,168,275,229,214,443
208390,8,5,1,128,150,328,339,278,667,456,489,945
208406,8,5,1,57,80,239,179,137,418,296,259,555
208415,8,5,1,8,9,23,27,17,50,31,36,67
208646,8,5,1,48,91,64,101,139,165,112,192,304
208822,8,5,1,91,181,44,92,272,136,135,273,408
209038,8,5,1,119,153,242,232,272,474,361,385,746
209074,8,5,1,77,102,129,178,179,307,206,280,486
209250,8,5,1,94,136,504,219,230,723,598,355,953
209490,8,5,1,320,650,41,105,970,146,361,755,1116
209506,8,5,1,126,127,90,107,253,197,216,234,450
209542,8,5,1,1382,1342,1345,1291,2724,2636,2727,2633,5360
209551,8,5,1,738,827,113,122,1565,235,851,949,1800
209603,8,5,1,21,44,1,4,65,5,22,48,70
209612,8,5,1,199,556,17,49,755,66,216,605,821
209746,8,5,1,423,488,760,1098,911,1858,1183,1586,2769
209807,8,5,1,1124,1440,577,838,2564,1415,1701,2278,3979
209825,8,5,1,16,28,23,43,44,66,39,71,110
209922,8,5,1,9,2,2,7,11,9,11,9,20
210234,8,5,1,36,23,27,48,59,75,63,71,134
210270,8,5,1,36,41,84,114,77,198,120,155,275
210401,8,5,1,78,77,1,6,155,7,79,83,162
210429,8,5,1,98,165,39,84,263,123,137,249,386
210605,8,5,1,165,204,523,662,369,1185,688,866,1554
210739,8,5,1,35,79,53,99,114,152,88,178,266
210775,8,5,1,37,86,26,77,123,103,63,163,226
211088,8,5,1,67,148,50,149,215,199,117,297,414
211130,8,5,1,5,5,3,3,10,6,8,8,16
211291,8,5,1,8,7,2,6,15,8,10,13,23
211307,8,5,1,54,66,158,360,120,518,212,426,638
211316,8,5,1,0,10,0,8,10,8,0,18,18
211343,8,5,1,22,28,46,99,50,145,68,127,195
211352,8,5,1,14,14,31,58,28,89,45,72,117
211431,8,5,1,15,131,29,209,146,238,44,340,384
211440,8,5,1,1973,1121,162,123,3094,285,2135,1244,3379
211556,8,5,1,45,158,34,100,203,134,79,258,337
211583,8,5,1,33,105,14,55,138,69,47,160,207
211608,8,5,1,7,5,1,3,12,4,8,8,16
211927,8,5,1,76,107,275,637,183,912,351,744,1095
212045,8,5,1,7,13,0,0,20,0,7,13,20
212054,8,5,1,1046,1341,414,979,2387,1393,1460,2320,3780
212106,8,5,1,291,411,24,56,702,80,315,467,782
212115,8,5,1,92,96,62,143,188,205,154,239,393
212133,8,5,1,97,163,245,372,260,617,342,535,877
212197,8,5,1,9,14,15,23,23,38,24,37,61
212230,8,5,1,0,6,0,2,6,2,0,8,8
212267,8,5,1,0,7,0,5,7,5,0,12,12
212276,8,5,1,0,7,0,2,7,2,0,9,9
212294,8,5,1,0,10,0,1,10,1,0,11,11
212300,8,5,1,0,9,0,2,9,2,0,11,11
212328,8,5,1,1,5,0,6,6,6,1,11,12
212337,8,5,1,0,7,0,10,7,10,0,17,17
212355,8,5,1,0,14,2,7,14,9,2,21,23
212382,8,5,1,0,16,0,13,16,13,0,29,29
212391,8,5,1,0,9,1,4,9,5,1,13,14
212601,8,5,1,214,183,31,72,397,103,245,255,500
212674,8,5,1,1,0,32,43,1,75,33,43,76
212753,8,5,1,1,8,1,7,9,8,2,15,17
212771,8,5,1,0,7,7,32,7,39,7,39,46
212805,8,5,1,7,2,5,4,9,9,12,6,18
212869,8,5,1,13,81,12,61,94,73,25,142,167
212878,8,5,1,112,194,304,879,306,1183,416,1073,1489
212975,8,5,1,4,2,0,0,6,0,4,2,6
212984,8,5,1,32,150,32,224,182,256,64,374,438
213011,8,5,1,18,75,36,143,93,179,54,218,272
213020,8,5,1,147,137,127,166,284,293,274,303,577
213181,8,5,1,5,42,0,8,47,8,5,50,55
213251,8,5,1,6,1,5,2,7,7,11,3,14
213321,8,5,1,14,12,16,34,26,50,30,46,76
213349,8,5,1,75,111,86,225,186,311,161,336,497
213367,8,5,1,27,97,106,276,124,382,133,373,506
213376,8,5,1,37,107,26,69,144,95,63,176,239
213385,8,5,1,2,3,0,0,5,0,2,3,5
213446,8,5,1,1,2,1,1,3,2,2,3,5
213507,8,5,1,14,14,17,25,28,42,31,39,70
213525,8,5,1,50,73,111,367,123,478,161,440,601
213570,8,5,1,14,62,0,0,76,0,14,62,76
213589,8,5,1,28,4,10,1,32,11,38,5,43
213598,8,5,1,19,21,4,12,40,16,23,33,56
213659,8,5,1,38,82,73,279,120,352,111,361,472
213668,8,5,1,2,7,1,0,9,1,3,7,10
213774,8,5,1,3,12,3,24,15,27,6,36,42
213987,8,5,1,38,51,19,28,89,47,57,79,136
213996,8,5,1,24,43,63,114,67,177,87,157,244
214041,8,5,1,57,93,121,291,150,412,178,384,562
214111,8,5,1,61,103,258,553,164,811,319,656,975
214148,8,5,1,0,7,0,5,7,5,0,12,12
214157,8,5,1,42,61,27,85,103,112,69,146,215
214175,8,5,1,3,3,4,4,6,8,7,7,14
214272,8,5,1,32,61,22,72,93,94,54,133,187
214379,8,5,1,88,141,184,469,229,653,272,610,882
214564,8,5,1,105,372,3,26,477,29,108,398,506
214591,8,5,1,45,16,29,6,61,35,74,22,96
214607,8,5,1,24,9,27,23,33,50,51,32,83
214625,8,5,1,9,6,4,4,15,8,13,10,23
214634,8,5,1,1,6,4,11,7,15,5,17,22
214643,8,5,1,9,0,2,0,9,2,11,0,11
214652,8,5,1,12,15,3,4,27,7,15,19,34
214670,8,5,1,9,9,7,6,18,13,16,15,31
214689,8,5,1,16,22,4,0,38,4,20,22,42
214698,8,5,1,8,0,2,0,8,2,10,0,10
214704,8,5,1,30,20,12,12,50,24,42,32,74
214713,8,5,1,99,67,52,58,166,110,151,125,276
214731,8,5,1,9,5,6,2,14,8,15,7,22
214740,8,5,1,3,2,0,2,5,2,3,4,7
214759,8,5,1,2,5,2,2,7,4,4,7,11
214768,8,5,1,7,5,4,4,12,8,11,9,20
214777,8,5,1,1670,1397,97,91,3067,188,1767,1488,3255
214786,8,5,1,5,5,1,2,10,3,6,7,13
214795,8,5,1,7,6,1,3,13,4,8,9,17
214801,8,5,1,50,22,29,14,72,43,79,36,115
214810,8,5,1,6,4,0,2,10,2,6,6,12
214829,8,5,1,15,7,9,6,22,15,24,13,37
214883,8,5,1,10,25,23,73,35,96,33,98,131
215053,8,5,1,5,4,2,1,9,3,7,5,12
215062,8,5,1,2448,3165,572,877,5613,1449,3020,4042,7062
215105,8,5,1,24,38,0,7,62,7,24,45,69
215123,8,5,1,654,941,20,35,1595,55,674,976,1650
215239,8,5,1,141,234,339,1014,375,1353,480,1248,1728
215266,8,5,1,10,3,0,6,13,6,10,9,19
215275,8,5,1,17,16,8,6,33,14,25,22,47
215284,8,5,1,19,9,3,2,28,5,22,11,33
215293,8,5,1,1342,1634,327,418,2976,745,1669,2052,3721
215309,8,5,1,0,5,1,2,5,3,1,7,8
215381,8,5,1,59,6,0,0,65,0,59,6,65
215424,8,5,1,5,7,5,0,12,5,10,7,17
215442,8,5,1,48,55,66,125,103,191,114,180,294
215479,8,5,1,2,14,0,0,16,0,2,14,16
215585,8,5,1,30,32,119,313,62,432,149,345,494
215655,8,5,1,64,45,61,65,109,126,125,110,235
215743,8,5,1,21,43,15,52,64,67,36,95,131
215798,8,5,1,33,37,9,7,70,16,42,44,86
215929,8,5,1,65,83,69,105,148,174,134,188,322
216010,8,5,1,60,45,63,98,105,161,123,143,266
216038,8,5,1,111,130,74,222,241,296,185,352,537
216339,8,5,1,1521,1853,422,635,3374,1057,1943,2488,4431
216357,8,5,1,12,22,1,1,34,2,13,23,36
216366,8,5,1,478,870,112,549,1348,661,590,1419,2009
216454,8,5,1,9,1,0,0,10,0,9,1,10
216524,8,5,1,6,2,0,1,8,1,6,3,9
216542,8,5,1,9,10,9,4,19,13,18,14,32
216579,8,5,1,0,9,0,0,9,0,0,9,9
216597,8,5,1,224,281,278,318,505,596,502,599,1101
216667,8,5,1,2,2,0,0,4,0,2,2,4
216694,8,5,1,9,19,4,17,28,21,13,36,49
216746,8,5,1,5,1,4,0,6,4,9,1,10
216764,8,5,1,236,323,338,610,559,948,574,933,1507
216825,8,5,1,21,64,72,200,85,272,93,264,357
216852,8,5,1,216,395,48,283,611,331,264,678,942
216931,8,5,1,44,80,96,451,124,547,140,531,671
217013,8,5,1,12,18,43,139,30,182,55,157,212
217059,8,5,1,35,55,30,92,90,122,65,147,212
217156,8,5,1,725,757,26,33,1482,59,751,790,1541
217165,8,5,1,26,57,24,15,83,39,50,72,122
217235,8,5,1,67,93,17,33,160,50,84,126,210
217305,8,5,1,101,162,21,27,263,48,122,189,311
217323,8,5,1,44,0,0,0,44,0,44,0,44
217402,8,5,1,12,12,43,42,24,85,55,54,109
217420,8,5,1,111,275,107,287,386,394,218,562,780
217493,8,5,1,100,177,0,0,277,0,100,177,277
217518,8,5,1,25,31,32,32,56,64,57,63,120
217536,8,5,1,11,31,23,85,42,108,34,116,150
217581,8,5,1,0,19,0,11,19,11,0,30,30
217633,8,5,1,75,148,13,27,223,40,88,175,263
217688,8,5,1,73,120,42,70,193,112,115,190,305
217712,8,5,1,21,30,49,193,51,242,70,223,293
217721,8,5,1,39,31,1,4,70,5,40,35,75
217749,8,5,1,18,25,37,35,43,72,55,60,115
217819,8,5,1,164,134,84,122,298,206,248,256,504
217864,8,5,1,107,40,108,114,147,222,215,154,369
217873,8,5,1,32,50,12,22,82,34,44,72,116
217882,8,5,1,890,561,334,457,1451,791,1224,1018,2242
217891,8,5,1,11,9,0,0,20,0,11,9,20
217907,8,5,1,11,34,5,14,45,19,16,48,64
217925,8,5,1,19,17,64,98,36,162,83,115,198
217934,8,5,1,14,85,11,90,99,101,25,175,200
217961,8,5,1,10,33,17,62,43,79,27,95,122
217989,8,5,1,4,8,3,12,12,15,7,20,27
218025,8,5,1,30,64,55,180,94,235,85,244,329
218061,8,5,1,37,65,33,74,102,107,70,139,209
218113,8,5,1,166,251,283,571,417,854,449,822,1271
218140,8,5,1,122,205,142,437,327,579,264,642,906
218229,8,5,1,33,57,32,89,90,121,65,146,211
218335,8,5,1,415,705,8,76,1120,84,423,781,1204
218353,8,5,1,95,205,198,530,300,728,293,735,1028
218399,8,5,1,13,11,1,0,24,1,14,11,25
218414,8,5,1,12,11,2,3,23,5,14,14,28
218441,8,5,1,41,45,6,10,86,16,47,55,102
218487,8,5,1,13,36,22,130,49,152,35,166,201
218520,8,5,1,52,113,89,367,165,456,141,480,621
218539,8,5,1,10,46,0,3,56,3,10,49,59
218645,8,5,1,62,118,64,113,180,177,126,231,357
218654,8,5,1,21,50,10,45,71,55,31,95,126
218663,8,5,1,1019,1132,230,484,2151,714,1249,1616,2865
218672,8,5,1,4,11,4,17,15,21,8,28,36
218681,8,5,1,0,6,4,6,6,10,4,12,16
218690,8,5,1,1,5,17,20,6,37,18,25,43
218706,8,5,1,0,9,2,3,9,5,2,12,14
218724,8,5,1,97,76,53,101,173,154,150,177,327
218733,8,5,1,34,56,21,16,90,37,55,72,127
218742,8,5,1,82,144,71,173,226,244,153,317,470
218751,8,5,1,72,86,0,1,158,1,72,87,159
218821,8,5,1,9,7,0,2,16,2,9,9,18
218830,8,5,1,90,161,133,332,251,465,223,493,716
218885,8,5,1,55,55,82,172,110,254,137,227,364
218919,8,5,1,7,15,1,3,22,4,8,18,26
218973,8,5,1,0,0,0,1,0,1,0,1,1
218991,8,5,1,52,77,103,185,129,288,155,262,417
219037,8,5,1,0,5,0,1,5,1,0,6,6
219082,8,5,1,66,26,122,69,92,191,188,95,283
219125,8,5,1,0,9,0,4,9,4,0,13,13
219170,8,5,1,2,0,0,0,2,0,2,0,2
219189,8,5,1,18,12,6,12,30,18,24,24,48
219198,8,5,1,36,58,7,8,94,15,43,66,109
219204,8,5,1,14,14,86,87,28,173,100,101,201
219259,8,5,1,15,14,45,102,29,147,60,116,176
219277,8,5,1,24,62,32,78,86,110,56,140,196
219338,8,5,1,0,2,0,0,2,0,0,2,2
219347,8,5,1,85,24,58,18,109,76,143,42,185
219426,8,5,1,54,46,41,106,100,147,95,152,247
219471,8,5,1,288,297,141,290,585,431,429,587,1016
219480,8,5,1,32,37,10,40,69,50,42,77,119
219602,8,5,1,267,289,247,316,556,563,514,605,1119
219639,8,5,1,2,42,3,92,44,95,5,134,139
219806,8,5,1,15,31,45,154,46,199,60,185,245
219824,8,5,1,79,180,132,259,259,391,211,439,650
219833,8,5,1,178,99,28,19,277,47,206,118,324
219879,8,5,1,31,54,38,77,85,115,69,131,200
219888,8,5,1,55,55,62,144,110,206,117,199,316
219921,8,5,1,6,11,10,5,17,15,16,16,32
219994,8,5,1,26,27,6,0,53,6,32,27,59
220057,8,5,1,31,48,39,129,79,168,70,177,247
220075,8,5,1,405,614,156,361,1019,517,561,975,1536
220127,8,5,1,16,33,3,0,49,3,19,33,52
220163,8,5,1,0,7,0,2,7,2,0,9,9
220215,8,5,1,16,15,24,32,31,56,40,47,87
220251,8,5,1,2,6,3,3,8,6,5,9,14
220279,8,5,1,6,9,8,0,15,8,14,9,23
220321,8,5,1,7,9,2,7,16,9,9,16,25
220394,8,5,1,10,11,0,0,21,0,10,11,21
220400,8,5,1,24,66,44,146,90,190,68,212,280
220473,8,5,1,10,12,19,17,22,36,29,29,58
220516,8,5,1,35,85,10,27,120,37,45,112,157
220598,8,5,1,23,15,0,1,38,1,23,16,39
220604,8,5,1,17,43,4,9,60,13,21,52,73
220701,8,5,1,9,10,1,4,19,5,10,14,24
220710,8,5,1,11,14,0,1,25,1,11,15,26
220792,8,5,1,180,336,0,0,516,0,180,336,516
220862,8,5,1,716,833,487,858,1549,1345,1203,1691,2894
220978,8,5,1,517,474,450,591,991,1041,967,1065,2032
221050,8,5,1,37,17,9,7,54,16,46,24,70
221096,8,5,1,52,79,71,175,131,246,123,254,377
221148,8,5,1,61,12,0,0,73,0,61,12,73
221184,8,5,1,102,164,165,363,266,528,267,527,794
221333,8,5,1,4,9,7,2,13,9,11,11,22
221397,8,5,1,54,71,55,156,125,211,109,227,336
221430,8,5,1,13,10,6,6,23,12,19,16,35
221485,8,5,1,70,143,101,302,213,403,171,445,616
221494,8,5,1,23,12,4,6,35,10,27,18,45
221519,8,5,1,12,2,4,3,14,7,16,5,21
221582,8,5,1,11,5,0,0,16,0,11,5,16
221607,8,5,1,2,4,8,1,6,9,10,5,15
221625,8,5,1,46,35,4,0,81,4,50,35,85
221643,8,5,1,80,97,247,260,177,507,327,357,684
221740,8,5,1,237,241,196,156,478,352,433,397,830
221759,8,5,1,685,721,570,549,1406,1119,1255,1270,2525
221768,8,5,1,79,126,76,107,205,183,155,233,388
221838,8,5,1,129,211,90,165,340,255,219,376,595
221847,8,5,1,152,127,176,208,279,384,328,335,663
221908,8,5,1,75,98,199,179,173,378,274,277,551
221999,8,5,1,937,1196,67,173,2133,240,1004,1369,2373
222053,8,5,1,88,144,122,263,232,385,210,407,617
222062,8,5,1,72,88,60,118,160,178,132,206,338
222178,8,5,1,25,72,68,146,97,214,93,218,311
222576,8,5,1,108,218,164,464,326,628,272,682,954
222822,8,5,1,28,97,40,120,125,160,68,217,285
222831,8,5,1,149,220,135,130,369,265,284,350,634
222877,8,5,1,7,1,0,1,8,1,7,2,9
222992,8,5,1,499,413,1321,1957,912,3278,1820,2370,4190
223223,8,5,1,310,444,6,1,754,7,316,445,761
223232,8,5,1,511,768,90,325,1279,415,601,1093,1694
223320,8,5,1,8,55,30,122,63,152,38,177,215
223506,8,5,1,19,25,163,179,44,342,182,204,386
223816,8,5,1,70,115,490,591,185,1081,560,706,1266
223922,8,5,1,27,16,19,8,43,27,46,24,70
224147,8,5,1,182,233,336,481,415,817,518,714,1232
224156,8,5,1,3,37,1,12,40,13,4,49,53
224323,8,5,1,72,29,84,80,101,164,156,109,265
224527,8,5,1,17,21,14,18,38,32,31,39,70
224554,8,5,1,415,518,281,437,933,718,696,955,1651
224615,8,5,1,471,592,1412,2587,1063,3999,1883,3179,5062
224642,8,5,1,181,199,559,946,380,1505,740,1145,1885
224891,8,5,1,6,15,5,19,21,24,11,34,45
224961,8,5,1,20,38,52,125,58,177,72,163,235
225247,8,5,1,40,79,13,16,119,29,53,95,148
225399,8,5,1,36,51,83,241,87,324,119,292,411
225414,8,5,1,355,485,478,760,840,1238,833,1245,2078
225432,8,5,1,361,551,689,1165,912,1854,1050,1716,2766
225511,8,5,1,1693,1605,1265,1177,3298,2442,2958,2782,5740
225548,8,5,1,6,8,15,9,14,24,21,17,38
225885,8,5,1,13,10,8,7,23,15,21,17,38
226116,8,5,1,24,51,27,110,75,137,51,161,212
226134,8,5,1,44,49,176,299,93,475,220,348,568
226204,8,5,1,68,28,242,210,96,452,310,238,548
226277,8,5,1,143,23,0,0,166,0,143,23,166
226383,8,5,1,13,43,9,42,56,51,22,85,107
226408,8,5,1,19,46,76,227,65,303,95,273,368
226471,8,5,1,63,133,17,40,196,57,80,173,253
226578,8,5,1,58,165,102,343,223,445,160,508,668
226587,8,5,1,25,21,6,9,46,15,31,30,61
226675,8,5,1,11,55,0,0,66,0,11,55,66
227146,8,5,1,43,93,64,189,136,253,107,282,389
227182,8,5,1,586,671,1434,2756,1257,4190,2020,3427,5447
227216,8,5,1,1860,1508,1099,1305,3368,2404,2959,2813,5772
227331,8,5,1,42,244,5,56,286,61,47,300,347
227368,8,5,1,831,1122,810,1174,1953,1984,1641,2296,3937
227377,8,5,1,53,62,95,170,115,265,148,232,380
227386,8,5,1,15,42,17,86,57,103,32,128,160
227401,8,5,1,46,80,40,99,126,139,86,179,265
227526,8,5,1,157,195,97,135,352,232,254,330,584
227757,8,5,1,867,531,82,47,1398,129,949,578,1527
227845,8,5,1,56,79,36,113,135,149,92,192,284
227863,8,5,1,89,154,58,95,243,153,147,249,396
227881,8,5,1,450,654,416,751,1104,1167,866,1405,2271
227979,8,5,1,199,282,786,1398,481,2184,985,1680,2665
228042,8,5,1,12,22,2,5,34,7,14,27,41
228149,8,5,1,153,161,30,58,314,88,183,219,402
228158,8,5,1,124,207,159,342,331,501,283,549,832
228194,8,5,1,141,149,35,36,290,71,176,185,361
228246,8,5,1,416,350,488,379,766,867,904,729,1633
228282,8,5,1,1,1,0,0,2,0,1,1,2
228343,8,5,1,13,8,0,1,21,1,13,9,22
228431,8,5,1,151,261,124,229,412,353,275,490,765
228459,8,5,1,983,1052,702,830,2035,1532,1685,1882,3567
228501,8,5,1,31,53,50,141,84,191,81,194,275
228529,8,5,1,160,324,271,551,484,822,431,875,1306
228547,8,5,1,272,249,1254,2179,521,3433,1526,2428,3954
228635,8,5,1,404,524,36,61,928,97,440,585,1025
228644,8,5,1,456,706,39,74,1162,113,495,780,1275
228653,8,5,1,413,712,60,264,1125,324,473,976,1449
228699,8,5,1,38,66,36,151,104,187,74,217,291
228705,8,5,1,200,159,141,141,359,282,341,300,641
228723,8,5,1,2827,2094,593,555,4921,1148,3420,2649,6069
228769,8,5,1,1849,1669,1397,2730,3518,4127,3246,4399,7645
228778,8,5,1,2502,2250,158,170,4752,328,2660,2420,5080
228787,8,5,1,2178,1401,913,609,3579,1522,3091,2010,5101
228796,8,5,1,698,780,817,979,1478,1796,1515,1759,3274
228802,8,5,1,284,367,258,445,651,703,542,812,1354
228875,8,5,1,353,387,24,34,740,58,377,421,798
228909,8,5,1,384,582,11,42,966,53,395,624,1019
229018,8,5,1,155,283,128,234,438,362,283,517,800
229027,8,5,1,1053,856,1011,922,1909,1933,2064,1778,3842
229063,8,5,1,302,475,107,175,777,282,409,650,1059
229115,8,5,1,1212,986,464,587,2198,1051,1676,1573,3249
229179,8,5,1,170,1099,143,1303,1269,1446,313,2402,2715
229267,8,5,1,7,6,6,12,13,18,13,18,31
229337,8,5,1,436,774,54,325,1210,379,490,1099,1589
229355,8,5,1,83,144,155,403,227,558,238,547,785
229504,8,5,1,30,37,34,158,67,192,64,195,259
229780,8,5,1,65,98,80,95,163,175,145,193,338
229799,8,5,1,45,76,66,258,121,324,111,334,445
229814,8,5,1,158,277,291,385,435,676,449,662,1111
229841,8,5,1,34,44,90,166,78,256,124,210,334
229887,8,5,1,17,20,2,6,37,8,19,26,45
230038,8,5,1,1468,594,754,340,2062,1094,2222,934,3156
230047,8,5,1,278,247,17,21,525,38,295,268,563
230162,8,5,1,19,29,227,67,48,294,246,96,342
230171,8,5,1,282,196,172,135,478,307,454,331,785
230214,8,5,1,2,11,8,43,13,51,10,54,64
230597,8,5,1,39,23,26,34,62,60,65,57,122
230603,8,5,1,368,176,314,400,544,714,682,576,1258
230676,8,5,1,7,6,13,4,13,17,20,10,30
230728,8,5,1,815,519,655,623,1334,1278,1470,1142,2612
230746,8,5,1,307,322,1155,1118,629,2273,1462,1440,2902
230764,8,5,1,2206,1833,766,648,4039,1414,2972,2481,5453
230782,8,5,1,731,590,563,680,1321,1243,1294,1270,2564
230807,8,5,1,43,86,12,14,129,26,55,100,155
230816,8,5,1,4,11,0,0,15,0,4,11,15
230834,8,5,1,17,32,25,65,49,90,42,97,139
230852,8,5,1,93,53,122,97,146,219,215,150,365
230861,8,5,1,29,46,146,484,75,630,175,530,705
230913,8,5,1,9,35,30,92,44,122,39,127,166
230959,8,5,1,2,1,2,6,3,8,4,7,11
231059,8,5,1,11,9,7,16,20,23,18,25,43
231095,8,5,1,3,8,2,1,11,3,5,9,14
231165,8,5,1,38,63,44,77,101,121,82,140,222
231174,8,5,1,343,477,83,142,820,225,426,619,1045
231280,8,5,1,0,10,0,7,10,7,0,17,17
231411,8,5,1,50,8,0,0,58,0,50,8,58
231420,8,5,1,17,47,14,37,64,51,31,84,115
231536,8,5,1,24,22,76,151,46,227,100,173,273
231581,8,5,1,2,5,0,0,7,0,2,5,7
231624,8,5,1,265,332,142,160,597,302,407,492,899
231688,8,5,1,0,0,0,4,0,4,0,4,4
231697,8,5,1,19,26,68,140,45,208,87,166,253
231712,8,5,1,17,15,10,3,32,13,27,18,45
231785,8,5,1,18,110,4,123,128,127,22,233,255
231873,8,5,1,11,11,7,17,22,24,18,28,46
231882,8,5,1,30,39,18,71,69,89,48,110,158
232025,8,5,1,37,67,2,1,104,3,39,68,107
232043,8,5,1,11,28,14,56,39,70,25,84,109
232052,8,5,1,2,9,5,21,11,26,7,30,37
232089,8,5,1,6,8,0,4,14,4,6,12,18
232186,8,5,1,1687,1558,1363,1759,3245,3122,3050,3317,6367
232195,8,5,1,45,79,129,330,124,459,174,409,583
232308,8,5,1,5,18,6,16,23,22,11,34,45
232414,8,5,1,71,91,201,398,162,599,272,489,761
232450,8,5,1,45,76,216,376,121,592,261,452,713
232557,8,5,1,3089,4371,2832,4085,7460,6917,5921,8456,14377
232566,8,5,1,31,56,52,133,87,185,83,189,272
232575,8,5,1,21,34,61,203,55,264,82,237,319
232609,8,5,1,60,98,15,32,158,47,75,130,205
232706,8,5,1,103,247,38,119,350,157,141,366,507
232788,8,5,1,21,43,14,71,64,85,35,114,149
232867,8,5,1,43,29,80,93,72,173,123,122,245
232946,8,5,1,452,489,1246,1657,941,2903,1698,2146,3844
232982,8,5,1,632,886,788,917,1518,1705,1420,1803,3223
233019,8,5,1,23,35,17,64,58,81,40,99,139
233037,8,5,1,3,15,11,38,18,49,14,53,67
233116,8,5,1,22,38,109,211,60,320,131,249,380
233277,8,5,1,105,251,72,207,356,279,177,458,635
233286,8,5,1,3,11,0,6,14,6,3,17,20
233295,8,5,1,3,4,1,1,7,2,4,5,9
233310,8,5,1,5,12,27,93,17,120,32,105,137
233338,8,5,1,8,9,2,1,17,3,10,10,20
233374,8,5,1,100,111,31,52,211,83,131,163,294
233426,8,5,1,13,10,3,1,23,4,16,11,27
233541,8,5,1,99,269,27,176,368,203,126,445,571
233611,8,5,1,43,22,7,3,65,10,50,25,75
233639,8,5,1,9,37,47,118,46,165,56,155,211
233648,8,5,1,25,59,17,68,84,85,42,127,169
233666,8,5,1,0,3,0,0,3,0,0,3,3
233718,8,5,1,0,5,0,0,5,0,0,5,5
233754,8,5,1,74,82,164,295,156,459,238,377,615
233772,8,5,1,229,331,505,851,560,1356,734,1182,1916
233903,8,5,1,24,25,30,87,49,117,54,112,166
233921,8,5,1,1543,1076,423,230,2619,653,1966,1306,3272
233949,8,5,1,48,68,116,201,116,317,164,269,433
234030,8,5,1,1010,1534,436,630,2544,1066,1446,2164,3610
234076,8,5,1,1549,1455,207,324,3004,531,1756,1779,3535
234119,8,5,1,5,13,3,2,18,5,8,15,23
234155,8,5,1,92,95,22,48,187,70,114,143,257
234207,8,5,1,105,68,1,0,173,1,106,68,174
234377,8,5,1,8,38,27,66,46,93,35,104,139
234669,8,5,1,235,300,278,360,535,638,513,660,1173
234696,8,5,1,84,94,46,70,178,116,130,164,294
234711,8,5,1,30,63,22,41,93,63,52,104,156
234827,8,5,1,340,322,121,154,662,275,461,476,937
234845,8,5,1,32,53,28,79,85,107,60,132,192
234924,8,5,1,4,39,0,0,43,0,4,39,43
234933,8,5,1,110,183,146,230,293,376,256,413,669
234951,8,5,1,86,131,59,154,217,213,145,285,430
234979,8,5,1,92,187,282,187,279,469,374,374,748
235024,8,5,1,7,9,0,3,16,3,7,12,19
235097,8,5,1,405,641,123,152,1046,275,528,793,1321
235103,8,5,1,113,92,138,201,205,339,251,293,544
235149,8,5,1,109,134,176,171,243,347,285,305,590
235237,8,5,1,132,253,226,392,385,618,358,645,1003
235307,8,5,1,1,18,0,0,19,0,1,18,19
235316,8,5,1,169,217,21,54,386,75,190,271,461
235334,8,5,1,29,46,31,19,75,50,60,65,125
235343,8,5,1,144,136,115,170,280,285,259,306,565
235431,8,5,1,75,173,88,181,248,269,163,354,517
235547,8,5,1,29,216,4,28,245,32,33,244,277
235671,8,5,1,176,95,248,117,271,365,424,212,636
235699,8,5,1,104,144,68,122,248,190,172,266,438
235750,8,5,1,29,67,33,104,96,137,62,171,233
236072,8,5,1,99,102,135,227,201,362,234,329,563
236188,8,5,1,173,182,162,175,355,337,335,357,692
236258,8,5,1,21,39,43,86,60,129,64,125,189
236328,8,5,1,35,75,2,24,110,26,37,99,136
236382,8,5,1,60,94,369,89,154,458,429,183,612
236452,8,5,1,47,42,20,26,89,46,67,68,135
236504,8,5,1,89,53,604,128,142,732,693,181,874
236513,8,5,1,178,236,102,151,414,253,280,387,667
236577,8,5,1,50,128,35,64,178,99,85,192,277
236595,8,5,1,250,493,178,292,743,470,428,785,1213
236610,8,5,1,99,142,106,220,241,326,205,362,567
236638,8,5,1,61,111,191,150,172,341,252,261,513
236656,8,5,1,68,112,63,144,180,207,131,256,387
236692,8,5,1,188,273,237,301,461,538,425,574,999
236708,8,5,1,126,179,58,115,305,173,184,294,478
236753,8,5,1,154,287,89,217,441,306,243,504,747
236887,8,5,1,80,96,86,62,176,148,166,158,324
236896,8,5,1,20,32,3,8,52,11,23,40,63
236939,8,5,1,1131,1278,400,476,2409,876,1531,1754,3285
236975,8,5,1,42,91,32,68,133,100,74,159,233
237011,8,5,1,321,363,126,96,684,222,447,459,906
237039,8,5,1,69,79,64,107,148,171,133,186,319
237057,8,5,1,4,5,3,1,9,4,7,6,13
237066,8,5,1,35,39,17,23,74,40,52,62,114
237109,8,5,1,53,156,42,138,209,180,95,294,389
237118,8,5,1,17,32,2,3,49,5,19,35,54
237181,8,5,1,0,0,5,2,0,7,5,2,7
237303,8,5,1,5,5,0,0,10,0,5,5,10
237312,8,5,1,125,150,169,67,275,236,294,217,511
237321,8,5,1,2,10,0,0,12,0,2,10,12
237330,8,5,1,22,66,21,48,88,69,43,114,157
237358,8,5,1,6,16,0,0,22,0,6,16,22
237367,8,5,1,43,65,45,91,108,136,88,156,244
237385,8,5,1,13,8,22,7,21,29,35,15,50
237525,8,5,1,371,482,118,195,853,313,489,677,1166
237686,8,5,1,31,54,30,52,85,82,61,106,167
237701,8,5,1,4,11,8,7,15,15,12,18,30
237792,8,5,1,48,85,61,99,133,160,109,184,293
237817,8,5,1,14,46,14,38,60,52,28,84,112
237899,8,5,1,51,61,12,18,112,30,63,79,142
237950,8,5,1,20,9,3,3,29,6,23,12,35
237969,8,5,1,5,11,2,5,16,7,7,16,23
238014,8,5,1,14,23,13,44,37,57,27,67,94
238032,8,5,1,849,830,226,290,1679,516,1075,1120,2195
238175,8,5,1,0,18,0,0,18,0,0,18,18
238193,8,5,1,16,183,7,63,199,70,23,246,269
238263,8,5,1,148,179,366,663,327,1029,514,842,1356
238397,8,5,1,34,77,132,273,111,405,166,350,516
238430,8,5,1,17,28,21,74,45,95,38,102,140
238458,8,5,1,38,64,19,34,102,53,57,98,155
238722,8,5,1,122,81,433,315,203,748,555,396,951
238759,8,5,1,65,80,215,368,145,583,280,448,728
239008,8,5,1,26,30,112,152,56,264,138,182,320
239017,8,5,1,6,3,1,0,9,1,7,3,10
239071,8,5,1,8,7,29,27,15,56,37,34,71
239105,8,5,1,371,471,144,184,842,328,515,655,1170
239169,8,5,1,360,463,9,11,823,20,369,474,843
239248,8,5,1,188,231,588,997,419,1585,776,1228,2004
239309,8,5,1,8,10,0,2,18,2,8,12,20
239318,8,5,1,71,49,23,10,120,33,94,59,153
239372,8,5,1,41,43,95,163,84,258,136,206,342
239442,8,5,1,6,10,25,55,16,80,31,65,96
239488,8,5,1,90,119,249,480,209,729,339,599,938
239512,8,5,1,5,3,0,2,8,2,5,5,10
239716,8,5,1,6,7,5,5,13,10,11,12,23
239877,8,5,1,0,2,0,1,2,1,0,3,3
240107,8,5,1,45,126,22,92,171,114,67,218,285
240170,8,5,1,67,65,125,219,132,344,192,284,476
240189,8,5,1,140,207,229,317,347,546,369,524,893
240198,8,5,1,43,54,61,165,97,226,104,219,323
240268,8,5,1,64,59,87,112,123,199,151,171,322
240277,8,5,1,153,228,119,241,381,360,272,469,741
240329,8,5,1,70,65,84,136,135,220,154,201,355
240338,8,5,1,2,2,8,18,4,26,10,20,30
240365,8,5,1,158,204,160,245,362,405,318,449,767
240374,8,5,1,105,97,138,137,202,275,243,234,477
240417,8,5,1,112,99,120,185,211,305,232,284,516
240426,8,5,1,47,116,45,150,163,195,92,266,358
240444,8,5,1,2314,2251,581,620,4565,1201,2895,2871,5766
240453,8,5,1,829,861,445,630,1690,1075,1274,1491,2765
240462,8,5,1,83,53,105,68,136,173,188,121,309
240471,8,5,1,60,74,47,72,134,119,107,146,253
240480,8,5,1,143,102,81,154,245,235,224,256,480
240505,8,5,1,39,61,88,120,100,208,127,181,308
240514,8,5,1,18,27,76,42,45,118,94,69,163
240596,8,5,1,3,6,8,17,9,25,11,23,34
240620,8,5,1,44,69,63,156,113,219,107,225,332
240657,8,5,1,13,20,16,51,33,67,29,71,100
240666,8,5,1,26,63,45,62,89,107,71,125,196
240727,8,5,1,441,411,196,278,852,474,637,689,1326
240745,8,5,1,32,35,78,65,67,143,110,100,210
240790,8,5,1,24,42,11,24,66,35,35,66,101
241182,8,5,1,14,75,0,0,89,0,14,75,89
241191,8,5,1,40,36,13,14,76,27,53,50,103
241225,8,5,1,19,21,17,38,40,55,36,59,95
241331,8,5,1,102,484,27,125,586,152,129,609,738
241377,8,5,1,29,58,12,21,87,33,41,79,120
241386,8,5,1,3,20,0,6,23,6,3,26,29
241395,8,5,1,17,49,7,34,66,41,24,83,107
241410,8,5,1,185,270,86,135,455,221,271,405,676
241720,8,5,1,23,29,8,14,52,22,31,43,74
241739,8,5,1,181,370,131,293,551,424,312,663,975
241766,8,5,1,17,7,13,5,24,18,30,12,42
241836,8,5,1,5,30,21,59,35,80,26,89,115
241906,8,5,1,1,7,0,0,8,0,1,7,8
241951,8,5,1,3,9,15,18,12,33,18,27,45
242112,8,5,1,24,25,0,8,49,8,24,33,57
242130,8,5,1,6,29,4,3,35,7,10,32,42
242149,8,5,1,11,25,3,11,36,14,14,36,50
242556,8,5,1,5,4,1,0,9,1,6,4,10
242617,8,5,1,73,102,34,43,175,77,107,145,252
242626,8,5,1,117,139,55,63,256,118,172,202,374
242635,8,5,1,67,114,23,74,181,97,90,188,278
242644,8,5,1,22,52,14,23,74,37,36,75,111
242653,8,5,1,202,279,126,193,481,319,328,472,800
242662,8,5,1,70,138,41,78,208,119,111,216,327
242680,8,5,1,45,59,17,26,104,43,62,85,147
242699,8,5,1,54,89,21,31,143,52,75,120,195
242705,8,5,1,112,64,80,59,176,139,192,123,315
242723,8,5,1,54,83,51,94,137,145,105,177,282
243106,8,5,1,13,8,13,14,21,27,26,22,48
243142,8,5,1,7,8,5,13,15,18,12,21,33
243179,8,5,1,13,11,18,19,24,37,31,30,61
243188,8,5,1,9,9,2,1,18,3,11,10,21
243203,8,5,1,243,456,9,17,699,26,252,473,725
243212,8,5,1,22,17,11,22,39,33,33,39,72
243221,8,5,1,363,486,168,212,849,380,531,698,1229
243346,8,5,1,146,263,130,195,409,325,276,458,734
243443,8,5,1,59,90,85,178,149,263,144,268,412
243577,8,5,1,155,78,306,127,233,433,461,205,666
243586,8,5,1,16,33,7,20,49,27,23,53,76
243601,8,5,1,288,486,216,297,774,513,504,783,1287
243638,8,5,1,19,43,29,32,62,61,48,75,123
243647,8,5,1,4,17,9,15,21,24,13,32,45
243744,8,5,1,2545,2144,238,114,4689,352,2783,2258,5041
243780,8,5,1,1886,1185,1644,1014,3071,2658,3530,2199,5729
243832,8,5,1,22,51,40,91,73,131,62,142,204
243841,8,5,1,5,49,3,21,54,24,8,70,78
244437,8,5,1,162,252,349,906,414,1255,511,1158,1669
244446,8,5,1,36,54,69,170,90,239,105,224,329
245281,8,5,1,11,6,0,0,17,0,11,6,17
245625,8,5,1,9,11,19,52,20,71,28,63,91
246789,8,5,1,0,0,7,4,0,11,7,4,11
246813,8,5,1,21,39,110,240,60,350,131,279,410
246895,8,5,1,9,16,7,6,25,13,16,22,38
247603,8,5,1,25,30,32,58,55,90,57,88,145
247834,8,5,1,368,318,717,1074,686,1791,1085,1392,2477
247940,8,5,1,50,79,95,137,129,232,145,216,361
248925,8,5,1,39,48,15,13,87,28,54,61,115
248934,8,5,1,1169,1715,1,11,2884,12,1170,1726,2896
249238,8,5,1,4,27,2,32,31,34,6,59,65
251260,8,5,1,41,66,68,160,107,228,109,226,335
260813,8,5,1,7,72,0,0,79,0,7,72,79
260929,8,5,1,5,28,0,0,33,0,5,28,33
262031,8,5,1,39,57,103,197,96,300,142,254,396
262086,8,5,1,151,347,346,931,498,1277,497,1278,1775
262129,8,5,1,17,9,3,0,26,3,20,9,29
262341,8,5,1,71,11,0,0,82,0,71,11,82
363165,8,5,1,62,62,19,8,124,27,81,70,151
363633,8,5,1,3,13,19,28,16,47,22,41,63
363907,8,5,1,30,25,16,17,55,33,46,42,88
363916,8,5,1,7,12,4,5,19,9,11,17,28
364016,8,5,1,64,44,211,329,108,540,275,373,648
364025,8,5,1,110,70,332,355,180,687,442,425,867
364636,8,5,1,4,13,0,5,17,5,4,18,22
365198,8,5,1,0,8,7,9,8,16,7,17,24
365480,8,5,1,1,16,12,3,17,15,13,19,32
366003,8,5,1,1,5,10,7,6,17,11,12,23
366252,8,5,1,89,68,49,78,157,127,138,146,284
366395,8,5,1,186,219,366,628,405,994,552,847,1399
366401,8,5,1,44,43,210,310,87,520,254,353,607
366465,8,5,1,28,71,32,89,99,121,60,160,220
366623,8,5,1,0,5,0,0,5,0,0,5,5
366632,8,5,1,0,2,0,0,2,0,0,2,2
366711,8,5,1,492,682,308,431,1174,739,800,1113,1913
367334,8,5,1,27,2,4,0,29,4,31,2,33
367459,8,5,1,53,68,171,313,121,484,224,381,605
367954,8,5,1,840,1654,27,63,2494,90,867,1717,2584
368230,8,5,1,1,14,1,4,15,5,2,18,20
368911,8,5,1,8,26,26,108,34,134,34,134,168
372356,8,5,1,0,29,0,0,29,0,0,29,29
374574,8,5,1,10,58,5,46,68,51,15,104,119
375106,8,5,1,20,7,1,1,27,2,21,8,29
375407,8,5,1,2,14,1,0,16,1,3,14,17
375416,8,5,1,6,48,0,0,54,0,6,48,54
375726,8,5,1,17,18,15,1,35,16,32,19,51
375984,8,5,1,3,28,0,9,31,9,3,37,40
376288,8,5,1,3,8,0,0,11,0,3,8,11
376385,8,5,1,15,12,1,1,27,2,16,13,29
376446,8,5,1,1,3,0,16,4,16,1,19,20
376631,8,5,1,4,0,0,0,4,0,4,0,4
377218,8,5,1,14,3,0,0,17,0,14,3,17
377643,8,5,1,0,16,0,0,16,0,0,16,16
377722,8,5,1,5,73,0,0,78,0,5,73,78
379621,8,5,1,1,14,0,4,15,4,1,18,19
380359,8,5,1,9,28,9,37,37,46,18,65,83
382258,8,5,1,1,13,2,12,14,14,3,25,28
383190,8,5,1,25,34,42,100,59,142,67,134,201
383765,8,5,1,0,15,0,12,15,12,0,27,27
383996,8,5,1,1,9,12,35,10,47,13,44,57
384254,8,5,1,17,8,0,1,25,1,17,9,26
384333,8,5,1,58,87,231,383,145,614,289,470,759
384342,8,5,1,32,48,81,183,80,264,113,231,344
385415,8,5,1,283,320,67,76,603,143,350,396,746
395362,8,5,1,16,34,57,108,50,165,73,142,215
399212,8,5,1,55,36,1401,399,91,1800,1456,435,1891
399911,8,5,1,3,2,0,0,5,0,3,2,5
400187,8,5,1,8,48,4,34,56,38,12,82,94
401764,8,5,1,0,14,0,38,14,38,0,52,52
403469,8,5,1,1,7,78,34,8,112,79,41,120
403478,8,5,1,4,16,1,11,20,12,5,27,32
403487,8,5,1,3,7,3,34,10,37,6,41,47
404222,8,5,1,35,79,2,1,114,3,37,80,117
404426,8,5,1,42,43,107,136,85,243,149,179,328
404684,8,5,1,8,17,0,0,25,0,8,17,25
405872,8,5,1,22,9,50,98,31,148,72,107,179
407179,8,5,1,1,13,1,5,14,6,2,18,20
407461,8,5,1,10,3,0,0,13,0,10,3,13
407470,8,5,1,0,21,0,11,21,11,0,32,32
407735,8,5,1,0,4,0,0,4,0,0,4,4
407832,8,5,1,6,5,14,2,11,16,20,7,27
408066,8,5,1,2,15,4,5,17,9,6,20,26
408844,8,5,1,127,281,46,172,408,218,173,453,626
409254,8,5,1,0,11,1,56,11,57,1,67,68
409591,8,5,1,0,10,4,12,10,16,4,22,26
409698,8,5,1,261,430,130,155,691,285,391,585,976
412544,8,5,1,4,15,0,13,19,13,4,28,32
413617,8,5,1,4,7,4,12,11,16,8,19,27
414878,8,5,1,494,139,960,338,633,1298,1454,477,1931
414911,8,5,1,19,37,15,47,56,62,34,84,118
414966,8,5,1,3,1,3,4,4,7,6,5,11
415039,8,5,1,0,3,0,2,3,2,0,5,5
416801,8,5,1,25,68,4,7,93,11,29,75,104
417008,8,5,1,0,12,0,0,12,0,0,12,12
417655,8,5,1,0,2,0,0,2,0,0,2,2
417716,8,5,1,0,53,0,0,53,0,0,53,53
417734,8,5,1,2,6,5,10,8,15,7,16,23
417752,8,5,1,3,0,0,0,3,0,3,0,3
417840,8,5,1,6,89,0,0,95,0,6,89,95
417886,8,5,1,0,4,0,0,4,0,0,4,4
417910,8,5,1,7,32,0,0,39,0,7,32,39
418029,8,5,1,0,9,0,0,9,0,0,9,9
418065,8,5,1,3,26,0,9,29,9,3,35,38
418083,8,5,1,3,13,0,0,16,0,3,13,16
418481,8,5,1,0,6,0,0,6,0,0,6,6
418533,8,5,1,2,31,4,4,33,8,6,35,41
418588,8,5,1,0,3,0,0,3,0,0,3,3
420042,8,5,1,0,2,0,0,2,0,0,2,2
420130,8,5,1,3,58,0,0,61,0,3,58,61
420246,8,5,1,24,146,4,10,170,14,28,156,184
420343,8,5,1,24,2,24,0,26,24,48,2,50
420431,8,5,1,16,40,43,119,56,162,59,159,218
420440,8,5,1,16,10,27,62,26,89,43,72,115
420538,8,5,1,12,28,14,51,40,65,26,79,105
420556,8,5,1,9,19,14,27,28,41,23,46,69
421610,8,5,1,2,13,0,2,15,2,2,15,17
421717,8,5,1,3,1,2,1,4,3,5,2,7
423643,8,5,1,867,1151,11,25,2018,36,878,1176,2054
423652,8,5,1,8,23,4,17,31,21,12,40,52
426314,8,5,1,843,270,1560,354,1113,1914,2403,624,3027
428055,8,5,1,2,11,0,0,13,0,2,11,13
430227,8,5,1,0,12,0,5,12,5,0,17,17
430403,8,5,1,2,48,0,0,50,0,2,48,50
430564,8,5,1,1,0,0,2,1,2,1,2,3
430971,8,5,1,0,8,0,0,8,0,0,8,8
431275,8,5,1,0,2,1,5,2,6,1,7,8
431284,8,5,1,0,12,0,1,12,1,0,13,13
433040,8,5,1,0,8,0,0,8,0,0,8,8
433101,8,5,1,7,61,2,35,68,37,9,96,105
433387,8,5,1,13107,18629,0,0,31736,0,13107,18629,31736
433420,8,5,1,77,13,0,0,90,0,77,13,90
433660,8,5,1,279,360,116,181,639,297,395,541,936
434061,8,5,1,110,208,106,289,318,395,216,497,713
434159,8,5,1,75,26,0,0,101,0,75,26,101
434469,8,5,1,2,49,0,2,51,2,2,51,53
434584,8,5,1,1,2,4,13,3,17,5,15,20
434672,8,5,1,131,189,445,1114,320,1559,576,1303,1879
435000,8,5,1,168,179,7,19,347,26,175,198,373
436553,8,5,1,24,92,0,0,116,0,24,92,116
436818,8,5,1,10,14,7,8,24,15,17,22,39
436827,8,5,1,9,9,0,0,18,0,9,9,18
436836,8,5,1,39,32,13,10,71,23,52,42,94
437103,8,5,1,120,286,174,613,406,787,294,899,1193
438586,8,5,1,61,115,13,21,176,34,74,136,210
438708,8,5,1,6,7,4,13,13,17,10,20,30
439190,8,5,1,34,25,38,30,59,68,72,55,127
439367,8,5,1,134,305,0,0,439,0,134,305,439
439844,8,5,1,0,4,0,0,4,0,0,4,4
440031,8,5,1,82,141,1,6,223,7,83,147,230
440101,8,5,1,0,9,0,8,9,8,0,17,17
440271,8,5,1,11,15,0,0,26,0,11,15,26
440749,8,5,1,2,0,9,7,2,16,11,7,18
440828,8,5,1,41,65,48,46,106,94,89,111,200
441131,8,5,1,15,29,8,26,44,34,23,55,78
441371,8,5,1,43,1511,0,10,1554,10,43,1521,1564
441690,8,5,1,4,2,3,1,6,4,7,3,10
441760,8,5,1,69,73,80,171,142,251,149,244,393
441900,8,5,1,45,174,102,374,219,476,147,548,695
441937,8,5,1,225,323,188,267,548,455,413,590,1003
442073,8,5,1,11,37,4,33,48,37,15,70,85
442240,8,5,1,14,41,10,34,55,44,24,75,99
442329,8,5,1,100,16,0,0,116,0,100,16,116
442356,8,5,1,17,75,31,218,92,249,48,293,341
442523,8,5,1,2,2,0,1,4,1,2,3,5
442930,8,5,1,21,48,1,3,69,4,22,51,73
443049,8,5,1,11,15,14,10,26,24,25,25,50
443058,8,5,1,2,2,7,7,4,14,9,9,18
443100,8,5,1,3,2,0,0,5,0,3,2,5
443331,8,5,1,143,501,34,131,644,165,177,632,809
443641,8,5,1,0,13,0,7,13,7,0,20,20
444219,8,5,1,28,37,347,458,65,805,375,495,870
444282,8,5,1,0,6,0,14,6,14,0,20,20
444291,8,5,1,0,16,0,4,16,4,0,20,20
444307,8,5,1,0,9,0,1,9,1,0,10,10
444468,8,5,1,0,6,0,3,6,3,0,9,9
444486,8,5,1,3,48,0,10,51,10,3,58,61
444556,8,5,1,34,31,0,0,65,0,34,31,65
444565,8,5,1,16,26,6,9,42,15,22,35,57
444583,8,5,1,13,18,0,0,31,0,13,18,31
444671,8,5,1,3,9,0,0,12,0,3,9,12
444787,8,5,1,48,384,46,258,432,304,94,642,736
445027,8,5,1,744,1250,37,117,1994,154,781,1367,2148
445133,8,5,1,10,14,7,9,24,16,17,23,40
445188,8,5,1,277,206,14,1,483,15,291,207,498
445212,8,5,1,3,9,4,21,12,25,7,30,37
445267,8,5,1,32,127,45,138,159,183,77,265,342
445498,8,5,1,2,0,0,0,2,0,2,0,2
445708,8,5,1,6,6,1,2,12,3,7,8,15
445911,8,5,1,14,30,9,22,44,31,23,52,75
445948,8,5,1,70,361,0,0,431,0,70,361,431
446206,8,5,1,0,6,0,1,6,1,0,7,7
446233,8,5,1,8,3,1,0,11,1,9,3,12
446251,8,5,1,5,14,0,0,19,0,5,14,19
446288,8,5,1,0,8,0,4,8,4,0,12,12
446774,8,5,1,31,42,142,158,73,300,173,200,373
447148,8,5,1,1,20,0,15,21,15,1,35,36
447166,8,5,1,0,3,0,4,3,4,0,7,7
447175,8,5,1,0,7,0,8,7,8,0,15,15
447582,8,5,1,25,57,11,35,82,46,36,92,128
447689,8,5,1,258,345,238,326,603,564,496,671,1167
447698,8,5,1,2,24,2,2,26,4,4,26,30
447759,8,5,1,21,44,0,3,65,3,21,47,68
447999,8,5,1,8,44,0,0,52,0,8,44,52
448026,8,5,1,1,10,0,2,11,2,1,12,13
448196,8,5,1,1,26,0,1,27,1,1,27,28
448220,8,5,1,2,13,0,0,15,0,2,13,15
448248,8,5,1,6,18,247,57,24,304,253,75,328
448594,8,5,1,40,69,92,202,109,294,132,271,403
448673,8,5,1,24,235,33,278,259,311,57,513,570
448798,8,5,1,3,28,0,0,31,0,3,28,31
449320,8,5,1,22,0,12,1,22,13,34,1,35
449357,8,5,1,0,21,0,0,21,0,0,21,21
449384,8,5,1,32,22,36,28,54,64,68,50,118
449472,8,5,1,0,13,0,0,13,0,0,13,13
449481,8,5,1,1,8,0,0,9,0,1,8,9
449889,8,5,1,408,1431,0,0,1839,0,408,1431,1839
449922,8,5,1,15,25,0,2,40,2,15,27,42
449959,8,5,1,8,10,4,8,18,12,12,18,30
449968,8,5,1,10,37,6,13,47,19,16,50,66
449977,8,5,1,0,26,0,8,26,8,0,34,34
449986,8,5,1,5,33,4,22,38,26,9,55,64
449995,8,5,1,1,14,1,10,15,11,2,24,26
450571,8,5,1,3,52,7,48,55,55,10,100,110
450599,8,5,1,0,5,0,0,5,0,0,5,5
450605,8,5,1,0,9,0,3,9,3,0,12,12
450614,8,5,1,0,17,1,9,17,10,1,26,27
450641,8,5,1,4,13,0,25,17,25,4,38,42
450720,8,5,1,0,30,0,50,30,50,0,80,80
450933,8,5,1,817,711,303,174,1528,477,1120,885,2005
451079,8,5,1,3,12,0,0,15,0,3,12,15
451121,8,5,1,0,8,2,11,8,13,2,19,21
451510,8,5,1,74,87,7,8,161,15,81,95,176
451565,8,5,1,7,18,5,0,25,5,12,18,30
451583,8,5,1,12,11,112,20,23,132,124,31,155
451714,8,5,1,4,42,6,20,46,26,10,62,72
451750,8,5,1,11,67,10,91,78,101,21,158,179
451857,8,5,1,1,18,0,0,19,0,1,18,19
451918,8,5,1,1,14,0,0,15,0,1,14,15
452009,8,5,1,0,7,0,0,7,0,0,7,7
453297,8,5,1,0,0,1,2,0,3,1,2,3
454227,8,5,1,105,742,423,3573,847,3996,528,4315,4843
454236,8,5,1,9,52,12,73,61,85,21,125,146
454245,8,5,1,14,78,29,125,92,154,43,203,246
454652,8,5,1,1,10,0,0,11,0,1,10,11
454698,8,5,1,15,25,0,0,40,0,15,25,40
454768,8,5,1,10,16,2,25,26,27,12,41,53
454777,8,5,1,7,29,4,22,36,26,11,51,62
454810,8,5,1,377,1277,0,0,1654,0,377,1277,1654
454926,8,5,1,2,56,1,17,58,18,3,73,76
454944,8,5,1,0,17,0,0,17,0,0,17,17
455026,8,5,1,0,0,14,2,0,16,14,2,16
455080,8,5,1,7,30,0,0,37,0,7,30,37
455114,8,5,1,158,144,228,419,302,647,386,563,949
455196,8,5,1,64,581,0,0,645,0,64,581,645
455284,8,5,1,0,31,0,20,31,20,0,51,51
455406,8,5,1,154,215,0,0,369,0,154,215,369
455512,8,5,1,15,30,114,242,45,356,129,272,401
455831,8,5,1,1,16,0,0,17,0,1,16,17
455868,8,5,1,14,63,0,0,77,0,14,63,77
455901,8,5,1,0,7,2,9,7,11,2,16,18
456029,8,5,1,3,28,0,8,31,8,3,36,39
456065,8,5,1,1,27,0,0,28,0,1,27,28
456074,8,5,1,0,19,0,0,19,0,0,19,19
456135,8,5,1,0,10,0,7,10,7,0,17,17
456481,8,5,1,0,2,6,3,2,9,6,5,11
456542,8,5,1,146,165,17,37,311,54,163,202,365
456825,8,5,1,1,19,0,9,20,9,1,28,29
456959,8,5,1,5,10,1,4,15,5,6,14,20
457031,8,5,1,0,5,0,2,5,2,0,7,7
457129,8,5,1,5,58,23,183,63,206,28,241,269
457253,8,5,1,0,9,2,21,9,23,2,30,32
457299,8,5,1,13,70,2,7,83,9,15,77,92
457323,8,5,1,14,53,0,0,67,0,14,53,67
457475,8,5,1,0,3,0,0,3,0,0,3,3
457493,8,5,1,0,15,0,0,15,0,0,15,15
457527,8,5,1,0,4,3,40,4,43,3,44,47
457545,8,5,1,0,5,0,4,5,4,0,9,9
457633,8,5,1,0,16,2,39,16,41,2,55,57
457679,8,5,1,0,5,0,0,5,0,0,5,5
457855,8,5,1,0,7,0,5,7,5,0,12,12
458140,8,5,1,6,1,0,0,7,0,6,1,7
458210,8,5,1,228,854,62,223,1082,285,290,1077,1367
458229,8,5,1,164,492,37,130,656,167,201,622,823
458274,8,5,1,0,32,0,1,32,1,0,33,33
458803,8,5,1,0,25,0,18,25,18,0,43,43
458812,8,5,1,0,16,0,6,16,6,0,22,22
458821,8,5,1,0,11,0,0,11,0,0,11,11
458830,8,5,1,0,21,0,7,21,7,0,28,28
458858,8,5,1,0,23,0,30,23,30,0,53,53
458867,8,5,1,0,23,0,13,23,13,0,36,36
459019,8,5,1,1,10,0,4,11,4,1,14,15
459046,8,5,1,0,10,0,2,10,2,0,12,12
459055,8,5,1,0,6,1,3,6,4,1,9,10
459064,8,5,1,2,8,0,5,10,5,2,13,15
459116,8,5,1,1,21,0,0,22,0,1,21,22
459170,8,5,1,6,21,1,37,27,38,7,58,65
459198,8,5,1,8,37,3,22,45,25,11,59,70
459231,8,5,1,5,31,0,0,36,0,5,31,36
459286,8,5,1,5,16,2,7,21,9,7,23,30
459301,8,5,1,0,14,1,7,14,8,1,21,22
459392,8,5,1,3,5,0,7,8,7,3,12,15
459417,8,5,1,4,0,1,0,4,1,5,0,5
459523,8,5,1,0,9,0,0,9,0,0,9,9
459578,8,5,1,7,18,7,5,25,12,14,23,37
459736,8,5,1,225,375,17,25,600,42,242,400,642
459949,8,5,1,168,283,229,458,451,687,397,741,1138
460349,8,5,1,18,82,131,324,100,455,149,406,555
460394,8,5,1,87,79,367,624,166,991,454,703,1157
460464,8,5,1,56,35,383,511,91,894,439,546,985
460677,8,5,1,8,52,1,8,60,9,9,60,69
460862,8,5,1,0,20,1,25,20,26,1,45,46
460871,8,5,1,7,51,11,115,58,126,18,166,184
460932,8,5,1,0,13,0,0,13,0,0,13,13
461193,8,5,1,0,21,0,0,21,0,0,21,21
461272,8,5,1,0,7,0,9,7,9,0,16,16
461379,8,5,1,0,3,2,4,3,6,2,7,9
461421,8,5,1,5,30,0,0,35,0,5,30,35
461591,8,5,1,1,19,0,0,20,0,1,19,20
461643,8,5,1,0,8,0,0,8,0,0,8,8
461652,8,5,1,2,15,0,0,17,0,2,15,17
461704,8,5,1,1,29,1,0,30,1,2,29,31
461759,8,5,1,10,9,5,1,19,6,15,10,25
461829,8,5,1,7,11,0,0,18,0,7,11,18
461883,8,5,1,14,17,0,3,31,3,14,20,34
461917,8,5,1,0,12,0,9,12,9,0,21,21
462008,8,5,1,2,21,1,18,23,19,3,39,42
462071,8,5,1,5,22,1,1,27,2,6,23,29
463056,8,5,1,11,6,6,7,17,13,17,13,30
466921,8,5,1,1,23,7,76,24,83,8,99,107
466930,8,5,1,19,108,53,374,127,427,72,482,554
467863,8,5,1,7,12,5,11,19,16,12,23,35
467872,8,5,1,1,36,1,21,37,22,2,57,59
468893,8,5,1,0,15,0,12,15,12,0,27,27
470047,8,5,1,3,8,0,0,11,0,3,8,11
474863,8,5,1,30,123,39,179,153,218,69,302,371
474915,8,5,1,1,29,0,41,30,41,1,70,71
474924,8,5,1,0,4,1,21,4,22,1,25,26
475200,8,5,1,1,3,6,18,4,24,7,21,28
475431,8,5,1,1,7,0,0,8,0,1,7,8
475486,8,5,1,4,33,3,10,37,13,7,43,50
475547,8,5,1,4,3,0,6,7,6,4,9,13
475556,8,5,1,0,11,2,14,11,16,2,25,27
475653,8,5,1,1,7,0,0,8,0,1,7,8
475723,8,5,1,9,6,20,8,15,28,29,14,43
475732,8,5,1,10,76,29,255,86,284,39,331,370
475741,8,5,1,2,17,4,25,19,29,6,42,48
475839,8,5,1,3,4,7,14,7,21,10,18,28
476063,8,5,1,46,2,0,0,48,0,46,2,48
476179,8,5,1,2,16,2,13,18,15,4,29,33
476805,8,5,1,0,9,0,0,9,0,0,9,9
476841,8,5,1,2,28,3,17,30,20,5,45,50
476975,8,5,1,200,264,673,860,464,1533,873,1124,1997
476984,8,5,1,2,30,2,9,32,11,4,39,43
477039,8,5,1,43,226,17,101,269,118,60,327,387
478582,8,5,1,1,22,0,12,23,12,1,34,35
478616,8,5,1,1,12,1,11,13,12,2,23,25
478953,8,5,1,1,33,0,0,34,0,1,33,34
479956,8,5,1,270,319,1257,1177,589,2434,1527,1496,3023
479983,8,5,1,2,15,0,0,17,0,2,15,17
480028,8,5,1,39,7,0,0,46,0,39,7,46
480091,8,5,1,132,1192,90,626,1324,716,222,1818,2040
480310,8,5,1,0,8,0,0,8,0,0,8,8
480569,8,5,1,43,88,68,92,131,160,111,180,291
480657,8,5,1,8,81,5,76,89,81,13,157,170
480790,8,5,1,501,518,0,2,1019,2,501,520,1021
480921,8,5,1,10,0,0,0,10,0,10,0,10
480930,8,5,1,0,5,0,2,5,2,0,7,7
480976,8,5,1,1,4,0,0,5,0,1,4,5
481191,8,5,1,2,42,0,0,44,0,2,42,44
481225,8,5,1,1,0,0,0,1,0,1,0,1
481526,8,5,1,0,71,0,0,71,0,0,71,71
481535,8,5,1,9,12,0,0,21,0,9,12,21
481678,8,5,1,0,6,0,9,6,9,0,15,15
481739,8,5,1,1,7,0,3,8,3,1,10,11
481748,8,5,1,0,14,0,7,14,7,0,21,21
481845,8,5,1,1,9,0,5,10,5,1,14,15
482149,8,5,1,533,871,108,217,1404,325,641,1088,1729
482158,8,5,1,181,246,187,260,427,447,368,506,874
482167,8,5,1,0,8,0,28,8,28,0,36,36
482176,8,5,1,1,41,1,14,42,15,2,55,57
482413,8,5,1,52,22,22,41,74,63,74,63,137
482422,8,5,1,6,4,3,5,10,8,9,9,18
482431,8,5,1,150,94,91,90,244,181,241,184,425
482459,8,5,1,16,19,20,20,35,40,36,39,75
482468,8,5,1,29,34,36,41,63,77,65,75,140
482477,8,5,1,931,1445,1085,2180,2376,3265,2016,3625,5641
482547,8,5,1,0,1,2,0,1,2,2,1,3
482556,8,5,1,6,4,9,5,10,14,15,9,24
482565,8,5,1,0,1,0,1,1,1,0,2,2
482574,8,5,1,14,15,15,18,29,33,29,33,62
482635,8,5,1,6,6,3,4,12,7,9,10,19
482653,8,5,1,7,10,4,4,17,8,11,14,25
482680,8,5,1,235,233,281,370,468,651,516,603,1119
482699,8,5,1,9,47,11,37,56,48,20,84,104
482705,8,5,1,53,197,801,1066,250,1867,854,1263,2117
482936,8,5,1,32,7,18,6,39,24,50,13,63
483036,8,5,1,62,77,102,188,139,290,164,265,429
483045,8,5,1,106,198,184,485,304,669,290,683,973
483054,8,5,1,18,1,0,0,19,0,18,1,19
483124,8,5,1,1888,3809,3906,6467,5697,10373,5794,10276,16070
483328,8,5,1,2,4,0,3,6,3,2,7,9
483337,8,5,1,0,9,0,10,9,10,0,19,19
483559,8,5,1,1,4,1,4,5,5,2,8,10
483595,8,5,1,258,767,140,393,1025,533,398,1160,1558
483823,8,5,1,92,38,0,0,130,0,92,38,130
483911,8,5,1,0,1,0,0,1,0,0,1,1
483975,8,5,1,220,233,5,1,453,6,225,234,459
484011,8,5,1,5,9,0,2,14,2,5,11,16
484093,8,5,1,0,10,2,7,10,9,2,17,19
484109,8,5,1,0,6,0,0,6,0,0,6,6
484190,8,5,1,2,2,0,0,4,0,2,2,4
484394,8,5,1,2,6,3,7,8,10,5,13,18
484473,8,5,1,82,90,202,228,172,430,284,318,602
484613,8,5,1,4722,11199,0,0,15921,0,4722,11199,15921
484631,8,5,1,61,36,0,0,97,0,61,36,97
484710,8,5,1,4,0,0,0,4,0,4,0,4
484756,8,5,1,3,3,0,0,6,0,3,3,6
484905,8,5,1,85,159,114,222,244,336,199,381,580
485014,8,5,1,0,8,1,11,8,12,1,19,20
485032,8,5,1,1,18,0,25,19,25,1,43,44
485111,8,5,1,64,153,111,184,217,295,175,337,512
485272,8,5,1,21,145,16,119,166,135,37,264,301
485397,8,5,1,0,23,0,8,23,8,0,31,31
485458,8,5,1,14,50,50,168,64,218,64,218,282
485476,8,5,1,0,19,0,0,19,0,0,19,19
485494,8,5,1,21,2,5,1,23,6,26,3,29
485768,8,5,1,117,92,0,0,209,0,117,92,209
486123,8,5,1,4,8,0,0,12,0,4,8,12
486567,8,5,1,2,44,0,0,46,0,2,44,46
486691,8,5,1,1,14,0,14,15,14,1,28,29
486798,8,5,1,215,37,0,0,252,0,215,37,252
486840,8,5,1,1032,830,1073,953,1862,2026,2105,1783,3888
486886,8,5,1,0,2,0,1,2,1,0,3,3
486938,8,5,1,9,57,18,93,66,111,27,150,177
486947,8,5,1,10,52,21,95,62,116,31,147,178
486956,8,5,1,26,109,38,236,135,274,64,345,409
486983,8,5,1,3,6,0,0,9,0,3,6,9
487010,8,5,1,529,693,17,43,1222,60,546,736,1282
487162,8,5,1,25,141,83,234,166,317,108,375,483
487348,8,5,1,1,3,0,14,4,14,1,17,18
487524,8,5,1,32,46,40,108,78,148,72,154,226
487676,8,5,1,0,16,1,8,16,9,1,24,25
487773,8,5,1,0,3,2,3,3,5,2,6,8
487861,8,5,1,5,47,0,5,52,5,5,52,57
487922,8,5,1,0,5,0,0,5,0,0,5,5
487995,8,5,1,2,8,4,5,10,9,6,13,19
488013,8,5,1,4,45,0,5,49,5,4,50,54
488031,8,5,1,7,17,0,0,24,0,7,17,24
488077,8,5,1,578,13,342,5,591,347,920,18,938
488271,8,5,1,0,21,0,0,21,0,0,21,21
488305,8,5,1,5,1,4,3,6,7,9,4,13
488332,8,5,1,1,0,0,0,1,0,1,0,1
488989,8,5,1,0,21,0,6,21,6,0,27,27
488998,8,5,1,7,13,0,0,20,0,7,13,20
489140,8,5,1,1,6,2,7,7,9,3,13,16
489201,8,5,1,29,43,293,490,72,783,322,533,855
489256,8,5,1,33,1,0,0,34,0,33,1,34
489344,8,5,1,2,25,8,50,27,58,10,75,85
489353,8,5,1,25,67,16,62,92,78,41,129,170
489779,8,5,1,938,1762,3140,4460,2700,7600,4078,6222,10300
489858,8,5,1,112,236,1,1,348,2,113,237,350
490115,8,5,1,4,2,0,0,6,0,4,2,6
490230,8,5,1,30,25,0,0,55,0,30,25,55
490258,8,5,1,3,17,0,0,20,0,3,17,20
490300,8,5,1,0,3,3,3,3,6,3,6,9
490416,8,5,1,7,1,0,0,8,0,7,1,8
490425,8,5,1,2,33,0,0,35,0,2,33,35
490601,8,5,1,217,191,3,0,408,3,220,191,411
490753,8,5,1,0,2,0,0,2,0,0,2,2
490805,8,5,1,196,177,136,228,373,364,332,405,737
491136,8,5,1,1,8,1,6,9,7,2,14,16
491145,8,5,1,0,12,0,8,12,8,0,20,20
491534,8,5,1,0,0,1,0,0,1,1,0,1
491598,8,5,1,0,6,0,0,6,0,0,6,6
491808,8,5,1,0,11,1,0,11,1,1,11,12
491826,8,5,1,0,18,0,0,18,0,0,18,18
491835,8,5,1,0,17,0,0,17,0,0,17,17
491941,8,5,1,2,20,0,0,22,0,2,20,22
491978,8,5,1,1,2,3,6,3,9,4,8,12
492209,8,5,1,0,1,0,0,1,0,0,1,1
492476,8,5,1,1,7,7,11,8,18,8,18,26
492689,8,5,1,142,211,1,8,353,9,143,219,362
492759,8,5,1,4,27,9,39,31,48,13,66,79
492801,8,5,1,26,59,20,49,85,69,46,108,154
492962,8,5,1,66,159,98,149,225,247,164,308,472
493451,8,5,1,3,11,0,0,14,0,3,11,14
493655,8,5,1,3,1,0,0,4,0,3,1,4
493673,8,5,1,10,8,13,26,18,39,23,34,57
493804,8,5,1,14,6,0,0,20,0,14,6,20
493831,8,5,1,3,2,0,0,5,0,3,2,5
494010,8,5,1,23,38,1,0,61,1,24,38,62
494278,8,5,1,0,10,5,19,10,24,5,29,34
494287,8,5,1,6,16,6,21,22,27,12,37,49
494472,8,5,1,0,1,0,1,1,1,0,2,2
494551,8,5,1,0,4,1,7,4,8,1,11,12
494898,8,5,1,2,21,0,0,23,0,2,21,23
494959,8,5,1,0,4,3,9,4,12,3,13,16
495077,8,5,1,1,11,0,0,12,0,1,11,12
495101,8,5,1,2,6,0,0,8,0,2,6,8
495271,8,5,1,0,2,2,4,2,6,2,6,8
495314,8,5,1,127,105,0,0,232,0,127,105,232
495350,8,5,1,3,3,0,0,6,0,3,3,6
495369,8,5,1,2,7,1,9,9,10,3,16,19
495411,8,5,1,1,9,0,0,10,0,1,9,10
495518,8,5,1,0,4,0,3,4,3,0,7,7
496043,8,5,1,137,129,0,0,266,0,137,129,266
496052,8,5,1,3,0,0,0,3,0,3,0,3
496618,8,5,1,2,39,0,0,41,0,2,39,41
496636,8,5,1,5,30,0,0,35,0,5,30,35
496733,8,5,1,0,9,0,0,9,0,0,9,9
497000,8,5,1,10,45,0,0,55,0,10,45,55
497037,8,5,1,17,66,14,42,83,56,31,108,139
497046,8,5,1,4,37,166,455,41,621,170,492,662
497107,8,5,1,0,0,1,13,0,14,1,13,14
497301,8,5,1,2,24,1,36,26,37,3,60,63
497417,8,5,1,0,1,0,0,1,0,0,1,1
497480,8,5,1,5,89,15,37,94,52,20,126,146
497790,8,5,1,6,2,0,0,8,0,6,2,8
498562,8,5,1,132,174,91,201,306,292,223,375,598
498571,8,5,1,218,403,201,566,621,767,419,969,1388
100663,8,5,2,177,179,237,331,356,568,414,510,924
100706,8,5,2,159,129,162,108,288,270,321,237,558
100751,8,5,2,185,172,195,194,357,389,380,366,746
100760,8,5,2,5,21,9,36,26,45,14,57,71
100812,8,5,2,71,101,92,198,172,290,163,299,462
100830,8,5,2,78,122,79,105,200,184,157,227,384
100858,8,5,2,250,87,128,52,337,180,378,139,517
100937,8,5,2,4,5,0,2,9,2,4,7,11
101143,8,5,2,30,35,24,50,65,74,54,85,139
101161,8,5,2,67,125,87,264,192,351,154,389,543
101189,8,5,2,32,50,23,49,82,72,55,99,154
101240,8,5,2,53,113,63,189,166,252,116,302,418
101286,8,5,2,27,94,58,228,121,286,85,322,407
101295,8,5,2,51,97,68,201,148,269,119,298,417
101301,8,5,2,5,29,5,52,34,57,10,81,91
101435,8,5,2,2,1,1,2,3,3,3,3,6
101453,8,5,2,4,0,7,1,4,8,11,1,12
101462,8,5,2,14,28,22,57,42,79,36,85,121
101480,8,5,2,126,122,51,81,248,132,177,203,380
101505,8,5,2,80,121,185,416,201,601,265,537,802
101514,8,5,2,86,94,232,365,180,597,318,459,777
101569,8,5,2,32,65,58,180,97,238,90,245,335
101587,8,5,2,41,181,16,46,222,62,57,227,284
101648,8,5,2,1,0,0,0,1,0,1,0,1
101709,8,5,2,16,28,15,15,44,30,31,43,74
101736,8,5,2,18,33,44,105,51,149,62,138,200
101897,8,5,2,19,24,28,61,43,89,47,85,132
101912,8,5,2,35,29,6,5,64,11,41,34,75
101994,8,5,2,6,16,2,28,22,30,8,44,52
102030,8,5,2,40,80,38,169,120,207,78,249,327
102049,8,5,2,5,7,1,3,12,4,6,10,16
102067,8,5,2,34,48,51,149,82,200,85,197,282
102076,8,5,2,13,39,37,54,52,91,50,93,143
102094,8,5,2,150,192,101,132,342,233,251,324,575
102234,8,5,2,3,4,3,4,7,7,6,8,14
102313,8,5,2,35,65,33,109,100,142,68,174,242
102368,8,5,2,178,385,253,416,563,669,431,801,1232
102377,8,5,2,13,12,6,2,25,8,19,14,33
102395,8,5,2,1,0,17,4,1,21,18,4,22
102429,8,5,2,16,45,44,165,61,209,60,210,270
102553,8,5,2,213,259,313,491,472,804,526,750,1276
102614,8,5,2,106,117,153,315,223,468,259,432,691
102632,8,5,2,29,23,42,109,52,151,71,132,203
103741,8,5,2,1,23,1,23,24,24,2,46,48
104151,8,5,2,1419,955,572,383,2374,955,1991,1338,3329
104160,8,5,2,70,57,182,370,127,552,252,427,679
104179,8,5,2,690,626,608,549,1316,1157,1298,1175,2473
104346,8,5,2,35,43,108,241,78,349,143,284,427
104391,8,5,2,0,11,0,0,11,0,0,11,11
104425,8,5,2,48,68,180,146,116,326,228,214,442
104443,8,5,2,3,7,0,0,10,0,3,7,10
104568,8,5,2,0,22,0,38,22,38,0,60,60
104577,8,5,2,54,34,48,132,88,180,102,166,268
104586,8,5,2,118,14,22,3,132,25,140,17,157
104708,8,5,2,143,111,430,708,254,1138,573,819,1392
104717,8,5,2,239,288,2147,6360,527,8507,2386,6648,9034
105145,8,5,2,54,110,185,411,164,596,239,521,760
105154,8,5,2,199,170,675,837,369,1512,874,1007,1881
105206,8,5,2,43,85,111,301,128,412,154,386,540
105297,8,5,2,23,71,28,102,94,130,51,173,224
105330,8,5,2,311,354,178,397,665,575,489,751,1240
105349,8,5,2,6,25,61,127,31,188,67,152,219
105428,8,5,2,119,138,300,651,257,951,419,789,1208
105525,8,5,2,137,189,706,1035,326,1741,843,1224,2067
105659,8,5,2,204,22,0,0,226,0,204,22,226
105668,8,5,2,70,89,452,733,159,1185,522,822,1344
105747,8,5,2,54,57,250,376,111,626,304,433,737
105792,8,5,2,15,36,86,177,51,263,101,213,314
106148,8,5,2,68,41,138,283,109,421,206,324,530
106245,8,5,2,111,194,113,267,305,380,224,461,685
106263,8,5,2,30,131,24,92,161,116,54,223,277
106324,8,5,2,0,1,0,2,1,2,0,3,3
106397,8,5,2,233,165,158,255,398,413,391,420,811
106412,8,5,2,24,36,7,12,60,19,31,48,79
106449,8,5,2,36,63,34,75,99,109,70,138,208
106458,8,5,2,73,76,112,286,149,398,185,362,547
106467,8,5,2,83,150,51,141,233,192,134,291,425
106546,8,5,2,9,100,2,12,109,14,11,112,123
106625,8,5,2,34,52,15,46,86,61,49,98,147
106713,8,5,2,16,8,2,1,24,3,18,9,27
106908,8,5,2,3,54,0,2,57,2,3,56,59
107080,8,5,2,3,0,0,0,3,0,3,0,3
107099,8,5,2,0,13,0,0,13,0,0,13,13
107141,8,5,2,5,19,4,10,24,14,9,29,38
107318,8,5,2,1,9,17,27,10,44,18,36,54
107512,8,5,2,2,1,3,1,3,4,5,2,7
107521,8,5,2,3,40,7,19,43,26,10,59,69
107558,8,5,2,6,4,0,0,10,0,6,4,10
107585,8,5,2,23,62,22,64,85,86,45,126,171
107600,8,5,2,29,23,2,3,52,5,31,26,57
107619,8,5,2,8,29,8,22,37,30,16,51,67
107664,8,5,2,72,174,109,252,246,361,181,426,607
107725,8,5,2,5,14,6,54,19,60,11,68,79
107743,8,5,2,6,14,3,15,20,18,9,29,38
107789,8,5,2,1,9,0,0,10,0,1,9,10
107974,8,5,2,15,47,11,60,62,71,26,107,133
107983,8,5,2,25,50,5,12,75,17,30,62,92
107992,8,5,2,12,22,9,24,34,33,21,46,67
108092,8,5,2,74,119,59,94,193,153,133,213,346
108232,8,5,2,214,169,230,306,383,536,444,475,919
108667,8,5,2,52,35,244,432,87,676,296,467,763
108807,8,5,2,80,77,330,438,157,768,410,515,925
108852,8,5,2,8,20,0,0,28,0,8,20,28
109208,8,5,2,131,226,2186,1647,357,3833,2317,1873,4190
109350,8,5,2,111,143,438,681,254,1119,549,824,1373
109785,8,5,2,65,118,36,46,183,82,101,164,265
109819,8,5,2,225,358,864,1095,583,1959,1089,1453,2542
109907,8,5,2,45,140,98,181,185,279,143,321,464
109934,8,5,2,10,67,0,0,77,0,10,67,77
110097,8,5,2,42,43,28,36,85,64,70,79,149
110246,8,5,2,155,206,256,386,361,642,411,592,1003
110316,8,5,2,3,21,0,0,24,0,3,21,24
110334,8,5,2,33,70,339,507,103,846,372,577,949
110361,8,5,2,182,260,61,123,442,184,243,383,626
110404,8,5,2,1,3,0,0,4,0,1,3,4
110413,8,5,2,39,24,2,3,63,5,41,27,68
110422,8,5,2,193,108,42,25,301,67,235,133,368
110486,8,5,2,204,390,146,244,594,390,350,634,984
110495,8,5,2,244,449,186,275,693,461,430,724,1154
110510,8,5,2,580,848,300,445,1428,745,880,1293,2173
110529,8,5,2,1089,911,459,403,2000,862,1548,1314,2862
110538,8,5,2,421,319,120,140,740,260,541,459,1000
110547,8,5,2,503,764,368,571,1267,939,871,1335,2206
110556,8,5,2,529,708,283,338,1237,621,812,1046,1858
110565,8,5,2,1011,966,804,924,1977,1728,1815,1890,3705
110574,8,5,2,526,698,320,376,1224,696,846,1074,1920
110583,8,5,2,1060,1087,633,622,2147,1255,1693,1709,3402
110592,8,5,2,832,1104,432,491,1936,923,1264,1595,2859
110608,8,5,2,1176,1342,785,654,2518,1439,1961,1996,3957
110617,8,5,2,1022,1034,731,641,2056,1372,1753,1675,3428
110635,8,5,2,440,323,96,99,763,195,536,422,958
110644,8,5,2,383,398,50,55,781,105,433,453,886
110653,8,5,2,287,243,49,31,530,80,336,274,610
110662,8,5,2,371,249,23,16,620,39,394,265,659
110671,8,5,2,448,336,70,48,784,118,518,384,902
110680,8,5,2,508,370,69,43,878,112,577,413,990
110705,8,5,2,198,160,25,10,358,35,223,170,393
110714,8,5,2,252,209,47,34,461,81,299,243,542
110918,8,5,2,1,0,1,0,1,1,2,0,2
111188,8,5,2,39,9,2,2,48,4,41,11,52
111434,8,5,2,21,40,192,342,61,534,213,382,595
111461,8,5,2,152,108,850,702,260,1552,1002,810,1812
111513,8,5,2,0,40,1,10,40,11,1,50,51
111887,8,5,2,351,487,961,952,838,1913,1312,1439,2751
111896,8,5,2,33,39,188,270,72,458,221,309,530
111920,8,5,2,73,107,661,602,180,1263,734,709,1443
111939,8,5,2,227,355,705,1239,582,1944,932,1594,2526
111948,8,5,2,60,40,17,13,100,30,77,53,130
112075,8,5,2,29,66,8,13,95,21,37,79,116
112084,8,5,2,7,3,6,6,10,12,13,9,22
112172,8,5,2,135,196,363,570,331,933,498,766,1264
112260,8,5,2,1,3,0,0,4,0,1,3,4
112367,8,5,2,2,6,5,29,8,34,7,35,42
112385,8,5,2,39,58,518,528,97,1046,557,586,1143
112561,8,5,2,24,33,53,89,57,142,77,122,199
112686,8,5,2,25,67,107,274,92,381,132,341,473
112826,8,5,2,31,73,166,377,104,543,197,450,647
113096,8,5,2,82,88,525,817,170,1342,607,905,1512
113111,8,5,2,82,79,206,267,161,473,288,346,634
113193,8,5,2,72,74,262,346,146,608,334,420,754
113236,8,5,2,176,202,549,821,378,1370,725,1023,1748
113333,8,5,2,281,232,568,598,513,1166,849,830,1679
113537,8,5,2,0,2,0,0,2,0,0,2,2
113573,8,5,2,107,181,303,551,288,854,410,732,1142
113582,8,5,2,2,12,0,8,14,8,2,20,22
113634,8,5,2,168,193,644,687,361,1331,812,880,1692
113698,8,5,2,17,20,10,15,37,25,27,35,62
113856,8,5,2,207,289,1204,1704,496,2908,1411,1993,3404
113980,8,5,2,212,234,750,1062,446,1812,962,1296,2258
114266,8,5,2,48,72,315,457,120,772,363,529,892
114354,8,5,2,31,90,11,47,121,58,42,137,179
114433,8,5,2,4,8,75,41,12,116,79,49,128
114716,8,5,2,189,246,930,575,435,1505,1119,821,1940
114761,8,5,2,2,11,0,0,13,0,2,11,13
114789,8,5,2,214,331,1000,1338,545,2338,1214,1669,2883
114813,8,5,2,13,45,36,137,58,173,49,182,231
114859,8,5,2,221,215,805,966,436,1771,1026,1181,2207
114938,8,5,2,57,43,177,204,100,381,234,247,481
114947,8,5,2,14,23,0,0,37,0,14,23,37
115001,8,5,2,184,230,265,348,414,613,449,578,1027
115083,8,5,2,97,28,17,9,125,26,114,37,151
115126,8,5,2,86,93,438,589,179,1027,524,682,1206
115393,8,5,2,52,90,260,343,142,603,312,433,745
115755,8,5,2,245,281,78,82,526,160,323,363,686
115861,8,5,2,99,149,207,270,248,477,306,419,725
116439,8,5,2,69,50,330,326,119,656,399,376,775
116563,8,5,2,2,54,0,0,56,0,2,54,56
116846,8,5,2,1,0,0,2,1,2,1,2,3
117052,8,5,2,42,36,151,298,78,449,193,334,527
117104,8,5,2,21,15,6,5,36,11,27,20,47
117195,8,5,2,38,30,145,88,68,233,183,118,301
117247,8,5,2,103,123,392,646,226,1038,495,769,1264
117274,8,5,2,9,12,142,40,21,182,151,52,203
117645,8,5,2,340,442,1017,1455,782,2472,1357,1897,3254
117672,8,5,2,0,53,78,250,53,328,78,303,381
117690,8,5,2,37,59,293,548,96,841,330,607,937
117706,8,5,2,103,99,593,892,202,1485,696,991,1687
117715,8,5,2,25,46,150,456,71,606,175,502,677
117724,8,5,2,159,117,635,604,276,1239,794,721,1515
117733,8,5,2,96,104,648,1002,200,1650,744,1106,1850
117788,8,5,2,158,201,638,946,359,1584,796,1147,1943
117803,8,5,2,0,0,13,31,0,44,13,31,44
117867,8,5,2,32,74,366,644,106,1010,398,718,1116
117894,8,5,2,54,68,213,367,122,580,267,435,702
117946,8,5,2,55,32,14,3,87,17,69,35,104
118347,8,5,2,29,41,120,221,70,341,149,262,411
118684,8,5,2,21,54,66,197,75,263,87,251,338
118718,8,5,2,109,200,257,434,309,691,366,634,1000
118772,8,5,2,78,98,219,491,176,710,297,589,886
118930,8,5,2,77,71,288,344,148,632,365,415,780
118976,8,5,2,300,501,363,794,801,1157,663,1295,1958
119058,8,5,2,1,1,0,1,2,1,1,2,3
119067,8,5,2,111,104,221,365,215,586,332,469,801
119137,8,5,2,90,107,380,572,197,952,470,679,1149
119164,8,5,2,432,371,1162,1535,803,2697,1594,1906,3500
119216,8,5,2,156,285,409,834,441,1243,565,1119,1684
119331,8,5,2,42,56,108,204,98,312,150,260,410
120166,8,5,2,1,0,0,0,1,0,1,0,1
120254,8,5,2,4,4,1,0,8,1,5,4,9
120290,8,5,2,92,86,275,297,178,572,367,383,750
120342,8,5,2,251,175,724,758,426,1482,975,933,1908
120403,8,5,2,32,42,1,5,74,6,33,47,80
120421,8,5,2,58,61,243,372,119,615,301,433,734
120865,8,5,2,22,43,3,16,65,19,25,59,84
120883,8,5,2,46,36,6,4,82,10,52,40,92
120953,8,5,2,39,15,319,44,54,363,358,59,417
120971,8,5,2,251,160,996,788,411,1784,1247,948,2195
121044,8,5,2,233,315,850,1235,548,2085,1083,1550,2633
121150,8,5,2,20,8,7,16,28,23,27,24,51
121275,8,5,2,14,1,0,0,15,0,14,1,15
121309,8,5,2,36,33,29,78,69,107,65,111,176
121363,8,5,2,34,53,85,193,87,278,119,246,365
121619,8,5,2,173,205,1503,1342,378,2845,1676,1547,3223
121707,8,5,2,56,58,195,199,114,394,251,257,508
121886,8,5,2,146,131,1199,771,277,1970,1345,902,2247
121901,8,5,2,146,159,706,1163,305,1869,852,1322,2174
122180,8,5,2,149,210,798,1291,359,2089,947,1501,2448
122205,8,5,2,138,137,554,877,275,1431,692,1014,1706
122296,8,5,2,39,143,4,11,182,15,43,154,197
122339,8,5,2,103,80,765,835,183,1600,868,915,1783
122375,8,5,2,179,137,925,1216,316,2141,1104,1353,2457
122384,8,5,2,160,62,819,791,222,1610,979,853,1832
122409,8,5,2,821,713,341,323,1534,664,1162,1036,2198
122436,8,5,2,97,45,7,7,142,14,104,52,156
122597,8,5,2,912,738,459,420,1650,879,1371,1158,2529
122612,8,5,2,81,77,20,24,158,44,101,101,202
122658,8,5,2,210,296,285,660,506,945,495,956,1451
122728,8,5,2,22,27,29,28,49,57,51,55,106
122746,8,5,2,89,108,324,524,197,848,413,632,1045
122755,8,5,2,989,797,605,546,1786,1151,1594,1343,2937
122791,8,5,2,52,50,229,319,102,548,281,369,650
122889,8,5,2,119,126,303,442,245,745,422,568,990
122931,8,5,2,33,15,5,3,48,8,38,18,56
122977,8,5,2,340,393,870,1204,733,2074,1210,1597,2807
123013,8,5,2,165,152,673,904,317,1577,838,1056,1894
123165,8,5,2,0,3,0,0,3,0,0,3,3
123217,8,5,2,121,180,366,605,301,971,487,785,1272
123341,8,5,2,152,172,433,648,324,1081,585,820,1405
123457,8,5,2,17,50,5,4,67,9,22,54,76
123484,8,5,2,13,24,43,41,37,84,56,65,121
123509,8,5,2,57,57,255,413,114,668,312,470,782
123563,8,5,2,52,111,320,464,163,784,372,575,947
123572,8,5,2,135,168,77,75,303,152,212,243,455
123800,8,5,2,233,278,554,740,511,1294,787,1018,1805
123952,8,5,2,16,11,6,0,27,6,22,11,33
123961,8,5,2,173,79,24,12,252,36,197,91,288
124113,8,5,2,21,54,293,237,75,530,314,291,605
124487,8,5,2,0,0,4,0,0,4,4,0,4
125028,8,5,2,78,93,394,593,171,987,472,686,1158
125231,8,5,2,44,242,127,712,286,839,171,954,1125
125462,8,5,2,9,17,91,121,26,212,100,138,238
125471,8,5,2,105,134,421,670,239,1091,526,804,1330
125499,8,5,2,33,35,180,273,68,453,213,308,521
125763,8,5,2,16,13,0,2,29,2,16,15,31
125897,8,5,2,56,30,9,9,86,18,65,39,104
126119,8,5,2,32,64,144,327,96,471,176,391,567
126182,8,5,2,25,20,22,12,45,34,47,32,79
126207,8,5,2,105,74,121,195,179,316,226,269,495
126289,8,5,2,92,137,207,392,229,599,299,529,828
126562,8,5,2,454,373,255,284,827,539,709,657,1366
126580,8,5,2,325,278,157,195,603,352,482,473,955
126614,8,5,2,499,164,241,143,663,384,740,307,1047
126711,8,5,2,62,80,106,244,142,350,168,324,492
126748,8,5,2,13,30,9,36,43,45,22,66,88
126775,8,5,2,66,19,30,13,85,43,96,32,128
126818,8,5,2,513,325,246,267,838,513,759,592,1351
126827,8,5,2,900,1758,459,930,2658,1389,1359,2688,4047
126863,8,5,2,76,47,126,264,123,390,202,311,513
126915,8,5,2,7,10,1,11,17,12,8,21,29
126942,8,5,2,104,165,214,421,269,635,318,586,904
126951,8,5,2,130,17,0,0,147,0,130,17,147
127185,8,5,2,82,75,23,33,157,56,105,108,213
127200,8,5,2,233,227,473,795,460,1268,706,1022,1728
127316,8,5,2,3,8,7,41,11,48,10,49,59
127389,8,5,2,4,6,4,7,10,11,8,13,21
127556,8,5,2,189,187,92,102,376,194,281,289,570
127565,8,5,2,642,646,553,693,1288,1246,1195,1339,2534
127617,8,5,2,5,27,12,44,32,56,17,71,88
127653,8,5,2,17,47,8,3,64,11,25,50,75
127714,8,5,2,0,0,21,18,0,39,21,18,39
127732,8,5,2,7,15,5,37,22,42,12,52,64
127741,8,5,2,78,116,42,119,194,161,120,235,355
127778,8,5,2,12,10,8,22,22,30,20,32,52
127820,8,5,2,282,315,385,721,597,1106,667,1036,1703
127884,8,5,2,73,158,119,283,231,402,192,441,633
127909,8,5,2,149,108,221,284,257,505,370,392,762
127918,8,5,2,37,74,53,98,111,151,90,172,262
128106,8,5,2,83,115,66,54,198,120,149,169,318
128258,8,5,2,27,19,20,64,46,84,47,83,130
128337,8,5,2,0,11,0,5,11,5,0,16,16
128498,8,5,2,13,39,9,18,52,27,22,57,79
128577,8,5,2,14,9,22,59,23,81,36,68,104
128744,8,5,2,35,99,11,41,134,52,46,140,186
128771,8,5,2,218,145,202,132,363,334,420,277,697
128780,8,5,2,24,79,46,128,103,174,70,207,277
128902,8,5,2,0,3,0,0,3,0,0,3,3
129020,8,5,2,133,83,41,24,216,65,174,107,281
129154,8,5,2,26,65,58,563,91,621,84,628,712
129181,8,5,2,29,1,9,3,30,12,38,4,42
129215,8,5,2,35,42,29,22,77,51,64,64,128
129242,8,5,2,6,15,5,3,21,8,11,18,29
129349,8,5,2,1,24,0,10,25,10,1,34,35
129367,8,5,2,17,44,76,260,61,336,93,304,397
129525,8,5,2,18,18,12,18,36,30,30,36,66
129543,8,5,2,39,56,92,210,95,302,131,266,397
129695,8,5,2,46,61,143,234,107,377,189,295,484
129729,8,5,2,32,53,152,314,85,466,184,367,551
129756,8,5,2,23,20,64,124,43,188,87,144,231
129774,8,5,2,11,8,1,0,19,1,12,8,20
129808,8,5,2,24,23,87,213,47,300,111,236,347
129923,8,5,2,5,30,19,11,35,30,24,41,65
129941,8,5,2,50,30,27,20,80,47,77,50,127
130004,8,5,2,39,64,131,249,103,380,170,313,483
130040,8,5,2,4,13,23,70,17,93,27,83,110
130183,8,5,2,238,994,356,1157,1232,1513,594,2151,2745
130217,8,5,2,5,16,28,61,21,89,33,77,110
130226,8,5,2,45,50,17,16,95,33,62,66,128
130253,8,5,2,20,12,26,69,32,95,46,81,127
130314,8,5,2,5,20,1,6,25,7,6,26,32
130396,8,5,2,63,56,173,417,119,590,236,473,709
130590,8,5,2,3,2,1,0,5,1,4,2,6
130606,8,5,2,23,43,105,166,66,271,128,209,337
130624,8,5,2,3,0,0,0,3,0,3,0,3
130697,8,5,2,16,2,0,0,18,0,16,2,18
130776,8,5,2,94,69,48,52,163,100,142,121,263
130794,8,5,2,7,1,18,7,8,25,25,8,33
130934,8,5,2,48,54,18,19,102,37,66,73,139
130943,8,5,2,69,57,48,35,126,83,117,92,209
130989,8,5,2,14,19,4,7,33,11,18,26,44
131113,8,5,2,239,302,453,792,541,1245,692,1094,1786
131399,8,5,2,88,127,85,213,215,298,173,340,513
131450,8,5,2,52,53,7,5,105,12,59,58,117
131469,8,5,2,83,159,48,103,242,151,131,262,393
131496,8,5,2,25,10,13,21,35,34,38,31,69
131520,8,5,2,26,45,18,15,71,33,44,60,104
132471,8,5,2,46,67,16,23,113,39,62,90,152
132693,8,5,2,217,213,395,660,430,1055,612,873,1485
132709,8,5,2,336,453,905,1669,789,2574,1241,2122,3363
132842,8,5,2,4,25,6,31,29,37,10,56,66
132851,8,5,2,70,91,109,241,161,350,179,332,511
132879,8,5,2,3,0,1,0,3,1,4,0,4
132903,8,5,2,962,960,1487,1782,1922,3269,2449,2742,5191
133021,8,5,2,14,29,19,44,43,63,33,73,106
133386,8,5,2,218,232,278,596,450,874,496,828,1324
133492,8,5,2,3,6,1,0,9,1,4,6,10
133508,8,5,2,113,178,325,677,291,1002,438,855,1293
133553,8,5,2,276,22,66,7,298,73,342,29,371
133650,8,5,2,128,150,62,65,278,127,190,215,405
133702,8,5,2,307,489,714,1515,796,2229,1021,2004,3025
133711,8,5,2,29,36,8,6,65,14,37,42,79
133809,8,5,2,2,0,1,1,2,2,3,1,4
133872,8,5,2,10,48,23,94,58,117,33,142,175
133881,8,5,2,73,24,29,5,97,34,102,29,131
133960,8,5,2,29,19,36,62,48,98,65,81,146
134097,8,5,2,161,146,178,118,307,296,339,264,603
134130,8,5,2,185,152,142,114,337,256,327,266,593
134343,8,5,2,55,108,104,211,163,315,159,319,478
134495,8,5,2,472,412,491,953,884,1444,963,1365,2328
134608,8,5,2,158,172,355,678,330,1033,513,850,1363
135160,8,5,2,26,67,60,152,93,212,86,219,305
135188,8,5,2,29,41,69,174,70,243,98,215,313
135391,8,5,2,100,132,219,446,232,665,319,578,897
135407,8,5,2,81,50,3,1,131,4,84,51,135
135610,8,5,2,6,2,3,1,8,4,9,3,12
135717,8,5,2,540,778,1390,2090,1318,3480,1930,2868,4798
135726,8,5,2,69,76,16,30,145,46,85,106,191
136109,8,5,2,0,13,0,8,13,8,0,21,21
136145,8,5,2,3,27,12,63,30,75,15,90,105
136172,8,5,2,192,190,214,239,382,453,406,429,835
136233,8,5,2,65,110,117,230,175,347,182,340,522
136330,8,5,2,30,56,7,14,86,21,37,70,107
136358,8,5,2,320,335,657,1372,655,2029,977,1707,2684
136400,8,5,2,92,102,183,320,194,503,275,422,697
136473,8,5,2,106,191,191,428,297,619,297,619,916
136516,8,5,2,90,148,192,434,238,626,282,582,864
136659,8,5,2,9,8,16,1,17,17,25,9,34
136950,8,5,2,33,27,6,9,60,15,39,36,75
137078,8,5,2,390,479,799,1607,869,2406,1189,2086,3275
137096,8,5,2,208,155,379,509,363,888,587,664,1251
137209,8,5,2,191,188,525,830,379,1355,716,1018,1734
137281,8,5,2,45,54,106,193,99,299,151,247,398
137351,8,5,2,645,662,676,774,1307,1450,1321,1436,2757
137546,8,5,2,14,14,7,3,28,10,21,17,38
137564,8,5,2,10,133,52,50,143,102,62,183,245
137591,8,5,2,11,40,1,11,51,12,12,51,63
137759,8,5,2,97,136,187,360,233,547,284,496,780
138187,8,5,2,500,570,1361,2143,1070,3504,1861,2713,4574
138275,8,5,2,6,13,4,6,19,10,10,19,29
138309,8,5,2,169,908,118,761,1077,879,287,1669,1956
138354,8,5,2,218,342,211,327,560,538,429,669,1098
138558,8,5,2,29,27,25,65,56,90,54,92,146
138600,8,5,2,6,16,2,3,22,5,8,19,27
138682,8,5,2,46,120,66,197,166,263,112,317,429
138716,8,5,2,42,122,30,168,164,198,72,290,362
138761,8,5,2,4,3,2,11,7,13,6,14,20
138840,8,5,2,78,112,95,306,190,401,173,418,591
138938,8,5,2,5,59,5,42,64,47,10,101,111
138947,8,5,2,18,26,6,6,44,12,24,32,56
138956,8,5,2,65,128,132,223,193,355,197,351,548
139144,8,5,2,0,0,0,2,0,2,0,2,2
139199,8,5,2,5,85,5,74,90,79,10,159,169
139205,8,5,2,7,6,14,0,13,14,21,6,27
139250,8,5,2,48,88,38,112,136,150,86,200,286
139278,8,5,2,77,120,123,392,197,515,200,512,712
139311,8,5,2,93,234,84,229,327,313,177,463,640
139357,8,5,2,33,112,73,279,145,352,106,391,497
139366,8,5,2,119,164,109,110,283,219,228,274,502
139384,8,5,2,73,156,128,353,229,481,201,509,710
139393,8,5,2,4,1,0,2,5,2,4,3,7
139463,8,5,2,65,106,83,146,171,229,148,252,400
139506,8,5,2,6,3,0,0,9,0,6,3,9
139621,8,5,2,14,13,9,19,27,28,23,32,55
139658,8,5,2,21,32,6,1,53,7,27,33,60
139700,8,5,2,78,132,116,261,210,377,194,393,587
139719,8,5,2,14,31,12,10,45,22,26,41,67
139755,8,5,2,149,49,65,26,198,91,214,75,289
139764,8,5,2,34,46,31,61,80,92,65,107,172
139861,8,5,2,8,7,8,6,15,14,16,13,29
139931,8,5,2,264,337,192,318,601,510,456,655,1111
139940,8,5,2,495,650,486,706,1145,1192,981,1356,2337
139959,8,5,2,160,70,87,58,230,145,247,128,375
139986,8,5,2,40,137,83,314,177,397,123,451,574
140012,8,5,2,125,138,324,570,263,894,449,708,1157
140234,8,5,2,2,10,0,2,12,2,2,12,14
140243,8,5,2,46,86,153,264,132,417,199,350,549
140252,8,5,2,23,25,12,15,48,27,35,40,75
140331,8,5,2,130,152,276,440,282,716,406,592,998
140447,8,5,2,47,179,24,116,226,140,71,295,366
140678,8,5,2,26,39,41,83,65,124,67,122,189
140696,8,5,2,7,17,4,3,24,7,11,20,31
140720,8,5,2,6,9,0,1,15,1,6,10,16
140818,8,5,2,10,59,1,16,69,17,11,75,86
140942,8,5,2,86,120,100,288,206,388,186,408,594
140951,8,5,2,154,184,103,147,338,250,257,331,588
140960,8,5,2,37,42,20,36,79,56,57,78,135
140988,8,5,2,10,21,4,12,31,16,14,33,47
141006,8,5,2,27,52,33,68,79,101,60,120,180
141060,8,5,2,0,14,33,94,14,127,33,108,141
141255,8,5,2,26,109,66,186,135,252,92,295,387
141264,8,5,2,100,163,95,136,263,231,195,299,494
141334,8,5,2,139,172,95,157,311,252,234,329,563
141565,8,5,2,53,64,20,61,117,81,73,125,198
141574,8,5,2,292,259,195,203,551,398,487,462,949
141644,8,5,2,91,119,50,46,210,96,141,165,306
141680,8,5,2,63,25,163,177,88,340,226,202,428
141796,8,5,2,84,111,177,421,195,598,261,532,793
141802,8,5,2,2,6,20,54,8,74,22,60,82
141811,8,5,2,78,77,178,306,155,484,256,383,639
141839,8,5,2,19,33,53,133,52,186,72,166,238
141981,8,5,2,64,122,77,130,186,207,141,252,393
141990,8,5,2,15,25,61,121,40,182,76,146,222
142115,8,5,2,380,330,311,412,710,723,691,742,1433
142179,8,5,2,38,36,40,71,74,111,78,107,185
142276,8,5,2,255,250,138,183,505,321,393,433,826
142285,8,5,2,155,82,58,46,237,104,213,128,341
142407,8,5,2,1,7,0,0,8,0,1,7,8
142443,8,5,2,55,74,69,190,129,259,124,264,388
142461,8,5,2,6,17,7,13,23,20,13,30,43
142522,8,5,2,1122,522,2595,1808,1644,4403,3717,2330,6047
142559,8,5,2,55,55,77,223,110,300,132,278,410
142887,8,5,2,1,3,2,1,4,3,3,4,7
143118,8,5,2,56,110,12,60,166,72,68,170,238
143215,8,5,2,93,121,211,346,214,557,304,467,771
143279,8,5,2,29,39,55,154,68,209,84,193,277
143288,8,5,2,9,12,0,0,21,0,9,12,21
143358,8,5,2,24,7,8,1,31,9,32,8,40
143376,8,5,2,2,16,0,16,18,16,2,32,34
143613,8,5,2,17,42,15,60,59,75,32,102,134
144050,8,5,2,48,7,0,0,55,0,48,7,55
144157,8,5,2,41,57,42,90,98,132,83,147,230
144166,8,5,2,76,240,157,635,316,792,233,875,1108
144175,8,5,2,36,51,46,77,87,123,82,128,210
144184,8,5,2,63,101,250,356,164,606,313,457,770
144193,8,5,2,111,39,139,202,150,341,250,241,491
144209,8,5,2,78,113,156,287,191,443,234,400,634
144218,8,5,2,76,80,291,440,156,731,367,520,887
144351,8,5,2,22,37,16,23,59,39,38,60,98
144564,8,5,2,14,47,33,61,61,94,47,108,155
144740,8,5,2,313,195,139,111,508,250,452,306,758
144865,8,5,2,180,188,616,926,368,1542,796,1114,1910
144883,8,5,2,22,16,0,0,38,0,22,16,38
144892,8,5,2,56,88,28,64,144,92,84,152,236
144944,8,5,2,66,78,299,438,144,737,365,516,881
144962,8,5,2,56,81,5,3,137,8,61,84,145
144971,8,5,2,2,5,1,7,7,8,3,12,15
145099,8,5,2,3,40,0,0,43,0,3,40,43
145336,8,5,2,97,146,81,137,243,218,178,283,461
145372,8,5,2,12,17,9,4,29,13,21,21,42
145521,8,5,2,3,19,14,28,22,42,17,47,64
145600,8,5,2,478,362,159,182,840,341,637,544,1181
145619,8,5,2,60,43,17,36,103,53,77,79,156
145637,8,5,2,159,79,40,28,238,68,199,107,306
145682,8,5,2,49,58,124,341,107,465,173,399,572
145691,8,5,2,4,11,1,2,15,3,5,13,18
145707,8,5,2,6,14,5,19,20,24,11,33,44
145813,8,5,2,184,109,68,57,293,125,252,166,418
145831,8,5,2,21,18,65,76,39,141,86,94,180
146205,8,5,2,40,61,50,87,101,137,90,148,238
146278,8,5,2,13,25,31,71,38,102,44,96,140
146296,8,5,2,63,92,261,382,155,643,324,474,798
146339,8,5,2,22,25,3,7,47,10,25,32,57
146348,8,5,2,16,39,42,126,55,168,58,165,223
146366,8,5,2,22,62,34,102,84,136,56,164,220
146418,8,5,2,11,36,39,119,47,158,50,155,205
146427,8,5,2,7,1,1,2,8,3,8,3,11
146472,8,5,2,120,110,387,593,230,980,507,703,1210
146481,8,5,2,12,13,3,2,25,5,15,15,30
146506,8,5,2,34,77,41,85,111,126,75,162,237
146533,8,5,2,6,18,1,9,24,10,7,27,34
146603,8,5,2,21,38,53,110,59,163,74,148,222
146612,8,5,2,95,73,70,49,168,119,165,122,287
146685,8,5,2,43,73,98,244,116,342,141,317,458
146700,8,5,2,121,68,0,0,189,0,121,68,189
146719,8,5,2,99,205,34,53,304,87,133,258,391
147004,8,5,2,39,50,148,221,89,369,187,271,458
147013,8,5,2,14,19,3,15,33,18,17,34,51
147129,8,5,2,6,54,5,55,60,60,11,109,120
147244,8,5,2,13,19,0,6,32,6,13,25,38
147369,8,5,2,74,38,49,15,112,64,123,53,176
147378,8,5,2,74,96,236,321,170,557,310,417,727
147411,8,5,2,14,29,105,168,43,273,119,197,316
147536,8,5,2,53,207,23,154,260,177,76,361,437
147590,8,5,2,1,3,1,3,4,4,2,6,8
147660,8,5,2,35,18,5,3,53,8,40,21,61
147679,8,5,2,31,44,10,13,75,23,41,57,98
147776,8,5,2,154,221,183,239,375,422,337,460,797
147800,8,5,2,54,43,328,456,97,784,382,499,881
147828,8,5,2,7,17,4,11,24,15,11,28,39
147916,8,5,2,57,75,130,231,132,361,187,306,493
148007,8,5,2,22,48,84,152,70,236,106,200,306
148131,8,5,2,8,12,1,5,20,6,9,17,26
148256,8,5,2,26,34,19,34,60,53,45,68,113
148292,8,5,2,11,29,51,115,40,166,62,144,206
148380,8,5,2,79,57,183,253,136,436,262,310,572
148487,8,5,2,62,97,27,47,159,74,89,144,233
148511,8,5,2,1,11,7,10,12,17,8,21,29
148575,8,5,2,8,18,1,5,26,6,9,23,32
148627,8,5,2,25,50,14,27,75,41,39,77,116
148654,8,5,2,56,62,86,67,118,153,142,129,271
148672,8,5,2,11,18,26,50,29,76,37,68,105
148821,8,5,2,10,21,22,35,31,57,32,56,88
148876,8,5,2,17,58,10,28,75,38,27,86,113
148937,8,5,2,5,22,15,26,27,41,20,48,68
148991,8,5,2,6,14,23,38,20,61,29,52,81
149222,8,5,2,193,157,125,90,350,215,318,247,565
149231,8,5,2,168,130,111,172,298,283,279,302,581
149310,8,5,2,29,15,0,0,44,0,29,15,44
149365,8,5,2,10,38,47,169,48,216,57,207,264
149532,8,5,2,51,84,398,438,135,836,449,522,971
149727,8,5,2,39,50,200,304,89,504,239,354,593
149772,8,5,2,94,105,57,59,199,116,151,164,315
149781,8,5,2,4,4,2,0,8,2,6,4,10
149842,8,5,2,104,126,338,603,230,941,442,729,1171
150136,8,5,2,97,104,42,89,201,131,139,193,332
150163,8,5,2,12,7,0,2,19,2,12,9,21
150172,8,5,2,11,8,18,9,19,27,29,17,46
150534,8,5,2,11,16,6,9,27,15,17,25,42
150604,8,5,2,8,1,0,1,9,1,8,2,10
150668,8,5,2,13,13,0,8,26,8,13,21,34
150677,8,5,2,10,12,2,6,22,8,12,18,30
150765,8,5,2,1,17,0,0,18,0,1,17,18
150941,8,5,2,9,14,3,7,23,10,12,21,33
150987,8,5,2,574,1257,3220,3834,1831,7054,3794,5091,8885
151111,8,5,2,408,472,272,263,880,535,680,735,1415
151263,8,5,2,20,36,24,31,56,55,44,67,111
151290,8,5,2,11,2,5,1,13,6,16,3,19
151306,8,5,2,64,87,40,77,151,117,104,164,268
151324,8,5,2,115,97,113,117,212,230,228,214,442
151333,8,5,2,36,77,22,34,113,56,58,111,169
151342,8,5,2,69,108,57,85,177,142,126,193,319
151351,8,5,2,134,89,55,35,223,90,189,124,313
151360,8,5,2,30,126,39,100,156,139,69,226,295
151379,8,5,2,56,81,80,98,137,178,136,179,315
151388,8,5,2,55,102,68,130,157,198,123,232,355
151661,8,5,2,71,23,0,0,94,0,71,23,94
151777,8,5,2,4,8,2,3,12,5,6,11,17
151962,8,5,2,14,45,5,8,59,13,19,53,72
152080,8,5,2,10,2,0,0,12,0,10,2,12
152318,8,5,2,6,0,1,0,6,1,7,0,7
152336,8,5,2,10,42,6,33,52,39,16,75,91
152390,8,5,2,0,6,0,0,6,0,0,6,6
152567,8,5,2,11,14,3,1,25,4,14,15,29
152600,8,5,2,11,26,2,1,37,3,13,27,40
152637,8,5,2,85,127,90,88,212,178,175,215,390
152798,8,5,2,6,26,1,1,32,2,7,27,34
152992,8,5,2,10,7,2,8,17,10,12,15,27
153001,8,5,2,14,80,9,28,94,37,23,108,131
153083,8,5,2,1,19,0,0,20,0,1,19,20
153108,8,5,2,0,0,1,1,0,2,1,1,2
153126,8,5,2,7,7,2,1,14,3,9,8,17
153144,8,5,2,5,3,1,0,8,1,6,3,9
153162,8,5,2,3,1,0,0,4,0,3,1,4
153214,8,5,2,173,204,326,601,377,927,499,805,1304
153241,8,5,2,12,2,1,0,14,1,13,2,15
153250,8,5,2,8,6,0,0,14,0,8,6,14
153269,8,5,2,23,16,4,7,39,11,27,23,50
153302,8,5,2,4,2,1,0,6,1,5,2,7
153311,8,5,2,58,126,89,227,184,316,147,353,500
153366,8,5,2,9,26,4,9,35,13,13,35,48
153384,8,5,2,2,1,0,1,3,1,2,2,4
153445,8,5,2,51,75,42,92,126,134,93,167,260
153472,8,5,2,30,46,11,33,76,44,41,79,120
153524,8,5,2,54,99,48,81,153,129,102,180,282
153533,8,5,2,13,20,3,32,33,35,16,52,68
153621,8,5,2,11,10,2,3,21,5,13,13,26
153630,8,5,2,56,70,31,151,126,182,87,221,308
153658,8,5,2,212,136,112,130,348,242,324,266,590
153737,8,5,2,117,164,159,299,281,458,276,463,739
153825,8,5,2,10,7,3,3,17,6,13,10,23
153834,8,5,2,4,1,0,0,5,0,4,1,5
154004,8,5,2,9,10,1,10,19,11,10,20,30
154013,8,5,2,16,22,9,29,38,38,25,51,76
154110,8,5,2,30,53,46,119,83,165,76,172,248
154174,8,5,2,5,1,1,0,6,1,6,1,7
154235,8,5,2,25,32,5,4,57,9,30,36,66
154262,8,5,2,4,11,1,22,15,23,5,33,38
154350,8,5,2,1,7,3,4,8,7,4,11,15
154396,8,5,2,13,31,3,28,44,31,16,59,75
154493,8,5,2,39,110,115,146,149,261,154,256,410
154527,8,5,2,2,3,0,1,5,1,2,4,6
154572,8,5,2,58,92,44,183,150,227,102,275,377
154697,8,5,2,37,74,261,234,111,495,298,308,606
154712,8,5,2,6,6,4,4,12,8,10,10,20
154749,8,5,2,3,2,0,0,5,0,3,2,5
154800,8,5,2,76,107,155,324,183,479,231,431,662
154907,8,5,2,9,20,10,32,29,42,19,52,71
154925,8,5,2,11,20,4,8,31,12,15,28,43
154934,8,5,2,10,12,2,66,22,68,12,78,90
154952,8,5,2,33,36,26,70,69,96,59,106,165
154998,8,5,2,13,17,32,44,30,76,45,61,106
155025,8,5,2,48,67,10,13,115,23,58,80,138
155052,8,5,2,11,19,5,12,30,17,16,31,47
155089,8,5,2,16,13,4,13,29,17,20,26,46
155098,8,5,2,11,7,7,17,18,24,18,24,42
155104,8,5,2,15,23,14,39,38,53,29,62,91
155140,8,5,2,18,23,6,8,41,14,24,31,55
155177,8,5,2,1,12,2,3,13,5,3,15,18
155195,8,5,2,38,63,91,161,101,252,129,224,353
155210,8,5,2,180,194,481,684,374,1165,661,878,1539
155292,8,5,2,61,81,110,184,142,294,171,265,436
155317,8,5,2,219,169,115,143,388,258,334,312,646
155399,8,5,2,191,163,90,137,354,227,281,300,581
155414,8,5,2,11,4,5,0,15,5,16,4,20
155423,8,5,2,25,24,5,11,49,16,30,35,65
155487,8,5,2,8,14,3,10,22,13,11,24,35
155511,8,5,2,18,5,3,0,23,3,21,5,26
155566,8,5,2,4,16,8,32,20,40,12,48,60
155618,8,5,2,6,5,5,7,11,12,11,12,23
155715,8,5,2,8,3,6,29,11,35,14,32,46
155812,8,5,2,20,13,4,4,33,8,24,17,41
155858,8,5,2,9,25,18,59,34,77,27,84,111
155900,8,5,2,14,6,75,26,20,101,89,32,121
155973,8,5,2,3,0,0,0,3,0,3,0,3
156082,8,5,2,73,167,47,63,240,110,120,230,350
156107,8,5,2,107,76,81,150,183,231,188,226,414
156125,8,5,2,246,309,272,296,555,568,518,605,1123
156189,8,5,2,4,1,1,0,5,1,5,1,6
156213,8,5,2,7,17,8,20,24,28,15,37,52
156231,8,5,2,43,89,36,95,132,131,79,184,263
156286,8,5,2,19,39,9,9,58,18,28,48,76
156295,8,5,2,19,13,0,1,32,1,19,14,33
156338,8,5,2,57,91,87,164,148,251,144,255,399
156356,8,5,2,8,26,2,8,34,10,10,34,44
156392,8,5,2,171,260,272,499,431,771,443,759,1202
156408,8,5,2,2,0,0,0,2,0,2,0,2
156426,8,5,2,2,23,1,14,25,15,3,37,40
156541,8,5,2,97,317,42,109,414,151,139,426,565
156620,8,5,2,219,337,144,179,556,323,363,516,879
156648,8,5,2,66,129,133,198,195,331,199,327,526
156745,8,5,2,3,2,0,0,5,0,3,2,5
156790,8,5,2,28,60,30,88,88,118,58,148,206
156842,8,5,2,1,12,0,10,13,10,1,22,23
156851,8,5,2,5,24,18,75,29,93,23,99,122
156860,8,5,2,45,79,51,131,124,182,96,210,306
156921,8,5,2,139,188,308,484,327,792,447,672,1119
157030,8,5,2,1,4,4,1,5,5,5,5,10
157058,8,5,2,22,16,7,6,38,13,29,22,51
157076,8,5,2,7,16,3,1,23,4,10,17,27
157085,8,5,2,183,151,107,117,334,224,290,268,558
157216,8,5,2,18,54,6,5,72,11,24,59,83
157289,8,5,2,248,299,201,212,547,413,449,511,960
157304,8,5,2,27,74,106,137,101,243,133,211,344
157331,8,5,2,38,71,29,129,109,158,67,200,267
157386,8,5,2,55,88,27,60,143,87,82,148,230
157401,8,5,2,74,107,34,55,181,89,108,162,270
157438,8,5,2,73,70,125,174,143,299,198,244,442
157447,8,5,2,168,207,142,193,375,335,310,400,710
157483,8,5,2,44,107,127,214,151,341,171,321,492
157535,8,5,2,15,14,4,8,29,12,19,22,41
157553,8,5,2,40,66,35,65,106,100,75,131,206
157614,8,5,2,1,9,0,12,10,12,1,21,22
157650,8,5,2,0,10,0,7,10,7,0,17,17
157669,8,5,2,0,16,0,0,16,0,0,16,16
157678,8,5,2,0,13,0,0,13,0,0,13,13
157711,8,5,2,104,169,58,250,273,308,162,419,581
157739,8,5,2,37,59,32,88,96,120,69,147,216
157757,8,5,2,4,36,1,7,40,8,5,43,48
157951,8,5,2,137,160,71,130,297,201,208,290,498
158662,8,5,2,171,423,390,1137,594,1527,561,1560,2121
158802,8,5,2,5,20,2,9,25,11,7,29,36
158884,8,5,2,23,67,34,110,90,144,57,177,234
159197,8,5,2,75,21,0,0,96,0,75,21,96
159382,8,5,2,57,199,71,232,256,303,128,431,559
159391,8,5,2,260,166,117,83,426,200,377,249,626
159407,8,5,2,24,80,32,141,104,173,56,221,277
159647,8,5,2,67,42,39,32,109,71,106,74,180
159656,8,5,2,13,20,9,23,33,32,22,43,65
159717,8,5,2,77,137,32,58,214,90,109,195,304
159939,8,5,2,161,140,109,93,301,202,270,233,503
159966,8,5,2,57,110,31,58,167,89,88,168,256
159993,8,5,2,41,73,34,136,114,170,75,209,284
160010,8,5,2,19,4,31,50,23,81,50,54,104
160472,8,5,2,0,8,1,5,8,6,1,13,14
160579,8,5,2,54,95,64,127,149,191,118,222,340
160612,8,5,2,142,191,71,85,333,156,213,276,489
160621,8,5,2,70,120,34,84,190,118,104,204,308
160630,8,5,2,36,89,9,4,125,13,45,93,138
160649,8,5,2,28,148,24,146,176,170,52,294,346
160658,8,5,2,190,194,109,153,384,262,299,347,646
160667,8,5,2,45,66,32,43,111,75,77,109,186
160755,8,5,2,17,17,23,35,34,58,40,52,92
160904,8,5,2,6,6,5,4,12,9,11,10,21
160977,8,5,2,4,0,0,0,4,0,4,0,4
161004,8,5,2,3,2,1,1,5,2,4,3,7
161077,8,5,2,27,38,39,134,65,173,66,172,238
161138,8,5,2,21,34,41,79,55,120,62,113,175
161192,8,5,2,15,27,47,110,42,157,62,137,199
161208,8,5,2,6,1,0,0,7,0,6,1,7
161217,8,5,2,48,118,72,204,166,276,120,322,442
161226,8,5,2,9,15,4,12,24,16,13,27,40
161235,8,5,2,13,31,15,39,44,54,28,70,98
161253,8,5,2,73,66,119,76,139,195,192,142,334
161299,8,5,2,19,1,1,0,20,1,20,1,21
161341,8,5,2,36,51,35,45,87,80,71,96,167
161457,8,5,2,24,35,121,269,59,390,145,304,449
161484,8,5,2,11,8,11,26,19,37,22,34,56
161493,8,5,2,0,11,0,9,11,9,0,20,20
161509,8,5,2,2,9,2,1,11,3,4,10,14
161545,8,5,2,52,90,166,269,142,435,218,359,577
161554,8,5,2,96,154,85,116,250,201,181,270,451
161572,8,5,2,204,776,0,3,980,3,204,779,983
161581,8,5,2,7,5,8,31,12,39,15,36,51
161688,8,5,2,13,51,33,100,64,133,46,151,197
161767,8,5,2,79,91,249,571,170,820,328,662,990
161864,8,5,2,22,75,85,325,97,410,107,400,507
161873,8,5,2,65,99,58,83,164,141,123,182,305
162104,8,5,2,11,16,34,87,27,121,45,103,148
162122,8,5,2,39,46,101,217,85,318,140,263,403
162168,8,5,2,4,8,29,75,12,104,33,83,116
162210,8,5,2,18,28,4,6,46,10,22,34,56
162283,8,5,2,19,67,7,55,86,62,26,122,148
162584,8,5,2,51,31,25,72,82,97,76,103,179
162654,8,5,2,6,12,0,0,18,0,6,12,18
162690,8,5,2,29,42,69,212,71,281,98,254,352
162706,8,5,2,35,44,101,189,79,290,136,233,369
162830,8,5,2,0,13,0,0,13,0,0,13,13
163028,8,5,2,66,7,31,4,73,35,97,11,108
163204,8,5,2,1492,1241,5287,3531,2733,8818,6779,4772,11551
163259,8,5,2,24,108,10,42,132,52,34,150,184
163268,8,5,2,200,178,186,148,378,334,386,326,712
163286,8,5,2,388,268,206,159,656,365,594,427,1021
163295,8,5,2,18,28,3,7,46,10,21,35,56
163338,8,5,2,33,27,16,12,60,28,49,39,88
163453,8,5,2,109,139,69,50,248,119,178,189,367
163462,8,5,2,10,8,2,7,18,9,12,15,27
163578,8,5,2,9,73,1,32,82,33,10,105,115
163851,8,5,2,56,79,21,25,135,46,77,104,181
163912,8,5,2,13,11,2,1,24,3,15,12,27
163976,8,5,2,10,3,0,1,13,1,10,4,14
164076,8,5,2,351,310,199,203,661,402,550,513,1063
164155,8,5,2,31,5,0,0,36,0,31,5,36
164216,8,5,2,3,2,0,0,5,0,3,2,5
164270,8,5,2,2,6,2,1,8,3,4,7,11
164313,8,5,2,20,16,54,178,36,232,74,194,268
164465,8,5,2,17,2,0,0,19,0,17,2,19
164492,8,5,2,18,20,31,6,38,37,49,26,75
164599,8,5,2,0,0,0,5,0,5,0,5,5
164632,8,5,2,0,96,3,69,96,72,3,165,168
164739,8,5,2,4,3,0,0,7,0,4,3,7
164775,8,5,2,8,15,25,100,23,125,33,115,148
164845,8,5,2,0,6,0,2,6,2,0,8,8
164872,8,5,2,35,18,5,7,53,12,40,25,65
164988,8,5,2,53,31,72,65,84,137,125,96,221
165015,8,5,2,5,3,0,0,8,0,5,3,8
165024,8,5,2,152,158,129,156,310,285,281,314,595
165033,8,5,2,48,132,152,394,180,546,200,526,726
165112,8,5,2,140,151,350,668,291,1018,490,819,1309
165167,8,5,2,10,18,23,83,28,106,33,101,134
165194,8,5,2,23,38,56,177,61,233,79,215,294
165264,8,5,2,1,26,9,198,27,207,10,224,234
165334,8,5,2,8,7,0,2,15,2,8,9,17
165556,8,5,2,3,18,1,13,21,14,4,31,35
165662,8,5,2,19,15,4,3,34,7,23,18,41
165671,8,5,2,2,0,4,12,2,16,6,12,18
165820,8,5,2,50,24,48,87,74,135,98,111,209
165866,8,5,2,68,60,36,34,128,70,104,94,198
165936,8,5,2,7,5,9,2,12,11,16,7,23
165981,8,5,2,15,33,44,93,48,137,59,126,185
166018,8,5,2,3,6,0,0,9,0,3,6,9
166027,8,5,2,79,70,157,212,149,369,236,282,518
166133,8,5,2,31,75,85,247,106,332,116,322,438
166391,8,5,2,4,10,4,2,14,6,8,12,20
166513,8,5,2,271,172,297,235,443,532,568,407,975
166629,8,5,2,158,144,83,115,302,198,241,259,500
166647,8,5,2,39,76,137,235,115,372,176,311,487
166674,8,5,2,11,46,15,41,57,56,26,87,113
166683,8,5,2,21,14,3,2,35,5,24,16,40
166717,8,5,2,0,5,0,4,5,4,0,9,9
166823,8,5,2,50,63,114,292,113,406,164,355,519
166850,8,5,2,9,9,13,8,18,21,22,17,39
166887,8,5,2,55,90,188,397,145,585,243,487,730
166911,8,5,2,1,4,2,0,5,2,3,4,7
166939,8,5,2,0,25,0,4,25,4,0,29,29
166957,8,5,2,22,39,65,232,61,297,87,271,358
167288,8,5,2,12,10,4,4,22,8,16,14,30
167312,8,5,2,66,69,132,353,135,485,198,422,620
167358,8,5,2,55,19,0,0,74,0,55,19,74
167376,8,5,2,22,42,94,290,64,384,116,332,448
167394,8,5,2,13,54,4,18,67,22,17,72,89
167534,8,5,2,67,143,172,443,210,615,239,586,825
167598,8,5,2,4,41,6,31,45,37,10,72,82
167729,8,5,2,109,128,68,125,237,193,177,253,430
167783,8,5,2,0,29,0,45,29,45,0,74,74
167835,8,5,2,1,22,0,3,23,3,1,25,26
167871,8,5,2,0,10,2,9,10,11,2,19,21
167905,8,5,2,58,97,113,277,155,390,171,374,545
167987,8,5,2,96,94,60,88,190,148,156,182,338
168005,8,5,2,57,43,10,12,100,22,67,55,122
168148,8,5,2,6,3,6,3,9,9,12,6,18
168227,8,5,2,57,12,19,5,69,24,76,17,93
168254,8,5,2,25,9,7,5,34,12,32,14,46
168342,8,5,2,12,3,0,0,15,0,12,3,15
168421,8,5,2,14,6,3,2,20,5,17,8,25
168430,8,5,2,54,76,70,68,130,138,124,144,268
168528,8,5,2,7,5,2,0,12,2,9,5,14
168546,8,5,2,7,2,0,3,9,3,7,5,12
168591,8,5,2,3,2,1,0,5,1,4,2,6
168607,8,5,2,9,18,20,37,27,57,29,55,84
168740,8,5,2,22,14,11,7,36,18,33,21,54
168786,8,5,2,5,5,5,8,10,13,10,13,23
168847,8,5,2,72,176,96,319,248,415,168,495,663
168892,8,5,2,0,6,0,8,6,8,0,14,14
169248,8,5,2,153,163,81,163,316,244,234,326,560
169275,8,5,2,54,114,166,373,168,539,220,487,707
169284,8,5,2,0,38,1,12,38,13,1,50,51
169442,8,5,2,37,31,17,23,68,40,54,54,108
169503,8,5,2,1,42,0,0,43,0,1,42,43
169521,8,5,2,62,133,200,432,195,632,262,565,827
169576,8,5,2,0,39,0,0,39,0,0,39,39
169655,8,5,2,227,26,0,0,253,0,227,26,253
169716,8,5,2,24,86,12,15,110,27,36,101,137
169798,8,5,2,221,226,280,356,447,636,501,582,1083
169910,8,5,2,129,145,195,179,274,374,324,324,648
169992,8,5,2,15,11,6,22,26,28,21,33,54
170000,8,5,2,11,20,4,21,31,25,15,41,56
170055,8,5,2,112,107,493,642,219,1135,605,749,1354
170082,8,5,2,240,189,151,150,429,301,391,339,730
170240,8,5,2,114,205,276,493,319,769,390,698,1088
170286,8,5,2,11,3,1,0,14,1,12,3,15
170550,8,5,2,19,48,72,220,67,292,91,268,359
170587,8,5,2,18,37,28,53,55,81,46,90,136
170639,8,5,2,41,26,9,19,67,28,50,45,95
170657,8,5,2,92,120,350,528,212,878,442,648,1090
170675,8,5,2,32,24,33,10,56,43,65,34,99
170790,8,5,2,141,226,571,944,367,1515,712,1170,1882
170806,8,5,2,25,81,29,70,106,99,54,151,205
170976,8,5,2,165,100,40,25,265,65,205,125,330
171100,8,5,2,190,117,120,101,307,221,310,218,528
171137,8,5,2,146,110,151,117,256,268,297,227,524
171146,8,5,2,97,171,90,180,268,270,187,351,538
171155,8,5,2,26,45,52,101,71,153,78,146,224
171225,8,5,2,14,22,66,112,36,178,80,134,214
171304,8,5,2,16,21,77,186,37,263,93,207,300
171456,8,5,2,123,85,49,41,208,90,172,126,298
171483,8,5,2,52,30,90,148,82,238,142,178,320
171492,8,5,2,33,32,61,37,65,98,94,69,163
171571,8,5,2,265,326,268,267,591,535,533,593,1126
172200,8,5,2,65,70,261,456,135,717,326,526,852
172291,8,5,2,25,54,58,118,79,176,83,172,255
172307,8,5,2,12,21,21,74,33,95,33,95,128
172334,8,5,2,10,26,1,18,36,19,11,44,55
172422,8,5,2,6,0,0,0,6,0,6,0,6
172617,8,5,2,134,133,494,620,267,1114,628,753,1381
172644,8,5,2,247,314,349,396,561,745,596,710,1306
172680,8,5,2,0,7,0,9,7,9,0,16,16
172699,8,5,2,236,149,206,148,385,354,442,297,739
173045,8,5,2,41,33,11,13,74,24,52,46,98
173142,8,5,2,2,2,2,2,4,4,4,4,8
173160,8,5,2,4,14,18,21,18,39,22,35,57
173258,8,5,2,1,0,0,1,1,1,1,1,2
173300,8,5,2,8,5,0,2,13,2,8,7,15
173452,8,5,2,7,1,6,7,8,13,13,8,21
173647,8,5,2,4,4,3,0,8,3,7,4,11
173665,8,5,2,20,23,4,3,43,7,24,26,50
174066,8,5,2,392,260,202,182,652,384,594,442,1036
174075,8,5,2,47,46,35,53,93,88,82,99,181
174127,8,5,2,12,21,1,1,33,2,13,22,35
174233,8,5,2,71,31,24,16,102,40,95,47,142
174251,8,5,2,6,7,2,3,13,5,8,10,18
174491,8,5,2,7,15,11,18,22,29,18,33,51
174507,8,5,2,16,24,23,40,40,63,39,64,103
174747,8,5,2,0,3,0,1,3,1,0,4,4
174792,8,5,2,1,0,0,0,1,0,1,0,1
174899,8,5,2,19,58,14,36,77,50,33,94,127
174914,8,5,2,51,14,7,5,65,12,58,19,77
174978,8,5,2,0,23,0,10,23,10,0,33,33
175005,8,5,2,7,109,18,136,116,154,25,245,270
175014,8,5,2,69,267,44,231,336,275,113,498,611
175120,8,5,2,67,42,0,0,109,0,67,42,109
175227,8,5,2,77,17,32,8,94,40,109,25,134
175421,8,5,2,19,47,17,37,66,54,36,84,120
175430,8,5,2,5,11,1,2,16,3,6,13,19
175573,8,5,2,17,61,6,25,78,31,23,86,109
175616,8,5,2,29,60,14,21,89,35,43,81,124
175652,8,5,2,52,99,21,73,151,94,73,172,245
175786,8,5,2,97,246,73,246,343,319,170,492,662
175810,8,5,2,49,239,37,139,288,176,86,378,464
175829,8,5,2,44,84,32,101,128,133,76,185,261
175856,8,5,2,90,175,23,60,265,83,113,235,348
175883,8,5,2,41,107,31,70,148,101,72,177,249
175935,8,5,2,32,150,12,56,182,68,44,206,250
175980,8,5,2,0,0,1,0,0,1,1,0,1
176008,8,5,2,14,63,9,36,77,45,23,99,122
176017,8,5,2,116,159,54,62,275,116,170,221,391
176035,8,5,2,32,115,8,17,147,25,40,132,172
176044,8,5,2,19,33,9,13,52,22,28,46,74
176053,8,5,2,34,28,11,20,62,31,45,48,93
176080,8,5,2,206,161,131,106,367,237,337,267,604
176178,8,5,2,31,132,30,88,163,118,61,220,281
176239,8,5,2,60,248,19,118,308,137,79,366,445
176318,8,5,2,19,26,4,9,45,13,23,35,58
176372,8,5,2,187,285,127,135,472,262,314,420,734
176433,8,5,2,0,10,0,3,10,3,0,13,13
176479,8,5,2,59,150,12,36,209,48,71,186,257
176628,8,5,2,25,28,3,12,53,15,28,40,68
176947,8,5,2,12,13,0,1,25,1,12,14,26
176965,8,5,2,135,109,76,74,244,150,211,183,394
176983,8,5,2,4,4,1,0,8,1,5,4,9
177038,8,5,2,4,14,2,2,18,4,6,16,22
177135,8,5,2,33,63,46,134,96,180,79,197,276
177144,8,5,2,3,6,2,0,9,2,5,6,11
177214,8,5,2,15,11,2,0,26,2,17,11,28
177250,8,5,2,20,20,37,77,40,114,57,97,154
177302,8,5,2,72,7,0,0,79,0,72,7,79
177418,8,5,2,5,12,3,5,17,8,8,17,25
177472,8,5,2,121,176,221,371,297,592,342,547,889
177676,8,5,2,24,40,42,114,64,156,66,154,220
177685,8,5,2,2,10,0,0,12,0,2,10,12
177940,8,5,2,20,24,10,12,44,22,30,36,66
177977,8,5,2,28,6,15,6,34,21,43,12,55
177986,8,5,2,8,22,10,34,30,44,18,56,74
177995,8,5,2,149,179,310,611,328,921,459,790,1249
178059,8,5,2,57,119,148,427,176,575,205,546,751
178217,8,5,2,18,50,15,42,68,57,33,92,125
178341,8,5,2,73,118,53,81,191,134,126,199,325
178369,8,5,2,23,16,4,6,39,10,27,22,49
178387,8,5,2,46,68,21,39,114,60,67,107,174
178396,8,5,2,154,114,94,84,268,178,248,198,446
178402,8,5,2,200,182,108,123,382,231,308,305,613
178411,8,5,2,77,11,41,10,88,51,118,21,139
178420,8,5,2,250,255,240,209,505,449,490,464,954
178448,8,5,2,35,55,46,103,90,149,81,158,239
178615,8,5,2,14,9,12,14,23,26,26,23,49
178624,8,5,2,32,43,25,42,75,67,57,85,142
178679,8,5,2,12,1,5,5,13,10,17,6,23
178697,8,5,2,7,8,2,0,15,2,9,8,17
178721,8,5,2,214,246,444,271,460,715,658,517,1175
178891,8,5,2,116,17,70,10,133,80,186,27,213
178989,8,5,2,10,44,0,2,54,2,10,46,56
179043,8,5,2,16,38,4,23,54,27,20,61,81
179308,8,5,2,121,273,331,931,394,1262,452,1204,1656
179326,8,5,2,9,30,12,51,39,63,21,81,102
179344,8,5,2,15,38,12,29,53,41,27,67,94
179539,8,5,2,25,67,33,74,92,107,58,141,199
179557,8,5,2,124,134,49,89,258,138,173,223,396
179566,8,5,2,198,255,143,173,453,316,341,428,769
179645,8,5,2,27,94,11,71,121,82,38,165,203
179715,8,5,2,5,51,8,58,56,66,13,109,122
179867,8,5,2,23,10,27,70,33,97,50,80,130
179894,8,5,2,39,45,35,43,84,78,74,88,162
179946,8,5,2,5,1,0,0,6,0,5,1,6
180081,8,5,2,7,7,1,6,14,7,8,13,21
180106,8,5,2,14,13,3,4,27,7,17,17,34
180151,8,5,2,0,2,3,12,2,15,3,14,17
180179,8,5,2,108,158,60,134,266,194,168,292,460
180197,8,5,2,29,31,35,61,60,96,64,92,156
180249,8,5,2,15,50,10,44,65,54,25,94,119
180258,8,5,2,16,21,6,13,37,19,22,34,56
180276,8,5,2,24,23,24,49,47,73,48,72,120
180416,8,5,2,50,32,10,4,82,14,60,36,96
180461,8,5,2,277,215,96,90,492,186,373,305,678
180522,8,5,2,20,26,30,22,46,52,50,48,98
180595,8,5,2,17,10,2,2,27,4,19,12,31
180647,8,5,2,24,55,2,11,79,13,26,66,92
180692,8,5,2,19,45,9,36,64,45,28,81,109
180814,8,5,2,602,744,387,520,1346,907,989,1264,2253
180902,8,5,2,45,60,80,215,105,295,125,275,400
180948,8,5,2,20,42,11,32,62,43,31,74,105
181002,8,5,2,22,53,12,11,75,23,34,64,98
181020,8,5,2,9,14,3,1,23,4,12,15,27
181127,8,5,2,4,4,0,0,8,0,4,4,8
181145,8,5,2,0,5,0,0,5,0,0,5,5
181190,8,5,2,2,9,0,0,11,0,2,9,11
181215,8,5,2,49,69,33,74,118,107,82,143,225
181297,8,5,2,12,71,3,31,83,34,15,102,117
181303,8,5,2,134,173,404,503,307,907,538,676,1214
181312,8,5,2,10,12,17,58,22,75,27,70,97
181330,8,5,2,11,21,1,1,32,2,12,22,34
181394,8,5,2,281,300,216,170,581,386,497,470,967
181428,8,5,2,25,57,6,14,82,20,31,71,102
181446,8,5,2,12,12,9,8,24,17,21,20,41
181464,8,5,2,208,118,83,50,326,133,291,168,459
181491,8,5,2,12,33,136,106,45,242,148,139,287
181604,8,5,2,0,43,0,5,43,5,0,48,48
181640,8,5,2,95,121,197,299,216,496,292,420,712
181738,8,5,2,14,16,3,2,30,5,17,18,35
181783,8,5,2,34,45,22,23,79,45,56,68,124
181817,8,5,2,16,30,10,52,46,62,26,82,108
182005,8,5,2,364,437,1252,1635,801,2887,1616,2072,3688
182281,8,5,2,722,736,591,624,1458,1215,1313,1360,2673
182290,8,5,2,245,215,189,180,460,369,434,395,829
182306,8,5,2,23,69,68,150,92,218,91,219,310
182500,8,5,2,123,129,477,479,252,956,600,608,1208
182564,8,5,2,30,25,145,159,55,304,175,184,359
182670,8,5,2,13,8,0,0,21,0,13,8,21
182704,8,5,2,0,5,1,0,5,1,1,5,6
182722,8,5,2,0,19,0,6,19,6,0,25,25
182892,8,5,2,0,2,0,3,2,3,0,5,5
182980,8,5,2,41,18,0,4,59,4,41,22,63
183026,8,5,2,2911,4406,8596,14679,7317,23275,11507,19085,30592
183044,8,5,2,82,44,14,10,126,24,96,54,150
183062,8,5,2,27,12,8,3,39,11,35,15,50
183071,8,5,2,26,30,12,10,56,22,38,40,78
183080,8,5,2,32,13,7,5,45,12,39,18,57
183202,8,5,2,0,6,1,5,6,6,1,11,12
183239,8,5,2,2,1,1,0,3,1,3,1,4
183257,8,5,2,39,89,27,72,128,99,66,161,227
183275,8,5,2,1,3,0,0,4,0,1,3,4
183488,8,5,2,10,66,2,25,76,27,12,91,103
183655,8,5,2,45,79,117,262,124,379,162,341,503
183743,8,5,2,186,266,318,494,452,812,504,760,1264
183789,8,5,2,46,162,25,127,208,152,71,289,360
183822,8,5,2,20,37,8,11,57,19,28,48,76
183859,8,5,2,66,101,226,339,167,565,292,440,732
183910,8,5,2,11,32,5,3,43,8,16,35,51
183938,8,5,2,103,185,218,494,288,712,321,679,1000
184056,8,5,2,6,39,3,22,45,25,9,61,70
184180,8,5,2,57,59,175,215,116,390,232,274,506
184205,8,5,2,59,102,111,233,161,344,170,335,505
184427,8,5,2,12,1,7,0,13,7,19,1,20
184481,8,5,2,100,177,176,317,277,493,276,494,770
184506,8,5,2,0,10,2,3,10,5,2,13,15
184603,8,5,2,35,35,28,49,70,77,63,84,147
184612,8,5,2,33,126,11,35,159,46,44,161,205
184694,8,5,2,7,10,5,9,17,14,12,19,31
184773,8,5,2,19,64,5,17,83,22,24,81,105
184782,8,5,2,217,276,165,171,493,336,382,447,829
184791,8,5,2,38,104,94,192,142,286,132,296,428
184816,8,5,2,0,13,0,10,13,10,0,23,23
184959,8,5,2,13,62,16,101,75,117,29,163,192
184995,8,5,2,153,264,174,336,417,510,327,600,927
185262,8,5,2,318,410,195,253,728,448,513,663,1176
185396,8,5,2,61,0,38,3,61,41,99,3,102
185509,8,5,2,64,55,193,316,119,509,257,371,628
185536,8,5,2,102,136,270,395,238,665,372,531,903
185572,8,5,2,26,20,12,9,46,21,38,29,67
185590,8,5,2,264,326,147,151,590,298,411,477,888
185721,8,5,2,11,37,11,31,48,42,22,68,90
185828,8,5,2,375,109,218,57,484,275,593,166,759
185873,8,5,2,56,86,147,259,142,406,203,345,548
186016,8,5,2,2,38,2,41,40,43,4,79,83
186034,8,5,2,53,87,143,344,140,487,196,431,627
186131,8,5,2,29,8,0,3,37,3,29,11,40
186201,8,5,2,95,77,42,44,172,86,137,121,258
186283,8,5,2,32,31,21,21,63,42,53,52,105
186371,8,5,2,103,200,55,71,303,126,158,271,429
186380,8,5,2,399,353,153,167,752,320,552,520,1072
186399,8,5,2,210,255,103,96,465,199,313,351,664
186405,8,5,2,1,2,0,0,3,0,1,2,3
186432,8,5,2,36,46,8,15,82,23,44,61,105
186469,8,5,2,14,16,8,56,30,64,22,72,94
186584,8,5,2,31,27,9,4,58,13,40,31,71
186618,8,5,2,7,22,4,10,29,14,11,32,43
186645,8,5,2,50,49,202,195,99,397,252,244,496
186867,8,5,2,13,1,0,0,14,0,13,1,14
186876,8,5,2,227,231,39,46,458,85,266,277,543
187046,8,5,2,6,26,938,559,32,1497,944,585,1529
187134,8,5,2,48,28,21,9,76,30,69,37,106
187198,8,5,2,94,183,222,539,277,761,316,722,1038
187444,8,5,2,180,283,148,219,463,367,328,502,830
187532,8,5,2,224,246,747,1431,470,2178,971,1677,2648
187620,8,5,2,92,144,147,307,236,454,239,451,690
187639,8,5,2,18,55,48,128,73,176,66,183,249
187648,8,5,2,62,147,71,133,209,204,133,280,413
187897,8,5,2,38,59,20,47,97,67,58,106,164
187958,8,5,2,16,36,33,93,52,126,49,129,178
187967,8,5,2,42,8,9,6,50,15,51,14,65
187976,8,5,2,1,5,43,55,6,98,44,60,104
187985,8,5,2,279,373,275,361,652,636,554,734,1288
187994,8,5,2,7,23,28,62,30,90,35,85,120
188003,8,5,2,5,14,26,77,19,103,31,91,122
188021,8,5,2,7,23,13,55,30,68,20,78,98
188030,8,5,2,226,303,152,215,529,367,378,518,896
188049,8,5,2,4,7,41,69,11,110,45,76,121
188100,8,5,2,101,125,90,446,226,536,191,571,762
188137,8,5,2,34,45,84,157,79,241,118,202,320
188225,8,5,2,5,7,25,59,12,84,30,66,96
188261,8,5,2,9,4,41,18,13,59,50,22,72
188340,8,5,2,105,9,36,3,114,39,141,12,153
188429,8,5,2,45,89,15,13,134,28,60,102,162
188438,8,5,2,33,26,32,72,59,104,65,98,163
188517,8,5,2,11,14,2,9,25,11,13,23,36
188641,8,5,2,16,11,3,1,27,4,19,12,31
188854,8,5,2,19,25,0,0,44,0,19,25,44
189219,8,5,2,25,0,0,0,25,0,25,0,25
189228,8,5,2,79,136,40,100,215,140,119,236,355
189282,8,5,2,11,86,0,9,97,9,11,95,106
189547,8,5,2,58,124,58,146,182,204,116,270,386
189565,8,5,2,17,47,3,15,64,18,20,62,82
189583,8,5,2,24,70,12,38,94,50,36,108,144
189592,8,5,2,10,43,1,9,53,10,11,52,63
189705,8,5,2,11,6,6,4,17,10,17,10,27
189839,8,5,2,14,53,32,79,67,111,46,132,178
190044,8,5,2,10,4,1,2,14,3,11,6,17
190053,8,5,2,4,13,5,26,17,31,9,39,48
190071,8,5,2,1,7,2,12,8,14,3,19,22
190099,8,5,2,1,1,0,0,2,0,1,1,2
190169,8,5,2,10,11,25,48,21,73,35,59,94
190239,8,5,2,2,15,0,9,17,9,2,24,26
190372,8,5,2,10,7,0,0,17,0,10,7,17
190415,8,5,2,75,27,4,2,102,6,79,29,108
190442,8,5,2,17,39,26,54,56,80,43,93,136
190503,8,5,2,169,80,9,14,249,23,178,94,272
190761,8,5,2,15,59,5,8,74,13,20,67,87
190840,8,5,2,38,65,68,137,103,205,106,202,308
191083,8,5,2,191,220,135,230,411,365,326,450,776
191126,8,5,2,88,245,36,103,333,139,124,348,472
191199,8,5,2,71,88,80,121,159,201,151,209,360
191205,8,5,2,9,6,3,2,15,5,12,8,20
191241,8,5,2,68,26,33,59,94,92,101,85,186
191302,8,5,2,12,19,11,30,31,41,23,49,72
191311,8,5,2,17,33,0,0,50,0,17,33,50
191339,8,5,2,27,70,48,103,97,151,75,173,248
191533,8,5,2,3,6,0,1,9,1,3,7,10
191597,8,5,2,18,79,4,38,97,42,22,117,139
191612,8,5,2,25,62,22,28,87,50,47,90,137
191649,8,5,2,38,17,24,18,55,42,62,35,97
191676,8,5,2,4,5,2,2,9,4,6,7,13
191719,8,5,2,147,150,145,270,297,415,292,420,712
191940,8,5,2,5,42,0,0,47,0,5,42,47
191986,8,5,2,27,52,24,61,79,85,51,113,164
192022,8,5,2,36,62,27,72,98,99,63,134,197
192192,8,5,2,5,30,1,14,35,15,6,44,50
192271,8,5,2,8,43,2,21,51,23,10,64,74
192323,8,5,2,13,18,5,42,31,47,18,60,78
192448,8,5,2,108,257,22,88,365,110,130,345,475
192703,8,5,2,55,17,7,4,72,11,62,21,83
192712,8,5,2,6,6,0,0,12,0,6,6,12
192749,8,5,2,12,42,2,4,54,6,14,46,60
192785,8,5,2,4,29,13,121,33,134,17,150,167
192819,8,5,2,11,19,9,10,30,19,20,29,49
193016,8,5,2,114,404,51,121,518,172,165,525,690
193283,8,5,2,57,92,31,96,149,127,88,188,276
193292,8,5,2,43,78,35,122,121,157,78,200,278
193326,8,5,2,117,237,233,426,354,659,350,663,1013
193380,8,5,2,0,0,3,14,0,17,3,14,17
193399,8,5,2,18,101,3,10,119,13,21,111,132
193478,8,5,2,162,250,292,540,412,832,454,790,1244
193584,8,5,2,8,20,3,3,28,6,11,23,34
193654,8,5,2,70,142,31,75,212,106,101,217,318
193858,8,5,2,4,46,0,0,50,0,4,46,50
193900,8,5,2,170,278,52,48,448,100,222,326,548
193946,8,5,2,47,111,42,106,158,148,89,217,306
193973,8,5,2,58,76,3,4,134,7,61,80,141
193991,8,5,2,0,1,1,0,1,1,1,1,2
194028,8,5,2,24,39,13,33,63,46,37,72,109
194091,8,5,2,69,54,18,14,123,32,87,68,155
194116,8,5,2,3,16,5,57,19,62,8,73,81
194222,8,5,2,70,82,70,144,152,214,140,226,366
194240,8,5,2,31,65,70,216,96,286,101,281,382
194310,8,5,2,83,98,26,63,181,89,109,161,270
194392,8,5,2,16,6,0,1,22,1,16,7,23
194578,8,5,2,37,50,5,5,87,10,42,55,97
194824,8,5,2,17,2,4,1,19,5,21,3,24
195003,8,5,2,152,71,25,23,223,48,177,94,271
195058,8,5,2,47,71,71,188,118,259,118,259,377
195067,8,5,2,3,43,1,20,46,21,4,63,67
195128,8,5,2,10,37,2,3,47,5,12,40,52
195164,8,5,2,1,1,2,0,2,2,3,1,4
195216,8,5,2,2,1,0,0,3,0,2,1,3
195234,8,5,2,12,24,4,4,36,8,16,28,44
195243,8,5,2,10,7,6,2,17,8,16,9,25
195322,8,5,2,28,42,41,66,70,107,69,108,177
195474,8,5,2,12,7,5,6,19,11,17,13,30
195526,8,5,2,1,1,0,0,2,0,1,1,2
195544,8,5,2,51,114,20,43,165,63,71,157,228
195702,8,5,2,0,4,0,17,4,17,0,21,21
195720,8,5,2,17,28,8,3,45,11,25,31,56
195988,8,5,2,8,27,8,38,35,46,16,65,81
196006,8,5,2,40,46,17,24,86,41,57,70,127
196015,8,5,2,69,137,26,62,206,88,95,199,294
196024,8,5,2,32,47,19,85,79,104,51,132,183
196033,8,5,2,34,29,7,9,63,16,41,38,79
196042,8,5,2,274,162,203,160,436,363,477,322,799
196051,8,5,2,31,38,5,42,69,47,36,80,116
196060,8,5,2,146,81,68,59,227,127,214,140,354
196079,8,5,2,62,63,17,10,125,27,79,73,152
196088,8,5,2,305,165,134,88,470,222,439,253,692
196097,8,5,2,253,201,98,98,454,196,351,299,650
196103,8,5,2,31,17,9,12,48,21,40,29,69
196112,8,5,2,40,30,16,13,70,29,56,43,99
196121,8,5,2,78,122,42,87,200,129,120,209,329
196130,8,5,2,114,119,57,49,233,106,171,168,339
196149,8,5,2,38,33,8,4,71,12,46,37,83
196158,8,5,2,32,21,5,4,53,9,37,25,62
196167,8,5,2,23,19,5,7,42,12,28,26,54
196176,8,5,2,71,67,45,56,138,101,116,123,239
196185,8,5,2,28,16,6,1,44,7,34,17,51
196194,8,5,2,68,54,36,41,122,77,104,95,199
196200,8,5,2,26,16,1,2,42,3,27,18,45
196219,8,5,2,36,42,20,22,78,42,56,64,120
196246,8,5,2,37,41,28,56,78,84,65,97,162
196255,8,5,2,15,61,2,3,76,5,17,64,81
196264,8,5,2,157,424,427,367,581,794,584,791,1375
196291,8,5,2,32,6,10,2,38,12,42,8,50
196307,8,5,2,13,23,0,4,36,4,13,27,40
196413,8,5,2,80,19,53,32,99,85,133,51,184
196565,8,5,2,27,31,21,78,58,99,48,109,157
196653,8,5,2,13,77,17,134,90,151,30,211,241
196699,8,5,2,25,38,23,63,63,86,48,101,149
197036,8,5,2,34,5,0,0,39,0,34,5,39
197045,8,5,2,51,97,40,78,148,118,91,175,266
197285,8,5,2,19,56,4,12,75,16,23,68,91
197294,8,5,2,133,174,235,393,307,628,368,567,935
197337,8,5,2,0,11,0,2,11,2,0,13,13
197708,8,5,2,11,2,0,1,13,1,11,3,14
197814,8,5,2,26,32,21,94,58,115,47,126,173
197850,8,5,2,7,14,28,107,21,135,35,121,156
197869,8,5,2,203,163,65,89,366,154,268,252,520
197887,8,5,2,73,122,163,318,195,481,236,440,676
197911,8,5,2,6,17,3,28,23,31,9,45,54
197966,8,5,2,10,24,24,82,34,106,34,106,140
197993,8,5,2,0,5,0,2,5,2,0,7,7
198066,8,5,2,8,2,2,0,10,2,10,2,12
198109,8,5,2,2,21,5,70,23,75,7,91,98
198118,8,5,2,31,52,58,157,83,215,89,209,298
198136,8,5,2,75,61,56,41,136,97,131,102,233
198154,8,5,2,142,163,617,602,305,1219,759,765,1524
198206,8,5,2,18,32,21,63,50,84,39,95,134
198260,8,5,2,256,363,443,715,619,1158,699,1078,1777
198303,8,5,2,6,1,5,3,7,8,11,4,15
198330,8,5,2,103,125,89,148,228,237,192,273,465
198367,8,5,2,41,49,63,133,90,196,104,182,286
198385,8,5,2,1,1,0,0,2,0,1,1,2
198455,8,5,2,34,66,129,288,100,417,163,354,517
198464,8,5,2,265,284,266,411,549,677,531,695,1226
198507,8,5,2,32,38,6,15,70,21,38,53,91
198516,8,5,2,7,11,2,1,18,3,9,12,21
198534,8,5,2,207,417,380,664,624,1044,587,1081,1668
198543,8,5,2,102,309,80,180,411,260,182,489,671
198552,8,5,2,114,180,208,553,294,761,322,733,1055
198570,8,5,2,22,67,71,258,89,329,93,325,418
198598,8,5,2,9,7,6,13,16,19,15,20,35
198622,8,5,2,159,250,255,533,409,788,414,783,1197
198668,8,5,2,17,21,11,71,38,82,28,92,120
198710,8,5,2,14,32,26,79,46,105,40,111,151
198756,8,5,2,12,24,3,4,36,7,15,28,43
198808,8,5,2,10,22,1,6,32,7,11,28,39
198817,8,5,2,14,33,21,96,47,117,35,129,164
198835,8,5,2,15,21,2,5,36,7,17,26,43
198862,8,5,2,18,6,0,2,24,2,18,8,26
198899,8,5,2,11,8,9,9,19,18,20,17,37
198905,8,5,2,1,11,6,22,12,28,7,33,40
198950,8,5,2,0,13,1,4,13,5,1,17,18
198969,8,5,2,24,38,12,22,62,34,36,60,96
198987,8,5,2,12,28,41,95,40,136,53,123,176
199087,8,5,2,14,27,41,115,41,156,55,142,197
199102,8,5,2,123,121,76,64,244,140,199,185,384
199111,8,5,2,81,78,29,37,159,66,110,115,225
199120,8,5,2,88,96,29,28,184,57,117,124,241
199139,8,5,2,534,325,256,193,859,449,790,518,1308
199148,8,5,2,250,358,163,279,608,442,413,637,1050
199157,8,5,2,59,125,34,106,184,140,93,231,324
199184,8,5,2,10,1,2,1,11,3,12,2,14
199193,8,5,2,219,156,149,138,375,287,368,294,662
199218,8,5,2,226,268,99,389,494,488,325,657,982
199272,8,5,2,13,14,6,13,27,19,19,27,46
199281,8,5,2,108,177,80,131,285,211,188,308,496
199324,8,5,2,2,6,17,52,8,69,19,58,77
199412,8,5,2,13,40,5,6,53,11,18,46,64
199494,8,5,2,34,87,132,279,121,411,166,366,532
199607,8,5,2,0,7,1,14,7,15,1,21,22
199625,8,5,2,18,34,13,53,52,66,31,87,118
199689,8,5,2,0,24,3,8,24,11,3,32,35
199731,8,5,2,25,35,34,106,60,140,59,141,200
199740,8,5,2,5,24,39,160,29,199,44,184,228
199759,8,5,2,20,1,22,6,21,28,42,7,49
199768,8,5,2,15,39,15,60,54,75,30,99,129
199795,8,5,2,10,12,15,23,22,38,25,35,60
199856,8,5,2,295,285,629,957,580,1586,924,1242,2166
199865,8,5,2,6,8,0,3,14,3,6,11,17
199883,8,5,2,6,49,0,0,55,0,6,49,55
199908,8,5,2,9,39,28,63,48,91,37,102,139
199926,8,5,2,10,21,33,59,31,92,43,80,123
199971,8,5,2,4,0,0,0,4,0,4,0,4
199999,8,5,2,30,96,25,74,126,99,55,170,225
200004,8,5,2,118,142,125,205,260,330,243,347,590
200013,8,5,2,5,38,5,36,43,41,10,74,84
200022,8,5,2,81,56,74,67,137,141,155,123,278
200059,8,5,2,21,36,17,24,57,41,38,60,98
200086,8,5,2,2,10,3,6,12,9,5,16,21
200192,8,5,2,10,30,30,34,40,64,40,64,104
200217,8,5,2,23,21,27,39,44,66,50,60,110
200280,8,5,2,222,104,330,204,326,534,552,308,860
200305,8,5,2,23,23,15,23,46,38,38,46,84
200314,8,5,2,7,22,20,37,29,57,27,59,86
200332,8,5,2,112,78,51,67,190,118,163,145,308
200527,8,5,2,20,42,4,4,62,8,24,46,70
200554,8,5,2,18,47,3,2,65,5,21,49,70
200572,8,5,2,9,21,14,21,30,35,23,42,65
200590,8,5,2,6,30,0,1,36,1,6,31,37
200800,8,5,2,172,125,155,95,297,250,327,220,547
200846,8,5,2,3,21,12,11,24,23,15,32,47
201061,8,5,2,5,3,1,1,8,2,6,4,10
201177,8,5,2,0,5,2,22,5,24,2,27,29
201195,8,5,2,21,31,6,11,52,17,27,42,69
201283,8,5,2,5,13,5,27,18,32,10,40,50
201432,8,5,2,9,21,16,25,30,41,25,46,71
201441,8,5,2,111,84,65,67,195,132,176,151,327
201469,8,5,2,10,63,4,38,73,42,14,101,115
201548,8,5,2,13,34,3,9,47,12,16,43,59
201645,8,5,2,14,2,8,3,16,11,22,5,27
201654,8,5,2,9,3,3,0,12,3,12,3,15
201821,8,5,2,9,71,3,33,80,36,12,104,116
201885,8,5,2,247,260,187,364,507,551,434,624,1058
201946,8,5,2,36,64,127,321,100,448,163,385,548
201955,8,5,2,48,57,90,218,105,308,138,275,413
201964,8,5,2,13,25,11,21,38,32,24,46,70
202046,8,5,2,11,6,0,1,17,1,11,7,18
202170,8,5,2,20,23,1,3,43,4,21,26,47
202222,8,5,2,182,240,1033,1117,422,2150,1215,1357,2572
202356,8,5,2,183,264,512,1012,447,1524,695,1276,1971
202453,8,5,2,20,1,0,0,21,0,20,1,21
202480,8,5,2,16,16,9,7,32,16,25,23,48
202523,8,5,2,1,2,0,0,3,0,1,2,3
202648,8,5,2,19,15,45,110,34,155,64,125,189
202763,8,5,2,19,25,2,2,44,4,21,27,48
203085,8,5,2,3,2,1,2,5,3,4,4,8
203128,8,5,2,6,4,2,3,10,5,8,7,15
203155,8,5,2,44,45,18,29,89,47,62,74,136
203289,8,5,2,5,3,0,0,8,0,5,3,8
203368,8,5,2,9,1,1,3,10,4,10,4,14
203447,8,5,2,3,16,87,113,19,200,90,129,219
203456,8,5,2,0,0,38,63,0,101,38,63,101
203465,8,5,2,32,28,83,128,60,211,115,156,271
203474,8,5,2,12,15,66,102,27,168,78,117,195
203483,8,5,2,6,13,69,100,19,169,75,113,188
203492,8,5,2,2,21,33,64,23,97,35,85,120
203517,8,5,2,231,224,200,219,455,419,431,443,874
203526,8,5,2,5,8,70,101,13,171,75,109,184
203544,8,5,2,7,45,7,16,52,23,14,61,75
203580,8,5,2,3,2,1,2,5,3,4,4,8
203599,8,5,2,24,48,112,255,72,367,136,303,439
203678,8,5,2,12,24,18,100,36,118,30,124,154
203720,8,5,2,13,9,1,4,22,5,14,13,27
203748,8,5,2,48,82,163,380,130,543,211,462,673
203757,8,5,2,6,10,3,8,16,11,9,18,27
203775,8,5,2,2,5,4,10,7,14,6,15,21
203845,8,5,2,8,2,2,2,10,4,10,4,14
203881,8,5,2,16,26,49,87,42,136,65,113,178
203960,8,5,2,10,48,12,143,58,155,22,191,213
204006,8,5,2,35,44,56,32,79,88,91,76,167
204015,8,5,2,22,17,23,16,39,39,45,33,78
204024,8,5,2,61,26,15,16,87,31,76,42,118
204194,8,5,2,8,33,3,21,41,24,11,54,65
204200,8,5,2,6,10,3,5,16,8,9,15,24
204255,8,5,2,21,28,15,32,49,47,36,60,96
204422,8,5,2,11,31,53,81,42,134,64,112,176
204468,8,5,2,16,19,11,33,35,44,27,52,79
204617,8,5,2,9,13,5,5,22,10,14,18,32
204635,8,5,2,11,4,3,0,15,3,14,4,18
204662,8,5,2,3,3,2,1,6,3,5,4,9
204671,8,5,2,8,14,1,9,22,10,9,23,32
204680,8,5,2,11,13,5,5,24,10,16,18,34
204699,8,5,2,12,7,10,9,19,19,22,16,38
204705,8,5,2,18,24,11,9,42,20,29,33,62
204796,8,5,2,560,345,289,215,905,504,849,560,1409
204802,8,5,2,5,8,26,36,13,62,31,44,75
204820,8,5,2,11,31,37,43,42,80,48,74,122
204839,8,5,2,12,23,28,67,35,95,40,90,130
204848,8,5,2,7,20,48,70,27,118,55,90,145
204857,8,5,2,110,157,141,504,267,645,251,661,912
204866,8,5,2,8,28,35,72,36,107,43,100,143
204909,8,5,2,4,3,0,0,7,0,4,3,7
204936,8,5,2,14,11,3,5,25,8,17,16,33
204945,8,5,2,65,107,495,334,172,829,560,441,1001
205090,8,5,2,0,1,3,9,1,12,3,10,13
205443,8,5,2,51,54,27,38,105,65,78,92,170
205470,8,5,2,135,144,714,829,279,1543,849,973,1822
205841,8,5,2,101,120,263,415,221,678,364,535,899
205966,8,5,2,4,21,16,66,25,82,20,87,107
206011,8,5,2,7,19,102,48,26,150,109,67,176
206279,8,5,2,17,18,15,30,35,45,32,48,80
206321,8,5,2,1,12,2,3,13,5,3,15,18
206349,8,5,2,13,55,2,15,68,17,15,70,85
206507,8,5,2,6,11,6,2,17,8,12,13,25
206525,8,5,2,2,2,4,4,4,8,6,6,12
206589,8,5,2,2,1,0,0,3,0,2,1,3
206604,8,5,2,167,145,154,119,312,273,321,264,585
206613,8,5,2,6,12,22,10,18,32,28,22,50
206622,8,5,2,36,74,16,29,110,45,52,103,155
206695,8,5,2,122,118,53,81,240,134,175,199,374
206862,8,5,2,10,10,2,0,20,2,12,10,22
206914,8,5,2,78,129,56,108,207,164,134,237,371
206923,8,5,2,29,62,14,89,91,103,43,151,194
206996,8,5,2,15,55,17,82,70,99,32,137,169
207041,8,5,2,85,118,35,34,203,69,120,152,272
207050,8,5,2,5,24,12,59,29,71,17,83,100
207069,8,5,2,7,18,16,58,25,74,23,76,99
207102,8,5,2,5,10,0,0,15,0,5,10,15
207209,8,5,2,22,19,7,10,41,17,29,29,58
207236,8,5,2,21,39,22,103,60,125,43,142,185
207263,8,5,2,103,212,106,180,315,286,209,392,601
207281,8,5,2,21,42,29,81,63,110,50,123,173
207290,8,5,2,14,61,11,58,75,69,25,119,144
207306,8,5,2,22,35,12,27,57,39,34,62,96
207324,8,5,2,31,60,3,18,91,21,34,78,112
207342,8,5,2,18,104,1,7,122,8,19,111,130
207351,8,5,2,20,51,14,42,71,56,34,93,127
207388,8,5,2,296,211,175,165,507,340,471,376,847
207500,8,5,2,309,157,162,103,466,265,471,260,731
207564,8,5,2,64,26,50,63,90,113,114,89,203
207582,8,5,2,73,72,34,41,145,75,107,113,220
207661,8,5,2,54,88,57,70,142,127,111,158,269
207670,8,5,2,58,118,114,314,176,428,172,432,604
207740,8,5,2,9,33,13,77,42,90,22,110,132
207847,8,5,2,66,105,60,95,171,155,126,200,326
207865,8,5,2,64,149,32,67,213,99,96,216,312
207935,8,5,2,173,220,364,864,393,1228,537,1084,1621
207962,8,5,2,83,20,0,0,103,0,83,20,103
207971,8,5,2,25,17,5,4,42,9,30,21,51
208035,8,5,2,6,15,12,68,21,80,18,83,101
208275,8,5,2,11,19,60,53,30,113,71,72,143
208318,8,5,2,90,78,139,136,168,275,229,214,443
208390,8,5,2,128,150,328,339,278,667,456,489,945
208406,8,5,2,57,80,239,179,137,418,296,259,555
208415,8,5,2,8,9,23,27,17,50,31,36,67
208646,8,5,2,39,76,53,83,115,136,92,159,251
208822,8,5,2,24,46,7,13,70,20,31,59,90
209038,8,5,2,119,153,242,232,272,474,361,385,746
209074,8,5,2,77,102,129,178,179,307,206,280,486
209250,8,5,2,94,136,504,219,230,723,598,355,953
209490,8,5,2,22,98,10,46,120,56,32,144,176
209506,8,5,2,123,121,88,101,244,189,211,222,433
209542,8,5,2,689,631,1106,996,1320,2102,1795,1627,3422
209551,8,5,2,196,128,80,67,324,147,276,195,471
209603,8,5,2,10,22,1,4,32,5,11,26,37
209612,8,5,2,21,37,5,15,58,20,26,52,78
209746,8,5,2,423,488,760,1098,911,1858,1183,1586,2769
209807,8,5,2,810,879,395,473,1689,868,1205,1352,2557
209825,8,5,2,10,10,3,1,20,4,13,11,24
209922,8,5,2,9,2,2,5,11,7,11,7,18
210234,8,5,2,36,23,27,48,59,75,63,71,134
210270,8,5,2,36,41,84,114,77,198,120,155,275
210401,8,5,2,3,2,1,2,5,3,4,4,8
210429,8,5,2,76,126,25,42,202,67,101,168,269
210605,8,5,2,165,204,523,662,369,1185,688,866,1554
210739,8,5,2,16,20,19,45,36,64,35,65,100
210775,8,5,2,12,43,17,51,55,68,29,94,123
211088,8,5,2,4,10,6,15,14,21,10,25,35
211291,8,5,2,4,2,1,3,6,4,5,5,10
211307,8,5,2,54,66,158,360,120,518,212,426,638
211316,8,5,2,0,10,0,8,10,8,0,18,18
211343,8,5,2,22,28,46,99,50,145,68,127,195
211352,8,5,2,8,8,3,2,16,5,11,10,21
211431,8,5,2,6,54,10,60,60,70,16,114,130
211440,8,5,2,18,4,15,4,22,19,33,8,41
211556,8,5,2,7,18,18,53,25,71,25,71,96
211583,8,5,2,18,32,2,18,50,20,20,50,70
211608,8,5,2,7,5,1,3,12,4,8,8,16
211927,8,5,2,76,107,275,637,183,912,351,744,1095
212045,8,5,2,7,13,0,0,20,0,7,13,20
212054,8,5,2,164,161,73,125,325,198,237,286,523
212106,8,5,2,38,32,2,2,70,4,40,34,74
212115,8,5,2,68,68,26,48,136,74,94,116,210
212133,8,5,2,8,41,25,61,49,86,33,102,135
212197,8,5,2,8,6,7,4,14,11,15,10,25
212230,8,5,2,0,6,0,2,6,2,0,8,8
212267,8,5,2,0,7,0,5,7,5,0,12,12
212276,8,5,2,0,7,0,2,7,2,0,9,9
212294,8,5,2,0,10,0,1,10,1,0,11,11
212300,8,5,2,0,9,0,2,9,2,0,11,11
212328,8,5,2,1,5,0,6,6,6,1,11,12
212337,8,5,2,0,7,0,10,7,10,0,17,17
212355,8,5,2,0,14,2,7,14,9,2,21,23
212382,8,5,2,0,16,0,13,16,13,0,29,29
212391,8,5,2,0,9,1,4,9,5,1,13,14
212601,8,5,2,27,28,4,6,55,10,31,34,65
212674,8,5,2,0,0,1,0,0,1,1,0,1
212753,8,5,2,1,8,1,7,9,8,2,15,17
212805,8,5,2,7,2,0,0,9,0,7,2,9
212869,8,5,2,13,81,12,61,94,73,25,142,167
212878,8,5,2,112,194,304,879,306,1183,416,1073,1489
212975,8,5,2,4,2,0,0,6,0,4,2,6
212984,8,5,2,26,105,15,65,131,80,41,170,211
213011,8,5,2,10,27,11,28,37,39,21,55,76
213020,8,5,2,63,62,55,48,125,103,118,110,228
213181,8,5,2,5,42,0,8,47,8,5,50,55
213251,8,5,2,5,1,2,1,6,3,7,2,9
213321,8,5,2,13,7,2,3,20,5,15,10,25
213349,8,5,2,54,53,38,60,107,98,92,113,205
213367,8,5,2,11,24,12,55,35,67,23,79,102
213376,8,5,2,37,107,26,69,144,95,63,176,239
213385,8,5,2,2,3,0,0,5,0,2,3,5
213507,8,5,2,9,3,1,1,12,2,10,4,14
213525,8,5,2,50,73,111,367,123,478,161,440,601
213570,8,5,2,14,62,0,0,76,0,14,62,76
213589,8,5,2,28,4,10,1,32,11,38,5,43
213598,8,5,2,17,3,4,10,20,14,21,13,34
213659,8,5,2,38,82,73,279,120,352,111,361,472
213668,8,5,2,2,7,1,0,9,1,3,7,10
213774,8,5,2,3,12,3,24,15,27,6,36,42
213987,8,5,2,25,33,7,15,58,22,32,48,80
213996,8,5,2,6,8,5,3,14,8,11,11,22
214041,8,5,2,46,59,71,126,105,197,117,185,302
214111,8,5,2,61,103,258,553,164,811,319,656,975
214148,8,5,2,0,7,0,1,7,1,0,8,8
214157,8,5,2,22,36,3,15,58,18,25,51,76
214175,8,5,2,2,3,4,4,5,8,6,7,13
214272,8,5,2,5,22,13,30,27,43,18,52,70
214379,8,5,2,88,141,184,469,229,653,272,610,882
214591,8,5,2,45,11,11,1,56,12,56,12,68
214625,8,5,2,9,6,4,4,15,8,13,10,23
214634,8,5,2,1,6,4,11,7,15,5,17,22
214643,8,5,2,9,0,2,0,9,2,11,0,11
214652,8,5,2,12,15,3,4,27,7,15,19,34
214670,8,5,2,9,9,7,6,18,13,16,15,31
214689,8,5,2,16,22,4,0,38,4,20,22,42
214698,8,5,2,8,0,2,0,8,2,10,0,10
214704,8,5,2,30,20,12,11,50,23,42,31,73
214713,8,5,2,81,35,28,14,116,42,109,49,158
214731,8,5,2,9,5,6,2,14,8,15,7,22
214740,8,5,2,3,2,0,2,5,2,3,4,7
214759,8,5,2,2,5,2,2,7,4,4,7,11
214768,8,5,2,7,5,4,4,12,8,11,9,20
214777,8,5,2,141,48,30,20,189,50,171,68,239
214786,8,5,2,5,5,1,2,10,3,6,7,13
214795,8,5,2,7,6,1,3,13,4,8,9,17
214801,8,5,2,50,22,29,14,72,43,79,36,115
214810,8,5,2,6,4,0,2,10,2,6,6,12
214829,8,5,2,15,7,9,5,22,14,24,12,36
214883,8,5,2,10,23,21,67,33,88,31,90,121
215053,8,5,2,5,4,2,1,9,3,7,5,12
215062,8,5,2,33,87,50,91,120,141,83,178,261
215105,8,5,2,14,16,0,4,30,4,14,20,34
215239,8,5,2,141,234,339,1014,375,1353,480,1248,1728
215266,8,5,2,10,3,0,6,13,6,10,9,19
215275,8,5,2,17,16,8,6,33,14,25,22,47
215284,8,5,2,19,9,3,2,28,5,22,11,33
215293,8,5,2,123,85,65,52,208,117,188,137,325
215309,8,5,2,0,5,1,2,5,3,1,7,8
215381,8,5,2,59,6,0,0,65,0,59,6,65
215442,8,5,2,37,36,21,19,73,40,58,55,113
215479,8,5,2,2,14,0,0,16,0,2,14,16
215585,8,5,2,30,32,119,313,62,432,149,345,494
215655,8,5,2,46,22,14,10,68,24,60,32,92
215743,8,5,2,9,28,3,21,37,24,12,49,61
215798,8,5,2,11,2,2,0,13,2,13,2,15
215929,8,5,2,11,4,6,2,15,8,17,6,23
216010,8,5,2,46,22,24,28,68,52,70,50,120
216038,8,5,2,73,39,24,27,112,51,97,66,163
216339,8,5,2,370,298,210,182,668,392,580,480,1060
216357,8,5,2,3,1,0,0,4,0,3,1,4
216366,8,5,2,54,192,23,81,246,104,77,273,350
216454,8,5,2,9,1,0,0,10,0,9,1,10
216524,8,5,2,6,2,0,1,8,1,6,3,9
216542,8,5,2,9,9,2,1,18,3,11,10,21
216579,8,5,2,0,9,0,0,9,0,0,9,9
216597,8,5,2,12,29,13,10,41,23,25,39,64
216667,8,5,2,2,2,0,0,4,0,2,2,4
216694,8,5,2,4,7,1,1,11,2,5,8,13
216746,8,5,2,5,1,4,0,6,4,9,1,10
216764,8,5,2,159,152,128,178,311,306,287,330,617
216825,8,5,2,21,64,72,200,85,272,93,264,357
216852,8,5,2,20,38,9,23,58,32,29,61,90
216931,8,5,2,26,33,7,13,59,20,33,46,79
217013,8,5,2,10,17,23,63,27,86,33,80,113
217059,8,5,2,29,32,13,19,61,32,42,51,93
217156,8,5,2,28,26,8,15,54,23,36,41,77
217165,8,5,2,11,2,1,1,13,2,12,3,15
217235,8,5,2,46,29,4,13,75,17,50,42,92
217305,8,5,2,92,125,20,20,217,40,112,145,257
217323,8,5,2,44,0,0,0,44,0,44,0,44
217402,8,5,2,3,1,12,13,4,25,15,14,29
217420,8,5,2,95,199,66,139,294,205,161,338,499
217493,8,5,2,12,15,0,0,27,0,12,15,27
217518,8,5,2,19,18,22,20,37,42,41,38,79
217536,8,5,2,3,3,2,7,6,9,5,10,15
217581,8,5,2,0,19,0,11,19,11,0,30,30
217633,8,5,2,21,24,8,18,45,26,29,42,71
217688,8,5,2,51,76,15,22,127,37,66,98,164
217712,8,5,2,21,30,49,193,51,242,70,223,293
217721,8,5,2,30,28,1,4,58,5,31,32,63
217749,8,5,2,12,15,5,13,27,18,17,28,45
217819,8,5,2,147,93,47,46,240,93,194,139,333
217864,8,5,2,82,11,24,9,93,33,106,20,126
217873,8,5,2,27,39,8,14,66,22,35,53,88
217882,8,5,2,183,84,68,31,267,99,251,115,366
217891,8,5,2,11,9,0,0,20,0,11,9,20
217907,8,5,2,10,32,1,8,42,9,11,40,51
217925,8,5,2,3,2,8,14,5,22,11,16,27
217934,8,5,2,9,61,7,52,70,59,16,113,129
217961,8,5,2,3,16,0,5,19,5,3,21,24
217989,8,5,2,4,8,3,12,12,15,7,20,27
218025,8,5,2,30,64,55,180,94,235,85,244,329
218061,8,5,2,33,49,15,29,82,44,48,78,126
218113,8,5,2,166,251,283,571,417,854,449,822,1271
218140,8,5,2,122,205,142,437,327,579,264,642,906
218229,8,5,2,23,43,9,14,66,23,32,57,89
218335,8,5,2,11,66,0,0,77,0,11,66,77
218353,8,5,2,95,205,198,530,300,728,293,735,1028
218399,8,5,2,13,11,1,0,24,1,14,11,25
218414,8,5,2,12,11,1,3,23,4,13,14,27
218441,8,5,2,13,20,3,9,33,12,16,29,45
218487,8,5,2,13,36,22,130,49,152,35,166,201
218520,8,5,2,52,113,89,367,165,456,141,480,621
218645,8,5,2,50,89,32,62,139,94,82,151,233
218654,8,5,2,20,48,9,34,68,43,29,82,111
218663,8,5,2,157,114,56,44,271,100,213,158,371
218672,8,5,2,4,11,4,17,15,21,8,28,36
218681,8,5,2,0,6,4,6,6,10,4,12,16
218690,8,5,2,1,5,17,20,6,37,18,25,43
218706,8,5,2,0,9,2,3,9,5,2,12,14
218724,8,5,2,81,69,27,28,150,55,108,97,205
218733,8,5,2,25,20,15,7,45,22,40,27,67
218742,8,5,2,79,140,45,78,219,123,124,218,342
218821,8,5,2,9,7,0,2,16,2,9,9,18
218830,8,5,2,90,161,133,332,251,465,223,493,716
218885,8,5,2,55,55,82,172,110,254,137,227,364
218919,8,5,2,7,8,1,3,15,4,8,11,19
218973,8,5,2,0,0,0,1,0,1,0,1,1
218991,8,5,2,52,77,103,185,129,288,155,262,417
219037,8,5,2,0,5,0,1,5,1,0,6,6
219082,8,5,2,45,23,77,54,68,131,122,77,199
219125,8,5,2,0,9,0,4,9,4,0,13,13
219170,8,5,2,2,0,0,0,2,0,2,0,2
219189,8,5,2,18,12,6,12,30,18,24,24,48
219198,8,5,2,13,13,7,4,26,11,20,17,37
219204,8,5,2,14,9,81,80,23,161,95,89,184
219259,8,5,2,9,9,28,37,18,65,37,46,83
219277,8,5,2,24,62,32,76,86,108,56,138,194
219338,8,5,2,0,2,0,0,2,0,0,2,2
219347,8,5,2,43,7,31,8,50,39,74,15,89
219426,8,5,2,54,46,41,106,100,147,95,152,247
219471,8,5,2,44,77,46,107,121,153,90,184,274
219480,8,5,2,32,37,10,40,69,50,42,77,119
219602,8,5,2,229,225,176,201,454,377,405,426,831
219639,8,5,2,2,38,3,91,40,94,5,129,134
219806,8,5,2,5,15,2,1,20,3,7,16,23
219824,8,5,2,79,180,132,259,259,391,211,439,650
219833,8,5,2,10,14,5,2,24,7,15,16,31
219879,8,5,2,31,54,38,77,85,115,69,131,200
219888,8,5,2,55,55,62,144,110,206,117,199,316
219921,8,5,2,6,11,10,5,17,15,16,16,32
219994,8,5,2,26,27,6,0,53,6,32,27,59
220057,8,5,2,31,48,39,129,79,168,70,177,247
220075,8,5,2,179,249,89,165,428,254,268,414,682
220127,8,5,2,16,33,3,0,49,3,19,33,52
220163,8,5,2,0,7,0,2,7,2,0,9,9
220215,8,5,2,8,8,0,1,16,1,8,9,17
220251,8,5,2,2,6,3,3,8,6,5,9,14
220279,8,5,2,6,9,8,0,15,8,14,9,23
220321,8,5,2,7,9,2,7,16,9,9,16,25
220394,8,5,2,10,11,0,0,21,0,10,11,21
220400,8,5,2,24,66,44,146,90,190,68,212,280
220473,8,5,2,2,5,8,7,7,15,10,12,22
220516,8,5,2,27,61,8,20,88,28,35,81,116
220598,8,5,2,23,15,0,1,38,1,23,16,39
220604,8,5,2,17,43,4,9,60,13,21,52,73
220701,8,5,2,7,10,0,3,17,3,7,13,20
220710,8,5,2,11,14,0,0,25,0,11,14,25
220862,8,5,2,288,402,247,390,690,637,535,792,1327
220978,8,5,2,431,345,255,256,776,511,686,601,1287
221050,8,5,2,37,17,9,7,54,16,46,24,70
221096,8,5,2,52,79,71,175,131,246,123,254,377
221148,8,5,2,61,12,0,0,73,0,61,12,73
221184,8,5,2,102,164,165,363,266,528,267,527,794
221333,8,5,2,4,9,7,2,13,9,11,11,22
221397,8,5,2,54,71,55,156,125,211,109,227,336
221430,8,5,2,13,10,6,6,23,12,19,16,35
221485,8,5,2,70,143,101,302,213,403,171,445,616
221494,8,5,2,23,12,4,6,35,10,27,18,45
221519,8,5,2,1,0,1,0,1,1,2,0,2
221582,8,5,2,11,5,0,0,16,0,11,5,16
221607,8,5,2,2,4,8,1,6,9,10,5,15
221625,8,5,2,46,35,4,0,81,4,50,35,85
221643,8,5,2,80,97,247,260,177,507,327,357,684
221740,8,5,2,165,124,106,88,289,194,271,212,483
221759,8,5,2,216,143,101,72,359,173,317,215,532
221768,8,5,2,62,83,29,37,145,66,91,120,211
221838,8,5,2,57,88,38,65,145,103,95,153,248
221847,8,5,2,128,82,57,47,210,104,185,129,314
221908,8,5,2,75,98,199,179,173,378,274,277,551
221999,8,5,2,5,2,1,0,7,1,6,2,8
222053,8,5,2,88,144,122,263,232,385,210,407,617
222062,8,5,2,72,88,60,118,160,178,132,206,338
222178,8,5,2,13,12,1,3,25,4,14,15,29
222576,8,5,2,108,218,164,464,326,628,272,682,954
222822,8,5,2,28,97,40,120,125,160,68,217,285
222831,8,5,2,89,102,47,36,191,83,136,138,274
222877,8,5,2,7,1,0,1,8,1,7,2,9
222992,8,5,2,499,413,1321,1957,912,3278,1820,2370,4190
223232,8,5,2,58,93,6,10,151,16,64,103,167
223320,8,5,2,8,55,30,122,63,152,38,177,215
223506,8,5,2,19,25,163,179,44,342,182,204,386
223816,8,5,2,70,115,490,591,185,1081,560,706,1266
223922,8,5,2,27,16,19,8,43,27,46,24,70
224147,8,5,2,116,139,121,157,255,278,237,296,533
224156,8,5,2,3,37,1,12,40,13,4,49,53
224323,8,5,2,10,1,2,2,11,4,12,3,15
224527,8,5,2,12,17,2,9,29,11,14,26,40
224554,8,5,2,196,274,100,127,470,227,296,401,697
224615,8,5,2,471,592,1412,2587,1063,3999,1883,3179,5062
224642,8,5,2,181,199,559,946,380,1505,740,1145,1885
224891,8,5,2,6,15,5,19,21,24,11,34,45
224961,8,5,2,20,38,52,125,58,177,72,163,235
225247,8,5,2,15,12,3,5,27,8,18,17,35
225399,8,5,2,20,27,17,43,47,60,37,70,107
225414,8,5,2,238,304,339,509,542,848,577,813,1390
225432,8,5,2,346,526,580,965,872,1545,926,1491,2417
225511,8,5,2,753,607,930,759,1360,1689,1683,1366,3049
225548,8,5,2,6,7,5,5,13,10,11,12,23
225885,8,5,2,13,10,8,7,23,15,21,17,38
226116,8,5,2,24,51,27,110,75,137,51,161,212
226134,8,5,2,44,49,176,299,93,475,220,348,568
226204,8,5,2,68,28,242,210,96,452,310,238,548
226277,8,5,2,143,23,0,0,166,0,143,23,166
226383,8,5,2,12,33,3,13,45,16,15,46,61
226408,8,5,2,19,46,76,227,65,303,95,273,368
226471,8,5,2,32,60,10,23,92,33,42,83,125
226578,8,5,2,58,165,102,343,223,445,160,508,668
226587,8,5,2,25,21,6,9,46,15,31,30,61
226675,8,5,2,11,55,0,0,66,0,11,55,66
227146,8,5,2,43,93,64,189,136,253,107,282,389
227182,8,5,2,586,671,1434,2756,1257,4190,2020,3427,5447
227216,8,5,2,837,581,668,569,1418,1237,1505,1150,2655
227331,8,5,2,13,49,0,22,62,22,13,71,84
227368,8,5,2,525,695,518,598,1220,1116,1043,1293,2336
227377,8,5,2,53,62,95,170,115,265,148,232,380
227386,8,5,2,15,42,17,86,57,103,32,128,160
227401,8,5,2,46,80,40,99,126,139,86,179,265
227526,8,5,2,116,117,53,49,233,102,169,166,335
227757,8,5,2,9,2,1,0,11,1,10,2,12
227845,8,5,2,42,49,9,13,91,22,51,62,113
227863,8,5,2,49,119,21,40,168,61,70,159,229
227881,8,5,2,332,483,257,390,815,647,589,873,1462
227979,8,5,2,199,282,786,1398,481,2184,985,1680,2665
228042,8,5,2,10,13,1,5,23,6,11,18,29
228149,8,5,2,23,21,3,3,44,6,26,24,50
228158,8,5,2,124,207,159,342,331,501,283,549,832
228246,8,5,2,41,21,9,6,62,15,50,27,77
228282,8,5,2,1,1,0,0,2,0,1,1,2
228343,8,5,2,13,8,0,1,21,1,13,9,22
228431,8,5,2,112,194,64,96,306,160,176,290,466
228459,8,5,2,652,533,509,491,1185,1000,1161,1024,2185
228501,8,5,2,21,38,30,98,59,128,51,136,187
228529,8,5,2,123,232,159,294,355,453,282,526,808
228547,8,5,2,272,249,1254,2179,521,3433,1526,2428,3954
228644,8,5,2,46,104,13,18,150,31,59,122,181
228653,8,5,2,28,96,12,22,124,34,40,118,158
228699,8,5,2,38,66,36,151,104,187,74,217,291
228705,8,5,2,67,90,61,54,157,115,128,144,272
228723,8,5,2,313,149,135,75,462,210,448,224,672
228769,8,5,2,799,848,840,1551,1647,2391,1639,2399,4038
228778,8,5,2,201,108,79,73,309,152,280,181,461
228787,8,5,2,493,304,414,230,797,644,907,534,1441
228796,8,5,2,461,519,554,604,980,1158,1015,1123,2138
228802,8,5,2,186,199,160,230,385,390,346,429,775
228875,8,5,2,124,68,15,12,192,27,139,80,219
228909,8,5,2,0,0,1,0,0,1,1,0,1
229018,8,5,2,112,229,64,115,341,179,176,344,520
229027,8,5,2,747,535,669,491,1282,1160,1416,1026,2442
229063,8,5,2,129,199,75,104,328,179,204,303,507
229115,8,5,2,409,320,238,184,729,422,647,504,1151
229179,8,5,2,91,581,67,407,672,474,158,988,1146
229267,8,5,2,2,0,1,3,2,4,3,3,6
229337,8,5,2,31,138,9,47,169,56,40,185,225
229355,8,5,2,83,144,155,403,227,558,238,547,785
229504,8,5,2,30,37,34,158,67,192,64,195,259
229780,8,5,2,52,78,59,77,130,136,111,155,266
229799,8,5,2,45,76,66,258,121,324,111,334,445
229814,8,5,2,120,173,132,160,293,292,252,333,585
229841,8,5,2,34,44,90,166,78,256,124,210,334
229887,8,5,2,17,20,2,6,37,8,19,26,45
230038,8,5,2,988,296,432,161,1284,593,1420,457,1877
230047,8,5,2,278,247,17,21,525,38,295,268,563
230162,8,5,2,19,29,227,67,48,294,246,96,342
230171,8,5,2,269,191,169,131,460,300,438,322,760
230214,8,5,2,2,11,8,43,13,51,10,54,64
230597,8,5,2,39,23,26,34,62,60,65,57,122
230603,8,5,2,305,128,150,252,433,402,455,380,835
230676,8,5,2,7,6,13,4,13,17,20,10,30
230728,8,5,2,584,303,355,315,887,670,939,618,1557
230746,8,5,2,307,322,1155,1118,629,2273,1462,1440,2902
230764,8,5,2,682,390,512,410,1072,922,1194,800,1994
230782,8,5,2,653,529,511,624,1182,1135,1164,1153,2317
230807,8,5,2,16,21,3,2,37,5,19,23,42
230816,8,5,2,1,3,0,0,4,0,1,3,4
230834,8,5,2,14,30,5,12,44,17,19,42,61
230852,8,5,2,91,49,80,56,140,136,171,105,276
230861,8,5,2,29,46,146,484,75,630,175,530,705
230913,8,5,2,9,28,21,53,37,74,30,81,111
230959,8,5,2,1,0,2,4,1,6,3,4,7
231059,8,5,2,4,3,0,1,7,1,4,4,8
231095,8,5,2,3,8,2,1,11,3,5,9,14
231165,8,5,2,38,63,43,77,101,120,81,140,221
231174,8,5,2,42,32,32,59,74,91,74,91,165
231280,8,5,2,0,10,0,7,10,7,0,17,17
231411,8,5,2,50,8,0,0,58,0,50,8,58
231420,8,5,2,15,42,8,12,57,20,23,54,77
231536,8,5,2,24,22,76,151,46,227,100,173,273
231581,8,5,2,2,4,0,0,6,0,2,4,6
231624,8,5,2,18,23,8,5,41,13,26,28,54
231688,8,5,2,0,0,0,4,0,4,0,4,4
231697,8,5,2,19,26,68,140,45,208,87,166,253
231712,8,5,2,16,13,8,1,29,9,24,14,38
231785,8,5,2,18,110,4,123,128,127,22,233,255
231873,8,5,2,11,11,7,17,22,24,18,28,46
231882,8,5,2,30,39,18,71,69,89,48,110,158
232025,8,5,2,5,6,0,1,11,1,5,7,12
232043,8,5,2,8,13,3,1,21,4,11,14,25
232052,8,5,2,2,9,5,21,11,26,7,30,37
232089,8,5,2,5,6,0,1,11,1,5,7,12
232186,8,5,2,833,677,679,624,1510,1303,1512,1301,2813
232195,8,5,2,45,79,129,330,124,459,174,409,583
232308,8,5,2,0,9,0,0,9,0,0,9,9
232414,8,5,2,71,91,201,398,162,599,272,489,761
232450,8,5,2,45,76,216,376,121,592,261,452,713
232557,8,5,2,1581,1841,1523,1638,3422,3161,3104,3479,6583
232566,8,5,2,16,24,6,29,40,35,22,53,75
232575,8,5,2,21,34,61,203,55,264,82,237,319
232609,8,5,2,13,22,2,3,35,5,15,25,40
232706,8,5,2,55,110,15,23,165,38,70,133,203
232788,8,5,2,21,43,14,71,64,85,35,114,149
232867,8,5,2,43,29,80,93,72,173,123,122,245
232946,8,5,2,452,489,1246,1657,941,2903,1698,2146,3844
232982,8,5,2,471,552,444,517,1023,961,915,1069,1984
233019,8,5,2,23,35,17,64,58,81,40,99,139
233037,8,5,2,3,15,11,38,18,49,14,53,67
233116,8,5,2,22,38,109,211,60,320,131,249,380
233277,8,5,2,68,120,42,56,188,98,110,176,286
233286,8,5,2,3,11,0,6,14,6,3,17,20
233295,8,5,2,3,4,1,1,7,2,4,5,9
233310,8,5,2,5,12,27,93,17,120,32,105,137
233338,8,5,2,8,9,2,1,17,3,10,10,20
233374,8,5,2,7,4,8,9,11,17,15,13,28
233426,8,5,2,13,10,3,1,23,4,16,11,27
233541,8,5,2,20,65,3,6,85,9,23,71,94
233611,8,5,2,43,22,7,3,65,10,50,25,75
233639,8,5,2,9,37,47,118,46,165,56,155,211
233648,8,5,2,25,59,17,68,84,85,42,127,169
233666,8,5,2,0,3,0,0,3,0,0,3,3
233718,8,5,2,0,5,0,0,5,0,0,5,5
233754,8,5,2,74,82,164,295,156,459,238,377,615
233772,8,5,2,229,331,505,851,560,1356,734,1182,1916
233903,8,5,2,24,25,30,87,49,117,54,112,166
233921,8,5,2,183,64,68,21,247,89,251,85,336
233949,8,5,2,48,68,116,201,116,317,164,269,433
234030,8,5,2,311,341,211,240,652,451,522,581,1103
234076,8,5,2,74,46,47,62,120,109,121,108,229
234119,8,5,2,5,13,3,2,18,5,8,15,23
234155,8,5,2,66,63,11,16,129,27,77,79,156
234207,8,5,2,1,0,1,0,1,1,2,0,2
234377,8,5,2,8,38,27,66,46,93,35,104,139
234669,8,5,2,235,300,278,360,535,638,513,660,1173
234696,8,5,2,84,94,46,70,178,116,130,164,294
234711,8,5,2,30,63,22,41,93,63,52,104,156
234827,8,5,2,317,302,82,95,619,177,399,397,796
234845,8,5,2,32,53,28,79,85,107,60,132,192
234924,8,5,2,4,39,0,0,43,0,4,39,43
234933,8,5,2,110,183,146,230,293,376,256,413,669
234951,8,5,2,86,131,59,154,217,213,145,285,430
234979,8,5,2,92,187,282,187,279,469,374,374,748
235024,8,5,2,7,9,0,3,16,3,7,12,19
235097,8,5,2,247,234,65,49,481,114,312,283,595
235103,8,5,2,113,92,138,201,205,339,251,293,544
235149,8,5,2,109,134,176,171,243,347,285,305,590
235237,8,5,2,132,253,226,392,385,618,358,645,1003
235307,8,5,2,1,18,0,0,19,0,1,18,19
235316,8,5,2,28,11,0,1,39,1,28,12,40
235334,8,5,2,29,46,31,19,75,50,60,65,125
235343,8,5,2,144,136,115,170,280,285,259,306,565
235431,8,5,2,75,173,88,181,248,269,163,354,517
235547,8,5,2,1,8,4,6,9,10,5,14,19
235671,8,5,2,176,95,248,117,271,365,424,212,636
235699,8,5,2,104,144,68,122,248,190,172,266,438
235750,8,5,2,29,67,33,104,96,137,62,171,233
236072,8,5,2,99,102,135,227,201,362,234,329,563
236188,8,5,2,173,182,162,175,355,337,335,357,692
236258,8,5,2,21,39,43,86,60,129,64,125,189
236328,8,5,2,5,11,0,2,16,2,5,13,18
236382,8,5,2,60,94,369,89,154,458,429,183,612
236452,8,5,2,43,36,11,8,79,19,54,44,98
236504,8,5,2,89,53,604,128,142,732,693,181,874
236513,8,5,2,178,236,102,151,414,253,280,387,667
236577,8,5,2,33,47,4,5,80,9,37,52,89
236595,8,5,2,73,63,6,6,136,12,79,69,148
236610,8,5,2,99,142,106,220,241,326,205,362,567
236638,8,5,2,61,111,191,150,172,341,252,261,513
236656,8,5,2,68,112,63,144,180,207,131,256,387
236692,8,5,2,188,273,237,301,461,538,425,574,999
236708,8,5,2,126,179,58,115,305,173,184,294,478
236753,8,5,2,154,287,89,217,441,306,243,504,747
236887,8,5,2,80,96,86,62,176,148,166,158,324
236896,8,5,2,13,12,1,4,25,5,14,16,30
236939,8,5,2,560,478,211,270,1038,481,771,748,1519
236975,8,5,2,42,91,32,68,133,100,74,159,233
237011,8,5,2,230,229,104,57,459,161,334,286,620
237039,8,5,2,69,79,64,107,148,171,133,186,319
237057,8,5,2,4,5,3,1,9,4,7,6,13
237066,8,5,2,18,18,3,1,36,4,21,19,40
237109,8,5,2,53,156,42,138,209,180,95,294,389
237118,8,5,2,3,5,2,3,8,5,5,8,13
237181,8,5,2,0,0,0,1,0,1,0,1,1
237303,8,5,2,5,5,0,0,10,0,5,5,10
237312,8,5,2,60,61,166,59,121,225,226,120,346
237321,8,5,2,2,10,0,0,12,0,2,10,12
237330,8,5,2,19,37,5,6,56,11,24,43,67
237358,8,5,2,6,16,0,0,22,0,6,16,22
237367,8,5,2,37,54,30,63,91,93,67,117,184
237385,8,5,2,12,8,22,5,20,27,34,13,47
237525,8,5,2,129,148,51,59,277,110,180,207,387
237686,8,5,2,31,54,30,52,85,82,61,106,167
237701,8,5,2,4,11,8,7,15,15,12,18,30
237792,8,5,2,41,51,50,50,92,100,91,101,192
237817,8,5,2,14,46,14,38,60,52,28,84,112
237899,8,5,2,38,50,8,9,88,17,46,59,105
237950,8,5,2,20,9,3,3,29,6,23,12,35
237969,8,5,2,1,2,1,0,3,1,2,2,4
238014,8,5,2,14,23,13,44,37,57,27,67,94
238032,8,5,2,191,96,50,54,287,104,241,150,391
238175,8,5,2,0,18,0,0,18,0,0,18,18
238193,8,5,2,0,37,1,25,37,26,1,62,63
238263,8,5,2,147,176,363,656,323,1019,510,832,1342
238397,8,5,2,34,77,132,273,111,405,166,350,516
238430,8,5,2,12,16,4,10,28,14,16,26,42
238458,8,5,2,20,20,5,8,40,13,25,28,53
238722,8,5,2,122,81,433,315,203,748,555,396,951
238759,8,5,2,65,80,215,368,145,583,280,448,728
239008,8,5,2,26,30,112,152,56,264,138,182,320
239017,8,5,2,6,3,1,0,9,1,7,3,10
239071,8,5,2,3,6,7,8,9,15,10,14,24
239105,8,5,2,13,13,8,6,26,14,21,19,40
239248,8,5,2,188,231,588,997,419,1585,776,1228,2004
239309,8,5,2,8,10,0,2,18,2,8,12,20
239318,8,5,2,63,41,8,1,104,9,71,42,113
239372,8,5,2,41,43,95,163,84,258,136,206,342
239442,8,5,2,6,10,25,55,16,80,31,65,96
239488,8,5,2,90,119,249,480,209,729,339,599,938
239512,8,5,2,5,3,0,2,8,2,5,5,10
239716,8,5,2,2,5,1,0,7,1,3,5,8
239877,8,5,2,0,2,0,1,2,1,0,3,3
240107,8,5,2,12,36,7,41,48,48,19,77,96
240170,8,5,2,67,65,125,219,132,344,192,284,476
240189,8,5,2,100,136,65,110,236,175,165,246,411
240198,8,5,2,43,54,61,165,97,226,104,219,323
240268,8,5,2,64,40,27,50,104,77,91,90,181
240277,8,5,2,144,196,94,194,340,288,238,390,628
240329,8,5,2,45,19,23,15,64,38,68,34,102
240338,8,5,2,2,1,3,0,3,3,5,1,6
240365,8,5,2,141,131,100,87,272,187,241,218,459
240374,8,5,2,91,79,63,59,170,122,154,138,292
240417,8,5,2,95,62,85,81,157,166,180,143,323
240426,8,5,2,44,89,27,70,133,97,71,159,230
240444,8,5,2,186,108,168,136,294,304,354,244,598
240453,8,5,2,484,409,252,272,893,524,736,681,1417
240462,8,5,2,80,33,51,37,113,88,131,70,201
240471,8,5,2,51,43,28,27,94,55,79,70,149
240480,8,5,2,128,88,46,61,216,107,174,149,323
240505,8,5,2,39,61,88,120,100,208,127,181,308
240514,8,5,2,18,27,76,42,45,118,94,69,163
240596,8,5,2,3,6,8,17,9,25,11,23,34
240620,8,5,2,44,69,63,156,113,219,107,225,332
240657,8,5,2,13,20,16,51,33,67,29,71,100
240666,8,5,2,26,63,45,62,89,107,71,125,196
240727,8,5,2,163,117,122,157,280,279,285,274,559
240745,8,5,2,32,35,78,65,67,143,110,100,210
240790,8,5,2,24,42,11,24,66,35,35,66,101
241182,8,5,2,14,75,0,0,89,0,14,75,89
241191,8,5,2,34,28,13,13,62,26,47,41,88
241225,8,5,2,12,11,11,28,23,39,23,39,62
241331,8,5,2,4,21,8,26,25,34,12,47,59
241377,8,5,2,25,45,10,13,70,23,35,58,93
241386,8,5,2,3,20,0,6,23,6,3,26,29
241395,8,5,2,6,10,6,13,16,19,12,23,35
241410,8,5,2,47,42,55,50,89,105,102,92,194
241720,8,5,2,23,29,8,14,52,22,31,43,74
241739,8,5,2,104,197,103,239,301,342,207,436,643
241766,8,5,2,10,2,11,4,12,15,21,6,27
241836,8,5,2,4,26,21,57,30,78,25,83,108
241906,8,5,2,1,7,0,0,8,0,1,7,8
241951,8,5,2,3,9,15,18,12,33,18,27,45
242112,8,5,2,24,25,0,8,49,8,24,33,57
242130,8,5,2,6,29,4,3,35,7,10,32,42
242149,8,5,2,11,25,3,11,36,14,14,36,50
242556,8,5,2,5,4,1,0,9,1,6,4,10
242617,8,5,2,50,40,28,29,90,57,78,69,147
242626,8,5,2,97,94,51,61,191,112,148,155,303
242635,8,5,2,45,67,21,64,112,85,66,131,197
242644,8,5,2,12,36,11,23,48,34,23,59,82
242653,8,5,2,135,144,109,134,279,243,244,278,522
242662,8,5,2,58,110,37,74,168,111,95,184,279
242680,8,5,2,31,43,16,24,74,40,47,67,114
242699,8,5,2,40,72,19,29,112,48,59,101,160
242705,8,5,2,110,63,77,51,173,128,187,114,301
243106,8,5,2,13,8,13,14,21,27,26,22,48
243142,8,5,2,7,8,5,13,15,18,12,21,33
243179,8,5,2,13,11,18,19,24,37,31,30,61
243188,8,5,2,9,9,2,1,18,3,11,10,21
243203,8,5,2,5,13,1,4,18,5,6,17,23
243212,8,5,2,22,17,11,22,39,33,33,39,72
243221,8,5,2,51,63,76,96,114,172,127,159,286
243346,8,5,2,105,131,112,156,236,268,217,287,504
243443,8,5,2,42,62,35,67,104,102,77,129,206
243577,8,5,2,63,22,254,101,85,355,317,123,440
243586,8,5,2,13,23,6,14,36,20,19,37,56
243601,8,5,2,147,210,178,218,357,396,325,428,753
243638,8,5,2,19,43,29,32,62,61,48,75,123
243647,8,5,2,4,17,9,15,21,24,13,32,45
243744,8,5,2,59,16,0,0,75,0,59,16,75
243780,8,5,2,214,88,101,152,302,253,315,240,555
243832,8,5,2,15,45,35,91,60,126,50,136,186
243841,8,5,2,5,49,3,21,54,24,8,70,78
244437,8,5,2,162,252,349,906,414,1255,511,1158,1669
244446,8,5,2,36,54,69,170,90,239,105,224,329
245281,8,5,2,11,6,0,0,17,0,11,6,17
245625,8,5,2,9,11,19,52,20,71,28,63,91
246813,8,5,2,21,39,110,240,60,350,131,279,410
246895,8,5,2,9,16,7,6,25,13,16,22,38
247603,8,5,2,25,30,32,58,55,90,57,88,145
247834,8,5,2,368,318,717,1074,686,1791,1085,1392,2477
247940,8,5,2,50,79,95,137,129,232,145,216,361
248925,8,5,2,39,48,15,13,87,28,54,61,115
248934,8,5,2,1137,1676,1,11,2813,12,1138,1687,2825
249238,8,5,2,4,27,2,32,31,34,6,59,65
251260,8,5,2,41,66,68,160,107,228,109,226,335
260813,8,5,2,7,72,0,0,79,0,7,72,79
260929,8,5,2,5,28,0,0,33,0,5,28,33
262031,8,5,2,39,57,103,197,96,300,142,254,396
262086,8,5,2,90,92,242,544,182,786,332,636,968
262129,8,5,2,9,8,3,0,17,3,12,8,20
262341,8,5,2,71,11,0,0,82,0,71,11,82
363165,8,5,2,62,62,19,8,124,27,81,70,151
363633,8,5,2,3,13,19,28,16,47,22,41,63
363907,8,5,2,28,21,16,10,49,26,44,31,75
363916,8,5,2,7,11,3,3,18,6,10,14,24
364016,8,5,2,64,44,211,329,108,540,275,373,648
364025,8,5,2,110,70,332,355,180,687,442,425,867
364636,8,5,2,4,13,0,5,17,5,4,18,22
365198,8,5,2,0,8,7,9,8,16,7,17,24
365480,8,5,2,1,16,12,3,17,15,13,19,32
366003,8,5,2,0,4,9,6,4,15,9,10,19
366252,8,5,2,89,66,49,78,155,127,138,144,282
366395,8,5,2,186,219,366,628,405,994,552,847,1399
366401,8,5,2,44,43,210,310,87,520,254,353,607
366465,8,5,2,28,71,32,89,99,121,60,160,220
366623,8,5,2,0,5,0,0,5,0,0,5,5
366632,8,5,2,0,2,0,0,2,0,0,2,2
366711,8,5,2,420,490,273,355,910,628,693,845,1538
367334,8,5,2,27,2,4,0,29,4,31,2,33
367459,8,5,2,53,68,171,313,121,484,224,381,605
368230,8,5,2,1,14,1,4,15,5,2,18,20
368911,8,5,2,8,26,26,108,34,134,34,134,168
372356,8,5,2,0,29,0,0,29,0,0,29,29
374574,8,5,2,10,58,5,46,68,51,15,104,119
375106,8,5,2,20,7,1,1,27,2,21,8,29
375407,8,5,2,2,14,1,0,16,1,3,14,17
375416,8,5,2,6,48,0,0,54,0,6,48,54
375726,8,5,2,17,18,15,1,35,16,32,19,51
375984,8,5,2,3,28,0,9,31,9,3,37,40
376288,8,5,2,3,8,0,0,11,0,3,8,11
376385,8,5,2,15,12,1,1,27,2,16,13,29
376446,8,5,2,1,3,0,16,4,16,1,19,20
376631,8,5,2,4,0,0,0,4,0,4,0,4
377218,8,5,2,14,3,0,0,17,0,14,3,17
377643,8,5,2,0,16,0,0,16,0,0,16,16
377722,8,5,2,5,73,0,0,78,0,5,73,78
379621,8,5,2,1,14,0,4,15,4,1,18,19
380359,8,5,2,9,28,9,37,37,46,18,65,83
382258,8,5,2,1,13,2,12,14,14,3,25,28
383190,8,5,2,25,34,42,100,59,142,67,134,201
383765,8,5,2,0,15,0,12,15,12,0,27,27
383996,8,5,2,1,9,12,35,10,47,13,44,57
384254,8,5,2,17,8,0,1,25,1,17,9,26
384333,8,5,2,58,87,231,383,145,614,289,470,759
384342,8,5,2,32,48,81,183,80,264,113,231,344
395362,8,5,2,16,34,57,108,50,165,73,142,215
399212,8,5,2,55,36,1401,399,91,1800,1456,435,1891
399911,8,5,2,1,1,0,0,2,0,1,1,2
400187,8,5,2,8,48,4,34,56,38,12,82,94
401764,8,5,2,0,14,0,38,14,38,0,52,52
403469,8,5,2,1,7,78,34,8,112,79,41,120
403478,8,5,2,4,16,1,11,20,12,5,27,32
403487,8,5,2,3,7,3,34,10,37,6,41,47
404426,8,5,2,42,43,107,136,85,243,149,179,328
404684,8,5,2,8,17,0,0,25,0,8,17,25
405872,8,5,2,22,9,50,98,31,148,72,107,179
407179,8,5,2,1,13,1,5,14,6,2,18,20
407461,8,5,2,10,3,0,0,13,0,10,3,13
407470,8,5,2,0,21,0,11,21,11,0,32,32
407735,8,5,2,0,4,0,0,4,0,0,4,4
407832,8,5,2,6,5,14,2,11,16,20,7,27
408066,8,5,2,2,15,4,5,17,9,6,20,26
408844,8,5,2,117,250,44,163,367,207,161,413,574
409591,8,5,2,0,10,4,12,10,16,4,22,26
409698,8,5,2,220,271,104,99,491,203,324,370,694
412544,8,5,2,4,15,0,13,19,13,4,28,32
413617,8,5,2,4,7,4,12,11,16,8,19,27
414878,8,5,2,3,11,10,22,14,32,13,33,46
414911,8,5,2,19,37,15,47,56,62,34,84,118
415039,8,5,2,0,3,0,2,3,2,0,5,5
416801,8,5,2,24,65,4,6,89,10,28,71,99
417008,8,5,2,0,12,0,0,12,0,0,12,12
417655,8,5,2,0,2,0,0,2,0,0,2,2
417716,8,5,2,0,53,0,0,53,0,0,53,53
417734,8,5,2,2,6,5,10,8,15,7,16,23
417752,8,5,2,3,0,0,0,3,0,3,0,3
417840,8,5,2,6,89,0,0,95,0,6,89,95
417886,8,5,2,0,4,0,0,4,0,0,4,4
417910,8,5,2,7,32,0,0,39,0,7,32,39
418029,8,5,2,0,9,0,0,9,0,0,9,9
418065,8,5,2,3,26,0,9,29,9,3,35,38
418083,8,5,2,3,13,0,0,16,0,3,13,16
418481,8,5,2,0,6,0,0,6,0,0,6,6
418533,8,5,2,2,31,4,4,33,8,6,35,41
418588,8,5,2,0,3,0,0,3,0,0,3,3
420042,8,5,2,0,2,0,0,2,0,0,2,2
420130,8,5,2,3,58,0,0,61,0,3,58,61
420343,8,5,2,24,2,24,0,26,24,48,2,50
420431,8,5,2,16,40,43,119,56,162,59,159,218
420440,8,5,2,16,10,27,62,26,89,43,72,115
420538,8,5,2,12,28,14,51,40,65,26,79,105
420556,8,5,2,9,19,14,27,28,41,23,46,69
421610,8,5,2,2,13,0,2,15,2,2,15,17
421717,8,5,2,3,1,2,1,4,3,5,2,7
423652,8,5,2,8,23,4,17,31,21,12,40,52
426314,8,5,2,543,115,1392,251,658,1643,1935,366,2301
428055,8,5,2,2,11,0,0,13,0,2,11,13
430227,8,5,2,0,12,0,5,12,5,0,17,17
430403,8,5,2,2,48,0,0,50,0,2,48,50
430564,8,5,2,1,0,0,2,1,2,1,2,3
430971,8,5,2,0,8,0,0,8,0,0,8,8
431275,8,5,2,0,2,1,5,2,6,1,7,8
431284,8,5,2,0,12,0,1,12,1,0,13,13
433040,8,5,2,0,8,0,0,8,0,0,8,8
433101,8,5,2,7,61,2,35,68,37,9,96,105
433387,8,5,2,10734,12589,0,0,23323,0,10734,12589,23323
433420,8,5,2,77,12,0,0,89,0,77,12,89
433660,8,5,2,196,172,55,73,368,128,251,245,496
434061,8,5,2,110,208,106,289,318,395,216,497,713
434159,8,5,2,75,26,0,0,101,0,75,26,101
434469,8,5,2,2,49,0,2,51,2,2,51,53
434584,8,5,2,1,2,4,13,3,17,5,15,20
434672,8,5,2,131,189,445,1114,320,1559,576,1303,1879
435000,8,5,2,4,3,0,1,7,1,4,4,8
436553,8,5,2,24,92,0,0,116,0,24,92,116
436818,8,5,2,10,14,7,8,24,15,17,22,39
436827,8,5,2,9,9,0,0,18,0,9,9,18
436836,8,5,2,39,32,13,10,71,23,52,42,94
437103,8,5,2,120,286,174,613,406,787,294,899,1193
438586,8,5,2,61,109,12,17,170,29,73,126,199
438708,8,5,2,6,7,4,13,13,17,10,20,30
439190,8,5,2,34,25,38,30,59,68,72,55,127
439367,8,5,2,134,305,0,0,439,0,134,305,439
439844,8,5,2,0,4,0,0,4,0,0,4,4
440101,8,5,2,0,9,0,8,9,8,0,17,17
440271,8,5,2,11,15,0,0,26,0,11,15,26
440749,8,5,2,2,0,9,7,2,16,11,7,18
440828,8,5,2,28,23,46,34,51,80,74,57,131
441371,8,5,2,43,1511,0,10,1554,10,43,1521,1564
441690,8,5,2,4,2,3,1,6,4,7,3,10
441760,8,5,2,69,73,80,171,142,251,149,244,393
441900,8,5,2,45,169,101,367,214,468,146,536,682
441937,8,5,2,209,292,151,221,501,372,360,513,873
442073,8,5,2,11,37,4,33,48,37,15,70,85
442240,8,5,2,14,41,10,34,55,44,24,75,99
442329,8,5,2,100,16,0,0,116,0,100,16,116
442356,8,5,2,17,75,28,189,92,217,45,264,309
442523,8,5,2,2,2,0,1,4,1,2,3,5
442930,8,5,2,19,44,1,3,63,4,20,47,67
443049,8,5,2,9,9,12,6,18,18,21,15,36
443058,8,5,2,0,0,1,4,0,5,1,4,5
443100,8,5,2,3,2,0,0,5,0,3,2,5
443331,8,5,2,143,501,34,131,644,165,177,632,809
443641,8,5,2,0,13,0,7,13,7,0,20,20
444219,8,5,2,28,37,347,458,65,805,375,495,870
444282,8,5,2,0,6,0,14,6,14,0,20,20
444291,8,5,2,0,16,0,4,16,4,0,20,20
444307,8,5,2,0,9,0,1,9,1,0,10,10
444468,8,5,2,0,6,0,3,6,3,0,9,9
444486,8,5,2,3,48,0,10,51,10,3,58,61
444556,8,5,2,34,31,0,0,65,0,34,31,65
444565,8,5,2,16,26,6,9,42,15,22,35,57
444583,8,5,2,13,18,0,0,31,0,13,18,31
444671,8,5,2,3,9,0,0,12,0,3,9,12
444787,8,5,2,48,384,46,258,432,304,94,642,736
445027,8,5,2,638,1077,33,98,1715,131,671,1175,1846
445133,8,5,2,9,10,2,3,19,5,11,13,24
445188,8,5,2,85,51,12,1,136,13,97,52,149
445212,8,5,2,3,9,4,21,12,25,7,30,37
445267,8,5,2,21,116,26,101,137,127,47,217,264
445498,8,5,2,2,0,0,0,2,0,2,0,2
445708,8,5,2,6,6,1,2,12,3,7,8,15
445911,8,5,2,14,30,9,22,44,31,23,52,75
445948,8,5,2,70,361,0,0,431,0,70,361,431
446206,8,5,2,0,6,0,1,6,1,0,7,7
446233,8,5,2,8,3,1,0,11,1,9,3,12
446251,8,5,2,5,14,0,0,19,0,5,14,19
446288,8,5,2,0,8,0,4,8,4,0,12,12
446774,8,5,2,31,42,142,158,73,300,173,200,373
447148,8,5,2,1,20,0,15,21,15,1,35,36
447166,8,5,2,0,3,0,4,3,4,0,7,7
447175,8,5,2,0,7,0,8,7,8,0,15,15
447582,8,5,2,25,57,11,35,82,46,36,92,128
447689,8,5,2,258,345,238,326,603,564,496,671,1167
447759,8,5,2,21,44,0,3,65,3,21,47,68
447999,8,5,2,8,44,0,0,52,0,8,44,52
448026,8,5,2,1,10,0,2,11,2,1,12,13
448196,8,5,2,1,26,0,1,27,1,1,27,28
448220,8,5,2,2,13,0,0,15,0,2,13,15
448248,8,5,2,6,18,247,57,24,304,253,75,328
448594,8,5,2,40,69,92,202,109,294,132,271,403
448673,8,5,2,23,228,32,271,251,303,55,499,554
448798,8,5,2,3,28,0,0,31,0,3,28,31
449320,8,5,2,22,0,12,1,22,13,34,1,35
449357,8,5,2,0,21,0,0,21,0,0,21,21
449384,8,5,2,32,22,36,28,54,64,68,50,118
449472,8,5,2,0,13,0,0,13,0,0,13,13
449889,8,5,2,2,13,0,0,15,0,2,13,15
449959,8,5,2,8,10,4,8,18,12,12,18,30
449968,8,5,2,10,37,6,13,47,19,16,50,66
449977,8,5,2,0,26,0,8,26,8,0,34,34
449986,8,5,2,5,33,4,22,38,26,9,55,64
449995,8,5,2,1,14,1,10,15,11,2,24,26
450571,8,5,2,3,43,6,45,46,51,9,88,97
450599,8,5,2,0,5,0,0,5,0,0,5,5
450605,8,5,2,0,9,0,3,9,3,0,12,12
450614,8,5,2,0,17,1,9,17,10,1,26,27
450641,8,5,2,4,13,0,25,17,25,4,38,42
450720,8,5,2,0,30,0,50,30,50,0,80,80
450933,8,5,2,625,461,303,174,1086,477,928,635,1563
451121,8,5,2,0,8,2,11,8,13,2,19,21
451565,8,5,2,7,18,5,0,25,5,12,18,30
451583,8,5,2,12,11,112,20,23,132,124,31,155
451714,8,5,2,4,42,6,20,46,26,10,62,72
451750,8,5,2,11,67,10,91,78,101,21,158,179
451857,8,5,2,1,18,0,0,19,0,1,18,19
451918,8,5,2,1,14,0,0,15,0,1,14,15
452009,8,5,2,0,7,0,0,7,0,0,7,7
453297,8,5,2,0,0,1,2,0,3,1,2,3
454227,8,5,2,85,587,184,1387,672,1571,269,1974,2243
454236,8,5,2,9,52,12,73,61,85,21,125,146
454245,8,5,2,14,78,29,125,92,154,43,203,246
454652,8,5,2,1,10,0,0,11,0,1,10,11
454698,8,5,2,15,25,0,0,40,0,15,25,40
454768,8,5,2,10,16,2,25,26,27,12,41,53
454777,8,5,2,7,29,4,22,36,26,11,51,62
454810,8,5,2,377,1277,0,0,1654,0,377,1277,1654
454926,8,5,2,2,56,1,17,58,18,3,73,76
454944,8,5,2,0,17,0,0,17,0,0,17,17
455026,8,5,2,0,0,14,2,0,16,14,2,16
455080,8,5,2,7,30,0,0,37,0,7,30,37
455114,8,5,2,158,144,228,419,302,647,386,563,949
455196,8,5,2,64,581,0,0,645,0,64,581,645
455284,8,5,2,0,31,0,20,31,20,0,51,51
455512,8,5,2,15,30,114,242,45,356,129,272,401
455831,8,5,2,1,16,0,0,17,0,1,16,17
455868,8,5,2,14,63,0,0,77,0,14,63,77
455901,8,5,2,0,7,2,9,7,11,2,16,18
456029,8,5,2,3,28,0,8,31,8,3,36,39
456065,8,5,2,1,27,0,0,28,0,1,27,28
456074,8,5,2,0,19,0,0,19,0,0,19,19
456135,8,5,2,0,10,0,7,10,7,0,17,17
456481,8,5,2,0,0,4,1,0,5,4,1,5
456825,8,5,2,1,19,0,9,20,9,1,28,29
456959,8,5,2,5,10,1,4,15,5,6,14,20
457031,8,5,2,0,5,0,2,5,2,0,7,7
457129,8,5,2,5,58,23,183,63,206,28,241,269
457253,8,5,2,0,9,2,21,9,23,2,30,32
457299,8,5,2,11,70,2,7,81,9,13,77,90
457323,8,5,2,14,53,0,0,67,0,14,53,67
457475,8,5,2,0,3,0,0,3,0,0,3,3
457493,8,5,2,0,15,0,0,15,0,0,15,15
457527,8,5,2,0,4,3,40,4,43,3,44,47
457545,8,5,2,0,5,0,4,5,4,0,9,9
457633,8,5,2,0,16,2,39,16,41,2,55,57
457679,8,5,2,0,5,0,0,5,0,0,5,5
457855,8,5,2,0,7,0,5,7,5,0,12,12
458140,8,5,2,6,1,0,0,7,0,6,1,7
458210,8,5,2,183,631,54,180,814,234,237,811,1048
458229,8,5,2,164,492,37,130,656,167,201,622,823
458274,8,5,2,0,32,0,1,32,1,0,33,33
458803,8,5,2,0,25,0,18,25,18,0,43,43
458812,8,5,2,0,16,0,6,16,6,0,22,22
458821,8,5,2,0,11,0,0,11,0,0,11,11
458830,8,5,2,0,21,0,7,21,7,0,28,28
458858,8,5,2,0,23,0,30,23,30,0,53,53
458867,8,5,2,0,23,0,13,23,13,0,36,36
459019,8,5,2,1,10,0,4,11,4,1,14,15
459046,8,5,2,0,10,0,2,10,2,0,12,12
459055,8,5,2,0,6,1,3,6,4,1,9,10
459064,8,5,2,2,8,0,5,10,5,2,13,15
459116,8,5,2,1,21,0,0,22,0,1,21,22
459170,8,5,2,6,21,1,37,27,38,7,58,65
459198,8,5,2,8,37,3,22,45,25,11,59,70
459231,8,5,2,5,31,0,0,36,0,5,31,36
459286,8,5,2,5,16,2,7,21,9,7,23,30
459301,8,5,2,0,14,1,7,14,8,1,21,22
459392,8,5,2,3,5,0,7,8,7,3,12,15
459417,8,5,2,4,0,1,0,4,1,5,0,5
459523,8,5,2,0,9,0,0,9,0,0,9,9
459578,8,5,2,7,18,7,5,25,12,14,23,37
459949,8,5,2,153,243,192,374,396,566,345,617,962
460349,8,5,2,16,62,91,212,78,303,107,274,381
460394,8,5,2,87,79,367,624,166,991,454,703,1157
460464,8,5,2,56,35,383,511,91,894,439,546,985
460677,8,5,2,8,52,1,8,60,9,9,60,69
460862,8,5,2,0,20,1,25,20,26,1,45,46
460871,8,5,2,7,51,11,115,58,126,18,166,184
460932,8,5,2,0,13,0,0,13,0,0,13,13
461193,8,5,2,0,21,0,0,21,0,0,21,21
461272,8,5,2,0,7,0,9,7,9,0,16,16
461379,8,5,2,0,3,2,4,3,6,2,7,9
461421,8,5,2,5,30,0,0,35,0,5,30,35
461591,8,5,2,1,19,0,0,20,0,1,19,20
461643,8,5,2,0,5,0,0,5,0,0,5,5
461652,8,5,2,2,15,0,0,17,0,2,15,17
461704,8,5,2,1,29,1,0,30,1,2,29,31
461759,8,5,2,10,9,5,1,19,6,15,10,25
461829,8,5,2,7,11,0,0,18,0,7,11,18
461883,8,5,2,4,3,0,3,7,3,4,6,10
461917,8,5,2,0,12,0,9,12,9,0,21,21
462008,8,5,2,2,21,1,18,23,19,3,39,42
462071,8,5,2,5,22,1,1,27,2,6,23,29
463056,8,5,2,11,6,6,7,17,13,17,13,30
466921,8,5,2,1,23,7,76,24,83,8,99,107
466930,8,5,2,19,108,53,374,127,427,72,482,554
467863,8,5,2,7,12,5,11,19,16,12,23,35
467872,8,5,2,1,36,1,21,37,22,2,57,59
468893,8,5,2,0,15,0,12,15,12,0,27,27
470047,8,5,2,3,8,0,0,11,0,3,8,11
474863,8,5,2,22,92,39,170,114,209,61,262,323
474915,8,5,2,1,29,0,41,30,41,1,70,71
474924,8,5,2,0,4,1,21,4,22,1,25,26
475200,8,5,2,1,3,6,18,4,24,7,21,28
475431,8,5,2,1,7,0,0,8,0,1,7,8
475486,8,5,2,4,33,3,10,37,13,7,43,50
475547,8,5,2,4,3,0,6,7,6,4,9,13
475556,8,5,2,0,11,2,14,11,16,2,25,27
475653,8,5,2,1,7,0,0,8,0,1,7,8
475723,8,5,2,9,6,20,8,15,28,29,14,43
475732,8,5,2,10,76,29,255,86,284,39,331,370
475741,8,5,2,2,17,4,25,19,29,6,42,48
475839,8,5,2,3,4,7,14,7,21,10,18,28
476063,8,5,2,46,2,0,0,48,0,46,2,48
476179,8,5,2,2,16,2,13,18,15,4,29,33
476805,8,5,2,0,9,0,0,9,0,0,9,9
476841,8,5,2,2,28,3,17,30,20,5,45,50
476975,8,5,2,178,225,454,491,403,945,632,716,1348
476984,8,5,2,2,30,2,9,32,11,4,39,43
477039,8,5,2,28,152,13,89,180,102,41,241,282
478582,8,5,2,1,22,0,12,23,12,1,34,35
478616,8,5,2,1,12,1,11,13,12,2,23,25
478953,8,5,2,1,33,0,0,34,0,1,33,34
479956,8,5,2,218,259,532,497,477,1029,750,756,1506
479983,8,5,2,2,15,0,0,17,0,2,15,17
480028,8,5,2,39,7,0,0,46,0,39,7,46
480091,8,5,2,132,1192,90,626,1324,716,222,1818,2040
480310,8,5,2,0,8,0,0,8,0,0,8,8
480569,8,5,2,42,87,16,36,129,52,58,123,181
480657,8,5,2,7,75,5,75,82,80,12,150,162
480921,8,5,2,10,0,0,0,10,0,10,0,10
480930,8,5,2,0,5,0,2,5,2,0,7,7
480976,8,5,2,1,4,0,0,5,0,1,4,5
481191,8,5,2,2,42,0,0,44,0,2,42,44
481225,8,5,2,1,0,0,0,1,0,1,0,1
481526,8,5,2,0,71,0,0,71,0,0,71,71
481678,8,5,2,0,6,0,9,6,9,0,15,15
481739,8,5,2,1,7,0,3,8,3,1,10,11
481748,8,5,2,0,14,0,7,14,7,0,21,21
481845,8,5,2,1,9,0,5,10,5,1,14,15
482149,8,5,2,97,126,59,76,223,135,156,202,358
482158,8,5,2,164,215,162,236,379,398,326,451,777
482167,8,5,2,0,8,0,28,8,28,0,36,36
482176,8,5,2,1,41,1,14,42,15,2,55,57
482413,8,5,2,49,22,10,29,71,39,59,51,110
482422,8,5,2,6,4,3,5,10,8,9,9,18
482431,8,5,2,149,93,86,78,242,164,235,171,406
482459,8,5,2,15,19,19,19,34,38,34,38,72
482468,8,5,2,28,34,35,40,62,75,63,74,137
482477,8,5,2,899,1403,953,1968,2302,2921,1852,3371,5223
482547,8,5,2,0,1,2,0,1,2,2,1,3
482556,8,5,2,5,4,8,3,9,11,13,7,20
482565,8,5,2,0,1,0,0,1,0,0,1,1
482574,8,5,2,14,15,12,17,29,29,26,32,58
482635,8,5,2,6,5,1,2,11,3,7,7,14
482653,8,5,2,7,9,3,3,16,6,10,12,22
482680,8,5,2,212,192,237,273,404,510,449,465,914
482699,8,5,2,9,47,11,37,56,48,20,84,104
482705,8,5,2,36,163,151,174,199,325,187,337,524
482936,8,5,2,27,4,12,3,31,15,39,7,46
483036,8,5,2,60,64,79,139,124,218,139,203,342
483045,8,5,2,106,198,184,485,304,669,290,683,973
483054,8,5,2,18,1,0,0,19,0,18,1,19
483124,8,5,2,1559,2959,2851,4220,4518,7071,4410,7179,11589
483328,8,5,2,2,4,0,3,6,3,2,7,9
483337,8,5,2,0,9,0,10,9,10,0,19,19
483559,8,5,2,1,4,1,4,5,5,2,8,10
483595,8,5,2,120,396,102,313,516,415,222,709,931
483823,8,5,2,92,38,0,0,130,0,92,38,130
483911,8,5,2,0,1,0,0,1,0,0,1,1
484011,8,5,2,5,9,0,2,14,2,5,11,16
484093,8,5,2,0,10,2,7,10,9,2,17,19
484109,8,5,2,0,6,0,0,6,0,0,6,6
484190,8,5,2,2,2,0,0,4,0,2,2,4
484394,8,5,2,2,6,3,7,8,10,5,13,18
484473,8,5,2,82,90,202,228,172,430,284,318,602
484613,8,5,2,4161,9505,0,0,13666,0,4161,9505,13666
484631,8,5,2,57,17,0,0,74,0,57,17,74
484710,8,5,2,4,0,0,0,4,0,4,0,4
484756,8,5,2,3,3,0,0,6,0,3,3,6
484905,8,5,2,53,106,82,146,159,228,135,252,387
485014,8,5,2,0,8,1,11,8,12,1,19,20
485032,8,5,2,1,18,0,25,19,25,1,43,44
485111,8,5,2,64,153,111,184,217,295,175,337,512
485272,8,5,2,21,145,16,119,166,135,37,264,301
485397,8,5,2,0,23,0,8,23,8,0,31,31
485458,8,5,2,14,50,50,168,64,218,64,218,282
485476,8,5,2,0,19,0,0,19,0,0,19,19
485494,8,5,2,21,2,5,1,23,6,26,3,29
485768,8,5,2,34,27,0,0,61,0,34,27,61
486123,8,5,2,4,8,0,0,12,0,4,8,12
486567,8,5,2,2,44,0,0,46,0,2,44,46
486691,8,5,2,1,14,0,14,15,14,1,28,29
486798,8,5,2,215,37,0,0,252,0,215,37,252
486840,8,5,2,840,577,802,617,1417,1419,1642,1194,2836
486886,8,5,2,0,2,0,1,2,1,0,3,3
486938,8,5,2,9,57,18,93,66,111,27,150,177
486947,8,5,2,10,52,21,95,62,116,31,147,178
486956,8,5,2,26,109,38,236,135,274,64,345,409
486983,8,5,2,3,6,0,0,9,0,3,6,9
487010,8,5,2,5,26,0,1,31,1,5,27,32
487162,8,5,2,25,141,83,234,166,317,108,375,483
487348,8,5,2,1,3,0,14,4,14,1,17,18
487524,8,5,2,23,26,20,41,49,61,43,67,110
487676,8,5,2,0,16,1,8,16,9,1,24,25
487773,8,5,2,0,3,2,3,3,5,2,6,8
487861,8,5,2,5,47,0,5,52,5,5,52,57
487922,8,5,2,0,5,0,0,5,0,0,5,5
487995,8,5,2,1,2,0,0,3,0,1,2,3
488013,8,5,2,4,45,0,5,49,5,4,50,54
488031,8,5,2,3,5,0,0,8,0,3,5,8
488077,8,5,2,578,13,342,5,591,347,920,18,938
488271,8,5,2,0,21,0,0,21,0,0,21,21
488305,8,5,2,5,1,4,3,6,7,9,4,13
488332,8,5,2,1,0,0,0,1,0,1,0,1
488989,8,5,2,0,21,0,6,21,6,0,27,27
488998,8,5,2,7,13,0,0,20,0,7,13,20
489140,8,5,2,1,6,2,7,7,9,3,13,16
489201,8,5,2,29,43,293,490,72,783,322,533,855
489256,8,5,2,33,1,0,0,34,0,33,1,34
489344,8,5,2,2,25,8,50,27,58,10,75,85
489353,8,5,2,25,67,16,62,92,78,41,129,170
489779,8,5,2,492,830,2918,3580,1322,6498,3410,4410,7820
490115,8,5,2,4,2,0,0,6,0,4,2,6
490230,8,5,2,24,23,0,0,47,0,24,23,47
490258,8,5,2,3,17,0,0,20,0,3,17,20
490300,8,5,2,0,3,3,3,3,6,3,6,9
490416,8,5,2,7,1,0,0,8,0,7,1,8
490425,8,5,2,2,33,0,0,35,0,2,33,35
490753,8,5,2,0,2,0,0,2,0,0,2,2
490805,8,5,2,143,153,100,163,296,263,243,316,559
491136,8,5,2,1,8,1,6,9,7,2,14,16
491145,8,5,2,0,12,0,8,12,8,0,20,20
491534,8,5,2,0,0,1,0,0,1,1,0,1
491598,8,5,2,0,6,0,0,6,0,0,6,6
491826,8,5,2,0,18,0,0,18,0,0,18,18
491835,8,5,2,0,17,0,0,17,0,0,17,17
491941,8,5,2,2,20,0,0,22,0,2,20,22
491978,8,5,2,1,2,3,6,3,9,4,8,12
492476,8,5,2,1,7,7,11,8,18,8,18,26
492689,8,5,2,13,53,1,7,66,8,14,60,74
492759,8,5,2,4,27,9,39,31,48,13,66,79
492801,8,5,2,26,59,20,49,85,69,46,108,154
492962,8,5,2,66,159,98,149,225,247,164,308,472
493451,8,5,2,3,11,0,0,14,0,3,11,14
493655,8,5,2,3,1,0,0,4,0,3,1,4
493673,8,5,2,1,0,0,0,1,0,1,0,1
493804,8,5,2,14,6,0,0,20,0,14,6,20
493831,8,5,2,3,2,0,0,5,0,3,2,5
494278,8,5,2,0,10,5,19,10,24,5,29,34
494287,8,5,2,6,16,6,21,22,27,12,37,49
494472,8,5,2,0,1,0,1,1,1,0,2,2
494898,8,5,2,2,21,0,0,23,0,2,21,23
494959,8,5,2,0,4,3,9,4,12,3,13,16
495077,8,5,2,1,11,0,0,12,0,1,11,12
495101,8,5,2,2,6,0,0,8,0,2,6,8
495271,8,5,2,0,2,2,4,2,6,2,6,8
495350,8,5,2,3,3,0,0,6,0,3,3,6
495369,8,5,2,2,7,1,9,9,10,3,16,19
495411,8,5,2,1,9,0,0,10,0,1,9,10
495518,8,5,2,0,4,0,3,4,3,0,7,7
496052,8,5,2,3,0,0,0,3,0,3,0,3
496618,8,5,2,2,39,0,0,41,0,2,39,41
496636,8,5,2,5,30,0,0,35,0,5,30,35
496733,8,5,2,0,9,0,0,9,0,0,9,9
497000,8,5,2,10,45,0,0,55,0,10,45,55
497037,8,5,2,17,66,14,42,83,56,31,108,139
497046,8,5,2,4,37,166,455,41,621,170,492,662
497107,8,5,2,0,0,1,1,0,2,1,1,2
497301,8,5,2,2,24,1,36,26,37,3,60,63
497417,8,5,2,0,1,0,0,1,0,0,1,1
497480,8,5,2,5,89,5,8,94,13,10,97,107
497790,8,5,2,6,1,0,0,7,0,6,1,7
498562,8,5,2,90,99,50,80,189,130,140,179,319
498571,8,5,2,159,172,86,160,331,246,245,332,577
100663,8,5,5,712,1124,359,833,1836,1192,1071,1957,3028
100706,8,5,5,134,107,246,178,241,424,380,285,665
100751,8,5,5,500,500,174,387,1000,561,674,887,1561
100812,8,5,5,5,6,17,31,11,48,22,37,59
100830,8,5,5,163,73,90,113,236,203,253,186,439
100858,8,5,5,542,609,502,447,1151,949,1044,1056,2100
101189,8,5,5,72,170,10,14,242,24,82,184,266
101435,8,5,5,1,3,0,0,4,0,1,3,4
101453,8,5,5,2,0,13,0,2,13,15,0,15
101480,8,5,5,41,70,75,128,111,203,116,198,314
101587,8,5,5,163,554,34,52,717,86,197,606,803
101709,8,5,5,9,24,15,53,33,68,24,77,101
101912,8,5,5,2,2,0,0,4,0,2,2,4
102049,8,5,5,166,299,10,19,465,29,176,318,494
102094,8,5,5,251,851,21,159,1102,180,272,1010,1282
102234,8,5,5,5,0,10,7,5,17,15,7,22
102368,8,5,5,76,192,223,316,268,539,299,508,807
102377,8,5,5,35,130,3,8,165,11,38,138,176
102395,8,5,5,5,3,7,3,8,10,12,6,18
102553,8,5,5,23,20,34,52,43,86,57,72,129
102614,8,5,5,54,57,52,94,111,146,106,151,257
102632,8,5,5,3,6,3,23,9,26,6,29,35
104151,8,5,5,2208,1586,489,523,3794,1012,2697,2109,4806
104179,8,5,5,1063,1340,704,769,2403,1473,1767,2109,3876
104586,8,5,5,9,4,1,1,13,2,10,5,15
104717,8,5,5,1,0,1606,5319,1,6925,1607,5319,6926
105330,8,5,5,300,538,130,265,838,395,430,803,1233
106245,8,5,5,173,197,75,152,370,227,248,349,597
106263,8,5,5,251,348,24,89,599,113,275,437,712
106397,8,5,5,211,205,451,404,416,855,662,609,1271
106412,8,5,5,15,10,12,8,25,20,27,18,45
106458,8,5,5,63,75,318,627,138,945,381,702,1083
106467,8,5,5,20,17,36,67,37,103,56,84,140
107141,8,5,5,7,20,32,71,27,103,39,91,130
107512,8,5,5,0,10,1,4,10,5,1,14,15
107983,8,5,5,176,90,196,206,266,402,372,296,668
108092,8,5,5,0,3,3,3,3,6,3,6,9
108232,8,5,5,156,255,113,247,411,360,269,502,771
109785,8,5,5,196,552,85,407,748,492,281,959,1240
110097,8,5,5,83,110,117,115,193,232,200,225,425
110316,8,5,5,23,140,13,67,163,80,36,207,243
110361,8,5,5,140,425,101,236,565,337,241,661,902
110398,8,5,5,210,304,4,7,514,11,214,311,525
110404,8,5,5,491,267,0,0,758,0,491,267,758
110413,8,5,5,103,201,25,49,304,74,128,250,378
110422,8,5,5,55,62,43,22,117,65,98,84,182
110486,8,5,5,101,184,38,85,285,123,139,269,408
110495,8,5,5,52,199,60,77,251,137,112,276,388
110510,8,5,5,162,385,129,220,547,349,291,605,896
110529,8,5,5,142,185,282,239,327,521,424,424,848
110538,8,5,5,79,116,51,101,195,152,130,217,347
110547,8,5,5,149,345,85,189,494,274,234,534,768
110556,8,5,5,156,384,101,180,540,281,257,564,821
110565,8,5,5,288,503,375,549,791,924,663,1052,1715
110574,8,5,5,218,405,123,158,623,281,341,563,904
110583,8,5,5,474,821,362,505,1295,867,836,1326,2162
110592,8,5,5,264,597,204,298,861,502,468,895,1363
110608,8,5,5,318,624,317,578,942,895,635,1202,1837
110617,8,5,5,161,379,175,229,540,404,336,608,944
110635,8,5,5,2228,2457,384,336,4685,720,2612,2793,5405
110644,8,5,5,1474,1900,86,118,3374,204,1560,2018,3578
110653,8,5,5,1468,1470,79,85,2938,164,1547,1555,3102
110662,8,5,5,2585,2755,326,178,5340,504,2911,2933,5844
110671,8,5,5,873,739,60,44,1612,104,933,783,1716
110680,8,5,5,1836,1446,170,83,3282,253,2006,1529,3535
110699,8,5,5,570,863,0,0,1433,0,570,863,1433
110705,8,5,5,722,575,45,56,1297,101,767,631,1398
110714,8,5,5,381,393,9,9,774,18,390,402,792
111188,8,5,5,0,0,6,3,0,9,6,3,9
111948,8,5,5,254,366,65,105,620,170,319,471,790
112075,8,5,5,99,228,55,52,327,107,154,280,434
112084,8,5,5,1,1,1,3,2,4,2,4,6
112251,8,5,5,82,146,62,128,228,190,144,274,418
113582,8,5,5,0,2,0,0,2,0,0,2,2
113698,8,5,5,36,148,6,16,184,22,42,164,206
113704,8,5,5,11,1,4,1,12,5,15,2,17
114123,8,5,5,10,14,0,1,24,1,10,15,25
114354,8,5,5,1,8,0,6,9,6,1,14,15
114549,8,5,5,10,57,1,17,67,18,11,74,85
114734,8,5,5,5,0,1,2,5,3,6,2,8
114813,8,5,5,30,121,29,145,151,174,59,266,325
115083,8,5,5,154,184,46,73,338,119,200,257,457
115755,8,5,5,42,90,17,23,132,40,59,113,172
116846,8,5,5,2,5,0,1,7,1,2,6,8
117104,8,5,5,2,4,0,1,6,1,2,5,7
117672,8,5,5,19,45,7,23,64,30,26,68,94
117946,8,5,5,314,498,66,125,812,191,380,623,1003
119058,8,5,5,60,151,17,27,211,44,77,178,255
120166,8,5,5,21,36,1,1,57,2,22,37,59
120184,8,5,5,3,15,11,21,18,32,14,36,50
120403,8,5,5,5,21,0,0,26,0,5,21,26
120865,8,5,5,1,0,0,2,1,2,1,2,3
120883,8,5,5,289,467,60,103,756,163,349,570,919
121150,8,5,5,293,492,240,857,785,1097,533,1349,1882
121309,8,5,5,53,116,53,139,169,192,106,255,361
121628,8,5,5,26,8,0,0,34,0,26,8,34
122296,8,5,5,92,307,23,94,399,117,115,401,516
122409,8,5,5,310,663,352,422,973,774,662,1085,1747
122436,8,5,5,220,293,145,202,513,347,365,495,860
122597,8,5,5,254,485,173,258,739,431,427,743,1170
122612,8,5,5,213,428,196,399,641,595,409,827,1236
122728,8,5,5,56,53,6,22,109,28,62,75,137
122755,8,5,5,659,1005,584,893,1664,1477,1243,1898,3141
122931,8,5,5,347,381,125,180,728,305,472,561,1033
123165,8,5,5,3,5,0,2,8,2,3,7,10
123457,8,5,5,2,12,4,7,14,11,6,19,25
123572,8,5,5,23,65,36,71,88,107,59,136,195
123916,8,5,5,1,2,1,1,3,2,2,3,5
123952,8,5,5,64,46,0,2,110,2,64,48,112
123961,8,5,5,3550,4158,828,931,7708,1759,4378,5089,9467
124283,8,5,5,4,5,1,1,9,2,5,6,11
124487,8,5,5,0,0,1,0,0,1,1,0,1
125231,8,5,5,361,2564,297,1793,2925,2090,658,4357,5015
125763,8,5,5,1,1,5,14,2,19,6,15,21
125897,8,5,5,10,12,4,2,22,6,14,14,28
126012,8,5,5,35,157,0,0,192,0,35,157,192
126182,8,5,5,29,118,41,85,147,126,70,203,273
126562,8,5,5,623,1024,531,1088,1647,1619,1154,2112,3266
126580,8,5,5,40,106,158,167,146,325,198,273,471
126614,8,5,5,567,473,1469,861,1040,2330,2036,1334,3370
126775,8,5,5,290,151,88,26,441,114,378,177,555
126818,8,5,5,416,789,573,708,1205,1281,989,1497,2486
126827,8,5,5,85,203,11,20,288,31,96,223,319
127185,8,5,5,1,1,4,14,2,18,5,15,20
127556,8,5,5,10,34,7,17,44,24,17,51,68
127565,8,5,5,31,191,39,116,222,155,70,307,377
127653,8,5,5,27,92,17,66,119,83,44,158,202
127741,8,5,5,75,173,101,343,248,444,176,516,692
127909,8,5,5,13,48,0,0,61,0,13,48,61
127918,8,5,5,165,350,35,80,515,115,200,430,630
128106,8,5,5,20,73,37,143,93,180,57,216,273
128498,8,5,5,6,26,4,19,32,23,10,45,55
128744,8,5,5,256,225,48,131,481,179,304,356,660
128771,8,5,5,48,88,123,219,136,342,171,307,478
128780,8,5,5,0,6,2,6,6,8,2,12,14
129020,8,5,5,1049,1112,358,400,2161,758,1407,1512,2919
129154,8,5,5,0,1,4,16,1,20,4,17,21
129215,8,5,5,6,7,2,10,13,12,8,17,25
129242,8,5,5,45,71,44,119,116,163,89,190,279
129428,8,5,5,0,0,25,12,0,37,25,12,37
129491,8,5,5,2,3,1,2,5,3,3,5,8
129525,8,5,5,70,120,112,185,190,297,182,305,487
129941,8,5,5,539,392,143,136,931,279,682,528,1210
130183,8,5,5,12,77,77,133,89,210,89,210,299
130226,8,5,5,223,315,56,146,538,202,279,461,740
130253,8,5,5,358,349,88,289,707,377,446,638,1084
130314,8,5,5,45,150,28,134,195,162,73,284,357
130590,8,5,5,0,1,4,2,1,6,4,3,7
130697,8,5,5,23,17,8,9,40,17,31,26,57
130776,8,5,5,2,13,30,80,15,110,32,93,125
130794,8,5,5,1790,2008,12,16,3798,28,1802,2024,3826
130934,8,5,5,40,121,4,9,161,13,44,130,174
130943,8,5,5,696,622,80,100,1318,180,776,722,1498
130989,8,5,5,14,10,48,54,24,102,62,64,126
131113,8,5,5,262,239,249,509,501,758,511,748,1259
131399,8,5,5,24,62,10,24,86,34,34,86,120
131450,8,5,5,14,60,6,28,74,34,20,88,108
131469,8,5,5,1267,1731,736,1562,2998,2298,2003,3293,5296
131496,8,5,5,1526,1791,728,1033,3317,1761,2254,2824,5078
131520,8,5,5,338,627,28,93,965,121,366,720,1086
132471,8,5,5,306,637,93,258,943,351,399,895,1294
132842,8,5,5,22,138,3,58,160,61,25,196,221
132903,8,5,5,788,829,651,918,1617,1569,1439,1747,3186
133553,8,5,5,142,48,22,7,190,29,164,55,219
133650,8,5,5,124,277,17,43,401,60,141,320,461
133711,8,5,5,0,0,0,4,0,4,0,4,4
133872,8,5,5,49,78,13,46,127,59,62,124,186
133881,8,5,5,145,176,278,973,321,1251,423,1149,1572
134097,8,5,5,1033,1230,349,829,2263,1178,1382,2059,3441
134130,8,5,5,2353,2590,835,1629,4943,2464,3188,4219,7407
135610,8,5,5,1,2,1,4,3,5,2,6,8
135726,8,5,5,963,1229,82,166,2192,248,1045,1395,2440
136172,8,5,5,67,157,91,171,224,262,158,328,486
136330,8,5,5,51,113,20,40,164,60,71,153,224
136701,8,5,5,39,0,13,0,39,13,52,0,52
136950,8,5,5,9,31,21,33,40,54,30,64,94
137351,8,5,5,1139,1340,532,1005,2479,1537,1671,2345,4016
137546,8,5,5,144,153,27,54,297,81,171,207,378
137564,8,5,5,45,37,53,66,82,119,98,103,201
138275,8,5,5,0,1,13,4,1,17,13,5,18
138309,8,5,5,3,27,2,12,30,14,5,39,44
138354,8,5,5,36,104,265,588,140,853,301,692,993
138600,8,5,5,3,20,0,4,23,4,3,24,27
138716,8,5,5,8,57,10,33,65,43,18,90,108
138929,8,5,5,38,56,13,29,94,42,51,85,136
138947,8,5,5,31,80,8,20,111,28,39,100,139
139144,8,5,5,1,10,4,6,11,10,5,16,21
139199,8,5,5,71,229,18,113,300,131,89,342,431
139311,8,5,5,17,60,14,54,77,68,31,114,145
139366,8,5,5,49,69,56,172,118,228,105,241,346
139393,8,5,5,0,6,0,1,6,1,0,7,7
139658,8,5,5,951,1711,252,354,2662,606,1203,2065,3268
139719,8,5,5,13,26,5,21,39,26,18,47,65
139755,8,5,5,2015,996,5207,1949,3011,7156,7222,2945,10167
139764,8,5,5,10,55,14,48,65,62,24,103,127
139861,8,5,5,28,32,54,143,60,197,82,175,257
139931,8,5,5,146,294,151,383,440,534,297,677,974
139940,8,5,5,729,1181,209,359,1910,568,938,1540,2478
139959,8,5,5,1075,1486,203,383,2561,586,1278,1869,3147
140146,8,5,5,4,4,4,1,8,5,8,5,13
140234,8,5,5,3,6,0,1,9,1,3,7,10
140252,8,5,5,335,323,50,62,658,112,385,385,770
140447,8,5,5,384,707,83,225,1091,308,467,932,1399
140562,8,5,5,144,247,7,11,391,18,151,258,409
140818,8,5,5,9,28,20,61,37,81,29,89,118
140951,8,5,5,298,594,71,209,892,280,369,803,1172
140960,8,5,5,7,28,13,17,35,30,20,45,65
140988,8,5,5,12,12,1,1,24,2,13,13,26
141264,8,5,5,39,133,79,276,172,355,118,409,527
141334,8,5,5,52,85,124,362,137,486,176,447,623
141565,8,5,5,24,54,14,20,78,34,38,74,112
141574,8,5,5,323,515,261,391,838,652,584,906,1490
141644,8,5,5,54,89,7,33,143,40,61,122,183
142115,8,5,5,130,201,135,255,331,390,265,456,721
142276,8,5,5,249,298,69,110,547,179,318,408,726
142285,8,5,5,315,242,113,116,557,229,428,358,786
142461,8,5,5,10,40,19,50,50,69,29,90,119
142832,8,5,5,77,331,28,170,408,198,105,501,606
143118,8,5,5,40,190,42,184,230,226,82,374,456
143358,8,5,5,66,58,42,187,124,229,108,245,353
143853,8,5,5,503,843,6,14,1346,20,509,857,1366
144050,8,5,5,2115,1905,429,278,4020,707,2544,2183,4727
144351,8,5,5,23,34,218,461,57,679,241,495,736
144740,8,5,5,811,1033,262,332,1844,594,1073,1365,2438
144892,8,5,5,177,80,121,172,257,293,298,252,550
144962,8,5,5,6,47,45,81,53,126,51,128,179
145336,8,5,5,202,177,46,135,379,181,248,312,560
145372,8,5,5,0,5,6,16,5,22,6,21,27
145558,8,5,5,442,583,6,10,1025,16,448,593,1041
145600,8,5,5,1465,1913,428,639,3378,1067,1893,2552,4445
145619,8,5,5,13,54,71,175,67,246,84,229,313
145637,8,5,5,2548,2075,1122,1028,4623,2150,3670,3103,6773
145813,8,5,5,161,240,77,239,401,316,238,479,717
145886,8,5,5,1,10,0,0,11,0,1,10,11
146339,8,5,5,18,17,4,3,35,7,22,20,42
146481,8,5,5,0,2,0,2,2,2,0,4,4
146490,8,5,5,0,0,4,14,0,18,4,14,18
146612,8,5,5,368,141,101,243,509,344,469,384,853
146719,8,5,5,521,951,69,205,1472,274,590,1156,1746
147013,8,5,5,8,13,9,19,21,28,17,32,49
147129,8,5,5,0,5,0,1,5,1,0,6,6
147244,8,5,5,5,14,2,7,19,9,7,21,28
147369,8,5,5,36,29,44,27,65,71,80,56,136
147536,8,5,5,85,276,54,333,361,387,139,609,748
147590,8,5,5,94,119,3,5,213,8,97,124,221
147660,8,5,5,13,41,6,5,54,11,19,46,65
147679,8,5,5,12,25,40,85,37,125,52,110,162
147776,8,5,5,47,94,87,200,141,287,134,294,428
147828,8,5,5,6,6,41,124,12,165,47,130,177
148131,8,5,5,3,0,9,8,3,17,12,8,20
148487,8,5,5,80,184,42,159,264,201,122,343,465
148511,8,5,5,298,582,39,320,880,359,337,902,1239
148575,8,5,5,0,0,6,27,0,33,6,27,33
148627,8,5,5,8,23,35,65,31,100,43,88,131
148654,8,5,5,140,123,110,102,263,212,250,225,475
149222,8,5,5,360,354,96,97,714,193,456,451,907
149231,8,5,5,202,210,198,291,412,489,400,501,901
149772,8,5,5,201,178,85,161,379,246,286,339,625
149781,8,5,5,16,35,34,67,51,101,50,102,152
150136,8,5,5,96,211,288,1082,307,1370,384,1293,1677
150163,8,5,5,26,58,68,91,84,159,94,149,243
150172,8,5,5,3,2,2,5,5,7,5,7,12
150215,8,5,5,3,6,3,1,9,4,6,7,13
150534,8,5,5,31,37,2,2,68,4,33,39,72
150604,8,5,5,5,25,2,0,30,2,7,25,32
150668,8,5,5,1,1,1,6,2,7,2,7,9
150677,8,5,5,3,8,24,19,11,43,27,27,54
150941,8,5,5,5,14,10,30,19,40,15,44,59
151111,8,5,5,753,1001,335,728,1754,1063,1088,1729,2817
151263,8,5,5,36,103,34,123,139,157,70,226,296
151290,8,5,5,104,59,42,27,163,69,146,86,232
151306,8,5,5,26,61,135,217,87,352,161,278,439
151324,8,5,5,80,133,53,108,213,161,133,241,374
151333,8,5,5,0,6,15,19,6,34,15,25,40
151342,8,5,5,6,34,19,74,40,93,25,108,133
151351,8,5,5,1234,1209,600,533,2443,1133,1834,1742,3576
151360,8,5,5,5,22,11,43,27,54,16,65,81
151379,8,5,5,6,14,33,54,20,87,39,68,107
151388,8,5,5,1,1,15,32,2,47,16,33,49
151777,8,5,5,35,52,5,12,87,17,40,64,104
152080,8,5,5,885,645,27,33,1530,60,912,678,1590
152318,8,5,5,1,0,1,0,1,1,2,0,2
152336,8,5,5,7,22,10,34,29,44,17,56,73
152390,8,5,5,0,7,0,19,7,19,0,26,26
152451,8,5,5,41,0,4,0,41,4,45,0,45
152567,8,5,5,22,37,0,4,59,4,22,41,63
152600,8,5,5,68,44,29,17,112,46,97,61,158
152798,8,5,5,10,35,3,13,45,16,13,48,61
152992,8,5,5,18,12,5,21,30,26,23,33,56
153001,8,5,5,0,1,21,110,1,131,21,111,132
153126,8,5,5,12,9,9,12,21,21,21,21,42
153250,8,5,5,0,3,23,35,3,58,23,38,61
153269,8,5,5,65,98,79,183,163,262,144,281,425
153366,8,5,5,8,30,5,30,38,35,13,60,73
153621,8,5,5,9,5,4,3,14,7,13,8,21
153658,8,5,5,839,971,503,534,1810,1037,1342,1505,2847
153825,8,5,5,6,9,1,1,15,2,7,10,17
154004,8,5,5,3,18,47,222,21,269,50,240,290
154013,8,5,5,4,12,12,26,16,38,16,38,54
154174,8,5,5,540,323,10,5,863,15,550,328,878
154235,8,5,5,25,67,16,27,92,43,41,94,135
154350,8,5,5,5,2,0,1,7,1,5,3,8
154493,8,5,5,31,78,11,15,109,26,42,93,135
154527,8,5,5,2,3,0,1,5,1,2,4,6
154712,8,5,5,3,1,6,5,4,11,9,6,15
155025,8,5,5,43,101,136,335,144,471,179,436,615
155089,8,5,5,4,23,17,29,27,46,21,52,73
155317,8,5,5,880,1059,220,290,1939,510,1100,1349,2449
155399,8,5,5,345,473,190,329,818,519,535,802,1337
155414,8,5,5,0,0,5,1,0,6,5,1,6
155812,8,5,5,23,36,15,20,59,35,38,56,94
155900,8,5,5,9,1,6,2,10,8,15,3,18
155973,8,5,5,0,0,4,2,0,6,4,2,6
156082,8,5,5,57,66,8,35,123,43,65,101,166
156125,8,5,5,342,276,201,221,618,422,543,497,1040
156213,8,5,5,0,3,19,30,3,49,19,33,52
156286,8,5,5,30,42,18,53,72,71,48,95,143
156356,8,5,5,0,6,2,8,6,10,2,14,16
156541,8,5,5,354,565,1900,1436,919,3336,2254,2001,4255
156620,8,5,5,48,80,98,280,128,378,146,360,506
156745,8,5,5,0,1,18,76,1,94,18,77,95
157058,8,5,5,13,8,6,7,21,13,19,15,34
157085,8,5,5,957,1221,141,369,2178,510,1098,1590,2688
157216,8,5,5,302,112,20,50,414,70,322,162,484
157289,8,5,5,694,813,268,215,1507,483,962,1028,1990
157386,8,5,5,15,15,40,49,30,89,55,64,119
157401,8,5,5,48,88,126,181,136,307,174,269,443
157447,8,5,5,111,257,234,673,368,907,345,930,1275
157535,8,5,5,208,231,0,0,439,0,208,231,439
157757,8,5,5,20,99,15,64,119,79,35,163,198
157951,8,5,5,58,121,104,211,179,315,162,332,494
159391,8,5,5,668,855,170,280,1523,450,838,1135,1973
159647,8,5,5,78,59,37,41,137,78,115,100,215
159656,8,5,5,94,125,28,75,219,103,122,200,322
159717,8,5,5,20,47,5,50,67,55,25,97,122
159939,8,5,5,102,116,63,93,218,156,165,209,374
159966,8,5,5,11,38,18,84,49,102,29,122,151
159993,8,5,5,72,124,30,148,196,178,102,272,374
160612,8,5,5,23,67,37,123,90,160,60,190,250
160621,8,5,5,146,225,106,116,371,222,252,341,593
160630,8,5,5,12,29,8,22,41,30,20,51,71
160658,8,5,5,177,173,102,129,350,231,279,302,581
160755,8,5,5,513,656,233,340,1169,573,746,996,1742
160904,8,5,5,46,158,3,4,204,7,49,162,211
161217,8,5,5,0,0,5,3,0,8,5,3,8
161226,8,5,5,0,2,8,51,2,59,8,53,61
161235,8,5,5,1,3,2,0,4,2,3,3,6
161253,8,5,5,96,131,175,251,227,426,271,382,653
161299,8,5,5,3,0,0,0,3,0,3,0,3
161341,8,5,5,0,0,1,0,0,1,1,0,1
161457,8,5,5,315,623,10,63,938,73,325,686,1011
161509,8,5,5,3,12,0,0,15,0,3,12,15
161554,8,5,5,66,125,60,250,191,310,126,375,501
161572,8,5,5,12,61,30,118,73,148,42,179,221
161873,8,5,5,113,181,78,161,294,239,191,342,533
162210,8,5,5,1,4,2,9,5,11,3,13,16
162283,8,5,5,1,6,3,8,7,11,4,14,18
162584,8,5,5,27,43,45,92,70,137,72,135,207
162654,8,5,5,8,10,24,161,18,185,32,171,203
163204,8,5,5,11,14,843,1097,25,1940,854,1111,1965
163259,8,5,5,547,1180,96,290,1727,386,643,1470,2113
163268,8,5,5,371,335,161,137,706,298,532,472,1004
163286,8,5,5,1824,1511,382,407,3335,789,2206,1918,4124
163295,8,5,5,25,69,20,66,94,86,45,135,180
163338,8,5,5,47,81,12,35,128,47,59,116,175
163453,8,5,5,76,39,17,38,115,55,93,77,170
163462,8,5,5,72,7,23,54,79,77,95,61,156
163578,8,5,5,17,83,30,127,100,157,47,210,257
163851,8,5,5,25,75,30,76,100,106,55,151,206
163912,8,5,5,1,3,0,0,4,0,1,3,4
163976,8,5,5,8,4,7,2,12,9,15,6,21
164076,8,5,5,64,185,120,537,249,657,184,722,906
164085,8,5,5,4,13,4,85,17,89,8,98,106
164270,8,5,5,72,126,26,125,198,151,98,251,349
164492,8,5,5,6,13,30,20,19,50,36,33,69
164632,8,5,5,22,125,11,117,147,128,33,242,275
164739,8,5,5,38,37,89,94,75,183,127,131,258
164872,8,5,5,58,111,0,3,169,3,58,114,172
164915,8,5,5,6,5,6,3,11,9,12,8,20
164988,8,5,5,1902,2277,737,1130,4179,1867,2639,3407,6046
165015,8,5,5,228,300,65,64,528,129,293,364,657
165024,8,5,5,31,132,86,248,163,334,117,380,497
165167,8,5,5,19,77,43,144,96,187,62,221,283
165334,8,5,5,197,179,35,40,376,75,232,219,451
165662,8,5,5,65,363,19,157,428,176,84,520,604
165671,8,5,5,0,0,3,12,0,15,3,12,15
165820,8,5,5,82,105,161,423,187,584,243,528,771
165866,8,5,5,8,23,51,170,31,221,59,193,252
165936,8,5,5,7,14,8,30,21,38,15,44,59
165945,8,5,5,56,37,67,41,93,108,123,78,201
166027,8,5,5,3334,4062,532,827,7396,1359,3866,4889,8755
166391,8,5,5,4,1,32,43,5,75,36,44,80
166513,8,5,5,273,206,383,366,479,749,656,572,1228
166629,8,5,5,433,484,745,705,917,1450,1178,1189,2367
166674,8,5,5,12,28,0,3,40,3,12,31,43
166683,8,5,5,2044,1381,33,21,3425,54,2077,1402,3479
166708,8,5,5,249,450,4,6,699,10,253,456,709
166717,8,5,5,35,182,20,98,217,118,55,280,335
166850,8,5,5,60,113,27,65,173,92,87,178,265
166939,8,5,5,1,3,6,20,4,26,7,23,30
167093,8,5,5,67,191,0,0,258,0,67,191,258
167288,8,5,5,2,6,6,8,8,14,8,14,22
167358,8,5,5,2439,2173,232,243,4612,475,2671,2416,5087
167394,8,5,5,3,21,5,35,24,40,8,56,64
167598,8,5,5,17,99,34,385,116,419,51,484,535
167729,8,5,5,23,171,78,218,194,296,101,389,490
167783,8,5,5,48,391,89,681,439,770,137,1072,1209
167835,8,5,5,16,101,1,2,117,3,17,103,120
167987,8,5,5,176,147,134,148,323,282,310,295,605
168005,8,5,5,195,303,140,243,498,383,335,546,881
168148,8,5,5,899,1623,207,286,2522,493,1106,1909,3015
168227,8,5,5,10,7,11,4,17,15,21,11,32
168254,8,5,5,79,105,38,87,184,125,117,192,309
168342,8,5,5,5,13,0,1,18,1,5,14,19
168421,8,5,5,215,107,288,112,322,400,503,219,722
168430,8,5,5,5,25,28,146,30,174,33,171,204
168528,8,5,5,5,1,2,1,6,3,7,2,9
168546,8,5,5,0,2,0,0,2,0,0,2,2
168740,8,5,5,93,49,55,53,142,108,148,102,250
168786,8,5,5,6,5,2,5,11,7,8,10,18
168847,8,5,5,3,18,7,26,21,33,10,44,54
169099,8,5,5,15,4,13,4,19,17,28,8,36
169248,8,5,5,401,398,210,380,799,590,611,778,1389
169424,8,5,5,14,45,0,0,59,0,14,45,59
169442,8,5,5,15,6,1,4,21,5,16,10,26
169716,8,5,5,264,355,55,97,619,152,319,452,771
169798,8,5,5,66,155,143,318,221,461,209,473,682
169910,8,5,5,78,123,27,62,201,89,105,185,290
170000,8,5,5,1,3,2,1,4,3,3,4,7
170082,8,5,5,134,256,103,267,390,370,237,523,760
170286,8,5,5,28,5,13,11,33,24,41,16,57
170675,8,5,5,14,7,122,51,21,173,136,58,194
170806,8,5,5,5,20,11,41,25,52,16,61,77
170976,8,5,5,2952,3353,461,327,6305,788,3413,3680,7093
171100,8,5,5,1603,1854,241,493,3457,734,1844,2347,4191
171137,8,5,5,128,101,384,194,229,578,512,295,807
171146,8,5,5,73,167,48,91,240,139,121,258,379
171456,8,5,5,16,31,28,55,47,83,44,86,130
171492,8,5,5,6,3,27,26,9,53,33,29,62
171571,8,5,5,322,451,189,225,773,414,511,676,1187
172334,8,5,5,28,200,0,15,228,15,28,215,243
172644,8,5,5,752,1022,358,546,1774,904,1110,1568,2678
172699,8,5,5,108,222,326,408,330,734,434,630,1064
173045,8,5,5,61,120,13,48,181,61,74,168,242
173142,8,5,5,5,4,0,0,9,0,5,4,9
173160,8,5,5,29,59,43,82,88,125,72,141,213
173300,8,5,5,0,0,4,10,0,14,4,10,14
173452,8,5,5,0,0,13,14,0,27,13,14,27
173665,8,5,5,3,6,50,143,9,193,53,149,202
173683,8,5,5,3,6,0,7,9,7,3,13,16
173896,8,5,5,27,40,3,2,67,5,30,42,72
174066,8,5,5,1508,2233,1148,1262,3741,2410,2656,3495,6151
174127,8,5,5,2,6,2,15,8,17,4,21,25
174233,8,5,5,71,102,57,39,173,96,128,141,269
174491,8,5,5,0,0,16,7,0,23,16,7,23
174507,8,5,5,132,119,3,11,251,14,135,130,265
174747,8,5,5,1,11,0,1,12,1,1,12,13
174792,8,5,5,4,2,4,4,6,8,8,6,14
174899,8,5,5,62,197,10,54,259,64,72,251,323
174914,8,5,5,141,178,310,352,319,662,451,530,981
175005,8,5,5,29,107,13,131,136,144,42,238,280
175014,8,5,5,9,42,6,17,51,23,15,59,74
175421,8,5,5,6,9,106,292,15,398,112,301,413
175430,8,5,5,2,5,0,2,7,2,2,7,9
175616,8,5,5,23,32,24,76,55,100,47,108,155
175856,8,5,5,53,147,53,154,200,207,106,301,407
176017,8,5,5,550,582,108,226,1132,334,658,808,1466
176035,8,5,5,5,15,6,21,20,27,11,36,47
176044,8,5,5,7,12,16,27,19,43,23,39,62
176053,8,5,5,140,215,34,82,355,116,174,297,471
176080,8,5,5,260,373,278,262,633,540,538,635,1173
176372,8,5,5,207,267,109,244,474,353,316,511,827
176451,8,5,5,7,1,5,1,8,6,12,2,14
176479,8,5,5,293,343,34,78,636,112,327,421,748
176600,8,5,5,14,2,0,2,16,2,14,4,18
176628,8,5,5,22,62,5,10,84,15,27,72,99
176965,8,5,5,427,281,358,441,708,799,785,722,1507
177038,8,5,5,139,108,4,7,247,11,143,115,258
177126,8,5,5,36,21,61,45,57,106,97,66,163
177144,8,5,5,7,8,0,0,15,0,7,8,15
177214,8,5,5,1,5,17,33,6,50,18,38,56
177418,8,5,5,7,16,9,15,23,24,16,31,47
177940,8,5,5,7,8,4,6,15,10,11,14,25
177986,8,5,5,219,156,31,75,375,106,250,231,481
178059,8,5,5,46,102,122,624,148,746,168,726,894
178341,8,5,5,0,3,4,11,3,15,4,14,18
178369,8,5,5,1,2,8,2,3,10,9,4,13
178387,8,5,5,1,2,17,22,3,39,18,24,42
178396,8,5,5,576,758,359,611,1334,970,935,1369,2304
178402,8,5,5,517,436,235,363,953,598,752,799,1551
178411,8,5,5,346,82,122,48,428,170,468,130,598
178420,8,5,5,117,195,133,331,312,464,250,526,776
178615,8,5,5,4,13,8,17,17,25,12,30,42
178624,8,5,5,148,154,207,333,302,540,355,487,842
178679,8,5,5,0,0,17,3,0,20,17,3,20
178721,8,5,5,37,32,134,148,69,282,171,180,351
178989,8,5,5,0,0,3,28,0,31,3,28,31
179043,8,5,5,27,53,73,92,80,165,100,145,245
179326,8,5,5,36,38,21,59,74,80,57,97,154
179557,8,5,5,153,118,65,112,271,177,218,230,448
179566,8,5,5,204,249,186,378,453,564,390,627,1017
179812,8,5,5,414,410,1,3,824,4,415,413,828
179867,8,5,5,1193,1242,276,256,2435,532,1469,1498,2967
179894,8,5,5,252,198,204,310,450,514,456,508,964
180106,8,5,5,0,12,0,1,12,1,0,13,13
180179,8,5,5,11,39,15,46,50,61,26,85,111
180258,8,5,5,9,19,1,10,28,11,10,29,39
180416,8,5,5,18,8,18,12,26,30,36,20,56
180461,8,5,5,80,99,249,223,179,472,329,322,651
180522,8,5,5,0,1,0,8,1,8,0,9,9
180595,8,5,5,34,69,0,0,103,0,34,69,103
180647,8,5,5,0,1,0,1,1,1,0,2,2
180814,8,5,5,197,361,44,82,558,126,241,443,684
180948,8,5,5,10,13,26,49,23,75,36,62,98
181002,8,5,5,544,581,92,147,1125,239,636,728,1364
181020,8,5,5,18,59,28,106,77,134,46,165,211
181127,8,5,5,2,1,0,0,3,0,2,1,3
181215,8,5,5,17,44,130,316,61,446,147,360,507
181297,8,5,5,6,77,1,4,83,5,7,81,88
181330,8,5,5,4,3,15,41,7,56,19,44,63
181394,8,5,5,129,178,230,332,307,562,359,510,869
181428,8,5,5,349,578,54,144,927,198,403,722,1125
181446,8,5,5,1,5,0,14,6,14,1,19,20
181464,8,5,5,489,428,241,324,917,565,730,752,1482
181604,8,5,5,16,51,4,14,67,18,20,65,85
181738,8,5,5,6,32,0,1,38,1,6,33,39
181783,8,5,5,22,39,62,118,61,180,84,157,241
182281,8,5,5,556,694,247,350,1250,597,803,1044,1847
182290,8,5,5,261,353,292,362,614,654,553,715,1268
182670,8,5,5,557,590,7,8,1147,15,564,598,1162
182829,8,5,5,72,63,22,19,135,41,94,82,176
182980,8,5,5,537,225,23,24,762,47,560,249,809
183026,8,5,5,576,1367,1015,2613,1943,3628,1591,3980,5571
183044,8,5,5,170,224,129,157,394,286,299,381,680
183062,8,5,5,0,2,8,19,2,27,8,21,29
183071,8,5,5,0,0,4,1,0,5,4,1,5
183080,8,5,5,17,32,17,57,49,74,34,89,123
183257,8,5,5,2,7,7,20,9,27,9,27,36
183789,8,5,5,3,6,7,12,9,19,10,18,28
183910,8,5,5,4,31,12,81,35,93,16,112,128
184603,8,5,5,70,94,63,166,164,229,133,260,393
184612,8,5,5,8,14,22,36,22,58,30,50,80
184694,8,5,5,34,144,20,20,178,40,54,164,218
184773,8,5,5,6,36,13,44,42,57,19,80,99
184782,8,5,5,534,507,165,283,1041,448,699,790,1489
185262,8,5,5,80,220,44,218,300,262,124,438,562
185572,8,5,5,25,84,29,116,109,145,54,200,254
185590,8,5,5,174,367,269,658,541,927,443,1025,1468
185758,8,5,5,1,0,2,2,1,4,3,2,5
185828,8,5,5,538,244,276,137,782,413,814,381,1195
186131,8,5,5,990,687,0,0,1677,0,990,687,1677
186201,8,5,5,13,36,27,60,49,87,40,96,136
186283,8,5,5,19,51,54,122,70,176,73,173,246
186371,8,5,5,158,164,120,133,322,253,278,297,575
186380,8,5,5,1454,1955,584,1225,3409,1809,2038,3180,5218
186399,8,5,5,356,347,286,272,703,558,642,619,1261
186432,8,5,5,270,144,26,42,414,68,296,186,482
186584,8,5,5,199,270,160,290,469,450,359,560,919
186618,8,5,5,15,60,13,27,75,40,28,87,115
186867,8,5,5,1013,352,347,129,1365,476,1360,481,1841
186876,8,5,5,26,72,41,119,98,160,67,191,258
187046,8,5,5,0,0,36,56,0,92,36,56,92
187134,8,5,5,16,38,20,53,54,73,36,91,127
187444,8,5,5,56,131,100,369,187,469,156,500,656
187648,8,5,5,27,87,42,144,114,186,69,231,300
187897,8,5,5,39,102,21,60,141,81,60,162,222
187967,8,5,5,60,38,23,18,98,41,83,56,139
187985,8,5,5,440,574,339,321,1014,660,779,895,1674
188030,8,5,5,206,229,117,160,435,277,323,389,712
188207,8,5,5,3,33,0,18,36,18,3,51,54
188340,8,5,5,1,0,1,1,1,2,2,1,3
188429,8,5,5,96,194,77,216,290,293,173,410,583
188641,8,5,5,17,32,24,53,49,77,41,85,126
188854,8,5,5,1,3,0,0,4,0,1,3,4
189228,8,5,5,1,3,2,5,4,7,3,8,11
189705,8,5,5,36,65,36,56,101,92,72,121,193
190044,8,5,5,104,107,62,40,211,102,166,147,313
190099,8,5,5,0,3,1,0,3,1,1,3,4
190372,8,5,5,6,4,3,0,10,3,9,4,13
190415,8,5,5,1806,1826,117,96,3632,213,1923,1922,3845
190424,8,5,5,265,358,2,5,623,7,267,363,630
190503,8,5,5,6,17,0,0,23,0,6,17,23
190761,8,5,5,14,54,6,21,68,27,20,75,95
191126,8,5,5,9,70,4,29,79,33,13,99,112
191205,8,5,5,1,3,4,2,4,6,5,5,10
191241,8,5,5,543,812,233,563,1355,796,776,1375,2151
191533,8,5,5,0,0,0,2,0,2,0,2,2
191649,8,5,5,438,601,110,204,1039,314,548,805,1353
191676,8,5,5,0,2,2,6,2,8,2,8,10
192192,8,5,5,1,5,5,34,6,39,6,39,45
192271,8,5,5,7,36,2,28,43,30,9,64,73
192323,8,5,5,18,53,14,52,71,66,32,105,137
192448,8,5,5,211,581,83,411,792,494,294,992,1286
192703,8,5,5,50,58,9,18,108,27,59,76,135
192712,8,5,5,99,109,2,8,208,10,101,117,218
192749,8,5,5,24,36,59,93,60,152,83,129,212
192785,8,5,5,1,6,0,0,7,0,1,6,7
192819,8,5,5,83,92,38,64,175,102,121,156,277
193016,8,5,5,86,263,51,239,349,290,137,502,639
193292,8,5,5,11,43,60,255,54,315,71,298,369
193399,8,5,5,26,49,11,63,75,74,37,112,149
193584,8,5,5,15,34,12,40,49,52,27,74,101
193654,8,5,5,306,671,37,92,977,129,343,763,1106
193830,8,5,5,341,373,21,41,714,62,362,414,776
193900,8,5,5,3357,4606,1161,1707,7963,2868,4518,6313,10831
193973,8,5,5,47,79,30,55,126,85,77,134,211
194091,8,5,5,727,758,64,67,1485,131,791,825,1616
194116,8,5,5,6,56,1,0,62,1,7,56,63
194310,8,5,5,433,656,205,505,1089,710,638,1161,1799
194392,8,5,5,1,0,2,0,1,2,3,0,3
194578,8,5,5,153,429,13,56,582,69,166,485,651
194824,8,5,5,281,130,11,2,411,13,292,132,424
195003,8,5,5,449,277,115,74,726,189,564,351,915
195128,8,5,5,23,65,27,162,88,189,50,227,277
195155,8,5,5,4,0,10,9,4,19,14,9,23
195164,8,5,5,14,50,48,80,64,128,62,130,192
195216,8,5,5,4,0,3,4,4,7,7,4,11
195234,8,5,5,28,66,35,96,94,131,63,162,225
195243,8,5,5,6,10,6,16,16,22,12,26,38
195474,8,5,5,2,2,7,7,4,14,9,9,18
195544,8,5,5,7,21,30,108,28,138,37,129,166
195720,8,5,5,23,57,19,118,80,137,42,175,217
196024,8,5,5,0,2,1,26,2,27,1,28,29
196042,8,5,5,4,2,10,0,6,10,14,2,16
196060,8,5,5,225,314,207,407,539,614,432,721,1153
196079,8,5,5,325,298,235,202,623,437,560,500,1060
196088,8,5,5,1204,1232,792,657,2436,1449,1996,1889,3885
196097,8,5,5,1117,980,260,523,2097,783,1377,1503,2880
196103,8,5,5,29,41,35,42,70,77,64,83,147
196112,8,5,5,42,38,38,82,80,120,80,120,200
196121,8,5,5,35,43,105,174,78,279,140,217,357
196130,8,5,5,25,67,38,104,92,142,63,171,234
196149,8,5,5,15,23,30,54,38,84,45,77,122
196158,8,5,5,2,13,5,18,15,23,7,31,38
196167,8,5,5,1,1,2,5,2,7,3,6,9
196176,8,5,5,40,61,38,69,101,107,78,130,208
196185,8,5,5,11,23,28,128,34,156,39,151,190
196194,8,5,5,37,52,55,74,89,129,92,126,218
196200,8,5,5,13,29,9,22,42,31,22,51,73
196219,8,5,5,15,9,1,1,24,2,16,10,26
196246,8,5,5,24,32,14,12,56,26,38,44,82
196255,8,5,5,269,363,33,93,632,126,302,456,758
196264,8,5,5,15,19,78,188,34,266,93,207,300
196291,8,5,5,8,3,14,3,11,17,22,6,28
196307,8,5,5,239,288,3,30,527,33,242,318,560
196413,8,5,5,815,836,200,259,1651,459,1015,1095,2110
196468,8,5,5,179,706,68,260,885,328,247,966,1213
196884,8,5,5,18,25,3,6,43,9,21,31,52
197045,8,5,5,11,41,73,148,52,221,84,189,273
197708,8,5,5,307,557,66,86,864,152,373,643,1016
197869,8,5,5,64,97,60,157,161,217,124,254,378
197911,8,5,5,4,2,2,2,6,4,6,4,10
198066,8,5,5,3,0,0,0,3,0,3,0,3
198109,8,5,5,1,18,0,0,19,0,1,18,19
198136,8,5,5,363,432,14,52,795,66,377,484,861
198303,8,5,5,2,2,1,7,4,8,3,9,12
198464,8,5,5,311,548,144,397,859,541,455,945,1400
198507,8,5,5,4,3,4,16,7,20,8,19,27
198516,8,5,5,103,194,4,8,297,12,107,202,309
198543,8,5,5,24,53,35,70,77,105,59,123,182
198598,8,5,5,1,7,3,3,8,6,4,10,14
198756,8,5,5,4,7,0,0,11,0,4,7,11
198835,8,5,5,38,110,34,92,148,126,72,202,274
198899,8,5,5,2,0,0,1,2,1,2,1,3
198950,8,5,5,6,18,4,35,24,39,10,53,63
198969,8,5,5,34,70,0,18,104,18,34,88,122
199102,8,5,5,109,136,69,113,245,182,178,249,427
199120,8,5,5,1508,2317,254,398,3825,652,1762,2715,4477
199139,8,5,5,375,452,298,537,827,835,673,989,1662
199148,8,5,5,176,363,113,295,539,408,289,658,947
199157,8,5,5,118,242,39,121,360,160,157,363,520
199184,8,5,5,30,32,0,2,62,2,30,34,64
199193,8,5,5,1484,1276,461,455,2760,916,1945,1731,3676
199218,8,5,5,107,332,118,282,439,400,225,614,839
199281,8,5,5,32,94,95,231,126,326,127,325,452
199412,8,5,5,5,14,32,83,19,115,37,97,134
199607,8,5,5,0,1,3,15,1,18,3,16,19
199759,8,5,5,187,60,230,87,247,317,417,147,564
199865,8,5,5,3,6,0,1,9,1,3,7,10
199971,8,5,5,1,0,0,0,1,0,1,0,1
199999,8,5,5,27,85,5,21,112,26,32,106,138
200004,8,5,5,80,145,46,135,225,181,126,280,406
200013,8,5,5,1,6,1,0,7,1,2,6,8
200059,8,5,5,2,0,13,4,2,17,15,4,19
200217,8,5,5,55,122,47,65,177,112,102,187,289
200280,8,5,5,267,292,178,375,559,553,445,667,1112
200332,8,5,5,124,115,192,192,239,384,316,307,623
200572,8,5,5,1,0,13,32,1,45,14,32,46
200697,8,5,5,129,19,131,33,148,164,260,52,312
200800,8,5,5,203,222,130,180,425,310,333,402,735
201061,8,5,5,0,0,1,0,0,1,1,0,1
201195,8,5,5,21,44,7,15,65,22,28,59,87
201441,8,5,5,223,197,127,285,420,412,350,482,832
201548,8,5,5,63,82,29,31,145,60,92,113,205
201645,8,5,5,946,1058,131,176,2004,307,1077,1234,2311
201654,8,5,5,18,16,18,39,34,57,36,55,91
201885,8,5,5,985,1143,520,1016,2128,1536,1505,2159,3664
201964,8,5,5,2,7,2,1,9,3,4,8,12
202170,8,5,5,2,4,0,0,6,0,2,4,6
202480,8,5,5,382,283,93,91,665,184,475,374,849
202763,8,5,5,88,104,33,56,192,89,121,160,281
203067,8,5,5,27,67,2,5,94,7,29,72,101
203085,8,5,5,7,2,7,7,9,14,14,9,23
203128,8,5,5,2,0,0,1,2,1,2,1,3
203368,8,5,5,12,27,31,50,39,81,43,77,120
203517,8,5,5,412,549,193,506,961,699,605,1055,1660
203544,8,5,5,9,60,1,0,69,1,10,60,70
203580,8,5,5,2,8,17,9,10,26,19,17,36
203757,8,5,5,13,28,0,1,41,1,13,29,42
203775,8,5,5,4,13,3,41,17,44,7,54,61
203845,8,5,5,3,11,0,1,14,1,3,12,15
203960,8,5,5,7,16,5,12,23,17,12,28,40
204006,8,5,5,0,1,0,0,1,0,0,1,1
204024,8,5,5,102,158,72,299,260,371,174,457,631
204194,8,5,5,19,35,7,9,54,16,26,44,70
204200,8,5,5,21,44,13,61,65,74,34,105,139
204468,8,5,5,0,0,10,16,0,26,10,16,26
204477,8,5,5,171,153,3,7,324,10,174,160,334
204617,8,5,5,14,20,15,58,34,73,29,78,107
204635,8,5,5,38,34,1,2,72,3,39,36,75
204680,8,5,5,0,0,0,1,0,1,0,1,1
204796,8,5,5,1589,2128,822,873,3717,1695,2411,3001,5412
204857,8,5,5,585,658,294,479,1243,773,879,1137,2016
204936,8,5,5,13,24,10,29,37,39,23,53,76
205443,8,5,5,7,11,7,18,18,25,14,29,43
206279,8,5,5,3,16,3,15,19,18,6,31,37
206349,8,5,5,1,5,4,51,6,55,5,56,61
206507,8,5,5,1,1,1,0,2,1,2,1,3
206525,8,5,5,1,0,4,5,1,9,5,5,10
206604,8,5,5,185,281,238,212,466,450,423,493,916
206622,8,5,5,37,70,74,120,107,194,111,190,301
206695,8,5,5,136,175,119,186,311,305,255,361,616
206862,8,5,5,15,32,10,21,47,31,25,53,78
206914,8,5,5,4,24,11,32,28,43,15,56,71
207041,8,5,5,18,35,24,46,53,70,42,81,123
207209,8,5,5,4,9,8,10,13,18,12,19,31
207263,8,5,5,48,112,47,126,160,173,95,238,333
207306,8,5,5,4,15,9,23,19,32,13,38,51
207315,8,5,5,189,231,22,50,420,72,211,281,492
207324,8,5,5,80,38,50,20,118,70,130,58,188
207342,8,5,5,368,437,43,135,805,178,411,572,983
207388,8,5,5,284,378,451,387,662,838,735,765,1500
207500,8,5,5,556,618,303,426,1174,729,859,1044,1903
207582,8,5,5,43,49,19,23,92,42,62,72,134
207661,8,5,5,10,17,6,6,27,12,16,23,39
207847,8,5,5,65,96,118,178,161,296,183,274,457
207865,8,5,5,45,65,19,50,110,69,64,115,179
207971,8,5,5,144,115,41,28,259,69,185,143,328
208646,8,5,5,9,15,11,18,24,29,20,33,53
208822,8,5,5,67,135,37,79,202,116,104,214,318
209490,8,5,5,298,552,31,59,850,90,329,611,940
209506,8,5,5,3,6,2,6,9,8,5,12,17
209542,8,5,5,693,711,239,295,1404,534,932,1006,1938
209551,8,5,5,542,699,33,55,1241,88,575,754,1329
209603,8,5,5,11,22,0,0,33,0,11,22,33
209612,8,5,5,178,519,12,34,697,46,190,553,743
209807,8,5,5,314,561,182,365,875,547,496,926,1422
209825,8,5,5,6,18,20,42,24,62,26,60,86
209922,8,5,5,0,0,0,2,0,2,0,2,2
210401,8,5,5,75,75,0,4,150,4,75,79,154
210429,8,5,5,22,39,14,42,61,56,36,81,117
210739,8,5,5,19,59,34,54,78,88,53,113,166
210775,8,5,5,25,43,9,26,68,35,34,69,103
211088,8,5,5,63,138,44,134,201,178,107,272,379
211130,8,5,5,5,5,3,3,10,6,8,8,16
211291,8,5,5,4,5,1,3,9,4,5,8,13
211352,8,5,5,6,6,28,56,12,84,34,62,96
211431,8,5,5,9,77,19,149,86,168,28,226,254
211440,8,5,5,1955,1117,147,119,3072,266,2102,1236,3338
211556,8,5,5,38,140,16,47,178,63,54,187,241
211583,8,5,5,15,73,12,37,88,49,27,110,137
212054,8,5,5,882,1180,341,854,2062,1195,1223,2034,3257
212106,8,5,5,253,379,22,54,632,76,275,433,708
212115,8,5,5,24,28,36,95,52,131,60,123,183
212133,8,5,5,89,122,220,311,211,531,309,433,742
212197,8,5,5,1,8,8,19,9,27,9,27,36
212601,8,5,5,187,155,27,66,342,93,214,221,435
212674,8,5,5,1,0,31,43,1,74,32,43,75
212771,8,5,5,0,7,7,32,7,39,7,39,46
212805,8,5,5,0,0,5,4,0,9,5,4,9
212984,8,5,5,6,45,17,159,51,176,23,204,227
213011,8,5,5,8,48,25,115,56,140,33,163,196
213020,8,5,5,84,75,72,118,159,190,156,193,349
213251,8,5,5,1,0,3,1,1,4,4,1,5
213321,8,5,5,1,5,14,31,6,45,15,36,51
213349,8,5,5,21,58,48,165,79,213,69,223,292
213367,8,5,5,16,73,94,221,89,315,110,294,404
213446,8,5,5,1,2,1,1,3,2,2,3,5
213507,8,5,5,5,11,16,24,16,40,21,35,56
213598,8,5,5,2,18,0,2,20,2,2,20,22
213987,8,5,5,13,18,12,13,31,25,25,31,56
213996,8,5,5,18,35,58,111,53,169,76,146,222
214041,8,5,5,11,34,50,165,45,215,61,199,260
214148,8,5,5,0,0,0,4,0,4,0,4,4
214157,8,5,5,20,25,24,70,45,94,44,95,139
214175,8,5,5,1,0,0,0,1,0,1,0,1
214272,8,5,5,27,39,9,42,66,51,36,81,117
214564,8,5,5,105,372,3,26,477,29,108,398,506
214591,8,5,5,0,5,18,5,5,23,18,10,28
214607,8,5,5,24,9,27,23,33,50,51,32,83
214704,8,5,5,0,0,0,1,0,1,0,1,1
214713,8,5,5,18,32,24,44,50,68,42,76,118
214777,8,5,5,1529,1349,67,71,2878,138,1596,1420,3016
214829,8,5,5,0,0,0,1,0,1,0,1,1
214883,8,5,5,0,2,2,6,2,8,2,8,10
215062,8,5,5,2415,3078,522,786,5493,1308,2937,3864,6801
215105,8,5,5,10,22,0,3,32,3,10,25,35
215123,8,5,5,654,941,20,35,1595,55,674,976,1650
215293,8,5,5,1219,1549,262,366,2768,628,1481,1915,3396
215424,8,5,5,5,7,5,0,12,5,10,7,17
215442,8,5,5,11,19,45,106,30,151,56,125,181
215655,8,5,5,18,23,47,55,41,102,65,78,143
215743,8,5,5,12,15,12,31,27,43,24,46,70
215798,8,5,5,22,35,7,7,57,14,29,42,71
215929,8,5,5,54,79,63,103,133,166,117,182,299
216010,8,5,5,14,23,39,70,37,109,53,93,146
216038,8,5,5,38,91,50,195,129,245,88,286,374
216339,8,5,5,1151,1555,212,453,2706,665,1363,2008,3371
216357,8,5,5,9,21,1,1,30,2,10,22,32
216366,8,5,5,424,678,89,468,1102,557,513,1146,1659
216542,8,5,5,0,1,7,3,1,10,7,4,11
216597,8,5,5,212,252,265,308,464,573,477,560,1037
216694,8,5,5,5,12,3,16,17,19,8,28,36
216764,8,5,5,77,171,210,432,248,642,287,603,890
216852,8,5,5,196,357,39,260,553,299,235,617,852
216931,8,5,5,18,47,89,438,65,527,107,485,592
217013,8,5,5,2,1,20,76,3,96,22,77,99
217059,8,5,5,6,23,17,73,29,90,23,96,119
217156,8,5,5,697,731,18,18,1428,36,715,749,1464
217165,8,5,5,15,55,23,14,70,37,38,69,107
217235,8,5,5,21,64,13,20,85,33,34,84,118
217305,8,5,5,9,37,1,7,46,8,10,44,54
217402,8,5,5,9,11,31,29,20,60,40,40,80
217420,8,5,5,16,76,41,148,92,189,57,224,281
217493,8,5,5,88,162,0,0,250,0,88,162,250
217518,8,5,5,6,13,10,12,19,22,16,25,41
217536,8,5,5,8,28,21,78,36,99,29,106,135
217633,8,5,5,54,124,5,9,178,14,59,133,192
217688,8,5,5,22,44,27,48,66,75,49,92,141
217721,8,5,5,9,3,0,0,12,0,9,3,12
217749,8,5,5,6,10,32,22,16,54,38,32,70
217819,8,5,5,17,41,37,76,58,113,54,117,171
217864,8,5,5,25,29,84,105,54,189,109,134,243
217873,8,5,5,5,11,4,8,16,12,9,19,28
217882,8,5,5,707,477,266,426,1184,692,973,903,1876
217907,8,5,5,1,2,4,6,3,10,5,8,13
217925,8,5,5,16,15,56,84,31,140,72,99,171
217934,8,5,5,5,24,4,38,29,42,9,62,71
217961,8,5,5,7,17,17,57,24,74,24,74,98
218061,8,5,5,4,16,18,45,20,63,22,61,83
218229,8,5,5,10,14,23,75,24,98,33,89,122
218335,8,5,5,404,639,8,76,1043,84,412,715,1127
218414,8,5,5,0,0,1,0,0,1,1,0,1
218441,8,5,5,28,25,3,1,53,4,31,26,57
218539,8,5,5,10,46,0,3,56,3,10,49,59
218645,8,5,5,12,29,32,51,41,83,44,80,124
218654,8,5,5,1,2,1,11,3,12,2,13,15
218663,8,5,5,862,1018,174,440,1880,614,1036,1458,2494
218724,8,5,5,16,7,26,73,23,99,42,80,122
218733,8,5,5,9,36,6,9,45,15,15,45,60
218742,8,5,5,3,4,26,95,7,121,29,99,128
218751,8,5,5,72,86,0,1,158,1,72,87,159
218919,8,5,5,0,7,0,0,7,0,0,7,7
219082,8,5,5,21,3,45,15,24,60,66,18,84
219198,8,5,5,23,45,0,4,68,4,23,49,72
219204,8,5,5,0,5,5,7,5,12,5,12,17
219259,8,5,5,6,5,17,65,11,82,23,70,93
219277,8,5,5,0,0,0,2,0,2,0,2,2
219347,8,5,5,42,17,27,10,59,37,69,27,96
219471,8,5,5,244,220,95,183,464,278,339,403,742
219602,8,5,5,38,64,71,115,102,186,109,179,288
219639,8,5,5,0,4,0,1,4,1,0,5,5
219806,8,5,5,10,16,43,153,26,196,53,169,222
219833,8,5,5,168,85,23,17,253,40,191,102,293
220075,8,5,5,226,365,67,196,591,263,293,561,854
220215,8,5,5,8,7,24,31,15,55,32,38,70
220473,8,5,5,8,7,11,10,15,21,19,17,36
220516,8,5,5,8,24,2,7,32,9,10,31,41
220701,8,5,5,2,0,1,1,2,2,3,1,4
220710,8,5,5,0,0,0,1,0,1,0,1,1
220792,8,5,5,180,336,0,0,516,0,180,336,516
220862,8,5,5,428,431,240,468,859,708,668,899,1567
220978,8,5,5,86,129,195,335,215,530,281,464,745
221519,8,5,5,11,2,3,3,13,6,14,5,19
221740,8,5,5,72,117,90,68,189,158,162,185,347
221759,8,5,5,469,578,469,477,1047,946,938,1055,1993
221768,8,5,5,17,43,47,70,60,117,64,113,177
221838,8,5,5,72,123,52,100,195,152,124,223,347
221847,8,5,5,24,45,119,161,69,280,143,206,349
221999,8,5,5,932,1194,66,173,2126,239,998,1367,2365
222178,8,5,5,12,60,67,143,72,210,79,203,282
222831,8,5,5,60,118,88,94,178,182,148,212,360
223223,8,5,5,310,444,6,1,754,7,316,445,761
223232,8,5,5,453,675,84,315,1128,399,537,990,1527
224147,8,5,5,66,94,215,324,160,539,281,418,699
224323,8,5,5,62,28,82,78,90,160,144,106,250
224527,8,5,5,5,4,12,9,9,21,17,13,30
224554,8,5,5,219,244,181,310,463,491,400,554,954
225247,8,5,5,25,67,10,11,92,21,35,78,113
225399,8,5,5,16,24,66,198,40,264,82,222,304
225414,8,5,5,117,181,139,251,298,390,256,432,688
225432,8,5,5,15,25,109,200,40,309,124,225,349
225511,8,5,5,940,998,335,418,1938,753,1275,1416,2691
225548,8,5,5,0,1,10,4,1,14,10,5,15
226383,8,5,5,1,10,6,29,11,35,7,39,46
226471,8,5,5,31,73,7,17,104,24,38,90,128
227216,8,5,5,1023,927,431,736,1950,1167,1454,1663,3117
227331,8,5,5,29,195,5,34,224,39,34,229,263
227368,8,5,5,306,427,292,576,733,868,598,1003,1601
227526,8,5,5,41,78,44,86,119,130,85,164,249
227757,8,5,5,858,529,81,47,1387,128,939,576,1515
227845,8,5,5,14,30,27,100,44,127,41,130,171
227863,8,5,5,40,35,37,55,75,92,77,90,167
227881,8,5,5,118,171,159,361,289,520,277,532,809
228042,8,5,5,2,9,1,0,11,1,3,9,12
228149,8,5,5,130,140,27,55,270,82,157,195,352
228194,8,5,5,141,149,35,36,290,71,176,185,361
228246,8,5,5,375,329,479,373,704,852,854,702,1556
228431,8,5,5,39,67,60,133,106,193,99,200,299
228459,8,5,5,331,519,193,339,850,532,524,858,1382
228501,8,5,5,10,15,20,43,25,63,30,58,88
228529,8,5,5,37,92,112,257,129,369,149,349,498
228635,8,5,5,404,524,36,61,928,97,440,585,1025
228644,8,5,5,410,602,26,56,1012,82,436,658,1094
228653,8,5,5,385,616,48,242,1001,290,433,858,1291
228705,8,5,5,133,69,80,87,202,167,213,156,369
228723,8,5,5,2514,1945,458,480,4459,938,2972,2425,5397
228769,8,5,5,1050,821,557,1179,1871,1736,1607,2000,3607
228778,8,5,5,2301,2142,79,97,4443,176,2380,2239,4619
228787,8,5,5,1685,1097,499,379,2782,878,2184,1476,3660
228796,8,5,5,237,261,263,375,498,638,500,636,1136
228802,8,5,5,98,168,98,215,266,313,196,383,579
228875,8,5,5,229,319,9,22,548,31,238,341,579
228909,8,5,5,384,582,10,42,966,52,394,624,1018
229018,8,5,5,43,54,64,119,97,183,107,173,280
229027,8,5,5,306,321,342,431,627,773,648,752,1400
229063,8,5,5,173,276,32,71,449,103,205,347,552
229115,8,5,5,803,666,226,403,1469,629,1029,1069,2098
229179,8,5,5,79,518,76,896,597,972,155,1414,1569
229267,8,5,5,5,6,5,9,11,14,10,15,25
229337,8,5,5,405,636,45,278,1041,323,450,914,1364
229780,8,5,5,13,20,21,18,33,39,34,38,72
229814,8,5,5,38,104,159,225,142,384,197,329,526
230038,8,5,5,480,298,322,179,778,501,802,477,1279
230171,8,5,5,13,5,3,4,18,7,16,9,25
230603,8,5,5,63,48,164,148,111,312,227,196,423
230728,8,5,5,231,216,300,308,447,608,531,524,1055
230764,8,5,5,1524,1443,254,238,2967,492,1778,1681,3459
230782,8,5,5,78,61,52,56,139,108,130,117,247
230807,8,5,5,27,65,9,12,92,21,36,77,113
230816,8,5,5,3,8,0,0,11,0,3,8,11
230834,8,5,5,3,2,20,53,5,73,23,55,78
230852,8,5,5,2,4,42,41,6,83,44,45,89
230913,8,5,5,0,7,9,39,7,48,9,46,55
230959,8,5,5,1,1,0,2,2,2,1,3,4
231059,8,5,5,7,6,7,15,13,22,14,21,35
231165,8,5,5,0,0,1,0,0,1,1,0,1
231174,8,5,5,301,445,51,83,746,134,352,528,880
231420,8,5,5,2,5,6,25,7,31,8,30,38
231581,8,5,5,0,1,0,0,1,0,0,1,1
231624,8,5,5,247,309,134,155,556,289,381,464,845
231712,8,5,5,1,2,2,2,3,4,3,4,7
232025,8,5,5,32,61,2,0,93,2,34,61,95
232043,8,5,5,3,15,11,55,18,66,14,70,84
232089,8,5,5,1,2,0,3,3,3,1,5,6
232186,8,5,5,854,881,684,1135,1735,1819,1538,2016,3554
232308,8,5,5,5,9,6,16,14,22,11,25,36
232557,8,5,5,1508,2530,1309,2447,4038,3756,2817,4977,7794
232566,8,5,5,15,32,46,104,47,150,61,136,197
232609,8,5,5,47,76,13,29,123,42,60,105,165
232706,8,5,5,48,137,23,96,185,119,71,233,304
232982,8,5,5,161,334,344,400,495,744,505,734,1239
233277,8,5,5,37,131,30,151,168,181,67,282,349
233374,8,5,5,93,107,23,43,200,66,116,150,266
233541,8,5,5,79,204,24,170,283,194,103,374,477
233921,8,5,5,1360,1012,355,209,2372,564,1715,1221,2936
234030,8,5,5,699,1193,225,390,1892,615,924,1583,2507
234076,8,5,5,1475,1409,160,262,2884,422,1635,1671,3306
234155,8,5,5,26,32,11,32,58,43,37,64,101
234207,8,5,5,104,68,0,0,172,0,104,68,172
234827,8,5,5,23,20,39,59,43,98,62,79,141
235097,8,5,5,158,407,58,103,565,161,216,510,726
235316,8,5,5,141,206,21,53,347,74,162,259,421
235547,8,5,5,28,208,0,22,236,22,28,230,258
236328,8,5,5,30,64,2,22,94,24,32,86,118
236452,8,5,5,4,6,9,18,10,27,13,24,37
236577,8,5,5,17,81,31,59,98,90,48,140,188
236595,8,5,5,177,430,172,286,607,458,349,716,1065
236896,8,5,5,7,20,2,4,27,6,9,24,33
236939,8,5,5,571,800,189,206,1371,395,760,1006,1766
237011,8,5,5,91,134,22,39,225,61,113,173,286
237066,8,5,5,17,21,14,22,38,36,31,43,74
237118,8,5,5,14,27,0,0,41,0,14,27,41
237181,8,5,5,0,0,5,1,0,6,5,1,6
237312,8,5,5,65,89,3,8,154,11,68,97,165
237330,8,5,5,3,29,16,42,32,58,19,71,90
237367,8,5,5,6,11,15,28,17,43,21,39,60
237385,8,5,5,1,0,0,2,1,2,1,2,3
237525,8,5,5,242,334,67,136,576,203,309,470,779
237792,8,5,5,7,34,11,49,41,60,18,83,101
237899,8,5,5,13,11,4,9,24,13,17,20,37
237969,8,5,5,4,9,1,5,13,6,5,14,19
238032,8,5,5,658,734,176,236,1392,412,834,970,1804
238193,8,5,5,16,146,6,38,162,44,22,184,206
238263,8,5,5,1,3,3,7,4,10,4,10,14
238430,8,5,5,5,12,17,64,17,81,22,76,98
238458,8,5,5,18,44,14,26,62,40,32,70,102
239071,8,5,5,5,1,22,19,6,41,27,20,47
239105,8,5,5,358,458,136,178,816,314,494,636,1130
239169,8,5,5,360,463,9,11,823,20,369,474,843
239318,8,5,5,8,8,15,9,16,24,23,17,40
239716,8,5,5,4,2,4,5,6,9,8,7,15
240107,8,5,5,33,90,15,51,123,66,48,141,189
240189,8,5,5,40,71,164,207,111,371,204,278,482
240268,8,5,5,0,19,60,62,19,122,60,81,141
240277,8,5,5,9,32,25,47,41,72,34,79,113
240329,8,5,5,25,46,61,121,71,182,86,167,253
240338,8,5,5,0,1,5,18,1,23,5,19,24
240365,8,5,5,17,73,60,158,90,218,77,231,308
240374,8,5,5,14,18,75,78,32,153,89,96,185
240417,8,5,5,17,37,35,104,54,139,52,141,193
240426,8,5,5,3,27,18,80,30,98,21,107,128
240444,8,5,5,2128,2143,413,484,4271,897,2541,2627,5168
240453,8,5,5,345,452,193,358,797,551,538,810,1348
240462,8,5,5,3,20,54,31,23,85,57,51,108
240471,8,5,5,9,31,19,45,40,64,28,76,104
240480,8,5,5,15,14,35,93,29,128,50,107,157
240727,8,5,5,278,294,74,121,572,195,352,415,767
241191,8,5,5,6,8,0,1,14,1,6,9,15
241225,8,5,5,7,10,6,10,17,16,13,20,33
241331,8,5,5,98,463,19,99,561,118,117,562,679
241377,8,5,5,4,13,2,8,17,10,6,21,27
241395,8,5,5,11,39,1,21,50,22,12,60,72
241410,8,5,5,138,228,31,85,366,116,169,313,482
241739,8,5,5,77,173,28,54,250,82,105,227,332
241766,8,5,5,7,5,2,1,12,3,9,6,15
241836,8,5,5,1,4,0,2,5,2,1,6,7
242617,8,5,5,23,62,6,14,85,20,29,76,105
242626,8,5,5,20,45,4,2,65,6,24,47,71
242635,8,5,5,22,47,2,10,69,12,24,57,81
242644,8,5,5,10,16,3,0,26,3,13,16,29
242653,8,5,5,67,135,17,59,202,76,84,194,278
242662,8,5,5,12,28,4,4,40,8,16,32,48
242680,8,5,5,14,16,1,2,30,3,15,18,33
242699,8,5,5,14,17,2,2,31,4,16,19,35
242705,8,5,5,2,1,3,8,3,11,5,9,14
242723,8,5,5,54,83,51,94,137,145,105,177,282
243203,8,5,5,238,443,8,13,681,21,246,456,702
243221,8,5,5,312,423,92,116,735,208,404,539,943
243346,8,5,5,41,132,18,39,173,57,59,171,230
243443,8,5,5,17,28,50,111,45,161,67,139,206
243577,8,5,5,92,56,52,26,148,78,144,82,226
243586,8,5,5,3,10,1,6,13,7,4,16,20
243601,8,5,5,141,276,38,79,417,117,179,355,534
243744,8,5,5,2486,2128,238,114,4614,352,2724,2242,4966
243780,8,5,5,1672,1097,1543,862,2769,2405,3215,1959,5174
243832,8,5,5,7,6,5,0,13,5,12,6,18
246789,8,5,5,0,0,7,4,0,11,7,4,11
248934,8,5,5,32,39,0,0,71,0,32,39,71
262086,8,5,5,61,255,104,387,316,491,165,642,807
262129,8,5,5,8,1,0,0,9,0,8,1,9
363907,8,5,5,2,4,0,7,6,7,2,11,13
363916,8,5,5,0,1,1,2,1,3,1,3,4
366003,8,5,5,1,1,1,1,2,2,2,2,4
366252,8,5,5,0,2,0,0,2,0,0,2,2
366711,8,5,5,72,192,35,76,264,111,107,268,375
367954,8,5,5,840,1654,27,63,2494,90,867,1717,2584
385415,8,5,5,283,320,67,76,603,143,350,396,746
399911,8,5,5,2,1,0,0,3,0,2,1,3
404222,8,5,5,35,79,2,1,114,3,37,80,117
408844,8,5,5,10,31,2,9,41,11,12,40,52
409254,8,5,5,0,11,1,56,11,57,1,67,68
409698,8,5,5,41,159,26,56,200,82,67,215,282
414878,8,5,5,491,128,950,316,619,1266,1441,444,1885
414966,8,5,5,3,1,3,4,4,7,6,5,11
416801,8,5,5,1,3,0,1,4,1,1,4,5
420246,8,5,5,24,146,4,10,170,14,28,156,184
423643,8,5,5,867,1151,11,25,2018,36,878,1176,2054
426314,8,5,5,300,155,168,103,455,271,468,258,726
433387,8,5,5,2373,6040,0,0,8413,0,2373,6040,8413
433420,8,5,5,0,1,0,0,1,0,0,1,1
433660,8,5,5,83,188,61,108,271,169,144,296,440
435000,8,5,5,164,176,7,18,340,25,171,194,365
438586,8,5,5,0,6,1,4,6,5,1,10,11
440031,8,5,5,82,141,1,6,223,7,83,147,230
440828,8,5,5,13,42,2,12,55,14,15,54,69
441131,8,5,5,15,29,8,26,44,34,23,55,78
441900,8,5,5,0,5,1,7,5,8,1,12,13
441937,8,5,5,16,31,37,46,47,83,53,77,130
442356,8,5,5,0,0,3,29,0,32,3,29,32
442930,8,5,5,2,4,0,0,6,0,2,4,6
443049,8,5,5,2,6,2,4,8,6,4,10,14
443058,8,5,5,2,2,6,3,4,9,8,5,13
445027,8,5,5,106,173,4,19,279,23,110,192,302
445133,8,5,5,1,4,5,6,5,11,6,10,16
445188,8,5,5,192,155,2,0,347,2,194,155,349
445267,8,5,5,11,11,19,37,22,56,30,48,78
447698,8,5,5,2,24,2,2,26,4,4,26,30
448673,8,5,5,1,7,1,7,8,8,2,14,16
449481,8,5,5,1,8,0,0,9,0,1,8,9
449889,8,5,5,406,1418,0,0,1824,0,406,1418,1824
449922,8,5,5,15,25,0,2,40,2,15,27,42
450571,8,5,5,0,9,1,3,9,4,1,12,13
450933,8,5,5,192,250,0,0,442,0,192,250,442
451079,8,5,5,3,12,0,0,15,0,3,12,15
451510,8,5,5,74,87,7,8,161,15,81,95,176
454227,8,5,5,20,155,239,2186,175,2425,259,2341,2600
455406,8,5,5,154,215,0,0,369,0,154,215,369
456481,8,5,5,0,2,2,2,2,4,2,4,6
456542,8,5,5,146,165,17,37,311,54,163,202,365
457299,8,5,5,2,0,0,0,2,0,2,0,2
458210,8,5,5,45,223,8,43,268,51,53,266,319
459736,8,5,5,225,375,17,25,600,42,242,400,642
459949,8,5,5,15,40,37,84,55,121,52,124,176
460349,8,5,5,2,20,40,112,22,152,42,132,174
461643,8,5,5,0,3,0,0,3,0,0,3,3
461883,8,5,5,10,14,0,0,24,0,10,14,24
474863,8,5,5,8,31,0,9,39,9,8,40,48
476975,8,5,5,22,39,219,369,61,588,241,408,649
477039,8,5,5,15,74,4,12,89,16,19,86,105
479956,8,5,5,52,60,725,680,112,1405,777,740,1517
480569,8,5,5,1,1,52,56,2,108,53,57,110
480657,8,5,5,1,6,0,1,7,1,1,7,8
480790,8,5,5,501,518,0,2,1019,2,501,520,1021
481535,8,5,5,9,12,0,0,21,0,9,12,21
482149,8,5,5,436,745,49,141,1181,190,485,886,1371
482158,8,5,5,17,31,25,24,48,49,42,55,97
482413,8,5,5,3,0,12,12,3,24,15,12,27
482431,8,5,5,1,1,5,12,2,17,6,13,19
482459,8,5,5,1,0,1,1,1,2,2,1,3
482468,8,5,5,1,0,1,1,1,2,2,1,3
482477,8,5,5,32,42,132,212,74,344,164,254,418
482556,8,5,5,1,0,1,2,1,3,2,2,4
482565,8,5,5,0,0,0,1,0,1,0,1,1
482574,8,5,5,0,0,3,1,0,4,3,1,4
482635,8,5,5,0,1,2,2,1,4,2,3,5
482653,8,5,5,0,1,1,1,1,2,1,2,3
482680,8,5,5,23,41,44,97,64,141,67,138,205
482705,8,5,5,17,34,650,892,51,1542,667,926,1593
482936,8,5,5,5,3,6,3,8,9,11,6,17
483036,8,5,5,2,13,23,49,15,72,25,62,87
483124,8,5,5,329,850,1055,2247,1179,3302,1384,3097,4481
483595,8,5,5,138,371,38,80,509,118,176,451,627
483975,8,5,5,220,233,5,1,453,6,225,234,459
484613,8,5,5,561,1694,0,0,2255,0,561,1694,2255
484631,8,5,5,4,19,0,0,23,0,4,19,23
484905,8,5,5,32,53,32,76,85,108,64,129,193
485768,8,5,5,83,65,0,0,148,0,83,65,148
486840,8,5,5,192,253,271,336,445,607,463,589,1052
487010,8,5,5,524,667,17,42,1191,59,541,709,1250
487524,8,5,5,9,20,20,67,29,87,29,87,116
487995,8,5,5,1,6,4,5,7,9,5,11,16
488031,8,5,5,4,12,0,0,16,0,4,12,16
489779,8,5,5,446,932,222,880,1378,1102,668,1812,2480
489858,8,5,5,112,236,1,1,348,2,113,237,350
490230,8,5,5,6,2,0,0,8,0,6,2,8
490601,8,5,5,217,191,3,0,408,3,220,191,411
490805,8,5,5,53,24,36,65,77,101,89,89,178
491808,8,5,5,0,11,1,0,11,1,1,11,12
492209,8,5,5,0,1,0,0,1,0,0,1,1
492689,8,5,5,129,158,0,1,287,1,129,159,288
493673,8,5,5,9,8,13,26,17,39,22,34,56
494010,8,5,5,23,38,1,0,61,1,24,38,62
494551,8,5,5,0,4,1,7,4,8,1,11,12
495314,8,5,5,127,105,0,0,232,0,127,105,232
496043,8,5,5,137,129,0,0,266,0,137,129,266
497107,8,5,5,0,0,0,12,0,12,0,12,12
497480,8,5,5,0,0,10,29,0,39,10,29,39
497790,8,5,5,0,1,0,0,1,0,0,1,1
498562,8,5,5,42,75,41,121,117,162,83,196,279
498571,8,5,5,59,231,115,406,290,521,174,637,811
100663,9,6,1,272,326,327,678,598,1005,599,1004,1603
100706,9,6,1,122,93,188,166,215,354,310,259,569
100751,9,6,1,319,304,276,497,623,773,595,801,1396
100760,9,6,1,3,16,7,34,19,41,10,50,60
100812,9,6,1,32,77,83,160,109,243,115,237,352
100830,9,6,1,37,89,63,128,126,191,100,217,317
100858,9,6,1,322,229,359,258,551,617,681,487,1168
100937,9,6,1,2,0,0,0,2,0,2,0,2
101143,9,6,1,22,19,19,33,41,52,41,52,93
101161,9,6,1,26,64,61,182,90,243,87,246,333
101189,9,6,1,86,132,31,60,218,91,117,192,309
101240,9,6,1,36,74,43,125,110,168,79,199,278
101286,9,6,1,12,58,31,174,70,205,43,232,275
101295,9,6,1,28,59,55,149,87,204,83,208,291
101301,9,6,1,5,22,4,53,27,57,9,75,84
101435,9,6,1,0,1,1,1,1,2,1,2,3
101453,9,6,1,3,0,10,1,3,11,13,1,14
101462,9,6,1,8,19,21,46,27,67,29,65,94
101480,9,6,1,59,103,72,123,162,195,131,226,357
101505,9,6,1,35,51,95,281,86,376,130,332,462
101514,9,6,1,48,59,151,253,107,404,199,312,511
101569,9,6,1,19,40,27,122,59,149,46,162,208
101587,9,6,1,137,592,29,79,729,108,166,671,837
101709,9,6,1,9,24,15,47,33,62,24,71,95
101736,9,6,1,10,20,27,80,30,107,37,100,137
101897,9,6,1,9,26,16,47,35,63,25,73,98
101912,9,6,1,12,12,6,2,24,8,18,14,32
101994,9,6,1,1,7,0,21,8,21,1,28,29
102030,9,6,1,30,50,17,97,80,114,47,147,194
102049,9,6,1,60,88,14,14,148,28,74,102,176
102067,9,6,1,15,39,34,96,54,130,49,135,184
102076,9,6,1,11,23,15,34,34,49,26,57,83
102094,9,6,1,176,709,79,224,885,303,255,933,1188
102234,9,6,1,3,7,8,3,10,11,11,10,21
102313,9,6,1,13,42,28,66,55,94,41,108,149
102368,9,6,1,147,351,385,550,498,935,532,901,1433
102377,9,6,1,18,27,1,2,45,3,19,29,48
102395,9,6,1,5,1,12,5,6,17,17,6,23
102429,9,6,1,8,28,36,86,36,122,44,114,158
102553,9,6,1,147,167,269,468,314,737,416,635,1051
102614,9,6,1,79,102,162,349,181,511,241,451,692
102632,9,6,1,18,24,49,122,42,171,67,146,213
103741,9,6,1,3,9,0,4,12,4,3,13,16
104151,9,6,1,936,763,571,483,1699,1054,1507,1246,2753
104160,9,6,1,33,42,120,277,75,397,153,319,472
104179,9,6,1,681,707,922,837,1388,1759,1603,1544,3147
104346,9,6,1,20,24,60,182,44,242,80,206,286
104391,9,6,1,0,8,0,0,8,0,0,8,8
104425,9,6,1,29,50,117,99,79,216,146,149,295
104443,9,6,1,0,7,1,6,7,7,1,13,14
104568,9,6,1,0,5,0,13,5,13,0,18,18
104577,9,6,1,56,23,55,91,79,146,111,114,225
104586,9,6,1,21,7,11,3,28,14,32,10,42
104708,9,6,1,69,64,267,486,133,753,336,550,886
104717,9,6,1,59,83,3313,10027,142,13340,3372,10110,13482
105145,9,6,1,34,56,121,282,90,403,155,338,493
105154,9,6,1,98,92,430,531,190,961,528,623,1151
105206,9,6,1,31,43,83,246,74,329,114,289,403
105297,9,6,1,20,72,23,89,92,112,43,161,204
105330,9,6,1,268,394,273,527,662,800,541,921,1462
105349,9,6,1,11,12,36,119,23,155,47,131,178
105428,9,6,1,77,84,184,434,161,618,261,518,779
105525,9,6,1,78,85,411,696,163,1107,489,781,1270
105659,9,6,1,129,17,0,0,146,0,129,17,146
105668,9,6,1,30,77,366,540,107,906,396,617,1013
105747,9,6,1,15,30,139,206,45,345,154,236,390
105792,9,6,1,13,22,76,118,35,194,89,140,229
106148,9,6,1,42,33,120,234,75,354,162,267,429
106245,9,6,1,145,201,170,334,346,504,315,535,850
106263,9,6,1,80,159,50,157,239,207,130,316,446
106324,9,6,1,0,3,0,1,3,1,0,4,4
106397,9,6,1,149,183,420,458,332,878,569,641,1210
106412,9,6,1,12,26,8,21,38,29,20,47,67
106449,9,6,1,21,35,20,52,56,72,41,87,128
106458,9,6,1,46,62,336,820,108,1156,382,882,1264
106467,9,6,1,40,107,62,156,147,218,102,263,365
106546,9,6,1,4,57,0,5,61,5,4,62,66
106625,9,6,1,18,42,11,27,60,38,29,69,98
106713,9,6,1,7,6,2,3,13,5,9,9,18
106908,9,6,1,2,28,0,2,30,2,2,30,32
107099,9,6,1,1,7,0,0,8,0,1,7,8
107141,9,6,1,12,27,34,52,39,86,46,79,125
107318,9,6,1,0,9,14,25,9,39,14,34,48
107512,9,6,1,0,2,1,0,2,1,1,2,3
107521,9,6,1,5,44,5,21,49,26,10,65,75
107558,9,6,1,1,0,1,2,1,3,2,2,4
107585,9,6,1,25,51,17,55,76,72,42,106,148
107600,9,6,1,10,16,1,6,26,7,11,22,33
107619,9,6,1,1,24,6,17,25,23,7,41,48
107664,9,6,1,54,104,67,186,158,253,121,290,411
107725,9,6,1,2,22,7,44,24,51,9,66,75
107743,9,6,1,1,18,5,8,19,13,6,26,32
107789,9,6,1,0,2,0,0,2,0,0,2,2
107974,9,6,1,8,23,5,44,31,49,13,67,80
107983,9,6,1,41,59,65,111,100,176,106,170,276
107992,9,6,1,2,15,9,19,17,28,11,34,45
108092,9,6,1,39,84,37,80,123,117,76,164,240
108232,9,6,1,152,154,191,345,306,536,343,499,842
108667,9,6,1,32,22,162,296,54,458,194,318,512
108807,9,6,1,48,64,228,270,112,498,276,334,610
108852,9,6,1,3,2,0,0,5,0,3,2,5
109208,9,6,1,101,179,1746,1246,280,2992,1847,1425,3272
109350,9,6,1,50,87,258,481,137,739,308,568,876
109785,9,6,1,115,293,118,372,408,490,233,665,898
109819,9,6,1,107,199,633,775,306,1408,740,974,1714
109907,9,6,1,33,106,58,146,139,204,91,252,343
109934,9,6,1,7,36,0,0,43,0,7,36,43
110097,9,6,1,58,54,116,95,112,211,174,149,323
110246,9,6,1,87,155,157,279,242,436,244,434,678
110316,9,6,1,52,185,15,121,237,136,67,306,373
110334,9,6,1,25,39,202,351,64,553,227,390,617
110361,9,6,1,188,380,88,212,568,300,276,592,868
110398,9,6,1,62,60,2,1,122,3,64,61,125
110404,9,6,1,92,31,0,0,123,0,92,31,123
110413,9,6,1,57,81,17,28,138,45,74,109,183
110422,9,6,1,85,49,26,14,134,40,111,63,174
110486,9,6,1,126,299,91,208,425,299,217,507,724
110495,9,6,1,105,300,89,191,405,280,194,491,685
110510,9,6,1,277,515,224,299,792,523,501,814,1315
110529,9,6,1,408,396,319,252,804,571,727,648,1375
110538,9,6,1,136,196,93,112,332,205,229,308,537
110547,9,6,1,227,488,266,505,715,771,493,993,1486
110556,9,6,1,275,384,163,210,659,373,438,594,1032
110565,9,6,1,374,462,507,755,836,1262,881,1217,2098
110574,9,6,1,308,488,226,345,796,571,534,833,1367
110583,9,6,1,493,682,464,549,1175,1013,957,1231,2188
110592,9,6,1,487,761,318,445,1248,763,805,1206,2011
110608,9,6,1,487,744,449,650,1231,1099,936,1394,2330
110617,9,6,1,383,550,357,454,933,811,740,1004,1744
110635,9,6,1,943,903,542,360,1846,902,1485,1263,2748
110644,9,6,1,717,765,107,85,1482,192,824,850,1674
110653,9,6,1,553,505,67,63,1058,130,620,568,1188
110662,9,6,1,1161,1149,238,106,2310,344,1399,1255,2654
110671,9,6,1,402,374,56,34,776,90,458,408,866
110680,9,6,1,689,507,86,50,1196,136,775,557,1332
110699,9,6,1,139,314,0,0,453,0,139,314,453
110705,9,6,1,261,255,45,31,516,76,306,286,592
110714,9,6,1,274,231,23,11,505,34,297,242,539
110918,9,6,1,0,0,1,2,0,3,1,2,3
111188,9,6,1,13,4,6,2,17,8,19,6,25
111434,9,6,1,8,22,120,253,30,373,128,275,403
111461,9,6,1,61,54,783,483,115,1266,844,537,1381
111513,9,6,1,0,10,0,6,10,6,0,16,16
111887,9,6,1,188,294,697,715,482,1412,885,1009,1894
111896,9,6,1,44,40,235,252,84,487,279,292,571
111920,9,6,1,33,64,506,418,97,924,539,482,1021
111939,9,6,1,84,195,384,803,279,1187,468,998,1466
111948,9,6,1,81,98,41,45,179,86,122,143,265
112075,9,6,1,86,162,48,37,248,85,134,199,333
112084,9,6,1,3,0,1,7,3,8,4,7,11
112172,9,6,1,37,95,205,270,132,475,242,365,607
112251,9,6,1,106,135,78,101,241,179,184,236,420
112367,9,6,1,4,2,6,29,6,35,10,31,41
112385,9,6,1,27,40,552,318,67,870,579,358,937
112561,9,6,1,17,35,53,95,52,148,70,130,200
112686,9,6,1,27,63,69,227,90,296,96,290,386
112826,9,6,1,16,60,91,274,76,365,107,334,441
113096,9,6,1,40,48,344,624,88,968,384,672,1056
113111,9,6,1,23,29,133,181,52,314,156,210,366
113193,9,6,1,36,45,232,246,81,478,268,291,559
113236,9,6,1,75,120,273,483,195,756,348,603,951
113333,9,6,1,89,145,279,432,234,711,368,577,945
113537,9,6,1,0,3,0,0,3,0,0,3,3
113573,9,6,1,62,112,197,417,174,614,259,529,788
113582,9,6,1,2,8,0,4,10,4,2,12,14
113634,9,6,1,65,74,387,476,139,863,452,550,1002
113698,9,6,1,46,66,2,18,112,20,48,84,132
113704,9,6,1,12,1,3,1,13,4,15,2,17
113856,9,6,1,92,136,1036,1234,228,2270,1128,1370,2498
113980,9,6,1,101,138,377,588,239,965,478,726,1204
114123,9,6,1,5,8,0,0,13,0,5,8,13
114266,9,6,1,28,45,169,295,73,464,197,340,537
114354,9,6,1,5,30,3,18,35,21,8,48,56
114433,9,6,1,2,5,73,45,7,118,75,50,125
114549,9,6,1,21,95,6,27,116,33,27,122,149
114716,9,6,1,75,126,668,339,201,1007,743,465,1208
114734,9,6,1,4,0,2,1,4,3,6,1,7
114761,9,6,1,1,12,0,0,13,0,1,12,13
114789,9,6,1,137,186,753,951,323,1704,890,1137,2027
114813,9,6,1,43,121,91,234,164,325,134,355,489
114859,9,6,1,87,99,399,533,186,932,486,632,1118
114938,9,6,1,31,31,189,177,62,366,220,208,428
114947,9,6,1,7,14,0,0,21,0,7,14,21
115001,9,6,1,120,206,173,265,326,438,293,471,764
115083,9,6,1,213,113,90,90,326,180,303,203,506
115126,9,6,1,31,38,222,341,69,563,253,379,632
115393,9,6,1,27,50,240,303,77,543,267,353,620
115755,9,6,1,98,132,44,73,230,117,142,205,347
115861,9,6,1,53,75,171,213,128,384,224,288,512
116439,9,6,1,27,31,169,194,58,363,196,225,421
116563,9,6,1,1,20,0,0,21,0,1,20,21
116846,9,6,1,9,6,4,1,15,5,13,7,20
117052,9,6,1,16,21,82,194,37,276,98,215,313
117104,9,6,1,11,12,6,0,23,6,17,12,29
117195,9,6,1,23,23,169,66,46,235,192,89,281
117247,9,6,1,59,92,297,533,151,830,356,625,981
117274,9,6,1,18,17,179,43,35,222,197,60,257
117645,9,6,1,158,292,569,875,450,1444,727,1167,1894
117672,9,6,1,28,20,20,19,48,39,48,39,87
117690,9,6,1,14,31,187,390,45,577,201,421,622
117706,9,6,1,53,94,356,541,147,897,409,635,1044
117715,9,6,1,7,44,110,345,51,455,117,389,506
117724,9,6,1,104,72,415,406,176,821,519,478,997
117733,9,6,1,59,111,382,762,170,1144,441,873,1314
117788,9,6,1,89,109,431,775,198,1206,520,884,1404
117803,9,6,1,0,0,8,37,0,45,8,37,45
117867,9,6,1,32,64,216,467,96,683,248,531,779
117894,9,6,1,21,35,108,230,56,338,129,265,394
117946,9,6,1,99,150,52,77,249,129,151,227,378
118347,9,6,1,11,26,65,153,37,218,76,179,255
118684,9,6,1,21,30,43,147,51,190,64,177,241
118718,9,6,1,53,131,129,362,184,491,182,493,675
118772,9,6,1,61,84,156,405,145,561,217,489,706
118930,9,6,1,31,43,142,280,74,422,173,323,496
118976,9,6,1,139,323,215,614,462,829,354,937,1291
119058,9,6,1,29,40,18,17,69,35,47,57,104
119067,9,6,1,46,54,180,253,100,433,226,307,533
119137,9,6,1,32,45,189,343,77,532,221,388,609
119164,9,6,1,143,215,607,838,358,1445,750,1053,1803
119216,9,6,1,106,168,240,606,274,846,346,774,1120
119331,9,6,1,16,35,52,129,51,181,68,164,232
120166,9,6,1,14,19,0,1,33,1,14,20,34
120184,9,6,1,2,5,10,19,7,29,12,24,36
120254,9,6,1,1,3,0,0,4,0,1,3,4
120290,9,6,1,37,41,185,181,78,366,222,222,444
120342,9,6,1,95,74,359,437,169,796,454,511,965
120403,9,6,1,10,9,1,1,19,2,11,10,21
120421,9,6,1,23,51,136,227,74,363,159,278,437
120865,9,6,1,6,18,6,15,24,21,12,33,45
120883,9,6,1,101,117,51,74,218,125,152,191,343
120953,9,6,1,68,11,565,67,79,632,633,78,711
120971,9,6,1,88,72,640,475,160,1115,728,547,1275
121044,9,6,1,112,144,498,826,256,1324,610,970,1580
121150,9,6,1,132,214,182,485,346,667,314,699,1013
121275,9,6,1,8,2,0,0,10,0,8,2,10
121309,9,6,1,42,53,69,135,95,204,111,188,299
121363,9,6,1,12,35,41,134,47,175,53,169,222
121619,9,6,1,83,105,1431,909,188,2340,1514,1014,2528
121628,9,6,1,23,23,0,0,46,0,23,23,46
121707,9,6,1,55,40,168,181,95,349,223,221,444
121886,9,6,1,60,72,908,507,132,1415,968,579,1547
121901,9,6,1,52,94,359,716,146,1075,411,810,1221
122180,9,6,1,71,146,504,877,217,1381,575,1023,1598
122205,9,6,1,68,73,290,529,141,819,358,602,960
122296,9,6,1,88,220,31,107,308,138,119,327,446
122339,9,6,1,51,57,450,601,108,1051,501,658,1159
122375,9,6,1,62,64,444,679,126,1123,506,743,1249
122384,9,6,1,70,31,604,457,101,1061,674,488,1162
122409,9,6,1,378,518,329,331,896,660,707,849,1556
122436,9,6,1,126,103,131,147,229,278,257,250,507
122597,9,6,1,373,458,241,319,831,560,614,777,1391
122612,9,6,1,127,191,115,213,318,328,242,404,646
122658,9,6,1,98,202,167,467,300,634,265,669,934
122728,9,6,1,37,39,18,25,76,43,55,64,119
122746,9,6,1,45,58,203,352,103,555,248,410,658
122755,9,6,1,385,632,482,838,1017,1320,867,1470,2337
122791,9,6,1,20,27,148,213,47,361,168,240,408
122889,9,6,1,48,75,203,330,123,533,251,405,656
122931,9,6,1,116,135,84,123,251,207,200,258,458
122977,9,6,1,156,176,531,859,332,1390,687,1035,1722
123013,9,6,1,66,105,488,606,171,1094,554,711,1265
123165,9,6,1,2,0,1,0,2,1,3,0,3
123217,9,6,1,57,96,248,387,153,635,305,483,788
123341,9,6,1,70,99,264,415,169,679,334,514,848
123457,9,6,1,10,30,5,11,40,16,15,41,56
123484,9,6,1,16,16,38,37,32,75,54,53,107
123509,9,6,1,26,50,162,273,76,435,188,323,511
123563,9,6,1,27,84,218,324,111,542,245,408,653
123572,9,6,1,67,104,55,94,171,149,122,198,320
123800,9,6,1,94,172,340,485,266,825,434,657,1091
123916,9,6,1,3,5,1,5,8,6,4,10,14
123952,9,6,1,28,17,5,0,45,5,33,17,50
123961,9,6,1,1230,1391,449,512,2621,961,1679,1903,3582
124113,9,6,1,9,46,263,174,55,437,272,220,492
124283,9,6,1,11,5,2,1,16,3,13,6,19
124487,9,6,1,0,1,5,2,1,7,5,3,8
125028,9,6,1,39,47,191,410,86,601,230,457,687
125231,9,6,1,454,2626,647,3430,3080,4077,1101,6056,7157
125462,9,6,1,1,13,89,87,14,176,90,100,190
125471,9,6,1,59,100,302,535,159,837,361,635,996
125499,9,6,1,11,23,96,169,34,265,107,192,299
125763,9,6,1,4,6,6,3,10,9,10,9,19
125897,9,6,1,23,18,3,5,41,8,26,23,49
126012,9,6,1,28,117,0,0,145,0,28,117,145
126119,9,6,1,20,49,89,224,69,313,109,273,382
126182,9,6,1,48,119,66,84,167,150,114,203,317
126207,9,6,1,60,61,73,154,121,227,133,215,348
126289,9,6,1,60,83,126,332,143,458,186,415,601
126562,9,6,1,426,513,570,947,939,1517,996,1460,2456
126580,9,6,1,197,187,224,261,384,485,421,448,869
126614,9,6,1,360,209,723,430,569,1153,1083,639,1722
126711,9,6,1,38,46,95,212,84,307,133,258,391
126748,9,6,1,11,22,7,25,33,32,18,47,65
126775,9,6,1,190,72,79,18,262,97,269,90,359
126818,9,6,1,372,362,646,679,734,1325,1018,1041,2059
126827,9,6,1,1110,2067,571,1133,3177,1704,1681,3200,4881
126863,9,6,1,45,43,70,193,88,263,115,236,351
126915,9,6,1,2,8,0,8,10,8,2,16,18
126942,9,6,1,53,94,143,292,147,435,196,386,582
126951,9,6,1,65,14,0,0,79,0,65,14,79
127185,9,6,1,23,36,21,28,59,49,44,64,108
127200,9,6,1,139,161,290,522,300,812,429,683,1112
127316,9,6,1,4,5,7,29,9,36,11,34,45
127389,9,6,1,1,3,3,8,4,11,4,11,15
127556,9,6,1,75,93,66,92,168,158,141,185,326
127565,9,6,1,329,415,328,539,744,867,657,954,1611
127617,9,6,1,3,24,15,26,27,41,18,50,68
127653,9,6,1,42,94,29,64,136,93,71,158,229
127714,9,6,1,1,5,26,36,6,62,27,41,68
127732,9,6,1,5,6,11,51,11,62,16,57,73
127741,9,6,1,77,124,111,343,201,454,188,467,655
127778,9,6,1,6,15,11,19,21,30,17,34,51
127820,9,6,1,169,214,250,450,383,700,419,664,1083
127884,9,6,1,80,103,124,264,183,388,204,367,571
127909,9,6,1,83,65,159,186,148,345,242,251,493
127918,9,6,1,121,236,84,133,357,217,205,369,574
128106,9,6,1,55,130,105,231,185,336,160,361,521
128258,9,6,1,23,23,27,41,46,68,50,64,114
128337,9,6,1,0,5,0,2,5,2,0,7,7
128498,9,6,1,17,64,10,15,81,25,27,79,106
128577,9,6,1,10,6,24,42,16,66,34,48,82
128744,9,6,1,64,104,54,134,168,188,118,238,356
128771,9,6,1,82,85,179,212,167,391,261,297,558
128780,9,6,1,15,45,43,165,60,208,58,210,268
128902,9,6,1,0,0,0,1,0,1,0,1,1
129020,9,6,1,380,375,273,290,755,563,653,665,1318
129154,9,6,1,10,33,50,471,43,521,60,504,564
129181,9,6,1,16,1,8,2,17,10,24,3,27
129215,9,6,1,18,12,7,17,30,24,25,29,54
129242,9,6,1,26,33,49,75,59,124,75,108,183
129349,9,6,1,0,9,0,5,9,5,0,14,14
129367,9,6,1,13,28,54,222,41,276,67,250,317
129428,9,6,1,0,0,15,1,0,16,15,1,16
129491,9,6,1,9,0,6,1,9,7,15,1,16
129525,9,6,1,28,51,87,131,79,218,115,182,297
129543,9,6,1,12,52,62,163,64,225,74,215,289
129695,9,6,1,10,31,73,165,41,238,83,196,279
129729,9,6,1,29,33,80,242,62,322,109,275,384
129756,9,6,1,11,8,24,79,19,103,35,87,122
129774,9,6,1,2,4,1,2,6,3,3,6,9
129808,9,6,1,12,15,55,155,27,210,67,170,237
129923,9,6,1,8,20,4,12,28,16,12,32,44
129941,9,6,1,137,110,87,98,247,185,224,208,432
130004,9,6,1,8,23,71,170,31,241,79,193,272
130040,9,6,1,4,8,10,58,12,68,14,66,80
130183,9,6,1,244,1017,472,1133,1261,1605,716,2150,2866
130217,9,6,1,8,8,23,57,16,80,31,65,96
130226,9,6,1,72,77,60,139,149,199,132,216,348
130253,9,6,1,66,79,89,304,145,393,155,383,538
130314,9,6,1,24,59,20,72,83,92,44,131,175
130396,9,6,1,16,38,103,332,54,435,119,370,489
130590,9,6,1,2,1,5,7,3,12,7,8,15
130606,9,6,1,8,30,60,128,38,188,68,158,226
130697,9,6,1,15,11,2,4,26,6,17,15,32
130776,9,6,1,22,27,36,69,49,105,58,96,154
130794,9,6,1,617,603,26,32,1220,58,643,635,1278
130934,9,6,1,28,84,8,22,112,30,36,106,142
130943,9,6,1,338,301,87,99,639,186,425,400,825
130989,9,6,1,2,16,55,58,18,113,57,74,131
131113,9,6,1,210,309,541,1093,519,1634,751,1402,2153
131399,9,6,1,71,97,78,252,168,330,149,349,498
131450,9,6,1,39,42,17,27,81,44,56,69,125
131469,9,6,1,455,450,638,942,905,1580,1093,1392,2485
131496,9,6,1,646,472,501,528,1118,1029,1147,1000,2147
131520,9,6,1,147,213,43,100,360,143,190,313,503
132471,9,6,1,146,257,89,228,403,317,235,485,720
132693,9,6,1,109,126,221,428,235,649,330,554,884
132709,9,6,1,169,289,489,1155,458,1644,658,1444,2102
132842,9,6,1,15,76,12,58,91,70,27,134,161
132851,9,6,1,45,66,51,177,111,228,96,243,339
132879,9,6,1,1,0,2,0,1,2,3,0,3
132903,9,6,1,527,531,791,1184,1058,1975,1318,1715,3033
133021,9,6,1,6,14,20,51,20,71,26,65,91
133386,9,6,1,116,119,194,415,235,609,310,534,844
133492,9,6,1,0,2,0,0,2,0,0,2,2
133508,9,6,1,52,85,182,396,137,578,234,481,715
133553,9,6,1,119,25,30,8,144,38,149,33,182
133650,9,6,1,83,150,34,56,233,90,117,206,323
133702,9,6,1,204,314,447,1079,518,1526,651,1393,2044
133711,9,6,1,6,13,0,3,19,3,6,16,22
133809,9,6,1,0,0,2,1,0,3,2,1,3
133872,9,6,1,25,72,19,78,97,97,44,150,194
133881,9,6,1,94,73,251,569,167,820,345,642,987
133960,9,6,1,9,11,13,54,20,67,22,65,87
134097,9,6,1,445,432,384,624,877,1008,829,1056,1885
134130,9,6,1,893,725,582,926,1618,1508,1475,1651,3126
134343,9,6,1,29,68,60,153,97,213,89,221,310
134495,9,6,1,245,247,289,629,492,918,534,876,1410
134608,9,6,1,82,98,205,441,180,646,287,539,826
135160,9,6,1,9,36,47,123,45,170,56,159,215
135188,9,6,1,14,29,43,135,43,178,57,164,221
135391,9,6,1,52,97,117,307,149,424,169,404,573
135407,9,6,1,31,41,1,0,72,1,32,41,73
135610,9,6,1,1,7,7,3,8,10,8,10,18
135717,9,6,1,233,459,656,1302,692,1958,889,1761,2650
135726,9,6,1,389,371,70,118,760,188,459,489,948
136109,9,6,1,0,3,0,9,3,9,0,12,12
136145,9,6,1,4,17,14,52,21,66,18,69,87
136172,9,6,1,86,138,156,260,224,416,242,398,640
136233,9,6,1,42,58,87,167,100,254,129,225,354
136330,9,6,1,27,60,16,30,87,46,43,90,133
136358,9,6,1,164,158,398,932,322,1330,562,1090,1652
136400,9,6,1,59,62,101,210,121,311,160,272,432
136473,9,6,1,80,142,116,299,222,415,196,441,637
136516,9,6,1,49,97,117,290,146,407,166,387,553
136659,9,6,1,7,11,10,5,18,15,17,16,33
136701,9,6,1,15,0,2,0,15,2,17,0,17
136950,9,6,1,11,27,30,23,38,53,41,50,91
137078,9,6,1,213,331,569,1175,544,1744,782,1506,2288
137096,9,6,1,84,76,167,281,160,448,251,357,608
137209,9,6,1,109,97,315,519,206,834,424,616,1040
137281,9,6,1,14,35,49,164,49,213,63,199,262
137351,9,6,1,584,641,531,855,1225,1386,1115,1496,2611
137546,9,6,1,42,41,20,29,83,49,62,70,132
137564,9,6,1,46,77,72,81,123,153,118,158,276
137591,9,6,1,5,18,0,10,23,10,5,28,33
137759,9,6,1,36,68,103,218,104,321,139,286,425
138187,9,6,1,222,308,648,1243,530,1891,870,1551,2421
138275,9,6,1,3,8,8,8,11,16,11,16,27
138309,9,6,1,115,654,108,710,769,818,223,1364,1587
138354,9,6,1,120,227,330,597,347,927,450,824,1274
138558,9,6,1,8,16,10,54,24,64,18,70,88
138600,9,6,1,2,13,0,3,15,3,2,16,18
138682,9,6,1,31,88,48,131,119,179,79,219,298
138716,9,6,1,17,133,27,170,150,197,44,303,347
138761,9,6,1,0,3,0,7,3,7,0,10,10
138840,9,6,1,72,82,74,255,154,329,146,337,483
138929,9,6,1,12,20,10,18,32,28,22,38,60
138938,9,6,1,0,24,1,28,24,29,1,52,53
138947,9,6,1,17,28,13,34,45,47,30,62,92
138956,9,6,1,47,81,106,176,128,282,153,257,410
139144,9,6,1,1,4,4,7,5,11,5,11,16
139199,9,6,1,27,139,17,112,166,129,44,251,295
139205,9,6,1,4,2,11,1,6,12,15,3,18
139250,9,6,1,16,44,26,85,60,111,42,129,171
139278,9,6,1,32,76,88,245,108,333,120,321,441
139311,9,6,1,54,166,59,165,220,224,113,331,444
139357,9,6,1,20,75,45,167,95,212,65,242,307
139366,9,6,1,84,129,136,176,213,312,220,305,525
139384,9,6,1,41,98,66,187,139,253,107,285,392
139393,9,6,1,1,2,0,2,3,2,1,4,5
139463,9,6,1,23,37,32,77,60,109,55,114,169
139506,9,6,1,10,6,0,0,16,0,10,6,16
139621,9,6,1,3,12,11,10,15,21,14,22,36
139658,9,6,1,377,475,135,136,852,271,512,611,1123
139700,9,6,1,17,60,49,152,77,201,66,212,278
139719,9,6,1,12,36,13,29,48,42,25,65,90
139755,9,6,1,635,261,3423,1282,896,4705,4058,1543,5601
139764,9,6,1,7,80,44,85,87,129,51,165,216
139861,9,6,1,15,21,32,98,36,130,47,119,166
139931,9,6,1,172,279,193,433,451,626,365,712,1077
139940,9,6,1,513,738,331,561,1251,892,844,1299,2143
139959,9,6,1,480,550,194,322,1030,516,674,872,1546
139986,9,6,1,27,96,62,261,123,323,89,357,446
140012,9,6,1,57,76,155,386,133,541,212,462,674
140146,9,6,1,6,5,5,4,11,9,11,9,20
140234,9,6,1,10,18,0,4,28,4,10,22,32
140243,9,6,1,15,36,57,134,51,191,72,170,242
140252,9,6,1,85,70,23,29,155,52,108,99,207
140331,9,6,1,70,84,134,322,154,456,204,406,610
140447,9,6,1,129,295,74,230,424,304,203,525,728
140562,9,6,1,32,47,1,5,79,6,33,52,85
140678,9,6,1,26,35,25,89,61,114,51,124,175
140696,9,6,1,5,7,3,2,12,5,8,9,17
140720,9,6,1,5,4,0,3,9,3,5,7,12
140818,9,6,1,6,38,27,96,44,123,33,134,167
140942,9,6,1,46,59,62,219,105,281,108,278,386
140951,9,6,1,98,141,49,134,239,183,147,275,422
140960,9,6,1,18,28,16,28,46,44,34,56,90
140988,9,6,1,10,12,2,7,22,9,12,19,31
141006,9,6,1,12,30,25,46,42,71,37,76,113
141060,9,6,1,0,4,34,118,4,152,34,122,156
141255,9,6,1,17,68,81,134,85,215,98,202,300
141264,9,6,1,61,147,131,334,208,465,192,481,673
141334,9,6,1,79,152,139,398,231,537,218,550,768
141565,9,6,1,32,40,37,64,72,101,69,104,173
141574,9,6,1,232,291,286,411,523,697,518,702,1220
141644,9,6,1,85,71,51,58,156,109,136,129,265
141680,9,6,1,48,21,112,106,69,218,160,127,287
141796,9,6,1,43,64,120,287,107,407,163,351,514
141802,9,6,1,4,3,16,40,7,56,20,43,63
141811,9,6,1,46,56,101,243,102,344,147,299,446
141839,9,6,1,12,19,29,92,31,121,41,111,152
141981,9,6,1,42,65,46,97,107,143,88,162,250
141990,9,6,1,2,8,37,111,10,148,39,119,158
142115,9,6,1,257,286,372,497,543,869,629,783,1412
142179,9,6,1,13,25,21,73,38,94,34,98,132
142276,9,6,1,209,211,157,191,420,348,366,402,768
142285,9,6,1,212,148,138,124,360,262,350,272,622
142407,9,6,1,1,3,0,0,4,0,1,3,4
142443,9,6,1,21,44,49,119,65,168,70,163,233
142461,9,6,1,11,39,18,59,50,77,29,98,127
142522,9,6,1,217,130,1143,1167,347,2310,1360,1297,2657
142559,9,6,1,38,49,61,168,87,229,99,217,316
142832,9,6,1,41,142,32,112,183,144,73,254,327
142887,9,6,1,0,1,0,0,1,0,0,1,1
143118,9,6,1,25,152,59,191,177,250,84,343,427
143215,9,6,1,47,76,138,249,123,387,185,325,510
143279,9,6,1,14,35,48,115,49,163,62,150,212
143288,9,6,1,1,8,0,0,9,0,1,8,9
143358,9,6,1,20,24,22,138,44,160,42,162,204
143376,9,6,1,1,11,0,10,12,10,1,21,22
143613,9,6,1,8,28,9,37,36,46,17,65,82
143853,9,6,1,69,101,1,4,170,5,70,105,175
144050,9,6,1,879,542,370,178,1421,548,1249,720,1969
144157,9,6,1,24,51,34,100,75,134,58,151,209
144166,9,6,1,52,173,111,414,225,525,163,587,750
144175,9,6,1,26,45,42,118,71,160,68,163,231
144184,9,6,1,35,71,236,384,106,620,271,455,726
144193,9,6,1,55,48,97,209,103,306,152,257,409
144209,9,6,1,25,47,91,166,72,257,116,213,329
144218,9,6,1,36,63,179,339,99,518,215,402,617
144351,9,6,1,19,40,252,422,59,674,271,462,733
144564,9,6,1,15,32,33,39,47,72,48,71,119
144740,9,6,1,387,424,271,298,811,569,658,722,1380
144865,9,6,1,81,125,366,589,206,955,447,714,1161
144883,9,6,1,7,10,0,0,17,0,7,10,17
144892,9,6,1,59,79,87,183,138,270,146,262,408
144944,9,6,1,32,30,174,286,62,460,206,316,522
144962,9,6,1,27,42,41,41,69,82,68,83,151
144971,9,6,1,1,0,1,3,1,4,2,3,5
145099,9,6,1,1,20,0,0,21,0,1,20,21
145336,9,6,1,52,128,94,175,180,269,146,303,449
145372,9,6,1,3,6,7,15,9,22,10,21,31
145521,9,6,1,5,6,16,36,11,52,21,42,63
145558,9,6,1,91,93,3,4,184,7,94,97,191
145600,9,6,1,528,677,335,559,1205,894,863,1236,2099
145619,9,6,1,15,29,68,127,44,195,83,156,239
145637,9,6,1,946,669,1050,740,1615,1790,1996,1409,3405
145682,9,6,1,18,35,77,233,53,310,95,268,363
145691,9,6,1,2,6,4,7,8,11,6,13,19
145707,9,6,1,5,13,5,24,18,29,10,37,47
145813,9,6,1,105,112,85,170,217,255,190,282,472
145831,9,6,1,9,16,44,61,25,105,53,77,130
145886,9,6,1,4,11,1,0,15,1,5,11,16
146205,9,6,1,20,47,37,74,67,111,57,121,178
146278,9,6,1,18,18,19,59,36,78,37,77,114
146296,9,6,1,24,60,150,286,84,436,174,346,520
146339,9,6,1,19,28,1,13,47,14,20,41,61
146348,9,6,1,13,16,38,107,29,145,51,123,174
146366,9,6,1,18,29,32,70,47,102,50,99,149
146418,9,6,1,10,19,38,81,29,119,48,100,148
146427,9,6,1,1,1,1,0,2,1,2,1,3
146472,9,6,1,22,59,222,447,81,669,244,506,750
146481,9,6,1,5,2,2,1,7,3,7,3,10
146490,9,6,1,0,0,24,20,0,44,24,20,44
146506,9,6,1,22,57,25,70,79,95,47,127,174
146533,9,6,1,0,8,1,3,8,4,1,11,12
146603,9,6,1,15,20,31,82,35,113,46,102,148
146612,9,6,1,98,90,105,189,188,294,203,279,482
146685,9,6,1,36,31,66,227,67,293,102,258,360
146700,9,6,1,61,18,0,0,79,0,61,18,79
146719,9,6,1,199,339,70,178,538,248,269,517,786
147004,9,6,1,15,23,92,192,38,284,107,215,322
147013,9,6,1,9,33,11,43,42,54,20,76,96
147129,9,6,1,3,26,2,40,29,42,5,66,71
147244,9,6,1,5,14,4,11,19,15,9,25,34
147369,9,6,1,45,28,72,46,73,118,117,74,191
147378,9,6,1,19,42,123,237,61,360,142,279,421
147411,9,6,1,5,6,36,77,11,113,41,83,124
147536,9,6,1,96,314,77,397,410,474,173,711,884
147590,9,6,1,36,43,1,6,79,7,37,49,86
147660,9,6,1,14,20,5,5,34,10,19,25,44
147679,9,6,1,12,18,35,87,30,122,47,105,152
147776,9,6,1,89,123,160,304,212,464,249,427,676
147800,9,6,1,18,36,171,317,54,488,189,353,542
147828,9,6,1,4,19,23,79,23,102,27,98,125
147916,9,6,1,33,42,77,155,75,232,110,197,307
148007,9,6,1,12,30,62,109,42,171,74,139,213
148131,9,6,1,2,9,12,23,11,35,14,32,46
148256,9,6,1,10,30,9,38,40,47,19,68,87
148292,9,6,1,7,37,29,87,44,116,36,124,160
148380,9,6,1,38,38,150,190,76,340,188,228,416
148487,9,6,1,40,76,49,144,116,193,89,220,309
148511,9,6,1,83,129,39,279,212,318,122,408,530
148575,9,6,1,1,4,4,29,5,33,5,33,38
148627,9,6,1,11,23,18,56,34,74,29,79,108
148654,9,6,1,74,79,154,141,153,295,228,220,448
148672,9,6,1,6,13,19,27,19,46,25,40,65
148821,9,6,1,4,19,9,30,23,39,13,49,62
148876,9,6,1,2,67,6,32,69,38,8,99,107
148937,9,6,1,7,11,16,25,18,41,23,36,59
148991,9,6,1,3,9,18,42,12,60,21,51,72
149222,9,6,1,212,232,202,174,444,376,414,406,820
149231,9,6,1,83,116,154,290,199,444,237,406,643
149310,9,6,1,16,13,0,0,29,0,16,13,29
149365,9,6,1,10,39,21,95,49,116,31,134,165
149532,9,6,1,38,56,274,297,94,571,312,353,665
149727,9,6,1,11,20,126,245,31,371,137,265,402
149772,9,6,1,128,109,107,189,237,296,235,298,533
149781,9,6,1,15,7,23,35,22,58,38,42,80
149842,9,6,1,29,53,177,412,82,589,206,465,671
150136,9,6,1,75,117,195,546,192,741,270,663,933
150163,9,6,1,13,15,44,57,28,101,57,72,129
150172,9,6,1,2,6,16,9,8,25,18,15,33
150215,9,6,1,6,9,4,3,15,7,10,12,22
150534,9,6,1,16,19,5,3,35,8,21,22,43
150604,9,6,1,2,3,0,1,5,1,2,4,6
150668,9,6,1,0,9,2,9,9,11,2,18,20
150677,9,6,1,7,12,23,18,19,41,30,30,60
150765,9,6,1,0,8,0,0,8,0,0,8,8
150941,9,6,1,4,14,8,18,18,26,12,32,44
150987,9,6,1,377,876,2233,2861,1253,5094,2610,3737,6347
151111,9,6,1,324,419,328,556,743,884,652,975,1627
151263,9,6,1,28,31,33,109,59,142,61,140,201
151290,9,6,1,45,39,33,33,84,66,78,72,150
151306,9,6,1,47,51,140,208,98,348,187,259,446
151324,9,6,1,78,95,146,202,173,348,224,297,521
151333,9,6,1,22,32,22,44,54,66,44,76,120
151342,9,6,1,35,72,57,105,107,162,92,177,269
151351,9,6,1,666,393,622,472,1059,1094,1288,865,2153
151360,9,6,1,18,63,30,95,81,125,48,158,206
151379,9,6,1,35,28,71,97,63,168,106,125,231
151388,9,6,1,22,60,92,110,82,202,114,170,284
151661,9,6,1,48,9,0,0,57,0,48,9,57
151777,9,6,1,8,23,1,4,31,5,9,27,36
151962,9,6,1,14,40,4,8,54,12,18,48,66
152080,9,6,1,340,210,26,25,550,51,366,235,601
152318,9,6,1,1,1,0,0,2,0,1,1,2
152336,9,6,1,11,46,8,40,57,48,19,86,105
152390,9,6,1,0,3,0,6,3,6,0,9,9
152451,9,6,1,26,0,3,1,26,4,29,1,30
152567,9,6,1,9,15,1,3,24,4,10,18,28
152600,9,6,1,20,19,11,11,39,22,31,30,61
152637,9,6,1,45,59,71,83,104,154,116,142,258
152798,9,6,1,4,25,2,21,29,23,6,46,52
152992,9,6,1,6,1,7,25,7,32,13,26,39
153001,9,6,1,6,83,23,96,89,119,29,179,208
153083,9,6,1,0,10,0,0,10,0,0,10,10
153108,9,6,1,0,1,0,0,1,0,0,1,1
153126,9,6,1,1,6,5,12,7,17,6,18,24
153144,9,6,1,1,0,0,0,1,0,1,0,1
153162,9,6,1,0,2,0,0,2,0,0,2,2
153214,9,6,1,83,131,220,423,214,643,303,554,857
153241,9,6,1,7,15,1,3,22,4,8,18,26
153250,9,6,1,1,0,19,26,1,45,20,26,46
153269,9,6,1,26,27,60,114,53,174,86,141,227
153302,9,6,1,1,0,0,0,1,0,1,0,1
153311,9,6,1,29,92,53,163,121,216,82,255,337
153366,9,6,1,2,34,7,34,36,41,9,68,77
153445,9,6,1,27,48,20,71,75,91,47,119,166
153472,9,6,1,21,41,7,34,62,41,28,75,103
153524,9,6,1,38,56,32,77,94,109,70,133,203
153533,9,6,1,2,15,4,16,17,20,6,31,37
153621,9,6,1,5,4,2,11,9,13,7,15,22
153630,9,6,1,24,38,21,114,62,135,45,152,197
153658,9,6,1,317,315,472,393,632,865,789,708,1497
153737,9,6,1,76,98,125,258,174,383,201,356,557
153825,9,6,1,4,4,1,3,8,4,5,7,12
153834,9,6,1,1,0,0,3,1,3,1,3,4
154004,9,6,1,4,10,47,145,14,192,51,155,206
154013,9,6,1,7,30,17,43,37,60,24,73,97
154110,9,6,1,20,24,13,82,44,95,33,106,139
154174,9,6,1,100,57,5,2,157,7,105,59,164
154235,9,6,1,14,28,11,14,42,25,25,42,67
154262,9,6,1,0,6,0,18,6,18,0,24,24
154350,9,6,1,7,4,7,3,11,10,14,7,21
154396,9,6,1,5,16,2,29,21,31,7,45,52
154493,9,6,1,54,162,102,144,216,246,156,306,462
154527,9,6,1,0,4,1,0,4,1,1,4,5
154572,9,6,1,36,50,29,112,86,141,65,162,227
154697,9,6,1,34,56,129,181,90,310,163,237,400
154712,9,6,1,0,0,3,4,0,7,3,4,7
154749,9,6,1,0,3,0,0,3,0,0,3,3
154800,9,6,1,34,74,89,216,108,305,123,290,413
154907,9,6,1,4,13,3,23,17,26,7,36,43
154925,9,6,1,9,10,2,5,19,7,11,15,26
154934,9,6,1,13,13,3,36,26,39,16,49,65
154952,9,6,1,21,21,20,65,42,85,41,86,127
154998,9,6,1,9,8,21,29,17,50,30,37,67
155025,9,6,1,38,90,118,227,128,345,156,317,473
155052,9,6,1,5,10,2,6,15,8,7,16,23
155089,9,6,1,10,28,19,43,38,62,29,71,100
155098,9,6,1,4,11,3,15,15,18,7,26,33
155104,9,6,1,8,17,10,27,25,37,18,44,62
155140,9,6,1,10,9,0,7,19,7,10,16,26
155177,9,6,1,1,5,0,1,6,1,1,6,7
155195,9,6,1,26,47,77,116,73,193,103,163,266
155210,9,6,1,96,106,253,403,202,656,349,509,858
155292,9,6,1,31,45,76,153,76,229,107,198,305
155317,9,6,1,483,488,228,301,971,529,711,789,1500
155399,9,6,1,221,203,179,336,424,515,400,539,939
155414,9,6,1,3,3,5,3,6,8,8,6,14
155423,9,6,1,11,18,4,10,29,14,15,28,43
155487,9,6,1,3,13,3,5,16,8,6,18,24
155511,9,6,1,0,0,1,2,0,3,1,2,3
155566,9,6,1,4,8,7,29,12,36,11,37,48
155618,9,6,1,3,1,5,4,4,9,8,5,13
155715,9,6,1,1,2,8,33,3,41,9,35,44
155812,9,6,1,5,7,9,25,12,34,14,32,46
155858,9,6,1,7,15,12,40,22,52,19,55,74
155900,9,6,1,10,8,83,32,18,115,93,40,133
155973,9,6,1,0,0,1,1,0,2,1,1,2
156082,9,6,1,61,120,36,80,181,116,97,200,297
156107,9,6,1,74,47,60,96,121,156,134,143,277
156125,9,6,1,143,279,264,414,422,678,407,693,1100
156189,9,6,1,1,1,0,1,2,1,1,2,3
156213,9,6,1,1,15,36,51,16,87,37,66,103
156231,9,6,1,27,49,24,65,76,89,51,114,165
156286,9,6,1,19,20,16,53,39,69,35,73,108
156295,9,6,1,3,2,0,1,5,1,3,3,6
156338,9,6,1,36,61,46,123,97,169,82,184,266
156356,9,6,1,3,27,2,7,30,9,5,34,39
156392,9,6,1,109,160,167,338,269,505,276,498,774
156408,9,6,1,0,0,0,1,0,1,0,1,1
156426,9,6,1,0,11,0,10,11,10,0,21,21
156541,9,6,1,230,624,2017,1302,854,3319,2247,1926,4173
156620,9,6,1,148,229,195,301,377,496,343,530,873
156648,9,6,1,51,82,110,142,133,252,161,224,385
156745,9,6,1,0,2,18,41,2,59,18,43,61
156790,9,6,1,9,36,25,59,45,84,34,95,129
156842,9,6,1,1,9,1,4,10,5,2,13,15
156851,9,6,1,8,16,8,63,24,71,16,79,95
156860,9,6,1,24,44,43,96,68,139,67,140,207
156921,9,6,1,82,90,200,347,172,547,282,437,719
157030,9,6,1,1,0,1,0,1,1,2,0,2
157058,9,6,1,7,22,9,16,29,25,16,38,54
157076,9,6,1,4,8,0,0,12,0,4,8,12
157085,9,6,1,470,555,172,332,1025,504,642,887,1529
157216,9,6,1,77,84,18,68,161,86,95,152,247
157289,9,6,1,379,385,298,337,764,635,677,722,1399
157304,9,6,1,21,50,103,107,71,210,124,157,281
157331,9,6,1,28,45,28,120,73,148,56,165,221
157386,9,6,1,27,59,38,101,86,139,65,160,225
157401,9,6,1,56,98,111,169,154,280,167,267,434
157438,9,6,1,38,48,84,119,86,203,122,167,289
157447,9,6,1,110,215,298,698,325,996,408,913,1321
157483,9,6,1,20,84,146,138,104,284,166,222,388
157535,9,6,1,30,46,2,2,76,4,32,48,80
157553,9,6,1,38,57,25,50,95,75,63,107,170
157614,9,6,1,1,8,0,0,9,0,1,8,9
157650,9,6,1,0,6,0,7,6,7,0,13,13
157669,9,6,1,0,8,0,0,8,0,0,8,8
157678,9,6,1,0,8,0,0,8,0,0,8,8
157711,9,6,1,47,106,65,167,153,232,112,273,385
157739,9,6,1,21,63,30,63,84,93,51,126,177
157757,9,6,1,20,66,10,37,86,47,30,103,133
157951,9,6,1,88,139,142,223,227,365,230,362,592
158662,9,6,1,117,280,257,923,397,1180,374,1203,1577
158802,9,6,1,4,14,0,0,18,0,4,14,18
158884,9,6,1,16,46,29,121,62,150,45,167,212
159197,9,6,1,38,9,0,0,47,0,38,9,47
159382,9,6,1,50,155,43,173,205,216,93,328,421
159391,9,6,1,451,424,230,261,875,491,681,685,1366
159407,9,6,1,13,43,22,109,56,131,35,152,187
159647,9,6,1,60,56,26,38,116,64,86,94,180
159656,9,6,1,27,46,27,56,73,83,54,102,156
159717,9,6,1,37,83,30,91,120,121,67,174,241
159939,9,6,1,111,105,107,152,216,259,218,257,475
159966,9,6,1,26,85,29,89,111,118,55,174,229
159993,9,6,1,41,133,57,186,174,243,98,319,417
160010,9,6,1,13,4,19,37,17,56,32,41,73
160472,9,6,1,0,9,0,4,9,4,0,13,13
160579,9,6,1,25,82,38,82,107,120,63,164,227
160612,9,6,1,49,78,37,129,127,166,86,207,293
160621,9,6,1,79,113,59,105,192,164,138,218,356
160630,9,6,1,22,108,14,49,130,63,36,157,193
160649,9,6,1,25,128,19,112,153,131,44,240,284
160658,9,6,1,170,158,151,262,328,413,321,420,741
160667,9,6,1,28,50,23,31,78,54,51,81,132
160755,9,6,1,161,190,196,259,351,455,357,449,806
160904,9,6,1,21,52,1,7,73,8,22,59,81
161004,9,6,1,1,0,1,0,1,1,2,0,2
161077,9,6,1,8,41,36,84,49,120,44,125,169
161138,9,6,1,14,24,28,67,38,95,42,91,133
161192,9,6,1,12,13,27,90,25,117,39,103,142
161208,9,6,1,2,0,0,0,2,0,2,0,2
161217,9,6,1,37,96,114,208,133,322,151,304,455
161226,9,6,1,4,5,8,35,9,43,12,40,52
161235,9,6,1,6,15,11,50,21,61,17,65,82
161253,9,6,1,88,104,172,210,192,382,260,314,574
161299,9,6,1,7,1,2,1,8,3,9,2,11
161341,9,6,1,17,47,21,54,64,75,38,101,139
161457,9,6,1,108,189,77,181,297,258,185,370,555
161484,9,6,1,2,10,8,37,12,45,10,47,57
161493,9,6,1,0,5,2,4,5,6,2,9,11
161509,9,6,1,3,11,0,0,14,0,3,11,14
161545,9,6,1,32,46,118,210,78,328,150,256,406
161554,9,6,1,92,140,134,265,232,399,226,405,631
161572,9,6,1,166,469,19,61,635,80,185,530,715
161581,9,6,1,3,5,6,26,8,32,9,31,40
161688,9,6,1,12,17,16,122,29,138,28,139,167
161767,9,6,1,49,61,152,443,110,595,201,504,705
161864,9,6,1,13,49,54,319,62,373,67,368,435
161873,9,6,1,84,147,103,183,231,286,187,330,517
162104,9,6,1,6,10,22,68,16,90,28,78,106
162122,9,6,1,28,59,75,195,87,270,103,254,357
162168,9,6,1,0,6,17,83,6,100,17,89,106
162210,9,6,1,7,27,3,11,34,14,10,38,48
162283,9,6,1,11,60,14,62,71,76,25,122,147
162584,9,6,1,24,29,51,118,53,169,75,147,222
162654,9,6,1,5,4,36,121,9,157,41,125,166
162690,9,6,1,14,29,38,175,43,213,52,204,256
162706,9,6,1,10,29,48,194,39,242,58,223,281
162830,9,6,1,1,7,0,0,8,0,1,7,8
163028,9,6,1,40,5,26,6,45,32,66,11,77
163204,9,6,1,1004,777,4913,3646,1781,8559,5917,4423,10340
163259,9,6,1,194,373,81,286,567,367,275,659,934
163268,9,6,1,162,140,151,161,302,312,313,301,614
163286,9,6,1,743,653,256,268,1396,524,999,921,1920
163295,9,6,1,15,22,15,59,37,74,30,81,111
163338,9,6,1,22,40,20,27,62,47,42,67,109
163453,9,6,1,127,187,47,81,314,128,174,268,442
163462,9,6,1,29,11,16,30,40,46,45,41,86
163578,9,6,1,14,57,38,101,71,139,52,158,210
163851,9,6,1,30,85,19,55,115,74,49,140,189
163912,9,6,1,4,1,1,2,5,3,5,3,8
163976,9,6,1,8,0,2,0,8,2,10,0,10
164076,9,6,1,93,144,158,339,237,497,251,483,734
164085,9,6,1,2,11,6,91,13,97,8,102,110
164216,9,6,1,1,0,0,0,1,0,1,0,1
164270,9,6,1,30,88,28,95,118,123,58,183,241
164313,9,6,1,12,11,35,161,23,196,47,172,219
164465,9,6,1,4,0,0,0,4,0,4,0,4
164492,9,6,1,21,12,65,13,33,78,86,25,111
164599,9,6,1,0,0,1,3,0,4,1,3,4
164632,9,6,1,8,147,13,207,155,220,21,354,375
164739,9,6,1,22,25,44,52,47,96,66,77,143
164775,9,6,1,4,18,21,81,22,102,25,99,124
164845,9,6,1,0,6,0,1,6,1,0,7,7
164872,9,6,1,56,55,10,15,111,25,66,70,136
164915,9,6,1,5,8,4,7,13,11,9,15,24
164988,9,6,1,599,668,663,705,1267,1368,1262,1373,2635
165015,9,6,1,90,135,23,49,225,72,113,184,297
165024,9,6,1,46,105,100,194,151,294,146,299,445
165033,9,6,1,25,93,102,330,118,432,127,423,550
165112,9,6,1,80,95,210,444,175,654,290,539,829
165167,9,6,1,29,76,70,239,105,309,99,315,414
165194,9,6,1,12,13,54,142,25,196,66,155,221
165264,9,6,1,3,18,19,192,21,211,22,210,232
165334,9,6,1,54,62,16,19,116,35,70,81,151
165556,9,6,1,2,14,1,3,16,4,3,17,20
165662,9,6,1,34,161,10,100,195,110,44,261,305
165671,9,6,1,0,0,2,12,0,14,2,12,14
165820,9,6,1,53,61,202,430,114,632,255,491,746
165866,9,6,1,17,28,66,153,45,219,83,181,264
165936,9,6,1,2,10,12,18,12,30,14,28,42
165945,9,6,1,27,17,64,41,44,105,91,58,149
165981,9,6,1,4,15,23,89,19,112,27,104,131
166018,9,6,1,1,3,0,0,4,0,1,3,4
166027,9,6,1,1488,1285,751,1038,2773,1789,2239,2323,4562
166133,9,6,1,20,33,55,168,53,223,75,201,276
166391,9,6,1,4,5,19,24,9,43,23,29,52
166513,9,6,1,240,180,500,424,420,924,740,604,1344
166629,9,6,1,228,246,605,616,474,1221,833,862,1695
166647,9,6,1,22,25,69,177,47,246,91,202,293
166674,9,6,1,15,17,6,24,32,30,21,41,62
166683,9,6,1,597,298,39,14,895,53,636,312,948
166708,9,6,1,72,110,6,10,182,16,78,120,198
166717,9,6,1,22,56,18,44,78,62,40,100,140
166823,9,6,1,28,33,68,259,61,327,96,292,388
166850,9,6,1,29,45,18,50,74,68,47,95,142
166887,9,6,1,26,47,96,294,73,390,122,341,463
166911,9,6,1,1,0,0,1,1,1,1,1,2
166939,9,6,1,0,17,2,25,17,27,2,42,44
166957,9,6,1,13,32,54,187,45,241,67,219,286
167093,9,6,1,11,21,0,0,32,0,11,21,32
167288,9,6,1,13,12,6,12,25,18,19,24,43
167312,9,6,1,36,38,82,256,74,338,118,294,412
167358,9,6,1,500,516,102,134,1016,236,602,650,1252
167376,9,6,1,19,28,55,209,47,264,74,237,311
167394,9,6,1,11,40,13,47,51,60,24,87,111
167534,9,6,1,34,95,97,344,129,441,131,439,570
167598,9,6,1,7,62,30,338,69,368,37,400,437
167729,9,6,1,52,133,66,203,185,269,118,336,454
167783,9,6,1,27,199,55,451,226,506,82,650,732
167835,9,6,1,8,77,1,3,85,4,9,80,89
167871,9,6,1,2,7,2,3,9,5,4,10,14
167905,9,6,1,36,76,82,223,112,305,118,299,417
167987,9,6,1,66,74,122,174,140,296,188,248,436
168005,9,6,1,51,77,76,122,128,198,127,199,326
168148,9,6,1,318,364,111,119,682,230,429,483,912
168227,9,6,1,22,2,21,8,24,29,43,10,53
168254,9,6,1,32,36,27,36,68,63,59,72,131
168342,9,6,1,7,5,0,0,12,0,7,5,12
168421,9,6,1,62,32,133,58,94,191,195,90,285
168430,9,6,1,13,30,51,124,43,175,64,154,218
168528,9,6,1,2,3,1,1,5,2,3,4,7
168546,9,6,1,0,0,2,0,0,2,2,0,2
168591,9,6,1,2,3,0,0,5,0,2,3,5
168607,9,6,1,5,7,22,24,12,46,27,31,58
168740,9,6,1,91,22,68,54,113,122,159,76,235
168786,9,6,1,2,5,2,11,7,13,4,16,20
168847,9,6,1,47,125,86,256,172,342,133,381,514
168892,9,6,1,0,5,0,9,5,9,0,14,14
169099,9,6,1,17,4,9,3,21,12,26,7,33
169248,9,6,1,117,138,203,334,255,537,320,472,792
169275,9,6,1,27,79,107,312,106,419,134,391,525
169284,9,6,1,1,16,3,4,17,7,4,20,24
169424,9,6,1,12,11,0,0,23,0,12,11,23
169442,9,6,1,12,15,7,4,27,11,19,19,38
169503,9,6,1,0,28,0,0,28,0,0,28,28
169521,9,6,1,49,90,193,355,139,548,242,445,687
169576,9,6,1,1,29,0,0,30,0,1,29,30
169655,9,6,1,104,6,0,0,110,0,104,6,110
169716,9,6,1,65,101,47,67,166,114,112,168,280
169798,9,6,1,110,139,254,427,249,681,364,566,930
169910,9,6,1,59,75,110,148,134,258,169,223,392
169992,9,6,1,4,17,6,22,21,28,10,39,49
170000,9,6,1,33,30,16,10,63,26,49,40,89
170055,9,6,1,45,64,353,459,109,812,398,523,921
170082,9,6,1,117,121,178,248,238,426,295,369,664
170240,9,6,1,55,111,167,299,166,466,222,410,632
170286,9,6,1,10,0,4,5,10,9,14,5,19
170550,9,6,1,15,29,44,224,44,268,59,253,312
170587,9,6,1,10,25,28,65,35,93,38,90,128
170639,9,6,1,8,11,6,8,19,14,14,19,33
170657,9,6,1,51,65,221,354,116,575,272,419,691
170675,9,6,1,13,9,71,34,22,105,84,43,127
170790,9,6,1,67,151,379,652,218,1031,446,803,1249
170806,9,6,1,8,33,20,63,41,83,28,96,124
170976,9,6,1,1070,1040,325,211,2110,536,1395,1251,2646
171100,9,6,1,660,679,187,308,1339,495,847,987,1834
171137,9,6,1,72,56,262,176,128,438,334,232,566
171146,9,6,1,84,179,100,201,263,301,184,380,564
171155,9,6,1,27,33,32,85,60,117,59,118,177
171225,9,6,1,14,17,37,88,31,125,51,105,156
171304,9,6,1,12,22,82,130,34,212,94,152,246
171456,9,6,1,30,41,40,62,71,102,70,103,173
171483,9,6,1,26,30,57,92,56,149,83,122,205
171492,9,6,1,21,28,71,64,49,135,92,92,184
171571,9,6,1,170,243,236,200,413,436,406,443,849
172200,9,6,1,39,40,155,402,79,557,194,442,636
172291,9,6,1,13,54,34,92,67,126,47,146,193
172307,9,6,1,10,13,22,55,23,77,32,68,100
172334,9,6,1,23,186,11,46,209,57,34,232,266
172617,9,6,1,85,87,283,507,172,790,368,594,962
172644,9,6,1,332,444,356,438,776,794,688,882,1570
172680,9,6,1,1,2,0,2,3,2,1,4,5
172699,9,6,1,136,156,193,240,292,433,329,396,725
173045,9,6,1,52,69,24,52,121,76,76,121,197
173142,9,6,1,3,3,1,2,6,3,4,5,9
173160,9,6,1,14,42,52,84,56,136,66,126,192
173258,9,6,1,0,0,0,1,0,1,0,1,1
173300,9,6,1,1,0,9,9,1,18,10,9,19
173452,9,6,1,2,0,12,13,2,25,14,13,27
173665,9,6,1,8,11,38,116,19,154,46,127,173
173683,9,6,1,2,6,1,6,8,7,3,12,15
173896,9,6,1,21,22,1,2,43,3,22,24,46
174066,9,6,1,784,840,813,794,1624,1607,1597,1634,3231
174075,9,6,1,21,35,44,78,56,122,65,113,178
174127,9,6,1,6,5,4,16,11,20,10,21,31
174233,9,6,1,39,33,30,27,72,57,69,60,129
174251,9,6,1,3,3,0,4,6,4,3,7,10
174491,9,6,1,3,6,11,9,9,20,14,15,29
174507,9,6,1,30,36,7,29,66,36,37,65,102
174747,9,6,1,0,4,0,0,4,0,0,4,4
174792,9,6,1,4,2,6,0,6,6,10,2,12
174899,9,6,1,38,133,26,65,171,91,64,198,262
174914,9,6,1,66,55,258,204,121,462,324,259,583
174978,9,6,1,0,5,0,9,5,9,0,14,14
175005,9,6,1,11,83,26,206,94,232,37,289,326
175014,9,6,1,43,226,30,214,269,244,73,440,513
175120,9,6,1,55,21,0,0,76,0,55,21,76
175227,9,6,1,48,9,23,8,57,31,71,17,88
175421,9,6,1,15,42,90,297,57,387,105,339,444
175430,9,6,1,6,10,1,3,16,4,7,13,20
175573,9,6,1,2,40,6,23,42,29,8,63,71
175616,9,6,1,14,50,27,74,64,101,41,124,165
175652,9,6,1,12,52,10,50,64,60,22,102,124
175786,9,6,1,61,163,51,161,224,212,112,324,436
175810,9,6,1,23,145,21,103,168,124,44,248,292
175829,9,6,1,18,46,27,76,64,103,45,122,167
175856,9,6,1,72,194,67,187,266,254,139,381,520
175883,9,6,1,12,63,11,38,75,49,23,101,124
175935,9,6,1,17,109,8,51,126,59,25,160,185
175980,9,6,1,0,1,0,3,1,3,0,4,4
176008,9,6,1,9,36,3,19,45,22,12,55,67
176017,9,6,1,177,203,102,200,380,302,279,403,682
176035,9,6,1,13,86,5,32,99,37,18,118,136
176044,9,6,1,7,29,6,17,36,23,13,46,59
176053,9,6,1,54,65,20,46,119,66,74,111,185
176080,9,6,1,185,210,261,288,395,549,446,498,944
176178,9,6,1,16,81,16,54,97,70,32,135,167
176239,9,6,1,17,131,12,66,148,78,29,197,226
176318,9,6,1,10,13,0,5,23,5,10,18,28
176372,9,6,1,178,263,170,320,441,490,348,583,931
176433,9,6,1,0,4,0,1,4,1,0,5,5
176451,9,6,1,0,0,11,3,0,14,11,3,14
176479,9,6,1,109,265,26,119,374,145,135,384,519
176600,9,6,1,7,0,1,1,7,2,8,1,9
176628,9,6,1,14,36,6,16,50,22,20,52,72
176947,9,6,1,1,2,0,0,3,0,1,2,3
176965,9,6,1,88,110,150,260,198,410,238,370,608
176983,9,6,1,3,4,0,0,7,0,3,4,7
177038,9,6,1,3,19,7,3,22,10,10,22,32
177126,9,6,1,22,8,50,26,30,76,72,34,106
177135,9,6,1,37,40,39,93,77,132,76,133,209
177144,9,6,1,3,5,1,1,8,2,4,6,10
177214,9,6,1,5,3,10,21,8,31,15,24,39
177250,9,6,1,15,20,18,60,35,78,33,80,113
177302,9,6,1,58,3,0,0,61,0,58,3,61
177418,9,6,1,7,8,7,24,15,31,14,32,46
177472,9,6,1,56,132,130,257,188,387,186,389,575
177676,9,6,1,22,28,16,95,50,111,38,123,161
177685,9,6,1,2,12,0,0,14,0,2,12,14
177940,9,6,1,14,15,8,17,29,25,22,32,54
177977,9,6,1,9,3,10,0,12,10,19,3,22
177986,9,6,1,54,51,39,76,105,115,93,127,220
177995,9,6,1,73,104,206,419,177,625,279,523,802
178059,9,6,1,69,125,278,826,194,1104,347,951,1298
178217,9,6,1,15,35,9,33,50,42,24,68,92
178341,9,6,1,31,55,39,58,86,97,70,113,183
178369,9,6,1,0,6,2,7,6,9,2,13,15
178387,9,6,1,20,31,20,36,51,56,40,67,107
178396,9,6,1,323,266,322,491,589,813,645,757,1402
178402,9,6,1,149,188,258,306,337,564,407,494,901
178411,9,6,1,144,31,102,31,175,133,246,62,308
178420,9,6,1,117,182,229,382,299,611,346,564,910
178448,9,6,1,21,28,28,93,49,121,49,121,170
178615,9,6,1,4,6,14,14,10,28,18,20,38
178624,9,6,1,54,96,142,284,150,426,196,380,576
178679,9,6,1,3,1,11,7,4,18,14,8,22
178721,9,6,1,185,176,556,324,361,880,741,500,1241
178891,9,6,1,58,8,68,12,66,80,126,20,146
178989,9,6,1,3,18,5,20,21,25,8,38,46
179043,9,6,1,12,49,53,56,61,109,65,105,170
179308,9,6,1,64,144,216,715,208,931,280,859,1139
179326,9,6,1,11,38,20,65,49,85,31,103,134
179344,9,6,1,7,27,14,18,34,32,21,45,66
179539,9,6,1,15,44,20,67,59,87,35,111,146
179557,9,6,1,72,102,65,136,174,201,137,238,375
179566,9,6,1,138,218,226,343,356,569,364,561,925
179645,9,6,1,17,75,16,66,92,82,33,141,174
179715,9,6,1,5,26,6,45,31,51,11,71,82
179812,9,6,1,62,46,0,2,108,2,62,48,110
179867,9,6,1,376,332,169,227,708,396,545,559,1104
179894,9,6,1,110,117,279,349,227,628,389,466,855
180081,9,6,1,12,3,1,3,15,4,13,6,19
180106,9,6,1,3,14,2,2,17,4,5,16,21
180151,9,6,1,2,2,2,9,4,11,4,11,15
180179,9,6,1,55,111,56,145,166,201,111,256,367
180197,9,6,1,24,22,34,57,46,91,58,79,137
180249,9,6,1,11,39,18,56,50,74,29,95,124
180258,9,6,1,12,39,17,50,51,67,29,89,118
180276,9,6,1,11,13,16,29,24,45,27,42,69
180416,9,6,1,34,19,21,17,53,38,55,36,91
180461,9,6,1,132,138,163,195,270,358,295,333,628
180522,9,6,1,8,17,21,20,25,41,29,37,66
180595,9,6,1,12,17,0,1,29,1,12,18,30
180647,9,6,1,17,45,3,11,62,14,20,56,76
180692,9,6,1,3,19,5,32,22,37,8,51,59
180814,9,6,1,729,980,434,504,1709,938,1163,1484,2647
180902,9,6,1,21,35,69,208,56,277,90,243,333
180948,9,6,1,14,46,30,66,60,96,44,112,156
181002,9,6,1,94,126,53,122,220,175,147,248,395
181020,9,6,1,24,48,21,78,72,99,45,126,171
181127,9,6,1,1,4,0,0,5,0,1,4,5
181145,9,6,1,0,1,0,0,1,0,0,1,1
181190,9,6,1,1,8,0,0,9,0,1,8,9
181215,9,6,1,25,78,126,257,103,383,151,335,486
181297,9,6,1,12,66,0,38,78,38,12,104,116
181303,9,6,1,87,89,294,335,176,629,381,424,805
181312,9,6,1,5,16,9,44,21,53,14,60,74
181330,9,6,1,2,9,8,36,11,44,10,45,55
181394,9,6,1,156,216,268,305,372,573,424,521,945
181428,9,6,1,83,140,53,114,223,167,136,254,390
181446,9,6,1,4,17,3,21,21,24,7,38,45
181464,9,6,1,273,187,273,211,460,484,546,398,944
181491,9,6,1,11,27,161,68,38,229,172,95,267
181604,9,6,1,3,52,1,11,55,12,4,63,67
181640,9,6,1,52,70,128,215,122,343,180,285,465
181738,9,6,1,4,4,0,3,8,3,4,7,11
181783,9,6,1,17,31,59,132,48,191,76,163,239
181817,9,6,1,12,17,11,37,29,48,23,54,77
182005,9,6,1,191,287,810,1142,478,1952,1001,1429,2430
182281,9,6,1,433,517,452,569,950,1021,885,1086,1971
182290,9,6,1,197,238,281,361,435,642,478,599,1077
182306,9,6,1,23,53,63,139,76,202,86,192,278
182500,9,6,1,63,67,337,274,130,611,400,341,741
182564,9,6,1,26,25,119,141,51,260,145,166,311
182670,9,6,1,209,162,2,1,371,3,211,163,374
182704,9,6,1,0,5,0,2,5,2,0,7,7
182722,9,6,1,0,14,0,4,14,4,0,18,18
182829,9,6,1,32,12,28,17,44,45,60,29,89
182892,9,6,1,0,0,0,3,0,3,0,3,3
182980,9,6,1,257,118,22,16,375,38,279,134,413
183026,9,6,1,2583,4204,8371,14911,6787,23282,10954,19115,30069
183044,9,6,1,126,113,91,104,239,195,217,217,434
183062,9,6,1,8,6,11,13,14,24,19,19,38
183071,9,6,1,10,8,12,7,18,19,22,15,37
183080,9,6,1,7,9,21,36,16,57,28,45,73
183202,9,6,1,0,3,0,2,3,2,0,5,5
183239,9,6,1,0,1,0,1,1,1,0,2,2
183257,9,6,1,30,79,53,96,109,149,83,175,258
183275,9,6,1,1,0,0,0,1,0,1,0,1
183488,9,6,1,8,33,1,18,41,19,9,51,60
183655,9,6,1,16,54,60,196,70,256,76,250,326
183743,9,6,1,63,121,144,297,184,441,207,418,625
183789,9,6,1,24,114,22,129,138,151,46,243,289
183822,9,6,1,5,17,5,4,22,9,10,21,31
183859,9,6,1,27,41,106,251,68,357,133,292,425
183910,9,6,1,5,12,11,40,17,51,16,52,68
183938,9,6,1,54,90,155,391,144,546,209,481,690
184056,9,6,1,10,22,2,20,32,22,12,42,54
184180,9,6,1,20,20,83,139,40,222,103,159,262
184205,9,6,1,14,18,45,115,32,160,59,133,192
184427,9,6,1,8,0,4,1,8,5,12,1,13
184481,9,6,1,44,147,81,232,191,313,125,379,504
184506,9,6,1,0,2,1,5,2,6,1,7,8
184603,9,6,1,46,49,102,193,95,295,148,242,390
184612,9,6,1,14,64,24,60,78,84,38,124,162
184694,9,6,1,13,29,20,18,42,38,33,47,80
184773,9,6,1,11,31,18,55,42,73,29,86,115
184782,9,6,1,141,151,168,333,292,501,309,484,793
184791,9,6,1,22,48,38,103,70,141,60,151,211
184816,9,6,1,0,6,0,5,6,5,0,11,11
184959,9,6,1,7,32,10,50,39,60,17,82,99
184995,9,6,1,70,176,105,235,246,340,175,411,586
185262,9,6,1,98,253,111,253,351,364,209,506,715
185396,9,6,1,29,3,14,1,32,15,43,4,47
185509,9,6,1,19,37,131,216,56,347,150,253,403
185536,9,6,1,25,62,115,241,87,356,140,303,443
185572,9,6,1,13,27,23,75,40,98,36,102,138
185590,9,6,1,125,194,196,415,319,611,321,609,930
185721,9,6,1,9,14,8,14,23,22,17,28,45
185758,9,6,1,0,0,1,1,0,2,1,1,2
185828,9,6,1,233,93,203,85,326,288,436,178,614
185873,9,6,1,24,52,77,165,76,242,101,217,318
186016,9,6,1,3,22,2,28,25,30,5,50,55
186034,9,6,1,24,35,69,263,59,332,93,298,391
186131,9,6,1,301,242,0,0,543,0,301,242,543
186201,9,6,1,30,45,21,64,75,85,51,109,160
186283,9,6,1,9,33,42,72,42,114,51,105,156
186371,9,6,1,98,156,106,147,254,253,204,303,507
186380,9,6,1,515,652,454,877,1167,1331,969,1529,2498
186399,9,6,1,184,227,237,254,411,491,421,481,902
186405,9,6,1,1,1,0,0,2,0,1,1,2
186432,9,6,1,68,63,20,48,131,68,88,111,199
186469,9,6,1,8,23,16,45,31,61,24,68,92
186584,9,6,1,76,59,124,215,135,339,200,274,474
186618,9,6,1,8,24,7,25,32,32,15,49,64
186645,9,6,1,22,23,108,145,45,253,130,168,298
186867,9,6,1,176,96,185,71,272,256,361,167,528
186876,9,6,1,56,111,34,75,167,109,90,186,276
187046,9,6,1,3,13,1025,577,16,1602,1028,590,1618
187134,9,6,1,10,7,12,45,17,57,22,52,74
187198,9,6,1,45,81,104,455,126,559,149,536,685
187444,9,6,1,52,191,179,472,243,651,231,663,894
187532,9,6,1,155,186,527,977,341,1504,682,1163,1845
187620,9,6,1,45,83,109,202,128,311,154,285,439
187639,9,6,1,9,35,28,114,44,142,37,149,186
187648,9,6,1,42,135,109,222,177,331,151,357,508
187897,9,6,1,41,128,38,132,169,170,79,260,339
187958,9,6,1,13,25,30,96,38,126,43,121,164
187967,9,6,1,41,12,28,18,53,46,69,30,99
187976,9,6,1,4,1,39,41,5,80,43,42,85
187985,9,6,1,352,453,422,541,805,963,774,994,1768
187994,9,6,1,5,12,25,52,17,77,30,64,94
188003,9,6,1,0,6,16,58,6,74,16,64,80
188021,9,6,1,7,14,11,41,21,52,18,55,73
188030,9,6,1,214,272,215,270,486,485,429,542,971
188049,9,6,1,5,5,27,61,10,88,32,66,98
188100,9,6,1,53,99,85,299,152,384,138,398,536
188137,9,6,1,19,31,84,168,50,252,103,199,302
188207,9,6,1,2,27,0,15,29,15,2,42,44
188225,9,6,1,5,8,21,33,13,54,26,41,67
188261,9,6,1,5,5,47,9,10,56,52,14,66
188340,9,6,1,52,7,28,4,59,32,80,11,91
188429,9,6,1,33,106,52,143,139,195,85,249,334
188438,9,6,1,15,23,8,49,38,57,23,72,95
188517,9,6,1,2,13,1,4,15,5,3,17,20
188641,9,6,1,14,24,12,45,38,57,26,69,95
188854,9,6,1,4,4,0,0,8,0,4,4,8
189219,9,6,1,38,1,0,0,39,0,38,1,39
189228,9,6,1,55,95,33,97,150,130,88,192,280
189282,9,6,1,3,26,0,8,29,8,3,34,37
189547,9,6,1,31,64,39,89,95,128,70,153,223
189565,9,6,1,11,28,3,15,39,18,14,43,57
189583,9,6,1,10,44,5,32,54,37,15,76,91
189592,9,6,1,6,32,1,12,38,13,7,44,51
189705,9,6,1,18,16,24,35,34,59,42,51,93
189839,9,6,1,11,38,38,50,49,88,49,88,137
190044,9,6,1,55,38,40,21,93,61,95,59,154
190053,9,6,1,8,8,9,27,16,36,17,35,52
190071,9,6,1,1,3,4,22,4,26,5,25,30
190169,9,6,1,13,15,21,65,28,86,34,80,114
190239,9,6,1,0,8,0,6,8,6,0,14,14
190372,9,6,1,2,1,0,0,3,0,2,1,3
190415,9,6,1,792,610,101,70,1402,171,893,680,1573
190424,9,6,1,85,92,5,5,177,10,90,97,187
190442,9,6,1,5,24,15,65,29,80,20,89,109
190503,9,6,1,57,50,11,3,107,14,68,53,121
190761,9,6,1,12,48,4,22,60,26,16,70,86
190840,9,6,1,23,25,32,88,48,120,55,113,168
191083,9,6,1,118,163,97,171,281,268,215,334,549
191126,9,6,1,27,86,14,78,113,92,41,164,205
191199,9,6,1,45,87,53,89,132,142,98,176,274
191205,9,6,1,5,0,7,5,5,12,12,5,17
191241,9,6,1,222,251,162,370,473,532,384,621,1005
191302,9,6,1,12,19,6,15,31,21,18,34,52
191311,9,6,1,5,8,0,0,13,0,5,8,13
191339,9,6,1,19,52,26,98,71,124,45,150,195
191515,9,6,1,0,0,0,1,0,1,0,1,1
191533,9,6,1,1,4,0,2,5,2,1,6,7
191597,9,6,1,15,83,4,39,98,43,19,122,141
191612,9,6,1,16,49,26,32,65,58,42,81,123
191649,9,6,1,123,125,60,126,248,186,183,251,434
191676,9,6,1,0,2,1,0,2,1,1,2,3
191719,9,6,1,59,94,115,176,153,291,174,270,444
191940,9,6,1,4,39,0,0,43,0,4,39,43
191986,9,6,1,19,41,25,38,60,63,44,79,123
192022,9,6,1,30,34,14,58,64,72,44,92,136
192192,9,6,1,5,32,5,42,37,47,10,74,84
192271,9,6,1,1,30,1,12,31,13,2,42,44
192323,9,6,1,12,27,19,53,39,72,31,80,111
192448,9,6,1,90,269,94,352,359,446,184,621,805
192703,9,6,1,37,33,13,10,70,23,50,43,93
192712,9,6,1,25,31,1,0,56,1,26,31,57
192749,9,6,1,16,35,42,63,51,105,58,98,156
192785,9,6,1,4,34,13,100,38,113,17,134,151
192819,9,6,1,23,21,31,46,44,77,54,67,121
193016,9,6,1,105,311,83,272,416,355,188,583,771
193283,9,6,1,44,54,38,80,98,118,82,134,216
193292,9,6,1,15,40,55,241,55,296,70,281,351
193326,9,6,1,89,183,170,320,272,490,259,503,762
193380,9,6,1,0,0,4,27,0,31,4,27,31
193399,9,6,1,17,69,10,49,86,59,27,118,145
193478,9,6,1,50,124,168,341,174,509,218,465,683
193584,9,6,1,5,19,7,7,24,14,12,26,38
193654,9,6,1,162,245,35,64,407,99,197,309,506
193830,9,6,1,41,40,12,16,81,28,53,56,109
193858,9,6,1,2,13,0,0,15,0,2,13,15
193900,9,6,1,989,1234,710,892,2223,1602,1699,2126,3825
193946,9,6,1,24,65,22,72,89,94,46,137,183
193973,9,6,1,66,77,32,32,143,64,98,109,207
193991,9,6,1,0,2,0,1,2,1,0,3,3
194028,9,6,1,30,34,11,27,64,38,41,61,102
194091,9,6,1,129,103,28,45,232,73,157,148,305
194116,9,6,1,6,35,3,39,41,42,9,74,83
194222,9,6,1,29,54,72,75,83,147,101,129,230
194240,9,6,1,18,47,49,148,65,197,67,195,262
194310,9,6,1,123,154,133,288,277,421,256,442,698
194392,9,6,1,4,0,2,0,4,2,6,0,6
194578,9,6,1,59,112,7,27,171,34,66,139,205
194824,9,6,1,77,31,4,1,108,5,81,32,113
195003,9,6,1,166,93,79,58,259,137,245,151,396
195058,9,6,1,20,41,46,148,61,194,66,189,255
195067,9,6,1,0,16,1,10,16,11,1,26,27
195128,9,6,1,17,51,13,67,68,80,30,118,148
195155,9,6,1,1,0,5,0,1,5,6,0,6
195164,9,6,1,12,11,24,51,23,75,36,62,98
195216,9,6,1,0,0,3,3,0,6,3,3,6
195234,9,6,1,36,76,50,140,112,190,86,216,302
195243,9,6,1,1,2,5,8,3,13,6,10,16
195322,9,6,1,11,35,23,59,46,82,34,94,128
195474,9,6,1,1,2,6,6,3,12,7,8,15
195526,9,6,1,1,1,1,0,2,1,2,1,3
195544,9,6,1,37,51,23,118,88,141,60,169,229
195702,9,6,1,0,5,2,8,5,10,2,13,15
195720,9,6,1,17,55,17,74,72,91,34,129,163
195988,9,6,1,4,18,11,38,22,49,15,56,71
196006,9,6,1,20,36,11,25,56,36,31,61,92
196015,9,6,1,41,90,29,60,131,89,70,150,220
196024,9,6,1,14,36,12,93,50,105,26,129,155
196033,9,6,1,12,6,7,7,18,14,19,13,32
196042,9,6,1,72,61,85,85,133,170,157,146,303
196051,9,6,1,9,21,4,28,30,32,13,49,62
196060,9,6,1,127,165,200,271,292,471,327,436,763
196079,9,6,1,108,104,187,198,212,385,295,302,597
196088,9,6,1,374,342,383,402,716,785,757,744,1501
196097,9,6,1,363,391,183,403,754,586,546,794,1340
196103,9,6,1,30,23,25,22,53,47,55,45,100
196112,9,6,1,37,35,52,94,72,146,89,129,218
196121,9,6,1,53,73,74,133,126,207,127,206,333
196130,9,6,1,43,76,64,88,119,152,107,164,271
196149,9,6,1,11,18,22,38,29,60,33,56,89
196158,9,6,1,5,9,8,16,14,24,13,25,38
196167,9,6,1,1,4,3,5,5,8,4,9,13
196176,9,6,1,40,62,26,53,102,79,66,115,181
196185,9,6,1,4,17,12,29,21,41,16,46,62
196194,9,6,1,35,49,69,95,84,164,104,144,248
196200,9,6,1,20,28,7,22,48,29,27,50,77
196219,9,6,1,17,12,10,6,29,16,27,18,45
196246,9,6,1,24,53,36,55,77,91,60,108,168
196255,9,6,1,60,128,31,104,188,135,91,232,323
196264,9,6,1,136,399,345,572,535,917,481,971,1452
196291,9,6,1,17,3,13,2,20,15,30,5,35
196307,9,6,1,51,71,8,23,122,31,59,94,153
196413,9,6,1,397,364,198,255,761,453,595,619,1214
196468,9,6,1,118,319,80,200,437,280,198,519,717
196565,9,6,1,17,44,14,65,61,79,31,109,140
196653,9,6,1,9,43,20,112,52,132,29,155,184
196699,9,6,1,4,20,25,46,24,71,29,66,95
196884,9,6,1,14,20,2,1,34,3,16,21,37
197036,9,6,1,1,1,0,0,2,0,1,1,2
197045,9,6,1,23,61,66,182,84,248,89,243,332
197285,9,6,1,9,60,2,7,69,9,11,67,78
197294,9,6,1,65,115,123,290,180,413,188,405,593
197337,9,6,1,0,10,0,1,10,1,0,11,11
197708,9,6,1,97,163,54,82,260,136,151,245,396
197814,9,6,1,9,16,13,64,25,77,22,80,102
197850,9,6,1,2,22,24,76,24,100,26,98,124
197869,9,6,1,72,102,73,177,174,250,145,279,424
197887,9,6,1,54,91,131,227,145,358,185,318,503
197911,9,6,1,2,13,3,25,15,28,5,38,43
197966,9,6,1,9,27,12,87,36,99,21,114,135
198066,9,6,1,2,1,1,0,3,1,3,1,4
198109,9,6,1,3,35,7,41,38,48,10,76,86
198118,9,6,1,17,38,29,106,55,135,46,144,190
198136,9,6,1,121,100,78,66,221,144,199,166,365
198154,9,6,1,94,88,552,427,182,979,646,515,1161
198206,9,6,1,18,23,11,47,41,58,29,70,99
198260,9,6,1,132,206,207,452,338,659,339,658,997
198303,9,6,1,0,1,3,9,1,12,3,10,13
198330,9,6,1,41,82,39,111,123,150,80,193,273
198367,9,6,1,25,32,26,98,57,124,51,130,181
198385,9,6,1,1,0,0,0,1,0,1,0,1
198455,9,6,1,20,25,96,225,45,321,116,250,366
198464,9,6,1,211,288,304,648,499,952,515,936,1451
198507,9,6,1,30,29,19,33,59,52,49,62,111
198516,9,6,1,25,29,8,3,54,11,33,32,65
198534,9,6,1,153,282,265,467,435,732,418,749,1167
198543,9,6,1,108,262,86,235,370,321,194,497,691
198552,9,6,1,59,102,120,407,161,527,179,509,688
198570,9,6,1,16,43,54,202,59,256,70,245,315
198598,9,6,1,7,11,5,16,18,21,12,27,39
198622,9,6,1,107,181,138,320,288,458,245,501,746
198668,9,6,1,9,23,15,55,32,70,24,78,102
198710,9,6,1,9,24,10,41,33,51,19,65,84
198756,9,6,1,10,24,1,8,34,9,11,32,43
198808,9,6,1,1,17,0,1,18,1,1,18,19
198817,9,6,1,8,28,31,72,36,103,39,100,139
198835,9,6,1,15,42,27,59,57,86,42,101,143
198862,9,6,1,1,1,0,0,2,0,1,1,2
198899,9,6,1,3,7,8,5,10,13,11,12,23
198905,9,6,1,2,18,3,11,20,14,5,29,34
198950,9,6,1,1,18,2,24,19,26,3,42,45
198969,9,6,1,33,40,18,34,73,52,51,74,125
198987,9,6,1,9,25,31,69,34,100,40,94,134
199087,9,6,1,13,23,29,76,36,105,42,99,141
199102,9,6,1,104,136,124,120,240,244,228,256,484
199111,9,6,1,40,36,19,18,76,37,59,54,113
199120,9,6,1,739,730,301,258,1469,559,1040,988,2028
199139,9,6,1,306,282,346,429,588,775,652,711,1363
199148,9,6,1,213,324,209,424,537,633,422,748,1170
199157,9,6,1,81,178,53,149,259,202,134,327,461
199184,9,6,1,12,13,1,0,25,1,13,13,26
199193,9,6,1,552,467,425,333,1019,758,977,800,1777
199218,9,6,1,124,261,161,474,385,635,285,735,1020
199272,9,6,1,5,4,3,14,9,17,8,18,26
199281,9,6,1,80,214,113,287,294,400,193,501,694
199324,9,6,1,2,3,10,48,5,58,12,51,63
199412,9,6,1,6,24,18,49,30,67,24,73,97
199494,9,6,1,36,49,60,245,85,305,96,294,390
199607,9,6,1,0,1,2,29,1,31,2,30,32
199625,9,6,1,6,20,10,43,26,53,16,63,79
199689,9,6,1,0,16,0,5,16,5,0,21,21
199731,9,6,1,8,37,38,84,45,122,46,121,167
199740,9,6,1,9,21,36,127,30,163,45,148,193
199759,9,6,1,151,24,164,59,175,223,315,83,398
199768,9,6,1,4,20,24,67,24,91,28,87,115
199795,9,6,1,3,7,5,16,10,21,8,23,31
199856,9,6,1,149,189,381,673,338,1054,530,862,1392
199865,9,6,1,11,15,0,4,26,4,11,19,30
199883,9,6,1,2,27,0,0,29,0,2,27,29
199908,9,6,1,7,22,18,41,29,59,25,63,88
199926,9,6,1,9,13,15,29,22,44,24,42,66
199971,9,6,1,0,1,0,0,1,0,0,1,1
199999,9,6,1,16,83,18,76,99,94,34,159,193
200004,9,6,1,109,180,150,266,289,416,259,446,705
200013,9,6,1,15,43,7,29,58,36,22,72,94
200022,9,6,1,60,50,88,39,110,127,148,89,237
200059,9,6,1,7,18,8,30,25,38,15,48,63
200086,9,6,1,1,10,2,6,11,8,3,16,19
200192,9,6,1,8,11,15,30,19,45,23,41,64
200217,9,6,1,31,46,57,91,77,148,88,137,225
200280,9,6,1,189,174,385,400,363,785,574,574,1148
200305,9,6,1,13,19,11,8,32,19,24,27,51
200314,9,6,1,2,12,7,26,14,33,9,38,47
200332,9,6,1,117,84,166,163,201,329,283,247,530
200527,9,6,1,12,38,5,10,50,15,17,48,65
200554,9,6,1,13,48,2,2,61,4,15,50,65
200572,9,6,1,7,8,15,36,15,51,22,44,66
200590,9,6,1,6,23,2,0,29,2,8,23,31
200697,9,6,1,75,13,96,22,88,118,171,35,206
200800,9,6,1,122,129,160,162,251,322,282,291,573
200846,9,6,1,0,12,3,10,12,13,3,22,25
201061,9,6,1,4,2,1,0,6,1,5,2,7
201177,9,6,1,0,5,1,20,5,21,1,25,26
201195,9,6,1,18,37,18,16,55,34,36,53,89
201283,9,6,1,6,12,3,14,18,17,9,26,35
201432,9,6,1,6,17,7,9,23,16,13,26,39
201441,9,6,1,111,109,184,234,220,418,295,343,638
201469,9,6,1,4,39,1,16,43,17,5,55,60
201548,9,6,1,23,23,17,24,46,41,40,47,87
201645,9,6,1,294,314,80,100,608,180,374,414,788
201654,9,6,1,4,8,13,20,12,33,17,28,45
201821,9,6,1,5,34,1,13,39,14,6,47,53
201885,9,6,1,401,458,448,966,859,1414,849,1424,2273
201946,9,6,1,18,44,75,240,62,315,93,284,377
201955,9,6,1,15,24,44,106,39,150,59,130,189
201964,9,6,1,29,23,15,28,52,43,44,51,95
202046,9,6,1,3,0,0,0,3,0,3,0,3
202170,9,6,1,3,9,0,0,12,0,3,9,12
202222,9,6,1,79,111,563,672,190,1235,642,783,1425
202356,9,6,1,87,183,340,754,270,1094,427,937,1364
202453,9,6,1,7,2,0,0,9,0,7,2,9
202480,9,6,1,113,102,70,63,215,133,183,165,348
202523,9,6,1,0,0,1,0,0,1,1,0,1
202648,9,6,1,9,19,32,90,28,122,41,109,150
202763,9,6,1,38,52,31,36,90,67,69,88,157
203067,9,6,1,27,33,4,8,60,12,31,41,72
203085,9,6,1,3,2,3,4,5,7,6,6,12
203128,9,6,1,2,2,6,5,4,11,8,7,15
203155,9,6,1,15,30,8,29,45,37,23,59,82
203289,9,6,1,3,1,0,0,4,0,3,1,4
203368,9,6,1,11,6,27,27,17,54,38,33,71
203447,9,6,1,2,4,52,82,6,134,54,86,140
203456,9,6,1,0,1,26,39,1,65,26,40,66
203465,9,6,1,8,6,38,71,14,109,46,77,123
203474,9,6,1,3,2,46,76,5,122,49,78,127
203483,9,6,1,1,7,36,70,8,106,37,77,114
203492,9,6,1,4,8,14,50,12,64,18,58,76
203517,9,6,1,259,296,192,401,555,593,451,697,1148
203526,9,6,1,0,4,27,76,4,103,27,80,107
203544,9,6,1,5,13,2,10,18,12,7,23,30
203580,9,6,1,5,6,7,7,11,14,12,13,25
203599,9,6,1,16,28,66,189,44,255,82,217,299
203678,9,6,1,10,12,14,87,22,101,24,99,123
203720,9,6,1,9,7,0,5,16,5,9,12,21
203748,9,6,1,36,51,141,306,87,447,177,357,534
203757,9,6,1,9,36,0,6,45,6,9,42,51
203775,9,6,1,4,7,12,39,11,51,16,46,62
203845,9,6,1,3,3,0,1,6,1,3,4,7
203881,9,6,1,12,20,71,41,32,112,83,61,144
203960,9,6,1,11,21,18,122,32,140,29,143,172
204006,9,6,1,13,14,17,14,27,31,30,28,58
204015,9,6,1,4,16,11,13,20,24,15,29,44
204024,9,6,1,76,74,69,182,150,251,145,256,401
204194,9,6,1,21,45,10,25,66,35,31,70,101
204200,9,6,1,8,18,4,50,26,54,12,68,80
204255,9,6,1,10,12,16,17,22,33,26,29,55
204422,9,6,1,10,24,26,66,34,92,36,90,126
204468,9,6,1,1,7,13,26,8,39,14,33,47
204477,9,6,1,36,33,1,0,69,1,37,33,70
204617,9,6,1,9,14,9,32,23,41,18,46,64
204635,9,6,1,12,5,1,2,17,3,13,7,20
204662,9,6,1,0,1,1,1,1,2,1,2,3
204671,9,6,1,0,5,6,2,5,8,6,7,13
204680,9,6,1,6,3,4,3,9,7,10,6,16
204699,9,6,1,4,4,1,5,8,6,5,9,14
204705,9,6,1,2,5,14,11,7,25,16,16,32
204796,9,6,1,581,625,619,623,1206,1242,1200,1248,2448
204802,9,6,1,1,3,3,18,4,21,4,21,25
204820,9,6,1,9,11,19,41,20,60,28,52,80
204839,9,6,1,7,20,18,33,27,51,25,53,78
204848,9,6,1,1,9,17,38,10,55,18,47,65
204857,9,6,1,216,257,415,771,473,1186,631,1028,1659
204866,9,6,1,4,17,20,43,21,63,24,60,84
204936,9,6,1,12,13,10,31,25,41,22,44,66
204945,9,6,1,39,59,329,223,98,552,368,282,650
205090,9,6,1,0,1,1,2,1,3,1,3,4
205443,9,6,1,15,29,26,21,44,47,41,50,91
205470,9,6,1,104,106,560,630,210,1190,664,736,1400
205841,9,6,1,67,76,198,328,143,526,265,404,669
205966,9,6,1,7,18,10,38,25,48,17,56,73
206011,9,6,1,6,19,86,38,25,124,92,57,149
206279,9,6,1,14,37,29,61,51,90,43,98,141
206321,9,6,1,0,9,3,6,9,9,3,15,18
206349,9,6,1,6,17,10,38,23,48,16,55,71
206507,9,6,1,4,5,3,2,9,5,7,7,14
206525,9,6,1,0,5,0,3,5,3,0,8,8
206589,9,6,1,0,1,0,2,1,2,0,3,3
206604,9,6,1,110,124,157,140,234,297,267,264,531
206613,9,6,1,0,2,8,4,2,12,8,6,14
206622,9,6,1,37,49,74,75,86,149,111,124,235
206695,9,6,1,79,118,101,199,197,300,180,317,497
206862,9,6,1,15,31,20,20,46,40,35,51,86
206914,9,6,1,38,85,38,81,123,119,76,166,242
206923,9,6,1,13,34,13,61,47,74,26,95,121
206996,9,6,1,14,48,15,66,62,81,29,114,143
207041,9,6,1,36,77,29,71,113,100,65,148,213
207050,9,6,1,4,21,9,27,25,36,13,48,61
207069,9,6,1,4,12,9,46,16,55,13,58,71
207102,9,6,1,2,4,0,0,6,0,2,4,6
207209,9,6,1,5,21,7,10,26,17,12,31,43
207236,9,6,1,9,26,11,81,35,92,20,107,127
207263,9,6,1,75,182,92,233,257,325,167,415,582
207281,9,6,1,10,40,12,73,50,85,22,113,135
207290,9,6,1,13,57,5,49,70,54,18,106,124
207306,9,6,1,10,36,17,32,46,49,27,68,95
207315,9,6,1,55,41,44,47,96,91,99,88,187
207324,9,6,1,21,46,24,27,67,51,45,73,118
207342,9,6,1,66,124,37,62,190,99,103,186,289
207351,9,6,1,8,42,10,36,50,46,18,78,96
207388,9,6,1,199,209,410,311,408,721,609,520,1129
207500,9,6,1,368,382,333,361,750,694,701,743,1444
207564,9,6,1,46,20,35,46,66,81,81,66,147
207582,9,6,1,49,62,32,35,111,67,81,97,178
207661,9,6,1,36,74,23,58,110,81,59,132,191
207670,9,6,1,53,71,97,238,124,335,150,309,459
207740,9,6,1,7,30,6,55,37,61,13,85,98
207847,9,6,1,102,163,167,299,265,466,269,462,731
207865,9,6,1,29,122,24,94,151,118,53,216,269
207935,9,6,1,95,122,237,646,217,883,332,768,1100
207962,9,6,1,55,16,0,0,71,0,55,16,71
207971,9,6,1,80,45,35,20,125,55,115,65,180
208035,9,6,1,0,14,6,54,14,60,6,68,74
208275,9,6,1,9,19,47,44,28,91,56,63,119
208318,9,6,1,57,52,91,108,109,199,148,160,308
208390,9,6,1,66,116,199,212,182,411,265,328,593
208406,9,6,1,37,61,186,177,98,363,223,238,461
208415,9,6,1,8,16,24,25,24,49,32,41,73
208646,9,6,1,40,69,55,102,109,157,95,171,266
208822,9,6,1,41,76,49,101,117,150,90,177,267
209038,9,6,1,79,98,184,192,177,376,263,290,553
209074,9,6,1,49,57,84,95,106,179,133,152,285
209250,9,6,1,52,81,410,208,133,618,462,289,751
209490,9,6,1,138,230,53,132,368,185,191,362,553
209506,9,6,1,62,52,90,92,114,182,152,144,296
209542,9,6,1,556,567,1086,912,1123,1998,1642,1479,3121
209551,9,6,1,326,357,63,66,683,129,389,423,812
209603,9,6,1,8,26,0,0,34,0,8,26,34
209612,9,6,1,88,158,13,30,246,43,101,188,289
209746,9,6,1,272,349,579,862,621,1441,851,1211,2062
209807,9,6,1,558,754,459,613,1312,1072,1017,1367,2384
209825,9,6,1,5,16,19,25,21,44,24,41,65
209922,9,6,1,0,0,1,2,0,3,1,2,3
210234,9,6,1,21,21,16,43,42,59,37,64,101
210270,9,6,1,13,28,83,126,41,209,96,154,250
210401,9,6,1,45,35,1,8,80,9,46,43,89
210429,9,6,1,41,77,27,39,118,66,68,116,184
210605,9,6,1,103,107,374,485,210,859,477,592,1069
210739,9,6,1,10,32,40,80,42,120,50,112,162
210775,9,6,1,10,28,21,68,38,89,31,96,127
211088,9,6,1,21,25,33,75,46,108,54,100,154
211130,9,6,1,9,6,1,2,15,3,10,8,18
211291,9,6,1,3,5,1,2,8,3,4,7,11
211307,9,6,1,12,27,88,243,39,331,100,270,370
211316,9,6,1,0,12,0,2,12,2,0,14,14
211343,9,6,1,6,16,18,93,22,111,24,109,133
211352,9,6,1,2,4,14,14,6,28,16,18,34
211431,9,6,1,8,51,20,138,59,158,28,189,217
211440,9,6,1,435,206,126,64,641,190,561,270,831
211556,9,6,1,11,37,19,60,48,79,30,97,127
211583,9,6,1,15,54,10,48,69,58,25,102,127
211608,9,6,1,4,4,0,12,8,12,4,16,20
211927,9,6,1,26,67,138,500,93,638,164,567,731
212045,9,6,1,2,7,0,0,9,0,2,7,9
212054,9,6,1,269,309,311,620,578,931,580,929,1509
212106,9,6,1,146,178,8,38,324,46,154,216,370
212115,9,6,1,25,37,36,82,62,118,61,119,180
212133,9,6,1,82,119,218,321,201,539,300,440,740
212197,9,6,1,6,7,11,28,13,39,17,35,52
212230,9,6,1,0,0,0,1,0,1,0,1,1
212267,9,6,1,0,7,1,4,7,5,1,11,12
212276,9,6,1,0,4,0,4,4,4,0,8,8
212294,9,6,1,0,2,0,1,2,1,0,3,3
212300,9,6,1,0,4,0,1,4,1,0,5,5
212328,9,6,1,1,5,0,2,6,2,1,7,8
212337,9,6,1,0,2,1,5,2,6,1,7,8
212355,9,6,1,0,6,0,5,6,5,0,11,11
212382,9,6,1,0,14,0,6,14,6,0,20,20
212391,9,6,1,0,0,0,4,0,4,0,4,4
212601,9,6,1,50,43,34,47,93,81,84,90,174
212674,9,6,1,0,1,56,66,1,122,56,67,123
212753,9,6,1,0,4,0,3,4,3,0,7,7
212771,9,6,1,1,4,5,22,5,27,6,26,32
212805,9,6,1,1,0,2,0,1,2,3,0,3
212869,9,6,1,7,52,2,50,59,52,9,102,111
212878,9,6,1,57,133,208,634,190,842,265,767,1032
212984,9,6,1,9,74,30,134,83,164,39,208,247
213011,9,6,1,14,36,31,105,50,136,45,141,186
213020,9,6,1,40,48,94,153,88,247,134,201,335
213181,9,6,1,2,30,1,4,32,5,3,34,37
213251,9,6,1,1,0,3,1,1,4,4,1,5
213321,9,6,1,5,6,9,19,11,28,14,25,39
213349,9,6,1,23,30,45,113,53,158,68,143,211
213367,9,6,1,17,25,83,183,42,266,100,208,308
213376,9,6,1,20,69,11,48,89,59,31,117,148
213446,9,6,1,0,1,1,3,1,4,1,4,5
213507,9,6,1,1,3,16,13,4,29,17,16,33
213525,9,6,1,22,37,63,283,59,346,85,320,405
213570,9,6,1,2,66,0,0,68,0,2,66,68
213589,9,6,1,14,7,5,0,21,5,19,7,26
213598,9,6,1,4,14,2,11,18,13,6,25,31
213659,9,6,1,20,45,60,254,65,314,80,299,379
213774,9,6,1,3,8,3,20,11,23,6,28,34
213987,9,6,1,10,33,15,28,43,43,25,61,86
213996,9,6,1,4,30,23,48,34,71,27,78,105
214041,9,6,1,18,24,66,177,42,243,84,201,285
214111,9,6,1,28,44,141,392,72,533,169,436,605
214148,9,6,1,0,7,0,0,7,0,0,7,7
214157,9,6,1,15,17,17,54,32,71,32,71,103
214175,9,6,1,3,5,2,1,8,3,5,6,11
214272,9,6,1,12,14,34,57,26,91,46,71,117
214379,9,6,1,42,85,113,408,127,521,155,493,648
214564,9,6,1,17,51,1,18,68,19,18,69,87
214591,9,6,1,14,6,16,14,20,30,30,20,50
214607,9,6,1,9,2,25,7,11,32,34,9,43
214625,9,6,1,2,1,1,7,3,8,3,8,11
214634,9,6,1,1,6,1,5,7,6,2,11,13
214643,9,6,1,3,0,1,1,3,2,4,1,5
214652,9,6,1,6,6,0,0,12,0,6,6,12
214670,9,6,1,3,2,0,3,5,3,3,5,8
214689,9,6,1,16,6,3,1,22,4,19,7,26
214698,9,6,1,0,1,1,1,1,2,1,2,3
214704,9,6,1,18,3,10,6,21,16,28,9,37
214713,9,6,1,35,19,44,35,54,79,79,54,133
214731,9,6,1,4,2,6,2,6,8,10,4,14
214740,9,6,1,1,1,0,0,2,0,1,1,2
214759,9,6,1,0,7,2,0,7,2,2,7,9
214768,9,6,1,5,2,0,1,7,1,5,3,8
214777,9,6,1,449,397,72,67,846,139,521,464,985
214786,9,6,1,0,2,1,1,2,2,1,3,4
214795,9,6,1,4,3,2,2,7,4,6,5,11
214801,9,6,1,12,8,10,8,20,18,22,16,38
214810,9,6,1,2,3,2,1,5,3,4,4,8
214829,9,6,1,9,2,5,3,11,8,14,5,19
214883,9,6,1,6,29,35,96,35,131,41,125,166
215053,9,6,1,1,0,1,4,1,5,2,4,6
215062,9,6,1,892,917,463,533,1809,996,1355,1450,2805
215105,9,6,1,10,12,5,4,22,9,15,16,31
215123,9,6,1,151,183,6,11,334,17,157,194,351
215239,9,6,1,53,102,248,742,155,990,301,844,1145
215266,9,6,1,1,4,0,0,5,0,1,4,5
215275,9,6,1,2,9,3,2,11,5,5,11,16
215284,9,6,1,4,3,0,1,7,1,4,4,8
215293,9,6,1,518,494,184,273,1012,457,702,767,1469
215309,9,6,1,0,0,0,1,0,1,0,1,1
215381,9,6,1,22,0,0,0,22,0,22,0,22
215424,9,6,1,7,8,3,2,15,5,10,10,20
215442,9,6,1,15,19,54,104,34,158,69,123,192
215479,9,6,1,0,4,0,0,4,0,0,4,4
215585,9,6,1,14,23,60,236,37,296,74,259,333
215655,9,6,1,23,23,51,66,46,117,74,89,163
215743,9,6,1,10,16,7,28,26,35,17,44,61
215798,9,6,1,8,22,1,6,30,7,9,28,37
215929,9,6,1,30,31,49,75,61,124,79,106,185
216010,9,6,1,14,18,51,70,32,121,65,88,153
216038,9,6,1,32,40,30,123,72,153,62,163,225
216339,9,6,1,537,550,269,365,1087,634,806,915,1721
216357,9,6,1,4,2,0,0,6,0,4,2,6
216366,9,6,1,92,203,88,363,295,451,180,566,746
216454,9,6,1,4,0,0,0,4,0,4,0,4
216524,9,6,1,0,1,0,0,1,0,0,1,1
216542,9,6,1,0,3,4,6,3,10,4,9,13
216579,9,6,1,2,9,0,0,11,0,2,9,11
216597,9,6,1,118,107,226,187,225,413,344,294,638
216667,9,6,1,0,1,0,0,1,0,0,1,1
216694,9,6,1,4,15,8,9,19,17,12,24,36
216746,9,6,1,3,1,1,0,4,1,4,1,5
216764,9,6,1,77,116,182,291,193,473,259,407,666
216825,9,6,1,20,58,47,151,78,198,67,209,276
216852,9,6,1,98,141,41,193,239,234,139,334,473
216931,9,6,1,28,44,94,379,72,473,122,423,545
217013,9,6,1,6,12,27,103,18,130,33,115,148
217059,9,6,1,9,21,20,47,30,67,29,68,97
217156,9,6,1,239,215,14,22,454,36,253,237,490
217165,9,6,1,10,10,19,12,20,31,29,22,51
217235,9,6,1,24,22,13,17,46,30,37,39,76
217305,9,6,1,47,106,13,26,153,39,60,132,192
217323,9,6,1,62,4,0,0,66,0,62,4,66
217402,9,6,1,3,6,32,34,9,66,35,40,75
217420,9,6,1,55,111,67,176,166,243,122,287,409
217493,9,6,1,33,43,0,0,76,0,33,43,76
217518,9,6,1,4,10,31,32,14,63,35,42,77
217536,9,6,1,5,10,21,59,15,80,26,69,95
217581,9,6,1,0,14,0,8,14,8,0,22,22
217633,9,6,1,40,97,12,15,137,27,52,112,164
217688,9,6,1,29,58,39,48,87,87,68,106,174
217712,9,6,1,10,12,25,117,22,142,35,129,164
217721,9,6,1,7,7,0,1,14,1,7,8,15
217749,9,6,1,8,5,33,34,13,67,41,39,80
217819,9,6,1,50,27,46,91,77,137,96,118,214
217864,9,6,1,53,14,82,68,67,150,135,82,217
217873,9,6,1,8,27,6,21,35,27,14,48,62
217882,9,6,1,272,201,238,290,473,528,510,491,1001
217891,9,6,1,4,9,0,0,13,0,4,9,13
217907,9,6,1,3,21,2,11,24,13,5,32,37
217925,9,6,1,15,14,105,139,29,244,120,153,273
217934,9,6,1,13,70,14,64,83,78,27,134,161
217961,9,6,1,5,21,10,44,26,54,15,65,80
217989,9,6,1,4,5,6,11,9,17,10,16,26
218025,9,6,1,11,34,22,107,45,129,33,141,174
218061,9,6,1,14,18,16,43,32,59,30,61,91
218113,9,6,1,91,157,164,394,248,558,255,551,806
218140,9,6,1,60,125,97,344,185,441,157,469,626
218229,9,6,1,8,20,25,54,28,79,33,74,107
218335,9,6,1,110,121,13,41,231,54,123,162,285
218353,9,6,1,65,122,102,396,187,498,167,518,685
218399,9,6,1,5,1,0,0,6,0,5,1,6
218414,9,6,1,3,4,2,4,7,6,5,8,13
218441,9,6,1,13,29,10,1,42,11,23,30,53
218487,9,6,1,13,25,12,123,38,135,25,148,173
218520,9,6,1,33,93,87,325,126,412,120,418,538
218539,9,6,1,4,11,0,2,15,2,4,13,17
218645,9,6,1,41,63,60,106,104,166,101,169,270
218654,9,6,1,6,21,13,25,27,38,19,46,65
218663,9,6,1,411,375,182,360,786,542,593,735,1328
218672,9,6,1,0,2,2,12,2,14,2,14,16
218681,9,6,1,0,4,2,6,4,8,2,10,12
218690,9,6,1,2,4,10,8,6,18,12,12,24
218706,9,6,1,1,2,3,1,3,4,4,3,7
218724,9,6,1,21,27,36,60,48,96,57,87,144
218733,9,6,1,12,20,4,17,32,21,16,37,53
218742,9,6,1,38,56,41,96,94,137,79,152,231
218751,9,6,1,27,17,0,0,44,0,27,17,44
218821,9,6,1,2,3,0,0,5,0,2,3,5
218830,9,6,1,52,132,83,259,184,342,135,391,526
218885,9,6,1,25,31,49,139,56,188,74,170,244
218919,9,6,1,5,8,0,0,13,0,5,8,13
218991,9,6,1,27,64,52,149,91,201,79,213,292
219037,9,6,1,0,2,0,0,2,0,0,2,2
219082,9,6,1,29,14,114,59,43,173,143,73,216
219125,9,6,1,0,7,0,0,7,0,0,7,7
219170,9,6,1,0,3,0,0,3,0,0,3,3
219189,9,6,1,5,14,6,5,19,11,11,19,30
219198,9,6,1,14,28,6,7,42,13,20,35,55
219204,9,6,1,24,15,81,93,39,174,105,108,213
219259,9,6,1,4,10,22,85,14,107,26,95,121
219277,9,6,1,18,38,36,79,56,115,54,117,171
219338,9,6,1,1,0,0,0,1,0,1,0,1
219347,9,6,1,44,9,30,5,53,35,74,14,88
219426,9,6,1,22,19,30,66,41,96,52,85,137
219471,9,6,1,82,98,117,184,180,301,199,282,481
219480,9,6,1,17,28,7,15,45,22,24,43,67
219602,9,6,1,170,168,162,202,338,364,332,370,702
219639,9,6,1,4,13,4,45,17,49,8,58,66
219806,9,6,1,14,14,34,116,28,150,48,130,178
219824,9,6,1,53,83,85,182,136,267,138,265,403
219833,9,6,1,39,25,16,16,64,32,55,41,96
219879,9,6,1,28,26,24,43,54,67,52,69,121
219888,9,6,1,22,37,26,106,59,132,48,143,191
219921,9,6,1,1,12,4,5,13,9,5,17,22
219994,9,6,1,24,30,7,1,54,8,31,31,62
220057,9,6,1,21,58,14,109,79,123,35,167,202
220075,9,6,1,160,249,114,216,409,330,274,465,739
220127,9,6,1,14,19,0,1,33,1,14,20,34
220163,9,6,1,0,4,0,0,4,0,0,4,4
220215,9,6,1,4,10,15,31,14,46,19,41,60
220251,9,6,1,2,6,0,2,8,2,2,8,10
220279,9,6,1,5,5,5,2,10,7,10,7,17
220321,9,6,1,6,7,2,3,13,5,8,10,18
220394,9,6,1,4,3,0,0,7,0,4,3,7
220400,9,6,1,15,33,33,110,48,143,48,143,191
220473,9,6,1,8,10,14,6,18,20,22,16,38
220516,9,6,1,34,95,3,13,129,16,37,108,145
220598,9,6,1,2,2,0,0,4,0,2,2,4
220604,9,6,1,2,26,2,6,28,8,4,32,36
220701,9,6,1,3,5,3,3,8,6,6,8,14
220710,9,6,1,3,3,0,1,6,1,3,4,7
220792,9,6,1,61,94,0,0,155,0,61,94,155
220862,9,6,1,245,301,332,556,546,888,577,857,1434
220978,9,6,1,190,163,256,345,353,601,446,508,954
221050,9,6,1,16,10,8,2,26,10,24,12,36
221096,9,6,1,25,44,55,178,69,233,80,222,302
221148,9,6,1,39,5,0,0,44,0,39,5,44
221184,9,6,1,59,93,122,303,152,425,181,396,577
221333,9,6,1,4,5,5,3,9,8,9,8,17
221397,9,6,1,27,45,43,138,72,181,70,183,253
221430,9,6,1,6,12,6,7,18,13,12,19,31
221485,9,6,1,29,90,72,238,119,310,101,328,429
221494,9,6,1,14,6,5,1,20,6,19,7,26
221519,9,6,1,4,7,2,1,11,3,6,8,14
221582,9,6,1,8,9,0,0,17,0,8,9,17
221607,9,6,1,5,4,3,0,9,3,8,4,12
221625,9,6,1,31,34,1,0,65,1,32,34,66
221643,9,6,1,40,45,156,178,85,334,196,223,419
221740,9,6,1,93,83,101,94,176,195,194,177,371
221759,9,6,1,302,274,273,297,576,570,575,571,1146
221768,9,6,1,25,61,50,85,86,135,75,146,221
221838,9,6,1,62,102,83,123,164,206,145,225,370
221847,9,6,1,44,61,102,129,105,231,146,190,336
221908,9,6,1,47,88,136,112,135,248,183,200,383
221999,9,6,1,344,368,82,161,712,243,426,529,955
222053,9,6,1,40,83,78,191,123,269,118,274,392
222062,9,6,1,32,49,42,89,81,131,74,138,212
222178,9,6,1,8,16,74,131,24,205,82,147,229
222576,9,6,1,88,136,116,358,224,474,204,494,698
222822,9,6,1,21,64,23,108,85,131,44,172,216
222831,9,6,1,53,145,91,96,198,187,144,241,385
222877,9,6,1,1,0,1,0,1,1,2,0,2
222992,9,6,1,230,244,764,1406,474,2170,994,1650,2644
223223,9,6,1,72,84,0,0,156,0,72,84,156
223232,9,6,1,279,340,98,228,619,326,377,568,945
223320,9,6,1,5,35,14,99,40,113,19,134,153
223506,9,6,1,19,18,104,143,37,247,123,161,284
223816,9,6,1,41,63,318,392,104,710,359,455,814
223922,9,6,1,4,16,23,15,20,38,27,31,58
224147,9,6,1,73,91,209,324,164,533,282,415,697
224156,9,6,1,0,14,0,11,14,11,0,25,25
224323,9,6,1,34,20,55,45,54,100,89,65,154
224527,9,6,1,0,9,7,20,9,27,7,29,36
224554,9,6,1,176,311,217,389,487,606,393,700,1093
224615,9,6,1,212,338,805,1664,550,2469,1017,2002,3019
224642,9,6,1,75,125,294,569,200,863,369,694,1063
224891,9,6,1,4,16,1,11,20,12,5,27,32
224961,9,6,1,10,22,22,87,32,109,32,109,141
225247,9,6,1,12,27,7,7,39,14,19,34,53
225399,9,6,1,6,29,53,212,35,265,59,241,300
225414,9,6,1,100,197,179,387,297,566,279,584,863
225432,9,6,1,167,284,379,739,451,1118,546,1023,1569
225511,9,6,1,572,471,486,538,1043,1024,1058,1009,2067
225548,9,6,1,3,0,8,4,3,12,11,4,15
225885,9,6,1,3,3,3,8,6,11,6,11,17
226116,9,6,1,8,38,14,72,46,86,22,110,132
226134,9,6,1,10,36,70,137,46,207,80,173,253
226204,9,6,1,40,30,220,191,70,411,260,221,481
226277,9,6,1,70,5,0,0,75,0,70,5,75
226383,9,6,1,4,28,11,38,32,49,15,66,81
226408,9,6,1,17,26,70,185,43,255,87,211,298
226471,9,6,1,26,47,9,15,73,24,35,62,97
226578,9,6,1,33,102,65,239,135,304,98,341,439
226587,9,6,1,16,21,4,8,37,12,20,29,49
226675,9,6,1,9,35,0,0,44,0,9,35,44
227146,9,6,1,16,63,42,141,79,183,58,204,262
227182,9,6,1,281,433,715,1721,714,2436,996,2154,3150
227216,9,6,1,440,385,507,637,825,1144,947,1022,1969
227331,9,6,1,39,171,13,36,210,49,52,207,259
227368,9,6,1,238,401,362,628,639,990,600,1029,1629
227377,9,6,1,18,45,46,78,63,124,64,123,187
227386,9,6,1,4,38,5,82,42,87,9,120,129
227401,9,6,1,34,58,38,101,92,139,72,159,231
227526,9,6,1,44,68,40,82,112,122,84,150,234
227757,9,6,1,424,208,62,32,632,94,486,240,726
227845,9,6,1,26,40,23,60,66,83,49,100,149
227863,9,6,1,45,72,37,74,117,111,82,146,228
227881,9,6,1,124,236,206,448,360,654,330,684,1014
227979,9,6,1,102,152,404,898,254,1302,506,1050,1556
228042,9,6,1,9,18,2,8,27,10,11,26,37
228149,9,6,1,51,68,39,35,119,74,90,103,193
228158,9,6,1,52,117,67,220,169,287,119,337,456
228194,9,6,1,45,35,18,20,80,38,63,55,118
228246,9,6,1,155,113,303,190,268,493,458,303,761
228282,9,6,1,0,1,0,0,1,0,0,1,1
228343,9,6,1,3,3,0,0,6,0,3,3,6
228431,9,6,1,54,155,67,154,209,221,121,309,430
228459,9,6,1,344,283,237,379,627,616,581,662,1243
228501,9,6,1,14,27,22,103,41,125,36,130,166
228529,9,6,1,82,148,184,346,230,530,266,494,760
228547,9,6,1,158,152,711,1369,310,2080,869,1521,2390
228635,9,6,1,85,64,180,121,149,301,265,185,450
228644,9,6,1,132,148,37,46,280,83,169,194,363
228653,9,6,1,84,110,53,179,194,232,137,289,426
228699,9,6,1,19,44,24,85,63,109,43,129,172
228705,9,6,1,68,81,59,82,149,141,127,163,290
228723,9,6,1,978,587,351,393,1565,744,1329,980,2309
228769,9,6,1,470,662,770,2192,1132,2962,1240,2854,4094
228778,9,6,1,893,767,97,104,1660,201,990,871,1861
228787,9,6,1,577,405,363,300,982,663,940,705,1645
228796,9,6,1,292,267,402,554,559,956,694,821,1515
228802,9,6,1,107,159,147,342,266,489,254,501,755
228875,9,6,1,126,165,14,18,291,32,140,183,323
228909,9,6,1,61,90,10,9,151,19,71,99,170
229018,9,6,1,82,194,130,174,276,304,212,368,580
229027,9,6,1,416,335,463,448,751,911,879,783,1662
229063,9,6,1,119,187,62,106,306,168,181,293,474
229115,9,6,1,503,422,297,408,925,705,800,830,1630
229179,9,6,1,57,438,87,865,495,952,144,1303,1447
229267,9,6,1,3,6,4,4,9,8,7,10,17
229337,9,6,1,101,219,57,252,320,309,158,471,629
229355,9,6,1,28,90,91,275,118,366,119,365,484
229504,9,6,1,16,18,31,113,34,144,47,131,178
229780,9,6,1,42,123,77,127,165,204,119,250,369
229799,9,6,1,26,36,33,157,62,190,59,193,252
229814,9,6,1,71,184,195,290,255,485,266,474,740
229841,9,6,1,16,26,35,113,42,148,51,139,190
229887,9,6,1,12,8,0,3,20,3,12,11,23
230038,9,6,1,180,99,195,90,279,285,375,189,564
230047,9,6,1,38,33,3,5,71,8,41,38,79
230162,9,6,1,18,21,126,34,39,160,144,55,199
230171,9,6,1,60,65,70,66,125,136,130,131,261
230214,9,6,1,3,5,3,17,8,20,6,22,28
230597,9,6,1,9,17,14,13,26,27,23,30,53
230603,9,6,1,112,97,262,337,209,599,374,434,808
230676,9,6,1,7,2,15,7,9,22,22,9,31
230728,9,6,1,159,216,287,366,375,653,446,582,1028
230746,9,6,1,137,121,594,637,258,1231,731,758,1489
230764,9,6,1,786,602,430,359,1388,789,1216,961,2177
230782,9,6,1,212,244,312,447,456,759,524,691,1215
230807,9,6,1,33,49,2,10,82,12,35,59,94
230816,9,6,1,2,19,1,0,21,1,3,19,22
230834,9,6,1,4,24,15,70,28,85,19,94,113
230852,9,6,1,73,43,122,87,116,209,195,130,325
230861,9,6,1,21,28,114,444,49,558,135,472,607
230913,9,6,1,12,28,18,78,40,96,30,106,136
230959,9,6,1,0,0,0,5,0,5,0,5,5
231059,9,6,1,3,5,7,23,8,30,10,28,38
231095,9,6,1,2,3,0,0,5,0,2,3,5
231165,9,6,1,19,45,43,57,64,100,62,102,164
231174,9,6,1,144,132,53,97,276,150,197,229,426
231280,9,6,1,0,5,0,6,5,6,0,11,11
231411,9,6,1,49,7,0,0,56,0,49,7,56
231420,9,6,1,15,30,10,39,45,49,25,69,94
231536,9,6,1,18,22,58,125,40,183,76,147,223
231581,9,6,1,1,0,0,0,1,0,1,0,1
231624,9,6,1,108,98,89,142,206,231,197,240,437
231697,9,6,1,12,23,51,101,35,152,63,124,187
231712,9,6,1,2,6,0,4,8,4,2,10,12
231785,9,6,1,9,88,7,106,97,113,16,194,210
231873,9,6,1,2,5,8,18,7,26,10,23,33
231882,9,6,1,19,22,19,52,41,71,38,74,112
232025,9,6,1,5,7,0,1,12,1,5,8,13
232043,9,6,1,5,16,13,47,21,60,18,63,81
232052,9,6,1,1,5,7,14,6,21,8,19,27
232089,9,6,1,1,1,0,2,2,2,1,3,4
232186,9,6,1,568,592,699,966,1160,1665,1267,1558,2825
232195,9,6,1,26,56,71,203,82,274,97,259,356
232308,9,6,1,1,9,2,5,10,7,3,14,17
232414,9,6,1,41,70,132,327,111,459,173,397,570
232450,9,6,1,19,53,122,229,72,351,141,282,423
232557,9,6,1,2226,3128,2851,3540,5354,6391,5077,6668,11745
232566,9,6,1,10,21,53,127,31,180,63,148,211
232575,9,6,1,18,31,41,158,49,199,59,189,248
232609,9,6,1,29,51,8,28,80,36,37,79,116
232706,9,6,1,38,79,27,86,117,113,65,165,230
232788,9,6,1,12,37,10,45,49,55,22,82,104
232867,9,6,1,12,20,50,68,32,118,62,88,150
232946,9,6,1,173,214,691,1112,387,1803,864,1326,2190
232982,9,6,1,297,459,577,696,756,1273,874,1155,2029
233019,9,6,1,7,18,6,41,25,47,13,59,72
233037,9,6,1,4,12,4,26,16,30,8,38,46
233116,9,6,1,17,26,90,175,43,265,107,201,308
233277,9,6,1,48,93,48,160,141,208,96,253,349
233286,9,6,1,2,8,0,2,10,2,2,10,12
233295,9,6,1,1,1,1,0,2,1,2,1,3
233310,9,6,1,4,10,20,73,14,93,24,83,107
233338,9,6,1,3,2,1,6,5,7,4,8,12
233374,9,6,1,20,26,23,30,46,53,43,56,99
233426,9,6,1,1,4,4,1,5,5,5,5,10
233541,9,6,1,39,74,29,101,113,130,68,175,243
233611,9,6,1,5,2,2,0,7,2,7,2,9
233639,9,6,1,6,29,32,103,35,135,38,132,170
233648,9,6,1,16,41,16,55,57,71,32,96,128
233666,9,6,1,1,0,0,0,1,0,1,0,1
233718,9,6,1,0,1,0,0,1,0,0,1,1
233754,9,6,1,38,62,91,214,100,305,129,276,405
233772,9,6,1,135,209,296,603,344,899,431,812,1243
233903,9,6,1,14,32,21,66,46,87,35,98,133
233921,9,6,1,494,323,234,183,817,417,728,506,1234
233949,9,6,1,17,50,86,154,67,240,103,204,307
234030,9,6,1,338,447,235,425,785,660,573,872,1445
234076,9,6,1,611,448,167,265,1059,432,778,713,1491
234119,9,6,1,4,10,3,2,14,5,7,12,19
234155,9,6,1,21,48,14,26,69,40,35,74,109
234207,9,6,1,15,10,1,0,25,1,16,10,26
234377,9,6,1,2,20,17,59,22,76,19,79,98
234669,9,6,1,104,165,138,283,269,421,242,448,690
234696,9,6,1,62,70,27,50,132,77,89,120,209
234711,9,6,1,20,32,18,51,52,69,38,83,121
234827,9,6,1,139,176,79,90,315,169,218,266,484
234845,9,6,1,29,55,22,85,84,107,51,140,191
234924,9,6,1,4,14,0,0,18,0,4,14,18
234933,9,6,1,63,142,93,166,205,259,156,308,464
234951,9,6,1,75,104,40,99,179,139,115,203,318
234979,9,6,1,49,138,189,151,187,340,238,289,527
235024,9,6,1,3,2,1,1,5,2,4,3,7
235097,9,6,1,229,368,81,146,597,227,310,514,824
235103,9,6,1,58,52,129,257,110,386,187,309,496
235149,9,6,1,55,96,98,158,151,256,153,254,407
235237,9,6,1,99,164,202,329,263,531,301,493,794
235307,9,6,1,1,10,0,0,11,0,1,10,11
235316,9,6,1,79,162,23,59,241,82,102,221,323
235334,9,6,1,32,41,28,30,73,58,60,71,131
235343,9,6,1,77,80,77,120,157,197,154,200,354
235431,9,6,1,40,89,61,144,129,205,101,233,334
235547,9,6,1,21,98,1,17,119,18,22,115,137
235671,9,6,1,170,84,243,198,254,441,413,282,695
235699,9,6,1,40,84,80,194,124,274,120,278,398
235750,9,6,1,22,66,20,105,88,125,42,171,213
236072,9,6,1,57,76,120,319,133,439,177,395,572
236188,9,6,1,106,158,110,122,264,232,216,280,496
236258,9,6,1,25,39,39,85,64,124,64,124,188
236328,9,6,1,16,20,1,13,36,14,17,33,50
236382,9,6,1,54,67,339,86,121,425,393,153,546
236452,9,6,1,42,27,21,15,69,36,63,42,105
236504,9,6,1,59,24,543,108,83,651,602,132,734
236513,9,6,1,87,156,67,135,243,202,154,291,445
236577,9,6,1,26,43,25,48,69,73,51,91,142
236595,9,6,1,105,189,123,201,294,324,228,390,618
236610,9,6,1,56,107,85,196,163,281,141,303,444
236638,9,6,1,63,94,166,181,157,347,229,275,504
236656,9,6,1,50,69,48,101,119,149,98,170,268
236692,9,6,1,136,246,218,269,382,487,354,515,869
236708,9,6,1,73,103,48,69,176,117,121,172,293
236753,9,6,1,94,193,60,165,287,225,154,358,512
236887,9,6,1,77,63,87,65,140,152,164,128,292
236896,9,6,1,8,20,2,4,28,6,10,24,34
236939,9,6,1,478,518,280,382,996,662,758,900,1658
236975,9,6,1,28,62,21,59,90,80,49,121,170
237011,9,6,1,118,163,42,32,281,74,160,195,355
237039,9,6,1,32,52,51,92,84,143,83,144,227
237057,9,6,1,0,3,0,0,3,0,0,3,3
237066,9,6,1,13,20,12,28,33,40,25,48,73
237109,9,6,1,31,109,23,100,140,123,54,209,263
237118,9,6,1,3,8,2,8,11,10,5,16,21
237181,9,6,1,1,2,1,2,3,3,2,4,6
237303,9,6,1,2,3,0,0,5,0,2,3,5
237312,9,6,1,82,81,198,59,163,257,280,140,420
237321,9,6,1,1,5,0,0,6,0,1,5,6
237330,9,6,1,8,32,13,30,40,43,21,62,83
237358,9,6,1,3,7,0,1,10,1,3,8,11
237367,9,6,1,17,39,15,43,56,58,32,82,114
237385,9,6,1,4,6,38,4,10,42,42,10,52
237525,9,6,1,113,173,68,161,286,229,181,334,515
237686,9,6,1,14,41,22,60,55,82,36,101,137
237701,9,6,1,6,7,4,7,13,11,10,14,24
237792,9,6,1,18,55,45,87,73,132,63,142,205
237817,9,6,1,13,30,7,27,43,34,20,57,77
237899,9,6,1,14,34,12,19,48,31,26,53,79
237950,9,6,1,4,5,5,4,9,9,9,9,18
237969,9,6,1,3,3,0,0,6,0,3,3,6
238014,9,6,1,7,25,8,28,32,36,15,53,68
238032,9,6,1,290,234,162,193,524,355,452,427,879
238175,9,6,1,0,3,0,0,3,0,0,3,3
238193,9,6,1,15,108,8,59,123,67,23,167,190
238263,9,6,1,79,99,264,495,178,759,343,594,937
238397,9,6,1,26,38,60,143,64,203,86,181,267
238430,9,6,1,5,14,25,72,19,97,30,86,116
238458,9,6,1,15,16,9,17,31,26,24,33,57
238722,9,6,1,55,53,318,256,108,574,373,309,682
238759,9,6,1,40,50,173,253,90,426,213,303,516
239008,9,6,1,13,14,116,123,27,239,129,137,266
239071,9,6,1,3,3,22,11,6,33,25,14,39
239105,9,6,1,122,105,82,130,227,212,204,235,439
239169,9,6,1,70,63,5,10,133,15,75,73,148
239248,9,6,1,113,204,444,788,317,1232,557,992,1549
239309,9,6,1,1,8,0,0,9,0,1,8,9
239318,9,6,1,22,26,23,11,48,34,45,37,82
239372,9,6,1,23,34,72,140,57,212,95,174,269
239442,9,6,1,7,12,21,53,19,74,28,65,93
239488,9,6,1,58,84,174,381,142,555,232,465,697
239512,9,6,1,0,0,1,0,0,1,1,0,1
239716,9,6,1,2,3,4,5,5,9,6,8,14
239877,9,6,1,0,3,0,3,3,3,0,6,6
240107,9,6,1,35,84,20,68,119,88,55,152,207
240170,9,6,1,27,49,91,172,76,263,118,221,339
240189,9,6,1,64,94,160,179,158,339,224,273,497
240198,9,6,1,22,46,52,109,68,161,74,155,229
240268,9,6,1,19,28,70,104,47,174,89,132,221
240277,9,6,1,78,82,108,170,160,278,186,252,438
240329,9,6,1,25,21,45,57,46,102,70,78,148
240338,9,6,1,1,3,9,17,4,26,10,20,30
240365,9,6,1,59,69,138,152,128,290,197,221,418
240374,9,6,1,43,34,88,102,77,190,131,136,267
240417,9,6,1,30,46,95,149,76,244,125,195,320
240426,9,6,1,11,68,40,97,79,137,51,165,216
240444,9,6,1,734,734,256,286,1468,542,990,1020,2010
240453,9,6,1,358,370,279,391,728,670,637,761,1398
240462,9,6,1,19,19,90,54,38,144,109,73,182
240471,9,6,1,28,32,28,41,60,69,56,73,129
240480,9,6,1,40,39,40,83,79,123,80,122,202
240505,9,6,1,33,50,66,101,83,167,99,151,250
240514,9,6,1,8,18,38,54,26,92,46,72,118
240596,9,6,1,3,3,3,24,6,27,6,27,33
240620,9,6,1,25,59,44,92,84,136,69,151,220
240657,9,6,1,4,14,16,32,18,48,20,46,66
240666,9,6,1,27,30,39,68,57,107,66,98,164
240727,9,6,1,164,166,159,209,330,368,323,375,698
240745,9,6,1,10,17,47,41,27,88,57,58,115
240790,9,6,1,15,27,3,17,42,20,18,44,62
241182,9,6,1,5,28,0,0,33,0,5,28,33
241191,9,6,1,14,14,2,3,28,5,16,17,33
241225,9,6,1,11,18,2,27,29,29,13,45,58
241331,9,6,1,36,176,6,46,212,52,42,222,264
241377,9,6,1,20,33,8,13,53,21,28,46,74
241386,9,6,1,3,7,1,8,10,9,4,15,19
241395,9,6,1,5,27,10,52,32,62,15,79,94
241410,9,6,1,66,126,60,118,192,178,126,244,370
241720,9,6,1,9,16,6,6,25,12,15,22,37
241739,9,6,1,110,228,88,175,338,263,198,403,601
241766,9,6,1,3,3,4,2,6,6,7,5,12
241836,9,6,1,18,36,20,61,54,81,38,97,135
241906,9,6,1,4,1,0,0,5,0,4,1,5
241951,9,6,1,0,4,2,3,4,5,2,7,9
242112,9,6,1,13,16,3,7,29,10,16,23,39
242130,9,6,1,1,22,0,4,23,4,1,26,27
242149,9,6,1,3,20,0,11,23,11,3,31,34
242556,9,6,1,1,3,0,0,4,0,1,3,4
242617,9,6,1,36,47,18,40,83,58,54,87,141
242626,9,6,1,51,51,27,34,102,61,78,85,163
242635,9,6,1,24,81,15,52,105,67,39,133,172
242644,9,6,1,12,24,6,18,36,24,18,42,60
242653,9,6,1,78,145,67,111,223,178,145,256,401
242662,9,6,1,36,80,24,76,116,100,60,156,216
242680,9,6,1,17,34,6,18,51,24,23,52,75
242699,9,6,1,29,63,16,25,92,41,45,88,133
242705,9,6,1,30,19,23,10,49,33,53,29,82
242723,9,6,1,14,17,28,39,31,67,42,56,98
243106,9,6,1,2,3,0,1,5,1,2,4,6
243142,9,6,1,0,4,3,3,4,6,3,7,10
243179,9,6,1,2,3,0,3,5,3,2,6,8
243188,9,6,1,2,2,1,1,4,2,3,3,6
243203,9,6,1,81,122,7,17,203,24,88,139,227
243212,9,6,1,5,1,2,6,6,8,7,7,14
243221,9,6,1,144,177,71,68,321,139,215,245,460
243346,9,6,1,70,157,58,128,227,186,128,285,413
243443,9,6,1,16,42,31,78,58,109,47,120,167
243577,9,6,1,63,36,150,81,99,231,213,117,330
243586,9,6,1,5,17,5,12,22,17,10,29,39
243601,9,6,1,158,275,115,187,433,302,273,462,735
243638,9,6,1,6,19,16,22,25,38,22,41,63
243647,9,6,1,9,3,3,11,12,14,12,14,26
243744,9,6,1,835,590,129,70,1425,199,964,660,1624
243780,9,6,1,451,309,729,533,760,1262,1180,842,2022
243832,9,6,1,32,82,23,83,114,106,55,165,220
243841,9,6,1,8,46,2,13,54,15,10,59,69
244437,9,6,1,58,134,190,520,192,710,248,654,902
244446,9,6,1,35,45,38,156,80,194,73,201,274
245281,9,6,1,8,14,0,0,22,0,8,14,22
245625,9,6,1,6,9,12,29,15,41,18,38,56
246789,9,6,1,1,1,9,11,2,20,10,12,22
246813,9,6,1,6,21,38,160,27,198,44,181,225
246895,9,6,1,7,10,9,7,17,16,16,17,33
247603,9,6,1,10,24,21,40,34,61,31,64,95
247834,9,6,1,181,202,331,662,383,993,512,864,1376
247940,9,6,1,34,45,74,114,79,188,108,159,267
248925,9,6,1,11,24,14,3,35,17,25,27,52
248934,9,6,1,894,1283,3,6,2177,9,897,1289,2186
249238,9,6,1,0,20,2,14,20,16,2,34,36
251260,9,6,1,26,35,32,90,61,122,58,125,183
260813,9,6,1,5,43,0,0,48,0,5,43,48
260929,9,6,1,1,8,0,1,9,1,1,9,10
262031,9,6,1,24,49,42,139,73,181,66,188,254
262086,9,6,1,139,287,375,869,426,1244,514,1156,1670
262129,9,6,1,5,6,1,0,11,1,6,6,12
262341,9,6,1,15,3,0,0,18,0,15,3,18
363165,9,6,1,21,28,10,5,49,15,31,33,64
363633,9,6,1,4,9,13,26,13,39,17,35,52
363907,9,6,1,15,20,12,9,35,21,27,29,56
363916,9,6,1,2,6,1,2,8,3,3,8,11
364016,9,6,1,38,19,119,176,57,295,157,195,352
364025,9,6,1,62,44,156,211,106,367,218,255,473
364636,9,6,1,4,8,0,0,12,0,4,8,12
365198,9,6,1,0,7,8,9,7,17,8,16,24
365480,9,6,1,1,12,3,8,13,11,4,20,24
366003,9,6,1,6,17,9,10,23,19,15,27,42
366252,9,6,1,27,22,23,56,49,79,50,78,128
366395,9,6,1,84,107,140,353,191,493,224,460,684
366401,9,6,1,27,26,129,220,53,349,156,246,402
366465,9,6,1,8,40,18,69,48,87,26,109,135
366623,9,6,1,1,1,0,0,2,0,1,1,2
366711,9,6,1,191,252,126,205,443,331,317,457,774
367334,9,6,1,32,5,6,2,37,8,38,7,45
367459,9,6,1,30,40,94,189,70,283,124,229,353
367954,9,6,1,259,425,21,51,684,72,280,476,756
368230,9,6,1,0,12,1,10,12,11,1,22,23
368911,9,6,1,6,18,13,60,24,73,19,78,97
372356,9,6,1,0,11,0,0,11,0,0,11,11
374574,9,6,1,5,24,1,21,29,22,6,45,51
375106,9,6,1,20,7,3,0,27,3,23,7,30
375407,9,6,1,5,3,2,2,8,4,7,5,12
375416,9,6,1,14,19,0,0,33,0,14,19,33
375726,9,6,1,15,0,24,3,15,27,39,3,42
375984,9,6,1,2,7,1,8,9,9,3,15,18
376288,9,6,1,0,5,0,0,5,0,0,5,5
376385,9,6,1,9,6,0,1,15,1,9,7,16
376446,9,6,1,0,2,0,12,2,12,0,14,14
376631,9,6,1,1,1,0,0,2,0,1,1,2
377218,9,6,1,12,0,0,0,12,0,12,0,12
377643,9,6,1,1,11,0,0,12,0,1,11,12
377722,9,6,1,1,52,0,0,53,0,1,52,53
379621,9,6,1,1,10,0,5,11,5,1,15,16
380359,9,6,1,6,12,6,58,18,64,12,70,82
382258,9,6,1,1,8,0,4,9,4,1,12,13
383190,9,6,1,22,21,25,93,43,118,47,114,161
383765,9,6,1,0,11,1,7,11,8,1,18,19
383996,9,6,1,4,7,15,26,11,41,19,33,52
384254,9,6,1,7,0,0,0,7,0,7,0,7
384333,9,6,1,23,44,104,262,67,366,127,306,433
384342,9,6,1,15,38,62,132,53,194,77,170,247
385415,9,6,1,51,68,19,18,119,37,70,86,156
395362,9,6,1,10,22,39,94,32,133,49,116,165
399212,9,6,1,14,17,1036,212,31,1248,1050,229,1279
399911,9,6,1,1,0,0,0,1,0,1,0,1
400187,9,6,1,10,42,2,24,52,26,12,66,78
401764,9,6,1,0,6,1,15,6,16,1,21,22
403469,9,6,1,1,4,102,43,5,145,103,47,150
403478,9,6,1,1,13,6,9,14,15,7,22,29
403487,9,6,1,0,6,2,29,6,31,2,35,37
404222,9,6,1,9,20,0,0,29,0,9,20,29
404426,9,6,1,13,13,42,73,26,115,55,86,141
404684,9,6,1,3,8,0,0,11,0,3,8,11
405872,9,6,1,11,13,27,71,24,98,38,84,122
407179,9,6,1,0,4,0,3,4,3,0,7,7
407461,9,6,1,5,2,0,0,7,0,5,2,7
407470,9,6,1,2,12,1,3,14,4,3,15,18
407735,9,6,1,0,4,0,0,4,0,0,4,4
407832,9,6,1,2,4,12,2,6,14,14,6,20
408066,9,6,1,5,5,1,5,10,6,6,10,16
408844,9,6,1,59,213,40,142,272,182,99,355,454
409254,9,6,1,0,8,1,52,8,53,1,60,61
409591,9,6,1,1,2,0,2,3,2,1,4,5
409698,9,6,1,83,199,68,92,282,160,151,291,442
412544,9,6,1,2,10,0,14,12,14,2,24,26
413617,9,6,1,8,3,9,24,11,33,17,27,44
414878,9,6,1,80,48,306,127,128,433,386,175,561
414911,9,6,1,12,17,17,30,29,47,29,47,76
414966,9,6,1,1,1,5,4,2,9,6,5,11
415039,9,6,1,0,4,0,1,4,1,0,5,5
416801,9,6,1,8,23,3,3,31,6,11,26,37
417008,9,6,1,0,5,0,0,5,0,0,5,5
417655,9,6,1,1,0,0,0,1,0,1,0,1
417716,9,6,1,1,44,0,0,45,0,1,44,45
417734,9,6,1,4,5,2,14,9,16,6,19,25
417840,9,6,1,3,73,0,0,76,0,3,73,76
417886,9,6,1,0,3,0,0,3,0,0,3,3
417910,9,6,1,2,31,0,0,33,0,2,31,33
418029,9,6,1,0,6,0,0,6,0,0,6,6
418065,9,6,1,2,21,3,10,23,13,5,31,36
418083,9,6,1,0,6,0,0,6,0,0,6,6
418481,9,6,1,0,5,0,0,5,0,0,5,5
418533,9,6,1,2,17,0,6,19,6,2,23,25
418588,9,6,1,0,4,0,0,4,0,0,4,4
419031,9,6,1,1,5,0,0,6,0,1,5,6
420042,9,6,1,3,2,0,0,5,0,3,2,5
420130,9,6,1,3,51,0,0,54,0,3,51,54
420246,9,6,1,11,94,1,8,105,9,12,102,114
420343,9,6,1,8,1,8,0,9,8,16,1,17
420431,9,6,1,8,36,27,113,44,140,35,149,184
420440,9,6,1,5,8,15,65,13,80,20,73,93
420538,9,6,1,8,18,17,34,26,51,25,52,77
420556,9,6,1,4,8,7,21,12,28,11,29,40
421610,9,6,1,1,6,0,0,7,0,1,6,7
421717,9,6,1,3,0,1,0,3,1,4,0,4
423643,9,6,1,212,194,7,7,406,14,219,201,420
423652,9,6,1,0,9,5,7,9,12,5,16,21
426314,9,6,1,713,144,1433,248,857,1681,2146,392,2538
428055,9,6,1,1,10,0,0,11,0,1,10,11
430227,9,6,1,1,6,0,4,7,4,1,10,11
430403,9,6,1,1,48,0,0,49,0,1,48,49
430564,9,6,1,0,0,2,1,0,3,2,1,3
430971,9,6,1,4,6,0,0,10,0,4,6,10
431275,9,6,1,0,0,0,3,0,3,0,3,3
431284,9,6,1,0,6,0,1,6,1,0,7,7
433040,9,6,1,0,7,0,0,7,0,0,7,7
433101,9,6,1,6,31,1,21,37,22,7,52,59
433387,9,6,1,13336,18985,0,0,32321,0,13336,18985,32321
433420,9,6,1,30,1,0,0,31,0,30,1,31
433660,9,6,1,94,111,81,140,205,221,175,251,426
434061,9,6,1,57,166,47,188,223,235,104,354,458
434159,9,6,1,49,9,0,0,58,0,49,9,58
434469,9,6,1,0,47,0,0,47,0,0,47,47
434584,9,6,1,2,2,4,16,4,20,6,18,24
434672,9,6,1,65,112,304,908,177,1212,369,1020,1389
435000,9,6,1,24,22,7,11,46,18,31,33,64
436553,9,6,1,3,34,0,0,37,0,3,34,37
436818,9,6,1,6,8,1,1,14,2,7,9,16
436827,9,6,1,2,3,0,0,5,0,2,3,5
436836,9,6,1,11,11,0,3,22,3,11,14,25
437103,9,6,1,65,176,129,429,241,558,194,605,799
438586,9,6,1,57,99,10,28,156,38,67,127,194
438708,9,6,1,2,10,2,11,12,13,4,21,25
439190,9,6,1,13,11,21,18,24,39,34,29,63
439367,9,6,1,71,162,0,0,233,0,71,162,233
439844,9,6,1,0,2,0,0,2,0,0,2,2
440031,9,6,1,21,36,0,6,57,6,21,42,63
440101,9,6,1,0,4,0,8,4,8,0,12,12
440271,9,6,1,16,7,0,0,23,0,16,7,23
440749,9,6,1,2,0,6,1,2,7,8,1,9
440828,9,6,1,24,25,29,13,49,42,53,38,91
441131,9,6,1,12,27,8,25,39,33,20,52,72
441371,9,6,1,40,1315,0,0,1355,0,40,1315,1355
441690,9,6,1,3,2,3,0,5,3,6,2,8
441760,9,6,1,45,56,54,124,101,178,99,180,279
441900,9,6,1,20,91,58,276,111,334,78,367,445
441937,9,6,1,66,115,98,131,181,229,164,246,410
442073,9,6,1,5,31,1,21,36,22,6,52,58
442240,9,6,1,5,16,8,17,21,25,13,33,46
442329,9,6,1,63,12,0,0,75,0,63,12,75
442356,9,6,1,8,49,22,182,57,204,30,231,261
442523,9,6,1,1,1,1,0,2,1,2,1,3
442930,9,6,1,11,24,2,1,35,3,13,25,38
443049,9,6,1,7,11,11,9,18,20,18,20,38
443058,9,6,1,1,1,6,5,2,11,7,6,13
443100,9,6,1,3,2,0,0,5,0,3,2,5
443331,9,6,1,70,289,24,70,359,94,94,359,453
443641,9,6,1,0,9,0,4,9,4,0,13,13
444219,9,6,1,14,24,208,377,38,585,222,401,623
444282,9,6,1,0,4,1,9,4,10,1,13,14
444291,9,6,1,0,5,0,9,5,9,0,14,14
444307,9,6,1,0,8,0,0,8,0,0,8,8
444486,9,6,1,2,16,1,6,18,7,3,22,25
444556,9,6,1,19,15,0,0,34,0,19,15,34
444565,9,6,1,8,13,2,6,21,8,10,19,29
444583,9,6,1,4,3,0,0,7,0,4,3,7
444671,9,6,1,6,7,0,0,13,0,6,7,13
444787,9,6,1,59,410,42,240,469,282,101,650,751
445027,9,6,1,884,1341,70,145,2225,215,954,1486,2440
445133,9,6,1,8,15,6,11,23,17,14,26,40
445188,9,6,1,124,93,2,0,217,2,126,93,219
445212,9,6,1,1,1,2,7,2,9,3,8,11
445267,9,6,1,17,104,40,117,121,157,57,221,278
445498,9,6,1,2,0,0,0,2,0,2,0,2
445708,9,6,1,5,7,0,1,12,1,5,8,13
445911,9,6,1,7,24,6,17,31,23,13,41,54
445948,9,6,1,32,211,0,0,243,0,32,211,243
446206,9,6,1,0,3,0,4,3,4,0,7,7
446233,9,6,1,0,1,1,1,1,2,1,2,3
446251,9,6,1,10,10,0,0,20,0,10,10,20
446288,9,6,1,0,4,0,3,4,3,0,7,7
446774,9,6,1,15,26,119,188,41,307,134,214,348
447148,9,6,1,0,6,0,6,6,6,0,12,12
447166,9,6,1,0,0,0,4,0,4,0,4,4
447175,9,6,1,0,3,0,5,3,5,0,8,8
447582,9,6,1,9,34,4,28,43,32,13,62,75
447689,9,6,1,66,89,74,118,155,192,140,207,347
447698,9,6,1,2,10,0,7,12,7,2,17,19
447759,9,6,1,11,19,0,1,30,1,11,20,31
447999,9,6,1,7,18,0,0,25,0,7,18,25
448026,9,6,1,0,7,0,1,7,1,0,8,8
448196,9,6,1,3,18,0,1,21,1,3,19,22
448220,9,6,1,1,11,0,0,12,0,1,11,12
448248,9,6,1,4,5,100,24,9,124,104,29,133
448594,9,6,1,14,43,53,129,57,182,67,172,239
448673,9,6,1,23,219,19,264,242,283,42,483,525
448798,9,6,1,1,16,0,0,17,0,1,16,17
449320,9,6,1,11,2,10,0,13,10,21,2,23
449357,9,6,1,1,23,0,0,24,0,1,23,24
449384,9,6,1,10,2,33,18,12,51,43,20,63
449472,9,6,1,0,7,0,0,7,0,0,7,7
449481,9,6,1,0,9,0,0,9,0,0,9,9
449889,9,6,1,500,1330,0,0,1830,0,500,1330,1830
449922,9,6,1,6,6,0,0,12,0,6,6,12
449959,9,6,1,1,7,3,6,8,9,4,13,17
449968,9,6,1,7,13,2,9,20,11,9,22,31
449977,9,6,1,0,11,0,4,11,4,0,15,15
449986,9,6,1,5,9,4,12,14,16,9,21,30
449995,9,6,1,1,4,0,7,5,7,1,11,12
450571,9,6,1,5,36,5,51,41,56,10,87,97
450599,9,6,1,0,3,0,0,3,0,0,3,3
450605,9,6,1,0,4,0,4,4,4,0,8,8
450614,9,6,1,0,9,0,4,9,4,0,13,13
450641,9,6,1,0,12,0,16,12,16,0,28,28
450720,9,6,1,0,19,0,39,19,39,0,58,58
450933,9,6,1,1126,807,582,225,1933,807,1708,1032,2740
451079,9,6,1,2,13,0,0,15,0,2,13,15
451121,9,6,1,1,9,0,7,10,7,1,16,17
451510,9,6,1,16,10,5,3,26,8,21,13,34
451565,9,6,1,1,16,0,0,17,0,1,16,17
451583,9,6,1,6,2,56,3,8,59,62,5,67
451714,9,6,1,1,16,2,10,17,12,3,26,29
451750,9,6,1,13,65,7,67,78,74,20,132,152
451857,9,6,1,1,12,0,0,13,0,1,12,13
451918,9,6,1,3,14,0,0,17,0,3,14,17
452009,9,6,1,0,2,0,0,2,0,0,2,2
453297,9,6,1,0,0,0,1,0,1,0,1,1
454227,9,6,1,74,620,485,4009,694,4494,559,4629,5188
454236,9,6,1,2,29,6,49,31,55,8,78,86
454245,9,6,1,6,46,14,64,52,78,20,110,130
454652,9,6,1,0,10,0,0,10,0,0,10,10
454698,9,6,1,7,11,0,0,18,0,7,11,18
454768,9,6,1,2,13,4,9,15,13,6,22,28
454777,9,6,1,2,19,2,11,21,13,4,30,34
454810,9,6,1,406,1130,0,0,1536,0,406,1130,1536
454926,9,6,1,5,29,0,3,34,3,5,32,37
454944,9,6,1,1,7,0,0,8,0,1,7,8
455026,9,6,1,0,0,6,0,0,6,6,0,6
455080,9,6,1,6,9,0,0,15,0,6,9,15
455114,9,6,1,78,88,132,259,166,391,210,347,557
455196,9,6,1,50,657,0,0,707,0,50,657,707
455284,9,6,1,0,9,0,1,9,1,0,10,10
455406,9,6,1,61,51,0,1,112,1,61,52,113
455512,9,6,1,10,15,57,191,25,248,67,206,273
455831,9,6,1,2,13,0,0,15,0,2,13,15
455868,9,6,1,3,26,0,0,29,0,3,26,29
455901,9,6,1,1,3,2,4,4,6,3,7,10
456029,9,6,1,3,16,0,6,19,6,3,22,25
456065,9,6,1,0,9,0,1,9,1,0,10,10
456074,9,6,1,2,9,0,1,11,1,2,10,12
456135,9,6,1,1,10,0,7,11,7,1,17,18
456481,9,6,1,1,1,3,5,2,8,4,6,10
456542,9,6,1,19,22,3,9,41,12,22,31,53
456825,9,6,1,0,8,0,8,8,8,0,16,16
456959,9,6,1,0,4,0,3,4,3,0,7,7
457031,9,6,1,0,1,0,1,1,1,0,2,2
457129,9,6,1,3,42,9,124,45,133,12,166,178
457253,9,6,1,1,10,1,10,11,11,2,20,22
457299,9,6,1,17,46,1,1,63,2,18,47,65
457323,9,6,1,6,30,0,0,36,0,6,30,36
457475,9,6,1,0,5,0,0,5,0,0,5,5
457493,9,6,1,0,5,0,0,5,0,0,5,5
457527,9,6,1,1,3,6,39,4,45,7,42,49
457545,9,6,1,1,3,0,1,4,1,1,4,5
457633,9,6,1,0,12,1,30,12,31,1,42,43
457679,9,6,1,0,3,0,0,3,0,0,3,3
457855,9,6,1,0,8,0,0,8,0,0,8,8
458140,9,6,1,13,4,0,0,17,0,13,4,17
458210,9,6,1,163,532,46,165,695,211,209,697,906
458229,9,6,1,82,314,26,67,396,93,108,381,489
458274,9,6,1,0,13,0,7,13,7,0,20,20
458803,9,6,1,0,12,0,7,12,7,0,19,19
458812,9,6,1,1,3,1,3,4,4,2,6,8
458821,9,6,1,0,6,0,0,6,0,0,6,6
458830,9,6,1,0,13,0,4,13,4,0,17,17
458858,9,6,1,0,11,0,8,11,8,0,19,19
458867,9,6,1,2,14,1,5,16,6,3,19,22
459019,9,6,1,1,5,0,2,6,2,1,7,8
459046,9,6,1,0,3,0,3,3,3,0,6,6
459055,9,6,1,0,5,0,5,5,5,0,10,10
459064,9,6,1,0,3,1,3,3,4,1,6,7
459116,9,6,1,1,5,0,0,6,0,1,5,6
459170,9,6,1,5,12,0,20,17,20,5,32,37
459198,9,6,1,6,19,0,9,25,9,6,28,34
459231,9,6,1,5,10,0,0,15,0,5,10,15
459286,9,6,1,2,7,0,2,9,2,2,9,11
459301,9,6,1,0,4,0,3,4,3,0,7,7
459392,9,6,1,2,6,0,6,8,6,2,12,14
459523,9,6,1,0,10,0,0,10,0,0,10,10
459578,9,6,1,1,6,1,6,7,7,2,12,14
459736,9,6,1,68,91,9,10,159,19,77,101,178
459949,9,6,1,89,116,146,270,205,416,235,386,621
460349,9,6,1,22,55,112,223,77,335,134,278,412
460394,9,6,1,36,55,219,416,91,635,255,471,726
460464,9,6,1,33,20,186,330,53,516,219,350,569
460677,9,6,1,6,42,2,5,48,7,8,47,55
460862,9,6,1,1,20,2,13,21,15,3,33,36
460871,9,6,1,2,36,10,79,38,89,12,115,127
460932,9,6,1,0,7,0,0,7,0,0,7,7
461193,9,6,1,0,7,0,1,7,1,0,8,8
461272,9,6,1,0,3,0,5,3,5,0,8,8
461379,9,6,1,0,0,4,4,0,8,4,4,8
461421,9,6,1,2,24,0,2,26,2,2,26,28
461591,9,6,1,0,8,0,0,8,0,0,8,8
461643,9,6,1,0,3,0,0,3,0,0,3,3
461652,9,6,1,1,7,0,0,8,0,1,7,8
461704,9,6,1,1,6,0,1,7,1,1,7,8
461759,9,6,1,5,4,1,2,9,3,6,6,12
461829,9,6,1,4,8,0,0,12,0,4,8,12
461883,9,6,1,8,5,2,5,13,7,10,10,20
461917,9,6,1,0,8,0,5,8,5,0,13,13
462008,9,6,1,2,14,0,8,16,8,2,22,24
462071,9,6,1,3,22,0,1,25,1,3,23,26
463056,9,6,1,7,2,5,1,9,6,12,3,15
466921,9,6,1,1,23,2,44,24,46,3,67,70
466930,9,6,1,8,78,31,223,86,254,39,301,340
467863,9,6,1,7,10,1,7,17,8,8,17,25
467872,9,6,1,2,22,1,16,24,17,3,38,41
468893,9,6,1,0,6,0,10,6,10,0,16,16
470047,9,6,1,1,4,0,0,5,0,1,4,5
474863,9,6,1,36,119,45,196,155,241,81,315,396
474915,9,6,1,0,7,0,21,7,21,0,28,28
474924,9,6,1,0,0,0,9,0,9,0,9,9
475200,9,6,1,3,3,9,22,6,31,12,25,37
475431,9,6,1,2,5,0,0,7,0,2,5,7
475486,9,6,1,3,16,1,9,19,10,4,25,29
475547,9,6,1,1,3,1,7,4,8,2,10,12
475556,9,6,1,0,6,2,10,6,12,2,16,18
475653,9,6,1,0,4,0,0,4,0,0,4,4
475723,9,6,1,8,4,12,11,12,23,20,15,35
475732,9,6,1,7,70,19,156,77,175,26,226,252
475741,9,6,1,1,13,2,27,14,29,3,40,43
475839,9,6,1,8,6,7,8,14,15,15,14,29
476063,9,6,1,33,3,0,0,36,0,33,3,36
476179,9,6,1,1,11,1,5,12,6,2,16,18
476805,9,6,1,0,5,0,0,5,0,0,5,5
476841,9,6,1,2,7,1,12,9,13,3,19,22
476975,9,6,1,193,167,685,855,360,1540,878,1022,1900
476984,9,6,1,0,11,0,11,11,11,0,22,22
477039,9,6,1,28,149,11,69,177,80,39,218,257
478582,9,6,1,1,12,0,8,13,8,1,20,21
478616,9,6,1,0,4,0,4,4,4,0,8,8
478953,9,6,1,2,16,0,0,18,0,2,16,18
479956,9,6,1,188,208,1062,876,396,1938,1250,1084,2334
479983,9,6,1,4,9,0,0,13,0,4,9,13
480028,9,6,1,20,5,1,0,25,1,21,5,26
480091,9,6,1,93,970,66,534,1063,600,159,1504,1663
480310,9,6,1,0,9,0,2,9,2,0,11,11
480569,9,6,1,42,51,79,78,93,157,121,129,250
480657,9,6,1,6,67,7,47,73,54,13,114,127
480790,9,6,1,140,80,0,0,220,0,140,80,220
480921,9,6,1,4,5,0,0,9,0,4,5,9
480930,9,6,1,0,2,0,1,2,1,0,3,3
480976,9,6,1,0,1,0,0,1,0,0,1,1
481191,9,6,1,3,24,0,0,27,0,3,24,27
481225,9,6,1,2,0,0,0,2,0,2,0,2
481526,9,6,1,1,35,0,0,36,0,1,35,36
481535,9,6,1,9,7,0,0,16,0,9,7,16
481678,9,6,1,0,0,0,3,0,3,0,3,3
481739,9,6,1,0,2,0,1,2,1,0,3,3
481748,9,6,1,0,9,0,3,9,3,0,12,12
481845,9,6,1,0,4,1,6,4,7,1,10,11
482149,9,6,1,141,261,51,122,402,173,192,383,575
482158,9,6,1,80,153,104,188,233,292,184,341,525
482167,9,6,1,0,7,0,21,7,21,0,28,28
482176,9,6,1,3,17,1,8,20,9,4,25,29
482413,9,6,1,33,36,26,36,69,62,59,72,131
482422,9,6,1,4,2,2,5,6,7,6,7,13
482431,9,6,1,126,80,88,102,206,190,214,182,396
482459,9,6,1,13,10,14,22,23,36,27,32,59
482468,9,6,1,25,37,19,49,62,68,44,86,130
482477,9,6,1,861,1435,1174,2470,2296,3644,2035,3905,5940
482547,9,6,1,1,0,0,0,1,0,1,0,1
482556,9,6,1,1,4,6,1,5,7,7,5,12
482565,9,6,1,1,0,2,1,1,3,3,1,4
482574,9,6,1,17,8,9,13,25,22,26,21,47
482635,9,6,1,7,3,7,5,10,12,14,8,22
482653,9,6,1,3,3,6,4,6,10,9,7,16
482680,9,6,1,66,79,103,167,145,270,169,246,415
482699,9,6,1,2,23,9,30,25,39,11,53,64
482705,9,6,1,22,62,312,505,84,817,334,567,901
482936,9,6,1,13,3,3,3,16,6,16,6,22
483036,9,6,1,41,52,77,144,93,221,118,196,314
483045,9,6,1,56,115,136,329,171,465,192,444,636
483054,9,6,1,9,6,0,0,15,0,9,6,15
483124,9,6,1,1184,1841,3044,3864,3025,6908,4228,5705,9933
483328,9,6,1,1,1,1,2,2,3,2,3,5
483337,9,6,1,0,10,0,6,10,6,0,16,16
483559,9,6,1,0,4,1,4,4,5,1,8,9
483595,9,6,1,266,775,128,368,1041,496,394,1143,1537
483823,9,6,1,67,27,0,0,94,0,67,27,94
483911,9,6,1,0,3,0,0,3,0,0,3,3
483975,9,6,1,50,39,0,0,89,0,50,39,89
484011,9,6,1,4,4,0,2,8,2,4,6,10
484093,9,6,1,0,3,0,6,3,6,0,9,9
484109,9,6,1,0,2,0,0,2,0,0,2,2
484190,9,6,1,3,2,0,0,5,0,3,2,5
484394,9,6,1,2,1,2,2,3,4,4,3,7
484473,9,6,1,35,51,166,169,86,335,201,220,421
484613,9,6,1,5188,12925,0,0,18113,0,5188,12925,18113
484631,9,6,1,89,75,0,0,164,0,89,75,164
484710,9,6,1,4,2,0,0,6,0,4,2,6
484756,9,6,1,6,6,0,0,12,0,6,6,12
484905,9,6,1,42,71,70,142,113,212,112,213,325
485014,9,6,1,1,12,0,6,13,6,1,18,19
485032,9,6,1,2,12,1,12,14,13,3,24,27
485111,9,6,1,39,87,65,149,126,214,104,236,340
485272,9,6,1,5,64,8,67,69,75,13,131,144
485397,9,6,1,0,9,0,10,9,10,0,19,19
485458,9,6,1,12,53,48,116,65,164,60,169,229
485476,9,6,1,1,12,0,0,13,0,1,12,13
485494,9,6,1,22,1,2,1,23,3,24,2,26
485768,9,6,1,40,63,0,0,103,0,40,63,103
486123,9,6,1,3,2,0,0,5,0,3,2,5
486567,9,6,1,0,19,0,1,19,1,0,20,20
486691,9,6,1,1,9,0,5,10,5,1,14,15
486798,9,6,1,118,24,0,0,142,0,118,24,142
486840,9,6,1,328,321,577,559,649,1136,905,880,1785
486877,9,6,1,0,1,0,0,1,0,0,1,1
486938,9,6,1,6,29,12,50,35,62,18,79,97
486947,9,6,1,0,35,5,51,35,56,5,86,91
486956,9,6,1,12,67,20,148,79,168,32,215,247
486983,9,6,1,3,3,0,0,6,0,3,3,6
487010,9,6,1,94,145,12,29,239,41,106,174,280
487162,9,6,1,22,87,37,192,109,229,59,279,338
487348,9,6,1,0,1,0,7,1,7,0,8,8
487524,9,6,1,9,25,37,70,34,107,46,95,141
487676,9,6,1,0,7,1,3,7,4,1,10,11
487773,9,6,1,0,0,0,2,0,2,0,2,2
487861,9,6,1,9,36,1,18,45,19,10,54,64
487922,9,6,1,0,3,0,0,3,0,0,3,3
487995,9,6,1,2,9,5,7,11,12,7,16,23
488013,9,6,1,0,23,0,4,23,4,0,27,27
488031,9,6,1,13,9,0,0,22,0,13,9,22
488077,9,6,1,549,19,270,2,568,272,819,21,840
488271,9,6,1,1,6,0,0,7,0,1,6,7
488305,9,6,1,1,3,2,2,4,4,3,5,8
488989,9,6,1,0,6,0,6,6,6,0,12,12
488998,9,6,1,0,6,0,0,6,0,0,6,6
489140,9,6,1,1,3,4,4,4,8,5,7,12
489201,9,6,1,3,20,124,303,23,427,127,323,450
489256,9,6,1,7,0,0,0,7,0,7,0,7
489335,9,6,1,1,1,3,2,2,5,4,3,7
489344,9,6,1,2,16,2,30,18,32,4,46,50
489353,9,6,1,12,32,7,29,44,36,19,61,80
489779,9,6,1,777,1402,2563,3750,2179,6313,3340,5152,8492
489858,9,6,1,34,56,1,1,90,2,35,57,92
490115,9,6,1,7,1,0,0,8,0,7,1,8
490230,9,6,1,22,26,0,0,48,0,22,26,48
490258,9,6,1,2,12,0,0,14,0,2,12,14
490300,9,6,1,0,4,4,2,4,6,4,6,10
490416,9,6,1,3,0,0,0,3,0,3,0,3
490425,9,6,1,0,20,0,0,20,0,0,20,20
490601,9,6,1,49,19,1,0,68,1,50,19,69
490753,9,6,1,1,1,0,0,2,0,1,1,2
490805,9,6,1,57,70,66,170,127,236,123,240,363
491136,9,6,1,0,5,0,3,5,3,0,8,8
491145,9,6,1,0,5,0,2,5,2,0,7,7
491534,9,6,1,0,0,0,3,0,3,0,3,3
491598,9,6,1,1,1,0,0,2,0,1,1,2
491808,9,6,1,8,25,0,2,33,2,8,27,35
491826,9,6,1,0,8,0,0,8,0,0,8,8
491835,9,6,1,0,2,0,0,2,0,0,2,2
491941,9,6,1,0,14,0,0,14,0,0,14,14
491978,9,6,1,1,0,3,6,1,9,4,6,10
492209,9,6,1,1,3,0,0,4,0,1,3,4
492476,9,6,1,2,11,3,21,13,24,5,32,37
492689,9,6,1,35,47,2,12,82,14,37,59,96
492759,9,6,1,2,26,4,25,28,29,6,51,57
492801,9,6,1,22,42,19,30,64,49,41,72,113
492962,9,6,1,98,137,104,176,235,280,202,313,515
493451,9,6,1,4,12,0,0,16,0,4,12,16
493655,9,6,1,1,2,0,0,3,0,1,2,3
493673,9,6,1,10,11,13,16,21,29,23,27,50
493804,9,6,1,7,2,0,0,9,0,7,2,9
493831,9,6,1,5,3,0,0,8,0,5,3,8
494010,9,6,1,4,9,0,1,13,1,4,10,14
494278,9,6,1,1,10,4,17,11,21,5,27,32
494287,9,6,1,5,25,21,58,30,79,26,83,109
494551,9,6,1,0,2,0,1,2,1,0,3,3
494898,9,6,1,4,6,0,0,10,0,4,6,10
494959,9,6,1,0,0,1,3,0,4,1,3,4
495077,9,6,1,1,6,0,0,7,0,1,6,7
495101,9,6,1,3,7,0,0,10,0,3,7,10
495271,9,6,1,0,0,1,12,0,13,1,12,13
495314,9,6,1,10,7,0,0,17,0,10,7,17
495350,9,6,1,2,0,0,0,2,0,2,0,2
495369,9,6,1,1,3,1,5,4,6,2,8,10
495411,9,6,1,3,3,0,0,6,0,3,3,6
495518,9,6,1,0,4,0,2,4,2,0,6,6
496043,9,6,1,17,11,0,0,28,0,17,11,28
496052,9,6,1,1,0,0,0,1,0,1,0,1
496618,9,6,1,2,24,0,0,26,0,2,24,26
496636,9,6,1,4,31,0,0,35,0,4,31,35
496733,9,6,1,1,7,0,0,8,0,1,7,8
497000,9,6,1,9,26,0,0,35,0,9,26,35
497037,9,6,1,20,43,9,34,63,43,29,77,106
497046,9,6,1,7,24,86,303,31,389,93,327,420
497107,9,6,1,0,0,1,10,0,11,1,10,11
497301,9,6,1,1,15,1,20,16,21,2,35,37
497417,9,6,1,0,2,0,0,2,0,0,2,2
497480,9,6,1,2,129,10,37,131,47,12,166,178
497790,9,6,1,1,2,0,0,3,0,1,2,3
498562,9,6,1,42,61,55,137,103,192,97,198,295
498571,9,6,1,99,214,166,388,313,554,265,602,867
100663,9,6,2,55,63,125,189,118,314,180,252,432
100706,9,6,2,60,52,80,65,112,145,140,117,257
100751,9,6,2,63,88,113,194,151,307,176,282,458
100760,9,6,2,3,16,7,34,19,41,10,50,60
100812,9,6,2,28,74,64,124,102,188,92,198,290
100830,9,6,2,16,63,30,58,79,88,46,121,167
100858,9,6,2,68,28,47,35,96,82,115,63,178
100937,9,6,2,2,0,0,0,2,0,2,0,2
101143,9,6,2,22,19,19,33,41,52,41,52,93
101161,9,6,2,26,64,61,182,90,243,87,246,333
101189,9,6,2,30,67,19,44,97,63,49,111,160
101240,9,6,2,36,74,43,125,110,168,79,199,278
101286,9,6,2,12,58,31,174,70,205,43,232,275
101295,9,6,2,28,59,55,149,87,204,83,208,291
101301,9,6,2,5,22,4,53,27,57,9,75,84
101435,9,6,2,0,1,1,1,1,2,1,2,3
101453,9,6,2,1,0,6,0,1,6,7,0,7
101462,9,6,2,8,19,21,46,27,67,29,65,94
101480,9,6,2,42,65,29,46,107,75,71,111,182
101505,9,6,2,35,51,95,281,86,376,130,332,462
101514,9,6,2,48,59,151,253,107,404,199,312,511
101569,9,6,2,19,40,27,122,59,149,46,162,208
101587,9,6,2,41,167,9,38,208,47,50,205,255
101709,9,6,2,7,13,4,13,20,17,11,26,37
101736,9,6,2,10,20,27,80,30,107,37,100,137
101897,9,6,2,9,26,16,47,35,63,25,73,98
101912,9,6,2,11,12,5,2,23,7,16,14,30
101994,9,6,2,1,7,0,21,8,21,1,28,29
102030,9,6,2,30,50,17,97,80,114,47,147,194
102049,9,6,2,2,4,2,3,6,5,4,7,11
102067,9,6,2,15,39,34,96,54,130,49,135,184
102076,9,6,2,11,23,15,34,34,49,26,57,83
102094,9,6,2,42,74,42,51,116,93,84,125,209
102234,9,6,2,2,5,0,2,7,2,2,7,9
102313,9,6,2,13,42,28,66,55,94,41,108,149
102368,9,6,2,104,214,174,305,318,479,278,519,797
102377,9,6,2,2,5,0,2,7,2,2,7,9
102395,9,6,2,1,1,9,0,2,9,10,1,11
102429,9,6,2,8,28,36,86,36,122,44,114,158
102553,9,6,2,141,149,235,428,290,663,376,577,953
102614,9,6,2,49,64,102,278,113,380,151,342,493
102632,9,6,2,15,17,43,103,32,146,58,120,178
103741,9,6,2,3,9,0,4,12,4,3,13,16
104151,9,6,2,391,284,212,156,675,368,603,440,1043
104160,9,6,2,33,42,120,277,75,397,153,319,472
104179,9,6,2,268,262,407,328,530,735,675,590,1265
104346,9,6,2,20,24,60,182,44,242,80,206,286
104391,9,6,2,0,8,0,0,8,0,0,8,8
104425,9,6,2,29,50,117,99,79,216,146,149,295
104443,9,6,2,0,7,1,6,7,7,1,13,14
104568,9,6,2,0,5,0,13,5,13,0,18,18
104577,9,6,2,56,23,55,91,79,146,111,114,225
104586,9,6,2,17,6,11,2,23,13,28,8,36
104708,9,6,2,69,64,267,486,133,753,336,550,886
104717,9,6,2,59,83,1915,5524,142,7439,1974,5607,7581
105145,9,6,2,34,56,121,282,90,403,155,338,493
105154,9,6,2,98,92,430,531,190,961,528,623,1151
105206,9,6,2,31,43,83,246,74,329,114,289,403
105297,9,6,2,19,72,23,89,91,112,42,161,203
105330,9,6,2,124,195,129,235,319,364,253,430,683
105349,9,6,2,11,12,36,119,23,155,47,131,178
105428,9,6,2,77,84,184,434,161,618,261,518,779
105525,9,6,2,78,85,411,696,163,1107,489,781,1270
105659,9,6,2,129,17,0,0,146,0,129,17,146
105668,9,6,2,30,77,366,540,107,906,396,617,1013
105747,9,6,2,15,30,139,206,45,345,154,236,390
105792,9,6,2,13,22,76,118,35,194,89,140,229
106148,9,6,2,42,33,120,234,75,354,162,267,429
106245,9,6,2,72,132,93,226,204,319,165,358,523
106263,9,6,2,19,98,24,111,117,135,43,209,252
106324,9,6,2,0,3,0,1,3,1,0,4,4
106397,9,6,2,65,76,91,202,141,293,156,278,434
106412,9,6,2,7,18,3,15,25,18,10,33,43
106449,9,6,2,21,35,20,52,56,72,41,87,128
106458,9,6,2,25,37,76,274,62,350,101,311,412
106467,9,6,2,35,97,38,101,132,139,73,198,271
106546,9,6,2,4,57,0,5,61,5,4,62,66
106625,9,6,2,18,42,11,27,60,38,29,69,98
106713,9,6,2,7,6,2,3,13,5,9,9,18
106908,9,6,2,2,28,0,2,30,2,2,30,32
107099,9,6,2,1,7,0,0,8,0,1,7,8
107141,9,6,2,9,14,9,10,23,19,18,24,42
107318,9,6,2,0,9,14,25,9,39,14,34,48
107512,9,6,2,0,0,1,0,0,1,1,0,1
107521,9,6,2,5,44,5,21,49,26,10,65,75
107558,9,6,2,1,0,1,2,1,3,2,2,4
107585,9,6,2,25,51,17,55,76,72,42,106,148
107600,9,6,2,10,16,1,6,26,7,11,22,33
107619,9,6,2,1,24,6,17,25,23,7,41,48
107664,9,6,2,54,104,67,186,158,253,121,290,411
107725,9,6,2,2,22,7,44,24,51,9,66,75
107743,9,6,2,1,18,5,8,19,13,6,26,32
107789,9,6,2,0,2,0,0,2,0,0,2,2
107974,9,6,2,8,23,5,44,31,49,13,67,80
107983,9,6,2,9,31,4,8,40,12,13,39,52
107992,9,6,2,2,15,9,19,17,28,11,34,45
108092,9,6,2,39,83,36,75,122,111,75,158,233
108232,9,6,2,101,54,129,196,155,325,230,250,480
108667,9,6,2,32,22,162,296,54,458,194,318,512
108807,9,6,2,48,64,228,270,112,498,276,334,610
108852,9,6,2,3,2,0,0,5,0,3,2,5
109208,9,6,2,101,179,1746,1246,280,2992,1847,1425,3272
109350,9,6,2,50,87,258,481,137,739,308,568,876
109785,9,6,2,29,91,17,51,120,68,46,142,188
109819,9,6,2,107,199,633,775,306,1408,740,974,1714
109907,9,6,2,33,106,58,146,139,204,91,252,343
109934,9,6,2,7,36,0,0,43,0,7,36,43
110097,9,6,2,18,10,12,21,28,33,30,31,61
110246,9,6,2,87,155,157,279,242,436,244,434,678
110316,9,6,2,9,5,0,2,14,2,9,7,16
110334,9,6,2,25,39,202,351,64,553,227,390,617
110361,9,6,2,97,152,42,87,249,129,139,239,378
110413,9,6,2,14,15,1,3,29,4,15,18,33
110422,9,6,2,67,27,11,5,94,16,78,32,110
110486,9,6,2,92,167,57,139,259,196,149,306,455
110495,9,6,2,80,205,57,127,285,184,137,332,469
110510,9,6,2,192,333,135,195,525,330,327,528,855
110529,9,6,2,346,301,176,141,647,317,522,442,964
110538,9,6,2,107,139,56,69,246,125,163,208,371
110547,9,6,2,166,323,179,346,489,525,345,669,1014
110556,9,6,2,197,256,113,131,453,244,310,387,697
110565,9,6,2,265,299,287,458,564,745,552,757,1309
110574,9,6,2,209,302,159,235,511,394,368,537,905
110583,9,6,2,297,337,230,256,634,486,527,593,1120
110592,9,6,2,330,475,205,273,805,478,535,748,1283
110608,9,6,2,362,473,257,300,835,557,619,773,1392
110617,9,6,2,311,390,257,308,701,565,568,698,1266
110635,9,6,2,144,118,48,59,262,107,192,177,369
110644,9,6,2,104,115,18,15,219,33,122,130,252
110653,9,6,2,69,77,7,11,146,18,76,88,164
110662,9,6,2,89,121,15,7,210,22,104,128,232
110671,9,6,2,107,114,25,15,221,40,132,129,261
110680,9,6,2,139,95,24,12,234,36,163,107,270
110705,9,6,2,42,30,8,2,72,10,50,32,82
110714,9,6,2,66,55,12,6,121,18,78,61,139
110918,9,6,2,0,0,1,2,0,3,1,2,3
111188,9,6,2,13,4,1,0,17,1,14,4,18
111434,9,6,2,8,22,120,253,30,373,128,275,403
111461,9,6,2,61,54,783,483,115,1266,844,537,1381
111513,9,6,2,0,10,0,6,10,6,0,16,16
111887,9,6,2,188,294,697,715,482,1412,885,1009,1894
111896,9,6,2,44,40,235,252,84,487,279,292,571
111920,9,6,2,33,64,506,418,97,924,539,482,1021
111939,9,6,2,84,195,384,803,279,1187,468,998,1466
111948,9,6,2,18,6,2,5,24,7,20,11,31
112075,9,6,2,9,14,1,6,23,7,10,20,30
112084,9,6,2,3,0,1,7,3,8,4,7,11
112172,9,6,2,37,95,205,270,132,475,242,365,607
112367,9,6,2,4,2,6,29,6,35,10,31,41
112385,9,6,2,27,40,552,318,67,870,579,358,937
112561,9,6,2,17,35,53,95,52,148,70,130,200
112686,9,6,2,27,63,69,227,90,296,96,290,386
112826,9,6,2,16,60,91,274,76,365,107,334,441
113096,9,6,2,40,48,344,624,88,968,384,672,1056
113111,9,6,2,23,29,133,181,52,314,156,210,366
113193,9,6,2,36,45,232,246,81,478,268,291,559
113236,9,6,2,75,120,273,483,195,756,348,603,951
113333,9,6,2,89,145,279,432,234,711,368,577,945
113537,9,6,2,0,3,0,0,3,0,0,3,3
113573,9,6,2,62,112,197,417,174,614,259,529,788
113582,9,6,2,1,8,0,4,9,4,1,12,13
113634,9,6,2,65,74,387,476,139,863,452,550,1002
113698,9,6,2,7,8,2,8,15,10,9,16,25
113856,9,6,2,92,136,1036,1234,228,2270,1128,1370,2498
113980,9,6,2,101,138,377,588,239,965,478,726,1204
114266,9,6,2,28,45,169,295,73,464,197,340,537
114354,9,6,2,5,29,2,16,34,18,7,45,52
114433,9,6,2,2,5,73,45,7,118,75,50,125
114716,9,6,2,75,126,668,339,201,1007,743,465,1208
114761,9,6,2,1,12,0,0,13,0,1,12,13
114789,9,6,2,137,186,753,951,323,1704,890,1137,2027
114813,9,6,2,17,39,42,125,56,167,59,164,223
114859,9,6,2,87,99,399,533,186,932,486,632,1118
114938,9,6,2,31,31,189,177,62,366,220,208,428
114947,9,6,2,7,14,0,0,21,0,7,14,21
115001,9,6,2,120,206,173,265,326,438,293,471,764
115083,9,6,2,86,15,19,13,101,32,105,28,133
115126,9,6,2,31,38,222,341,69,563,253,379,632
115393,9,6,2,27,50,240,303,77,543,267,353,620
115755,9,6,2,75,91,34,40,166,74,109,131,240
115861,9,6,2,53,75,171,213,128,384,224,288,512
116439,9,6,2,27,31,169,194,58,363,196,225,421
116563,9,6,2,1,20,0,0,21,0,1,20,21
116846,9,6,2,0,4,0,0,4,0,0,4,4
117052,9,6,2,16,21,82,194,37,276,98,215,313
117104,9,6,2,5,6,6,0,11,6,11,6,17
117195,9,6,2,23,23,169,66,46,235,192,89,281
117247,9,6,2,59,92,297,533,151,830,356,625,981
117274,9,6,2,18,17,179,43,35,222,197,60,257
117645,9,6,2,158,292,569,875,450,1444,727,1167,1894
117672,9,6,2,0,20,16,15,20,31,16,35,51
117690,9,6,2,14,31,187,390,45,577,201,421,622
117706,9,6,2,53,94,356,541,147,897,409,635,1044
117715,9,6,2,7,44,110,345,51,455,117,389,506
117724,9,6,2,104,72,415,406,176,821,519,478,997
117733,9,6,2,59,111,382,762,170,1144,441,873,1314
117788,9,6,2,89,109,431,775,198,1206,520,884,1404
117803,9,6,2,0,0,8,37,0,45,8,37,45
117867,9,6,2,32,64,216,467,96,683,248,531,779
117894,9,6,2,21,35,108,230,56,338,129,265,394
117946,9,6,2,4,4,2,1,8,3,6,5,11
118347,9,6,2,11,26,65,153,37,218,76,179,255
118684,9,6,2,21,30,43,147,51,190,64,177,241
118718,9,6,2,53,131,129,362,184,491,182,493,675
118772,9,6,2,61,84,156,405,145,561,217,489,706
118930,9,6,2,31,43,142,280,74,422,173,323,496
118976,9,6,2,139,323,215,614,462,829,354,937,1291
119058,9,6,2,1,1,0,0,2,0,1,1,2
119067,9,6,2,46,54,180,253,100,433,226,307,533
119137,9,6,2,32,45,189,343,77,532,221,388,609
119164,9,6,2,143,215,607,838,358,1445,750,1053,1803
119216,9,6,2,106,168,240,606,274,846,346,774,1120
119331,9,6,2,16,35,52,129,51,181,68,164,232
120254,9,6,2,1,3,0,0,4,0,1,3,4
120290,9,6,2,37,41,185,181,78,366,222,222,444
120342,9,6,2,95,74,359,437,169,796,454,511,965
120403,9,6,2,9,7,1,1,16,2,10,8,18
120421,9,6,2,23,51,136,227,74,363,159,278,437
120865,9,6,2,6,18,6,15,24,21,12,33,45
120883,9,6,2,19,14,0,3,33,3,19,17,36
120953,9,6,2,68,11,565,67,79,632,633,78,711
120971,9,6,2,88,72,640,475,160,1115,728,547,1275
121044,9,6,2,112,144,498,826,256,1324,610,970,1580
121150,9,6,2,5,1,9,14,6,23,14,15,29
121275,9,6,2,8,2,0,0,10,0,8,2,10
121309,9,6,2,12,11,22,51,23,73,34,62,96
121363,9,6,2,12,35,41,134,47,175,53,169,222
121619,9,6,2,83,105,1431,909,188,2340,1514,1014,2528
121707,9,6,2,55,40,168,181,95,349,223,221,444
121886,9,6,2,60,72,908,507,132,1415,968,579,1547
121901,9,6,2,52,94,359,716,146,1075,411,810,1221
122180,9,6,2,71,146,504,877,217,1381,575,1023,1598
122205,9,6,2,68,73,290,529,141,819,358,602,960
122296,9,6,2,34,96,0,9,130,9,34,105,139
122339,9,6,2,51,57,450,601,108,1051,501,658,1159
122375,9,6,2,62,64,444,679,126,1123,506,743,1249
122384,9,6,2,70,31,604,457,101,1061,674,488,1162
122409,9,6,2,244,282,146,143,526,289,390,425,815
122436,9,6,2,45,7,2,5,52,7,47,12,59
122597,9,6,2,267,274,159,182,541,341,426,456,882
122612,9,6,2,38,38,5,9,76,14,43,47,90
122658,9,6,2,98,202,167,467,300,634,265,669,934
122728,9,6,2,11,16,12,18,27,30,23,34,57
122746,9,6,2,45,58,203,352,103,555,248,410,658
122755,9,6,2,231,234,170,180,465,350,401,414,815
122791,9,6,2,20,27,148,213,47,361,168,240,408
122889,9,6,2,48,75,203,330,123,533,251,405,656
122931,9,6,2,4,10,1,1,14,2,5,11,16
122977,9,6,2,156,176,531,859,332,1390,687,1035,1722
123013,9,6,2,66,105,488,606,171,1094,554,711,1265
123217,9,6,2,57,96,248,387,153,635,305,483,788
123341,9,6,2,70,99,264,415,169,679,334,514,848
123457,9,6,2,9,24,3,7,33,10,12,31,43
123484,9,6,2,16,16,38,37,32,75,54,53,107
123509,9,6,2,26,50,162,273,76,435,188,323,511
123563,9,6,2,27,84,218,324,111,542,245,408,653
123572,9,6,2,50,75,29,44,125,73,79,119,198
123800,9,6,2,94,172,340,485,266,825,434,657,1091
123952,9,6,2,9,2,2,0,11,2,11,2,13
123961,9,6,2,47,27,5,5,74,10,52,32,84
124113,9,6,2,9,46,263,174,55,437,272,220,492
124487,9,6,2,0,0,4,2,0,6,4,2,6
125028,9,6,2,39,47,191,410,86,601,230,457,687
125231,9,6,2,31,258,156,806,289,962,187,1064,1251
125462,9,6,2,1,13,89,87,14,176,90,100,190
125471,9,6,2,59,100,302,535,159,837,361,635,996
125499,9,6,2,11,23,96,169,34,265,107,192,299
125763,9,6,2,4,3,2,1,7,3,6,4,10
125897,9,6,2,17,13,2,5,30,7,19,18,37
126119,9,6,2,20,49,89,224,69,313,109,273,382
126182,9,6,2,14,7,27,15,21,42,41,22,63
126207,9,6,2,60,61,73,154,121,227,133,215,348
126289,9,6,2,60,83,126,332,143,458,186,415,601
126562,9,6,2,188,174,126,178,362,304,314,352,666
126580,9,6,2,158,124,105,116,282,221,263,240,503
126614,9,6,2,144,49,121,67,193,188,265,116,381
126711,9,6,2,38,46,95,212,84,307,133,258,391
126748,9,6,2,11,22,7,25,33,32,18,47,65
126775,9,6,2,43,7,22,4,50,26,65,11,76
126818,9,6,2,182,120,151,145,302,296,333,265,598
126827,9,6,2,995,1833,545,1096,2828,1641,1540,2929,4469
126863,9,6,2,45,43,70,193,88,263,115,236,351
126915,9,6,2,2,8,0,8,10,8,2,16,18
126942,9,6,2,53,94,143,292,147,435,196,386,582
126951,9,6,2,65,14,0,0,79,0,65,14,79
127185,9,6,2,22,33,16,19,55,35,38,52,90
127200,9,6,2,139,161,290,522,300,812,429,683,1112
127316,9,6,2,4,5,7,29,9,36,11,34,45
127389,9,6,2,1,3,3,8,4,11,4,11,15
127556,9,6,2,69,80,64,82,149,146,133,162,295
127565,9,6,2,304,298,294,468,602,762,598,766,1364
127617,9,6,2,3,24,15,26,27,41,18,50,68
127653,9,6,2,7,32,3,3,39,6,10,35,45
127714,9,6,2,1,5,26,36,6,62,27,41,68
127732,9,6,2,5,6,11,51,11,62,16,57,73
127741,9,6,2,32,50,21,62,82,83,53,112,165
127778,9,6,2,6,15,11,19,21,30,17,34,51
127820,9,6,2,169,214,250,450,383,700,419,664,1083
127884,9,6,2,80,103,124,264,183,388,204,367,571
127909,9,6,2,76,50,159,186,126,345,235,236,471
127918,9,6,2,24,30,41,54,54,95,65,84,149
128106,9,6,2,34,67,44,39,101,83,78,106,184
128258,9,6,2,23,23,27,41,46,68,50,64,114
128337,9,6,2,0,5,0,2,5,2,0,7,7
128498,9,6,2,11,44,7,11,55,18,18,55,73
128577,9,6,2,10,6,24,42,16,66,34,48,82
128744,9,6,2,13,51,9,34,64,43,22,85,107
128771,9,6,2,59,39,93,65,98,158,152,104,256
128780,9,6,2,15,44,40,151,59,191,55,195,250
128902,9,6,2,0,0,0,1,0,1,0,1,1
129020,9,6,2,34,24,14,9,58,23,48,33,81
129154,9,6,2,8,29,44,458,37,502,52,487,539
129181,9,6,2,16,1,8,2,17,10,24,3,27
129215,9,6,2,15,11,6,13,26,19,21,24,45
129242,9,6,2,2,3,1,3,5,4,3,6,9
129349,9,6,2,0,9,0,5,9,5,0,14,14
129367,9,6,2,13,28,54,222,41,276,67,250,317
129525,9,6,2,2,8,4,10,10,14,6,18,24
129543,9,6,2,12,52,62,163,64,225,74,215,289
129695,9,6,2,10,31,73,165,41,238,83,196,279
129729,9,6,2,29,33,80,242,62,322,109,275,384
129756,9,6,2,11,8,24,79,19,103,35,87,122
129774,9,6,2,2,4,1,2,6,3,3,6,9
129808,9,6,2,12,15,55,155,27,210,67,170,237
129923,9,6,2,8,20,4,12,28,16,12,32,44
129941,9,6,2,20,12,20,13,32,33,40,25,65
130004,9,6,2,8,23,71,170,31,241,79,193,272
130040,9,6,2,4,8,10,58,12,68,14,66,80
130183,9,6,2,218,869,426,1000,1087,1426,644,1869,2513
130217,9,6,2,8,8,23,57,16,80,31,65,96
130226,9,6,2,17,17,4,16,34,20,21,33,54
130253,9,6,2,5,6,22,46,11,68,27,52,79
130314,9,6,2,2,8,1,5,10,6,3,13,16
130396,9,6,2,16,38,103,332,54,435,119,370,489
130590,9,6,2,0,0,2,5,0,7,2,5,7
130606,9,6,2,8,30,60,128,38,188,68,158,226
130697,9,6,2,6,0,0,0,6,0,6,0,6
130776,9,6,2,19,22,13,25,41,38,32,47,79
130794,9,6,2,1,1,9,5,2,14,10,6,16
130934,9,6,2,6,23,4,13,29,17,10,36,46
130943,9,6,2,20,11,19,22,31,41,39,33,72
130989,9,6,2,1,8,6,4,9,10,7,12,19
131113,9,6,2,135,195,346,653,330,999,481,848,1329
131399,9,6,2,42,73,62,225,115,287,104,298,402
131450,9,6,2,27,19,4,5,46,9,31,24,55
131469,9,6,2,58,44,64,65,102,129,122,109,231
131496,9,6,2,10,5,12,13,15,25,22,18,40
131520,9,6,2,9,10,4,6,19,10,13,16,29
132471,9,6,2,21,39,19,21,60,40,40,60,100
132693,9,6,2,109,126,221,428,235,649,330,554,884
132709,9,6,2,169,289,489,1155,458,1644,658,1444,2102
132842,9,6,2,3,17,6,16,20,22,9,33,42
132851,9,6,2,45,66,51,177,111,228,96,243,339
132879,9,6,2,1,0,2,0,1,2,3,0,3
132903,9,6,2,193,244,446,683,437,1129,639,927,1566
133021,9,6,2,6,14,20,51,20,71,26,65,91
133386,9,6,2,116,119,194,415,235,609,310,534,844
133492,9,6,2,0,2,0,0,2,0,0,2,2
133508,9,6,2,52,85,182,396,137,578,234,481,715
133553,9,6,2,63,8,16,2,71,18,79,10,89
133650,9,6,2,22,28,9,31,50,40,31,59,90
133702,9,6,2,204,314,447,1079,518,1526,651,1393,2044
133711,9,6,2,5,13,0,1,18,1,5,14,19
133809,9,6,2,0,0,2,1,0,3,2,1,3
133872,9,6,2,6,32,11,52,38,63,17,84,101
133881,9,6,2,21,7,9,1,28,10,30,8,38
133960,9,6,2,9,11,13,54,20,67,22,65,87
134097,9,6,2,34,32,64,65,66,129,98,97,195
134130,9,6,2,42,26,57,38,68,95,99,64,163
134343,9,6,2,29,68,60,153,97,213,89,221,310
134495,9,6,2,245,247,289,629,492,918,534,876,1410
134608,9,6,2,82,98,205,441,180,646,287,539,826
135160,9,6,2,9,36,47,123,45,170,56,159,215
135188,9,6,2,14,29,43,135,43,178,57,164,221
135391,9,6,2,52,97,117,307,149,424,169,404,573
135407,9,6,2,31,41,1,0,72,1,32,41,73
135610,9,6,2,1,4,3,1,5,4,4,5,9
135717,9,6,2,233,459,656,1302,692,1958,889,1761,2650
135726,9,6,2,10,16,14,27,26,41,24,43,67
136109,9,6,2,0,3,0,9,3,9,0,12,12
136145,9,6,2,4,17,14,52,21,66,18,69,87
136172,9,6,2,56,69,90,109,125,199,146,178,324
136233,9,6,2,42,58,87,167,100,254,129,225,354
136330,9,6,2,10,18,5,6,28,11,15,24,39
136358,9,6,2,164,158,398,932,322,1330,562,1090,1652
136400,9,6,2,59,62,101,210,121,311,160,272,432
136473,9,6,2,80,142,116,299,222,415,196,441,637
136516,9,6,2,49,97,117,290,146,407,166,387,553
136659,9,6,2,7,11,10,5,18,15,17,16,33
136950,9,6,2,6,17,8,1,23,9,14,18,32
137078,9,6,2,213,331,569,1175,544,1744,782,1506,2288
137096,9,6,2,84,76,167,281,160,448,251,357,608
137209,9,6,2,109,97,315,519,206,834,424,616,1040
137281,9,6,2,14,35,49,164,49,213,63,199,262
137351,9,6,2,191,181,240,327,372,567,431,508,939
137546,9,6,2,6,5,1,0,11,1,7,5,12
137564,9,6,2,32,50,31,28,82,59,63,78,141
137591,9,6,2,5,18,0,10,23,10,5,28,33
137759,9,6,2,36,68,103,218,104,321,139,286,425
138187,9,6,2,222,308,648,1243,530,1891,870,1551,2421
138275,9,6,2,3,8,4,2,11,6,7,10,17
138309,9,6,2,111,640,106,706,751,812,217,1346,1563
138354,9,6,2,93,158,123,216,251,339,216,374,590
138558,9,6,2,8,16,10,54,24,64,18,70,88
138600,9,6,2,2,9,0,0,11,0,2,9,11
138682,9,6,2,31,88,48,131,119,179,79,219,298
138716,9,6,2,8,90,23,136,98,159,31,226,257
138761,9,6,2,0,3,0,7,3,7,0,10,10
138840,9,6,2,72,82,74,255,154,329,146,337,483
138938,9,6,2,0,24,1,28,24,29,1,52,53
138947,9,6,2,7,1,1,4,8,5,8,5,13
138956,9,6,2,47,81,106,176,128,282,153,257,410
139144,9,6,2,1,0,0,0,1,0,1,0,1
139199,9,6,2,6,58,4,53,64,57,10,111,121
139205,9,6,2,4,2,11,1,6,12,15,3,18
139250,9,6,2,16,44,26,85,60,111,42,129,171
139278,9,6,2,32,76,88,245,108,333,120,321,441
139311,9,6,2,44,133,42,128,177,170,86,261,347
139357,9,6,2,20,75,45,167,95,212,65,242,307
139366,9,6,2,64,87,83,70,151,153,147,157,304
139384,9,6,2,41,98,66,187,139,253,107,285,392
139393,9,6,2,0,1,0,0,1,0,0,1,1
139463,9,6,2,23,37,32,77,60,109,55,114,169
139506,9,6,2,10,6,0,0,16,0,10,6,16
139621,9,6,2,3,12,11,10,15,21,14,22,36
139658,9,6,2,7,11,0,0,18,0,7,11,18
139700,9,6,2,17,60,49,152,77,201,66,212,278
139719,9,6,2,10,17,5,14,27,19,15,31,46
139755,9,6,2,26,10,13,11,36,24,39,21,60
139764,9,6,2,2,43,23,50,45,73,25,93,118
139861,9,6,2,3,1,1,1,4,2,4,2,6
139931,9,6,2,119,162,93,155,281,248,212,317,529
139940,9,6,2,142,230,195,298,372,493,337,528,865
139959,9,6,2,17,10,16,20,27,36,33,30,63
139986,9,6,2,27,96,62,261,123,323,89,357,446
140012,9,6,2,57,76,155,386,133,541,212,462,674
140234,9,6,2,6,9,0,3,15,3,6,12,18
140243,9,6,2,15,36,57,134,51,191,72,170,242
140252,9,6,2,9,10,4,8,19,12,13,18,31
140331,9,6,2,70,84,134,322,154,456,204,406,610
140447,9,6,2,21,110,22,75,131,97,43,185,228
140678,9,6,2,26,35,25,89,61,114,51,124,175
140696,9,6,2,5,7,3,2,12,5,8,9,17
140720,9,6,2,5,4,0,3,9,3,5,7,12
140818,9,6,2,3,27,7,23,30,30,10,50,60
140942,9,6,2,46,59,62,219,105,281,108,278,386
140951,9,6,2,38,51,20,56,89,76,58,107,165
140960,9,6,2,12,20,11,19,32,30,23,39,62
140988,9,6,2,5,8,2,7,13,9,7,15,22
141006,9,6,2,12,30,25,46,42,71,37,76,113
141060,9,6,2,0,4,34,118,4,152,34,122,156
141255,9,6,2,17,68,81,134,85,215,98,202,300
141264,9,6,2,41,72,43,91,113,134,84,163,247
141334,9,6,2,48,85,35,87,133,122,83,172,255
141565,9,6,2,21,28,25,47,49,72,46,75,121
141574,9,6,2,96,93,71,87,189,158,167,180,347
141644,9,6,2,53,35,44,25,88,69,97,60,157
141680,9,6,2,48,21,112,106,69,218,160,127,287
141796,9,6,2,43,64,120,287,107,407,163,351,514
141802,9,6,2,4,3,16,40,7,56,20,43,63
141811,9,6,2,46,56,101,243,102,344,147,299,446
141839,9,6,2,12,19,29,92,31,121,41,111,152
141981,9,6,2,42,65,46,97,107,143,88,162,250
141990,9,6,2,2,8,37,111,10,148,39,119,158
142115,9,6,2,167,161,249,294,328,543,416,455,871
142179,9,6,2,13,25,21,73,38,94,34,98,132
142276,9,6,2,98,114,97,109,212,206,195,223,418
142285,9,6,2,58,36,38,30,94,68,96,66,162
142407,9,6,2,1,3,0,0,4,0,1,3,4
142443,9,6,2,21,44,49,119,65,168,70,163,233
142461,9,6,2,3,11,4,10,14,14,7,21,28
142522,9,6,2,217,130,1143,1167,347,2310,1360,1297,2657
142559,9,6,2,38,49,61,168,87,229,99,217,316
142832,9,6,2,0,0,3,0,0,3,3,0,3
142887,9,6,2,0,1,0,0,1,0,0,1,1
143118,9,6,2,10,51,11,34,61,45,21,85,106
143215,9,6,2,47,76,138,249,123,387,185,325,510
143279,9,6,2,14,35,48,115,49,163,62,150,212
143288,9,6,2,1,8,0,0,9,0,1,8,9
143358,9,6,2,6,3,4,3,9,7,10,6,16
143376,9,6,2,1,11,0,10,12,10,1,21,22
143613,9,6,2,8,28,9,37,36,46,17,65,82
144050,9,6,2,9,1,0,0,10,0,9,1,10
144157,9,6,2,24,51,34,100,75,134,58,151,209
144166,9,6,2,52,173,111,414,225,525,163,587,750
144175,9,6,2,26,45,42,118,71,160,68,163,231
144184,9,6,2,35,71,236,384,106,620,271,455,726
144193,9,6,2,55,48,97,209,103,306,152,257,409
144209,9,6,2,25,47,91,166,72,257,116,213,329
144218,9,6,2,36,63,179,339,99,518,215,402,617
144351,9,6,2,11,20,10,9,31,19,21,29,50
144564,9,6,2,15,32,33,39,47,72,48,71,119
144740,9,6,2,93,68,87,85,161,172,180,153,333
144865,9,6,2,81,125,366,589,206,955,447,714,1161
144883,9,6,2,7,10,0,0,17,0,7,10,17
144892,9,6,2,20,39,26,70,59,96,46,109,155
144944,9,6,2,32,30,174,286,62,460,206,316,522
144962,9,6,2,20,27,3,4,47,7,23,31,54
144971,9,6,2,1,0,1,3,1,4,2,3,5
145099,9,6,2,1,20,0,0,21,0,1,20,21
145336,9,6,2,26,70,56,78,96,134,82,148,230
145372,9,6,2,2,5,1,3,7,4,3,8,11
145521,9,6,2,5,6,16,36,11,52,21,42,63
145600,9,6,2,92,98,69,88,190,157,161,186,347
145619,9,6,2,8,12,13,12,20,25,21,24,45
145637,9,6,2,37,12,16,14,49,30,53,26,79
145682,9,6,2,18,35,77,233,53,310,95,268,363
145691,9,6,2,2,5,4,7,7,11,6,12,18
145707,9,6,2,5,13,5,24,18,29,10,37,47
145813,9,6,2,34,31,17,31,65,48,51,62,113
145831,9,6,2,9,16,44,61,25,105,53,77,130
146205,9,6,2,20,47,37,74,67,111,57,121,178
146278,9,6,2,18,18,19,59,36,78,37,77,114
146296,9,6,2,24,60,150,286,84,436,174,346,520
146339,9,6,2,5,18,0,8,23,8,5,26,31
146348,9,6,2,13,16,38,107,29,145,51,123,174
146366,9,6,2,18,29,32,70,47,102,50,99,149
146418,9,6,2,10,19,38,81,29,119,48,100,148
146427,9,6,2,1,1,1,0,2,1,2,1,3
146472,9,6,2,22,59,222,447,81,669,244,506,750
146481,9,6,2,5,2,1,0,7,1,6,2,8
146506,9,6,2,22,57,25,70,79,95,47,127,174
146533,9,6,2,0,8,1,3,8,4,1,11,12
146603,9,6,2,15,20,31,82,35,113,46,102,148
146612,9,6,2,26,40,43,26,66,69,69,66,135
146685,9,6,2,36,31,66,227,67,293,102,258,360
146700,9,6,2,61,18,0,0,79,0,61,18,79
146719,9,6,2,25,57,12,33,82,45,37,90,127
147004,9,6,2,15,23,92,192,38,284,107,215,322
147013,9,6,2,3,28,6,13,31,19,9,41,50
147129,9,6,2,3,22,2,39,25,41,5,61,66
147244,9,6,2,2,9,0,6,11,6,2,15,17
147369,9,6,2,29,18,28,12,47,40,57,30,87
147378,9,6,2,19,42,123,237,61,360,142,279,421
147411,9,6,2,5,6,36,77,11,113,41,83,124
147536,9,6,2,24,135,19,145,159,164,43,280,323
147590,9,6,2,0,2,0,4,2,4,0,6,6
147660,9,6,2,8,6,0,0,14,0,8,6,14
147679,9,6,2,9,6,4,13,15,17,13,19,32
147776,9,6,2,55,76,87,147,131,234,142,223,365
147800,9,6,2,18,36,171,317,54,488,189,353,542
147828,9,6,2,3,13,3,2,16,5,6,15,21
147916,9,6,2,33,42,77,155,75,232,110,197,307
148007,9,6,2,12,30,62,109,42,171,74,139,213
148131,9,6,2,1,5,4,5,6,9,5,10,15
148256,9,6,2,10,30,9,38,40,47,19,68,87
148292,9,6,2,7,37,29,87,44,116,36,124,160
148380,9,6,2,38,38,150,190,76,340,188,228,416
148487,9,6,2,16,35,14,52,51,66,30,87,117
148511,9,6,2,3,5,5,11,8,16,8,16,24
148575,9,6,2,1,4,0,2,5,2,1,6,7
148627,9,6,2,9,10,4,8,19,12,13,18,31
148654,9,6,2,36,44,67,59,80,126,103,103,206
148672,9,6,2,6,13,19,27,19,46,25,40,65
148821,9,6,2,4,19,9,30,23,39,13,49,62
148876,9,6,2,2,67,6,32,69,38,8,99,107
148937,9,6,2,7,11,16,25,18,41,23,36,59
148991,9,6,2,3,9,18,42,12,60,21,51,72
149222,9,6,2,80,86,92,71,166,163,172,157,329
149231,9,6,2,35,49,47,114,84,161,82,163,245
149310,9,6,2,16,13,0,0,29,0,16,13,29
149365,9,6,2,10,39,21,95,49,116,31,134,165
149532,9,6,2,38,56,274,297,94,571,312,353,665
149727,9,6,2,11,20,126,245,31,371,137,265,402
149772,9,6,2,37,55,41,53,92,94,78,108,186
149781,9,6,2,3,0,1,0,3,1,4,0,4
149842,9,6,2,29,53,177,412,82,589,206,465,671
150136,9,6,2,36,61,24,51,97,75,60,112,172
150163,9,6,2,5,6,0,0,11,0,5,6,11
150172,9,6,2,1,4,13,7,5,20,14,11,25
150534,9,6,2,7,10,4,3,17,7,11,13,24
150604,9,6,2,0,1,0,1,1,1,0,2,2
150668,9,6,2,0,7,1,3,7,4,1,10,11
150677,9,6,2,6,9,1,1,15,2,7,10,17
150765,9,6,2,0,8,0,0,8,0,0,8,8
150941,9,6,2,4,11,6,11,15,17,10,22,32
150987,9,6,2,377,876,2233,2861,1253,5094,2610,3737,6347
151111,9,6,2,145,202,110,136,347,246,255,338,593
151263,9,6,2,12,12,14,40,24,54,26,52,78
151290,9,6,2,3,1,4,0,4,4,7,1,8
151306,9,6,2,25,34,25,43,59,68,50,77,127
151324,9,6,2,49,52,94,126,101,220,143,178,321
151333,9,6,2,17,29,10,36,46,46,27,65,92
151342,9,6,2,32,61,38,57,93,95,70,118,188
151351,9,6,2,39,28,15,18,67,33,54,46,100
151360,9,6,2,17,53,19,63,70,82,36,116,152
151379,9,6,2,31,25,48,67,56,115,79,92,171
151388,9,6,2,21,60,84,77,81,161,105,137,242
151661,9,6,2,48,9,0,0,57,0,48,9,57
151777,9,6,2,1,6,0,0,7,0,1,6,7
151962,9,6,2,14,40,4,8,54,12,18,48,66
152080,9,6,2,1,0,0,0,1,0,1,0,1
152318,9,6,2,1,1,0,0,2,0,1,1,2
152336,9,6,2,4,32,1,23,36,24,5,55,60
152390,9,6,2,0,2,0,0,2,0,0,2,2
152567,9,6,2,3,1,0,0,4,0,3,1,4
152600,9,6,2,7,7,1,1,14,2,8,8,16
152637,9,6,2,45,59,71,83,104,154,116,142,258
152798,9,6,2,1,10,0,4,11,4,1,14,15
152992,9,6,2,3,0,5,11,3,16,8,11,19
153001,9,6,2,6,80,4,24,86,28,10,104,114
153083,9,6,2,0,10,0,0,10,0,0,10,10
153108,9,6,2,0,1,0,0,1,0,0,1,1
153126,9,6,2,0,4,1,1,4,2,1,5,6
153144,9,6,2,1,0,0,0,1,0,1,0,1
153214,9,6,2,83,131,220,423,214,643,303,554,857
153241,9,6,2,7,15,1,3,22,4,8,18,26
153250,9,6,2,1,0,1,0,1,1,2,0,2
153269,9,6,2,12,8,3,4,20,7,15,12,27
153302,9,6,2,1,0,0,0,1,0,1,0,1
153311,9,6,2,29,92,53,163,121,216,82,255,337
153366,9,6,2,1,12,0,5,13,5,1,17,18
153445,9,6,2,27,48,20,71,75,91,47,119,166
153472,9,6,2,21,41,7,34,62,41,28,75,103
153524,9,6,2,38,56,32,77,94,109,70,133,203
153533,9,6,2,2,15,4,16,17,20,6,31,37
153621,9,6,2,3,4,2,9,7,11,5,13,18
153630,9,6,2,24,38,21,114,62,135,45,152,197
153658,9,6,2,52,35,64,70,87,134,116,105,221
153737,9,6,2,76,98,125,258,174,383,201,356,557
153825,9,6,2,1,2,1,3,3,4,2,5,7
153834,9,6,2,1,0,0,3,1,3,1,3,4
154004,9,6,2,3,4,2,4,7,6,5,8,13
154013,9,6,2,4,17,11,25,21,36,15,42,57
154110,9,6,2,20,24,13,82,44,95,33,106,139
154174,9,6,2,0,1,0,0,1,0,0,1,1
154235,9,6,2,6,13,5,2,19,7,11,15,26
154262,9,6,2,0,6,0,18,6,18,0,24,24
154350,9,6,2,6,2,6,2,8,8,12,4,16
154396,9,6,2,5,16,2,29,21,31,7,45,52
154493,9,6,2,30,101,92,129,131,221,122,230,352
154572,9,6,2,36,50,29,112,86,141,65,162,227
154697,9,6,2,34,56,129,181,90,310,163,237,400
154712,9,6,2,0,0,2,1,0,3,2,1,3
154749,9,6,2,0,3,0,0,3,0,0,3,3
154800,9,6,2,34,74,89,216,108,305,123,290,413
154907,9,6,2,4,13,3,23,17,26,7,36,43
154925,9,6,2,9,10,2,5,19,7,11,15,26
154934,9,6,2,13,13,3,36,26,39,16,49,65
154952,9,6,2,21,21,20,65,42,85,41,86,127
154998,9,6,2,9,8,21,29,17,50,30,37,67
155025,9,6,2,11,29,5,9,40,14,16,38,54
155052,9,6,2,5,10,2,6,15,8,7,16,23
155089,9,6,2,7,7,6,9,14,15,13,16,29
155098,9,6,2,4,11,3,15,15,18,7,26,33
155104,9,6,2,8,17,10,27,25,37,18,44,62
155140,9,6,2,10,9,0,7,19,7,10,16,26
155177,9,6,2,1,5,0,1,6,1,1,6,7
155195,9,6,2,26,47,77,116,73,193,103,163,266
155210,9,6,2,96,106,253,403,202,656,349,509,858
155292,9,6,2,31,45,76,153,76,229,107,198,305
155317,9,6,2,59,58,79,83,117,162,138,141,279
155399,9,6,2,67,61,55,115,128,170,122,176,298
155414,9,6,2,3,3,2,0,6,2,5,3,8
155423,9,6,2,11,18,4,10,29,14,15,28,43
155487,9,6,2,3,13,3,5,16,8,6,18,24
155566,9,6,2,4,8,7,29,12,36,11,37,48
155618,9,6,2,3,1,5,4,4,9,8,5,13
155715,9,6,2,1,2,8,33,3,41,9,35,44
155812,9,6,2,4,5,3,3,9,6,7,8,15
155858,9,6,2,7,15,12,40,22,52,19,55,74
155900,9,6,2,8,5,80,24,13,104,88,29,117
156082,9,6,2,36,82,23,47,118,70,59,129,188
156107,9,6,2,74,47,60,96,121,156,134,143,277
156125,9,6,2,79,194,138,213,273,351,217,407,624
156189,9,6,2,1,1,0,1,2,1,1,2,3
156213,9,6,2,1,14,15,24,15,39,16,38,54
156231,9,6,2,27,49,24,65,76,89,51,114,165
156286,9,6,2,11,12,2,6,23,8,13,18,31
156295,9,6,2,3,2,0,1,5,1,3,3,6
156338,9,6,2,36,61,46,123,97,169,82,184,266
156356,9,6,2,3,19,1,3,22,4,4,22,26
156392,9,6,2,109,160,167,338,269,505,276,498,774
156408,9,6,2,0,0,0,1,0,1,0,1,1
156426,9,6,2,0,11,0,10,11,10,0,21,21
156541,9,6,2,60,292,30,96,352,126,90,388,478
156620,9,6,2,127,193,114,105,320,219,241,298,539
156648,9,6,2,51,82,110,142,133,252,161,224,385
156745,9,6,2,0,2,0,0,2,0,0,2,2
156790,9,6,2,9,36,25,59,45,84,34,95,129
156842,9,6,2,1,9,1,4,10,5,2,13,15
156851,9,6,2,8,16,8,63,24,71,16,79,95
156860,9,6,2,24,44,43,96,68,139,67,140,207
156921,9,6,2,82,90,200,347,172,547,282,437,719
157030,9,6,2,1,0,1,0,1,1,2,0,2
157058,9,6,2,2,19,3,6,21,9,5,25,30
157076,9,6,2,4,8,0,0,12,0,4,8,12
157085,9,6,2,79,65,67,99,144,166,146,164,310
157216,9,6,2,8,31,0,10,39,10,8,41,49
157289,9,6,2,89,118,123,144,207,267,212,262,474
157304,9,6,2,21,50,103,107,71,210,124,157,281
157331,9,6,2,28,45,28,120,73,148,56,165,221
157386,9,6,2,20,51,13,55,71,68,33,106,139
157401,9,6,2,25,56,28,45,81,73,53,101,154
157438,9,6,2,38,48,84,119,86,203,122,167,289
157447,9,6,2,53,93,98,158,146,256,151,251,402
157483,9,6,2,20,84,146,138,104,284,166,222,388
157535,9,6,2,6,3,0,2,9,2,6,5,11
157553,9,6,2,38,57,25,50,95,75,63,107,170
157614,9,6,2,1,8,0,0,9,0,1,8,9
157650,9,6,2,0,6,0,7,6,7,0,13,13
157669,9,6,2,0,8,0,0,8,0,0,8,8
157678,9,6,2,0,8,0,0,8,0,0,8,8
157711,9,6,2,47,106,65,167,153,232,112,273,385
157739,9,6,2,21,63,30,63,84,93,51,126,177
157757,9,6,2,5,19,4,8,24,12,9,27,36
157951,9,6,2,66,101,61,96,167,157,127,197,324
158662,9,6,2,117,280,257,923,397,1180,374,1203,1577
158802,9,6,2,4,14,0,0,18,0,4,14,18
158884,9,6,2,16,46,29,121,62,150,45,167,212
159197,9,6,2,38,9,0,0,47,0,38,9,47
159382,9,6,2,50,155,43,173,205,216,93,328,421
159391,9,6,2,115,81,58,47,196,105,173,128,301
159407,9,6,2,13,43,22,109,56,131,35,152,187
159647,9,6,2,14,13,11,15,27,26,25,28,53
159656,9,6,2,9,13,9,7,22,16,18,20,38
159717,9,6,2,31,68,17,45,99,62,48,113,161
159939,9,6,2,56,58,64,61,114,125,120,119,239
159966,9,6,2,22,69,17,41,91,58,39,110,149
159993,9,6,2,17,43,27,80,60,107,44,123,167
160010,9,6,2,13,4,19,37,17,56,32,41,73
160472,9,6,2,0,9,0,4,9,4,0,13,13
160579,9,6,2,25,82,38,82,107,120,63,164,227
160612,9,6,2,43,60,16,46,103,62,59,106,165
160621,9,6,2,23,45,17,40,68,57,40,85,125
160630,9,6,2,10,85,8,39,95,47,18,124,142
160649,9,6,2,25,128,19,112,153,131,44,240,284
160658,9,6,2,62,89,42,125,151,167,104,214,318
160667,9,6,2,28,50,23,31,78,54,51,81,132
160755,9,6,2,5,5,22,40,10,62,27,45,72
160904,9,6,2,2,0,0,4,2,4,2,4,6
161004,9,6,2,1,0,1,0,1,1,2,0,2
161077,9,6,2,8,41,36,84,49,120,44,125,169
161138,9,6,2,14,24,28,67,38,95,42,91,133
161192,9,6,2,12,13,27,90,25,117,39,103,142
161208,9,6,2,2,0,0,0,2,0,2,0,2
161217,9,6,2,37,96,110,201,133,311,147,297,444
161226,9,6,2,4,4,3,3,8,6,7,7,14
161235,9,6,2,6,13,11,50,19,61,17,63,80
161253,9,6,2,26,40,63,56,66,119,89,96,185
161299,9,6,2,6,1,2,1,7,3,8,2,10
161341,9,6,2,17,47,19,52,64,71,36,99,135
161457,9,6,2,7,9,57,108,16,165,64,117,181
161484,9,6,2,2,10,8,37,12,45,10,47,57
161493,9,6,2,0,5,2,4,5,6,2,9,11
161509,9,6,2,2,2,0,0,4,0,2,2,4
161545,9,6,2,32,46,118,210,78,328,150,256,406
161554,9,6,2,50,59,58,72,109,130,108,131,239
161572,9,6,2,154,453,0,1,607,1,154,454,608
161581,9,6,2,3,5,6,26,8,32,9,31,40
161688,9,6,2,12,17,16,122,29,138,28,139,167
161767,9,6,2,49,61,152,443,110,595,201,504,705
161864,9,6,2,13,49,54,319,62,373,67,368,435
161873,9,6,2,19,51,43,49,70,92,62,100,162
162104,9,6,2,6,10,22,68,16,90,28,78,106
162122,9,6,2,28,59,75,195,87,270,103,254,357
162168,9,6,2,0,6,17,83,6,100,17,89,106
162210,9,6,2,6,25,2,6,31,8,8,31,39
162283,9,6,2,9,50,6,40,59,46,15,90,105
162584,9,6,2,14,13,15,52,27,67,29,65,94
162654,9,6,2,1,3,0,0,4,0,1,3,4
162690,9,6,2,14,29,38,175,43,213,52,204,256
162706,9,6,2,10,29,48,194,39,242,58,223,281
162830,9,6,2,1,7,0,0,8,0,1,7,8
163028,9,6,2,40,5,26,6,45,32,66,11,77
163204,9,6,2,994,767,3990,2685,1761,6675,4984,3452,8436
163259,9,6,2,20,53,6,41,73,47,26,94,120
163268,9,6,2,46,49,69,59,95,128,115,108,223
163286,9,6,2,101,67,76,67,168,143,177,134,311
163295,9,6,2,3,4,1,5,7,6,4,9,13
163338,9,6,2,8,10,4,5,18,9,12,15,27
163453,9,6,2,38,61,23,34,99,57,61,95,156
163462,9,6,2,4,7,4,8,11,12,8,15,23
163578,9,6,2,3,37,2,18,40,20,5,55,60
163851,9,6,2,18,37,9,16,55,25,27,53,80
163912,9,6,2,4,1,1,2,5,3,5,3,8
163976,9,6,2,1,0,0,0,1,0,1,0,1
164076,9,6,2,62,86,65,95,148,160,127,181,308
164216,9,6,2,1,0,0,0,1,0,1,0,1
164270,9,6,2,0,7,1,0,7,1,1,7,8
164313,9,6,2,12,11,35,161,23,196,47,172,219
164465,9,6,2,4,0,0,0,4,0,4,0,4
164492,9,6,2,14,6,28,4,20,32,42,10,52
164599,9,6,2,0,0,1,3,0,4,1,3,4
164632,9,6,2,0,79,0,88,79,88,0,167,167
164739,9,6,2,0,3,0,0,3,0,0,3,3
164775,9,6,2,4,18,21,81,22,102,25,99,124
164845,9,6,2,0,6,0,1,6,1,0,7,7
164872,9,6,2,8,8,6,13,16,19,14,21,35
164988,9,6,2,7,8,29,30,15,59,36,38,74
165015,9,6,2,0,0,1,1,0,2,1,1,2
165024,9,6,2,34,50,47,78,84,125,81,128,209
165033,9,6,2,25,93,102,330,118,432,127,423,550
165112,9,6,2,80,95,210,444,175,654,290,539,829
165167,9,6,2,9,17,26,102,26,128,35,119,154
165194,9,6,2,12,13,54,142,25,196,66,155,221
165264,9,6,2,3,18,19,192,21,211,22,210,232
165334,9,6,2,3,0,0,0,3,0,3,0,3
165556,9,6,2,2,14,1,3,16,4,3,17,20
165662,9,6,2,6,5,1,0,11,1,7,5,12
165671,9,6,2,0,0,2,8,0,10,2,8,10
165820,9,6,2,13,13,24,74,26,98,37,87,124
165866,9,6,2,14,15,15,11,29,26,29,26,55
165981,9,6,2,4,15,23,89,19,112,27,104,131
166018,9,6,2,1,3,0,0,4,0,1,3,4
166027,9,6,2,43,29,101,133,72,234,144,162,306
166133,9,6,2,20,33,55,168,53,223,75,201,276
166391,9,6,2,2,5,1,2,7,3,3,7,10
166513,9,6,2,96,79,179,173,175,352,275,252,527
166629,9,6,2,56,54,60,101,110,161,116,155,271
166647,9,6,2,22,25,69,177,47,246,91,202,293
166674,9,6,2,9,11,5,23,20,28,14,34,48
166683,9,6,2,4,0,2,0,4,2,6,0,6
166717,9,6,2,2,1,3,2,3,5,5,3,8
166823,9,6,2,28,33,68,259,61,327,96,292,388
166850,9,6,2,2,2,3,10,4,13,5,12,17
166887,9,6,2,26,47,96,294,73,390,122,341,463
166911,9,6,2,1,0,0,1,1,1,1,1,2
166939,9,6,2,0,14,0,3,14,3,0,17,17
166957,9,6,2,13,32,54,187,45,241,67,219,286
167288,9,6,2,5,3,4,9,8,13,9,12,21
167312,9,6,2,36,38,82,256,74,338,118,294,412
167358,9,6,2,7,6,1,0,13,1,8,6,14
167376,9,6,2,19,28,55,209,47,264,74,237,311
167394,9,6,2,9,31,3,22,40,25,12,53,65
167534,9,6,2,34,95,97,344,129,441,131,439,570
167598,9,6,2,3,20,3,34,23,37,6,54,60
167729,9,6,2,28,57,35,68,85,103,63,125,188
167783,9,6,2,0,10,0,32,10,32,0,42,42
167835,9,6,2,0,17,0,2,17,2,0,19,19
167871,9,6,2,2,7,2,3,9,5,4,10,14
167905,9,6,2,36,76,82,223,112,305,118,299,417
167987,9,6,2,27,39,32,61,66,93,59,100,159
168005,9,6,2,9,16,4,4,25,8,13,20,33
168148,9,6,2,5,1,10,1,6,11,15,2,17
168227,9,6,2,14,2,14,4,16,18,28,6,34
168254,9,6,2,4,1,6,2,5,8,10,3,13
168342,9,6,2,1,3,0,0,4,0,1,3,4
168421,9,6,2,5,0,0,1,5,1,5,1,6
168430,9,6,2,10,22,32,57,32,89,42,79,121
168528,9,6,2,2,2,1,0,4,1,3,2,5
168546,9,6,2,0,0,2,0,0,2,2,0,2
168591,9,6,2,1,1,0,0,2,0,1,1,2
168607,9,6,2,5,7,22,24,12,46,27,31,58
168740,9,6,2,7,3,4,10,10,14,11,13,24
168786,9,6,2,1,1,1,4,2,5,2,5,7
168847,9,6,2,44,107,76,232,151,308,120,339,459
168892,9,6,2,0,5,0,9,5,9,0,14,14
169248,9,6,2,35,64,49,102,99,151,84,166,250
169275,9,6,2,27,79,107,312,106,419,134,391,525
169284,9,6,2,1,16,3,4,17,7,4,20,24
169442,9,6,2,6,11,6,4,17,10,12,15,27
169503,9,6,2,0,28,0,0,28,0,0,28,28
169521,9,6,2,49,90,193,355,139,548,242,445,687
169576,9,6,2,1,29,0,0,30,0,1,29,30
169655,9,6,2,104,6,0,0,110,0,104,6,110
169716,9,6,2,7,15,11,12,22,23,18,27,45
169798,9,6,2,84,82,143,217,166,360,227,299,526
169910,9,6,2,43,48,99,114,91,213,142,162,304
169992,9,6,2,4,17,6,22,21,28,10,39,49
170000,9,6,2,31,29,15,10,60,25,46,39,85
170055,9,6,2,45,64,353,459,109,812,398,523,921
170082,9,6,2,69,48,88,86,117,174,157,134,291
170240,9,6,2,55,111,167,299,166,466,222,410,632
170286,9,6,2,3,0,0,0,3,0,3,0,3
170550,9,6,2,15,29,44,224,44,268,59,253,312
170587,9,6,2,10,25,28,65,35,93,38,90,128
170639,9,6,2,8,11,6,8,19,14,14,19,33
170657,9,6,2,51,65,221,354,116,575,272,419,691
170675,9,6,2,11,6,12,8,17,20,23,14,37
170790,9,6,2,67,151,379,652,218,1031,446,803,1249
170806,9,6,2,8,28,7,32,36,39,15,60,75
170976,9,6,2,40,38,19,4,78,23,59,42,101
171100,9,6,2,28,33,28,31,61,59,56,64,120
171137,9,6,2,44,34,75,64,78,139,119,98,217
171146,9,6,2,46,100,51,137,146,188,97,237,334
171155,9,6,2,27,33,32,85,60,117,59,118,177
171225,9,6,2,14,17,37,88,31,125,51,105,156
171304,9,6,2,12,22,82,130,34,212,94,152,246
171456,9,6,2,23,30,24,25,53,49,47,55,102
171483,9,6,2,26,30,57,92,56,149,83,122,205
171492,9,6,2,18,26,55,46,44,101,73,72,145
171571,9,6,2,62,109,107,90,171,197,169,199,368
172200,9,6,2,39,40,155,402,79,557,194,442,636
172291,9,6,2,13,54,34,92,67,126,47,146,193
172307,9,6,2,10,13,22,55,23,77,32,68,100
172334,9,6,2,4,14,7,17,18,24,11,31,42
172617,9,6,2,85,87,283,507,172,790,368,594,962
172644,9,6,2,70,100,113,166,170,279,183,266,449
172680,9,6,2,1,2,0,2,3,2,1,4,5
172699,9,6,2,61,51,62,73,112,135,123,124,247
173045,9,6,2,17,11,10,14,28,24,27,25,52
173142,9,6,2,1,0,1,1,1,2,2,1,3
173160,9,6,2,6,5,16,32,11,48,22,37,59
173258,9,6,2,0,0,0,1,0,1,0,1,1
173300,9,6,2,1,0,1,2,1,3,2,2,4
173452,9,6,2,2,0,6,8,2,14,8,8,16
173665,9,6,2,5,2,3,1,7,4,8,3,11
174066,9,6,2,107,77,102,82,184,184,209,159,368
174075,9,6,2,21,35,44,78,56,122,65,113,178
174127,9,6,2,4,2,0,0,6,0,4,2,6
174233,9,6,2,21,14,9,7,35,16,30,21,51
174251,9,6,2,3,3,0,4,6,4,3,7,10
174491,9,6,2,3,6,1,4,9,5,4,10,14
174507,9,6,2,1,7,4,19,8,23,5,26,31
174792,9,6,2,0,0,1,0,0,1,1,0,1
174899,9,6,2,8,49,11,25,57,36,19,74,93
174914,9,6,2,11,3,1,4,14,5,12,7,19
174978,9,6,2,0,5,0,9,5,9,0,14,14
175005,9,6,2,6,54,12,98,60,110,18,152,170
175014,9,6,2,29,193,24,193,222,217,53,386,439
175120,9,6,2,55,21,0,0,76,0,55,21,76
175227,9,6,2,48,9,23,8,57,31,71,17,88
175421,9,6,2,10,29,5,47,39,52,15,76,91
175430,9,6,2,5,8,0,2,13,2,5,10,15
175573,9,6,2,2,40,6,23,42,29,8,63,71
175616,9,6,2,9,25,4,7,34,11,13,32,45
175652,9,6,2,12,52,10,50,64,60,22,102,124
175786,9,6,2,61,163,51,161,224,212,112,324,436
175810,9,6,2,23,145,21,103,168,124,44,248,292
175829,9,6,2,18,46,27,76,64,103,45,122,167
175856,9,6,2,29,98,13,44,127,57,42,142,184
175883,9,6,2,12,63,11,38,75,49,23,101,124
175935,9,6,2,17,109,8,51,126,59,25,160,185
175980,9,6,2,0,0,0,1,0,1,0,1,1
176008,9,6,2,9,36,3,19,45,22,12,55,67
176017,9,6,2,32,42,30,44,74,74,62,86,148
176035,9,6,2,10,67,3,16,77,19,13,83,96
176044,9,6,2,4,18,5,7,22,12,9,25,34
176053,9,6,2,4,12,5,7,16,12,9,19,28
176080,9,6,2,42,98,69,81,140,150,111,179,290
176178,9,6,2,16,81,16,54,97,70,32,135,167
176239,9,6,2,17,131,12,66,148,78,29,197,226
176318,9,6,2,10,13,0,5,23,5,10,18,28
176372,9,6,2,85,157,80,99,242,179,165,256,421
176433,9,6,2,0,4,0,1,4,1,0,5,5
176479,9,6,2,20,94,4,27,114,31,24,121,145
176628,9,6,2,7,16,4,10,23,14,11,26,37
176947,9,6,2,1,2,0,0,3,0,1,2,3
176965,9,6,2,44,42,52,45,86,97,96,87,183
176983,9,6,2,3,4,0,0,7,0,3,4,7
177038,9,6,2,3,4,1,3,7,4,4,7,11
177135,9,6,2,37,40,39,93,77,132,76,133,209
177144,9,6,2,0,2,0,0,2,0,0,2,2
177214,9,6,2,5,3,2,0,8,2,7,3,10
177250,9,6,2,15,20,18,60,35,78,33,80,113
177302,9,6,2,58,3,0,0,61,0,58,3,61
177418,9,6,2,3,4,2,11,7,13,5,15,20
177472,9,6,2,56,132,130,257,188,387,186,389,575
177676,9,6,2,22,28,16,95,50,111,38,123,161
177685,9,6,2,2,12,0,0,14,0,2,12,14
177940,9,6,2,10,12,4,15,22,19,14,27,41
177977,9,6,2,9,3,10,0,12,10,19,3,22
177986,9,6,2,5,9,8,22,14,30,13,31,44
177995,9,6,2,73,104,206,419,177,625,279,523,802
178059,9,6,2,43,74,133,296,117,429,176,370,546
178217,9,6,2,15,35,9,33,50,42,24,68,92
178341,9,6,2,31,52,32,53,83,85,63,105,168
178369,9,6,2,0,6,2,5,6,7,2,11,13
178387,9,6,2,20,31,12,25,51,37,32,56,88
178396,9,6,2,51,25,56,65,76,121,107,90,197
178402,9,6,2,52,72,66,54,124,120,118,126,244
178411,9,6,2,16,5,9,4,21,13,25,9,34
178420,9,6,2,77,127,126,137,204,263,203,264,467
178448,9,6,2,21,28,28,93,49,121,49,121,170
178615,9,6,2,4,3,8,6,7,14,12,9,21
178624,9,6,2,18,29,13,33,47,46,31,62,93
178679,9,6,2,3,1,5,2,4,7,8,3,11
178721,9,6,2,168,162,453,208,330,661,621,370,991
178891,9,6,2,58,8,68,12,66,80,126,20,146
178989,9,6,2,3,17,0,1,20,1,3,18,21
179043,9,6,2,2,30,2,20,32,22,4,50,54
179308,9,6,2,64,144,216,715,208,931,280,859,1139
179326,9,6,2,7,32,4,32,39,36,11,64,75
179344,9,6,2,7,27,14,18,34,32,21,45,66
179539,9,6,2,15,44,20,67,59,87,35,111,146
179557,9,6,2,38,75,28,47,113,75,66,122,188
179566,9,6,2,74,114,68,115,188,183,142,229,371
179645,9,6,2,17,75,16,66,92,82,33,141,174
179715,9,6,2,5,26,6,45,31,51,11,71,82
179867,9,6,2,5,3,28,90,8,118,33,93,126
179894,9,6,2,28,20,34,35,48,69,62,55,117
180081,9,6,2,12,3,1,3,15,4,13,6,19
180106,9,6,2,3,8,1,1,11,2,4,9,13
180151,9,6,2,2,2,2,9,4,11,4,11,15
180179,9,6,2,50,82,35,113,132,148,85,195,280
180197,9,6,2,24,22,34,57,46,91,58,79,137
180249,9,6,2,11,39,18,56,50,74,29,95,124
180258,9,6,2,8,21,10,26,29,36,18,47,65
180276,9,6,2,11,13,16,29,24,45,27,42,69
180416,9,6,2,27,18,6,5,45,11,33,23,56
180461,9,6,2,94,87,47,36,181,83,141,123,264
180522,9,6,2,8,15,20,20,23,40,28,35,63
180595,9,6,2,8,5,0,1,13,1,8,6,14
180647,9,6,2,17,42,2,10,59,12,19,52,71
180692,9,6,2,3,19,5,32,22,37,8,51,59
180814,9,6,2,548,713,367,422,1261,789,915,1135,2050
180902,9,6,2,21,35,69,208,56,277,90,243,333
180948,9,6,2,9,29,9,32,38,41,18,61,79
181002,9,6,2,4,16,4,6,20,10,8,22,30
181020,9,6,2,4,10,1,9,14,10,5,19,24
181127,9,6,2,0,3,0,0,3,0,0,3,3
181145,9,6,2,0,1,0,0,1,0,0,1,1
181190,9,6,2,1,8,0,0,9,0,1,8,9
181215,9,6,2,14,51,14,49,65,63,28,100,128
181297,9,6,2,9,29,0,31,38,31,9,60,69
181303,9,6,2,87,89,294,335,176,629,381,424,805
181312,9,6,2,5,16,9,44,21,53,14,60,74
181330,9,6,2,2,7,0,2,9,2,2,9,11
181394,9,6,2,111,145,106,96,256,202,217,241,458
181428,9,6,2,9,16,6,17,25,23,15,33,48
181446,9,6,2,2,7,0,5,9,5,2,12,14
181464,9,6,2,81,29,41,20,110,61,122,49,171
181491,9,6,2,11,27,161,68,38,229,172,95,267
181604,9,6,2,0,39,0,1,39,1,0,40,40
181640,9,6,2,52,70,128,215,122,343,180,285,465
181738,9,6,2,2,2,0,3,4,3,2,5,7
181783,9,6,2,8,14,9,19,22,28,17,33,50
181817,9,6,2,12,17,11,37,29,48,23,54,77
182005,9,6,2,191,287,810,1142,478,1952,1001,1429,2430
182281,9,6,2,223,271,236,303,494,539,459,574,1033
182290,9,6,2,84,78,93,87,162,180,177,165,342
182306,9,6,2,23,53,63,139,76,202,86,192,278
182500,9,6,2,63,67,337,274,130,611,400,341,741
182564,9,6,2,26,25,119,141,51,260,145,166,311
182704,9,6,2,0,5,0,2,5,2,0,7,7
182722,9,6,2,0,14,0,4,14,4,0,18,18
182892,9,6,2,0,0,0,3,0,3,0,3,3
182980,9,6,2,15,21,4,3,36,7,19,24,43
183026,9,6,2,2151,3302,7284,12672,5453,19956,9435,15974,25409
183044,9,6,2,19,11,9,3,30,12,28,14,42
183062,9,6,2,8,5,4,3,13,7,12,8,20
183071,9,6,2,10,8,12,7,18,19,22,15,37
183080,9,6,2,4,1,3,2,5,5,7,3,10
183202,9,6,2,0,3,0,2,3,2,0,5,5
183239,9,6,2,0,1,0,1,1,1,0,2,2
183257,9,6,2,29,73,41,73,102,114,70,146,216
183275,9,6,2,1,0,0,0,1,0,1,0,1
183488,9,6,2,8,33,1,18,41,19,9,51,60
183655,9,6,2,16,54,60,196,70,256,76,250,326
183743,9,6,2,63,121,144,297,184,441,207,418,625
183789,9,6,2,21,104,17,117,125,134,38,221,259
183822,9,6,2,5,17,5,4,22,9,10,21,31
183859,9,6,2,27,41,106,251,68,357,133,292,425
183910,9,6,2,2,3,1,4,5,5,3,7,10
183938,9,6,2,54,90,155,391,144,546,209,481,690
184056,9,6,2,10,22,2,20,32,22,12,42,54
184180,9,6,2,20,20,83,139,40,222,103,159,262
184205,9,6,2,14,18,45,115,32,160,59,133,192
184427,9,6,2,8,0,4,1,8,5,12,1,13
184481,9,6,2,44,147,81,232,191,313,125,379,504
184506,9,6,2,0,2,1,5,2,6,1,7,8
184603,9,6,2,15,13,29,40,28,69,44,53,97
184612,9,6,2,12,55,8,16,67,24,20,71,91
184694,9,6,2,2,3,2,1,5,3,4,4,8
184773,9,6,2,10,20,3,5,30,8,13,25,38
184782,9,6,2,60,85,60,100,145,160,120,185,305
184791,9,6,2,22,48,38,103,70,141,60,151,211
184816,9,6,2,0,6,0,5,6,5,0,11,11
184959,9,6,2,7,32,10,50,39,60,17,82,99
184995,9,6,2,70,176,105,235,246,340,175,411,586
185262,9,6,2,73,179,61,128,252,189,134,307,441
185396,9,6,2,29,3,14,1,32,15,43,4,47
185509,9,6,2,19,37,131,216,56,347,150,253,403
185536,9,6,2,25,62,115,241,87,356,140,303,443
185572,9,6,2,4,3,2,1,7,3,6,4,10
185590,9,6,2,65,83,34,62,148,96,99,145,244
185721,9,6,2,9,14,8,14,23,22,17,28,45
185828,9,6,2,102,21,71,27,123,98,173,48,221
185873,9,6,2,24,52,77,165,76,242,101,217,318
186016,9,6,2,3,22,2,28,25,30,5,50,55
186034,9,6,2,24,35,69,263,59,332,93,298,391
186131,9,6,2,5,2,0,0,7,0,5,2,7
186201,9,6,2,22,22,15,20,44,35,37,42,79
186283,9,6,2,6,11,7,15,17,22,13,26,39
186371,9,6,2,46,107,25,55,153,80,71,162,233
186380,9,6,2,86,115,89,84,201,173,175,199,374
186399,9,6,2,60,103,33,58,163,91,93,161,254
186405,9,6,2,1,1,0,0,2,0,1,1,2
186432,9,6,2,10,19,3,14,29,17,13,33,46
186469,9,6,2,8,23,16,45,31,61,24,68,92
186584,9,6,2,4,13,6,4,17,10,10,17,27
186618,9,6,2,2,9,1,6,11,7,3,15,18
186645,9,6,2,22,23,108,145,45,253,130,168,298
186867,9,6,2,1,0,0,0,1,0,1,0,1
186876,9,6,2,47,104,17,14,151,31,64,118,182
187046,9,6,2,3,13,950,495,16,1445,953,508,1461
187134,9,6,2,6,3,0,4,9,4,6,7,13
187198,9,6,2,45,81,104,455,126,559,149,536,685
187444,9,6,2,35,123,72,173,158,245,107,296,403
187532,9,6,2,155,186,527,977,341,1504,682,1163,1845
187620,9,6,2,45,83,109,202,128,311,154,285,439
187639,9,6,2,9,35,28,114,44,142,37,149,186
187648,9,6,2,36,87,63,96,123,159,99,183,282
187897,9,6,2,13,36,19,75,49,94,32,111,143
187958,9,6,2,13,25,30,96,38,126,43,121,164
187967,9,6,2,11,4,5,2,15,7,16,6,22
187976,9,6,2,4,1,39,41,5,80,43,42,85
187985,9,6,2,147,184,158,280,331,438,305,464,769
187994,9,6,2,5,12,25,52,17,77,30,64,94
188003,9,6,2,0,6,16,58,6,74,16,64,80
188021,9,6,2,7,14,11,41,21,52,18,55,73
188030,9,6,2,81,139,116,135,220,251,197,274,471
188049,9,6,2,5,5,27,61,10,88,32,66,98
188100,9,6,2,53,99,85,299,152,384,138,398,536
188137,9,6,2,19,31,84,168,50,252,103,199,302
188225,9,6,2,5,8,21,33,13,54,26,41,67
188261,9,6,2,5,5,47,9,10,56,52,14,66
188340,9,6,2,52,6,28,2,58,30,80,8,88
188429,9,6,2,14,38,3,8,52,11,17,46,63
188438,9,6,2,15,23,8,49,38,57,23,72,95
188517,9,6,2,2,13,1,4,15,5,3,17,20
188641,9,6,2,4,2,1,2,6,3,5,4,9
188854,9,6,2,3,4,0,0,7,0,3,4,7
189219,9,6,2,38,1,0,0,39,0,38,1,39
189228,9,6,2,44,93,32,94,137,126,76,187,263
189282,9,6,2,3,26,0,8,29,8,3,34,37
189547,9,6,2,31,64,39,89,95,128,70,153,223
189565,9,6,2,11,28,3,15,39,18,14,43,57
189583,9,6,2,10,44,5,32,54,37,15,76,91
189592,9,6,2,6,32,1,12,38,13,7,44,51
189705,9,6,2,5,3,2,2,8,4,7,5,12
189839,9,6,2,11,38,38,50,49,88,49,88,137
190044,9,6,2,4,0,0,1,4,1,4,1,5
190053,9,6,2,8,8,9,27,16,36,17,35,52
190071,9,6,2,1,3,4,22,4,26,5,25,30
190169,9,6,2,13,15,21,65,28,86,34,80,114
190239,9,6,2,0,8,0,6,8,6,0,14,14
190415,9,6,2,11,3,1,1,14,2,12,4,16
190442,9,6,2,5,24,15,65,29,80,20,89,109
190503,9,6,2,51,33,11,3,84,14,62,36,98
190761,9,6,2,6,29,2,4,35,6,8,33,41
190840,9,6,2,23,25,32,88,48,120,55,113,168
191083,9,6,2,118,163,97,171,281,268,215,334,549
191126,9,6,2,22,62,14,61,84,75,36,123,159
191199,9,6,2,45,87,53,89,132,142,98,176,274
191205,9,6,2,2,0,0,0,2,0,2,0,2
191241,9,6,2,11,17,20,30,28,50,31,47,78
191302,9,6,2,12,19,6,15,31,21,18,34,52
191311,9,6,2,5,8,0,0,13,0,5,8,13
191339,9,6,2,19,52,26,98,71,124,45,150,195
191515,9,6,2,0,0,0,1,0,1,0,1,1
191533,9,6,2,1,4,0,0,5,0,1,4,5
191597,9,6,2,15,83,4,39,98,43,19,122,141
191612,9,6,2,16,49,26,32,65,58,42,81,123
191649,9,6,2,6,7,5,7,13,12,11,14,25
191676,9,6,2,0,2,1,0,2,1,1,2,3
191719,9,6,2,59,94,115,176,153,291,174,270,444
191940,9,6,2,4,39,0,0,43,0,4,39,43
191986,9,6,2,19,41,25,38,60,63,44,79,123
192022,9,6,2,30,34,14,58,64,72,44,92,136
192192,9,6,2,3,28,1,11,31,12,4,39,43
192271,9,6,2,0,17,0,5,17,5,0,22,22
192323,9,6,2,5,8,12,24,13,36,17,32,49
192448,9,6,2,30,125,12,65,155,77,42,190,232
192703,9,6,2,21,5,8,2,26,10,29,7,36
192712,9,6,2,7,0,0,0,7,0,7,0,7
192749,9,6,2,7,16,0,1,23,1,7,17,24
192785,9,6,2,4,23,13,100,27,113,17,123,140
192819,9,6,2,6,6,6,8,12,14,12,14,26
193016,9,6,2,55,188,36,88,243,124,91,276,367
193283,9,6,2,44,54,38,80,98,118,82,134,216
193292,9,6,2,11,24,12,61,35,73,23,85,108
193326,9,6,2,89,183,170,320,272,490,259,503,762
193380,9,6,2,0,0,4,27,0,31,4,27,31
193399,9,6,2,11,54,3,7,65,10,14,61,75
193478,9,6,2,50,124,168,341,174,509,218,465,683
193584,9,6,2,2,8,2,1,10,3,4,9,13
193654,9,6,2,19,40,11,31,59,42,30,71,101
193858,9,6,2,2,13,0,0,15,0,2,13,15
193900,9,6,2,48,94,22,31,142,53,70,125,195
193946,9,6,2,24,65,22,72,89,94,46,137,183
193973,9,6,2,19,37,2,3,56,5,21,40,61
193991,9,6,2,0,2,0,1,2,1,0,3,3
194028,9,6,2,30,34,11,27,64,38,41,61,102
194091,9,6,2,19,9,3,11,28,14,22,20,42
194116,9,6,2,3,14,3,39,17,42,6,53,59
194222,9,6,2,29,54,72,75,83,147,101,129,230
194240,9,6,2,18,47,49,148,65,197,67,195,262
194310,9,6,2,25,28,19,20,53,39,44,48,92
194392,9,6,2,4,0,1,0,4,1,5,0,5
194578,9,6,2,15,10,1,3,25,4,16,13,29
194824,9,6,2,7,1,0,0,8,0,7,1,8
195003,9,6,2,42,17,16,8,59,24,58,25,83
195058,9,6,2,20,41,46,148,61,194,66,189,255
195067,9,6,2,0,16,1,10,16,11,1,26,27
195128,9,6,2,7,19,0,3,26,3,7,22,29
195164,9,6,2,0,0,0,1,0,1,0,1,1
195234,9,6,2,8,10,1,3,18,4,9,13,22
195243,9,6,2,1,2,2,0,3,2,3,2,5
195322,9,6,2,11,35,23,59,46,82,34,94,128
195474,9,6,2,0,1,1,1,1,2,1,2,3
195526,9,6,2,1,1,1,0,2,1,2,1,3
195544,9,6,2,27,37,11,42,64,53,38,79,117
195702,9,6,2,0,5,2,8,5,10,2,13,15
195720,9,6,2,5,9,2,9,14,11,7,18,25
195988,9,6,2,4,18,11,38,22,49,15,56,71
196006,9,6,2,20,36,11,25,56,36,31,61,92
196015,9,6,2,41,90,29,60,131,89,70,150,220
196024,9,6,2,14,33,10,70,47,80,24,103,127
196033,9,6,2,12,6,7,7,18,14,19,13,32
196042,9,6,2,71,60,81,83,131,164,152,143,295
196051,9,6,2,9,21,4,28,30,32,13,49,62
196060,9,6,2,43,34,37,35,77,72,80,69,149
196079,9,6,2,15,14,6,7,29,13,21,21,42
196088,9,6,2,68,44,36,45,112,81,104,89,193
196097,9,6,2,49,69,42,44,118,86,91,113,204
196103,9,6,2,13,6,3,5,19,8,16,11,27
196112,9,6,2,26,16,13,19,42,32,39,35,74
196121,9,6,2,40,54,17,50,94,67,57,104,161
196130,9,6,2,33,50,33,39,83,72,66,89,155
196149,9,6,2,9,10,5,6,19,11,14,16,30
196158,9,6,2,5,8,2,0,13,2,7,8,15
196167,9,6,2,1,3,3,3,4,6,4,6,10
196176,9,6,2,30,31,18,19,61,37,48,50,98
196185,9,6,2,3,12,2,2,15,4,5,14,19
196194,9,6,2,26,34,26,33,60,59,52,67,119
196200,9,6,2,15,9,1,4,24,5,16,13,29
196219,9,6,2,11,7,9,6,18,15,20,13,33
196246,9,6,2,16,36,28,35,52,63,44,71,115
196255,9,6,2,9,20,0,4,29,4,9,24,33
196264,9,6,2,126,382,261,408,508,669,387,790,1177
196291,9,6,2,9,1,8,0,10,8,17,1,18
196307,9,6,2,2,7,2,6,9,8,4,13,17
196413,9,6,2,19,11,37,28,30,65,56,39,95
196565,9,6,2,17,44,14,65,61,79,31,109,140
196653,9,6,2,9,43,20,112,52,132,29,155,184
196699,9,6,2,4,20,25,46,24,71,29,66,95
197036,9,6,2,1,1,0,0,2,0,1,1,2
197045,9,6,2,18,38,25,57,56,82,43,95,138
197285,9,6,2,9,60,2,7,69,9,11,67,78
197294,9,6,2,65,115,123,290,180,413,188,405,593
197337,9,6,2,0,10,0,1,10,1,0,11,11
197708,9,6,2,1,0,0,0,1,0,1,0,1
197814,9,6,2,9,16,13,64,25,77,22,80,102
197850,9,6,2,2,22,24,76,24,100,26,98,124
197869,9,6,2,57,71,34,54,128,88,91,125,216
197887,9,6,2,54,91,131,227,145,358,185,318,503
197911,9,6,2,2,9,2,21,11,23,4,30,34
197966,9,6,2,9,27,12,87,36,99,21,114,135
198066,9,6,2,1,1,0,0,2,0,1,1,2
198109,9,6,2,1,18,7,36,19,43,8,54,62
198118,9,6,2,17,38,29,106,55,135,46,144,190
198136,9,6,2,53,39,59,26,92,85,112,65,177
198154,9,6,2,94,88,552,427,182,979,646,515,1161
198206,9,6,2,18,23,11,47,41,58,29,70,99
198260,9,6,2,132,206,207,452,338,659,339,658,997
198303,9,6,2,0,0,2,3,0,5,2,3,5
198330,9,6,2,41,82,39,111,123,150,80,193,273
198367,9,6,2,25,32,26,98,57,124,51,130,181
198385,9,6,2,1,0,0,0,1,0,1,0,1
198455,9,6,2,20,25,96,225,45,321,116,250,366
198464,9,6,2,101,144,168,325,245,493,269,469,738
198507,9,6,2,29,28,12,19,57,31,41,47,88
198516,9,6,2,2,1,0,0,3,0,2,1,3
198534,9,6,2,153,282,265,467,435,732,418,749,1167
198543,9,6,2,90,225,39,165,315,204,129,390,519
198552,9,6,2,59,102,120,407,161,527,179,509,688
198570,9,6,2,16,43,54,202,59,256,70,245,315
198598,9,6,2,4,2,3,6,6,9,7,8,15
198622,9,6,2,107,181,138,320,288,458,245,501,746
198668,9,6,2,9,23,15,55,32,70,24,78,102
198710,9,6,2,9,24,10,41,33,51,19,65,84
198756,9,6,2,10,19,1,8,29,9,11,27,38
198808,9,6,2,1,17,0,1,18,1,1,18,19
198817,9,6,2,8,28,31,72,36,103,39,100,139
198835,9,6,2,5,7,4,4,12,8,9,11,20
198862,9,6,2,1,1,0,0,2,0,1,1,2
198899,9,6,2,3,5,6,5,8,11,9,10,19
198905,9,6,2,2,18,3,11,20,14,5,29,34
198950,9,6,2,0,9,0,3,9,3,0,12,12
198969,9,6,2,18,22,16,25,40,41,34,47,81
198987,9,6,2,9,25,31,69,34,100,40,94,134
199087,9,6,2,13,23,29,76,36,105,42,99,141
199102,9,6,2,44,56,55,48,100,103,99,104,203
199111,9,6,2,40,36,19,18,76,37,59,54,113
199120,9,6,2,32,29,8,8,61,16,40,37,77
199139,9,6,2,163,119,112,123,282,235,275,242,517
199148,9,6,2,103,157,85,190,260,275,188,347,535
199157,9,6,2,29,72,25,79,101,104,54,151,205
199184,9,6,2,1,6,1,0,7,1,2,6,8
199193,9,6,2,72,57,90,53,129,143,162,110,272
199218,9,6,2,62,126,61,231,188,292,123,357,480
199272,9,6,2,5,4,3,14,9,17,8,18,26
199281,9,6,2,53,146,50,132,199,182,103,278,381
199324,9,6,2,2,3,10,48,5,58,12,51,63
199412,9,6,2,2,7,1,2,9,3,3,9,12
199494,9,6,2,36,49,60,245,85,305,96,294,390
199607,9,6,2,0,1,1,7,1,8,1,8,9
199625,9,6,2,6,20,10,43,26,53,16,63,79
199689,9,6,2,0,16,0,5,16,5,0,21,21
199731,9,6,2,8,37,38,84,45,122,46,121,167
199740,9,6,2,9,21,36,127,30,163,45,148,193
199759,9,6,2,13,1,19,7,14,26,32,8,40
199768,9,6,2,4,20,24,67,24,91,28,87,115
199795,9,6,2,3,7,5,16,10,21,8,23,31
199856,9,6,2,149,189,381,673,338,1054,530,862,1392
199865,9,6,2,3,7,0,2,10,2,3,9,12
199883,9,6,2,2,27,0,0,29,0,2,27,29
199908,9,6,2,7,22,18,41,29,59,25,63,88
199926,9,6,2,9,13,15,29,22,44,24,42,66
199971,9,6,2,0,1,0,0,1,0,0,1,1
199999,9,6,2,8,55,15,57,63,72,23,112,135
200004,9,6,2,78,99,108,189,177,297,186,288,474
200013,9,6,2,13,43,7,29,56,36,20,72,92
200022,9,6,2,60,50,88,39,110,127,148,89,237
200059,9,6,2,5,18,4,25,23,29,9,43,52
200086,9,6,2,1,10,2,6,11,8,3,16,19
200192,9,6,2,8,11,15,30,19,45,23,41,64
200217,9,6,2,10,17,22,30,27,52,32,47,79
200280,9,6,2,75,69,250,121,144,371,325,190,515
200305,9,6,2,13,19,11,8,32,19,24,27,51
200314,9,6,2,2,12,7,26,14,33,9,38,47
200332,9,6,2,39,30,20,38,69,58,59,68,127
200527,9,6,2,12,38,5,10,50,15,17,48,65
200554,9,6,2,13,48,2,2,61,4,15,50,65
200572,9,6,2,6,8,9,23,14,32,15,31,46
200590,9,6,2,6,23,2,0,29,2,8,23,31
200800,9,6,2,46,64,73,68,110,141,119,132,251
200846,9,6,2,0,12,3,10,12,13,3,22,25
201061,9,6,2,4,1,1,0,5,1,5,1,6
201177,9,6,2,0,5,1,20,5,21,1,25,26
201195,9,6,2,5,11,6,7,16,13,11,18,29
201283,9,6,2,6,12,3,14,18,17,9,26,35
201432,9,6,2,6,17,7,9,23,16,13,26,39
201441,9,6,2,24,27,64,49,51,113,88,76,164
201469,9,6,2,4,39,1,16,43,17,5,55,60
201548,9,6,2,2,8,4,4,10,8,6,12,18
201645,9,6,2,1,4,0,1,5,1,1,5,6
201654,9,6,2,0,1,1,2,1,3,1,3,4
201821,9,6,2,5,34,1,13,39,14,6,47,53
201885,9,6,2,77,115,110,301,192,411,187,416,603
201946,9,6,2,18,44,75,240,62,315,93,284,377
201955,9,6,2,15,24,44,106,39,150,59,130,189
201964,9,6,2,22,21,14,26,43,40,36,47,83
202046,9,6,2,3,0,0,0,3,0,3,0,3
202170,9,6,2,3,9,0,0,12,0,3,9,12
202222,9,6,2,79,111,563,672,190,1235,642,783,1425
202356,9,6,2,87,183,340,754,270,1094,427,937,1364
202453,9,6,2,7,2,0,0,9,0,7,2,9
202480,9,6,2,7,4,4,3,11,7,11,7,18
202523,9,6,2,0,0,1,0,0,1,1,0,1
202648,9,6,2,9,19,32,90,28,122,41,109,150
202763,9,6,2,5,4,4,4,9,8,9,8,17
203085,9,6,2,1,0,0,0,1,0,1,0,1
203128,9,6,2,2,2,6,4,4,10,8,6,14
203155,9,6,2,15,30,8,29,45,37,23,59,82
203289,9,6,2,3,1,0,0,4,0,3,1,4
203368,9,6,2,3,1,1,5,4,6,4,6,10
203447,9,6,2,2,4,52,82,6,134,54,86,140
203456,9,6,2,0,1,26,39,1,65,26,40,66
203465,9,6,2,8,6,38,71,14,109,46,77,123
203474,9,6,2,3,2,46,76,5,122,49,78,127
203483,9,6,2,1,7,36,70,8,106,37,77,114
203492,9,6,2,4,8,14,50,12,64,18,58,76
203517,9,6,2,65,64,67,102,129,169,132,166,298
203526,9,6,2,0,4,27,76,4,103,27,80,107
203544,9,6,2,3,11,2,10,14,12,5,21,26
203580,9,6,2,2,3,1,1,5,2,3,4,7
203599,9,6,2,16,28,66,189,44,255,82,217,299
203678,9,6,2,10,12,14,87,22,101,24,99,123
203720,9,6,2,9,7,0,5,16,5,9,12,21
203748,9,6,2,36,51,141,306,87,447,177,357,534
203757,9,6,2,3,13,0,5,16,5,3,18,21
203775,9,6,2,2,3,6,4,5,10,8,7,15
203845,9,6,2,1,0,0,1,1,1,1,1,2
203881,9,6,2,12,20,71,41,32,112,83,61,144
203960,9,6,2,10,19,16,109,29,125,26,128,154
204006,9,6,2,13,13,17,14,26,31,30,27,57
204015,9,6,2,4,16,11,13,20,24,15,29,44
204024,9,6,2,12,4,5,0,16,5,17,4,21
204194,9,6,2,11,26,7,15,37,22,18,41,59
204200,9,6,2,3,9,1,5,12,6,4,14,18
204255,9,6,2,10,12,16,17,22,33,26,29,55
204422,9,6,2,10,24,26,66,34,92,36,90,126
204468,9,6,2,1,7,8,15,8,23,9,22,31
204617,9,6,2,3,8,2,6,11,8,5,14,19
204635,9,6,2,2,2,1,1,4,2,3,3,6
204662,9,6,2,0,1,1,1,1,2,1,2,3
204671,9,6,2,0,5,6,2,5,8,6,7,13
204680,9,6,2,6,3,4,3,9,7,10,6,16
204699,9,6,2,4,4,1,5,8,6,5,9,14
204705,9,6,2,2,5,14,11,7,25,16,16,32
204796,9,6,2,160,114,136,126,274,262,296,240,536
204802,9,6,2,1,3,3,18,4,21,4,21,25
204820,9,6,2,9,11,19,41,20,60,28,52,80
204839,9,6,2,7,20,18,33,27,51,25,53,78
204848,9,6,2,1,9,17,38,10,55,18,47,65
204857,9,6,2,32,80,114,444,112,558,146,524,670
204866,9,6,2,4,17,20,43,21,63,24,60,84
204936,9,6,2,3,5,1,3,8,4,4,8,12
204945,9,6,2,39,59,329,223,98,552,368,282,650
205090,9,6,2,0,1,1,2,1,3,1,3,4
205443,9,6,2,14,28,17,12,42,29,31,40,71
205470,9,6,2,104,106,560,630,210,1190,664,736,1400
205841,9,6,2,67,76,198,328,143,526,265,404,669
205966,9,6,2,7,18,10,38,25,48,17,56,73
206011,9,6,2,6,19,86,38,25,124,92,57,149
206279,9,6,2,11,16,25,40,27,65,36,56,92
206321,9,6,2,0,9,3,6,9,9,3,15,18
206349,9,6,2,4,13,1,12,17,13,5,25,30
206507,9,6,2,4,5,2,2,9,4,6,7,13
206525,9,6,2,0,5,0,1,5,1,0,6,6
206589,9,6,2,0,1,0,2,1,2,0,3,3
206604,9,6,2,62,63,61,46,125,107,123,109,232
206613,9,6,2,0,2,8,4,2,12,8,6,14
206622,9,6,2,15,28,12,9,43,21,27,37,64
206695,9,6,2,40,50,27,52,90,79,67,102,169
206862,9,6,2,3,3,1,0,6,1,4,3,7
206914,9,6,2,36,79,33,60,115,93,69,139,208
206923,9,6,2,13,34,13,61,47,74,26,95,121
206996,9,6,2,14,48,15,66,62,81,29,114,143
207041,9,6,2,24,56,10,28,80,38,34,84,118
207050,9,6,2,4,21,9,27,25,36,13,48,61
207069,9,6,2,4,12,9,46,16,55,13,58,71
207102,9,6,2,2,4,0,0,6,0,2,4,6
207209,9,6,2,4,19,6,6,23,12,10,25,35
207236,9,6,2,9,26,11,81,35,92,20,107,127
207263,9,6,2,60,130,61,144,190,205,121,274,395
207281,9,6,2,10,40,12,73,50,85,22,113,135
207290,9,6,2,13,57,5,49,70,54,18,106,124
207306,9,6,2,9,31,8,16,40,24,17,47,64
207324,9,6,2,6,32,2,14,38,16,8,46,54
207342,9,6,2,7,52,1,6,59,7,8,58,66
207351,9,6,2,8,42,10,36,50,46,18,78,96
207388,9,6,2,101,135,117,90,236,207,218,225,443
207500,9,6,2,97,63,62,63,160,125,159,126,285
207564,9,6,2,46,20,35,46,66,81,81,66,147
207582,9,6,2,19,29,25,29,48,54,44,58,102
207661,9,6,2,33,66,23,56,99,79,56,122,178
207670,9,6,2,53,71,97,238,124,335,150,309,459
207740,9,6,2,7,30,6,55,37,61,13,85,98
207847,9,6,2,48,82,41,105,130,146,89,187,276
207865,9,6,2,20,92,12,42,112,54,32,134,166
207935,9,6,2,95,122,237,646,217,883,332,768,1100
207962,9,6,2,55,16,0,0,71,0,55,16,71
207971,9,6,2,9,4,1,0,13,1,10,4,14
208035,9,6,2,0,14,6,54,14,60,6,68,74
208275,9,6,2,9,19,47,44,28,91,56,63,119
208318,9,6,2,57,52,91,108,109,199,148,160,308
208390,9,6,2,66,116,199,212,182,411,265,328,593
208406,9,6,2,37,61,186,177,98,363,223,238,461
208415,9,6,2,8,16,24,25,24,49,32,41,73
208646,9,6,2,33,66,49,87,99,136,82,153,235
208822,9,6,2,10,35,7,16,45,23,17,51,68
209038,9,6,2,79,98,184,192,177,376,263,290,553
209074,9,6,2,49,57,84,95,106,179,133,152,285
209250,9,6,2,52,81,410,208,133,618,462,289,751
209490,9,6,2,18,66,9,47,84,56,27,113,140
209506,9,6,2,60,45,82,84,105,166,142,129,271
209542,9,6,2,299,335,886,653,634,1539,1185,988,2173
209551,9,6,2,52,42,40,27,94,67,92,69,161
209603,9,6,2,4,9,0,0,13,0,4,9,13
209612,9,6,2,6,15,1,11,21,12,7,26,33
209746,9,6,2,272,349,579,862,621,1441,851,1211,2062
209807,9,6,2,361,454,256,304,815,560,617,758,1375
209825,9,6,2,2,5,1,0,7,1,3,5,8
209922,9,6,2,0,0,0,1,0,1,0,1,1
210234,9,6,2,21,21,16,43,42,59,37,64,101
210270,9,6,2,13,28,83,126,41,209,96,154,250
210401,9,6,2,3,1,0,2,4,2,3,3,6
210429,9,6,2,26,53,17,21,79,38,43,74,117
210605,9,6,2,103,107,374,485,210,859,477,592,1069
210739,9,6,2,2,17,14,44,19,58,16,61,77
210775,9,6,2,5,13,11,47,18,58,16,60,76
211088,9,6,2,2,4,2,3,6,5,4,7,11
211291,9,6,2,2,2,0,0,4,0,2,2,4
211307,9,6,2,12,27,88,243,39,331,100,270,370
211316,9,6,2,0,12,0,2,12,2,0,14,14
211343,9,6,2,6,16,18,93,22,111,24,109,133
211352,9,6,2,2,2,2,2,4,4,4,4,8
211431,9,6,2,3,34,8,56,37,64,11,90,101
211440,9,6,2,0,1,12,4,1,16,12,5,17
211556,9,6,2,3,7,12,37,10,49,15,44,59
211583,9,6,2,6,25,2,22,31,24,8,47,55
211608,9,6,2,4,4,0,12,8,12,4,16,20
211927,9,6,2,26,67,138,500,93,638,164,567,731
212045,9,6,2,2,7,0,0,9,0,2,7,9
212054,9,6,2,49,40,62,123,89,185,111,163,274
212106,9,6,2,12,11,0,2,23,2,12,13,25
212115,9,6,2,20,31,14,25,51,39,34,56,90
212133,9,6,2,3,25,24,74,28,98,27,99,126
212197,9,6,2,5,2,5,12,7,17,10,14,24
212230,9,6,2,0,0,0,1,0,1,0,1,1
212267,9,6,2,0,7,1,4,7,5,1,11,12
212276,9,6,2,0,4,0,4,4,4,0,8,8
212294,9,6,2,0,2,0,1,2,1,0,3,3
212300,9,6,2,0,4,0,1,4,1,0,5,5
212328,9,6,2,1,5,0,2,6,2,1,7,8
212337,9,6,2,0,2,1,5,2,6,1,7,8
212355,9,6,2,0,6,0,5,6,5,0,11,11
212382,9,6,2,0,14,0,6,14,6,0,20,20
212391,9,6,2,0,0,0,4,0,4,0,4,4
212601,9,6,2,6,9,3,3,15,6,9,12,21
212674,9,6,2,0,1,0,0,1,0,0,1,1
212753,9,6,2,0,4,0,3,4,3,0,7,7
212771,9,6,2,0,0,0,1,0,1,0,1,1
212805,9,6,2,1,0,0,0,1,0,1,0,1
212869,9,6,2,7,52,2,50,59,52,9,102,111
212878,9,6,2,57,133,208,634,190,842,265,767,1032
212984,9,6,2,8,60,7,37,68,44,15,97,112
213011,9,6,2,5,17,11,31,22,42,16,48,64
213020,9,6,2,21,17,29,28,38,57,50,45,95
213181,9,6,2,2,30,1,4,32,5,3,34,37
213251,9,6,2,1,0,1,0,1,1,2,0,2
213321,9,6,2,5,3,2,0,8,2,7,3,10
213349,9,6,2,12,13,18,37,25,55,30,50,80
213367,9,6,2,5,17,11,52,22,63,16,69,85
213376,9,6,2,20,69,11,48,89,59,31,117,148
213507,9,6,2,1,0,1,0,1,1,2,0,2
213525,9,6,2,22,37,63,283,59,346,85,320,405
213570,9,6,2,2,66,0,0,68,0,2,66,68
213589,9,6,2,14,7,5,0,21,5,19,7,26
213598,9,6,2,1,4,1,6,5,7,2,10,12
213659,9,6,2,20,45,60,254,65,314,80,299,379
213774,9,6,2,3,8,3,20,11,23,6,28,34
213987,9,6,2,7,24,4,16,31,20,11,40,51
213996,9,6,2,2,6,0,2,8,2,2,8,10
214041,9,6,2,16,18,30,78,34,108,46,96,142
214111,9,6,2,28,44,141,392,72,533,169,436,605
214148,9,6,2,0,7,0,0,7,0,0,7,7
214157,9,6,2,9,7,1,8,16,9,10,15,25
214175,9,6,2,2,4,2,1,6,3,4,5,9
214272,9,6,2,3,4,25,27,7,52,28,31,59
214379,9,6,2,42,85,113,408,127,521,155,493,648
214591,9,6,2,12,5,7,8,17,15,19,13,32
214625,9,6,2,2,1,1,7,3,8,3,8,11
214634,9,6,2,1,6,1,5,7,6,2,11,13
214643,9,6,2,3,0,1,1,3,2,4,1,5
214652,9,6,2,6,6,0,0,12,0,6,6,12
214670,9,6,2,3,2,0,3,5,3,3,5,8
214689,9,6,2,16,6,3,1,22,4,19,7,26
214698,9,6,2,0,1,1,1,1,2,1,2,3
214704,9,6,2,18,3,10,5,21,15,28,8,36
214713,9,6,2,23,15,15,6,38,21,38,21,59
214731,9,6,2,4,2,6,2,6,8,10,4,14
214740,9,6,2,1,1,0,0,2,0,1,1,2
214759,9,6,2,0,7,2,0,7,2,2,7,9
214768,9,6,2,5,2,0,1,7,1,5,3,8
214777,9,6,2,30,10,34,14,40,48,64,24,88
214786,9,6,2,0,2,1,1,2,2,1,3,4
214795,9,6,2,4,3,2,2,7,4,6,5,11
214801,9,6,2,12,8,10,8,20,18,22,16,38
214810,9,6,2,2,3,2,1,5,3,4,4,8
214829,9,6,2,9,2,4,3,11,7,13,5,18
214883,9,6,2,5,26,30,81,31,111,35,107,142
215053,9,6,2,1,0,1,4,1,5,2,4,6
215062,9,6,2,11,25,25,52,36,77,36,77,113
215105,9,6,2,6,3,1,0,9,1,7,3,10
215239,9,6,2,53,102,248,742,155,990,301,844,1145
215266,9,6,2,1,4,0,0,5,0,1,4,5
215275,9,6,2,2,9,3,2,11,5,5,11,16
215284,9,6,2,4,3,0,1,7,1,4,4,8
215293,9,6,2,47,27,28,26,74,54,75,53,128
215309,9,6,2,0,0,0,1,0,1,0,1,1
215381,9,6,2,22,0,0,0,22,0,22,0,22
215442,9,6,2,5,15,16,24,20,40,21,39,60
215479,9,6,2,0,4,0,0,4,0,0,4,4
215585,9,6,2,14,23,60,236,37,296,74,259,333
215655,9,6,2,11,13,11,10,24,21,22,23,45
215743,9,6,2,6,9,4,13,15,17,10,22,32
215798,9,6,2,3,3,1,1,6,2,4,4,8
215929,9,6,2,3,2,7,1,5,8,10,3,13
216010,9,6,2,7,9,10,18,16,28,17,27,44
216038,9,6,2,19,13,9,13,32,22,28,26,54
216339,9,6,2,110,90,106,85,200,191,216,175,391
216366,9,6,2,28,75,18,67,103,85,46,142,188
216454,9,6,2,4,0,0,0,4,0,4,0,4
216524,9,6,2,0,1,0,0,1,0,0,1,1
216542,9,6,2,0,2,0,4,2,4,0,6,6
216579,9,6,2,2,9,0,0,11,0,2,9,11
216597,9,6,2,9,11,11,4,20,15,20,15,35
216667,9,6,2,0,1,0,0,1,0,0,1,1
216694,9,6,2,2,1,0,5,3,5,2,6,8
216746,9,6,2,3,1,1,0,4,1,4,1,5
216764,9,6,2,38,50,52,100,88,152,90,150,240
216825,9,6,2,20,58,47,151,78,198,67,209,276
216852,9,6,2,10,21,6,17,31,23,16,38,54
216931,9,6,2,8,13,2,7,21,9,10,20,30
217013,9,6,2,4,11,18,38,15,56,22,49,71
217059,9,6,2,5,11,8,15,16,23,13,26,39
217156,9,6,2,6,6,5,2,12,7,11,8,19
217165,9,6,2,2,1,2,2,3,4,4,3,7
217235,9,6,2,15,7,8,5,22,13,23,12,35
217305,9,6,2,40,74,11,18,114,29,51,92,143
217323,9,6,2,62,4,0,0,66,0,62,4,66
217402,9,6,2,1,0,11,11,1,22,12,11,23
217420,9,6,2,41,82,31,77,123,108,72,159,231
217493,9,6,2,2,1,0,0,3,0,2,1,3
217518,9,6,2,4,8,26,21,12,47,30,29,59
217536,9,6,2,1,1,1,9,2,10,2,10,12
217581,9,6,2,0,14,0,8,14,8,0,22,22
217633,9,6,2,7,27,5,9,34,14,12,36,48
217688,9,6,2,25,50,13,20,75,33,38,70,108
217712,9,6,2,10,12,25,117,22,142,35,129,164
217721,9,6,2,5,6,0,1,11,1,5,7,12
217749,9,6,2,3,1,6,11,4,17,9,12,21
217819,9,6,2,36,20,26,22,56,48,62,42,104
217864,9,6,2,43,6,10,10,49,20,53,16,69
217873,9,6,2,8,25,6,13,33,19,14,38,52
217882,9,6,2,43,23,25,9,66,34,68,32,100
217891,9,6,2,4,9,0,0,13,0,4,9,13
217907,9,6,2,3,14,1,0,17,1,4,14,18
217925,9,6,2,1,5,6,19,6,25,7,24,31
217934,9,6,2,8,44,12,42,52,54,20,86,106
217961,9,6,2,1,5,0,2,6,2,1,7,8
217989,9,6,2,4,5,6,11,9,17,10,16,26
218025,9,6,2,11,34,22,107,45,129,33,141,174
218061,9,6,2,13,9,6,16,22,22,19,25,44
218113,9,6,2,91,157,164,394,248,558,255,551,806
218140,9,6,2,60,125,97,344,185,441,157,469,626
218229,9,6,2,5,16,3,13,21,16,8,29,37
218335,9,6,2,5,18,1,0,23,1,6,18,24
218353,9,6,2,65,122,102,396,187,498,167,518,685
218399,9,6,2,5,1,0,0,6,0,5,1,6
218414,9,6,2,3,4,2,4,7,6,5,8,13
218441,9,6,2,4,18,6,1,22,7,10,19,29
218487,9,6,2,13,25,12,123,38,135,25,148,173
218520,9,6,2,33,93,87,325,126,412,120,418,538
218645,9,6,2,27,50,18,48,77,66,45,98,143
218654,9,6,2,6,21,10,22,27,32,16,43,59
218663,9,6,2,52,40,36,33,92,69,88,73,161
218672,9,6,2,0,2,2,12,2,14,2,14,16
218681,9,6,2,0,4,2,6,4,8,2,10,12
218690,9,6,2,2,4,10,8,6,18,12,12,24
218706,9,6,2,1,2,3,1,3,4,4,3,7
218724,9,6,2,19,26,19,17,45,36,38,43,81
218733,9,6,2,7,6,2,10,13,12,9,16,25
218742,9,6,2,37,52,33,38,89,71,70,90,160
218821,9,6,2,2,3,0,0,5,0,2,3,5
218830,9,6,2,52,132,83,259,184,342,135,391,526
218885,9,6,2,25,31,49,139,56,188,74,170,244
218919,9,6,2,4,6,0,0,10,0,4,6,10
218991,9,6,2,27,64,52,149,91,201,79,213,292
219037,9,6,2,0,2,0,0,2,0,0,2,2
219082,9,6,2,21,11,53,42,32,95,74,53,127
219125,9,6,2,0,7,0,0,7,0,0,7,7
219170,9,6,2,0,3,0,0,3,0,0,3,3
219189,9,6,2,5,14,6,5,19,11,11,19,30
219198,9,6,2,2,3,6,3,5,9,8,6,14
219204,9,6,2,15,9,72,87,24,159,87,96,183
219259,9,6,2,4,6,7,25,10,32,11,31,42
219277,9,6,2,18,38,35,75,56,110,53,113,166
219338,9,6,2,1,0,0,0,1,0,1,0,1
219347,9,6,2,20,2,12,2,22,14,32,4,36
219426,9,6,2,22,19,30,66,41,96,52,85,137
219471,9,6,2,16,41,36,62,57,98,52,103,155
219480,9,6,2,17,28,7,15,45,22,24,43,67
219602,9,6,2,133,128,127,107,261,234,260,235,495
219639,9,6,2,2,13,4,45,15,49,6,58,64
219806,9,6,2,8,10,0,1,18,1,8,11,19
219824,9,6,2,53,83,85,182,136,267,138,265,403
219833,9,6,2,1,8,5,2,9,7,6,10,16
219879,9,6,2,28,26,24,43,54,67,52,69,121
219888,9,6,2,22,37,26,106,59,132,48,143,191
219921,9,6,2,1,12,4,5,13,9,5,17,22
219994,9,6,2,24,30,7,1,54,8,31,31,62
220057,9,6,2,21,58,14,109,79,123,35,167,202
220075,9,6,2,72,144,62,94,216,156,134,238,372
220127,9,6,2,14,19,0,1,33,1,14,20,34
220163,9,6,2,0,4,0,0,4,0,0,4,4
220215,9,6,2,0,5,1,1,5,2,1,6,7
220251,9,6,2,2,6,0,2,8,2,2,8,10
220279,9,6,2,5,5,5,2,10,7,10,7,17
220321,9,6,2,6,7,2,3,13,5,8,10,18
220394,9,6,2,4,3,0,0,7,0,4,3,7
220400,9,6,2,15,33,33,110,48,143,48,143,191
220473,9,6,2,7,3,3,1,10,4,10,4,14
220516,9,6,2,21,64,3,7,85,10,24,71,95
220598,9,6,2,2,2,0,0,4,0,2,2,4
220604,9,6,2,2,26,2,6,28,8,4,32,36
220701,9,6,2,2,4,2,2,6,4,4,6,10
220710,9,6,2,3,2,0,1,5,1,3,3,6
220862,9,6,2,82,160,139,267,242,406,221,427,648
220978,9,6,2,147,106,125,143,253,268,272,249,521
221050,9,6,2,16,10,8,2,26,10,24,12,36
221096,9,6,2,25,44,55,178,69,233,80,222,302
221148,9,6,2,39,5,0,0,44,0,39,5,44
221184,9,6,2,59,93,122,303,152,425,181,396,577
221333,9,6,2,4,5,5,3,9,8,9,8,17
221397,9,6,2,27,45,43,138,72,181,70,183,253
221430,9,6,2,6,12,6,7,18,13,12,19,31
221485,9,6,2,29,90,72,238,119,310,101,328,429
221494,9,6,2,14,6,5,1,20,6,19,7,26
221519,9,6,2,0,0,1,0,0,1,1,0,1
221582,9,6,2,8,9,0,0,17,0,8,9,17
221607,9,6,2,5,4,3,0,9,3,8,4,12
221625,9,6,2,31,34,1,0,65,1,32,34,66
221643,9,6,2,40,45,156,178,85,334,196,223,419
221740,9,6,2,56,45,36,40,101,76,92,85,177
221759,9,6,2,69,60,46,37,129,83,115,97,212
221768,9,6,2,19,40,27,27,59,54,46,67,113
221838,9,6,2,29,50,30,29,79,59,59,79,138
221847,9,6,2,29,40,28,28,69,56,57,68,125
221908,9,6,2,47,88,136,112,135,248,183,200,383
221999,9,6,2,1,0,0,0,1,0,1,0,1
222053,9,6,2,40,83,78,191,123,269,118,274,392
222062,9,6,2,32,49,42,89,81,131,74,138,212
222178,9,6,2,4,2,1,4,6,5,5,6,11
222576,9,6,2,88,136,116,358,224,474,204,494,698
222822,9,6,2,21,64,23,108,85,131,44,172,216
222831,9,6,2,38,56,27,25,94,52,65,81,146
222877,9,6,2,1,0,1,0,1,1,2,0,2
222992,9,6,2,230,244,764,1406,474,2170,994,1650,2644
223232,9,6,2,23,38,3,4,61,7,26,42,68
223320,9,6,2,5,35,14,99,40,113,19,134,153
223506,9,6,2,19,18,104,143,37,247,123,161,284
223816,9,6,2,41,63,318,392,104,710,359,455,814
223922,9,6,2,4,16,23,15,20,38,27,31,58
224147,9,6,2,48,62,46,92,110,138,94,154,248
224156,9,6,2,0,14,0,11,14,11,0,25,25
224323,9,6,2,0,2,0,0,2,0,0,2,2
224527,9,6,2,0,4,3,10,4,13,3,14,17
224554,9,6,2,103,182,72,105,285,177,175,287,462
224615,9,6,2,212,338,805,1664,550,2469,1017,2002,3019
224642,9,6,2,75,125,294,569,200,863,369,694,1063
224891,9,6,2,4,16,1,11,20,12,5,27,32
224961,9,6,2,10,22,22,87,32,109,32,109,141
225247,9,6,2,3,10,2,3,13,5,5,13,18
225399,9,6,2,2,12,21,60,14,81,23,72,95
225414,9,6,2,62,130,103,235,192,338,165,365,530
225432,9,6,2,155,272,273,566,427,839,428,838,1266
225511,9,6,2,174,148,250,257,322,507,424,405,829
225548,9,6,2,2,0,4,4,2,8,6,4,10
225885,9,6,2,3,3,3,8,6,11,6,11,17
226116,9,6,2,8,38,14,72,46,86,22,110,132
226134,9,6,2,10,36,70,137,46,207,80,173,253
226204,9,6,2,40,30,220,191,70,411,260,221,481
226277,9,6,2,70,5,0,0,75,0,70,5,75
226383,9,6,2,4,24,2,5,28,7,6,29,35
226408,9,6,2,17,26,70,185,43,255,87,211,298
226471,9,6,2,17,31,5,6,48,11,22,37,59
226578,9,6,2,33,102,65,239,135,304,98,341,439
226587,9,6,2,16,21,4,8,37,12,20,29,49
226675,9,6,2,9,35,0,0,44,0,9,35,44
227146,9,6,2,16,63,42,141,79,183,58,204,262
227182,9,6,2,281,433,715,1721,714,2436,996,2154,3150
227216,9,6,2,198,122,263,235,320,498,461,357,818
227331,9,6,2,5,22,7,10,27,17,12,32,44
227368,9,6,2,142,269,163,256,411,419,305,525,830
227377,9,6,2,18,45,46,78,63,124,64,123,187
227386,9,6,2,4,38,5,82,42,87,9,120,129
227401,9,6,2,34,58,38,101,92,139,72,159,231
227526,9,6,2,16,34,16,18,50,34,32,52,84
227757,9,6,2,2,0,0,0,2,0,2,0,2
227845,9,6,2,17,19,3,5,36,8,20,24,44
227863,9,6,2,26,49,10,12,75,22,36,61,97
227881,9,6,2,97,195,97,187,292,284,194,382,576
227979,9,6,2,102,152,404,898,254,1302,506,1050,1556
228042,9,6,2,9,13,1,5,22,6,10,18,28
228149,9,6,2,10,11,1,1,21,2,11,12,23
228158,9,6,2,52,117,67,220,169,287,119,337,456
228246,9,6,2,12,7,0,2,19,2,12,9,21
228282,9,6,2,0,1,0,0,1,0,0,1,1
228343,9,6,2,3,3,0,0,6,0,3,3,6
228431,9,6,2,35,115,30,62,150,92,65,177,242
228459,9,6,2,203,116,128,174,319,302,331,290,621
228501,9,6,2,9,18,10,67,27,77,19,85,104
228529,9,6,2,51,106,107,185,157,292,158,291,449
228547,9,6,2,158,152,711,1369,310,2080,869,1521,2390
228644,9,6,2,21,43,15,9,64,24,36,52,88
228653,9,6,2,8,18,2,12,26,14,10,30,40
228699,9,6,2,19,44,24,85,63,109,43,129,172
228705,9,6,2,25,43,18,28,68,46,43,71,114
228723,9,6,2,107,58,37,24,165,61,144,82,226
228769,9,6,2,234,356,379,1145,590,1524,613,1501,2114
228778,9,6,2,56,35,28,23,91,51,84,58,142
228787,9,6,2,125,76,110,118,201,228,235,194,429
228796,9,6,2,166,171,222,286,337,508,388,457,845
228802,9,6,2,56,95,78,148,151,226,134,243,377
228875,9,6,2,18,19,5,9,37,14,23,28,51
229018,9,6,2,61,155,60,92,216,152,121,247,368
229027,9,6,2,260,200,248,226,460,474,508,426,934
229063,9,6,2,56,76,31,49,132,80,87,125,212
229115,9,6,2,120,132,84,118,252,202,204,250,454
229179,9,6,2,25,195,21,238,220,259,46,433,479
229267,9,6,2,1,0,0,4,1,4,1,4,5
229337,9,6,2,16,77,10,26,93,36,26,103,129
229355,9,6,2,28,90,91,275,118,366,119,365,484
229504,9,6,2,16,18,31,113,34,144,47,131,178
229780,9,6,2,30,91,59,88,121,147,89,179,268
229799,9,6,2,26,36,33,157,62,190,59,193,252
229814,9,6,2,42,115,54,105,157,159,96,220,316
229841,9,6,2,16,26,35,113,42,148,51,139,190
229887,9,6,2,12,8,0,3,20,3,12,11,23
230038,9,6,2,32,28,46,24,60,70,78,52,130
230047,9,6,2,38,33,3,5,71,8,41,38,79
230162,9,6,2,18,21,126,34,39,160,144,55,199
230171,9,6,2,58,63,67,65,121,132,125,128,253
230214,9,6,2,3,5,3,17,8,20,6,22,28
230597,9,6,2,9,17,14,13,26,27,23,30,53
230603,9,6,2,86,75,132,238,161,370,218,313,531
230676,9,6,2,7,2,15,7,9,22,22,9,31
230728,9,6,2,78,115,114,205,193,319,192,320,512
230746,9,6,2,137,121,594,637,258,1231,731,758,1489
230764,9,6,2,175,100,201,196,275,397,376,296,672
230782,9,6,2,179,192,267,400,371,667,446,592,1038
230807,9,6,2,4,16,0,1,20,1,4,17,21
230816,9,6,2,0,1,1,0,1,1,1,1,2
230834,9,6,2,4,21,4,13,25,17,8,34,42
230852,9,6,2,72,43,84,44,115,128,156,87,243
230861,9,6,2,21,28,114,444,49,558,135,472,607
230913,9,6,2,10,15,10,45,25,55,20,60,80
231059,9,6,2,0,2,2,0,2,2,2,2,4
231095,9,6,2,2,3,0,0,5,0,2,3,5
231165,9,6,2,19,45,42,57,64,99,61,102,163
231174,9,6,2,21,7,25,38,28,63,46,45,91
231280,9,6,2,0,5,0,6,5,6,0,11,11
231411,9,6,2,49,7,0,0,56,0,49,7,56
231420,9,6,2,13,27,6,14,40,20,19,41,60
231536,9,6,2,18,22,58,125,40,183,76,147,223
231581,9,6,2,1,0,0,0,1,0,1,0,1
231624,9,6,2,5,5,3,0,10,3,8,5,13
231697,9,6,2,12,23,51,101,35,152,63,124,187
231712,9,6,2,1,5,0,3,6,3,1,8,9
231785,9,6,2,9,88,7,106,97,113,16,194,210
231873,9,6,2,2,5,8,18,7,26,10,23,33
231882,9,6,2,19,22,19,52,41,71,38,74,112
232025,9,6,2,1,2,0,0,3,0,1,2,3
232043,9,6,2,1,7,5,3,8,8,6,10,16
232052,9,6,2,1,5,7,14,6,21,8,19,27
232089,9,6,2,1,1,0,1,2,1,1,2,3
232186,9,6,2,223,213,242,246,436,488,465,459,924
232195,9,6,2,26,56,71,203,82,274,97,259,356
232308,9,6,2,0,5,0,0,5,0,0,5,5
232414,9,6,2,41,70,132,327,111,459,173,397,570
232450,9,6,2,19,53,122,229,72,351,141,282,423
232557,9,6,2,1028,1253,1322,1386,2281,2708,2350,2639,4989
232566,9,6,2,0,3,1,19,3,20,1,22,23
232575,9,6,2,18,31,41,158,49,199,59,189,248
232609,9,6,2,3,7,1,4,10,5,4,11,15
232706,9,6,2,9,37,3,12,46,15,12,49,61
232788,9,6,2,12,37,10,45,49,55,22,82,104
232867,9,6,2,12,20,50,68,32,118,62,88,150
232946,9,6,2,173,214,691,1112,387,1803,864,1326,2190
232982,9,6,2,195,287,315,360,482,675,510,647,1157
233019,9,6,2,7,18,6,41,25,47,13,59,72
233037,9,6,2,4,12,4,26,16,30,8,38,46
233116,9,6,2,17,26,90,175,43,265,107,201,308
233277,9,6,2,38,58,18,29,96,47,56,87,143
233286,9,6,2,2,8,0,2,10,2,2,10,12
233295,9,6,2,1,1,1,0,2,1,2,1,3
233310,9,6,2,4,10,20,73,14,93,24,83,107
233338,9,6,2,3,2,1,6,5,7,4,8,12
233374,9,6,2,0,3,4,9,3,13,4,12,16
233426,9,6,2,1,4,4,1,5,5,5,5,10
233541,9,6,2,12,21,7,4,33,11,19,25,44
233611,9,6,2,5,2,2,0,7,2,7,2,9
233639,9,6,2,6,29,32,103,35,135,38,132,170
233648,9,6,2,16,41,16,55,57,71,32,96,128
233666,9,6,2,1,0,0,0,1,0,1,0,1
233718,9,6,2,0,1,0,0,1,0,0,1,1
233754,9,6,2,38,62,91,214,100,305,129,276,405
233772,9,6,2,135,209,296,603,344,899,431,812,1243
233903,9,6,2,14,32,21,66,46,87,35,98,133
233921,9,6,2,35,12,15,7,47,22,50,19,69
233949,9,6,2,17,50,86,154,67,240,103,204,307
234030,9,6,2,94,113,83,117,207,200,177,230,407
234076,9,6,2,23,15,47,54,38,101,70,69,139
234119,9,6,2,4,10,3,2,14,5,7,12,19
234155,9,6,2,14,31,5,13,45,18,19,44,63
234207,9,6,2,0,0,1,0,0,1,1,0,1
234377,9,6,2,2,20,17,59,22,76,19,79,98
234669,9,6,2,104,165,138,283,269,421,242,448,690
234696,9,6,2,62,70,27,50,132,77,89,120,209
234711,9,6,2,20,32,18,51,52,69,38,83,121
234827,9,6,2,125,158,50,67,283,117,175,225,400
234845,9,6,2,29,55,22,85,84,107,51,140,191
234924,9,6,2,4,14,0,0,18,0,4,14,18
234933,9,6,2,63,142,93,166,205,259,156,308,464
234951,9,6,2,75,104,40,99,179,139,115,203,318
234979,9,6,2,49,138,189,151,187,340,238,289,527
235024,9,6,2,3,2,1,1,5,2,4,3,7
235097,9,6,2,107,109,24,34,216,58,131,143,274
235103,9,6,2,58,52,129,257,110,386,187,309,496
235149,9,6,2,55,96,98,158,151,256,153,254,407
235237,9,6,2,99,164,202,329,263,531,301,493,794
235307,9,6,2,1,10,0,0,11,0,1,10,11
235316,9,6,2,9,5,0,0,14,0,9,5,14
235334,9,6,2,32,41,28,30,73,58,60,71,131
235343,9,6,2,77,80,77,120,157,197,154,200,354
235431,9,6,2,40,89,61,144,129,205,101,233,334
235547,9,6,2,1,7,0,5,8,5,1,12,13
235671,9,6,2,170,84,243,198,254,441,413,282,695
235699,9,6,2,40,84,80,194,124,274,120,278,398
235750,9,6,2,22,66,20,105,88,125,42,171,213
236072,9,6,2,57,76,120,319,133,439,177,395,572
236188,9,6,2,106,158,110,122,264,232,216,280,496
236258,9,6,2,25,39,39,85,64,124,64,124,188
236328,9,6,2,4,1,0,3,5,3,4,4,8
236382,9,6,2,54,67,339,86,121,425,393,153,546
236452,9,6,2,35,23,11,4,58,15,46,27,73
236504,9,6,2,59,24,543,108,83,651,602,132,734
236513,9,6,2,87,156,67,135,243,202,154,291,445
236577,9,6,2,14,12,1,1,26,2,15,13,28
236595,9,6,2,25,13,4,1,38,5,29,14,43
236610,9,6,2,56,107,85,196,163,281,141,303,444
236638,9,6,2,63,94,166,181,157,347,229,275,504
236656,9,6,2,50,69,48,101,119,149,98,170,268
236692,9,6,2,136,246,218,269,382,487,354,515,869
236708,9,6,2,73,103,48,69,176,117,121,172,293
236753,9,6,2,94,193,60,165,287,225,154,358,512
236887,9,6,2,77,63,87,65,140,152,164,128,292
236896,9,6,2,5,3,2,1,8,3,7,4,11
236939,9,6,2,207,237,109,189,444,298,316,426,742
236975,9,6,2,28,62,21,59,90,80,49,121,170
237011,9,6,2,65,102,31,18,167,49,96,120,216
237039,9,6,2,32,52,51,92,84,143,83,144,227
237057,9,6,2,0,3,0,0,3,0,0,3,3
237066,9,6,2,5,9,0,0,14,0,5,9,14
237109,9,6,2,31,109,23,100,140,123,54,209,263
237118,9,6,2,0,5,1,7,5,8,1,12,13
237181,9,6,2,1,2,0,2,3,2,1,4,5
237303,9,6,2,2,3,0,0,5,0,2,3,5
237312,9,6,2,47,57,173,54,104,227,220,111,331
237321,9,6,2,1,5,0,0,6,0,1,5,6
237330,9,6,2,7,20,4,5,27,9,11,25,36
237358,9,6,2,3,7,0,1,10,1,3,8,11
237367,9,6,2,14,32,7,25,46,32,21,57,78
237385,9,6,2,4,5,38,3,9,41,42,8,50
237525,9,6,2,50,76,23,40,126,63,73,116,189
237686,9,6,2,14,41,22,60,55,82,36,101,137
237701,9,6,2,6,7,4,7,13,11,10,14,24
237792,9,6,2,7,24,32,44,31,76,39,68,107
237817,9,6,2,13,30,7,27,43,34,20,57,77
237899,9,6,2,12,30,5,12,42,17,17,42,59
237950,9,6,2,4,5,5,4,9,9,9,9,18
237969,9,6,2,0,1,0,0,1,0,0,1,1
238014,9,6,2,7,25,8,28,32,36,15,53,68
238032,9,6,2,39,38,25,31,77,56,64,69,133
238175,9,6,2,0,3,0,0,3,0,0,3,3
238193,9,6,2,1,26,2,20,27,22,3,46,49
238263,9,6,2,78,97,264,490,175,754,342,587,929
238397,9,6,2,26,38,60,143,64,203,86,181,267
238430,9,6,2,2,5,5,13,7,18,7,18,25
238458,9,6,2,9,6,4,5,15,9,13,11,24
238722,9,6,2,55,53,318,256,108,574,373,309,682
238759,9,6,2,40,50,173,253,90,426,213,303,516
239008,9,6,2,13,14,116,123,27,239,129,137,266
239071,9,6,2,0,1,5,5,1,10,5,6,11
239105,9,6,2,4,1,3,7,5,10,7,8,15
239248,9,6,2,113,204,444,788,317,1232,557,992,1549
239309,9,6,2,1,8,0,0,9,0,1,8,9
239318,9,6,2,18,14,4,2,32,6,22,16,38
239372,9,6,2,23,34,72,140,57,212,95,174,269
239442,9,6,2,7,12,21,53,19,74,28,65,93
239488,9,6,2,58,84,174,381,142,555,232,465,697
239512,9,6,2,0,0,1,0,0,1,1,0,1
239716,9,6,2,1,2,0,0,3,0,1,2,3
239877,9,6,2,0,3,0,3,3,3,0,6,6
240107,9,6,2,5,16,4,28,21,32,9,44,53
240170,9,6,2,27,49,91,172,76,263,118,221,339
240189,9,6,2,37,49,49,56,86,105,86,105,191
240198,9,6,2,22,46,52,109,68,161,74,155,229
240268,9,6,2,17,15,13,38,32,51,30,53,83
240277,9,6,2,73,74,88,141,147,229,161,215,376
240329,9,6,2,19,8,8,13,27,21,27,21,48
240338,9,6,2,1,2,1,3,3,4,2,5,7
240365,9,6,2,46,37,62,49,83,111,108,86,194
240374,9,6,2,35,30,31,49,65,80,66,79,145
240417,9,6,2,24,32,44,58,56,102,68,90,158
240426,9,6,2,11,55,22,51,66,73,33,106,139
240444,9,6,2,43,35,84,80,78,164,127,115,242
240453,9,6,2,172,158,132,159,330,291,304,317,621
240462,9,6,2,17,7,47,24,24,71,64,31,95
240471,9,6,2,20,11,14,19,31,33,34,30,64
240480,9,6,2,34,32,23,33,66,56,57,65,122
240505,9,6,2,33,50,66,101,83,167,99,151,250
240514,9,6,2,8,18,38,54,26,92,46,72,118
240596,9,6,2,3,3,3,24,6,27,6,27,33
240620,9,6,2,25,59,44,92,84,136,69,151,220
240657,9,6,2,4,14,16,32,18,48,20,46,66
240666,9,6,2,27,30,39,68,57,107,66,98,164
240727,9,6,2,55,66,67,100,121,167,122,166,288
240745,9,6,2,10,17,47,41,27,88,57,58,115
240790,9,6,2,15,27,3,17,42,20,18,44,62
241182,9,6,2,5,28,0,0,33,0,5,28,33
241191,9,6,2,13,12,1,2,25,3,14,14,28
241225,9,6,2,6,8,1,14,14,15,7,22,29
241331,9,6,2,2,4,3,15,6,18,5,19,24
241377,9,6,2,16,22,3,6,38,9,19,28,47
241386,9,6,2,3,7,1,7,10,8,4,14,18
241395,9,6,2,1,7,1,5,8,6,2,12,14
241410,9,6,2,15,16,22,16,31,38,37,32,69
241720,9,6,2,9,16,6,6,25,12,15,22,37
241739,9,6,2,48,109,59,127,157,186,107,236,343
241766,9,6,2,1,0,4,1,1,5,5,1,6
241836,9,6,2,15,35,19,58,50,77,34,93,127
241906,9,6,2,4,1,0,0,5,0,4,1,5
241951,9,6,2,0,4,2,3,4,5,2,7,9
242112,9,6,2,13,16,3,7,29,10,16,23,39
242130,9,6,2,1,22,0,4,23,4,1,26,27
242149,9,6,2,3,20,0,11,23,11,3,31,34
242556,9,6,2,1,3,0,0,4,0,1,3,4
242617,9,6,2,13,18,8,14,31,22,21,32,53
242626,9,6,2,35,35,23,33,70,56,58,68,126
242635,9,6,2,15,47,11,42,62,53,26,89,115
242644,9,6,2,6,21,4,11,27,15,10,32,42
242653,9,6,2,48,52,40,43,100,83,88,95,183
242662,9,6,2,24,55,14,46,79,60,38,101,139
242680,9,6,2,10,20,5,18,30,23,15,38,53
242699,9,6,2,21,54,11,24,75,35,32,78,110
242705,9,6,2,29,19,22,9,48,31,51,28,79
243106,9,6,2,2,3,0,1,5,1,2,4,6
243142,9,6,2,0,4,3,3,4,6,3,7,10
243179,9,6,2,2,3,0,3,5,3,2,6,8
243188,9,6,2,2,2,1,1,4,2,3,3,6
243203,9,6,2,2,3,0,0,5,0,2,3,5
243212,9,6,2,5,1,2,6,6,8,7,7,14
243221,9,6,2,8,13,21,21,21,42,29,34,63
243346,9,6,2,43,75,48,88,118,136,91,163,254
243443,9,6,2,14,35,15,38,49,53,29,73,102
243577,9,6,2,27,8,108,47,35,155,135,55,190
243586,9,6,2,5,10,4,5,15,9,9,15,24
243601,9,6,2,69,96,79,113,165,192,148,209,357
243638,9,6,2,6,19,16,22,25,38,22,41,63
243647,9,6,2,9,3,3,11,12,14,12,14,26
243744,9,6,2,14,16,0,0,30,0,14,16,30
243780,9,6,2,37,16,62,97,53,159,99,113,212
243832,9,6,2,27,74,21,82,101,103,48,156,204
243841,9,6,2,8,46,2,13,54,15,10,59,69
244437,9,6,2,58,134,190,520,192,710,248,654,902
244446,9,6,2,35,45,38,156,80,194,73,201,274
245281,9,6,2,8,14,0,0,22,0,8,14,22
245625,9,6,2,6,9,12,29,15,41,18,38,56
246813,9,6,2,6,21,38,160,27,198,44,181,225
246895,9,6,2,7,10,9,7,17,16,16,17,33
247603,9,6,2,10,24,21,40,34,61,31,64,95
247834,9,6,2,181,202,331,662,383,993,512,864,1376
247940,9,6,2,34,45,74,114,79,188,108,159,267
248925,9,6,2,11,24,14,3,35,17,25,27,52
248934,9,6,2,845,1242,3,6,2087,9,848,1248,2096
249238,9,6,2,0,20,2,14,20,16,2,34,36
251260,9,6,2,26,35,32,90,61,122,58,125,183
260813,9,6,2,5,43,0,0,48,0,5,43,48
260929,9,6,2,1,8,0,1,9,1,1,9,10
262031,9,6,2,24,49,42,139,73,181,66,188,254
262086,9,6,2,80,88,249,493,168,742,329,581,910
262129,9,6,2,4,5,1,0,9,1,5,5,10
262341,9,6,2,15,3,0,0,18,0,15,3,18
363165,9,6,2,21,28,10,5,49,15,31,33,64
363633,9,6,2,4,9,13,26,13,39,17,35,52
363907,9,6,2,12,17,10,6,29,16,22,23,45
363916,9,6,2,2,6,1,2,8,3,3,8,11
364016,9,6,2,38,19,119,176,57,295,157,195,352
364025,9,6,2,62,44,156,211,106,367,218,255,473
364636,9,6,2,4,8,0,0,12,0,4,8,12
365198,9,6,2,0,7,8,9,7,17,8,16,24
365480,9,6,2,1,12,3,8,13,11,4,20,24
366003,9,6,2,5,13,7,9,18,16,12,22,34
366252,9,6,2,27,19,23,56,46,79,50,75,125
366395,9,6,2,84,107,140,353,191,493,224,460,684
366401,9,6,2,27,26,129,220,53,349,156,246,402
366465,9,6,2,8,40,18,69,48,87,26,109,135
366623,9,6,2,1,1,0,0,2,0,1,1,2
366711,9,6,2,152,181,106,147,333,253,258,328,586
367334,9,6,2,32,5,6,2,37,8,38,7,45
367459,9,6,2,30,40,94,189,70,283,124,229,353
368230,9,6,2,0,12,1,10,12,11,1,22,23
368911,9,6,2,6,18,13,60,24,73,19,78,97
372356,9,6,2,0,11,0,0,11,0,0,11,11
374574,9,6,2,5,24,1,21,29,22,6,45,51
375106,9,6,2,20,7,3,0,27,3,23,7,30
375407,9,6,2,5,3,2,2,8,4,7,5,12
375416,9,6,2,14,19,0,0,33,0,14,19,33
375726,9,6,2,15,0,24,3,15,27,39,3,42
375984,9,6,2,2,7,1,8,9,9,3,15,18
376288,9,6,2,0,5,0,0,5,0,0,5,5
376385,9,6,2,9,6,0,1,15,1,9,7,16
376446,9,6,2,0,2,0,12,2,12,0,14,14
376631,9,6,2,1,1,0,0,2,0,1,1,2
377218,9,6,2,12,0,0,0,12,0,12,0,12
377643,9,6,2,1,11,0,0,12,0,1,11,12
377722,9,6,2,1,52,0,0,53,0,1,52,53
379621,9,6,2,1,10,0,5,11,5,1,15,16
380359,9,6,2,6,12,6,58,18,64,12,70,82
382258,9,6,2,1,8,0,4,9,4,1,12,13
383190,9,6,2,22,21,25,93,43,118,47,114,161
383765,9,6,2,0,11,1,7,11,8,1,18,19
383996,9,6,2,4,7,15,26,11,41,19,33,52
384254,9,6,2,7,0,0,0,7,0,7,0,7
384333,9,6,2,23,44,104,262,67,366,127,306,433
384342,9,6,2,15,38,62,132,53,194,77,170,247
395362,9,6,2,10,22,39,94,32,133,49,116,165
399212,9,6,2,14,17,1036,212,31,1248,1050,229,1279
400187,9,6,2,10,42,2,24,52,26,12,66,78
401764,9,6,2,0,6,1,15,6,16,1,21,22
403469,9,6,2,1,4,102,43,5,145,103,47,150
403478,9,6,2,1,13,6,9,14,15,7,22,29
403487,9,6,2,0,6,2,29,6,31,2,35,37
404426,9,6,2,13,13,42,73,26,115,55,86,141
404684,9,6,2,3,8,0,0,11,0,3,8,11
405872,9,6,2,11,13,27,71,24,98,38,84,122
407179,9,6,2,0,4,0,3,4,3,0,7,7
407461,9,6,2,5,2,0,0,7,0,5,2,7
407470,9,6,2,2,12,1,3,14,4,3,15,18
407735,9,6,2,0,4,0,0,4,0,0,4,4
407832,9,6,2,2,4,12,2,6,14,14,6,20
408066,9,6,2,5,5,1,5,10,6,6,10,16
408844,9,6,2,54,188,35,124,242,159,89,312,401
409591,9,6,2,1,2,0,2,3,2,1,4,5
409698,9,6,2,54,109,53,46,163,99,107,155,262
412544,9,6,2,2,10,0,14,12,14,2,24,26
413617,9,6,2,8,3,9,24,11,33,17,27,44
414878,9,6,2,8,17,9,16,25,25,17,33,50
414911,9,6,2,12,17,17,30,29,47,29,47,76
415039,9,6,2,0,4,0,1,4,1,0,5,5
416801,9,6,2,8,20,3,1,28,4,11,21,32
417008,9,6,2,0,5,0,0,5,0,0,5,5
417655,9,6,2,1,0,0,0,1,0,1,0,1
417716,9,6,2,1,44,0,0,45,0,1,44,45
417734,9,6,2,4,5,2,14,9,16,6,19,25
417840,9,6,2,3,73,0,0,76,0,3,73,76
417886,9,6,2,0,3,0,0,3,0,0,3,3
417910,9,6,2,2,31,0,0,33,0,2,31,33
418029,9,6,2,0,6,0,0,6,0,0,6,6
418065,9,6,2,2,21,3,10,23,13,5,31,36
418083,9,6,2,0,6,0,0,6,0,0,6,6
418481,9,6,2,0,5,0,0,5,0,0,5,5
418533,9,6,2,2,17,0,6,19,6,2,23,25
418588,9,6,2,0,4,0,0,4,0,0,4,4
419031,9,6,2,1,5,0,0,6,0,1,5,6
420042,9,6,2,3,2,0,0,5,0,3,2,5
420130,9,6,2,3,51,0,0,54,0,3,51,54
420343,9,6,2,8,1,8,0,9,8,16,1,17
420431,9,6,2,8,36,27,113,44,140,35,149,184
420440,9,6,2,5,8,15,65,13,80,20,73,93
420538,9,6,2,8,18,17,34,26,51,25,52,77
420556,9,6,2,4,8,7,21,12,28,11,29,40
421610,9,6,2,1,6,0,0,7,0,1,6,7
421717,9,6,2,3,0,1,0,3,1,4,0,4
423652,9,6,2,0,9,5,7,9,12,5,16,21
426314,9,6,2,360,65,1203,176,425,1379,1563,241,1804
428055,9,6,2,1,10,0,0,11,0,1,10,11
430227,9,6,2,1,6,0,4,7,4,1,10,11
430403,9,6,2,1,48,0,0,49,0,1,48,49
430564,9,6,2,0,0,2,1,0,3,2,1,3
430971,9,6,2,4,6,0,0,10,0,4,6,10
431275,9,6,2,0,0,0,3,0,3,0,3,3
431284,9,6,2,0,6,0,1,6,1,0,7,7
433040,9,6,2,0,7,0,0,7,0,0,7,7
433101,9,6,2,6,31,1,21,37,22,7,52,59
433387,9,6,2,10545,13254,0,0,23799,0,10545,13254,23799
433420,9,6,2,30,1,0,0,31,0,30,1,31
433660,9,6,2,55,44,29,44,99,73,84,88,172
434061,9,6,2,57,166,47,188,223,235,104,354,458
434159,9,6,2,49,9,0,0,58,0,49,9,58
434469,9,6,2,0,47,0,0,47,0,0,47,47
434584,9,6,2,2,2,4,16,4,20,6,18,24
434672,9,6,2,65,112,304,908,177,1212,369,1020,1389
435000,9,6,2,0,1,0,0,1,0,0,1,1
436553,9,6,2,3,34,0,0,37,0,3,34,37
436818,9,6,2,6,8,1,1,14,2,7,9,16
436827,9,6,2,2,3,0,0,5,0,2,3,5
436836,9,6,2,11,11,0,3,22,3,11,14,25
437103,9,6,2,65,176,129,429,241,558,194,605,799
438586,9,6,2,54,97,6,21,151,27,60,118,178
438708,9,6,2,2,10,2,11,12,13,4,21,25
439190,9,6,2,13,11,21,18,24,39,34,29,63
439367,9,6,2,71,162,0,0,233,0,71,162,233
439844,9,6,2,0,2,0,0,2,0,0,2,2
440101,9,6,2,0,4,0,8,4,8,0,12,12
440271,9,6,2,16,7,0,0,23,0,16,7,23
440749,9,6,2,2,0,6,1,2,7,8,1,9
440828,9,6,2,12,10,27,10,22,37,39,20,59
441371,9,6,2,40,1315,0,0,1355,0,40,1315,1355
441690,9,6,2,3,2,3,0,5,3,6,2,8
441760,9,6,2,45,56,54,124,101,178,99,180,279
441900,9,6,2,20,89,58,272,109,330,78,361,439
441937,9,6,2,56,105,68,102,161,170,124,207,331
442073,9,6,2,5,31,1,21,36,22,6,52,58
442240,9,6,2,5,16,8,17,21,25,13,33,46
442329,9,6,2,63,12,0,0,75,0,63,12,75
442356,9,6,2,8,49,16,166,57,182,24,215,239
442523,9,6,2,1,1,1,0,2,1,2,1,3
442930,9,6,2,10,22,2,0,32,2,12,22,34
443049,9,6,2,4,7,7,6,11,13,11,13,24
443058,9,6,2,1,0,0,2,1,2,1,2,3
443100,9,6,2,3,2,0,0,5,0,3,2,5
443331,9,6,2,70,289,24,70,359,94,94,359,453
443641,9,6,2,0,9,0,4,9,4,0,13,13
444219,9,6,2,14,24,208,377,38,585,222,401,623
444282,9,6,2,0,4,1,9,4,10,1,13,14
444291,9,6,2,0,5,0,9,5,9,0,14,14
444307,9,6,2,0,8,0,0,8,0,0,8,8
444486,9,6,2,2,16,1,6,18,7,3,22,25
444556,9,6,2,19,15,0,0,34,0,19,15,34
444565,9,6,2,8,13,2,6,21,8,10,19,29
444583,9,6,2,4,3,0,0,7,0,4,3,7
444671,9,6,2,6,7,0,0,13,0,6,7,13
444787,9,6,2,59,407,42,239,466,281,101,646,747
445027,9,6,2,675,1061,46,120,1736,166,721,1181,1902
445133,9,6,2,7,12,4,4,19,8,11,16,27
445188,9,6,2,23,21,0,0,44,0,23,21,44
445212,9,6,2,1,1,2,7,2,9,3,8,11
445267,9,6,2,15,96,30,82,111,112,45,178,223
445498,9,6,2,2,0,0,0,2,0,2,0,2
445708,9,6,2,5,7,0,1,12,1,5,8,13
445911,9,6,2,7,24,6,17,31,23,13,41,54
445948,9,6,2,32,211,0,0,243,0,32,211,243
446206,9,6,2,0,3,0,4,3,4,0,7,7
446233,9,6,2,0,1,1,1,1,2,1,2,3
446251,9,6,2,10,10,0,0,20,0,10,10,20
446288,9,6,2,0,4,0,3,4,3,0,7,7
446774,9,6,2,15,26,119,188,41,307,134,214,348
447148,9,6,2,0,6,0,6,6,6,0,12,12
447166,9,6,2,0,0,0,4,0,4,0,4,4
447175,9,6,2,0,3,0,5,3,5,0,8,8
447582,9,6,2,9,34,4,28,43,32,13,62,75
447689,9,6,2,66,89,74,118,155,192,140,207,347
447759,9,6,2,11,19,0,1,30,1,11,20,31
447999,9,6,2,7,18,0,0,25,0,7,18,25
448026,9,6,2,0,7,0,1,7,1,0,8,8
448196,9,6,2,3,18,0,1,21,1,3,19,22
448220,9,6,2,1,11,0,0,12,0,1,11,12
448248,9,6,2,4,5,100,24,9,124,104,29,133
448594,9,6,2,14,43,53,129,57,182,67,172,239
448673,9,6,2,19,212,18,257,231,275,37,469,506
448798,9,6,2,1,16,0,0,17,0,1,16,17
449320,9,6,2,11,2,10,0,13,10,21,2,23
449357,9,6,2,1,23,0,0,24,0,1,23,24
449384,9,6,2,10,2,33,18,12,51,43,20,63
449472,9,6,2,0,7,0,0,7,0,0,7,7
449889,9,6,2,8,17,0,0,25,0,8,17,25
449959,9,6,2,1,7,3,6,8,9,4,13,17
449968,9,6,2,7,13,2,9,20,11,9,22,31
449977,9,6,2,0,11,0,4,11,4,0,15,15
449986,9,6,2,5,9,4,12,14,16,9,21,30
449995,9,6,2,1,4,0,7,5,7,1,11,12
450571,9,6,2,5,32,5,48,37,53,10,80,90
450599,9,6,2,0,3,0,0,3,0,0,3,3
450605,9,6,2,0,4,0,4,4,4,0,8,8
450614,9,6,2,0,9,0,4,9,4,0,13,13
450641,9,6,2,0,12,0,16,12,16,0,28,28
450720,9,6,2,0,19,0,39,19,39,0,58,58
450933,9,6,2,741,433,582,225,1174,807,1323,658,1981
451121,9,6,2,1,9,0,7,10,7,1,16,17
451565,9,6,2,1,16,0,0,17,0,1,16,17
451583,9,6,2,6,2,56,3,8,59,62,5,67
451714,9,6,2,1,16,2,10,17,12,3,26,29
451750,9,6,2,13,65,7,67,78,74,20,132,152
451857,9,6,2,1,12,0,0,13,0,1,12,13
451918,9,6,2,3,14,0,0,17,0,3,14,17
452009,9,6,2,0,2,0,0,2,0,0,2,2
453297,9,6,2,0,0,0,1,0,1,0,1,1
454227,9,6,2,59,468,174,1505,527,1679,233,1973,2206
454236,9,6,2,2,29,6,49,31,55,8,78,86
454245,9,6,2,6,46,14,64,52,78,20,110,130
454652,9,6,2,0,10,0,0,10,0,0,10,10
454698,9,6,2,7,11,0,0,18,0,7,11,18
454768,9,6,2,2,13,4,9,15,13,6,22,28
454777,9,6,2,2,19,2,11,21,13,4,30,34
454810,9,6,2,406,1130,0,0,1536,0,406,1130,1536
454926,9,6,2,5,29,0,3,34,3,5,32,37
454944,9,6,2,1,7,0,0,8,0,1,7,8
455026,9,6,2,0,0,6,0,0,6,6,0,6
455080,9,6,2,6,9,0,0,15,0,6,9,15
455114,9,6,2,78,88,132,259,166,391,210,347,557
455196,9,6,2,50,657,0,0,707,0,50,657,707
455284,9,6,2,0,9,0,1,9,1,0,10,10
455512,9,6,2,10,15,57,191,25,248,67,206,273
455831,9,6,2,2,13,0,0,15,0,2,13,15
455868,9,6,2,3,26,0,0,29,0,3,26,29
455901,9,6,2,1,3,2,4,4,6,3,7,10
456029,9,6,2,3,16,0,6,19,6,3,22,25
456065,9,6,2,0,9,0,1,9,1,0,10,10
456074,9,6,2,2,9,0,1,11,1,2,10,12
456135,9,6,2,1,10,0,7,11,7,1,17,18
456481,9,6,2,0,0,2,4,0,6,2,4,6
456825,9,6,2,0,8,0,8,8,8,0,16,16
456959,9,6,2,0,4,0,3,4,3,0,7,7
457031,9,6,2,0,1,0,1,1,1,0,2,2
457129,9,6,2,3,42,9,124,45,133,12,166,178
457253,9,6,2,1,10,1,10,11,11,2,20,22
457299,9,6,2,17,46,1,1,63,2,18,47,65
457323,9,6,2,6,30,0,0,36,0,6,30,36
457475,9,6,2,0,5,0,0,5,0,0,5,5
457493,9,6,2,0,5,0,0,5,0,0,5,5
457527,9,6,2,1,3,6,39,4,45,7,42,49
457545,9,6,2,1,3,0,1,4,1,1,4,5
457633,9,6,2,0,12,1,30,12,31,1,42,43
457679,9,6,2,0,3,0,0,3,0,0,3,3
457855,9,6,2,0,8,0,0,8,0,0,8,8
458140,9,6,2,13,4,0,0,17,0,13,4,17
458210,9,6,2,101,288,32,112,389,144,133,400,533
458229,9,6,2,82,314,26,67,396,93,108,381,489
458274,9,6,2,0,13,0,7,13,7,0,20,20
458803,9,6,2,0,12,0,7,12,7,0,19,19
458812,9,6,2,1,3,1,3,4,4,2,6,8
458821,9,6,2,0,6,0,0,6,0,0,6,6
458830,9,6,2,0,13,0,4,13,4,0,17,17
458858,9,6,2,0,11,0,8,11,8,0,19,19
458867,9,6,2,2,14,1,5,16,6,3,19,22
459019,9,6,2,1,5,0,2,6,2,1,7,8
459046,9,6,2,0,3,0,3,3,3,0,6,6
459055,9,6,2,0,5,0,5,5,5,0,10,10
459064,9,6,2,0,3,1,3,3,4,1,6,7
459116,9,6,2,1,5,0,0,6,0,1,5,6
459170,9,6,2,5,12,0,20,17,20,5,32,37
459198,9,6,2,6,19,0,9,25,9,6,28,34
459231,9,6,2,5,10,0,0,15,0,5,10,15
459286,9,6,2,2,7,0,2,9,2,2,9,11
459301,9,6,2,0,4,0,3,4,3,0,7,7
459392,9,6,2,2,6,0,6,8,6,2,12,14
459523,9,6,2,0,10,0,0,10,0,0,10,10
459578,9,6,2,1,6,1,6,7,7,2,12,14
459949,9,6,2,75,100,115,206,175,321,190,306,496
460349,9,6,2,22,45,73,159,67,232,95,204,299
460394,9,6,2,36,55,219,416,91,635,255,471,726
460464,9,6,2,33,20,186,330,53,516,219,350,569
460677,9,6,2,6,42,2,5,48,7,8,47,55
460862,9,6,2,1,20,2,13,21,15,3,33,36
460871,9,6,2,2,36,10,79,38,89,12,115,127
460932,9,6,2,0,7,0,0,7,0,0,7,7
461193,9,6,2,0,7,0,1,7,1,0,8,8
461272,9,6,2,0,3,0,5,3,5,0,8,8
461379,9,6,2,0,0,4,4,0,8,4,4,8
461421,9,6,2,2,24,0,2,26,2,2,26,28
461591,9,6,2,0,8,0,0,8,0,0,8,8
461643,9,6,2,0,3,0,0,3,0,0,3,3
461652,9,6,2,1,7,0,0,8,0,1,7,8
461704,9,6,2,1,6,0,1,7,1,1,7,8
461759,9,6,2,5,4,1,2,9,3,6,6,12
461829,9,6,2,4,8,0,0,12,0,4,8,12
461883,9,6,2,1,2,2,4,3,6,3,6,9
461917,9,6,2,0,8,0,5,8,5,0,13,13
462008,9,6,2,2,14,0,8,16,8,2,22,24
462071,9,6,2,3,22,0,1,25,1,3,23,26
463056,9,6,2,7,2,5,1,9,6,12,3,15
466921,9,6,2,1,23,2,44,24,46,3,67,70
466930,9,6,2,8,78,31,223,86,254,39,301,340
467863,9,6,2,7,10,1,7,17,8,8,17,25
467872,9,6,2,2,22,1,16,24,17,3,38,41
468893,9,6,2,0,6,0,10,6,10,0,16,16
470047,9,6,2,1,4,0,0,5,0,1,4,5
474863,9,6,2,24,96,42,186,120,228,66,282,348
474915,9,6,2,0,7,0,21,7,21,0,28,28
474924,9,6,2,0,0,0,9,0,9,0,9,9
475200,9,6,2,3,3,9,22,6,31,12,25,37
475431,9,6,2,2,5,0,0,7,0,2,5,7
475486,9,6,2,3,16,1,9,19,10,4,25,29
475547,9,6,2,1,3,1,7,4,8,2,10,12
475556,9,6,2,0,6,2,10,6,12,2,16,18
475653,9,6,2,0,4,0,0,4,0,0,4,4
475723,9,6,2,8,4,12,11,12,23,20,15,35
475732,9,6,2,7,70,19,156,77,175,26,226,252
475741,9,6,2,1,13,2,27,14,29,3,40,43
475839,9,6,2,8,6,7,8,14,15,15,14,29
476063,9,6,2,33,3,0,0,36,0,33,3,36
476179,9,6,2,1,11,1,5,12,6,2,16,18
476805,9,6,2,0,5,0,0,5,0,0,5,5
476841,9,6,2,2,7,1,12,9,13,3,19,22
476975,9,6,2,176,152,431,478,328,909,607,630,1237
476984,9,6,2,0,11,0,11,11,11,0,22,22
477039,9,6,2,11,79,8,59,90,67,19,138,157
478582,9,6,2,1,12,0,8,13,8,1,20,21
478616,9,6,2,0,4,0,4,4,4,0,8,8
478953,9,6,2,2,16,0,0,18,0,2,16,18
479956,9,6,2,143,174,448,424,317,872,591,598,1189
479983,9,6,2,4,9,0,0,13,0,4,9,13
480028,9,6,2,20,5,1,0,25,1,21,5,26
480091,9,6,2,93,970,66,534,1063,600,159,1504,1663
480310,9,6,2,0,9,0,2,9,2,0,11,11
480569,9,6,2,41,51,28,39,92,67,69,90,159
480657,9,6,2,6,64,7,46,70,53,13,110,123
480921,9,6,2,4,5,0,0,9,0,4,5,9
480930,9,6,2,0,2,0,1,2,1,0,3,3
480976,9,6,2,0,1,0,0,1,0,0,1,1
481191,9,6,2,3,24,0,0,27,0,3,24,27
481225,9,6,2,2,0,0,0,2,0,2,0,2
481526,9,6,2,1,35,0,0,36,0,1,35,36
481678,9,6,2,0,0,0,3,0,3,0,3,3
481739,9,6,2,0,2,0,1,2,1,0,3,3
481748,9,6,2,0,9,0,3,9,3,0,12,12
481845,9,6,2,0,4,1,6,4,7,1,10,11
482149,9,6,2,31,57,22,38,88,60,53,95,148
482158,9,6,2,61,128,91,172,189,263,152,300,452
482167,9,6,2,0,7,0,21,7,21,0,28,28
482176,9,6,2,3,17,1,8,20,9,4,25,29
482413,9,6,2,29,33,21,20,62,41,50,53,103
482422,9,6,2,4,1,2,4,5,6,6,5,11
482431,9,6,2,125,78,82,97,203,179,207,175,382
482459,9,6,2,13,10,12,21,23,33,25,31,56
482468,9,6,2,24,37,18,47,61,65,42,84,126
482477,9,6,2,820,1378,973,2171,2198,3144,1793,3549,5342
482547,9,6,2,1,0,0,0,1,0,1,0,1
482556,9,6,2,1,4,5,1,5,6,6,5,11
482565,9,6,2,0,0,1,1,0,2,1,1,2
482574,9,6,2,17,8,8,13,25,21,25,21,46
482635,9,6,2,7,3,5,3,10,8,12,6,18
482653,9,6,2,3,3,5,1,6,6,8,4,12
482680,9,6,2,56,66,84,112,122,196,140,178,318
482699,9,6,2,2,23,9,30,25,39,11,53,64
482705,9,6,2,8,34,71,92,42,163,79,126,205
482936,9,6,2,9,1,3,2,10,5,12,3,15
483036,9,6,2,34,39,59,106,73,165,93,145,238
483045,9,6,2,56,115,136,329,171,465,192,444,636
483054,9,6,2,9,6,0,0,15,0,9,6,15
483124,9,6,2,964,1373,2220,2496,2337,4716,3184,3869,7053
483328,9,6,2,1,1,1,2,2,3,2,3,5
483337,9,6,2,0,10,0,6,10,6,0,16,16
483559,9,6,2,0,4,1,4,4,5,1,8,9
483595,9,6,2,129,385,73,255,514,328,202,640,842
483823,9,6,2,67,27,0,0,94,0,67,27,94
483911,9,6,2,0,3,0,0,3,0,0,3,3
484011,9,6,2,4,4,0,2,8,2,4,6,10
484093,9,6,2,0,3,0,6,3,6,0,9,9
484109,9,6,2,0,2,0,0,2,0,0,2,2
484190,9,6,2,3,2,0,0,5,0,3,2,5
484394,9,6,2,2,1,2,2,3,4,4,3,7
484473,9,6,2,35,51,166,169,86,335,201,220,421
484613,9,6,2,4408,10523,0,0,14931,0,4408,10523,14931
484631,9,6,2,74,42,0,0,116,0,74,42,116
484710,9,6,2,4,2,0,0,6,0,4,2,6
484756,9,6,2,6,6,0,0,12,0,6,6,12
484905,9,6,2,27,53,50,101,80,151,77,154,231
485014,9,6,2,1,12,0,6,13,6,1,18,19
485032,9,6,2,2,12,1,12,14,13,3,24,27
485111,9,6,2,39,87,65,149,126,214,104,236,340
485272,9,6,2,5,64,8,67,69,75,13,131,144
485397,9,6,2,0,9,0,10,9,10,0,19,19
485458,9,6,2,12,53,48,116,65,164,60,169,229
485476,9,6,2,1,12,0,0,13,0,1,12,13
485494,9,6,2,22,1,2,1,23,3,24,2,26
485768,9,6,2,10,15,0,0,25,0,10,15,25
486123,9,6,2,3,2,0,0,5,0,3,2,5
486567,9,6,2,0,19,0,1,19,1,0,20,20
486691,9,6,2,1,9,0,5,10,5,1,14,15
486798,9,6,2,118,24,0,0,142,0,118,24,142
486840,9,6,2,240,219,363,278,459,641,603,497,1100
486877,9,6,2,0,1,0,0,1,0,0,1,1
486938,9,6,2,6,29,12,50,35,62,18,79,97
486947,9,6,2,0,35,5,51,35,56,5,86,91
486956,9,6,2,12,67,20,148,79,168,32,215,247
486983,9,6,2,3,3,0,0,6,0,3,3,6
487010,9,6,2,1,14,1,3,15,4,2,17,19
487162,9,6,2,22,87,37,192,109,229,59,279,338
487348,9,6,2,0,1,0,7,1,7,0,8,8
487524,9,6,2,2,11,16,26,13,42,18,37,55
487676,9,6,2,0,7,1,3,7,4,1,10,11
487773,9,6,2,0,0,0,2,0,2,0,2,2
487861,9,6,2,9,36,1,18,45,19,10,54,64
487922,9,6,2,0,3,0,0,3,0,0,3,3
487995,9,6,2,2,3,0,3,5,3,2,6,8
488013,9,6,2,0,23,0,4,23,4,0,27,27
488031,9,6,2,3,5,0,0,8,0,3,5,8
488077,9,6,2,549,19,270,2,568,272,819,21,840
488271,9,6,2,1,6,0,0,7,0,1,6,7
488305,9,6,2,1,3,2,2,4,4,3,5,8
488989,9,6,2,0,6,0,6,6,6,0,12,12
488998,9,6,2,0,6,0,0,6,0,0,6,6
489140,9,6,2,1,3,4,4,4,8,5,7,12
489201,9,6,2,3,20,124,303,23,427,127,323,450
489256,9,6,2,7,0,0,0,7,0,7,0,7
489344,9,6,2,2,16,2,30,18,32,4,46,50
489353,9,6,2,12,32,7,29,44,36,19,61,80
489779,9,6,2,404,665,2331,2986,1069,5317,2735,3651,6386
490115,9,6,2,7,1,0,0,8,0,7,1,8
490230,9,6,2,20,25,0,0,45,0,20,25,45
490258,9,6,2,2,12,0,0,14,0,2,12,14
490300,9,6,2,0,4,4,2,4,6,4,6,10
490416,9,6,2,3,0,0,0,3,0,3,0,3
490425,9,6,2,0,20,0,0,20,0,0,20,20
490753,9,6,2,1,0,0,0,1,0,1,0,1
490805,9,6,2,48,59,47,108,107,155,95,167,262
491136,9,6,2,0,5,0,3,5,3,0,8,8
491145,9,6,2,0,5,0,2,5,2,0,7,7
491534,9,6,2,0,0,0,3,0,3,0,3,3
491598,9,6,2,1,1,0,0,2,0,1,1,2
491826,9,6,2,0,8,0,0,8,0,0,8,8
491835,9,6,2,0,2,0,0,2,0,0,2,2
491941,9,6,2,0,14,0,0,14,0,0,14,14
491978,9,6,2,1,0,3,6,1,9,4,6,10
492476,9,6,2,2,11,3,21,13,24,5,32,37
492689,9,6,2,3,24,2,12,27,14,5,36,41
492759,9,6,2,2,26,4,25,28,29,6,51,57
492801,9,6,2,22,42,19,30,64,49,41,72,113
492962,9,6,2,98,137,104,176,235,280,202,313,515
493451,9,6,2,4,12,0,0,16,0,4,12,16
493655,9,6,2,1,2,0,0,3,0,1,2,3
493673,9,6,2,0,1,0,0,1,0,0,1,1
493804,9,6,2,7,2,0,0,9,0,7,2,9
493831,9,6,2,5,3,0,0,8,0,5,3,8
494278,9,6,2,1,10,4,17,11,21,5,27,32
494287,9,6,2,5,25,21,58,30,79,26,83,109
494898,9,6,2,4,6,0,0,10,0,4,6,10
494959,9,6,2,0,0,1,3,0,4,1,3,4
495077,9,6,2,1,6,0,0,7,0,1,6,7
495101,9,6,2,3,7,0,0,10,0,3,7,10
495271,9,6,2,0,0,1,12,0,13,1,12,13
495350,9,6,2,2,0,0,0,2,0,2,0,2
495369,9,6,2,1,3,1,5,4,6,2,8,10
495411,9,6,2,3,3,0,0,6,0,3,3,6
495518,9,6,2,0,4,0,2,4,2,0,6,6
496052,9,6,2,1,0,0,0,1,0,1,0,1
496618,9,6,2,2,24,0,0,26,0,2,24,26
496636,9,6,2,4,31,0,0,35,0,4,31,35
496733,9,6,2,1,7,0,0,8,0,1,7,8
497000,9,6,2,9,26,0,0,35,0,9,26,35
497037,9,6,2,20,43,9,34,63,43,29,77,106
497046,9,6,2,7,24,86,303,31,389,93,327,420
497107,9,6,2,0,0,0,3,0,3,0,3,3
497301,9,6,2,1,15,1,20,16,21,2,35,37
497417,9,6,2,0,2,0,0,2,0,0,2,2
497480,9,6,2,2,129,3,15,131,18,5,144,149
497790,9,6,2,1,0,0,0,1,0,1,0,1
498562,9,6,2,28,43,31,59,71,90,59,102,161
498571,9,6,2,61,88,62,116,149,178,123,204,327
100663,9,6,5,217,263,202,489,480,691,419,752,1171
100706,9,6,5,62,41,108,101,103,209,170,142,312
100751,9,6,5,256,216,163,303,472,466,419,519,938
100812,9,6,5,4,3,19,36,7,55,23,39,62
100830,9,6,5,21,26,33,70,47,103,54,96,150
100858,9,6,5,254,201,312,223,455,535,566,424,990
101189,9,6,5,56,65,12,16,121,28,68,81,149
101453,9,6,5,2,0,4,1,2,5,6,1,7
101480,9,6,5,17,38,43,77,55,120,60,115,175
101587,9,6,5,96,425,20,41,521,61,116,466,582
101709,9,6,5,2,11,11,34,13,45,13,45,58
101912,9,6,5,1,0,1,0,1,1,2,0,2
102049,9,6,5,58,84,12,11,142,23,70,95,165
102094,9,6,5,134,635,37,173,769,210,171,808,979
102234,9,6,5,1,2,8,1,3,9,9,3,12
102368,9,6,5,43,137,211,245,180,456,254,382,636
102377,9,6,5,16,22,1,0,38,1,17,22,39
102395,9,6,5,4,0,3,5,4,8,7,5,12
102553,9,6,5,6,18,34,40,24,74,40,58,98
102614,9,6,5,30,38,60,71,68,131,90,109,199
102632,9,6,5,3,7,6,19,10,25,9,26,35
104151,9,6,5,545,479,359,327,1024,686,904,806,1710
104179,9,6,5,413,445,515,509,858,1024,928,954,1882
104586,9,6,5,4,1,0,1,5,1,4,2,6
104717,9,6,5,0,0,1398,4503,0,5901,1398,4503,5901
105297,9,6,5,1,0,0,0,1,0,1,0,1
105330,9,6,5,144,199,144,292,343,436,288,491,779
106245,9,6,5,73,69,77,108,142,185,150,177,327
106263,9,6,5,61,61,26,46,122,72,87,107,194
106397,9,6,5,84,107,329,256,191,585,413,363,776
106412,9,6,5,5,8,5,6,13,11,10,14,24
106458,9,6,5,21,25,260,546,46,806,281,571,852
106467,9,6,5,5,10,24,55,15,79,29,65,94
107141,9,6,5,3,13,25,42,16,67,28,55,83
107512,9,6,5,0,2,0,0,2,0,0,2,2
107983,9,6,5,32,28,61,103,60,164,93,131,224
108092,9,6,5,0,1,1,5,1,6,1,6,7
108232,9,6,5,51,100,62,149,151,211,113,249,362
109785,9,6,5,86,202,101,321,288,422,187,523,710
110097,9,6,5,40,44,104,74,84,178,144,118,262
110316,9,6,5,43,180,15,119,223,134,58,299,357
110361,9,6,5,91,228,46,125,319,171,137,353,490
110398,9,6,5,62,60,2,1,122,3,64,61,125
110404,9,6,5,92,31,0,0,123,0,92,31,123
110413,9,6,5,43,66,16,25,109,41,59,91,150
110422,9,6,5,18,22,15,9,40,24,33,31,64
110486,9,6,5,34,132,34,69,166,103,68,201,269
110495,9,6,5,25,95,32,64,120,96,57,159,216
110510,9,6,5,85,182,89,104,267,193,174,286,460
110529,9,6,5,62,95,143,111,157,254,205,206,411
110538,9,6,5,29,57,37,43,86,80,66,100,166
110547,9,6,5,61,165,87,159,226,246,148,324,472
110556,9,6,5,78,128,50,79,206,129,128,207,335
110565,9,6,5,109,163,220,297,272,517,329,460,789
110574,9,6,5,99,186,67,110,285,177,166,296,462
110583,9,6,5,196,345,234,293,541,527,430,638,1068
110592,9,6,5,157,286,113,172,443,285,270,458,728
110608,9,6,5,125,271,192,350,396,542,317,621,938
110617,9,6,5,72,160,100,146,232,246,172,306,478
110635,9,6,5,799,785,494,301,1584,795,1293,1086,2379
110644,9,6,5,613,650,89,70,1263,159,702,720,1422
110653,9,6,5,484,428,60,52,912,112,544,480,1024
110662,9,6,5,1072,1028,223,99,2100,322,1295,1127,2422
110671,9,6,5,295,260,31,19,555,50,326,279,605
110680,9,6,5,550,412,62,38,962,100,612,450,1062
110699,9,6,5,139,314,0,0,453,0,139,314,453
110705,9,6,5,219,225,37,29,444,66,256,254,510
110714,9,6,5,208,176,11,5,384,16,219,181,400
111188,9,6,5,0,0,5,2,0,7,5,2,7
111948,9,6,5,63,92,39,40,155,79,102,132,234
112075,9,6,5,77,148,47,31,225,78,124,179,303
112251,9,6,5,106,135,78,101,241,179,184,236,420
113582,9,6,5,1,0,0,0,1,0,1,0,1
113698,9,6,5,39,58,0,10,97,10,39,68,107
113704,9,6,5,12,1,3,1,13,4,15,2,17
114123,9,6,5,5,8,0,0,13,0,5,8,13
114354,9,6,5,0,1,1,2,1,3,1,3,4
114549,9,6,5,21,95,6,27,116,33,27,122,149
114734,9,6,5,4,0,2,1,4,3,6,1,7
114813,9,6,5,26,82,49,109,108,158,75,191,266
115083,9,6,5,127,98,71,77,225,148,198,175,373
115755,9,6,5,23,41,10,33,64,43,33,74,107
116846,9,6,5,9,2,4,1,11,5,13,3,16
117104,9,6,5,6,6,0,0,12,0,6,6,12
117672,9,6,5,28,0,4,4,28,8,32,4,36
117946,9,6,5,95,146,50,76,241,126,145,222,367
119058,9,6,5,28,39,18,17,67,35,46,56,102
120166,9,6,5,14,19,0,1,33,1,14,20,34
120184,9,6,5,2,5,10,19,7,29,12,24,36
120403,9,6,5,1,2,0,0,3,0,1,2,3
120883,9,6,5,82,103,51,71,185,122,133,174,307
121150,9,6,5,127,213,173,471,340,644,300,684,984
121309,9,6,5,30,42,47,84,72,131,77,126,203
121628,9,6,5,23,23,0,0,46,0,23,23,46
122296,9,6,5,54,124,31,98,178,129,85,222,307
122409,9,6,5,134,236,183,188,370,371,317,424,741
122436,9,6,5,81,96,129,142,177,271,210,238,448
122597,9,6,5,106,184,82,137,290,219,188,321,509
122612,9,6,5,89,153,110,204,242,314,199,357,556
122728,9,6,5,26,23,6,7,49,13,32,30,62
122755,9,6,5,154,398,312,658,552,970,466,1056,1522
122931,9,6,5,112,125,83,122,237,205,195,247,442
123165,9,6,5,2,0,1,0,2,1,3,0,3
123457,9,6,5,1,6,2,4,7,6,3,10,13
123572,9,6,5,17,29,26,50,46,76,43,79,122
123916,9,6,5,3,5,1,5,8,6,4,10,14
123952,9,6,5,19,15,3,0,34,3,22,15,37
123961,9,6,5,1183,1364,444,507,2547,951,1627,1871,3498
124283,9,6,5,11,5,2,1,16,3,13,6,19
124487,9,6,5,0,1,1,0,1,1,1,1,2
125231,9,6,5,423,2368,491,2624,2791,3115,914,4992,5906
125763,9,6,5,0,3,4,2,3,6,4,5,9
125897,9,6,5,6,5,1,0,11,1,7,5,12
126012,9,6,5,28,117,0,0,145,0,28,117,145
126182,9,6,5,34,112,39,69,146,108,73,181,254
126562,9,6,5,238,339,444,769,577,1213,682,1108,1790
126580,9,6,5,39,63,119,145,102,264,158,208,366
126614,9,6,5,216,160,602,363,376,965,818,523,1341
126775,9,6,5,147,65,57,14,212,71,204,79,283
126818,9,6,5,190,242,495,534,432,1029,685,776,1461
126827,9,6,5,115,234,26,37,349,63,141,271,412
127185,9,6,5,1,3,5,9,4,14,6,12,18
127556,9,6,5,6,13,2,10,19,12,8,23,31
127565,9,6,5,25,117,34,71,142,105,59,188,247
127653,9,6,5,35,62,26,61,97,87,61,123,184
127741,9,6,5,45,74,90,281,119,371,135,355,490
127909,9,6,5,7,15,0,0,22,0,7,15,22
127918,9,6,5,97,206,43,79,303,122,140,285,425
128106,9,6,5,21,63,61,192,84,253,82,255,337
128498,9,6,5,6,20,3,4,26,7,9,24,33
128744,9,6,5,51,53,45,100,104,145,96,153,249
128771,9,6,5,23,46,86,147,69,233,109,193,302
128780,9,6,5,0,1,3,14,1,17,3,15,18
129020,9,6,5,346,351,259,281,697,540,605,632,1237
129154,9,6,5,2,4,6,13,6,19,8,17,25
129215,9,6,5,3,1,1,4,4,5,4,5,9
129242,9,6,5,24,30,48,72,54,120,72,102,174
129428,9,6,5,0,0,15,1,0,16,15,1,16
129491,9,6,5,9,0,6,1,9,7,15,1,16
129525,9,6,5,26,43,83,121,69,204,109,164,273
129941,9,6,5,117,98,67,85,215,152,184,183,367
130183,9,6,5,26,148,46,133,174,179,72,281,353
130226,9,6,5,55,60,56,123,115,179,111,183,294
130253,9,6,5,61,73,67,258,134,325,128,331,459
130314,9,6,5,22,51,19,67,73,86,41,118,159
130590,9,6,5,2,1,3,2,3,5,5,3,8
130697,9,6,5,9,11,2,4,20,6,11,15,26
130776,9,6,5,3,5,23,44,8,67,26,49,75
130794,9,6,5,616,602,17,27,1218,44,633,629,1262
130934,9,6,5,22,61,4,9,83,13,26,70,96
130943,9,6,5,318,290,68,77,608,145,386,367,753
130989,9,6,5,1,8,49,54,9,103,50,62,112
131113,9,6,5,75,114,195,440,189,635,270,554,824
131399,9,6,5,29,24,16,27,53,43,45,51,96
131450,9,6,5,12,23,13,22,35,35,25,45,70
131469,9,6,5,397,406,574,877,803,1451,971,1283,2254
131496,9,6,5,636,467,489,515,1103,1004,1125,982,2107
131520,9,6,5,138,203,39,94,341,133,177,297,474
132471,9,6,5,125,218,70,207,343,277,195,425,620
132842,9,6,5,12,59,6,42,71,48,18,101,119
132903,9,6,5,334,287,345,501,621,846,679,788,1467
133553,9,6,5,56,17,14,6,73,20,70,23,93
133650,9,6,5,61,122,25,25,183,50,86,147,233
133711,9,6,5,1,0,0,2,1,2,1,2,3
133872,9,6,5,19,40,8,26,59,34,27,66,93
133881,9,6,5,73,66,242,568,139,810,315,634,949
134097,9,6,5,411,400,320,559,811,879,731,959,1690
134130,9,6,5,851,699,525,888,1550,1413,1376,1587,2963
135610,9,6,5,0,3,4,2,3,6,4,5,9
135726,9,6,5,379,355,56,91,734,147,435,446,881
136172,9,6,5,30,69,66,151,99,217,96,220,316
136330,9,6,5,17,42,11,24,59,35,28,66,94
136701,9,6,5,15,0,2,0,15,2,17,0,17
136950,9,6,5,5,10,22,22,15,44,27,32,59
137351,9,6,5,393,460,291,528,853,819,684,988,1672
137546,9,6,5,36,36,19,29,72,48,55,65,120
137564,9,6,5,14,27,41,53,41,94,55,80,135
138275,9,6,5,0,0,4,6,0,10,4,6,10
138309,9,6,5,4,14,2,4,18,6,6,18,24
138354,9,6,5,27,69,207,381,96,588,234,450,684
138600,9,6,5,0,4,0,3,4,3,0,7,7
138716,9,6,5,9,43,4,34,52,38,13,77,90
138929,9,6,5,12,20,10,18,32,28,22,38,60
138947,9,6,5,10,27,12,30,37,42,22,57,79
139144,9,6,5,0,4,4,7,4,11,4,11,15
139199,9,6,5,21,81,13,59,102,72,34,140,174
139311,9,6,5,10,33,17,37,43,54,27,70,97
139366,9,6,5,20,42,53,106,62,159,73,148,221
139393,9,6,5,1,1,0,2,2,2,1,3,4
139658,9,6,5,370,464,135,136,834,271,505,600,1105
139719,9,6,5,2,19,8,15,21,23,10,34,44
139755,9,6,5,609,251,3410,1271,860,4681,4019,1522,5541
139764,9,6,5,5,37,21,35,42,56,26,72,98
139861,9,6,5,12,20,31,97,32,128,43,117,160
139931,9,6,5,53,117,100,278,170,378,153,395,548
139940,9,6,5,371,508,136,263,879,399,507,771,1278
139959,9,6,5,463,540,178,302,1003,480,641,842,1483
140146,9,6,5,6,5,5,4,11,9,11,9,20
140234,9,6,5,4,9,0,1,13,1,4,10,14
140252,9,6,5,76,60,19,21,136,40,95,81,176
140447,9,6,5,108,185,52,155,293,207,160,340,500
140562,9,6,5,32,47,1,5,79,6,33,52,85
140818,9,6,5,3,11,20,73,14,93,23,84,107
140951,9,6,5,60,90,29,78,150,107,89,168,257
140960,9,6,5,6,8,5,9,14,14,11,17,28
140988,9,6,5,5,4,0,0,9,0,5,4,9
141264,9,6,5,20,75,88,243,95,331,108,318,426
141334,9,6,5,31,67,104,311,98,415,135,378,513
141565,9,6,5,11,12,12,17,23,29,23,29,52
141574,9,6,5,136,198,215,324,334,539,351,522,873
141644,9,6,5,32,36,7,33,68,40,39,69,108
142115,9,6,5,90,125,123,203,215,326,213,328,541
142276,9,6,5,111,97,60,82,208,142,171,179,350
142285,9,6,5,154,112,100,94,266,194,254,206,460
142461,9,6,5,8,28,14,49,36,63,22,77,99
142832,9,6,5,41,142,29,112,183,141,70,254,324
143118,9,6,5,15,101,48,157,116,205,63,258,321
143358,9,6,5,14,21,18,135,35,153,32,156,188
143853,9,6,5,69,101,1,4,170,5,70,105,175
144050,9,6,5,870,541,370,178,1411,548,1240,719,1959
144351,9,6,5,8,20,242,413,28,655,250,433,683
144740,9,6,5,294,356,184,213,650,397,478,569,1047
144892,9,6,5,39,40,61,113,79,174,100,153,253
144962,9,6,5,7,15,38,37,22,75,45,52,97
145336,9,6,5,26,58,38,97,84,135,64,155,219
145372,9,6,5,1,1,6,12,2,18,7,13,20
145558,9,6,5,91,93,3,4,184,7,94,97,191
145600,9,6,5,436,579,266,471,1015,737,702,1050,1752
145619,9,6,5,7,17,55,115,24,170,62,132,194
145637,9,6,5,909,657,1034,726,1566,1760,1943,1383,3326
145691,9,6,5,0,1,0,0,1,0,0,1,1
145813,9,6,5,71,81,68,139,152,207,139,220,359
145886,9,6,5,4,11,1,0,15,1,5,11,16
146339,9,6,5,14,10,1,5,24,6,15,15,30
146481,9,6,5,0,0,1,1,0,2,1,1,2
146490,9,6,5,0,0,24,20,0,44,24,20,44
146612,9,6,5,72,50,62,163,122,225,134,213,347
146719,9,6,5,174,282,58,145,456,203,232,427,659
147013,9,6,5,6,5,5,30,11,35,11,35,46
147129,9,6,5,0,4,0,1,4,1,0,5,5
147244,9,6,5,3,5,4,5,8,9,7,10,17
147369,9,6,5,16,10,44,34,26,78,60,44,104
147536,9,6,5,72,179,58,252,251,310,130,431,561
147590,9,6,5,36,41,1,2,77,3,37,43,80
147660,9,6,5,6,14,5,5,20,10,11,19,30
147679,9,6,5,3,12,31,74,15,105,34,86,120
147776,9,6,5,34,47,73,157,81,230,107,204,311
147828,9,6,5,1,6,20,77,7,97,21,83,104
148131,9,6,5,1,4,8,18,5,26,9,22,31
148487,9,6,5,24,41,35,92,65,127,59,133,192
148511,9,6,5,80,124,34,268,204,302,114,392,506
148575,9,6,5,0,0,4,27,0,31,4,27,31
148627,9,6,5,2,13,14,48,15,62,16,61,77
148654,9,6,5,38,35,87,82,73,169,125,117,242
149222,9,6,5,132,146,110,103,278,213,242,249,491
149231,9,6,5,48,67,107,176,115,283,155,243,398
149772,9,6,5,91,54,66,136,145,202,157,190,347
149781,9,6,5,12,7,22,35,19,57,34,42,76
150136,9,6,5,39,56,171,495,95,666,210,551,761
150163,9,6,5,8,9,44,57,17,101,52,66,118
150172,9,6,5,1,2,3,2,3,5,4,4,8
150215,9,6,5,6,9,4,3,15,7,10,12,22
150534,9,6,5,9,9,1,0,18,1,10,9,19
150604,9,6,5,2,2,0,0,4,0,2,2,4
150668,9,6,5,0,2,1,6,2,7,1,8,9
150677,9,6,5,1,3,22,17,4,39,23,20,43
150941,9,6,5,0,3,2,7,3,9,2,10,12
151111,9,6,5,179,217,218,420,396,638,397,637,1034
151263,9,6,5,16,19,19,69,35,88,35,88,123
151290,9,6,5,42,38,29,33,80,62,71,71,142
151306,9,6,5,22,17,115,165,39,280,137,182,319
151324,9,6,5,29,43,52,76,72,128,81,119,200
151333,9,6,5,5,3,12,8,8,20,17,11,28
151342,9,6,5,3,11,19,48,14,67,22,59,81
151351,9,6,5,627,365,607,454,992,1061,1234,819,2053
151360,9,6,5,1,10,11,32,11,43,12,42,54
151379,9,6,5,4,3,23,30,7,53,27,33,60
151388,9,6,5,1,0,8,33,1,41,9,33,42
151777,9,6,5,7,17,1,4,24,5,8,21,29
152080,9,6,5,339,210,26,25,549,51,365,235,600
152336,9,6,5,7,14,7,17,21,24,14,31,45
152390,9,6,5,0,1,0,6,1,6,0,7,7
152451,9,6,5,26,0,3,1,26,4,29,1,30
152567,9,6,5,6,14,1,3,20,4,7,17,24
152600,9,6,5,13,12,10,10,25,20,23,22,45
152798,9,6,5,3,15,2,17,18,19,5,32,37
152992,9,6,5,3,1,2,14,4,16,5,15,20
153001,9,6,5,0,3,19,72,3,91,19,75,94
153126,9,6,5,1,2,4,11,3,15,5,13,18
153162,9,6,5,0,2,0,0,2,0,0,2,2
153250,9,6,5,0,0,18,26,0,44,18,26,44
153269,9,6,5,14,19,57,110,33,167,71,129,200
153366,9,6,5,1,22,7,29,23,36,8,51,59
153621,9,6,5,2,0,0,2,2,2,2,2,4
153658,9,6,5,265,280,408,323,545,731,673,603,1276
153825,9,6,5,3,2,0,0,5,0,3,2,5
154004,9,6,5,1,6,45,141,7,186,46,147,193
154013,9,6,5,3,13,6,18,16,24,9,31,40
154174,9,6,5,100,56,5,2,156,7,105,58,163
154235,9,6,5,8,15,6,12,23,18,14,27,41
154350,9,6,5,1,2,1,1,3,2,2,3,5
154493,9,6,5,24,61,10,15,85,25,34,76,110
154527,9,6,5,0,4,1,0,4,1,1,4,5
154712,9,6,5,0,0,1,3,0,4,1,3,4
155025,9,6,5,27,61,113,218,88,331,140,279,419
155089,9,6,5,3,21,13,34,24,47,16,55,71
155317,9,6,5,424,430,149,218,854,367,573,648,1221
155399,9,6,5,154,142,124,221,296,345,278,363,641
155414,9,6,5,0,0,3,3,0,6,3,3,6
155511,9,6,5,0,0,1,2,0,3,1,2,3
155812,9,6,5,1,2,6,22,3,28,7,24,31
155900,9,6,5,2,3,3,8,5,11,5,11,16
155973,9,6,5,0,0,1,1,0,2,1,1,2
156082,9,6,5,25,38,13,33,63,46,38,71,109
156125,9,6,5,64,85,126,201,149,327,190,286,476
156213,9,6,5,0,1,21,27,1,48,21,28,49
156286,9,6,5,8,8,14,47,16,61,22,55,77
156356,9,6,5,0,8,1,4,8,5,1,12,13
156541,9,6,5,170,332,1987,1206,502,3193,2157,1538,3695
156620,9,6,5,21,36,81,196,57,277,102,232,334
156745,9,6,5,0,0,18,41,0,59,18,41,59
157058,9,6,5,5,3,6,10,8,16,11,13,24
157085,9,6,5,391,490,105,233,881,338,496,723,1219
157216,9,6,5,69,53,18,58,122,76,87,111,198
157289,9,6,5,290,267,175,193,557,368,465,460,925
157386,9,6,5,7,8,25,46,15,71,32,54,86
157401,9,6,5,31,42,83,124,73,207,114,166,280
157447,9,6,5,57,122,200,540,179,740,257,662,919
157535,9,6,5,24,43,2,0,67,2,26,43,69
157757,9,6,5,15,47,6,29,62,35,21,76,97
157951,9,6,5,22,38,81,127,60,208,103,165,268
159391,9,6,5,336,343,172,214,679,386,508,557,1065
159647,9,6,5,46,43,15,23,89,38,61,66,127
159656,9,6,5,18,33,18,49,51,67,36,82,118
159717,9,6,5,6,15,13,46,21,59,19,61,80
159939,9,6,5,55,47,43,91,102,134,98,138,236
159966,9,6,5,4,16,12,48,20,60,16,64,80
159993,9,6,5,24,90,30,106,114,136,54,196,250
160612,9,6,5,6,18,21,83,24,104,27,101,128
160621,9,6,5,56,68,42,65,124,107,98,133,231
160630,9,6,5,12,23,6,10,35,16,18,33,51
160658,9,6,5,108,69,109,137,177,246,217,206,423
160755,9,6,5,156,185,174,219,341,393,330,404,734
160904,9,6,5,19,52,1,3,71,4,20,55,75
161217,9,6,5,0,0,4,7,0,11,4,7,11
161226,9,6,5,0,1,5,32,1,37,5,33,38
161235,9,6,5,0,2,0,0,2,0,0,2,2
161253,9,6,5,62,64,109,154,126,263,171,218,389
161299,9,6,5,1,0,0,0,1,0,1,0,1
161341,9,6,5,0,0,2,2,0,4,2,2,4
161457,9,6,5,101,180,20,73,281,93,121,253,374
161509,9,6,5,1,9,0,0,10,0,1,9,10
161554,9,6,5,42,81,76,193,123,269,118,274,392
161572,9,6,5,12,16,19,60,28,79,31,76,107
161873,9,6,5,65,96,60,134,161,194,125,230,355
162210,9,6,5,1,2,1,5,3,6,2,7,9
162283,9,6,5,2,10,8,22,12,30,10,32,42
162584,9,6,5,10,16,36,66,26,102,46,82,128
162654,9,6,5,4,1,36,121,5,157,40,122,162
163204,9,6,5,10,10,923,961,20,1884,933,971,1904
163259,9,6,5,174,320,75,245,494,320,249,565,814
163268,9,6,5,116,91,82,102,207,184,198,193,391
163286,9,6,5,642,586,180,201,1228,381,822,787,1609
163295,9,6,5,12,18,14,54,30,68,26,72,98
163338,9,6,5,14,30,16,22,44,38,30,52,82
163453,9,6,5,89,126,24,47,215,71,113,173,286
163462,9,6,5,25,4,12,22,29,34,37,26,63
163578,9,6,5,11,20,36,83,31,119,47,103,150
163851,9,6,5,12,48,10,39,60,49,22,87,109
163976,9,6,5,7,0,2,0,7,2,9,0,9
164076,9,6,5,31,58,93,244,89,337,124,302,426
164085,9,6,5,2,11,6,91,13,97,8,102,110
164270,9,6,5,30,81,27,95,111,122,57,176,233
164492,9,6,5,7,6,37,9,13,46,44,15,59
164632,9,6,5,8,68,13,119,76,132,21,187,208
164739,9,6,5,22,22,44,52,44,96,66,74,140
164872,9,6,5,48,47,4,2,95,6,52,49,101
164915,9,6,5,5,8,4,7,13,11,9,15,24
164988,9,6,5,592,660,634,675,1252,1309,1226,1335,2561
165015,9,6,5,90,135,22,48,225,70,112,183,295
165024,9,6,5,12,55,53,116,67,169,65,171,236
165167,9,6,5,20,59,44,137,79,181,64,196,260
165334,9,6,5,51,62,16,19,113,35,67,81,148
165662,9,6,5,28,156,9,100,184,109,37,256,293
165671,9,6,5,0,0,0,4,0,4,0,4,4
165820,9,6,5,40,48,178,356,88,534,218,404,622
165866,9,6,5,3,13,51,142,16,193,54,155,209
165936,9,6,5,2,10,12,18,12,30,14,28,42
165945,9,6,5,27,17,64,41,44,105,91,58,149
166027,9,6,5,1445,1256,650,905,2701,1555,2095,2161,4256
166391,9,6,5,2,0,18,22,2,40,20,22,42
166513,9,6,5,144,101,321,251,245,572,465,352,817
166629,9,6,5,172,192,545,515,364,1060,717,707,1424
166674,9,6,5,6,6,1,1,12,2,7,7,14
166683,9,6,5,593,298,37,14,891,51,630,312,942
166708,9,6,5,72,110,6,10,182,16,78,120,198
166717,9,6,5,20,55,15,42,75,57,35,97,132
166850,9,6,5,27,43,15,40,70,55,42,83,125
166939,9,6,5,0,3,2,22,3,24,2,25,27
167093,9,6,5,11,21,0,0,32,0,11,21,32
167288,9,6,5,8,9,2,3,17,5,10,12,22
167358,9,6,5,493,510,101,134,1003,235,594,644,1238
167394,9,6,5,2,9,10,25,11,35,12,34,46
167598,9,6,5,4,42,27,304,46,331,31,346,377
167729,9,6,5,24,76,31,135,100,166,55,211,266
167783,9,6,5,27,189,55,419,216,474,82,608,690
167835,9,6,5,8,60,1,1,68,2,9,61,70
167987,9,6,5,39,35,90,113,74,203,129,148,277
168005,9,6,5,42,61,72,118,103,190,114,179,293
168148,9,6,5,313,363,101,118,676,219,414,481,895
168227,9,6,5,8,0,7,4,8,11,15,4,19
168254,9,6,5,28,35,21,34,63,55,49,69,118
168342,9,6,5,6,2,0,0,8,0,6,2,8
168421,9,6,5,57,32,133,57,89,190,190,89,279
168430,9,6,5,3,8,19,67,11,86,22,75,97
168528,9,6,5,0,1,0,1,1,1,0,2,2
168591,9,6,5,1,2,0,0,3,0,1,2,3
168740,9,6,5,84,19,64,44,103,108,148,63,211
168786,9,6,5,1,4,1,7,5,8,2,11,13
168847,9,6,5,3,18,10,24,21,34,13,42,55
169099,9,6,5,17,4,9,3,21,12,26,7,33
169248,9,6,5,82,74,154,232,156,386,236,306,542
169424,9,6,5,12,11,0,0,23,0,12,11,23
169442,9,6,5,6,4,1,0,10,1,7,4,11
169716,9,6,5,58,86,36,55,144,91,94,141,235
169798,9,6,5,26,57,111,210,83,321,137,267,404
169910,9,6,5,16,27,11,34,43,45,27,61,88
170000,9,6,5,2,1,1,0,3,1,3,1,4
170082,9,6,5,48,73,90,162,121,252,138,235,373
170286,9,6,5,7,0,4,5,7,9,11,5,16
170675,9,6,5,2,3,59,26,5,85,61,29,90
170806,9,6,5,0,5,13,31,5,44,13,36,49
170976,9,6,5,1030,1002,306,207,2032,513,1336,1209,2545
171100,9,6,5,632,646,159,277,1278,436,791,923,1714
171137,9,6,5,28,22,187,112,50,299,215,134,349
171146,9,6,5,38,79,49,64,117,113,87,143,230
171456,9,6,5,7,11,16,37,18,53,23,48,71
171492,9,6,5,3,2,16,18,5,34,19,20,39
171571,9,6,5,108,134,129,110,242,239,237,244,481
172334,9,6,5,19,172,4,29,191,33,23,201,224
172644,9,6,5,262,344,243,272,606,515,505,616,1121
172699,9,6,5,75,105,131,167,180,298,206,272,478
173045,9,6,5,35,58,14,38,93,52,49,96,145
173142,9,6,5,2,3,0,1,5,1,2,4,6
173160,9,6,5,8,37,36,52,45,88,44,89,133
173300,9,6,5,0,0,8,7,0,15,8,7,15
173452,9,6,5,0,0,6,5,0,11,6,5,11
173665,9,6,5,3,9,35,115,12,150,38,124,162
173683,9,6,5,2,6,1,6,8,7,3,12,15
173896,9,6,5,21,22,1,2,43,3,22,24,46
174066,9,6,5,677,763,711,712,1440,1423,1388,1475,2863
174127,9,6,5,2,3,4,16,5,20,6,19,25
174233,9,6,5,18,19,21,20,37,41,39,39,78
174491,9,6,5,0,0,10,5,0,15,10,5,15
174507,9,6,5,29,29,3,10,58,13,32,39,71
174747,9,6,5,0,4,0,0,4,0,0,4,4
174792,9,6,5,4,2,5,0,6,5,9,2,11
174899,9,6,5,30,84,15,40,114,55,45,124,169
174914,9,6,5,55,52,257,200,107,457,312,252,564
175005,9,6,5,5,29,14,108,34,122,19,137,156
175014,9,6,5,14,33,6,21,47,27,20,54,74
175421,9,6,5,5,13,85,250,18,335,90,263,353
175430,9,6,5,1,2,1,1,3,2,2,3,5
175616,9,6,5,5,25,23,67,30,90,28,92,120
175856,9,6,5,43,96,54,143,139,197,97,239,336
175980,9,6,5,0,1,0,2,1,2,0,3,3
176017,9,6,5,145,161,72,156,306,228,217,317,534
176035,9,6,5,3,19,2,16,22,18,5,35,40
176044,9,6,5,3,11,1,10,14,11,4,21,25
176053,9,6,5,50,53,15,39,103,54,65,92,157
176080,9,6,5,143,112,192,207,255,399,335,319,654
176372,9,6,5,93,106,90,221,199,311,183,327,510
176451,9,6,5,0,0,11,3,0,14,11,3,14
176479,9,6,5,89,171,22,92,260,114,111,263,374
176600,9,6,5,7,0,1,1,7,2,8,1,9
176628,9,6,5,7,20,2,6,27,8,9,26,35
176965,9,6,5,44,68,98,215,112,313,142,283,425
177038,9,6,5,0,15,6,0,15,6,6,15,21
177126,9,6,5,22,8,50,26,30,76,72,34,106
177144,9,6,5,3,3,1,1,6,2,4,4,8
177214,9,6,5,0,0,8,21,0,29,8,21,29
177418,9,6,5,4,4,5,13,8,18,9,17,26
177940,9,6,5,4,3,4,2,7,6,8,5,13
177986,9,6,5,49,42,31,54,91,85,80,96,176
178059,9,6,5,26,51,145,530,77,675,171,581,752
178341,9,6,5,0,3,7,5,3,12,7,8,15
178369,9,6,5,0,0,0,2,0,2,0,2,2
178387,9,6,5,0,0,8,11,0,19,8,11,19
178396,9,6,5,272,241,266,426,513,692,538,667,1205
178402,9,6,5,97,116,192,252,213,444,289,368,657
178411,9,6,5,128,26,93,27,154,120,221,53,274
178420,9,6,5,40,55,103,245,95,348,143,300,443
178615,9,6,5,0,3,6,8,3,14,6,11,17
178624,9,6,5,36,67,129,251,103,380,165,318,483
178679,9,6,5,0,0,6,5,0,11,6,5,11
178721,9,6,5,17,14,103,116,31,219,120,130,250
178989,9,6,5,0,1,5,19,1,24,5,20,25
179043,9,6,5,10,19,51,36,29,87,61,55,116
179326,9,6,5,4,6,16,33,10,49,20,39,59
179557,9,6,5,34,27,37,89,61,126,71,116,187
179566,9,6,5,64,104,158,228,168,386,222,332,554
179812,9,6,5,62,46,0,2,108,2,62,48,110
179867,9,6,5,371,329,141,137,700,278,512,466,978
179894,9,6,5,82,97,245,314,179,559,327,411,738
180106,9,6,5,0,6,1,1,6,2,1,7,8
180179,9,6,5,5,29,21,32,34,53,26,61,87
180258,9,6,5,4,18,7,24,22,31,11,42,53
180416,9,6,5,7,1,15,12,8,27,22,13,35
180461,9,6,5,38,51,116,159,89,275,154,210,364
180522,9,6,5,0,2,1,0,2,1,1,2,3
180595,9,6,5,4,12,0,0,16,0,4,12,16
180647,9,6,5,0,3,1,1,3,2,1,4,5
180814,9,6,5,181,267,67,82,448,149,248,349,597
180948,9,6,5,5,17,21,34,22,55,26,51,77
181002,9,6,5,90,110,49,116,200,165,139,226,365
181020,9,6,5,20,38,20,69,58,89,40,107,147
181127,9,6,5,1,1,0,0,2,0,1,1,2
181215,9,6,5,11,27,112,208,38,320,123,235,358
181297,9,6,5,3,37,0,7,40,7,3,44,47
181330,9,6,5,0,2,8,34,2,42,8,36,44
181394,9,6,5,45,71,162,209,116,371,207,280,487
181428,9,6,5,74,124,47,97,198,144,121,221,342
181446,9,6,5,2,10,3,16,12,19,5,26,31
181464,9,6,5,192,158,232,191,350,423,424,349,773
181604,9,6,5,3,13,1,10,16,11,4,23,27
181738,9,6,5,2,2,0,0,4,0,2,2,4
181783,9,6,5,9,17,50,113,26,163,59,130,189
182281,9,6,5,210,246,216,266,456,482,426,512,938
182290,9,6,5,113,160,188,274,273,462,301,434,735
182670,9,6,5,209,162,2,1,371,3,211,163,374
182829,9,6,5,32,12,28,17,44,45,60,29,89
182980,9,6,5,242,97,18,13,339,31,260,110,370
183026,9,6,5,432,902,1087,2239,1334,3326,1519,3141,4660
183044,9,6,5,107,102,82,101,209,183,189,203,392
183062,9,6,5,0,1,7,10,1,17,7,11,18
183080,9,6,5,3,8,18,34,11,52,21,42,63
183257,9,6,5,1,6,12,23,7,35,13,29,42
183789,9,6,5,3,10,5,12,13,17,8,22,30
183910,9,6,5,3,9,10,36,12,46,13,45,58
184603,9,6,5,31,36,73,153,67,226,104,189,293
184612,9,6,5,2,9,16,44,11,60,18,53,71
184694,9,6,5,11,26,18,17,37,35,29,43,72
184773,9,6,5,1,11,15,50,12,65,16,61,77
184782,9,6,5,81,66,108,233,147,341,189,299,488
185262,9,6,5,25,74,50,125,99,175,75,199,274
185572,9,6,5,9,24,21,74,33,95,30,98,128
185590,9,6,5,60,111,162,353,171,515,222,464,686
185758,9,6,5,0,0,1,1,0,2,1,1,2
185828,9,6,5,131,72,132,58,203,190,263,130,393
186131,9,6,5,296,240,0,0,536,0,296,240,536
186201,9,6,5,8,23,6,44,31,50,14,67,81
186283,9,6,5,3,22,35,57,25,92,38,79,117
186371,9,6,5,52,49,81,92,101,173,133,141,274
186380,9,6,5,429,537,365,793,966,1158,794,1330,2124
186399,9,6,5,124,124,204,196,248,400,328,320,648
186432,9,6,5,58,44,17,34,102,51,75,78,153
186584,9,6,5,72,46,118,211,118,329,190,257,447
186618,9,6,5,6,15,6,19,21,25,12,34,46
186867,9,6,5,175,96,185,71,271,256,360,167,527
186876,9,6,5,9,7,17,61,16,78,26,68,94
187046,9,6,5,0,0,75,82,0,157,75,82,157
187134,9,6,5,4,4,12,41,8,53,16,45,61
187444,9,6,5,17,68,107,299,85,406,124,367,491
187648,9,6,5,6,48,46,126,54,172,52,174,226
187897,9,6,5,28,92,19,57,120,76,47,149,196
187967,9,6,5,30,8,23,16,38,39,53,24,77
187985,9,6,5,205,269,264,261,474,525,469,530,999
188030,9,6,5,133,133,99,135,266,234,232,268,500
188207,9,6,5,2,27,0,15,29,15,2,42,44
188340,9,6,5,0,1,0,2,1,2,0,3,3
188429,9,6,5,19,68,49,135,87,184,68,203,271
188641,9,6,5,10,22,11,43,32,54,21,65,86
188854,9,6,5,1,0,0,0,1,0,1,0,1
189228,9,6,5,11,2,1,3,13,4,12,5,17
189705,9,6,5,13,13,22,33,26,55,35,46,81
190044,9,6,5,51,38,40,20,89,60,91,58,149
190372,9,6,5,2,1,0,0,3,0,2,1,3
190415,9,6,5,781,607,100,69,1388,169,881,676,1557
190424,9,6,5,85,92,5,5,177,10,90,97,187
190503,9,6,5,6,17,0,0,23,0,6,17,23
190761,9,6,5,6,19,2,18,25,20,8,37,45
191126,9,6,5,5,24,0,17,29,17,5,41,46
191205,9,6,5,3,0,7,5,3,12,10,5,15
191241,9,6,5,211,234,142,340,445,482,353,574,927
191533,9,6,5,0,0,0,2,0,2,0,2,2
191649,9,6,5,117,118,55,119,235,174,172,237,409
192192,9,6,5,2,4,4,31,6,35,6,35,41
192271,9,6,5,1,13,1,7,14,8,2,20,22
192323,9,6,5,7,19,7,29,26,36,14,48,62
192448,9,6,5,60,144,82,287,204,369,142,431,573
192703,9,6,5,16,28,5,8,44,13,21,36,57
192712,9,6,5,18,31,1,0,49,1,19,31,50
192749,9,6,5,9,19,42,62,28,104,51,81,132
192785,9,6,5,0,11,0,0,11,0,0,11,11
192819,9,6,5,17,15,25,38,32,63,42,53,95
193016,9,6,5,50,123,47,184,173,231,97,307,404
193292,9,6,5,4,16,43,180,20,223,47,196,243
193399,9,6,5,6,15,7,42,21,49,13,57,70
193584,9,6,5,3,11,5,6,14,11,8,17,25
193654,9,6,5,143,205,24,33,348,57,167,238,405
193830,9,6,5,41,40,12,16,81,28,53,56,109
193900,9,6,5,941,1140,688,861,2081,1549,1629,2001,3630
193973,9,6,5,47,40,30,29,87,59,77,69,146
194091,9,6,5,110,94,25,34,204,59,135,128,263
194116,9,6,5,3,21,0,0,24,0,3,21,24
194310,9,6,5,98,126,114,268,224,382,212,394,606
194392,9,6,5,0,0,1,0,0,1,1,0,1
194578,9,6,5,44,102,6,24,146,30,50,126,176
194824,9,6,5,70,30,4,1,100,5,74,31,105
195003,9,6,5,124,76,63,50,200,113,187,126,313
195128,9,6,5,10,32,13,64,42,77,23,96,119
195155,9,6,5,1,0,5,0,1,5,6,0,6
195164,9,6,5,12,11,24,50,23,74,36,61,97
195216,9,6,5,0,0,3,3,0,6,3,3,6
195234,9,6,5,28,66,49,137,94,186,77,203,280
195243,9,6,5,0,0,3,8,0,11,3,8,11
195474,9,6,5,1,1,5,5,2,10,6,6,12
195544,9,6,5,10,14,12,76,24,88,22,90,112
195720,9,6,5,12,46,15,65,58,80,27,111,138
196024,9,6,5,0,3,2,23,3,25,2,26,28
196042,9,6,5,1,1,4,2,2,6,5,3,8
196060,9,6,5,84,131,163,236,215,399,247,367,614
196079,9,6,5,93,90,181,191,183,372,274,281,555
196088,9,6,5,306,298,347,357,604,704,653,655,1308
196097,9,6,5,314,322,141,359,636,500,455,681,1136
196103,9,6,5,17,17,22,17,34,39,39,34,73
196112,9,6,5,11,19,39,75,30,114,50,94,144
196121,9,6,5,13,19,57,83,32,140,70,102,172
196130,9,6,5,10,26,31,49,36,80,41,75,116
196149,9,6,5,2,8,17,32,10,49,19,40,59
196158,9,6,5,0,1,6,16,1,22,6,17,23
196167,9,6,5,0,1,0,2,1,2,0,3,3
196176,9,6,5,10,31,8,34,41,42,18,65,83
196185,9,6,5,1,5,10,27,6,37,11,32,43
196194,9,6,5,9,15,43,62,24,105,52,77,129
196200,9,6,5,5,19,6,18,24,24,11,37,48
196219,9,6,5,6,5,1,0,11,1,7,5,12
196246,9,6,5,8,17,8,20,25,28,16,37,53
196255,9,6,5,51,108,31,100,159,131,82,208,290
196264,9,6,5,10,17,84,164,27,248,94,181,275
196291,9,6,5,8,2,5,2,10,7,13,4,17
196307,9,6,5,49,64,6,17,113,23,55,81,136
196413,9,6,5,378,353,161,227,731,388,539,580,1119
196468,9,6,5,118,319,80,200,437,280,198,519,717
196884,9,6,5,14,20,2,1,34,3,16,21,37
197045,9,6,5,5,23,41,125,28,166,46,148,194
197708,9,6,5,96,163,54,82,259,136,150,245,395
197869,9,6,5,15,31,39,123,46,162,54,154,208
197911,9,6,5,0,4,1,4,4,5,1,8,9
198066,9,6,5,1,0,1,0,1,1,2,0,2
198109,9,6,5,2,17,0,5,19,5,2,22,24
198136,9,6,5,68,61,19,40,129,59,87,101,188
198303,9,6,5,0,1,1,6,1,7,1,7,8
198464,9,6,5,110,144,136,323,254,459,246,467,713
198507,9,6,5,1,1,7,14,2,21,8,15,23
198516,9,6,5,23,28,8,3,51,11,31,31,62
198543,9,6,5,18,37,47,70,55,117,65,107,172
198598,9,6,5,3,9,2,10,12,12,5,19,24
198756,9,6,5,0,5,0,0,5,0,0,5,5
198835,9,6,5,10,35,23,55,45,78,33,90,123
198899,9,6,5,0,2,2,0,2,2,2,2,4
198950,9,6,5,1,9,2,21,10,23,3,30,33
198969,9,6,5,15,18,2,9,33,11,17,27,44
199102,9,6,5,60,80,69,72,140,141,129,152,281
199120,9,6,5,707,701,293,250,1408,543,1000,951,1951
199139,9,6,5,143,163,234,306,306,540,377,469,846
199148,9,6,5,110,167,124,234,277,358,234,401,635
199157,9,6,5,52,106,28,70,158,98,80,176,256
199184,9,6,5,11,7,0,0,18,0,11,7,18
199193,9,6,5,480,410,335,280,890,615,815,690,1505
199218,9,6,5,62,135,100,243,197,343,162,378,540
199281,9,6,5,27,68,63,155,95,218,90,223,313
199412,9,6,5,4,17,17,47,21,64,21,64,85
199607,9,6,5,0,0,1,22,0,23,1,22,23
199759,9,6,5,138,23,145,52,161,197,283,75,358
199865,9,6,5,8,8,0,2,16,2,8,10,18
199999,9,6,5,8,28,3,19,36,22,11,47,58
200004,9,6,5,31,81,42,77,112,119,73,158,231
200013,9,6,5,2,0,0,0,2,0,2,0,2
200059,9,6,5,2,0,4,5,2,9,6,5,11
200217,9,6,5,21,29,35,61,50,96,56,90,146
200280,9,6,5,114,105,135,279,219,414,249,384,633
200332,9,6,5,78,54,146,125,132,271,224,179,403
200572,9,6,5,1,0,6,13,1,19,7,13,20
200697,9,6,5,75,13,96,22,88,118,171,35,206
200800,9,6,5,76,65,87,94,141,181,163,159,322
201061,9,6,5,0,1,0,0,1,0,0,1,1
201195,9,6,5,13,26,12,9,39,21,25,35,60
201441,9,6,5,87,82,120,185,169,305,207,267,474
201548,9,6,5,21,15,13,20,36,33,34,35,69
201645,9,6,5,293,310,80,99,603,179,373,409,782
201654,9,6,5,4,7,12,18,11,30,16,25,41
201885,9,6,5,324,343,338,665,667,1003,662,1008,1670
201964,9,6,5,7,2,1,2,9,3,8,4,12
202480,9,6,5,106,98,66,60,204,126,172,158,330
202763,9,6,5,33,48,27,32,81,59,60,80,140
203067,9,6,5,27,33,4,8,60,12,31,41,72
203085,9,6,5,2,2,3,4,4,7,5,6,11
203128,9,6,5,0,0,0,1,0,1,0,1,1
203368,9,6,5,8,5,26,22,13,48,34,27,61
203517,9,6,5,194,232,125,299,426,424,319,531,850
203544,9,6,5,2,2,0,0,4,0,2,2,4
203580,9,6,5,3,3,6,6,6,12,9,9,18
203757,9,6,5,6,23,0,1,29,1,6,24,30
203775,9,6,5,2,4,6,35,6,41,8,39,47
203845,9,6,5,2,3,0,0,5,0,2,3,5
203960,9,6,5,1,2,2,13,3,15,3,15,18
204006,9,6,5,0,1,0,0,1,0,0,1,1
204024,9,6,5,64,70,64,182,134,246,128,252,380
204194,9,6,5,10,19,3,10,29,13,13,29,42
204200,9,6,5,5,9,3,45,14,48,8,54,62
204468,9,6,5,0,0,5,11,0,16,5,11,16
204477,9,6,5,36,33,1,0,69,1,37,33,70
204617,9,6,5,6,6,7,26,12,33,13,32,45
204635,9,6,5,10,3,0,1,13,1,10,4,14
204796,9,6,5,421,511,483,497,932,980,904,1008,1912
204857,9,6,5,184,177,301,327,361,628,485,504,989
204936,9,6,5,9,8,9,28,17,37,18,36,54
205443,9,6,5,1,1,9,9,2,18,10,10,20
206279,9,6,5,3,21,4,21,24,25,7,42,49
206349,9,6,5,2,4,9,26,6,35,11,30,41
206507,9,6,5,0,0,1,0,0,1,1,0,1
206525,9,6,5,0,0,0,2,0,2,0,2,2
206604,9,6,5,48,61,96,94,109,190,144,155,299
206622,9,6,5,22,21,62,66,43,128,84,87,171
206695,9,6,5,39,68,74,147,107,221,113,215,328
206862,9,6,5,12,28,19,20,40,39,31,48,79
206914,9,6,5,2,6,5,21,8,26,7,27,34
207041,9,6,5,12,21,19,43,33,62,31,64,95
207209,9,6,5,1,2,1,4,3,5,2,6,8
207263,9,6,5,15,52,31,89,67,120,46,141,187
207306,9,6,5,1,5,9,16,6,25,10,21,31
207315,9,6,5,55,41,44,47,96,91,99,88,187
207324,9,6,5,15,14,22,13,29,35,37,27,64
207342,9,6,5,59,72,36,56,131,92,95,128,223
207388,9,6,5,98,74,293,221,172,514,391,295,686
207500,9,6,5,271,319,271,298,590,569,542,617,1159
207582,9,6,5,30,33,7,6,63,13,37,39,76
207661,9,6,5,3,8,0,2,11,2,3,10,13
207847,9,6,5,54,81,126,194,135,320,180,275,455
207865,9,6,5,9,30,12,52,39,64,21,82,103
207971,9,6,5,71,41,34,20,112,54,105,61,166
208646,9,6,5,7,3,6,15,10,21,13,18,31
208822,9,6,5,31,41,42,85,72,127,73,126,199
209490,9,6,5,120,164,44,85,284,129,164,249,413
209506,9,6,5,2,7,8,8,9,16,10,15,25
209542,9,6,5,257,232,200,259,489,459,457,491,948
209551,9,6,5,274,315,23,39,589,62,297,354,651
209603,9,6,5,4,17,0,0,21,0,4,17,21
209612,9,6,5,82,143,12,19,225,31,94,162,256
209807,9,6,5,197,300,203,309,497,512,400,609,1009
209825,9,6,5,3,11,18,25,14,43,21,36,57
209922,9,6,5,0,0,1,1,0,2,1,1,2
210401,9,6,5,42,34,1,6,76,7,43,40,83
210429,9,6,5,15,24,10,18,39,28,25,42,67
210739,9,6,5,8,15,26,36,23,62,34,51,85
210775,9,6,5,5,15,10,21,20,31,15,36,51
211088,9,6,5,19,21,31,72,40,103,50,93,143
211130,9,6,5,9,6,1,2,15,3,10,8,18
211291,9,6,5,1,3,1,2,4,3,2,5,7
211352,9,6,5,0,2,12,12,2,24,12,14,26
211431,9,6,5,5,17,12,82,22,94,17,99,116
211440,9,6,5,435,205,114,60,640,174,549,265,814
211556,9,6,5,8,30,7,23,38,30,15,53,68
211583,9,6,5,9,29,8,26,38,34,17,55,72
212054,9,6,5,220,269,249,497,489,746,469,766,1235
212106,9,6,5,134,167,8,36,301,44,142,203,345
212115,9,6,5,5,6,22,57,11,79,27,63,90
212133,9,6,5,79,94,194,247,173,441,273,341,614
212197,9,6,5,1,5,6,16,6,22,7,21,28
212601,9,6,5,44,34,31,44,78,75,75,78,153
212674,9,6,5,0,0,56,66,0,122,56,66,122
212771,9,6,5,1,4,5,21,5,26,6,25,31
212805,9,6,5,0,0,2,0,0,2,2,0,2
212984,9,6,5,1,14,23,97,15,120,24,111,135
213011,9,6,5,9,19,20,74,28,94,29,93,122
213020,9,6,5,19,31,65,125,50,190,84,156,240
213251,9,6,5,0,0,2,1,0,3,2,1,3
213321,9,6,5,0,3,7,19,3,26,7,22,29
213349,9,6,5,11,17,27,76,28,103,38,93,131
213367,9,6,5,12,8,72,131,20,203,84,139,223
213446,9,6,5,0,1,1,3,1,4,1,4,5
213507,9,6,5,0,3,15,13,3,28,15,16,31
213598,9,6,5,3,10,1,5,13,6,4,15,19
213987,9,6,5,3,9,11,12,12,23,14,21,35
213996,9,6,5,2,24,23,46,26,69,25,70,95
214041,9,6,5,2,6,36,99,8,135,38,105,143
214157,9,6,5,6,10,16,46,16,62,22,56,78
214175,9,6,5,1,1,0,0,2,0,1,1,2
214272,9,6,5,9,10,9,30,19,39,18,40,58
214564,9,6,5,17,51,1,18,68,19,18,69,87
214591,9,6,5,2,1,9,6,3,15,11,7,18
214607,9,6,5,9,2,25,7,11,32,34,9,43
214704,9,6,5,0,0,0,1,0,1,0,1,1
214713,9,6,5,12,4,29,29,16,58,41,33,74
214777,9,6,5,419,387,38,53,806,91,457,440,897
214829,9,6,5,0,0,1,0,0,1,1,0,1
214883,9,6,5,1,3,5,15,4,20,6,18,24
215062,9,6,5,881,892,438,481,1773,919,1319,1373,2692
215105,9,6,5,4,9,4,4,13,8,8,13,21
215123,9,6,5,151,183,6,11,334,17,157,194,351
215293,9,6,5,471,467,156,247,938,403,627,714,1341
215424,9,6,5,7,8,3,2,15,5,10,10,20
215442,9,6,5,10,4,38,80,14,118,48,84,132
215655,9,6,5,12,10,40,56,22,96,52,66,118
215743,9,6,5,4,7,3,15,11,18,7,22,29
215798,9,6,5,5,19,0,5,24,5,5,24,29
215929,9,6,5,27,29,42,74,56,116,69,103,172
216010,9,6,5,7,9,41,52,16,93,48,61,109
216038,9,6,5,13,27,21,110,40,131,34,137,171
216339,9,6,5,427,460,163,280,887,443,590,740,1330
216357,9,6,5,4,2,0,0,6,0,4,2,6
216366,9,6,5,64,128,70,296,192,366,134,424,558
216542,9,6,5,0,1,4,2,1,6,4,3,7
216597,9,6,5,109,96,215,183,205,398,324,279,603
216694,9,6,5,2,14,8,4,16,12,10,18,28
216764,9,6,5,39,66,130,191,105,321,169,257,426
216852,9,6,5,88,120,35,176,208,211,123,296,419
216931,9,6,5,20,31,92,372,51,464,112,403,515
217013,9,6,5,2,1,9,65,3,74,11,66,77
217059,9,6,5,4,10,12,32,14,44,16,42,58
217156,9,6,5,233,209,9,20,442,29,242,229,471
217165,9,6,5,8,9,17,10,17,27,25,19,44
217235,9,6,5,9,15,5,12,24,17,14,27,41
217305,9,6,5,7,32,2,8,39,10,9,40,49
217402,9,6,5,2,6,21,23,8,44,23,29,52
217420,9,6,5,14,29,36,99,43,135,50,128,178
217493,9,6,5,31,42,0,0,73,0,31,42,73
217518,9,6,5,0,2,5,11,2,16,5,13,18
217536,9,6,5,4,9,20,50,13,70,24,59,83
217633,9,6,5,33,70,7,6,103,13,40,76,116
217688,9,6,5,4,8,26,28,12,54,30,36,66
217721,9,6,5,2,1,0,0,3,0,2,1,3
217749,9,6,5,5,4,27,23,9,50,32,27,59
217819,9,6,5,14,7,20,69,21,89,34,76,110
217864,9,6,5,10,8,72,58,18,130,82,66,148
217873,9,6,5,0,2,0,8,2,8,0,10,10
217882,9,6,5,229,178,213,281,407,494,442,459,901
217907,9,6,5,0,7,1,11,7,12,1,18,19
217925,9,6,5,14,9,99,120,23,219,113,129,242
217934,9,6,5,5,26,2,22,31,24,7,48,55
217961,9,6,5,4,16,10,42,20,52,14,58,72
218061,9,6,5,1,9,10,27,10,37,11,36,47
218229,9,6,5,3,4,22,41,7,63,25,45,70
218335,9,6,5,105,103,12,41,208,53,117,144,261
218441,9,6,5,9,11,4,0,20,4,13,11,24
218539,9,6,5,4,11,0,2,15,2,4,13,17
218645,9,6,5,14,13,42,58,27,100,56,71,127
218654,9,6,5,0,0,3,3,0,6,3,3,6
218663,9,6,5,359,335,146,327,694,473,505,662,1167
218724,9,6,5,2,1,17,43,3,60,19,44,63
218733,9,6,5,5,14,2,7,19,9,7,21,28
218742,9,6,5,1,4,8,58,5,66,9,62,71
218751,9,6,5,27,17,0,0,44,0,27,17,44
218919,9,6,5,1,2,0,0,3,0,1,2,3
219082,9,6,5,8,3,61,17,11,78,69,20,89
219198,9,6,5,12,25,0,4,37,4,12,29,41
219204,9,6,5,9,6,9,6,15,15,18,12,30
219259,9,6,5,0,4,15,60,4,75,15,64,79
219277,9,6,5,0,0,1,4,0,5,1,4,5
219347,9,6,5,24,7,18,3,31,21,42,10,52
219471,9,6,5,66,57,81,122,123,203,147,179,326
219602,9,6,5,37,40,35,95,77,130,72,135,207
219639,9,6,5,2,0,0,0,2,0,2,0,2
219806,9,6,5,6,4,34,115,10,149,40,119,159
219833,9,6,5,38,17,11,14,55,25,49,31,80
220075,9,6,5,88,105,52,122,193,174,140,227,367
220215,9,6,5,4,5,14,30,9,44,18,35,53
220473,9,6,5,1,7,11,5,8,16,12,12,24
220516,9,6,5,13,31,0,6,44,6,13,37,50
220701,9,6,5,1,1,1,1,2,2,2,2,4
220710,9,6,5,0,1,0,0,1,0,0,1,1
220792,9,6,5,61,94,0,0,155,0,61,94,155
220862,9,6,5,163,141,193,289,304,482,356,430,786
220978,9,6,5,43,57,131,202,100,333,174,259,433
221519,9,6,5,4,7,1,1,11,2,5,8,13
221740,9,6,5,37,38,65,54,75,119,102,92,194
221759,9,6,5,233,214,227,260,447,487,460,474,934
221768,9,6,5,6,21,23,58,27,81,29,79,108
221838,9,6,5,33,52,53,94,85,147,86,146,232
221847,9,6,5,15,21,74,101,36,175,89,122,211
221999,9,6,5,343,368,82,161,711,243,425,529,954
222178,9,6,5,4,14,73,127,18,200,77,141,218
222831,9,6,5,15,89,64,71,104,135,79,160,239
223223,9,6,5,72,84,0,0,156,0,72,84,156
223232,9,6,5,256,302,95,224,558,319,351,526,877
224147,9,6,5,25,29,163,232,54,395,188,261,449
224323,9,6,5,34,18,55,45,52,100,89,63,152
224527,9,6,5,0,5,4,10,5,14,4,15,19
224554,9,6,5,73,129,145,284,202,429,218,413,631
225247,9,6,5,9,17,5,4,26,9,14,21,35
225399,9,6,5,4,17,32,152,21,184,36,169,205
225414,9,6,5,38,67,76,152,105,228,114,219,333
225432,9,6,5,12,12,106,173,24,279,118,185,303
225511,9,6,5,398,323,236,281,721,517,634,604,1238
225548,9,6,5,1,0,4,0,1,4,5,0,5
226383,9,6,5,0,4,9,33,4,42,9,37,46
226471,9,6,5,9,16,4,9,25,13,13,25,38
227216,9,6,5,242,263,244,402,505,646,486,665,1151
227331,9,6,5,34,149,6,26,183,32,40,175,215
227368,9,6,5,96,132,199,372,228,571,295,504,799
227526,9,6,5,28,34,24,64,62,88,52,98,150
227757,9,6,5,422,208,62,32,630,94,484,240,724
227845,9,6,5,9,21,20,55,30,75,29,76,105
227863,9,6,5,19,23,27,62,42,89,46,85,131
227881,9,6,5,27,41,109,261,68,370,136,302,438
228042,9,6,5,0,5,1,3,5,4,1,8,9
228149,9,6,5,41,57,38,34,98,72,79,91,170
228194,9,6,5,45,35,18,20,80,38,63,55,118
228246,9,6,5,143,106,303,188,249,491,446,294,740
228431,9,6,5,19,40,37,92,59,129,56,132,188
228459,9,6,5,141,167,109,205,308,314,250,372,622
228501,9,6,5,5,9,12,36,14,48,17,45,62
228529,9,6,5,31,42,77,161,73,238,108,203,311
228635,9,6,5,85,64,180,121,149,301,265,185,450
228644,9,6,5,111,105,22,37,216,59,133,142,275
228653,9,6,5,76,92,51,167,168,218,127,259,386
228705,9,6,5,43,38,41,54,81,95,84,92,176
228723,9,6,5,871,529,314,369,1400,683,1185,898,2083
228769,9,6,5,236,306,391,1047,542,1438,627,1353,1980
228778,9,6,5,837,732,69,81,1569,150,906,813,1719
228787,9,6,5,452,329,253,182,781,435,705,511,1216
228796,9,6,5,126,96,180,268,222,448,306,364,670
228802,9,6,5,51,64,69,194,115,263,120,258,378
228875,9,6,5,108,146,9,9,254,18,117,155,272
228909,9,6,5,61,90,10,9,151,19,71,99,170
229018,9,6,5,21,39,70,82,60,152,91,121,212
229027,9,6,5,156,135,215,222,291,437,371,357,728
229063,9,6,5,63,111,31,57,174,88,94,168,262
229115,9,6,5,383,290,213,290,673,503,596,580,1176
229179,9,6,5,32,243,66,627,275,693,98,870,968
229267,9,6,5,2,6,4,0,8,4,6,6,12
229337,9,6,5,85,142,47,226,227,273,132,368,500
229780,9,6,5,12,32,18,39,44,57,30,71,101
229814,9,6,5,29,69,141,185,98,326,170,254,424
230038,9,6,5,148,71,149,66,219,215,297,137,434
230171,9,6,5,2,2,3,1,4,4,5,3,8
230603,9,6,5,26,22,130,99,48,229,156,121,277
230728,9,6,5,81,101,173,161,182,334,254,262,516
230764,9,6,5,611,502,229,163,1113,392,840,665,1505
230782,9,6,5,33,52,45,47,85,92,78,99,177
230807,9,6,5,29,33,2,9,62,11,31,42,73
230816,9,6,5,2,18,0,0,20,0,2,18,20
230834,9,6,5,0,3,11,57,3,68,11,60,71
230852,9,6,5,1,0,38,43,1,81,39,43,82
230913,9,6,5,2,13,8,33,15,41,10,46,56
230959,9,6,5,0,0,0,5,0,5,0,5,5
231059,9,6,5,3,3,5,23,6,28,8,26,34
231165,9,6,5,0,0,1,0,0,1,1,0,1
231174,9,6,5,123,125,28,59,248,87,151,184,335
231420,9,6,5,2,3,4,25,5,29,6,28,34
231624,9,6,5,103,93,86,142,196,228,189,235,424
231712,9,6,5,1,1,0,1,2,1,1,2,3
232025,9,6,5,4,5,0,1,9,1,4,6,10
232043,9,6,5,4,9,8,44,13,52,12,53,65
232089,9,6,5,0,0,0,1,0,1,0,1,1
232186,9,6,5,345,379,457,720,724,1177,802,1099,1901
232308,9,6,5,1,4,2,5,5,7,3,9,12
232557,9,6,5,1198,1875,1529,2154,3073,3683,2727,4029,6756
232566,9,6,5,10,18,52,108,28,160,62,126,188
232609,9,6,5,26,44,7,24,70,31,33,68,101
232706,9,6,5,29,42,24,74,71,98,53,116,169
232982,9,6,5,102,172,262,336,274,598,364,508,872
233277,9,6,5,10,35,30,131,45,161,40,166,206
233374,9,6,5,20,23,19,21,43,40,39,44,83
233541,9,6,5,27,53,22,97,80,119,49,150,199
233921,9,6,5,459,311,219,176,770,395,678,487,1165
234030,9,6,5,244,334,152,308,578,460,396,642,1038
234076,9,6,5,588,433,120,211,1021,331,708,644,1352
234155,9,6,5,7,17,9,13,24,22,16,30,46
234207,9,6,5,15,10,0,0,25,0,15,10,25
234827,9,6,5,14,18,29,23,32,52,43,41,84
235097,9,6,5,122,259,57,112,381,169,179,371,550
235316,9,6,5,70,157,23,59,227,82,93,216,309
235547,9,6,5,20,91,1,12,111,13,21,103,124
236328,9,6,5,12,19,1,10,31,11,13,29,42
236452,9,6,5,7,4,10,11,11,21,17,15,32
236577,9,6,5,12,31,24,47,43,71,36,78,114
236595,9,6,5,80,176,119,200,256,319,199,376,575
236896,9,6,5,3,17,0,3,20,3,3,20,23
236939,9,6,5,271,281,171,193,552,364,442,474,916
237011,9,6,5,53,61,11,14,114,25,64,75,139
237066,9,6,5,8,11,12,28,19,40,20,39,59
237118,9,6,5,3,3,1,1,6,2,4,4,8
237181,9,6,5,0,0,1,0,0,1,1,0,1
237312,9,6,5,35,24,25,5,59,30,60,29,89
237330,9,6,5,1,12,9,25,13,34,10,37,47
237367,9,6,5,3,7,8,18,10,26,11,25,36
237385,9,6,5,0,1,0,1,1,1,0,2,2
237525,9,6,5,63,97,45,121,160,166,108,218,326
237792,9,6,5,11,31,13,43,42,56,24,74,98
237899,9,6,5,2,4,7,7,6,14,9,11,20
237969,9,6,5,3,2,0,0,5,0,3,2,5
238032,9,6,5,251,196,137,162,447,299,388,358,746
238193,9,6,5,14,82,6,39,96,45,20,121,141
238263,9,6,5,1,2,0,5,3,5,1,7,8
238430,9,6,5,3,9,20,59,12,79,23,68,91
238458,9,6,5,6,10,5,12,16,17,11,22,33
239071,9,6,5,3,2,17,6,5,23,20,8,28
239105,9,6,5,118,104,79,123,222,202,197,227,424
239169,9,6,5,70,63,5,10,133,15,75,73,148
239318,9,6,5,4,12,19,9,16,28,23,21,44
239716,9,6,5,1,1,4,5,2,9,5,6,11
240107,9,6,5,30,68,16,40,98,56,46,108,154
240189,9,6,5,27,45,111,123,72,234,138,168,306
240268,9,6,5,2,13,57,66,15,123,59,79,138
240277,9,6,5,5,8,20,29,13,49,25,37,62
240329,9,6,5,6,13,37,44,19,81,43,57,100
240338,9,6,5,0,1,8,14,1,22,8,15,23
240365,9,6,5,13,32,76,103,45,179,89,135,224
240374,9,6,5,8,4,57,53,12,110,65,57,122
240417,9,6,5,6,14,51,91,20,142,57,105,162
240426,9,6,5,0,13,18,46,13,64,18,59,77
240444,9,6,5,691,699,172,206,1390,378,863,905,1768
240453,9,6,5,186,212,147,232,398,379,333,444,777
240462,9,6,5,2,12,43,30,14,73,45,42,87
240471,9,6,5,8,21,14,22,29,36,22,43,65
240480,9,6,5,6,7,17,50,13,67,23,57,80
240727,9,6,5,109,100,92,109,209,201,201,209,410
241191,9,6,5,1,2,1,1,3,2,2,3,5
241225,9,6,5,5,10,1,13,15,14,6,23,29
241331,9,6,5,34,172,3,31,206,34,37,203,240
241377,9,6,5,4,11,5,7,15,12,9,18,27
241386,9,6,5,0,0,0,1,0,1,0,1,1
241395,9,6,5,4,20,9,47,24,56,13,67,80
241410,9,6,5,51,110,38,102,161,140,89,212,301
241739,9,6,5,62,119,29,48,181,77,91,167,258
241766,9,6,5,2,3,0,1,5,1,2,4,6
241836,9,6,5,3,1,1,3,4,4,4,4,8
242617,9,6,5,23,29,10,26,52,36,33,55,88
242626,9,6,5,16,16,4,1,32,5,20,17,37
242635,9,6,5,9,34,4,10,43,14,13,44,57
242644,9,6,5,6,3,2,7,9,9,8,10,18
242653,9,6,5,30,93,27,68,123,95,57,161,218
242662,9,6,5,12,25,10,30,37,40,22,55,77
242680,9,6,5,7,14,1,0,21,1,8,14,22
242699,9,6,5,8,9,5,1,17,6,13,10,23
242705,9,6,5,1,0,1,1,1,2,2,1,3
242723,9,6,5,14,17,28,39,31,67,42,56,98
243203,9,6,5,79,119,7,17,198,24,86,136,222
243221,9,6,5,136,164,50,47,300,97,186,211,397
243346,9,6,5,27,82,10,40,109,50,37,122,159
243443,9,6,5,2,7,16,40,9,56,18,47,65
243577,9,6,5,36,28,42,34,64,76,78,62,140
243586,9,6,5,0,7,1,7,7,8,1,14,15
243601,9,6,5,89,179,36,74,268,110,125,253,378
243744,9,6,5,821,574,129,70,1395,199,950,644,1594
243780,9,6,5,414,293,667,436,707,1103,1081,729,1810
243832,9,6,5,5,8,2,1,13,3,7,9,16
246789,9,6,5,1,1,9,11,2,20,10,12,22
248934,9,6,5,49,41,0,0,90,0,49,41,90
262086,9,6,5,59,199,126,376,258,502,185,575,760
262129,9,6,5,1,1,0,0,2,0,1,1,2
363907,9,6,5,3,3,2,3,6,5,5,6,11
366003,9,6,5,1,4,2,1,5,3,3,5,8
366252,9,6,5,0,3,0,0,3,0,0,3,3
366711,9,6,5,39,71,20,58,110,78,59,129,188
367954,9,6,5,259,425,21,51,684,72,280,476,756
385415,9,6,5,51,68,19,18,119,37,70,86,156
399911,9,6,5,1,0,0,0,1,0,1,0,1
404222,9,6,5,9,20,0,0,29,0,9,20,29
408844,9,6,5,5,25,5,18,30,23,10,43,53
409254,9,6,5,0,8,1,52,8,53,1,60,61
409698,9,6,5,29,90,15,46,119,61,44,136,180
414878,9,6,5,72,31,297,111,103,408,369,142,511
414966,9,6,5,1,1,5,4,2,9,6,5,11
416801,9,6,5,0,3,0,2,3,2,0,5,5
420246,9,6,5,11,94,1,8,105,9,12,102,114
423643,9,6,5,212,194,7,7,406,14,219,201,420
426314,9,6,5,353,79,230,72,432,302,583,151,734
433387,9,6,5,2791,5731,0,0,8522,0,2791,5731,8522
433660,9,6,5,39,67,52,96,106,148,91,163,254
435000,9,6,5,24,21,7,11,45,18,31,32,63
438586,9,6,5,3,2,4,7,5,11,7,9,16
440031,9,6,5,21,36,0,6,57,6,21,42,63
440828,9,6,5,12,15,2,3,27,5,14,18,32
441131,9,6,5,12,27,8,25,39,33,20,52,72
441900,9,6,5,0,2,0,4,2,4,0,6,6
441937,9,6,5,10,10,30,29,20,59,40,39,79
442356,9,6,5,0,0,6,16,0,22,6,16,22
442930,9,6,5,1,2,0,1,3,1,1,3,4
443049,9,6,5,3,4,4,3,7,7,7,7,14
443058,9,6,5,0,1,6,3,1,9,6,4,10
444787,9,6,5,0,3,0,1,3,1,0,4,4
445027,9,6,5,209,280,24,25,489,49,233,305,538
445133,9,6,5,1,3,2,7,4,9,3,10,13
445188,9,6,5,101,72,2,0,173,2,103,72,175
445267,9,6,5,2,8,10,35,10,45,12,43,55
447698,9,6,5,2,10,0,7,12,7,2,17,19
448673,9,6,5,4,7,1,7,11,8,5,14,19
449481,9,6,5,0,9,0,0,9,0,0,9,9
449889,9,6,5,492,1313,0,0,1805,0,492,1313,1805
449922,9,6,5,6,6,0,0,12,0,6,6,12
450571,9,6,5,0,4,0,3,4,3,0,7,7
450933,9,6,5,385,374,0,0,759,0,385,374,759
451079,9,6,5,2,13,0,0,15,0,2,13,15
451510,9,6,5,16,10,5,3,26,8,21,13,34
454227,9,6,5,15,152,311,2504,167,2815,326,2656,2982
455406,9,6,5,61,51,0,1,112,1,61,52,113
456481,9,6,5,1,1,1,1,2,2,2,2,4
456542,9,6,5,19,22,3,9,41,12,22,31,53
458210,9,6,5,62,244,14,53,306,67,76,297,373
459736,9,6,5,68,91,9,10,159,19,77,101,178
459949,9,6,5,14,16,31,64,30,95,45,80,125
460349,9,6,5,0,10,39,64,10,103,39,74,113
461883,9,6,5,7,3,0,1,10,1,7,4,11
474863,9,6,5,12,23,3,10,35,13,15,33,48
476975,9,6,5,17,15,254,377,32,631,271,392,663
477039,9,6,5,17,70,3,10,87,13,20,80,100
479956,9,6,5,45,34,614,452,79,1066,659,486,1145
480569,9,6,5,1,0,51,39,1,90,52,39,91
480657,9,6,5,0,3,0,1,3,1,0,4,4
480790,9,6,5,140,80,0,0,220,0,140,80,220
481535,9,6,5,9,7,0,0,16,0,9,7,16
482149,9,6,5,110,204,29,84,314,113,139,288,427
482158,9,6,5,19,25,13,16,44,29,32,41,73
482413,9,6,5,4,3,5,16,7,21,9,19,28
482422,9,6,5,0,1,0,1,1,1,0,2,2
482431,9,6,5,1,2,6,5,3,11,7,7,14
482459,9,6,5,0,0,2,1,0,3,2,1,3
482468,9,6,5,1,0,1,2,1,3,2,2,4
482477,9,6,5,41,57,201,299,98,500,242,356,598
482556,9,6,5,0,0,1,0,0,1,1,0,1
482565,9,6,5,1,0,1,0,1,1,2,0,2
482574,9,6,5,0,0,1,0,0,1,1,0,1
482635,9,6,5,0,0,2,2,0,4,2,2,4
482653,9,6,5,0,0,1,3,0,4,1,3,4
482680,9,6,5,10,13,19,55,23,74,29,68,97
482705,9,6,5,14,28,241,413,42,654,255,441,696
482936,9,6,5,4,2,0,1,6,1,4,3,7
483036,9,6,5,7,13,18,38,20,56,25,51,76
483124,9,6,5,220,468,824,1368,688,2192,1044,1836,2880
483595,9,6,5,137,390,55,113,527,168,192,503,695
483975,9,6,5,50,39,0,0,89,0,50,39,89
484613,9,6,5,780,2402,0,0,3182,0,780,2402,3182
484631,9,6,5,15,33,0,0,48,0,15,33,48
484905,9,6,5,15,18,20,41,33,61,35,59,94
485768,9,6,5,30,48,0,0,78,0,30,48,78
486840,9,6,5,88,102,214,281,190,495,302,383,685
487010,9,6,5,93,131,11,26,224,37,104,157,261
487524,9,6,5,7,14,21,44,21,65,28,58,86
487995,9,6,5,0,6,5,4,6,9,5,10,15
488031,9,6,5,10,4,0,0,14,0,10,4,14
489335,9,6,5,1,1,3,2,2,5,4,3,7
489779,9,6,5,373,737,232,764,1110,996,605,1501,2106
489858,9,6,5,34,56,1,1,90,2,35,57,92
490230,9,6,5,2,1,0,0,3,0,2,1,3
490601,9,6,5,49,19,1,0,68,1,50,19,69
490753,9,6,5,0,1,0,0,1,0,0,1,1
490805,9,6,5,9,11,19,62,20,81,28,73,101
491808,9,6,5,8,25,0,2,33,2,8,27,35
492209,9,6,5,1,3,0,0,4,0,1,3,4
492689,9,6,5,32,23,0,0,55,0,32,23,55
493673,9,6,5,10,10,13,16,20,29,23,26,49
494010,9,6,5,4,9,0,1,13,1,4,10,14
494551,9,6,5,0,2,0,1,2,1,0,3,3
495314,9,6,5,10,7,0,0,17,0,10,7,17
496043,9,6,5,17,11,0,0,28,0,17,11,28
497107,9,6,5,0,0,1,7,0,8,1,7,8
497480,9,6,5,0,0,7,22,0,29,7,22,29
497790,9,6,5,0,2,0,0,2,0,0,2,2
498562,9,6,5,14,18,24,78,32,102,38,96,134
498571,9,6,5,38,126,104,272,164,376,142,398,540
100663,10,7,1,99,145,229,442,244,671,328,587,915
100706,10,7,1,51,54,95,130,105,225,146,184,330
100751,10,7,1,128,179,229,418,307,647,357,597,954
100760,10,7,1,2,11,5,24,13,29,7,35,42
100812,10,7,1,14,60,66,168,74,234,80,228,308
100830,10,7,1,21,46,25,94,67,119,46,140,186
100858,10,7,1,116,99,221,169,215,390,337,268,605
100937,10,7,1,0,2,1,0,2,1,1,2,3
101143,10,7,1,10,18,10,32,28,42,20,50,70
101161,10,7,1,9,45,23,98,54,121,32,143,175
101189,10,7,1,55,102,28,54,157,82,83,156,239
101240,10,7,1,18,42,24,88,60,112,42,130,172
101286,10,7,1,13,37,17,136,50,153,30,173,203
101295,10,7,1,12,31,25,89,43,114,37,120,157
101301,10,7,1,3,8,2,32,11,34,5,40,45
101435,10,7,1,0,0,0,2,0,2,0,2,2
101453,10,7,1,5,0,10,0,5,10,15,0,15
101462,10,7,1,3,4,11,33,7,44,14,37,51
101480,10,7,1,24,68,56,118,92,174,80,186,266
101505,10,7,1,20,42,52,173,62,225,72,215,287
101514,10,7,1,33,43,64,176,76,240,97,219,316
101569,10,7,1,13,31,14,76,44,90,27,107,134
101587,10,7,1,94,461,20,57,555,77,114,518,632
101709,10,7,1,6,11,8,22,17,30,14,33,47
101736,10,7,1,8,12,10,51,20,61,18,63,81
101897,10,7,1,10,11,16,27,21,43,26,38,64
101912,10,7,1,4,12,2,3,16,5,6,15,21
101994,10,7,1,0,8,0,9,8,9,0,17,17
102030,10,7,1,25,29,13,71,54,84,38,100,138
102049,10,7,1,30,61,8,18,91,26,38,79,117
102067,10,7,1,10,23,15,45,33,60,25,68,93
102076,10,7,1,8,20,12,34,28,46,20,54,74
102094,10,7,1,109,467,52,199,576,251,161,666,827
102234,10,7,1,1,2,11,8,3,19,12,10,22
102313,10,7,1,13,21,16,43,34,59,29,64,93
102368,10,7,1,106,243,352,484,349,836,458,727,1185
102377,10,7,1,2,12,1,1,14,2,3,13,16
102395,10,7,1,7,3,26,9,10,35,33,12,45
102429,10,7,1,8,15,22,58,23,80,30,73,103
102553,10,7,1,73,91,200,403,164,603,273,494,767
102614,10,7,1,41,71,122,283,112,405,163,354,517
102632,10,7,1,10,14,47,112,24,159,57,126,183
103741,10,7,1,0,2,0,4,2,4,0,6,6
104151,10,7,1,348,342,253,267,690,520,601,609,1210
104160,10,7,1,21,23,62,164,44,226,83,187,270
104179,10,7,1,269,301,537,522,570,1059,806,823,1629
104346,10,7,1,11,21,50,157,32,207,61,178,239
104391,10,7,1,0,7,0,0,7,0,0,7,7
104425,10,7,1,14,36,66,73,50,139,80,109,189
104443,10,7,1,1,3,0,1,4,1,1,4,5
104568,10,7,1,0,7,0,12,7,12,0,19,19
104577,10,7,1,50,11,57,70,61,127,107,81,188
104586,10,7,1,10,2,3,0,12,3,13,2,15
104708,10,7,1,36,35,167,274,71,441,203,309,512
104717,10,7,1,29,37,2587,8541,66,11128,2616,8578,11194
105145,10,7,1,16,38,63,201,54,264,79,239,318
105154,10,7,1,50,49,253,346,99,599,303,395,698
105206,10,7,1,18,35,61,176,53,237,79,211,290
105297,10,7,1,13,40,17,66,53,83,30,106,136
105330,10,7,1,139,215,211,463,354,674,350,678,1028
105349,10,7,1,5,9,31,81,14,112,36,90,126
105428,10,7,1,30,58,123,260,88,383,153,318,471
105525,10,7,1,43,64,227,461,107,688,270,525,795
105659,10,7,1,85,5,0,0,90,0,85,5,90
105668,10,7,1,29,49,278,440,78,718,307,489,796
105747,10,7,1,8,18,90,148,26,238,98,166,264
105792,10,7,1,9,8,33,71,17,104,42,79,121
106148,10,7,1,31,28,75,176,59,251,106,204,310
106245,10,7,1,89,110,131,315,199,446,220,425,645
106263,10,7,1,36,86,32,128,122,160,68,214,282
106397,10,7,1,72,98,212,366,170,578,284,464,748
106412,10,7,1,7,21,7,9,28,16,14,30,44
106449,10,7,1,15,22,6,33,37,39,21,55,76
106458,10,7,1,16,28,233,694,44,927,249,722,971
106467,10,7,1,32,46,48,139,78,187,80,185,265
106546,10,7,1,4,24,0,2,28,2,4,26,30
106625,10,7,1,12,21,15,26,33,41,27,47,74
106713,10,7,1,8,6,1,1,14,2,9,7,16
106908,10,7,1,0,24,0,2,24,2,0,26,26
107099,10,7,1,0,7,0,0,7,0,0,7,7
107141,10,7,1,5,14,17,44,19,61,22,58,80
107318,10,7,1,0,6,7,20,6,27,7,26,33
107512,10,7,1,0,3,0,2,3,2,0,5,5
107521,10,7,1,4,20,10,6,24,16,14,26,40
107558,10,7,1,0,0,1,1,0,2,1,1,2
107585,10,7,1,7,33,14,30,40,44,21,63,84
107600,10,7,1,11,12,2,1,23,3,13,13,26
107619,10,7,1,3,9,0,13,12,13,3,22,25
107664,10,7,1,33,69,31,117,102,148,64,186,250
107725,10,7,1,2,12,6,28,14,34,8,40,48
107743,10,7,1,2,9,4,4,11,8,6,13,19
107974,10,7,1,2,17,7,34,19,41,9,51,60
107983,10,7,1,17,33,44,96,50,140,61,129,190
107992,10,7,1,8,10,14,13,18,27,22,23,45
108092,10,7,1,19,47,27,58,66,85,46,105,151
108232,10,7,1,112,64,125,185,176,310,237,249,486
108667,10,7,1,14,15,83,244,29,327,97,259,356
108807,10,7,1,21,47,142,193,68,335,163,240,403
108852,10,7,1,2,1,0,0,3,0,2,1,3
109208,10,7,1,49,130,1144,905,179,2049,1193,1035,2228
109350,10,7,1,30,60,164,293,90,457,194,353,547
109785,10,7,1,77,180,90,240,257,330,167,420,587
109819,10,7,1,62,115,424,517,177,941,486,632,1118
109907,10,7,1,18,64,35,101,82,136,53,165,218
109934,10,7,1,5,29,0,0,34,0,5,29,34
110097,10,7,1,41,23,98,73,64,171,139,96,235
110246,10,7,1,50,96,92,171,146,263,142,267,409
110316,10,7,1,44,148,31,170,192,201,75,318,393
110334,10,7,1,15,28,141,276,43,417,156,304,460
110361,10,7,1,92,247,63,140,339,203,155,387,542
110398,10,7,1,17,16,1,4,33,5,18,20,38
110404,10,7,1,9,4,0,0,13,0,9,4,13
110413,10,7,1,33,70,12,16,103,28,45,86,131
110422,10,7,1,24,24,17,12,48,29,41,36,77
110486,10,7,1,67,164,48,111,231,159,115,275,390
110495,10,7,1,53,158,42,118,211,160,95,276,371
110510,10,7,1,126,284,101,171,410,272,227,455,682
110529,10,7,1,134,162,120,113,296,233,254,275,529
110538,10,7,1,53,120,50,86,173,136,103,206,309
110547,10,7,1,98,223,146,295,321,441,244,518,762
110556,10,7,1,109,196,85,119,305,204,194,315,509
110565,10,7,1,118,205,242,450,323,692,360,655,1015
110574,10,7,1,127,282,107,248,409,355,234,530,764
110583,10,7,1,170,243,189,255,413,444,359,498,857
110592,10,7,1,201,334,178,262,535,440,379,596,975
110608,10,7,1,196,323,236,352,519,588,432,675,1107
110617,10,7,1,160,273,153,266,433,419,313,539,852
110635,10,7,1,289,279,288,181,568,469,577,460,1037
110644,10,7,1,201,243,62,68,444,130,263,311,574
110653,10,7,1,191,180,30,28,371,58,221,208,429
110662,10,7,1,382,436,97,49,818,146,479,485,964
110671,10,7,1,128,122,29,22,250,51,157,144,301
110680,10,7,1,197,160,44,20,357,64,241,180,421
110699,10,7,1,47,136,0,0,183,0,47,136,183
110705,10,7,1,72,73,12,14,145,26,84,87,171
110714,10,7,1,103,92,5,10,195,15,108,102,210
111188,10,7,1,3,1,7,3,4,10,10,4,14
111434,10,7,1,1,12,63,204,13,267,64,216,280
111461,10,7,1,39,29,744,368,68,1112,783,397,1180
111513,10,7,1,0,5,0,1,5,1,0,6,6
111887,10,7,1,93,160,460,489,253,949,553,649,1202
111896,10,7,1,31,35,182,165,66,347,213,200,413
111920,10,7,1,22,29,304,264,51,568,326,293,619
111939,10,7,1,43,97,200,561,140,761,243,658,901
111948,10,7,1,31,21,18,23,52,41,49,44,93
112075,10,7,1,69,120,36,43,189,79,105,163,268
112084,10,7,1,1,1,1,3,2,4,2,4,6
112172,10,7,1,28,43,96,186,71,282,124,229,353
112251,10,7,1,75,107,53,63,182,116,128,170,298
112367,10,7,1,1,4,5,26,5,31,6,30,36
112385,10,7,1,26,36,474,232,62,706,500,268,768
112561,10,7,1,12,18,37,63,30,100,49,81,130
112686,10,7,1,12,36,34,131,48,165,46,167,213
112826,10,7,1,15,37,77,201,52,278,92,238,330
113096,10,7,1,25,48,222,486,73,708,247,534,781
113111,10,7,1,11,24,78,102,35,180,89,126,215
113193,10,7,1,20,33,148,215,53,363,168,248,416
113236,10,7,1,54,66,180,265,120,445,234,331,565
113333,10,7,1,44,68,158,303,112,461,202,371,573
113573,10,7,1,30,62,110,246,92,356,140,308,448
113582,10,7,1,1,6,0,2,7,2,1,8,9
113634,10,7,1,37,52,261,369,89,630,298,421,719
113698,10,7,1,27,63,5,10,90,15,32,73,105
113704,10,7,1,5,0,2,0,5,2,7,0,7
113856,10,7,1,38,85,888,809,123,1697,926,894,1820
113980,10,7,1,57,86,225,398,143,623,282,484,766
114123,10,7,1,2,10,0,0,12,0,2,10,12
114266,10,7,1,10,26,79,202,36,281,89,228,317
114354,10,7,1,5,10,1,3,15,4,6,13,19
114433,10,7,1,2,6,77,45,8,122,79,51,130
114549,10,7,1,28,97,7,32,125,39,35,129,164
114716,10,7,1,44,73,389,245,117,634,433,318,751
114734,10,7,1,2,1,1,1,3,2,3,2,5
114761,10,7,1,0,6,0,0,6,0,0,6,6
114789,10,7,1,65,117,566,606,182,1172,631,723,1354
114813,10,7,1,23,81,46,173,104,219,69,254,323
114859,10,7,1,38,57,229,364,95,593,267,421,688
114938,10,7,1,14,16,139,133,30,272,153,149,302
114947,10,7,1,1,8,0,0,9,0,1,8,9
115001,10,7,1,100,168,111,247,268,358,211,415,626
115083,10,7,1,179,84,89,103,263,192,268,187,455
115126,10,7,1,7,26,135,141,33,276,142,167,309
115393,10,7,1,14,36,233,246,50,479,247,282,529
115755,10,7,1,42,67,23,56,109,79,65,123,188
115861,10,7,1,19,76,111,135,95,246,130,211,341
116439,10,7,1,14,29,82,141,43,223,96,170,266
116563,10,7,1,0,13,0,0,13,0,0,13,13
116846,10,7,1,1,7,3,0,8,3,4,7,11
117052,10,7,1,11,16,55,109,27,164,66,125,191
117104,10,7,1,5,7,2,3,12,5,7,10,17
117195,10,7,1,8,14,170,61,22,231,178,75,253
117247,10,7,1,35,63,194,383,98,577,229,446,675
117274,10,7,1,7,10,148,32,17,180,155,42,197
117645,10,7,1,110,150,309,510,260,819,419,660,1079
117672,10,7,1,31,154,0,9,185,9,31,163,194
117690,10,7,1,6,21,102,215,27,317,108,236,344
117706,10,7,1,30,44,184,324,74,508,214,368,582
117715,10,7,1,7,28,43,274,35,317,50,302,352
117724,10,7,1,52,39,262,258,91,520,314,297,611
117733,10,7,1,35,69,247,466,104,713,282,535,817
117788,10,7,1,74,62,289,421,136,710,363,483,846
117803,10,7,1,0,0,8,16,0,24,8,16,24
117867,10,7,1,12,32,108,276,44,384,120,308,428
117894,10,7,1,18,34,71,193,52,264,89,227,316
117946,10,7,1,43,72,45,46,115,91,88,118,206
118347,10,7,1,10,23,40,103,33,143,50,126,176
118684,10,7,1,11,32,36,109,43,145,47,141,188
118718,10,7,1,25,97,104,230,122,334,129,327,456
118772,10,7,1,43,50,86,320,93,406,129,370,499
118930,10,7,1,18,38,82,225,56,307,100,263,363
118976,10,7,1,68,192,128,408,260,536,196,600,796
119058,10,7,1,11,14,5,12,25,17,16,26,42
119067,10,7,1,18,34,120,184,52,304,138,218,356
119137,10,7,1,15,25,106,216,40,322,121,241,362
119164,10,7,1,81,114,312,479,195,791,393,593,986
119216,10,7,1,45,112,163,396,157,559,208,508,716
119331,10,7,1,10,14,29,78,24,107,39,92,131
120166,10,7,1,3,9,0,0,12,0,3,9,12
120184,10,7,1,0,3,4,11,3,15,4,14,18
120290,10,7,1,11,43,142,144,54,286,153,187,340
120342,10,7,1,36,32,178,236,68,414,214,268,482
120403,10,7,1,4,5,1,1,9,2,5,6,11
120421,10,7,1,13,24,67,138,37,205,80,162,242
120865,10,7,1,3,13,3,19,16,22,6,32,38
120883,10,7,1,38,56,28,51,94,79,66,107,173
120953,10,7,1,58,11,627,45,69,672,685,56,741
120971,10,7,1,35,36,462,272,71,734,497,308,805
121044,10,7,1,47,82,335,520,129,855,382,602,984
121150,10,7,1,63,86,124,340,149,464,187,426,613
121275,10,7,1,3,5,0,0,8,0,3,5,8
121309,10,7,1,23,24,39,85,47,124,62,109,171
121363,10,7,1,4,21,22,103,25,125,26,124,150
121619,10,7,1,40,63,1314,555,103,1869,1354,618,1972
121628,10,7,1,12,15,0,0,27,0,12,15,27
121707,10,7,1,31,33,118,144,64,262,149,177,326
121886,10,7,1,29,36,638,323,65,961,667,359,1026
121901,10,7,1,23,41,166,422,64,588,189,463,652
122180,10,7,1,39,75,325,588,114,913,364,663,1027
122205,10,7,1,30,42,144,441,72,585,174,483,657
122296,10,7,1,36,99,24,67,135,91,60,166,226
122339,10,7,1,27,23,244,334,50,578,271,357,628
122375,10,7,1,21,54,261,428,75,689,282,482,764
122384,10,7,1,35,25,429,323,60,752,464,348,812
122409,10,7,1,172,245,149,189,417,338,321,434,755
122436,10,7,1,37,66,132,147,103,279,169,213,382
122597,10,7,1,180,219,130,144,399,274,310,363,673
122612,10,7,1,56,92,82,116,148,198,138,208,346
122658,10,7,1,60,139,103,298,199,401,163,437,600
122728,10,7,1,17,30,10,23,47,33,27,53,80
122746,10,7,1,22,28,134,250,50,384,156,278,434
122755,10,7,1,121,241,225,471,362,696,346,712,1058
122791,10,7,1,18,11,86,166,29,252,104,177,281
122889,10,7,1,21,43,127,263,64,390,148,306,454
122931,10,7,1,62,54,49,75,116,124,111,129,240
122977,10,7,1,71,89,267,456,160,723,338,545,883
123013,10,7,1,43,67,282,446,110,728,325,513,838
123217,10,7,1,44,51,154,270,95,424,198,321,519
123341,10,7,1,35,66,145,311,101,456,180,377,557
123457,10,7,1,6,21,12,18,27,30,18,39,57
123484,10,7,1,11,11,25,24,22,49,36,35,71
123509,10,7,1,19,22,95,177,41,272,114,199,313
123563,10,7,1,22,45,154,223,67,377,176,268,444
123572,10,7,1,28,75,31,55,103,86,59,130,189
123800,10,7,1,50,95,229,313,145,542,279,408,687
123916,10,7,1,1,4,2,8,5,10,3,12,15
123952,10,7,1,5,3,0,0,8,0,5,3,8
123961,10,7,1,552,602,246,326,1154,572,798,928,1726
124113,10,7,1,8,16,202,118,24,320,210,134,344
124283,10,7,1,16,12,3,4,28,7,19,16,35
124487,10,7,1,1,1,7,11,2,18,8,12,20
125028,10,7,1,19,22,100,232,41,332,119,254,373
125231,10,7,1,479,2329,737,3617,2808,4354,1216,5946,7162
125462,10,7,1,2,6,68,56,8,124,70,62,132
125471,10,7,1,34,45,164,336,79,500,198,381,579
125499,10,7,1,4,9,53,159,13,212,57,168,225
125763,10,7,1,0,0,1,2,0,3,1,2,3
125897,10,7,1,7,6,1,1,13,2,8,7,15
126012,10,7,1,23,45,0,0,68,0,23,45,68
126119,10,7,1,15,16,66,158,31,224,81,174,255
126182,10,7,1,28,88,68,67,116,135,96,155,251
126207,10,7,1,29,28,65,90,57,155,94,118,212
126289,10,7,1,26,31,83,237,57,320,109,268,377
126562,10,7,1,160,199,348,666,359,1014,508,865,1373
126580,10,7,1,97,112,143,207,209,350,240,319,559
126614,10,7,1,109,83,397,231,192,628,506,314,820
126711,10,7,1,20,33,56,129,53,185,76,162,238
126748,10,7,1,5,15,8,16,20,24,13,31,44
126775,10,7,1,64,17,61,20,81,81,125,37,162
126818,10,7,1,121,120,378,398,241,776,499,518,1017
126827,10,7,1,942,1715,457,1005,2657,1462,1399,2720,4119
126863,10,7,1,13,27,54,138,40,192,67,165,232
126915,10,7,1,0,4,2,5,4,7,2,9,11
126942,10,7,1,21,35,72,183,56,255,93,218,311
126951,10,7,1,49,6,0,0,55,0,49,6,55
127185,10,7,1,14,17,6,24,31,30,20,41,61
127200,10,7,1,70,57,177,309,127,486,247,366,613
127316,10,7,1,2,1,1,13,3,14,3,14,17
127389,10,7,1,1,1,1,8,2,9,2,9,11
127556,10,7,1,48,72,36,54,120,90,84,126,210
127565,10,7,1,129,183,200,285,312,485,329,468,797
127617,10,7,1,2,12,8,29,14,37,10,41,51
127653,10,7,1,29,45,20,40,74,60,49,85,134
127714,10,7,1,1,0,57,40,1,97,58,40,98
127732,10,7,1,2,11,10,52,13,62,12,63,75
127741,10,7,1,37,79,70,251,116,321,107,330,437
127778,10,7,1,3,14,5,11,17,16,8,25,33
127820,10,7,1,87,114,144,307,201,451,231,421,652
127884,10,7,1,57,66,106,202,123,308,163,268,431
127909,10,7,1,43,32,89,111,75,200,132,143,275
127918,10,7,1,74,162,70,97,236,167,144,259,403
128106,10,7,1,41,88,79,209,129,288,120,297,417
128258,10,7,1,18,15,34,26,33,60,52,41,93
128337,10,7,1,0,1,0,1,1,1,0,2,2
128498,10,7,1,22,64,7,23,86,30,29,87,116
128577,10,7,1,6,4,15,33,10,48,21,37,58
128744,10,7,1,34,73,40,140,107,180,74,213,287
128771,10,7,1,50,40,100,153,90,253,150,193,343
128780,10,7,1,14,46,51,162,60,213,65,208,273
129020,10,7,1,121,126,172,185,247,357,293,311,604
129154,10,7,1,7,17,39,347,24,386,46,364,410
129181,10,7,1,18,2,3,0,20,3,21,2,23
129215,10,7,1,6,5,4,18,11,22,10,23,33
129242,10,7,1,7,18,25,58,25,83,32,76,108
129349,10,7,1,0,5,0,1,5,1,0,6,6
129367,10,7,1,4,18,31,138,22,169,35,156,191
129428,10,7,1,0,0,6,3,0,9,6,3,9
129491,10,7,1,4,2,2,4,6,6,6,6,12
129525,10,7,1,20,32,59,95,52,154,79,127,206
129543,10,7,1,3,25,27,96,28,123,30,121,151
129695,10,7,1,5,20,41,93,25,134,46,113,159
129729,10,7,1,12,17,39,161,29,200,51,178,229
129756,10,7,1,4,12,23,50,16,73,27,62,89
129774,10,7,1,1,0,0,2,1,2,1,2,3
129808,10,7,1,8,10,28,96,18,124,36,106,142
129923,10,7,1,5,13,4,10,18,14,9,23,32
129941,10,7,1,52,48,73,64,100,137,125,112,237
130004,10,7,1,5,13,32,124,18,156,37,137,174
130040,10,7,1,2,8,12,28,10,40,14,36,50
130183,10,7,1,198,844,518,1049,1042,1567,716,1893,2609
130217,10,7,1,2,9,22,50,11,72,24,59,83
130226,10,7,1,16,27,39,89,43,128,55,116,171
130253,10,7,1,22,20,46,158,42,204,68,178,246
130314,10,7,1,8,40,10,57,48,67,18,97,115
130396,10,7,1,13,29,67,195,42,262,80,224,304
130590,10,7,1,0,0,2,1,0,3,2,1,3
130606,10,7,1,5,16,39,89,21,128,44,105,149
130697,10,7,1,3,4,0,3,7,3,3,7,10
130776,10,7,1,6,16,22,67,22,89,28,83,111
130794,10,7,1,173,155,21,17,328,38,194,172,366
130934,10,7,1,24,55,9,20,79,29,33,75,108
130943,10,7,1,124,104,57,71,228,128,181,175,356
130989,10,7,1,4,3,19,19,7,38,23,22,45
131113,10,7,1,84,183,416,786,267,1202,500,969,1469
131399,10,7,1,40,61,45,154,101,199,85,215,300
131450,10,7,1,17,26,10,12,43,22,27,38,65
131469,10,7,1,158,144,434,643,302,1077,592,787,1379
131496,10,7,1,226,161,268,314,387,582,494,475,969
131520,10,7,1,52,98,25,68,150,93,77,166,243
132471,10,7,1,73,144,66,184,217,250,139,328,467
132693,10,7,1,51,76,155,297,127,452,206,373,579
132709,10,7,1,103,139,271,796,242,1067,374,935,1309
132842,10,7,1,5,48,9,36,53,45,14,84,98
132851,10,7,1,24,35,30,102,59,132,54,137,191
132879,10,7,1,0,1,0,1,1,1,0,2,2
132903,10,7,1,197,282,413,710,479,1123,610,992,1602
133021,10,7,1,4,8,5,20,12,25,9,28,37
133386,10,7,1,68,96,84,274,164,358,152,370,522
133492,10,7,1,0,0,1,0,0,1,1,0,1
133508,10,7,1,30,57,84,240,87,324,114,297,411
133553,10,7,1,45,7,12,5,52,17,57,12,69
133650,10,7,1,42,60,14,51,102,65,56,111,167
133702,10,7,1,102,197,269,691,299,960,371,888,1259
133711,10,7,1,12,12,1,0,24,1,13,12,25
133809,10,7,1,0,0,1,0,0,1,1,0,1
133872,10,7,1,13,24,19,58,37,77,32,82,114
133881,10,7,1,56,39,174,356,95,530,230,395,625
133960,10,7,1,14,8,14,36,22,50,28,44,72
134097,10,7,1,162,206,273,446,368,719,435,652,1087
134130,10,7,1,332,297,337,576,629,913,669,873,1542
134343,10,7,1,20,31,32,88,51,120,52,119,171
134495,10,7,1,109,107,178,390,216,568,287,497,784
134608,10,7,1,44,54,135,340,98,475,179,394,573
135160,10,7,1,6,29,28,70,35,98,34,99,133
135188,10,7,1,7,21,21,74,28,95,28,95,123
135391,10,7,1,20,49,70,219,69,289,90,268,358
135407,10,7,1,22,24,0,2,46,2,22,26,48
135610,10,7,1,2,5,0,3,7,3,2,8,10
135717,10,7,1,151,306,406,839,457,1245,557,1145,1702
135726,10,7,1,185,145,51,85,330,136,236,230,466
136109,10,7,1,0,2,0,1,2,1,0,3,3
136145,10,7,1,3,9,3,41,12,44,6,50,56
136172,10,7,1,44,58,86,181,102,267,130,239,369
136233,10,7,1,25,37,52,96,62,148,77,133,210
136330,10,7,1,15,33,22,19,48,41,37,52,89
136358,10,7,1,91,104,212,604,195,816,303,708,1011
136400,10,7,1,23,44,55,131,67,186,78,175,253
136473,10,7,1,44,85,91,196,129,287,135,281,416
136516,10,7,1,27,64,64,206,91,270,91,270,361
136659,10,7,1,1,4,5,0,5,5,6,4,10
136701,10,7,1,10,0,2,0,10,2,12,0,12
136950,10,7,1,7,16,14,21,23,35,21,37,58
137078,10,7,1,144,209,381,820,353,1201,525,1029,1554
137096,10,7,1,36,33,107,188,69,295,143,221,364
137209,10,7,1,52,71,164,344,123,508,216,415,631
137281,10,7,1,7,25,32,108,32,140,39,133,172
137351,10,7,1,213,254,306,592,467,898,519,846,1365
137546,10,7,1,20,26,16,19,46,35,36,45,81
137564,10,7,1,48,61,52,74,109,126,100,135,235
137591,10,7,1,5,10,3,6,15,9,8,16,24
137759,10,7,1,22,32,47,135,54,182,69,167,236
138187,10,7,1,90,189,368,817,279,1185,458,1006,1464
138275,10,7,1,8,3,4,5,11,9,12,8,20
138309,10,7,1,73,455,77,491,528,568,150,946,1096
138354,10,7,1,70,134,200,438,204,638,270,572,842
138558,10,7,1,3,8,9,44,11,53,12,52,64
138600,10,7,1,0,7,0,3,7,3,0,10,10
138682,10,7,1,20,61,36,93,81,129,56,154,210
138716,10,7,1,14,78,29,136,92,165,43,214,257
138761,10,7,1,0,2,2,9,2,11,2,11,13
138840,10,7,1,25,52,65,151,77,216,90,203,293
138929,10,7,1,6,7,6,9,13,15,12,16,28
138938,10,7,1,1,14,2,14,15,16,3,28,31
138947,10,7,1,8,21,4,15,29,19,12,36,48
138956,10,7,1,31,52,64,145,83,209,95,197,292
139144,10,7,1,3,6,0,7,9,7,3,13,16
139199,10,7,1,13,91,18,95,104,113,31,186,217
139205,10,7,1,2,1,5,1,3,6,7,2,9
139250,10,7,1,11,26,8,38,37,46,19,64,83
139278,10,7,1,22,38,52,188,60,240,74,226,300
139311,10,7,1,36,95,44,113,131,157,80,208,288
139357,10,7,1,15,41,30,115,56,145,45,156,201
139366,10,7,1,51,92,134,182,143,316,185,274,459
139384,10,7,1,15,51,52,135,66,187,67,186,253
139393,10,7,1,2,3,0,1,5,1,2,4,6
139463,10,7,1,11,20,28,39,31,67,39,59,98
139506,10,7,1,1,4,0,0,5,0,1,4,5
139621,10,7,1,2,7,4,7,9,11,6,14,20
139658,10,7,1,146,140,48,88,286,136,194,228,422
139700,10,7,1,15,37,20,85,52,105,35,122,157
139719,10,7,1,9,17,5,22,26,27,14,39,53
139755,10,7,1,167,68,1966,537,235,2503,2133,605,2738
139764,10,7,1,9,60,34,71,69,105,43,131,174
139861,10,7,1,11,17,34,63,28,97,45,80,125
139931,10,7,1,70,133,129,307,203,436,199,440,639
139940,10,7,1,195,344,192,379,539,571,387,723,1110
139959,10,7,1,188,227,122,226,415,348,310,453,763
139986,10,7,1,17,64,34,180,81,214,51,244,295
140012,10,7,1,32,56,113,253,88,366,145,309,454
140146,10,7,1,11,3,3,2,14,5,14,5,19
140234,10,7,1,0,11,1,3,11,4,1,14,15
140243,10,7,1,5,30,50,91,35,141,55,121,176
140252,10,7,1,16,27,10,17,43,27,26,44,70
140331,10,7,1,39,60,62,224,99,286,101,284,385
140447,10,7,1,58,187,56,182,245,238,114,369,483
140562,10,7,1,10,10,0,8,20,8,10,18,28
140678,10,7,1,8,15,22,61,23,83,30,76,106
140696,10,7,1,1,0,1,1,1,2,2,1,3
140720,10,7,1,3,1,1,1,4,2,4,2,6
140818,10,7,1,6,32,24,65,38,89,30,97,127
140942,10,7,1,23,30,49,125,53,174,72,155,227
140951,10,7,1,43,48,31,48,91,79,74,96,170
140960,10,7,1,7,10,6,23,17,29,13,33,46
140988,10,7,1,4,13,2,11,17,13,6,24,30
141006,10,7,1,3,18,20,26,21,46,23,44,67
141060,10,7,1,0,0,17,89,0,106,17,89,106
141255,10,7,1,10,38,46,90,48,136,56,128,184
141264,10,7,1,25,107,107,279,132,386,132,386,518
141334,10,7,1,28,78,107,388,106,495,135,466,601
141565,10,7,1,19,30,18,38,49,56,37,68,105
141574,10,7,1,109,146,205,298,255,503,314,444,758
141644,10,7,1,56,43,46,42,99,88,102,85,187
141680,10,7,1,27,13,48,70,40,118,75,83,158
141796,10,7,1,22,31,70,188,53,258,92,219,311
141802,10,7,1,2,6,3,30,8,33,5,36,41
141811,10,7,1,23,31,54,152,54,206,77,183,260
141839,10,7,1,3,16,32,72,19,104,35,88,123
141981,10,7,1,17,40,19,59,57,78,36,99,135
141990,10,7,1,6,18,29,68,24,97,35,86,121
142115,10,7,1,100,156,300,443,256,743,400,599,999
142179,10,7,1,16,17,19,43,33,62,35,60,95
142276,10,7,1,89,131,105,159,220,264,194,290,484
142285,10,7,1,87,96,105,77,183,182,192,173,365
142407,10,7,1,1,3,0,0,4,0,1,3,4
142443,10,7,1,11,26,33,101,37,134,44,127,171
142461,10,7,1,12,29,26,51,41,77,38,80,118
142522,10,7,1,87,121,785,1356,208,2141,872,1477,2349
142559,10,7,1,11,24,44,87,35,131,55,111,166
142832,10,7,1,17,53,26,83,70,109,43,136,179
143118,10,7,1,20,102,36,115,122,151,56,217,273
143215,10,7,1,25,49,83,196,74,279,108,245,353
143279,10,7,1,3,12,30,83,15,113,33,95,128
143288,10,7,1,1,7,0,0,8,0,1,7,8
143358,10,7,1,6,7,15,113,13,128,21,120,141
143376,10,7,1,0,7,0,8,7,8,0,15,15
143613,10,7,1,5,8,3,28,13,31,8,36,44
143853,10,7,1,16,22,0,0,38,0,16,22,38
144050,10,7,1,271,144,148,59,415,207,419,203,622
144157,10,7,1,21,29,27,73,50,100,48,102,150
144166,10,7,1,30,97,61,258,127,319,91,355,446
144175,10,7,1,18,40,26,62,58,88,44,102,146
144184,10,7,1,19,65,170,292,84,462,189,357,546
144193,10,7,1,25,22,83,166,47,249,108,188,296
144209,10,7,1,11,24,38,70,35,108,49,94,143
144218,10,7,1,19,38,136,274,57,410,155,312,467
144351,10,7,1,15,31,209,467,46,676,224,498,722
144564,10,7,1,10,23,33,33,33,66,43,56,99
144740,10,7,1,167,166,165,188,333,353,332,354,686
144865,10,7,1,63,89,255,510,152,765,318,599,917
144883,10,7,1,4,1,0,0,5,0,4,1,5
144892,10,7,1,24,58,63,138,82,201,87,196,283
144944,10,7,1,18,15,97,239,33,336,115,254,369
144962,10,7,1,15,28,29,23,43,52,44,51,95
144971,10,7,1,3,0,2,3,3,5,5,3,8
145099,10,7,1,2,15,0,0,17,0,2,15,17
145336,10,7,1,31,70,32,149,101,181,63,219,282
145372,10,7,1,1,6,12,20,7,32,13,26,39
145521,10,7,1,1,6,12,20,7,32,13,26,39
145558,10,7,1,32,23,1,8,55,9,33,31,64
145600,10,7,1,175,295,194,400,470,594,369,695,1064
145619,10,7,1,3,13,34,113,16,147,37,126,163
145637,10,7,1,448,275,834,574,723,1408,1282,849,2131
145682,10,7,1,11,27,61,166,38,227,72,193,265
145691,10,7,1,1,3,0,2,4,2,1,5,6
145707,10,7,1,3,10,5,10,13,15,8,20,28
145813,10,7,1,44,50,63,151,94,214,107,201,308
145831,10,7,1,4,10,23,42,14,65,27,52,79
145886,10,7,1,3,12,0,1,15,1,3,13,16
146205,10,7,1,10,20,28,59,30,87,38,79,117
146278,10,7,1,10,16,16,35,26,51,26,51,77
146296,10,7,1,18,29,104,207,47,311,122,236,358
146339,10,7,1,10,20,4,5,30,9,14,25,39
146348,10,7,1,8,10,22,57,18,79,30,67,97
146366,10,7,1,9,15,20,43,24,63,29,58,87
146418,10,7,1,10,10,19,55,20,74,29,65,94
146427,10,7,1,0,1,0,0,1,0,0,1,1
146472,10,7,1,20,53,140,370,73,510,160,423,583
146481,10,7,1,2,3,0,1,5,1,2,4,6
146490,10,7,1,0,0,33,27,0,60,33,27,60
146506,10,7,1,7,44,26,49,51,75,33,93,126
146533,10,7,1,0,5,0,1,5,1,0,6,6
146603,10,7,1,4,12,21,63,16,84,25,75,100
146612,10,7,1,28,52,56,122,80,178,84,174,258
146685,10,7,1,14,26,43,143,40,186,57,169,226
146700,10,7,1,22,4,0,0,26,0,22,4,26
146719,10,7,1,95,153,65,149,248,214,160,302,462
147004,10,7,1,7,18,55,139,25,194,62,157,219
147013,10,7,1,8,25,18,59,33,77,26,84,110
147129,10,7,1,1,11,2,21,12,23,3,32,35
147244,10,7,1,3,11,2,10,14,12,5,21,26
147369,10,7,1,28,25,57,38,53,95,85,63,148
147378,10,7,1,5,28,74,158,33,232,79,186,265
147411,10,7,1,1,8,19,63,9,82,20,71,91
147536,10,7,1,52,292,59,366,344,425,111,658,769
147590,10,7,1,11,19,2,8,30,10,13,27,40
147660,10,7,1,6,17,6,7,23,13,12,24,36
147679,10,7,1,4,7,30,70,11,100,34,77,111
147776,10,7,1,39,61,89,188,100,277,128,249,377
147800,10,7,1,9,17,131,260,26,391,140,277,417
147828,10,7,1,6,3,15,81,9,96,21,84,105
147916,10,7,1,14,26,61,109,40,170,75,135,210
148007,10,7,1,8,9,38,83,17,121,46,92,138
148131,10,7,1,2,3,7,17,5,24,9,20,29
148256,10,7,1,10,18,11,20,28,31,21,38,59
148292,10,7,1,3,17,26,65,20,91,29,82,111
148380,10,7,1,24,12,100,130,36,230,124,142,266
148487,10,7,1,15,43,16,66,58,82,31,109,140
148511,10,7,1,28,56,25,118,84,143,53,174,227
148575,10,7,1,0,4,2,25,4,27,2,29,31
148627,10,7,1,6,11,18,47,17,65,24,58,82
148654,10,7,1,46,39,118,127,85,245,164,166,330
148672,10,7,1,3,9,8,28,12,36,11,37,48
148821,10,7,1,4,12,11,23,16,34,15,35,50
148876,10,7,1,7,46,5,25,53,30,12,71,83
148937,10,7,1,4,10,16,23,14,39,20,33,53
148991,10,7,1,0,10,8,18,10,26,8,28,36
149222,10,7,1,106,106,187,145,212,332,293,251,544
149231,10,7,1,44,63,97,225,107,322,141,288,429
149310,10,7,1,7,7,0,0,14,0,7,7,14
149365,10,7,1,7,20,11,69,27,80,18,89,107
149532,10,7,1,25,28,173,252,53,425,198,280,478
149727,10,7,1,8,10,79,185,18,264,87,195,282
149772,10,7,1,43,47,90,141,90,231,133,188,321
149781,10,7,1,16,6,37,37,22,74,53,43,96
149842,10,7,1,9,51,114,321,60,435,123,372,495
150136,10,7,1,26,43,164,379,69,543,190,422,612
150163,10,7,1,6,11,32,72,17,104,38,83,121
150172,10,7,1,3,6,20,20,9,40,23,26,49
150215,10,7,1,9,10,3,5,19,8,12,15,27
150534,10,7,1,10,3,2,3,13,5,12,6,18
150604,10,7,1,1,3,1,0,4,1,2,3,5
150668,10,7,1,1,4,2,10,5,12,3,14,17
150677,10,7,1,4,17,29,10,21,39,33,27,60
150765,10,7,1,1,7,0,0,8,0,1,7,8
150941,10,7,1,0,14,1,10,14,11,1,24,25
150987,10,7,1,210,535,1252,1890,745,3142,1462,2425,3887
151111,10,7,1,155,220,202,374,375,576,357,594,951
151263,10,7,1,8,14,27,92,22,119,35,106,141
151290,10,7,1,37,34,44,41,71,85,81,75,156
151306,10,7,1,25,34,102,183,59,285,127,217,344
151324,10,7,1,43,77,121,210,120,331,164,287,451
151333,10,7,1,5,31,21,46,36,67,26,77,103
151342,10,7,1,19,42,24,79,61,103,43,121,164
151351,10,7,1,297,189,349,307,486,656,646,496,1142
151360,10,7,1,12,33,25,79,45,104,37,112,149
151379,10,7,1,15,17,55,67,32,122,70,84,154
151388,10,7,1,9,43,74,78,52,152,83,121,204
151661,10,7,1,21,7,0,0,28,0,21,7,28
151777,10,7,1,9,7,4,3,16,7,13,10,23
151962,10,7,1,8,23,1,5,31,6,9,28,37
152080,10,7,1,120,60,17,14,180,31,137,74,211
152336,10,7,1,4,34,9,34,38,43,13,68,81
152390,10,7,1,0,1,1,2,1,3,1,3,4
152451,10,7,1,12,0,2,4,12,6,14,4,18
152567,10,7,1,2,9,0,3,11,3,2,12,14
152600,10,7,1,7,11,8,10,18,18,15,21,36
152637,10,7,1,35,40,36,33,75,69,71,73,144
152798,10,7,1,2,11,1,9,13,10,3,20,23
152992,10,7,1,1,0,4,32,1,36,5,32,37
153001,10,7,1,7,54,16,57,61,73,23,111,134
153083,10,7,1,0,4,0,0,4,0,0,4,4
153108,10,7,1,0,1,0,1,1,1,0,2,2
153126,10,7,1,0,4,2,4,4,6,2,8,10
153144,10,7,1,1,0,1,0,1,1,2,0,2
153162,10,7,1,0,1,0,0,1,0,0,1,1
153214,10,7,1,54,77,179,283,131,462,233,360,593
153241,10,7,1,1,14,0,2,15,2,1,16,17
153250,10,7,1,0,1,8,24,1,32,8,25,33
153269,10,7,1,13,12,57,121,25,178,70,133,203
153302,10,7,1,0,0,1,0,0,1,1,0,1
153311,10,7,1,21,50,30,130,71,160,51,180,231
153366,10,7,1,4,29,10,36,33,46,14,65,79
153445,10,7,1,19,29,17,40,48,57,36,69,105
153472,10,7,1,9,17,7,22,26,29,16,39,55
153524,10,7,1,20,39,29,53,59,82,49,92,141
153533,10,7,1,7,4,6,13,11,19,13,17,30
153621,10,7,1,1,5,2,2,6,4,3,7,10
153630,10,7,1,13,29,18,78,42,96,31,107,138
153658,10,7,1,145,156,239,261,301,500,384,417,801
153737,10,7,1,32,44,83,181,76,264,115,225,340
153825,10,7,1,2,9,1,5,11,6,3,14,17
154004,10,7,1,1,11,23,121,12,144,24,132,156
154013,10,7,1,6,22,10,29,28,39,16,51,67
154110,10,7,1,5,12,13,57,17,70,18,69,87
154174,10,7,1,32,11,2,1,43,3,34,12,46
154235,10,7,1,7,14,21,14,21,35,28,28,56
154262,10,7,1,0,2,2,7,2,9,2,9,11
154350,10,7,1,4,4,6,3,8,9,10,7,17
154396,10,7,1,1,18,5,19,19,24,6,37,43
154493,10,7,1,41,112,79,121,153,200,120,233,353
154527,10,7,1,0,3,0,2,3,2,0,5,5
154572,10,7,1,19,28,17,86,47,103,36,114,150
154697,10,7,1,19,39,85,132,58,217,104,171,275
154712,10,7,1,2,1,1,3,3,4,3,4,7
154749,10,7,1,0,2,0,0,2,0,0,2,2
154800,10,7,1,15,37,76,132,52,208,91,169,260
154907,10,7,1,4,10,5,24,14,29,9,34,43
154925,10,7,1,5,13,6,7,18,13,11,20,31
154934,10,7,1,13,6,10,24,19,34,23,30,53
154952,10,7,1,17,11,15,43,28,58,32,54,86
154998,10,7,1,6,4,5,11,10,16,11,15,26
155025,10,7,1,39,68,83,229,107,312,122,297,419
155052,10,7,1,2,7,2,8,9,10,4,15,19
155089,10,7,1,4,13,25,32,17,57,29,45,74
155098,10,7,1,8,14,2,9,22,11,10,23,33
155104,10,7,1,2,10,5,21,12,26,7,31,38
155140,10,7,1,6,7,1,2,13,3,7,9,16
155177,10,7,1,0,5,1,2,5,3,1,7,8
155195,10,7,1,19,24,60,123,43,183,79,147,226
155210,10,7,1,43,53,165,257,96,422,208,310,518
155292,10,7,1,19,31,52,114,50,166,71,145,216
155317,10,7,1,210,206,151,231,416,382,361,437,798
155399,10,7,1,102,117,175,283,219,458,277,400,677
155414,10,7,1,1,0,0,3,1,3,1,3,4
155423,10,7,1,16,7,3,9,23,12,19,16,35
155487,10,7,1,4,10,0,1,14,1,4,11,15
155511,10,7,1,3,0,1,0,3,1,4,0,4
155566,10,7,1,0,9,6,25,9,31,6,34,40
155618,10,7,1,1,1,2,6,2,8,3,7,10
155715,10,7,1,3,4,8,21,7,29,11,25,36
155812,10,7,1,11,6,10,18,17,28,21,24,45
155858,10,7,1,3,8,5,28,11,33,8,36,44
155900,10,7,1,5,4,89,38,9,127,94,42,136
155973,10,7,1,0,0,2,4,0,6,2,4,6
156082,10,7,1,25,64,23,78,89,101,48,142,190
156107,10,7,1,54,28,27,80,82,107,81,108,189
156125,10,7,1,81,154,165,300,235,465,246,454,700
156213,10,7,1,5,7,27,39,12,66,32,46,78
156231,10,7,1,11,36,20,44,47,64,31,80,111
156286,10,7,1,10,4,24,34,14,58,34,38,72
156295,10,7,1,1,0,0,0,1,0,1,0,1
156338,10,7,1,29,21,32,67,50,99,61,88,149
156356,10,7,1,2,21,4,5,23,9,6,26,32
156392,10,7,1,47,74,112,185,121,297,159,259,418
156426,10,7,1,2,2,1,1,4,2,3,3,6
156541,10,7,1,153,404,603,661,557,1264,756,1065,1821
156620,10,7,1,89,159,171,234,248,405,260,393,653
156648,10,7,1,29,51,76,96,80,172,105,147,252
156745,10,7,1,0,0,8,36,0,44,8,36,44
156790,10,7,1,14,27,20,32,41,52,34,59,93
156842,10,7,1,0,4,0,2,4,2,0,6,6
156851,10,7,1,3,14,12,32,17,44,15,46,61
156860,10,7,1,8,25,16,54,33,70,24,79,103
156921,10,7,1,47,55,134,212,102,346,181,267,448
157030,10,7,1,1,0,2,0,1,2,3,0,3
157058,10,7,1,2,9,3,6,11,9,5,15,20
157076,10,7,1,1,8,0,1,9,1,1,9,10
157085,10,7,1,174,314,124,288,488,412,298,602,900
157216,10,7,1,24,63,16,56,87,72,40,119,159
157289,10,7,1,198,207,211,270,405,481,409,477,886
157304,10,7,1,15,35,103,81,50,184,118,116,234
157331,10,7,1,15,32,14,63,47,77,29,95,124
157386,10,7,1,21,40,25,76,61,101,46,116,162
157401,10,7,1,24,53,81,122,77,203,105,175,280
157438,10,7,1,22,26,48,82,48,130,70,108,178
157447,10,7,1,54,154,228,582,208,810,282,736,1018
157483,10,7,1,19,37,101,89,56,190,120,126,246
157535,10,7,1,10,17,1,1,27,2,11,18,29
157553,10,7,1,9,38,7,36,47,43,16,74,90
157614,10,7,1,0,1,0,1,1,1,0,2,2
157650,10,7,1,1,4,0,3,5,3,1,7,8
157669,10,7,1,0,4,0,0,4,0,0,4,4
157678,10,7,1,0,8,0,0,8,0,0,8,8
157711,10,7,1,42,59,42,97,101,139,84,156,240
157739,10,7,1,11,36,21,60,47,81,32,96,128
157757,10,7,1,16,52,9,31,68,40,25,83,108
157951,10,7,1,42,82,141,192,124,333,183,274,457
158662,10,7,1,77,183,193,631,260,824,270,814,1084
158802,10,7,1,3,7,0,3,10,3,3,10,13
158884,10,7,1,12,30,19,68,42,87,31,98,129
159197,10,7,1,22,9,0,0,31,0,22,9,31
159382,10,7,1,30,113,42,134,143,176,72,247,319
159391,10,7,1,158,194,157,201,352,358,315,395,710
159407,10,7,1,5,30,13,60,35,73,18,90,108
159647,10,7,1,33,32,25,29,65,54,58,61,119
159656,10,7,1,18,29,21,50,47,71,39,79,118
159717,10,7,1,16,59,12,80,75,92,28,139,167
159939,10,7,1,82,72,78,91,154,169,160,163,323
159966,10,7,1,17,44,18,67,61,85,35,111,146
159993,10,7,1,23,80,33,187,103,220,56,267,323
160010,10,7,1,13,3,9,41,16,50,22,44,66
160472,10,7,1,2,3,0,1,5,1,2,4,6
160579,10,7,1,26,31,25,62,57,87,51,93,144
160612,10,7,1,14,49,17,101,63,118,31,150,181
160621,10,7,1,22,67,33,90,89,123,55,157,212
160630,10,7,1,12,84,10,32,96,42,22,116,138
160649,10,7,1,17,76,7,87,93,94,24,163,187
160658,10,7,1,73,106,132,248,179,380,205,354,559
160667,10,7,1,26,42,10,24,68,34,36,66,102
160755,10,7,1,63,99,123,208,162,331,186,307,493
160904,10,7,1,5,15,2,7,20,9,7,22,29
160977,10,7,1,1,0,0,0,1,0,1,0,1
161077,10,7,1,11,25,21,82,36,103,32,107,139
161138,10,7,1,7,15,18,50,22,68,25,65,90
161192,10,7,1,7,21,30,73,28,103,37,94,131
161208,10,7,1,3,1,0,0,4,0,3,1,4
161217,10,7,1,38,66,98,202,104,300,136,268,404
161226,10,7,1,5,7,6,35,12,41,11,42,53
161235,10,7,1,2,11,6,43,13,49,8,54,62
161253,10,7,1,39,60,135,197,99,332,174,257,431
161299,10,7,1,6,0,2,1,6,3,8,1,9
161341,10,7,1,16,35,26,49,51,75,42,84,126
161457,10,7,1,46,143,40,102,189,142,86,245,331
161484,10,7,1,9,9,9,17,18,26,18,26,44
161493,10,7,1,0,2,0,1,2,1,0,3,3
161509,10,7,1,3,2,0,1,5,1,3,3,6
161545,10,7,1,25,28,84,140,53,224,109,168,277
161554,10,7,1,35,66,74,200,101,274,109,266,375
161572,10,7,1,83,215,16,26,298,42,99,241,340
161581,10,7,1,3,10,3,25,13,28,6,35,41
161688,10,7,1,4,11,13,116,15,129,17,127,144
161767,10,7,1,27,44,92,318,71,410,119,362,481
161864,10,7,1,11,39,57,257,50,314,68,296,364
161873,10,7,1,46,73,85,134,119,219,131,207,338
162104,10,7,1,1,6,12,37,7,49,13,43,56
162122,10,7,1,14,38,33,133,52,166,47,171,218
162168,10,7,1,2,4,11,37,6,48,13,41,54
162210,10,7,1,2,15,5,14,17,19,7,29,36
162283,10,7,1,10,51,7,48,61,55,17,99,116
162584,10,7,1,11,16,26,68,27,94,37,84,121
162654,10,7,1,0,2,15,73,2,88,15,75,90
162690,10,7,1,10,12,28,99,22,127,38,111,149
162706,10,7,1,1,13,39,110,14,149,40,123,163
162830,10,7,1,0,2,0,0,2,0,0,2,2
163028,10,7,1,15,3,17,0,18,17,32,3,35
163204,10,7,1,576,534,3628,2671,1110,6299,4204,3205,7409
163259,10,7,1,80,171,75,242,251,317,155,413,568
163268,10,7,1,63,66,87,106,129,193,150,172,322
163286,10,7,1,260,266,125,147,526,272,385,413,798
163295,10,7,1,9,4,17,37,13,54,26,41,67
163338,10,7,1,14,14,24,29,28,53,38,43,81
163453,10,7,1,102,150,37,45,252,82,139,195,334
163462,10,7,1,17,6,18,23,23,41,35,29,64
163578,10,7,1,9,30,21,99,39,120,30,129,159
163851,10,7,1,5,57,10,34,62,44,15,91,106
163912,10,7,1,2,2,0,0,4,0,2,2,4
163976,10,7,1,4,1,7,1,5,8,11,2,13
164076,10,7,1,53,70,75,215,123,290,128,285,413
164085,10,7,1,2,9,4,84,11,88,6,93,99
164216,10,7,1,0,2,0,0,2,0,0,2,2
164270,10,7,1,16,40,21,73,56,94,37,113,150
164313,10,7,1,8,6,17,96,14,113,25,102,127
164465,10,7,1,3,0,0,0,3,0,3,0,3
164492,10,7,1,11,7,61,7,18,68,72,14,86
164599,10,7,1,0,0,1,3,0,4,1,3,4
164632,10,7,1,4,79,6,163,83,169,10,242,252
164739,10,7,1,12,7,20,34,19,54,32,41,73
164775,10,7,1,4,16,15,66,20,81,19,82,101
164845,10,7,1,0,5,0,3,5,3,0,8,8
164872,10,7,1,22,21,4,5,43,9,26,26,52
164915,10,7,1,4,1,4,12,5,16,8,13,21
164988,10,7,1,197,208,517,441,405,958,714,649,1363
165015,10,7,1,61,43,15,33,104,48,76,76,152
165024,10,7,1,16,32,57,125,48,182,73,157,230
165033,10,7,1,14,49,69,194,63,263,83,243,326
165112,10,7,1,21,31,136,293,52,429,157,324,481
165167,10,7,1,11,47,45,215,58,260,56,262,318
165194,10,7,1,2,16,29,110,18,139,31,126,157
165264,10,7,1,0,11,18,151,11,169,18,162,180
165334,10,7,1,24,29,12,8,53,20,36,37,73
165556,10,7,1,1,10,1,3,11,4,2,13,15
165662,10,7,1,9,69,10,46,78,56,19,115,134
165671,10,7,1,0,2,6,15,2,21,6,17,23
165820,10,7,1,26,49,175,355,75,530,201,404,605
165866,10,7,1,8,13,51,121,21,172,59,134,193
165936,10,7,1,8,10,14,22,18,36,22,32,54
165945,10,7,1,17,8,91,45,25,136,108,53,161
165981,10,7,1,6,16,28,48,22,76,34,64,98
166018,10,7,1,1,0,0,0,1,0,1,0,1
166027,10,7,1,371,308,724,794,679,1518,1095,1102,2197
166133,10,7,1,8,26,30,131,34,161,38,157,195
166391,10,7,1,0,4,18,14,4,32,18,18,36
166513,10,7,1,122,88,352,318,210,670,474,406,880
166629,10,7,1,71,115,413,450,186,863,484,565,1049
166647,10,7,1,8,16,50,135,24,185,58,151,209
166674,10,7,1,7,10,3,13,17,16,10,23,33
166683,10,7,1,157,88,23,6,245,29,180,94,274
166708,10,7,1,21,29,2,14,50,16,23,43,66
166717,10,7,1,12,16,8,23,28,31,20,39,59
166823,10,7,1,21,21,58,192,42,250,79,213,292
166850,10,7,1,21,40,14,33,61,47,35,73,108
166887,10,7,1,14,22,67,188,36,255,81,210,291
166939,10,7,1,0,7,3,19,7,22,3,26,29
166957,10,7,1,10,20,30,136,30,166,40,156,196
167093,10,7,1,8,7,0,0,15,0,8,7,15
167288,10,7,1,10,9,8,12,19,20,18,21,39
167312,10,7,1,12,21,47,183,33,230,59,204,263
167358,10,7,1,134,141,47,52,275,99,181,193,374
167376,10,7,1,6,10,36,133,16,169,42,143,185
167394,10,7,1,6,36,10,39,42,49,16,75,91
167534,10,7,1,14,66,66,248,80,314,80,314,394
167598,10,7,1,7,39,22,269,46,291,29,308,337
167729,10,7,1,21,48,51,120,69,171,72,168,240
167783,10,7,1,24,93,39,286,117,325,63,379,442
167835,10,7,1,6,25,1,6,31,7,7,31,38
167871,10,7,1,0,9,2,3,9,5,2,12,14
167905,10,7,1,16,39,58,110,55,168,74,149,223
167987,10,7,1,31,44,90,132,75,222,121,176,297
168005,10,7,1,18,21,41,53,39,94,59,74,133
168148,10,7,1,101,110,70,70,211,140,171,180,351
168227,10,7,1,3,2,12,4,5,16,15,6,21
168254,10,7,1,11,15,12,18,26,30,23,33,56
168342,10,7,1,5,5,0,0,10,0,5,5,10
168421,10,7,1,13,6,68,30,19,98,81,36,117
168430,10,7,1,12,17,30,81,29,111,42,98,140
168528,10,7,1,3,1,0,3,4,3,3,4,7
168591,10,7,1,2,3,1,0,5,1,3,3,6
168607,10,7,1,3,5,15,20,8,35,18,25,43
168740,10,7,1,52,16,116,61,68,177,168,77,245
168786,10,7,1,0,3,1,16,3,17,1,19,20
168847,10,7,1,29,66,65,202,95,267,94,268,362
168892,10,7,1,1,2,1,5,3,6,2,7,9
169099,10,7,1,24,2,6,7,26,13,30,9,39
169248,10,7,1,47,65,150,297,112,447,197,362,559
169275,10,7,1,27,48,54,210,75,264,81,258,339
169284,10,7,1,0,6,0,2,6,2,0,8,8
169424,10,7,1,3,3,0,0,6,0,3,3,6
169442,10,7,1,3,4,2,3,7,5,5,7,12
169503,10,7,1,1,8,0,0,9,0,1,8,9
169521,10,7,1,24,51,125,238,75,363,149,289,438
169576,10,7,1,0,9,0,0,9,0,0,9,9
169655,10,7,1,68,4,0,0,72,0,68,4,72
169716,10,7,1,29,27,20,43,56,63,49,70,119
169798,10,7,1,54,70,154,263,124,417,208,333,541
169910,10,7,1,23,41,83,127,64,210,106,168,274
169992,10,7,1,2,4,5,18,6,23,7,22,29
170000,10,7,1,20,48,19,17,68,36,39,65,104
170055,10,7,1,21,21,217,285,42,502,238,306,544
170082,10,7,1,49,64,92,170,113,262,141,234,375
170240,10,7,1,24,65,121,215,89,336,145,280,425
170286,10,7,1,3,0,3,1,3,4,6,1,7
170550,10,7,1,9,17,42,154,26,196,51,171,222
170587,10,7,1,8,20,23,36,28,59,31,56,87
170639,10,7,1,4,6,6,9,10,15,10,15,25
170657,10,7,1,25,37,157,231,62,388,182,268,450
170675,10,7,1,7,2,44,20,9,64,51,22,73
170790,10,7,1,34,75,238,391,109,629,272,466,738
170806,10,7,1,6,28,9,51,34,60,15,79,94
170976,10,7,1,306,271,168,116,577,284,474,387,861
171100,10,7,1,207,196,135,194,403,329,342,390,732
171137,10,7,1,15,33,111,70,48,181,126,103,229
171146,10,7,1,39,99,74,151,138,225,113,250,363
171155,10,7,1,10,20,20,66,30,86,30,86,116
171225,10,7,1,5,9,26,57,14,83,31,66,97
171304,10,7,1,8,11,55,99,19,154,63,110,173
171456,10,7,1,21,23,32,61,44,93,53,84,137
171483,10,7,1,12,17,41,78,29,119,53,95,148
171492,10,7,1,19,11,75,48,30,123,94,59,153
171571,10,7,1,77,119,113,172,196,285,190,291,481
172200,10,7,1,17,29,92,260,46,352,109,289,398
172291,10,7,1,9,35,23,66,44,89,32,101,133
172307,10,7,1,6,13,13,42,19,55,19,55,74
172334,10,7,1,20,152,12,41,172,53,32,193,225
172422,10,7,1,1,0,0,0,1,0,1,0,1
172617,10,7,1,44,51,193,318,95,511,237,369,606
172644,10,7,1,140,206,159,297,346,456,299,503,802
172680,10,7,1,0,1,0,1,1,1,0,2,2
172699,10,7,1,66,64,108,166,130,274,174,230,404
173045,10,7,1,27,43,13,32,70,45,40,75,115
173142,10,7,1,2,1,1,2,3,3,3,3,6
173160,10,7,1,9,33,59,74,42,133,68,107,175
173258,10,7,1,0,0,2,0,0,2,2,0,2
173300,10,7,1,0,0,3,11,0,14,3,11,14
173452,10,7,1,2,0,14,22,2,36,16,22,38
173665,10,7,1,1,5,40,85,6,125,41,90,131
173683,10,7,1,3,1,0,8,4,8,3,9,12
173896,10,7,1,28,16,4,6,44,10,32,22,54
174066,10,7,1,254,282,386,493,536,879,640,775,1415
174075,10,7,1,13,25,48,45,38,93,61,70,131
174127,10,7,1,5,2,2,9,7,11,7,11,18
174233,10,7,1,18,19,23,24,37,47,41,43,84
174251,10,7,1,0,1,0,1,1,1,0,2,2
174491,10,7,1,2,4,5,13,6,18,7,17,24
174507,10,7,1,5,21,3,13,26,16,8,34,42
174747,10,7,1,0,2,0,1,2,1,0,3,3
174792,10,7,1,12,3,4,1,15,5,16,4,20
174899,10,7,1,29,104,16,80,133,96,45,184,229
174914,10,7,1,34,36,136,152,70,288,170,188,358
174978,10,7,1,0,4,0,4,4,4,0,8,8
175005,10,7,1,8,59,21,157,67,178,29,216,245
175014,10,7,1,45,168,45,136,213,181,90,304,394
175120,10,7,1,24,17,0,0,41,0,24,17,41
175227,10,7,1,25,3,14,5,28,19,39,8,47
175421,10,7,1,18,30,62,291,48,353,80,321,401
175430,10,7,1,1,2,0,3,3,3,1,5,6
175573,10,7,1,6,24,3,15,30,18,9,39,48
175616,10,7,1,5,21,24,44,26,68,29,65,94
175652,10,7,1,9,26,1,37,35,38,10,63,73
175786,10,7,1,37,106,43,151,143,194,80,257,337
175810,10,7,1,14,100,14,80,114,94,28,180,208
175829,10,7,1,10,24,15,29,34,44,25,53,78
175856,10,7,1,58,139,59,174,197,233,117,313,430
175883,10,7,1,12,34,5,31,46,36,17,65,82
175935,10,7,1,17,62,2,38,79,40,19,100,119
175980,10,7,1,0,2,0,0,2,0,0,2,2
176008,10,7,1,1,21,5,16,22,21,6,37,43
176017,10,7,1,84,124,71,149,208,220,155,273,428
176035,10,7,1,4,60,7,20,64,27,11,80,91
176044,10,7,1,4,20,12,16,24,28,16,36,52
176053,10,7,1,20,61,8,59,81,67,28,120,148
176080,10,7,1,80,118,193,216,198,409,273,334,607
176178,10,7,1,13,41,12,38,54,50,25,79,104
176239,10,7,1,15,97,12,51,112,63,27,148,175
176318,10,7,1,6,10,1,4,16,5,7,14,21
176372,10,7,1,79,177,162,314,256,476,241,491,732
176433,10,7,1,1,1,0,0,2,0,1,1,2
176451,10,7,1,5,1,15,6,6,21,20,7,27
176479,10,7,1,62,193,28,136,255,164,90,329,419
176600,10,7,1,2,1,0,0,3,0,2,1,3
176628,10,7,1,6,25,6,15,31,21,12,40,52
176947,10,7,1,0,0,0,1,0,1,0,1,1
176965,10,7,1,36,46,101,200,82,301,137,246,383
176983,10,7,1,1,0,0,0,1,0,1,0,1
177038,10,7,1,2,10,0,0,12,0,2,10,12
177126,10,7,1,20,12,37,19,32,56,57,31,88
177135,10,7,1,13,20,18,50,33,68,31,70,101
177144,10,7,1,1,6,0,3,7,3,1,9,10
177214,10,7,1,1,2,8,22,3,30,9,24,33
177250,10,7,1,9,11,19,45,20,64,28,56,84
177302,10,7,1,38,3,0,0,41,0,38,3,41
177418,10,7,1,3,7,6,16,10,22,9,23,32
177472,10,7,1,44,67,108,197,111,305,152,264,416
177676,10,7,1,14,24,17,68,38,85,31,92,123
177685,10,7,1,0,2,0,0,2,0,0,2,2
177940,10,7,1,7,8,8,16,15,24,15,24,39
177977,10,7,1,6,3,6,1,9,7,12,4,16
177986,10,7,1,22,22,33,49,44,82,55,71,126
177995,10,7,1,36,48,136,298,84,434,172,346,518
178059,10,7,1,40,95,207,732,135,939,247,827,1074
178217,10,7,1,7,18,8,22,25,30,15,40,55
178341,10,7,1,16,43,23,49,59,72,39,92,131
178369,10,7,1,1,7,1,3,8,4,2,10,12
178387,10,7,1,6,14,10,29,20,39,16,43,59
178396,10,7,1,143,176,174,353,319,527,317,529,846
178402,10,7,1,71,85,139,198,156,337,210,283,493
178411,10,7,1,46,21,72,13,67,85,118,34,152
178420,10,7,1,63,100,159,226,163,385,222,326,548
178448,10,7,1,8,23,19,51,31,70,27,74,101
178615,10,7,1,1,7,8,20,8,28,9,27,36
178624,10,7,1,23,72,103,243,95,346,126,315,441
178679,10,7,1,1,1,11,6,2,17,12,7,19
178697,10,7,1,0,0,1,0,0,1,1,0,1
178721,10,7,1,137,130,438,285,267,723,575,415,990
178891,10,7,1,18,7,32,4,25,36,50,11,61
178989,10,7,1,3,6,0,12,9,12,3,18,21
179043,10,7,1,5,37,18,41,42,59,23,78,101
179308,10,7,1,31,87,137,456,118,593,168,543,711
179326,10,7,1,11,14,15,63,25,78,26,77,103
179344,10,7,1,4,9,4,17,13,21,8,26,34
179539,10,7,1,5,37,19,44,42,63,24,81,105
179557,10,7,1,30,47,39,90,77,129,69,137,206
179566,10,7,1,64,117,158,283,181,441,222,400,622
179645,10,7,1,11,61,10,45,72,55,21,106,127
179715,10,7,1,0,15,7,41,15,48,7,56,63
179812,10,7,1,17,6,1,0,23,1,18,6,24
179867,10,7,1,116,109,94,159,225,253,210,268,478
179894,10,7,1,81,65,229,303,146,532,310,368,678
179946,10,7,1,2,1,0,0,3,0,2,1,3
180081,10,7,1,3,1,1,4,4,5,4,5,9
180106,10,7,1,4,4,0,2,8,2,4,6,10
180151,10,7,1,2,6,1,5,8,6,3,11,14
180179,10,7,1,25,61,30,95,86,125,55,156,211
180197,10,7,1,8,9,18,43,17,61,26,52,78
180249,10,7,1,13,26,4,29,39,33,17,55,72
180258,10,7,1,8,24,15,45,32,60,23,69,92
180276,10,7,1,4,10,8,19,14,27,12,29,41
180416,10,7,1,20,9,19,14,29,33,39,23,62
180461,10,7,1,35,72,80,105,107,185,115,177,292
180522,10,7,1,4,8,15,8,12,23,19,16,35
180595,10,7,1,3,9,1,0,12,1,4,9,13
180647,10,7,1,11,36,3,4,47,7,14,40,54
180692,10,7,1,4,14,4,33,18,37,8,47,55
180814,10,7,1,549,675,344,464,1224,808,893,1139,2032
180902,10,7,1,11,16,52,150,27,202,63,166,229
180948,10,7,1,14,32,26,59,46,85,40,91,131
181002,10,7,1,35,70,58,97,105,155,93,167,260
181020,10,7,1,25,51,19,81,76,100,44,132,176
181127,10,7,1,1,0,0,0,1,0,1,0,1
181145,10,7,1,0,1,0,0,1,0,0,1,1
181190,10,7,1,0,4,0,0,4,0,0,4,4
181215,10,7,1,16,57,71,167,73,238,87,224,311
181297,10,7,1,11,65,2,17,76,19,13,82,95
181303,10,7,1,51,67,195,226,118,421,246,293,539
181312,10,7,1,7,4,10,32,11,42,17,36,53
181330,10,7,1,3,11,6,30,14,36,9,41,50
181394,10,7,1,71,124,200,244,195,444,271,368,639
181428,10,7,1,29,71,47,93,100,140,76,164,240
181446,10,7,1,2,7,5,29,9,34,7,36,43
181464,10,7,1,98,72,186,167,170,353,284,239,523
181491,10,7,1,5,23,139,52,28,191,144,75,219
181604,10,7,1,1,28,2,12,29,14,3,40,43
181640,10,7,1,23,37,98,131,60,229,121,168,289
181738,10,7,1,4,3,1,6,7,7,5,9,14
181783,10,7,1,8,28,35,88,36,123,43,116,159
181817,10,7,1,3,10,10,22,13,32,13,32,45
182005,10,7,1,123,178,478,715,301,1193,601,893,1494
182281,10,7,1,190,305,249,350,495,599,439,655,1094
182290,10,7,1,83,101,163,258,184,421,246,359,605
182306,10,7,1,11,35,40,134,46,174,51,169,220
182500,10,7,1,45,36,156,173,81,329,201,209,410
182564,10,7,1,12,14,79,72,26,151,91,86,177
182670,10,7,1,31,35,3,2,66,5,34,37,71
182704,10,7,1,0,1,0,1,1,1,0,2,2
182722,10,7,1,3,8,0,4,11,4,3,12,15
182829,10,7,1,12,11,19,16,23,35,31,27,58
182980,10,7,1,66,43,6,8,109,14,72,51,123
183026,10,7,1,1634,2810,5849,11111,4444,16960,7483,13921,21404
183044,10,7,1,47,54,56,72,101,128,103,126,229
183062,10,7,1,7,4,9,12,11,21,16,16,32
183071,10,7,1,1,5,4,1,6,5,5,6,11
183080,10,7,1,0,12,17,41,12,58,17,53,70
183202,10,7,1,0,2,0,1,2,1,0,3,3
183257,10,7,1,18,50,40,83,68,123,58,133,191
183488,10,7,1,3,32,0,22,35,22,3,54,57
183655,10,7,1,13,26,49,142,39,191,62,168,230
183743,10,7,1,29,73,71,178,102,249,100,251,351
183789,10,7,1,17,83,13,89,100,102,30,172,202
183822,10,7,1,5,10,1,3,15,4,6,13,19
183859,10,7,1,21,24,52,153,45,205,73,177,250
183910,10,7,1,0,11,8,22,11,30,8,33,41
183938,10,7,1,28,56,77,260,84,337,105,316,421
184056,10,7,1,3,21,1,17,24,18,4,38,42
184180,10,7,1,12,14,44,81,26,125,56,95,151
184205,10,7,1,7,23,20,76,30,96,27,99,126
184427,10,7,1,2,0,1,0,2,1,3,0,3
184481,10,7,1,24,85,61,183,109,244,85,268,353
184506,10,7,1,1,1,0,3,2,3,1,4,5
184603,10,7,1,26,26,76,169,52,245,102,195,297
184612,10,7,1,9,29,14,44,38,58,23,73,96
184694,10,7,1,13,14,4,11,27,15,17,25,42
184773,10,7,1,5,24,12,38,29,50,17,62,79
184782,10,7,1,43,73,100,244,116,344,143,317,460
184791,10,7,1,5,30,23,74,35,97,28,104,132
184816,10,7,1,0,0,0,3,0,3,0,3,3
184959,10,7,1,5,20,10,37,25,47,15,57,72
184995,10,7,1,29,109,56,210,138,266,85,319,404
185262,10,7,1,42,133,55,180,175,235,97,313,410
185396,10,7,1,18,2,15,0,20,15,33,2,35
185509,10,7,1,14,24,59,132,38,191,73,156,229
185536,10,7,1,9,45,48,164,54,212,57,209,266
185572,10,7,1,6,12,16,73,18,89,22,85,107
185590,10,7,1,34,84,136,262,118,398,170,346,516
185721,10,7,1,4,16,6,15,20,21,10,31,41
185758,10,7,1,2,1,6,3,3,9,8,4,12
185828,10,7,1,57,40,102,53,97,155,159,93,252
185873,10,7,1,23,25,31,115,48,146,54,140,194
186016,10,7,1,0,9,0,19,9,19,0,28,28
186034,10,7,1,13,37,46,160,50,206,59,197,256
186131,10,7,1,54,58,0,1,112,1,54,59,113
186201,10,7,1,5,23,18,37,28,55,23,60,83
186283,10,7,1,8,12,26,53,20,79,34,65,99
186371,10,7,1,48,92,78,143,140,221,126,235,361
186380,10,7,1,153,280,267,574,433,841,420,854,1274
186399,10,7,1,80,83,153,199,163,352,233,282,515
186405,10,7,1,1,1,0,0,2,0,1,1,2
186432,10,7,1,28,27,28,31,55,59,56,58,114
186469,10,7,1,3,13,3,34,16,37,6,47,53
186584,10,7,1,25,28,82,144,53,226,107,172,279
186618,10,7,1,3,8,4,20,11,24,7,28,35
186645,10,7,1,8,7,75,87,15,162,83,94,177
186867,10,7,1,42,27,113,43,69,156,155,70,225
186876,10,7,1,17,79,23,58,96,81,40,137,177
187046,10,7,1,5,7,869,517,12,1386,874,524,1398
187134,10,7,1,0,8,11,38,8,49,11,46,57
187198,10,7,1,15,54,58,294,69,352,73,348,421
187444,10,7,1,35,103,106,318,138,424,141,421,562
187532,10,7,1,93,140,332,742,233,1074,425,882,1307
187620,10,7,1,31,39,60,129,70,189,91,168,259
187639,10,7,1,10,22,21,58,32,79,31,80,111
187648,10,7,1,31,83,82,192,114,274,113,275,388
187897,10,7,1,24,109,25,120,133,145,49,229,278
187958,10,7,1,12,13,20,55,25,75,32,68,100
187967,10,7,1,10,13,14,14,23,28,24,27,51
187976,10,7,1,1,0,21,29,1,50,22,29,51
187985,10,7,1,161,223,301,441,384,742,462,664,1126
187994,10,7,1,11,6,12,34,17,46,23,40,63
188003,10,7,1,1,7,9,39,8,48,10,46,56
188021,10,7,1,4,6,14,30,10,44,18,36,54
188030,10,7,1,110,146,124,223,256,347,234,369,603
188049,10,7,1,1,2,20,48,3,68,21,50,71
188100,10,7,1,31,69,73,214,100,287,104,283,387
188137,10,7,1,13,17,53,129,30,182,66,146,212
188207,10,7,1,3,12,2,8,15,10,5,20,25
188225,10,7,1,5,4,12,29,9,41,17,33,50
188261,10,7,1,1,4,50,10,5,60,51,14,65
188340,10,7,1,18,1,16,1,19,17,34,2,36
188429,10,7,1,22,56,32,103,78,135,54,159,213
188438,10,7,1,13,10,17,45,23,62,30,55,85
188517,10,7,1,3,6,0,2,9,2,3,8,11
188641,10,7,1,7,16,11,32,23,43,18,48,66
189219,10,7,1,20,0,0,0,20,0,20,0,20
189228,10,7,1,32,53,15,51,85,66,47,104,151
189282,10,7,1,6,14,2,3,20,5,8,17,25
189547,10,7,1,17,38,21,60,55,81,38,98,136
189565,10,7,1,4,25,1,8,29,9,5,33,38
189583,10,7,1,3,26,5,17,29,22,8,43,51
189592,10,7,1,3,22,1,3,25,4,4,25,29
189705,10,7,1,12,4,15,20,16,35,27,24,51
189839,10,7,1,3,14,25,40,17,65,28,54,82
190044,10,7,1,19,10,25,17,29,42,44,27,71
190053,10,7,1,1,10,7,14,11,21,8,24,32
190071,10,7,1,1,4,0,19,5,19,1,23,24
190169,10,7,1,7,11,17,35,18,52,24,46,70
190239,10,7,1,0,5,0,3,5,3,0,8,8
190372,10,7,1,1,1,0,0,2,0,1,1,2
190415,10,7,1,279,180,66,55,459,121,345,235,580
190424,10,7,1,21,23,4,6,44,10,25,29,54
190442,10,7,1,9,12,12,33,21,45,21,45,66
190503,10,7,1,34,16,10,8,50,18,44,24,68
190761,10,7,1,6,29,2,20,35,22,8,49,57
190840,10,7,1,9,15,25,71,24,96,34,86,120
191083,10,7,1,54,86,64,99,140,163,118,185,303
191126,10,7,1,16,27,6,36,43,42,22,63,85
191199,10,7,1,24,43,26,73,67,99,50,116,166
191205,10,7,1,4,0,3,1,4,4,7,1,8
191241,10,7,1,82,126,115,231,208,346,197,357,554
191302,10,7,1,3,7,4,21,10,25,7,28,35
191311,10,7,1,0,5,0,0,5,0,0,5,5
191339,10,7,1,10,31,31,79,41,110,41,110,151
191533,10,7,1,0,1,0,0,1,0,0,1,1
191597,10,7,1,9,44,3,33,53,36,12,77,89
191612,10,7,1,7,17,14,18,24,32,21,35,56
191649,10,7,1,33,41,38,90,74,128,71,131,202
191676,10,7,1,1,2,1,3,3,4,2,5,7
191719,10,7,1,39,45,64,112,84,176,103,157,260
191940,10,7,1,2,10,0,0,12,0,2,10,12
191986,10,7,1,11,26,17,34,37,51,28,60,88
192022,10,7,1,22,35,16,22,57,38,38,57,95
192192,10,7,1,7,24,4,23,31,27,11,47,58
192271,10,7,1,1,5,1,6,6,7,2,11,13
192323,10,7,1,3,10,15,41,13,56,18,51,69
192448,10,7,1,42,117,48,241,159,289,90,358,448
192703,10,7,1,17,17,10,9,34,19,27,26,53
192712,10,7,1,4,9,0,0,13,0,4,9,13
192749,10,7,1,10,22,14,41,32,55,24,63,87
192785,10,7,1,3,18,3,63,21,66,6,81,87
192819,10,7,1,7,9,17,29,16,46,24,38,62
193016,10,7,1,41,173,51,172,214,223,92,345,437
193283,10,7,1,26,31,38,54,57,92,64,85,149
193292,10,7,1,3,25,41,172,28,213,44,197,241
193326,10,7,1,40,107,107,229,147,336,147,336,483
193380,10,7,1,0,0,2,13,0,15,2,13,15
193399,10,7,1,9,38,5,34,47,39,14,72,86
193478,10,7,1,31,77,74,190,108,264,105,267,372
193584,10,7,1,4,10,8,12,14,20,12,22,34
193654,10,7,1,82,108,18,31,190,49,100,139,239
193830,10,7,1,6,11,8,16,17,24,14,27,41
193858,10,7,1,2,1,0,0,3,0,2,1,3
193900,10,7,1,328,359,384,427,687,811,712,786,1498
193946,10,7,1,13,37,14,49,50,63,27,86,113
193973,10,7,1,28,61,28,38,89,66,56,99,155
193991,10,7,1,0,0,0,1,0,1,0,1,1
194028,10,7,1,30,15,8,14,45,22,38,29,67
194091,10,7,1,58,49,22,24,107,46,80,73,153
194116,10,7,1,3,7,6,38,10,44,9,45,54
194222,10,7,1,19,33,25,84,52,109,44,117,161
194240,10,7,1,11,26,22,85,37,107,33,111,144
194310,10,7,1,60,60,93,177,120,270,153,237,390
194392,10,7,1,0,0,1,1,0,2,1,1,2
194578,10,7,1,18,27,5,12,45,17,23,39,62
194824,10,7,1,20,7,1,2,27,3,21,9,30
195003,10,7,1,63,44,46,31,107,77,109,75,184
195058,10,7,1,11,21,38,104,32,142,49,125,174
195067,10,7,1,1,12,1,4,13,5,2,16,18
195128,10,7,1,6,23,18,65,29,83,24,88,112
195155,10,7,1,2,0,3,4,2,7,5,4,9
195164,10,7,1,3,8,19,33,11,52,22,41,63
195216,10,7,1,0,0,1,1,0,2,1,1,2
195234,10,7,1,18,35,43,112,53,155,61,147,208
195243,10,7,1,1,1,2,2,2,4,3,3,6
195322,10,7,1,12,26,18,38,38,56,30,64,94
195474,10,7,1,1,3,4,2,4,6,5,5,10
195526,10,7,1,0,0,1,1,0,2,1,1,2
195544,10,7,1,16,40,24,95,56,119,40,135,175
195702,10,7,1,0,3,0,5,3,5,0,8,8
195720,10,7,1,15,32,15,59,47,74,30,91,121
195988,10,7,1,2,9,20,17,11,37,22,26,48
196006,10,7,1,15,11,9,26,26,35,24,37,61
196015,10,7,1,21,69,19,33,90,52,40,102,142
196024,10,7,1,9,23,11,68,32,79,20,91,111
196033,10,7,1,7,5,1,4,12,5,8,9,17
196042,10,7,1,28,33,52,34,61,86,80,67,147
196051,10,7,1,6,17,2,17,23,19,8,34,42
196060,10,7,1,60,82,124,197,142,321,184,279,463
196079,10,7,1,46,65,101,108,111,209,147,173,320
196088,10,7,1,79,121,186,266,200,452,265,387,652
196097,10,7,1,105,120,98,264,225,362,203,384,587
196103,10,7,1,3,6,11,23,9,34,14,29,43
196112,10,7,1,19,33,34,69,52,103,53,102,155
196121,10,7,1,21,57,34,108,78,142,55,165,220
196130,10,7,1,28,47,46,60,75,106,74,107,181
196149,10,7,1,7,11,15,31,18,46,22,42,64
196158,10,7,1,10,6,9,14,16,23,19,20,39
196167,10,7,1,0,2,2,2,2,4,2,4,6
196176,10,7,1,16,28,14,43,44,57,30,71,101
196185,10,7,1,2,5,4,7,7,11,6,12,18
196194,10,7,1,17,29,47,60,46,107,64,89,153
196200,10,7,1,10,24,3,16,34,19,13,40,53
196219,10,7,1,5,11,3,4,16,7,8,15,23
196246,10,7,1,13,42,18,48,55,66,31,90,121
196255,10,7,1,18,78,18,46,96,64,36,124,160
196264,10,7,1,121,324,244,523,445,767,365,847,1212
196291,10,7,1,8,2,11,1,10,12,19,3,22
196307,10,7,1,16,33,6,11,49,17,22,44,66
196413,10,7,1,162,160,162,190,322,352,324,350,674
196468,10,7,1,68,161,60,129,229,189,128,290,418
196565,10,7,1,14,25,10,47,39,57,24,72,96
196653,10,7,1,6,21,7,70,27,77,13,91,104
196699,10,7,1,4,12,10,28,16,38,14,40,54
196884,10,7,1,8,14,4,6,22,10,12,20,32
197045,10,7,1,5,36,43,145,41,188,48,181,229
197285,10,7,1,12,44,4,9,56,13,16,53,69
197294,10,7,1,29,50,84,171,79,255,113,221,334
197337,10,7,1,0,3,0,0,3,0,0,3,3
197708,10,7,1,44,74,33,48,118,81,77,122,199
197814,10,7,1,4,9,8,47,13,55,12,56,68
197850,10,7,1,1,9,11,60,10,71,12,69,81
197869,10,7,1,23,35,52,132,58,184,75,167,242
197887,10,7,1,31,52,73,131,83,204,104,183,287
197911,10,7,1,1,10,1,25,11,26,2,35,37
197966,10,7,1,2,19,18,56,21,74,20,75,95
197993,10,7,1,0,2,0,0,2,0,0,2,2
198066,10,7,1,1,0,1,0,1,1,2,0,2
198109,10,7,1,3,18,1,27,21,28,4,45,49
198118,10,7,1,9,26,22,57,35,79,31,83,114
198136,10,7,1,45,55,48,69,100,117,93,124,217
198154,10,7,1,67,47,417,356,114,773,484,403,887
198206,10,7,1,7,15,7,39,22,46,14,54,68
198260,10,7,1,66,94,143,294,160,437,209,388,597
198303,10,7,1,0,2,2,8,2,10,2,10,12
198330,10,7,1,23,46,30,78,69,108,53,124,177
198367,10,7,1,17,18,17,76,35,93,34,94,128
198455,10,7,1,11,15,56,180,26,236,67,195,262
198464,10,7,1,104,165,259,595,269,854,363,760,1123
198507,10,7,1,12,29,10,32,41,42,22,61,83
198516,10,7,1,13,20,0,1,33,1,13,21,34
198534,10,7,1,90,152,157,273,242,430,247,425,672
198543,10,7,1,48,178,100,171,226,271,148,349,497
198552,10,7,1,38,64,71,244,102,315,109,308,417
198570,10,7,1,10,24,34,126,34,160,44,150,194
198598,10,7,1,3,8,10,25,11,35,13,33,46
198622,10,7,1,29,99,100,219,128,319,129,318,447
198668,10,7,1,5,22,8,42,27,50,13,64,77
198710,10,7,1,4,15,14,34,19,48,18,49,67
198756,10,7,1,4,15,1,3,19,4,5,18,23
198808,10,7,1,5,12,0,4,17,4,5,16,21
198817,10,7,1,7,14,13,47,21,60,20,61,81
198835,10,7,1,3,14,14,46,17,60,17,60,77
198862,10,7,1,5,4,0,0,9,0,5,4,9
198899,10,7,1,1,5,5,8,6,13,6,13,19
198905,10,7,1,1,5,2,11,6,13,3,16,19
198950,10,7,1,0,7,2,18,7,20,2,25,27
198969,10,7,1,23,17,13,7,40,20,36,24,60
198987,10,7,1,5,11,16,44,16,60,21,55,76
199087,10,7,1,1,14,23,61,15,84,24,75,99
199102,10,7,1,57,64,84,102,121,186,141,166,307
199111,10,7,1,10,15,9,20,25,29,19,35,54
199120,10,7,1,226,256,166,190,482,356,392,446,838
199139,10,7,1,116,138,224,324,254,548,340,462,802
199148,10,7,1,98,186,149,364,284,513,247,550,797
199157,10,7,1,29,96,29,106,125,135,58,202,260
199184,10,7,1,1,9,1,1,10,2,2,10,12
199193,10,7,1,194,192,269,276,386,545,463,468,931
199218,10,7,1,79,164,126,395,243,521,205,559,764
199272,10,7,1,0,1,2,9,1,11,2,10,12
199281,10,7,1,51,150,107,259,201,366,158,409,567
199324,10,7,1,2,2,13,27,4,40,15,29,44
199412,10,7,1,6,21,17,50,27,67,23,71,94
199494,10,7,1,15,39,44,151,54,195,59,190,249
199607,10,7,1,0,2,1,18,2,19,1,20,21
199625,10,7,1,4,12,7,32,16,39,11,44,55
199689,10,7,1,0,13,0,2,13,2,0,15,15
199731,10,7,1,7,21,23,64,28,87,30,85,115
199740,10,7,1,9,10,22,85,19,107,31,95,126
199759,10,7,1,111,25,108,39,136,147,219,64,283
199768,10,7,1,4,13,11,31,17,42,15,44,59
199795,10,7,1,4,7,1,11,11,12,5,18,23
199856,10,7,1,63,126,198,447,189,645,261,573,834
199865,10,7,1,7,11,0,2,18,2,7,13,20
199883,10,7,1,1,8,0,0,9,0,1,8,9
199908,10,7,1,4,13,15,30,17,45,19,43,62
199926,10,7,1,10,7,7,26,17,33,17,33,50
199971,10,7,1,0,3,0,0,3,0,0,3,3
199999,10,7,1,13,53,13,73,66,86,26,126,152
200004,10,7,1,67,104,145,238,171,383,212,342,554
200013,10,7,1,9,31,5,30,40,35,14,61,75
200022,10,7,1,51,23,94,32,74,126,145,55,200
200059,10,7,1,3,23,9,12,26,21,12,35,47
200086,10,7,1,1,7,1,2,8,3,2,9,11
200192,10,7,1,1,7,24,27,8,51,25,34,59
200217,10,7,1,20,37,50,66,57,116,70,103,173
200280,10,7,1,88,95,292,307,183,599,380,402,782
200305,10,7,1,5,6,13,11,11,24,18,17,35
200314,10,7,1,2,9,22,18,11,40,24,27,51
200332,10,7,1,36,40,94,98,76,192,130,138,268
200527,10,7,1,10,22,1,2,32,3,11,24,35
200554,10,7,1,17,26,2,4,43,6,19,30,49
200572,10,7,1,1,10,16,36,11,52,17,46,63
200590,10,7,1,2,13,0,0,15,0,2,13,15
200697,10,7,1,68,3,72,19,71,91,140,22,162
200800,10,7,1,51,71,84,128,122,212,135,199,334
200846,10,7,1,1,6,4,8,7,12,5,14,19
201061,10,7,1,1,0,0,0,1,0,1,0,1
201177,10,7,1,0,2,0,14,2,14,0,16,16
201195,10,7,1,10,18,5,23,28,28,15,41,56
201283,10,7,1,3,6,4,9,9,13,7,15,22
201432,10,7,1,3,7,9,5,10,14,12,12,24
201441,10,7,1,57,62,175,173,119,348,232,235,467
201469,10,7,1,8,25,1,11,33,12,9,36,45
201548,10,7,1,5,15,18,16,20,34,23,31,54
201645,10,7,1,121,134,41,64,255,105,162,198,360
201654,10,7,1,6,6,9,15,12,24,15,21,36
201821,10,7,1,1,13,2,19,14,21,3,32,35
201885,10,7,1,147,171,323,710,318,1033,470,881,1351
201946,10,7,1,12,31,48,150,43,198,60,181,241
201955,10,7,1,6,7,18,74,13,92,24,81,105
201964,10,7,1,24,35,19,31,59,50,43,66,109
202170,10,7,1,2,3,1,0,5,1,3,3,6
202222,10,7,1,57,68,316,431,125,747,373,499,872
202356,10,7,1,54,94,197,537,148,734,251,631,882
202453,10,7,1,1,1,0,0,2,0,1,1,2
202480,10,7,1,53,98,42,67,151,109,95,165,260
202648,10,7,1,7,10,21,53,17,74,28,63,91
202763,10,7,1,14,28,22,33,42,55,36,61,97
203067,10,7,1,14,17,0,6,31,6,14,23,37
203085,10,7,1,0,2,1,3,2,4,1,5,6
203128,10,7,1,1,1,0,2,2,2,1,3,4
203155,10,7,1,11,15,7,11,26,18,18,26,44
203289,10,7,1,1,1,0,0,2,0,1,1,2
203368,10,7,1,5,4,7,8,9,15,12,12,24
203447,10,7,1,1,5,25,35,6,60,26,40,66
203456,10,7,1,0,0,15,28,0,43,15,28,43
203465,10,7,1,1,6,19,56,7,75,20,62,82
203474,10,7,1,4,2,30,42,6,72,34,44,78
203483,10,7,1,1,2,22,38,3,60,23,40,63
203492,10,7,1,1,6,10,33,7,43,11,39,50
203517,10,7,1,119,171,133,297,290,430,252,468,720
203526,10,7,1,0,1,21,52,1,73,21,53,74
203544,10,7,1,1,14,6,13,15,19,7,27,34
203580,10,7,1,1,1,7,13,2,20,8,14,22
203599,10,7,1,10,18,58,125,28,183,68,143,211
203678,10,7,1,9,9,13,47,18,60,22,56,78
203720,10,7,1,12,4,0,3,16,3,12,7,19
203748,10,7,1,17,24,83,196,41,279,100,220,320
203757,10,7,1,10,18,2,5,28,7,12,23,35
203775,10,7,1,3,6,11,20,9,31,14,26,40
203845,10,7,1,0,2,0,1,2,1,0,3,3
203881,10,7,1,7,6,52,37,13,89,59,43,102
203960,10,7,1,5,20,12,98,25,110,17,118,135
204006,10,7,1,5,10,13,19,15,32,18,29,47
204015,10,7,1,4,8,10,6,12,16,14,14,28
204024,10,7,1,17,31,52,135,48,187,69,166,235
204194,10,7,1,12,37,13,35,49,48,25,72,97
204200,10,7,1,2,8,9,61,10,70,11,69,80
204255,10,7,1,7,5,10,11,12,21,17,16,33
204422,10,7,1,5,13,12,31,18,43,17,44,61
204468,10,7,1,1,7,14,11,8,25,15,18,33
204477,10,7,1,13,12,1,1,25,2,14,13,27
204617,10,7,1,5,4,12,34,9,46,17,38,55
204635,10,7,1,4,4,0,0,8,0,4,4,8
204662,10,7,1,0,2,1,0,2,1,1,2,3
204671,10,7,1,2,2,1,1,4,2,3,3,6
204680,10,7,1,1,9,2,3,10,5,3,12,15
204699,10,7,1,1,3,1,5,4,6,2,8,10
204705,10,7,1,3,1,4,4,4,8,7,5,12
204796,10,7,1,226,268,264,398,494,662,490,666,1156
204802,10,7,1,0,1,4,14,1,18,4,15,19
204820,10,7,1,7,14,15,22,21,37,22,36,58
204839,10,7,1,2,10,12,19,12,31,14,29,43
204848,10,7,1,1,4,11,29,5,40,12,33,45
204857,10,7,1,81,134,271,605,215,876,352,739,1091
204866,10,7,1,4,6,9,17,10,26,13,23,36
204936,10,7,1,3,9,7,18,12,25,10,27,37
204945,10,7,1,30,31,180,147,61,327,210,178,388
205090,10,7,1,0,0,0,4,0,4,0,4,4
205443,10,7,1,9,18,14,33,27,47,23,51,74
205470,10,7,1,62,56,420,462,118,882,482,518,1000
205841,10,7,1,38,44,111,213,82,324,149,257,406
205966,10,7,1,2,6,3,19,8,22,5,25,30
206011,10,7,1,6,5,61,28,11,89,67,33,100
206279,10,7,1,19,31,28,37,50,65,47,68,115
206321,10,7,1,0,4,3,3,4,6,3,7,10
206349,10,7,1,2,8,5,48,10,53,7,56,63
206507,10,7,1,0,5,0,1,5,1,0,6,6
206525,10,7,1,1,0,1,1,1,2,2,1,3
206604,10,7,1,58,43,91,116,101,207,149,159,308
206613,10,7,1,1,1,4,6,2,10,5,7,12
206622,10,7,1,17,37,43,79,54,122,60,116,176
206695,10,7,1,56,55,85,156,111,241,141,211,352
206862,10,7,1,22,42,13,40,64,53,35,82,117
206914,10,7,1,22,80,23,52,102,75,45,132,177
206923,10,7,1,3,27,9,36,30,45,12,63,75
206996,10,7,1,12,31,9,67,43,76,21,98,119
207041,10,7,1,21,62,18,70,83,88,39,132,171
207050,10,7,1,3,13,4,23,16,27,7,36,43
207069,10,7,1,3,6,6,33,9,39,9,39,48
207102,10,7,1,3,3,0,0,6,0,3,3,6
207209,10,7,1,6,13,4,3,19,7,10,16,26
207236,10,7,1,5,12,10,44,17,54,15,56,71
207263,10,7,1,52,117,67,203,169,270,119,320,439
207281,10,7,1,6,17,11,31,23,42,17,48,65
207290,10,7,1,9,33,8,26,42,34,17,59,76
207306,10,7,1,3,21,8,30,24,38,11,51,62
207315,10,7,1,12,24,50,42,36,92,62,66,128
207324,10,7,1,3,37,18,27,40,45,21,64,85
207342,10,7,1,31,69,16,61,100,77,47,130,177
207351,10,7,1,6,30,9,35,36,44,15,65,80
207388,10,7,1,90,123,282,202,213,484,372,325,697
207500,10,7,1,177,269,267,322,446,589,444,591,1035
207564,10,7,1,27,13,26,29,40,55,53,42,95
207582,10,7,1,40,62,21,37,102,58,61,99,160
207661,10,7,1,25,48,20,47,73,67,45,95,140
207670,10,7,1,29,46,53,159,75,212,82,205,287
207740,10,7,1,2,9,3,34,11,37,5,43,48
207847,10,7,1,66,139,145,270,205,415,211,409,620
207865,10,7,1,21,100,18,92,121,110,39,192,231
207935,10,7,1,45,85,189,384,130,573,234,469,703
207962,10,7,1,31,9,0,0,40,0,31,9,40
207971,10,7,1,27,26,31,13,53,44,58,39,97
208035,10,7,1,0,7,9,40,7,49,9,47,56
208275,10,7,1,4,15,27,20,19,47,31,35,66
208318,10,7,1,32,32,32,91,64,123,64,123,187
208390,10,7,1,34,58,105,149,92,254,139,207,346
208406,10,7,1,31,34,100,116,65,216,131,150,281
208415,10,7,1,6,19,21,32,25,53,27,51,78
208646,10,7,1,14,62,52,84,76,136,66,146,212
208822,10,7,1,23,45,46,93,68,139,69,138,207
209038,10,7,1,51,54,119,130,105,249,170,184,354
209074,10,7,1,30,34,45,63,64,108,75,97,172
209250,10,7,1,33,51,245,120,84,365,278,171,449
209490,10,7,1,48,110,45,81,158,126,93,191,284
209506,10,7,1,28,29,67,70,57,137,95,99,194
209542,10,7,1,230,226,535,540,456,1075,765,766,1531
209551,10,7,1,124,142,45,37,266,82,169,179,348
209603,10,7,1,5,6,0,2,11,2,5,8,13
209612,10,7,1,31,74,9,27,105,36,40,101,141
209746,10,7,1,159,185,416,532,344,948,575,717,1292
209807,10,7,1,283,392,282,413,675,695,565,805,1370
209825,10,7,1,4,4,17,21,8,38,21,25,46
209922,10,7,1,0,0,1,0,0,1,1,0,1
210234,10,7,1,10,16,17,33,26,50,27,49,76
210270,10,7,1,13,26,53,82,39,135,66,108,174
210401,10,7,1,23,22,3,4,45,7,26,26,52
210429,10,7,1,24,39,19,28,63,47,43,67,110
210605,10,7,1,56,57,209,292,113,501,265,349,614
210739,10,7,1,12,29,35,69,41,104,47,98,145
210775,10,7,1,5,20,17,45,25,62,22,65,87
211088,10,7,1,5,10,18,62,15,80,23,72,95
211130,10,7,1,15,6,5,5,21,10,20,11,31
211291,10,7,1,0,0,0,4,0,4,0,4,4
211307,10,7,1,1,18,47,156,19,203,48,174,222
211316,10,7,1,0,0,0,1,0,1,0,1,1
211343,10,7,1,6,8,15,59,14,74,21,67,88
211352,10,7,1,3,3,16,33,6,49,19,36,55
211431,10,7,1,8,24,12,86,32,98,20,110,130
211440,10,7,1,103,63,61,42,166,103,164,105,269
211556,10,7,1,10,19,11,48,29,59,21,67,88
211583,10,7,1,5,25,8,54,30,62,13,79,92
211608,10,7,1,0,2,0,1,2,1,0,3,3
211927,10,7,1,27,29,88,352,56,440,115,381,496
212045,10,7,1,5,7,0,0,12,0,5,7,12
212054,10,7,1,103,105,215,466,208,681,318,571,889
212106,10,7,1,84,109,9,35,193,44,93,144,237
212115,10,7,1,8,16,23,66,24,89,31,82,113
212133,10,7,1,82,95,220,338,177,558,302,433,735
212197,10,7,1,0,8,13,27,8,40,13,35,48
212230,10,7,1,0,4,0,0,4,0,0,4,4
212267,10,7,1,0,2,0,3,2,3,0,5,5
212276,10,7,1,0,2,0,1,2,1,0,3,3
212294,10,7,1,0,2,0,1,2,1,0,3,3
212300,10,7,1,0,2,0,0,2,0,0,2,2
212328,10,7,1,0,5,0,2,5,2,0,7,7
212337,10,7,1,0,2,0,3,2,3,0,5,5
212355,10,7,1,0,1,0,0,1,0,0,1,1
212382,10,7,1,1,2,0,5,3,5,1,7,8
212391,10,7,1,0,2,0,1,2,1,0,3,3
212601,10,7,1,21,22,20,39,43,59,41,61,102
212674,10,7,1,0,0,48,59,0,107,48,59,107
212753,10,7,1,0,6,0,2,6,2,0,8,8
212771,10,7,1,7,3,2,23,10,25,9,26,35
212805,10,7,1,2,2,3,1,4,4,5,3,8
212869,10,7,1,2,34,5,28,36,33,7,62,69
212878,10,7,1,32,57,120,458,89,578,152,515,667
212984,10,7,1,8,35,19,88,43,107,27,123,150
213011,10,7,1,9,15,35,108,24,143,44,123,167
213020,10,7,1,21,26,112,161,47,273,133,187,320
213181,10,7,1,2,12,0,0,14,0,2,12,14
213251,10,7,1,0,0,2,2,0,4,2,2,4
213321,10,7,1,2,5,11,28,7,39,13,33,46
213349,10,7,1,11,17,29,75,28,104,40,92,132
213367,10,7,1,7,9,47,153,16,200,54,162,216
213376,10,7,1,7,44,11,19,51,30,18,63,81
213446,10,7,1,1,2,1,0,3,1,2,2,4
213507,10,7,1,3,2,8,12,5,20,11,14,25
213525,10,7,1,17,22,50,193,39,243,67,215,282
213570,10,7,1,3,20,0,0,23,0,3,20,23
213589,10,7,1,7,2,5,0,9,5,12,2,14
213598,10,7,1,3,9,0,8,12,8,3,17,20
213659,10,7,1,5,32,32,142,37,174,37,174,211
213668,10,7,1,1,0,0,0,1,0,1,0,1
213774,10,7,1,0,5,1,5,5,6,1,10,11
213987,10,7,1,10,17,13,28,27,41,23,45,68
213996,10,7,1,6,13,27,35,19,62,33,48,81
214041,10,7,1,11,18,43,133,29,176,54,151,205
214111,10,7,1,14,31,95,267,45,362,109,298,407
214148,10,7,1,0,0,0,1,0,1,0,1,1
214157,10,7,1,9,7,16,47,16,63,25,54,79
214175,10,7,1,3,5,4,2,8,6,7,7,14
214272,10,7,1,1,11,28,50,12,78,29,61,90
214379,10,7,1,18,46,81,292,64,373,99,338,437
214564,10,7,1,8,19,2,5,27,7,10,24,34
214591,10,7,1,6,0,7,4,6,11,13,4,17
214607,10,7,1,1,2,10,10,3,20,11,12,23
214625,10,7,1,0,1,2,1,1,3,2,2,4
214634,10,7,1,0,1,0,4,1,4,0,5,5
214643,10,7,1,1,0,0,0,1,0,1,0,1
214652,10,7,1,2,3,1,2,5,3,3,5,8
214670,10,7,1,2,2,0,1,4,1,2,3,5
214689,10,7,1,5,4,1,0,9,1,6,4,10
214698,10,7,1,3,1,0,0,4,0,3,1,4
214704,10,7,1,6,0,6,5,6,11,12,5,17
214713,10,7,1,14,15,30,27,29,57,44,42,86
214731,10,7,1,2,1,2,2,3,4,4,3,7
214740,10,7,1,0,1,0,1,1,1,0,2,2
214759,10,7,1,3,1,0,0,4,0,3,1,4
214777,10,7,1,157,124,53,53,281,106,210,177,387
214786,10,7,1,0,0,0,1,0,1,0,1,1
214795,10,7,1,2,2,1,0,4,1,3,2,5
214801,10,7,1,4,3,0,3,7,3,4,6,10
214810,10,7,1,0,2,1,0,2,1,1,2,3
214829,10,7,1,0,2,9,3,2,12,9,5,14
214883,10,7,1,4,22,25,80,26,105,29,102,131
215053,10,7,1,1,0,0,2,1,2,1,2,3
215062,10,7,1,290,309,180,276,599,456,470,585,1055
215105,10,7,1,5,3,7,5,8,12,12,8,20
215123,10,7,1,38,58,1,6,96,7,39,64,103
215239,10,7,1,38,59,136,457,97,593,174,516,690
215266,10,7,1,0,4,1,3,4,4,1,7,8
215275,10,7,1,1,1,2,1,2,3,3,2,5
215284,10,7,1,2,1,0,0,3,0,2,1,3
215293,10,7,1,139,173,126,187,312,313,265,360,625
215309,10,7,1,0,1,0,0,1,0,0,1,1
215381,10,7,1,16,0,0,0,16,0,16,0,16
215424,10,7,1,16,9,1,1,25,2,17,10,27
215442,10,7,1,11,14,58,93,25,151,69,107,176
215479,10,7,1,2,6,0,0,8,0,2,6,8
215585,10,7,1,8,11,40,141,19,181,48,152,200
215655,10,7,1,19,8,37,55,27,92,56,63,119
215743,10,7,1,2,8,6,34,10,40,8,42,50
215798,10,7,1,8,9,3,1,17,4,11,10,21
215929,10,7,1,7,9,45,52,16,97,52,61,113
216010,10,7,1,6,10,42,59,16,101,48,69,117
216038,10,7,1,18,21,23,133,39,156,41,154,195
216339,10,7,1,209,215,138,227,424,365,347,442,789
216366,10,7,1,39,86,70,213,125,283,109,299,408
216454,10,7,1,2,1,0,0,3,0,2,1,3
216524,10,7,1,0,1,0,0,1,0,0,1,1
216542,10,7,1,1,0,5,8,1,13,6,8,14
216579,10,7,1,0,2,0,0,2,0,0,2,2
216597,10,7,1,49,63,148,116,112,264,197,179,376
216694,10,7,1,2,11,6,12,13,18,8,23,31
216746,10,7,1,3,0,0,0,3,0,3,0,3
216764,10,7,1,19,65,119,199,84,318,138,264,402
216825,10,7,1,6,27,23,95,33,118,29,122,151
216852,10,7,1,32,64,29,158,96,187,61,222,283
216931,10,7,1,14,35,107,367,49,474,121,402,523
217013,10,7,1,3,17,22,74,20,96,25,91,116
217059,10,7,1,8,11,12,42,19,54,20,53,73
217156,10,7,1,74,68,17,13,142,30,91,81,172
217165,10,7,1,5,3,12,11,8,23,17,14,31
217235,10,7,1,10,12,9,8,22,17,19,20,39
217305,10,7,1,39,53,6,12,92,18,45,65,110
217323,10,7,1,46,2,0,0,48,0,46,2,48
217402,10,7,1,3,1,16,31,4,47,19,32,51
217420,10,7,1,29,61,34,122,90,156,63,183,246
217493,10,7,1,7,10,0,0,17,0,7,10,17
217518,10,7,1,3,5,24,24,8,48,27,29,56
217536,10,7,1,5,6,29,51,11,80,34,57,91
217581,10,7,1,0,4,0,2,4,2,0,6,6
217633,10,7,1,47,74,15,14,121,29,62,88,150
217688,10,7,1,18,24,25,44,42,69,43,68,111
217712,10,7,1,7,11,13,85,18,98,20,96,116
217721,10,7,1,2,4,0,0,6,0,2,4,6
217749,10,7,1,3,1,29,27,4,56,32,28,60
217819,10,7,1,26,27,28,74,53,102,54,101,155
217864,10,7,1,27,6,93,47,33,140,120,53,173
217873,10,7,1,13,18,3,8,31,11,16,26,42
217882,10,7,1,87,76,163,213,163,376,250,289,539
217891,10,7,1,4,5,0,0,9,0,4,5,9
217907,10,7,1,4,4,3,12,8,15,7,16,23
217925,10,7,1,10,14,101,160,24,261,111,174,285
217934,10,7,1,11,45,9,78,56,87,20,123,143
217961,10,7,1,5,14,13,41,19,54,18,55,73
217989,10,7,1,0,5,4,4,5,8,4,9,13
218025,10,7,1,11,21,17,76,32,93,28,97,125
218061,10,7,1,3,20,14,35,23,49,17,55,72
218113,10,7,1,43,97,110,241,140,351,153,338,491
218140,10,7,1,32,80,53,190,112,243,85,270,355
218229,10,7,1,5,15,15,43,20,58,20,58,78
218335,10,7,1,33,64,4,33,97,37,37,97,134
218353,10,7,1,38,94,77,260,132,337,115,354,469
218399,10,7,1,0,6,0,0,6,0,0,6,6
218414,10,7,1,1,3,1,1,4,2,2,4,6
218441,10,7,1,6,21,4,12,27,16,10,33,43
218487,10,7,1,4,20,6,67,24,73,10,87,97
218520,10,7,1,23,74,43,249,97,292,66,323,389
218539,10,7,1,4,4,0,0,8,0,4,4,8
218645,10,7,1,29,29,42,98,58,140,71,127,198
218654,10,7,1,5,13,6,13,18,19,11,26,37
218663,10,7,1,140,162,125,287,302,412,265,449,714
218672,10,7,1,2,2,3,5,4,8,5,7,12
218681,10,7,1,0,0,0,4,0,4,0,4,4
218690,10,7,1,1,1,7,4,2,11,8,5,13
218706,10,7,1,1,3,2,1,4,3,3,4,7
218724,10,7,1,13,13,15,44,26,59,28,57,85
218733,10,7,1,6,19,5,11,25,16,11,30,41
218742,10,7,1,16,39,28,57,55,85,44,96,140
218751,10,7,1,5,4,0,0,9,0,5,4,9
218821,10,7,1,1,7,1,0,8,1,2,7,9
218830,10,7,1,27,87,43,131,114,174,70,218,288
218885,10,7,1,4,23,28,69,27,97,32,92,124
218919,10,7,1,2,8,0,0,10,0,2,8,10
218973,10,7,1,0,0,0,1,0,1,0,1,1
218991,10,7,1,13,38,25,107,51,132,38,145,183
219037,10,7,1,0,4,1,1,4,2,1,5,6
219082,10,7,1,21,6,98,26,27,124,119,32,151
219125,10,7,1,1,3,0,0,4,0,1,3,4
219189,10,7,1,7,9,10,17,16,27,17,26,43
219198,10,7,1,11,12,13,8,23,21,24,20,44
219204,10,7,1,18,15,72,95,33,167,90,110,200
219259,10,7,1,1,0,22,66,1,88,23,66,89
219277,10,7,1,20,39,19,70,59,89,39,109,148
219347,10,7,1,18,2,21,2,20,23,39,4,43
219426,10,7,1,12,12,13,38,24,51,25,50,75
219471,10,7,1,38,35,84,174,73,258,122,209,331
219480,10,7,1,11,13,8,17,24,25,19,30,49
219602,10,7,1,81,105,93,148,186,241,174,253,427
219639,10,7,1,2,6,1,25,8,26,3,31,34
219806,10,7,1,5,10,17,114,15,131,22,124,146
219824,10,7,1,30,53,54,115,83,169,84,168,252
219833,10,7,1,11,12,11,15,23,26,22,27,49
219879,10,7,1,17,16,25,34,33,59,42,50,92
219888,10,7,1,11,22,23,61,33,84,34,83,117
219921,10,7,1,2,4,0,5,6,5,2,9,11
219994,10,7,1,16,14,3,0,30,3,19,14,33
220057,10,7,1,16,33,23,80,49,103,39,113,152
220075,10,7,1,68,124,82,204,192,286,150,328,478
220127,10,7,1,4,17,1,0,21,1,5,17,22
220163,10,7,1,0,3,0,2,3,2,0,5,5
220215,10,7,1,5,7,15,42,12,57,20,49,69
220251,10,7,1,5,1,0,2,6,2,5,3,8
220279,10,7,1,3,5,1,0,8,1,4,5,9
220321,10,7,1,2,6,3,2,8,5,5,8,13
220394,10,7,1,6,4,0,0,10,0,6,4,10
220400,10,7,1,5,20,20,91,25,111,25,111,136
220473,10,7,1,10,5,18,9,15,27,28,14,42
220516,10,7,1,24,56,5,17,80,22,29,73,102
220598,10,7,1,5,0,0,0,5,0,5,0,5
220604,10,7,1,3,15,1,3,18,4,4,18,22
220701,10,7,1,2,3,0,2,5,2,2,5,7
220710,10,7,1,2,2,1,0,4,1,3,2,5
220792,10,7,1,18,28,0,0,46,0,18,28,46
220862,10,7,1,92,145,212,372,237,584,304,517,821
220978,10,7,1,97,98,147,230,195,377,244,328,572
221050,10,7,1,4,11,5,3,15,8,9,14,23
221096,10,7,1,16,28,29,116,44,145,45,144,189
221148,10,7,1,13,1,0,0,14,0,13,1,14
221184,10,7,1,26,58,83,205,84,288,109,263,372
221333,10,7,1,3,3,1,2,6,3,4,5,9
221397,10,7,1,11,27,22,95,38,117,33,122,155
221430,10,7,1,5,3,5,5,8,10,10,8,18
221485,10,7,1,17,58,48,185,75,233,65,243,308
221494,10,7,1,7,7,1,3,14,4,8,10,18
221519,10,7,1,6,5,1,2,11,3,7,7,14
221582,10,7,1,4,1,1,0,5,1,5,1,6
221607,10,7,1,1,11,1,1,12,2,2,12,14
221625,10,7,1,14,15,0,0,29,0,14,15,29
221643,10,7,1,21,34,91,139,55,230,112,173,285
221740,10,7,1,28,47,75,83,75,158,103,130,233
221759,10,7,1,122,138,120,181,260,301,242,319,561
221768,10,7,1,16,42,44,80,58,124,60,122,182
221838,10,7,1,27,58,64,112,85,176,91,170,261
221847,10,7,1,24,27,68,86,51,154,92,113,205
221908,10,7,1,17,36,83,66,53,149,100,102,202
221999,10,7,1,114,140,64,105,254,169,178,245,423
222053,10,7,1,27,58,69,117,85,186,96,175,271
222062,10,7,1,22,34,27,67,56,94,49,101,150
222178,10,7,1,6,12,58,153,18,211,64,165,229
222576,10,7,1,46,95,67,199,141,266,113,294,407
222822,10,7,1,9,33,17,64,42,81,26,97,123
222831,10,7,1,37,96,43,81,133,124,80,177,257
222877,10,7,1,2,0,0,0,2,0,2,0,2
222992,10,7,1,130,135,488,873,265,1361,618,1008,1626
223223,10,7,1,21,14,0,0,35,0,21,14,35
223232,10,7,1,144,209,73,186,353,259,217,395,612
223320,10,7,1,5,29,14,74,34,88,19,103,122
223506,10,7,1,7,12,66,120,19,186,73,132,205
223816,10,7,1,22,50,152,267,72,419,174,317,491
223922,10,7,1,3,14,11,9,17,20,14,23,37
224147,10,7,1,26,47,176,282,73,458,202,329,531
224156,10,7,1,1,10,0,2,11,2,1,12,13
224323,10,7,1,15,11,44,35,26,79,59,46,105
224527,10,7,1,5,8,7,6,13,13,12,14,26
224554,10,7,1,131,231,156,362,362,518,287,593,880
224615,10,7,1,118,208,425,1122,326,1547,543,1330,1873
224642,10,7,1,35,56,139,330,91,469,174,386,560
224891,10,7,1,2,12,2,8,14,10,4,20,24
224961,10,7,1,7,15,15,55,22,70,22,70,92
225247,10,7,1,7,4,3,10,11,13,10,14,24
225399,10,7,1,5,13,53,174,18,227,58,187,245
225414,10,7,1,65,104,120,210,169,330,185,314,499
225432,10,7,1,77,141,229,506,218,735,306,647,953
225511,10,7,1,188,231,262,309,419,571,450,540,990
225548,10,7,1,1,2,6,3,3,9,7,5,12
225885,10,7,1,0,6,5,8,6,13,5,14,19
226116,10,7,1,5,20,7,64,25,71,12,84,96
226134,10,7,1,6,12,31,99,18,130,37,111,148
226204,10,7,1,41,24,187,106,65,293,228,130,358
226277,10,7,1,35,3,0,0,38,0,35,3,38
226383,10,7,1,3,14,11,37,17,48,14,51,65
226408,10,7,1,4,15,42,131,19,173,46,146,192
226471,10,7,1,8,25,16,20,33,36,24,45,69
226578,10,7,1,23,54,42,169,77,211,65,223,288
226587,10,7,1,9,16,3,9,25,12,12,25,37
226675,10,7,1,4,11,0,0,15,0,4,11,15
227146,10,7,1,12,36,19,95,48,114,31,131,162
227182,10,7,1,161,275,502,1135,436,1637,663,1410,2073
227216,10,7,1,177,170,306,473,347,779,483,643,1126
227331,10,7,1,26,123,8,34,149,42,34,157,191
227368,10,7,1,99,179,212,481,278,693,311,660,971
227377,10,7,1,13,14,20,49,27,69,33,63,96
227386,10,7,1,5,33,6,45,38,51,11,78,89
227401,10,7,1,18,43,15,46,61,61,33,89,122
227526,10,7,1,33,63,28,61,96,89,61,124,185
227757,10,7,1,188,77,39,13,265,52,227,90,317
227845,10,7,1,17,12,16,69,29,85,33,81,114
227863,10,7,1,33,70,45,55,103,100,78,125,203
227881,10,7,1,69,140,159,313,209,472,228,453,681
227979,10,7,1,46,93,197,468,139,665,243,561,804
228042,10,7,1,6,14,1,4,20,5,7,18,25
228149,10,7,1,31,27,30,36,58,66,61,63,124
228158,10,7,1,35,64,43,139,99,182,78,203,281
228194,10,7,1,16,11,11,19,27,30,27,30,57
228246,10,7,1,75,65,169,122,140,291,244,187,431
228282,10,7,1,0,1,0,0,1,0,0,1,1
228343,10,7,1,1,3,1,1,4,2,2,4,6
228431,10,7,1,22,112,54,129,134,183,76,241,317
228459,10,7,1,141,155,159,257,296,416,300,412,712
228501,10,7,1,11,18,26,80,29,106,37,98,135
228529,10,7,1,59,109,147,305,168,452,206,414,620
228547,10,7,1,73,91,393,883,164,1276,466,974,1440
228635,10,7,1,18,13,95,54,31,149,113,67,180
228644,10,7,1,45,73,16,37,118,53,61,110,171
228653,10,7,1,40,33,41,134,73,175,81,167,248
228699,10,7,1,12,26,16,69,38,85,28,95,123
228705,10,7,1,26,41,33,85,67,118,59,126,185
228723,10,7,1,301,238,239,301,539,540,540,539,1079
228769,10,7,1,239,399,575,1869,638,2444,814,2268,3082
228778,10,7,1,297,289,48,54,586,102,345,343,688
228787,10,7,1,179,117,213,200,296,413,392,317,709
228796,10,7,1,126,145,230,333,271,563,356,478,834
228802,10,7,1,64,113,123,276,177,399,187,389,576
228875,10,7,1,75,70,19,15,145,34,94,85,179
228909,10,7,1,25,40,6,13,65,19,31,53,84
229018,10,7,1,61,146,99,166,207,265,160,312,472
229027,10,7,1,199,198,291,317,397,608,490,515,1005
229063,10,7,1,41,90,33,80,131,113,74,170,244
229115,10,7,1,202,213,198,350,415,548,400,563,963
229179,10,7,1,25,243,58,655,268,713,83,898,981
229267,10,7,1,4,4,3,2,8,5,7,6,13
229337,10,7,1,49,118,49,173,167,222,98,291,389
229355,10,7,1,28,70,50,170,98,220,78,240,318
229504,10,7,1,11,6,28,61,17,89,39,67,106
229780,10,7,1,59,97,88,126,156,214,147,223,370
229799,10,7,1,10,28,39,101,38,140,49,129,178
229814,10,7,1,50,91,184,238,141,422,234,329,563
229841,10,7,1,10,12,14,74,22,88,24,86,110
229887,10,7,1,13,7,1,2,20,3,14,9,23
230038,10,7,1,73,69,59,61,142,120,132,130,262
230047,10,7,1,7,11,0,2,18,2,7,13,20
230162,10,7,1,18,18,73,36,36,109,91,54,145
230171,10,7,1,23,39,34,58,62,92,57,97,154
230214,10,7,1,0,10,1,10,10,11,1,20,21
230597,10,7,1,2,9,11,25,11,36,13,34,47
230603,10,7,1,46,68,168,342,114,510,214,410,624
230676,10,7,1,9,5,9,7,14,16,18,12,30
230728,10,7,1,73,147,164,262,220,426,237,409,646
230746,10,7,1,68,68,292,399,136,691,360,467,827
230764,10,7,1,244,291,207,234,535,441,451,525,976
230782,10,7,1,90,211,190,328,301,518,280,539,819
230807,10,7,1,14,19,11,13,33,24,25,32,57
230816,10,7,1,8,16,5,1,24,6,13,17,30
230834,10,7,1,5,7,25,78,12,103,30,85,115
230852,10,7,1,50,30,107,81,80,188,157,111,268
230861,10,7,1,6,21,75,303,27,378,81,324,405
230913,10,7,1,4,30,18,65,34,83,22,95,117
230959,10,7,1,0,0,5,6,0,11,5,6,11
231059,10,7,1,3,0,8,22,3,30,11,22,33
231095,10,7,1,2,1,0,1,3,1,2,2,4
231165,10,7,1,15,33,32,39,48,71,47,72,119
231174,10,7,1,40,50,32,70,90,102,72,120,192
231280,10,7,1,0,2,0,0,2,0,0,2,2
231411,10,7,1,30,6,0,0,36,0,30,6,36
231420,10,7,1,11,22,13,26,33,39,24,48,72
231536,10,7,1,7,12,34,64,19,98,41,76,117
231624,10,7,1,62,52,71,113,114,184,133,165,298
231697,10,7,1,8,10,32,62,18,94,40,72,112
231785,10,7,1,7,47,5,77,54,82,12,124,136
231873,10,7,1,2,5,1,14,7,15,3,19,22
231882,10,7,1,10,21,10,34,31,44,20,55,75
232025,10,7,1,2,4,0,1,6,1,2,5,7
232043,10,7,1,7,6,8,44,13,52,15,50,65
232052,10,7,1,1,3,4,14,4,18,5,17,22
232089,10,7,1,1,2,0,4,3,4,1,6,7
232186,10,7,1,223,294,436,614,517,1050,659,908,1567
232195,10,7,1,14,35,57,166,49,223,71,201,272
232308,10,7,1,2,4,4,5,6,9,6,9,15
232414,10,7,1,22,37,79,246,59,325,101,283,384
232450,10,7,1,13,23,84,140,36,224,97,163,260
232557,10,7,1,2012,2817,2701,3352,4829,6053,4713,6169,10882
232566,10,7,1,13,16,47,114,29,161,60,130,190
232575,10,7,1,3,17,25,109,20,134,28,126,154
232609,10,7,1,31,43,12,25,74,37,43,68,111
232706,10,7,1,32,29,39,70,61,109,71,99,170
232788,10,7,1,10,20,13,33,30,46,23,53,76
232867,10,7,1,10,14,37,49,24,86,47,63,110
232946,10,7,1,105,139,417,712,244,1129,522,851,1373
232982,10,7,1,144,221,356,505,365,861,500,726,1226
233019,10,7,1,3,9,6,25,12,31,9,34,43
233037,10,7,1,0,7,7,31,7,38,7,38,45
233116,10,7,1,16,11,57,95,27,152,73,106,179
233277,10,7,1,14,40,33,138,54,171,47,178,225
233286,10,7,1,2,3,0,2,5,2,2,5,7
233295,10,7,1,1,1,0,0,2,0,1,1,2
233310,10,7,1,5,7,17,46,12,63,22,53,75
233338,10,7,1,1,3,1,2,4,3,2,5,7
233374,10,7,1,9,10,24,37,19,61,33,47,80
233426,10,7,1,1,1,2,1,2,3,3,2,5
233541,10,7,1,15,29,24,98,44,122,39,127,166
233611,10,7,1,0,2,1,1,2,2,1,3,4
233639,10,7,1,2,26,41,64,28,105,43,90,133
233648,10,7,1,8,19,14,31,27,45,22,50,72
233666,10,7,1,0,1,0,0,1,0,0,1,1
233754,10,7,1,21,44,55,140,65,195,76,184,260
233772,10,7,1,72,122,205,392,194,597,277,514,791
233903,10,7,1,10,13,18,42,23,60,28,55,83
233921,10,7,1,159,122,157,102,281,259,316,224,540
233949,10,7,1,10,36,66,102,46,168,76,138,214
234030,10,7,1,128,231,152,286,359,438,280,517,797
234076,10,7,1,196,135,122,220,331,342,318,355,673
234119,10,7,1,3,3,3,1,6,4,6,4,10
234155,10,7,1,18,26,5,25,44,30,23,51,74
234207,10,7,1,5,1,0,0,6,0,5,1,6
234377,10,7,1,2,10,13,35,12,48,15,45,60
234669,10,7,1,33,82,82,213,115,295,115,295,410
234696,10,7,1,36,33,14,27,69,41,50,60,110
234711,10,7,1,8,25,14,25,33,39,22,50,72
234827,10,7,1,65,97,42,71,162,113,107,168,275
234845,10,7,1,23,39,25,40,62,65,48,79,127
234924,10,7,1,0,10,0,0,10,0,0,10,10
234933,10,7,1,45,90,66,141,135,207,111,231,342
234951,10,7,1,59,81,40,96,140,136,99,177,276
234979,10,7,1,26,65,115,88,91,203,141,153,294
235024,10,7,1,1,1,0,0,2,0,1,1,2
235097,10,7,1,141,253,65,123,394,188,206,376,582
235103,10,7,1,45,53,136,270,98,406,181,323,504
235149,10,7,1,30,70,63,127,100,190,93,197,290
235237,10,7,1,52,124,157,308,176,465,209,432,641
235307,10,7,1,1,4,0,0,5,0,1,4,5
235316,10,7,1,78,113,36,66,191,102,114,179,293
235334,10,7,1,25,37,23,29,62,52,48,66,114
235343,10,7,1,44,67,47,87,111,134,91,154,245
235431,10,7,1,22,69,43,101,91,144,65,170,235
235547,10,7,1,14,41,4,5,55,9,18,46,64
235671,10,7,1,81,85,191,224,166,415,272,309,581
235699,10,7,1,32,63,62,223,95,285,94,286,380
235750,10,7,1,10,40,20,99,50,119,30,139,169
236072,10,7,1,43,57,147,450,100,597,190,507,697
236188,10,7,1,66,84,51,111,150,162,117,195,312
236258,10,7,1,12,39,33,64,51,97,45,103,148
236328,10,7,1,8,5,0,7,13,7,8,12,20
236382,10,7,1,43,40,214,69,83,283,257,109,366
236452,10,7,1,18,22,13,23,40,36,31,45,76
236504,10,7,1,39,18,331,95,57,426,370,113,483
236513,10,7,1,52,71,33,67,123,100,85,138,223
236577,10,7,1,10,31,11,30,41,41,21,61,82
236595,10,7,1,48,80,73,131,128,204,121,211,332
236610,10,7,1,34,52,73,246,86,319,107,298,405
236638,10,7,1,36,68,104,106,104,210,140,174,314
236656,10,7,1,37,51,24,107,88,131,61,158,219
236692,10,7,1,85,164,116,189,249,305,201,353,554
236708,10,7,1,24,62,26,54,86,80,50,116,166
236753,10,7,1,52,145,37,116,197,153,89,261,350
236887,10,7,1,55,55,75,43,110,118,130,98,228
236896,10,7,1,10,19,3,3,29,6,13,22,35
236939,10,7,1,206,253,208,270,459,478,414,523,937
236975,10,7,1,28,42,13,38,70,51,41,80,121
237011,10,7,1,44,63,27,33,107,60,71,96,167
237039,10,7,1,16,42,39,77,58,116,55,119,174
237066,10,7,1,5,14,4,26,19,30,9,40,49
237109,10,7,1,21,67,12,67,88,79,33,134,167
237118,10,7,1,0,5,1,4,5,5,1,9,10
237181,10,7,1,0,0,0,1,0,1,0,1,1
237303,10,7,1,3,0,0,0,3,0,3,0,3
237312,10,7,1,114,43,221,27,157,248,335,70,405
237321,10,7,1,0,2,0,0,2,0,0,2,2
237330,10,7,1,4,21,5,26,25,31,9,47,56
237358,10,7,1,1,4,0,2,5,2,1,6,7
237367,10,7,1,14,15,9,34,29,43,23,49,72
237385,10,7,1,7,7,39,3,14,42,46,10,56
237525,10,7,1,68,103,77,124,171,201,145,227,372
237686,10,7,1,12,34,21,44,46,65,33,78,111
237701,10,7,1,2,7,1,1,9,2,3,8,11
237792,10,7,1,14,28,29,61,42,90,43,89,132
237817,10,7,1,10,20,3,15,30,18,13,35,48
237899,10,7,1,14,14,7,19,28,26,21,33,54
237950,10,7,1,4,8,4,2,12,6,8,10,18
237969,10,7,1,0,2,0,1,2,1,0,3,3
238014,10,7,1,13,18,7,13,31,20,20,31,51
238032,10,7,1,101,90,126,128,191,254,227,218,445
238175,10,7,1,0,1,0,0,1,0,0,1,1
238193,10,7,1,16,80,8,47,96,55,24,127,151
238263,10,7,1,47,54,158,320,101,478,205,374,579
238397,10,7,1,16,34,52,99,50,151,68,133,201
238430,10,7,1,0,11,27,88,11,115,27,99,126
238458,10,7,1,4,8,3,17,12,20,7,25,32
238722,10,7,1,30,29,257,186,59,443,287,215,502
238759,10,7,1,23,26,91,208,49,299,114,234,348
239008,10,7,1,13,15,74,80,28,154,87,95,182
239071,10,7,1,3,1,25,17,4,42,28,18,46
239105,10,7,1,45,34,62,89,79,151,107,123,230
239169,10,7,1,16,18,5,16,34,21,21,34,55
239248,10,7,1,70,81,256,539,151,795,326,620,946
239309,10,7,1,1,0,1,0,1,1,2,0,2
239318,10,7,1,10,11,8,8,21,16,18,19,37
239372,10,7,1,15,20,53,113,35,166,68,133,201
239442,10,7,1,1,2,15,43,3,58,16,45,61
239488,10,7,1,36,52,126,270,88,396,162,322,484
239512,10,7,1,0,1,0,1,1,1,0,2,2
239716,10,7,1,1,1,4,5,2,9,5,6,11
239877,10,7,1,0,2,0,1,2,1,0,3,3
240107,10,7,1,21,58,18,91,79,109,39,149,188
240170,10,7,1,16,24,61,126,40,187,77,150,227
240189,10,7,1,35,50,126,142,85,268,161,192,353
240198,10,7,1,19,31,32,83,50,115,51,114,165
240268,10,7,1,9,16,70,80,25,150,79,96,175
240277,10,7,1,33,60,71,178,93,249,104,238,342
240329,10,7,1,9,13,26,55,22,81,35,68,103
240338,10,7,1,0,2,4,10,2,14,4,12,16
240365,10,7,1,23,56,108,110,79,218,131,166,297
240374,10,7,1,12,18,70,79,30,149,82,97,179
240417,10,7,1,22,20,84,132,42,216,106,152,258
240426,10,7,1,9,43,22,86,52,108,31,129,160
240444,10,7,1,231,250,146,182,481,328,377,432,809
240453,10,7,1,160,184,171,252,344,423,331,436,767
240462,10,7,1,12,10,69,29,22,98,81,39,120
240471,10,7,1,10,29,13,25,39,38,23,54,77
240480,10,7,1,16,18,34,75,34,109,50,93,143
240505,10,7,1,22,34,41,71,56,112,63,105,168
240514,10,7,1,4,13,45,39,17,84,49,52,101
240596,10,7,1,3,6,3,23,9,26,6,29,35
240620,10,7,1,12,31,20,68,43,88,32,99,131
240657,10,7,1,6,8,10,28,14,38,16,36,52
240666,10,7,1,16,20,30,56,36,86,46,76,122
240727,10,7,1,91,95,113,182,186,295,204,277,481
240745,10,7,1,6,14,19,24,20,43,25,38,63
240790,10,7,1,10,12,4,9,22,13,14,21,35
241182,10,7,1,6,19,0,0,25,0,6,19,25
241191,10,7,1,3,7,1,3,10,4,4,10,14
241225,10,7,1,4,4,1,15,8,16,5,19,24
241331,10,7,1,9,87,7,20,96,27,16,107,123
241377,10,7,1,17,30,6,19,47,25,23,49,72
241386,10,7,1,3,6,2,4,9,6,5,10,15
241395,10,7,1,5,20,4,30,25,34,9,50,59
241410,10,7,1,37,87,24,89,124,113,61,176,237
241720,10,7,1,8,23,8,14,31,22,16,37,53
241739,10,7,1,76,163,58,143,239,201,134,306,440
241766,10,7,1,6,1,3,0,7,3,9,1,10
241836,10,7,1,8,29,27,61,37,88,35,90,125
241906,10,7,1,1,7,0,0,8,0,1,7,8
241951,10,7,1,0,0,1,2,0,3,1,2,3
242112,10,7,1,12,13,1,6,25,7,13,19,32
242130,10,7,1,2,8,1,2,10,3,3,10,13
242149,10,7,1,5,15,1,10,20,11,6,25,31
242556,10,7,1,1,2,0,1,3,1,1,3,4
242617,10,7,1,23,29,17,20,52,37,40,49,89
242626,10,7,1,16,33,20,24,49,44,36,57,93
242635,10,7,1,12,67,12,29,79,41,24,96,120
242644,10,7,1,5,10,7,10,15,17,12,20,32
242653,10,7,1,65,141,45,83,206,128,110,224,334
242662,10,7,1,25,77,28,64,102,92,53,141,194
242680,10,7,1,7,18,6,11,25,17,13,29,42
242699,10,7,1,20,37,8,20,57,28,28,57,85
242705,10,7,1,14,13,8,12,27,20,22,25,47
242723,10,7,1,7,4,12,14,11,26,19,18,37
243106,10,7,1,0,1,1,3,1,4,1,4,5
243142,10,7,1,1,0,6,12,1,18,7,12,19
243179,10,7,1,0,2,0,2,2,2,0,4,4
243188,10,7,1,3,1,1,0,4,1,4,1,5
243203,10,7,1,14,54,2,14,68,16,16,68,84
243212,10,7,1,0,0,3,10,0,13,3,10,13
243221,10,7,1,82,105,28,40,187,68,110,145,255
243346,10,7,1,47,116,44,87,163,131,91,203,294
243443,10,7,1,15,34,26,52,49,78,41,86,127
243577,10,7,1,35,12,61,29,47,90,96,41,137
243586,10,7,1,5,7,2,4,12,6,7,11,18
243601,10,7,1,96,207,77,138,303,215,173,345,518
243638,10,7,1,5,16,8,21,21,29,13,37,50
243647,10,7,1,2,4,6,4,6,10,8,8,16
243744,10,7,1,197,138,76,25,335,101,273,163,436
243780,10,7,1,161,80,356,294,241,650,517,374,891
243832,10,7,1,27,54,38,75,81,113,65,129,194
243841,10,7,1,7,28,0,10,35,10,7,38,45
244437,10,7,1,33,55,113,340,88,453,146,395,541
244446,10,7,1,12,19,34,112,31,146,46,131,177
245281,10,7,1,3,5,0,0,8,0,3,5,8
245625,10,7,1,3,4,8,37,7,45,11,41,52
246789,10,7,1,1,2,8,6,3,14,9,8,17
246813,10,7,1,9,13,28,104,22,132,37,117,154
246895,10,7,1,8,13,4,6,21,10,12,19,31
247603,10,7,1,13,10,10,21,23,31,23,31,54
247834,10,7,1,95,121,207,461,216,668,302,582,884
247940,10,7,1,24,33,48,57,57,105,72,90,162
248925,10,7,1,11,22,5,3,33,8,16,25,41
248934,10,7,1,585,807,1,6,1392,7,586,813,1399
249238,10,7,1,1,11,0,10,12,10,1,21,22
251260,10,7,1,8,21,15,52,29,67,23,73,96
260813,10,7,1,1,18,0,0,19,0,1,18,19
260929,10,7,1,3,6,0,0,9,0,3,6,9
262031,10,7,1,12,23,36,116,35,152,48,139,187
262086,10,7,1,132,263,291,688,395,979,423,951,1374
262129,10,7,1,3,2,0,0,5,0,3,2,5
262341,10,7,1,11,2,0,0,13,0,11,2,13
363165,10,7,1,22,21,5,2,43,7,27,23,50
363633,10,7,1,2,6,11,17,8,28,13,23,36
363907,10,7,1,17,16,14,9,33,23,31,25,56
363916,10,7,1,3,11,1,1,14,2,4,12,16
364016,10,7,1,11,15,70,146,26,216,81,161,242
364025,10,7,1,14,18,93,161,32,254,107,179,286
364636,10,7,1,1,5,0,1,6,1,1,6,7
365198,10,7,1,0,4,5,4,4,9,5,8,13
365480,10,7,1,1,6,2,1,7,3,3,7,10
366003,10,7,1,6,13,20,13,19,33,26,26,52
366252,10,7,1,13,13,15,47,26,62,28,60,88
366395,10,7,1,31,68,70,233,99,303,101,301,402
366401,10,7,1,10,21,60,175,31,235,70,196,266
366465,10,7,1,10,29,12,50,39,62,22,79,101
366623,10,7,1,0,0,1,0,0,1,1,0,1
366632,10,7,1,0,1,0,0,1,0,0,1,1
366711,10,7,1,72,128,50,110,200,160,122,238,360
367334,10,7,1,15,0,8,1,15,9,23,1,24
367459,10,7,1,12,14,48,95,26,143,60,109,169
367954,10,7,1,74,180,11,46,254,57,85,226,311
368230,10,7,1,0,3,0,3,3,3,0,6,6
368911,10,7,1,3,12,11,40,15,51,14,52,66
372356,10,7,1,0,9,0,0,9,0,0,9,9
374574,10,7,1,8,18,2,23,26,25,10,41,51
375106,10,7,1,17,2,3,0,19,3,20,2,22
375407,10,7,1,3,7,0,1,10,1,3,8,11
375416,10,7,1,14,4,0,0,18,0,14,4,18
375726,10,7,1,10,65,6,3,75,9,16,68,84
375984,10,7,1,0,10,1,3,10,4,1,13,14
376288,10,7,1,1,7,0,0,8,0,1,7,8
376385,10,7,1,9,12,0,1,21,1,9,13,22
376446,10,7,1,0,3,0,7,3,7,0,10,10
376631,10,7,1,1,0,0,0,1,0,1,0,1
377218,10,7,1,7,0,0,0,7,0,7,0,7
377643,10,7,1,2,7,0,0,9,0,2,7,9
377722,10,7,1,2,24,0,0,26,0,2,24,26
379621,10,7,1,1,6,0,2,7,2,1,8,9
380359,10,7,1,6,21,5,28,27,33,11,49,60
382258,10,7,1,0,2,0,3,2,3,0,5,5
383190,10,7,1,19,10,15,57,29,72,34,67,101
383765,10,7,1,1,2,0,3,3,3,1,5,6
383996,10,7,1,1,3,16,22,4,38,17,25,42
384333,10,7,1,11,18,69,172,29,241,80,190,270
384342,10,7,1,13,23,37,93,36,130,50,116,166
385415,10,7,1,7,15,0,4,22,4,7,19,26
395362,10,7,1,3,21,23,57,24,80,26,78,104
399212,10,7,1,5,10,524,132,15,656,529,142,671
399911,10,7,1,1,0,0,0,1,0,1,0,1
400187,10,7,1,3,28,3,21,31,24,6,49,55
401764,10,7,1,0,4,0,10,4,10,0,14,14
403469,10,7,1,1,5,141,45,6,186,142,50,192
403478,10,7,1,0,11,3,7,11,10,3,18,21
403487,10,7,1,1,3,3,14,4,17,4,17,21
404222,10,7,1,4,2,0,0,6,0,4,2,6
404426,10,7,1,6,7,27,56,13,83,33,63,96
404684,10,7,1,2,5,0,0,7,0,2,5,7
405872,10,7,1,4,6,19,54,10,73,23,60,83
407179,10,7,1,0,1,0,1,1,1,0,2,2
407461,10,7,1,8,2,0,0,10,0,8,2,10
407470,10,7,1,0,7,0,8,7,8,0,15,15
407735,10,7,1,0,2,0,0,2,0,0,2,2
407832,10,7,1,1,1,7,3,2,10,8,4,12
408066,10,7,1,0,1,0,3,1,3,0,4,4
408844,10,7,1,51,127,26,83,178,109,77,210,287
409254,10,7,1,0,4,2,38,4,40,2,42,44
409591,10,7,1,0,1,0,0,1,0,0,1,1
409698,10,7,1,29,69,57,60,98,117,86,129,215
412544,10,7,1,0,2,0,2,2,2,0,4,4
413617,10,7,1,1,8,7,19,9,26,8,27,35
414878,10,7,1,15,11,52,41,26,93,67,52,119
414911,10,7,1,2,12,5,16,14,21,7,28,35
414966,10,7,1,3,0,7,5,3,12,10,5,15
415039,10,7,1,0,3,0,0,3,0,0,3,3
416801,10,7,1,5,21,1,6,26,7,6,27,33
417008,10,7,1,0,2,0,0,2,0,0,2,2
417655,10,7,1,0,1,0,0,1,0,0,1,1
417716,10,7,1,0,22,0,0,22,0,0,22,22
417734,10,7,1,2,2,1,7,4,8,3,9,12
417840,10,7,1,3,40,0,0,43,0,3,40,43
417886,10,7,1,0,3,0,0,3,0,0,3,3
417910,10,7,1,4,20,0,0,24,0,4,20,24
418029,10,7,1,0,4,0,0,4,0,0,4,4
418065,10,7,1,3,12,1,5,15,6,4,17,21
418083,10,7,1,0,3,0,0,3,0,0,3,3
418481,10,7,1,0,3,0,0,3,0,0,3,3
418533,10,7,1,2,8,0,4,10,4,2,12,14
418588,10,7,1,0,2,0,0,2,0,0,2,2
420042,10,7,1,3,2,0,0,5,0,3,2,5
420130,10,7,1,1,29,0,0,30,0,1,29,30
420246,10,7,1,9,59,2,6,68,8,11,65,76
420343,10,7,1,13,1,10,0,14,10,23,1,24
420431,10,7,1,7,20,23,72,27,95,30,92,122
420440,10,7,1,3,11,16,41,14,57,19,52,71
420538,10,7,1,5,14,11,33,19,44,16,47,63
420556,10,7,1,2,13,5,17,15,22,7,30,37
421610,10,7,1,0,3,0,0,3,0,0,3,3
421717,10,7,1,0,0,1,2,0,3,1,2,3
423643,10,7,1,66,52,2,7,118,9,68,59,127
423652,10,7,1,0,11,5,13,11,18,5,24,29
426314,10,7,1,489,93,1145,151,582,1296,1634,244,1878
428055,10,7,1,2,3,0,0,5,0,2,3,5
430227,10,7,1,0,3,0,0,3,0,0,3,3
430403,10,7,1,0,27,0,0,27,0,0,27,27
430564,10,7,1,0,3,1,1,3,2,1,4,5
430971,10,7,1,1,4,0,0,5,0,1,4,5
431275,10,7,1,0,2,1,4,2,5,1,6,7
431284,10,7,1,0,6,0,2,6,2,0,8,8
433040,10,7,1,0,3,0,0,3,0,0,3,3
433101,10,7,1,5,21,1,26,26,27,6,47,53
433387,10,7,1,9832,17296,0,0,27128,0,9832,17296,27128
433420,10,7,1,14,1,0,0,15,0,14,1,15
433660,10,7,1,29,61,83,154,90,237,112,215,327
434061,10,7,1,26,108,41,150,134,191,67,258,325
434159,10,7,1,22,3,0,0,25,0,22,3,25
434469,10,7,1,0,49,0,0,49,0,0,49,49
434584,10,7,1,0,5,7,17,5,24,7,22,29
434672,10,7,1,36,81,184,614,117,798,220,695,915
435000,10,7,1,8,9,2,5,17,7,10,14,24
436553,10,7,1,5,16,0,0,21,0,5,16,21
436818,10,7,1,2,3,1,4,5,5,3,7,10
436827,10,7,1,1,2,1,0,3,1,2,2,4
436836,10,7,1,5,9,5,1,14,6,10,10,20
437103,10,7,1,43,134,85,281,177,366,128,415,543
438586,10,7,1,41,85,8,17,126,25,49,102,151
438708,10,7,1,0,5,1,5,5,6,1,10,11
439190,10,7,1,6,6,8,8,12,16,14,14,28
439367,10,7,1,36,80,0,0,116,0,36,80,116
439844,10,7,1,0,1,0,0,1,0,0,1,1
440031,10,7,1,1,12,1,4,13,5,2,16,18
440101,10,7,1,0,7,0,6,7,6,0,13,13
440271,10,7,1,9,10,0,0,19,0,9,10,19
440749,10,7,1,1,0,6,2,1,8,7,2,9
440828,10,7,1,11,10,13,16,21,29,24,26,50
441131,10,7,1,7,21,3,10,28,13,10,31,41
441371,10,7,1,33,930,0,0,963,0,33,930,963
441690,10,7,1,1,4,13,4,5,17,14,8,22
441760,10,7,1,39,32,23,79,71,102,62,111,173
441900,10,7,1,20,46,57,174,66,231,77,220,297
441937,10,7,1,24,43,33,78,67,111,57,121,178
442073,10,7,1,6,14,1,19,20,20,7,33,40
442240,10,7,1,1,9,1,6,10,7,2,15,17
442329,10,7,1,23,4,0,0,27,0,23,4,27
442356,10,7,1,2,23,21,118,25,139,23,141,164
442523,10,7,1,0,1,0,0,1,0,0,1,1
442930,10,7,1,5,7,2,0,12,2,7,7,14
443049,10,7,1,14,3,8,5,17,13,22,8,30
443058,10,7,1,5,3,10,13,8,23,15,16,31
443100,10,7,1,3,4,0,0,7,0,3,4,7
443331,10,7,1,32,144,6,28,176,34,38,172,210
443641,10,7,1,0,3,0,0,3,0,0,3,3
444219,10,7,1,13,28,170,249,41,419,183,277,460
444282,10,7,1,0,0,0,3,0,3,0,3,3
444291,10,7,1,0,4,0,3,4,3,0,7,7
444307,10,7,1,0,1,1,0,1,1,1,1,2
444486,10,7,1,0,10,0,0,10,0,0,10,10
444556,10,7,1,8,9,0,0,17,0,8,9,17
444565,10,7,1,14,9,7,3,23,10,21,12,33
444583,10,7,1,4,7,0,0,11,0,4,7,11
444671,10,7,1,2,2,0,0,4,0,2,2,4
444787,10,7,1,39,247,31,151,286,182,70,398,468
445027,10,7,1,942,1288,57,109,2230,166,999,1397,2396
445133,10,7,1,4,5,2,6,9,8,6,11,17
445188,10,7,1,36,28,1,1,64,2,37,29,66
445212,10,7,1,1,0,0,0,1,0,1,0,1
445267,10,7,1,8,73,28,106,81,134,36,179,215
445498,10,7,1,1,0,0,0,1,0,1,0,1
445708,10,7,1,6,2,0,0,8,0,6,2,8
445911,10,7,1,3,7,6,12,10,18,9,19,28
445948,10,7,1,34,121,0,0,155,0,34,121,155
446206,10,7,1,0,1,0,1,1,1,0,2,2
446233,10,7,1,0,0,0,1,0,1,0,1,1
446251,10,7,1,5,10,0,0,15,0,5,10,15
446288,10,7,1,0,3,0,0,3,0,0,3,3
446774,10,7,1,11,18,121,172,29,293,132,190,322
447148,10,7,1,2,5,0,2,7,2,2,7,9
447166,10,7,1,1,3,0,1,4,1,1,4,5
447175,10,7,1,2,3,0,2,5,2,2,5,7
447582,10,7,1,12,23,0,15,35,15,12,38,50
447689,10,7,1,33,55,32,61,88,93,65,116,181
447698,10,7,1,3,9,2,4,12,6,5,13,18
447759,10,7,1,7,11,0,3,18,3,7,14,21
447999,10,7,1,2,16,0,0,18,0,2,16,18
448026,10,7,1,1,3,0,2,4,2,1,5,6
448196,10,7,1,0,10,0,0,10,0,0,10,10
448220,10,7,1,0,6,0,0,6,0,0,6,6
448248,10,7,1,5,6,44,18,11,62,49,24,73
448594,10,7,1,11,28,36,80,39,116,47,108,155
448673,10,7,1,8,133,22,194,141,216,30,327,357
448798,10,7,1,0,1,0,0,1,0,0,1,1
449320,10,7,1,4,0,5,0,4,5,9,0,9
449357,10,7,1,1,8,0,0,9,0,1,8,9
449384,10,7,1,5,0,23,10,5,33,28,10,38
449472,10,7,1,0,7,0,0,7,0,0,7,7
449481,10,7,1,3,8,0,0,11,0,3,8,11
449889,10,7,1,418,1263,0,0,1681,0,418,1263,1681
449922,10,7,1,4,1,0,0,5,0,4,1,5
449959,10,7,1,2,3,2,2,5,4,4,5,9
449968,10,7,1,4,7,1,1,11,2,5,8,13
449977,10,7,1,0,1,0,4,1,4,0,5,5
449986,10,7,1,2,6,0,9,8,9,2,15,17
449995,10,7,1,1,3,0,3,4,3,1,6,7
450571,10,7,1,7,28,5,28,35,33,12,56,68
450599,10,7,1,0,2,0,0,2,0,0,2,2
450605,10,7,1,0,0,0,2,0,2,0,2,2
450614,10,7,1,1,3,0,2,4,2,1,5,6
450641,10,7,1,0,12,3,10,12,13,3,22,25
450720,10,7,1,0,5,0,12,5,12,0,17,17
450933,10,7,1,1298,836,709,272,2134,981,2007,1108,3115
451079,10,7,1,1,7,0,0,8,0,1,7,8
451121,10,7,1,0,2,0,3,2,3,0,5,5
451510,10,7,1,6,7,3,2,13,5,9,9,18
451565,10,7,1,1,5,0,1,6,1,1,6,7
451583,10,7,1,0,0,22,3,0,25,22,3,25
451714,10,7,1,1,11,1,9,12,10,2,20,22
451750,10,7,1,4,29,4,43,33,47,8,72,80
451857,10,7,1,0,3,0,0,3,0,0,3,3
451918,10,7,1,2,4,0,0,6,0,2,4,6
452009,10,7,1,0,1,0,0,1,0,0,1,1
453297,10,7,1,0,0,0,1,0,1,0,1,1
454227,10,7,1,49,508,409,3666,557,4075,458,4174,4632
454236,10,7,1,2,20,0,25,22,25,2,45,47
454245,10,7,1,6,13,7,33,19,40,13,46,59
454652,10,7,1,0,2,0,0,2,0,0,2,2
454698,10,7,1,2,7,0,0,9,0,2,7,9
454768,10,7,1,1,1,1,7,2,8,2,8,10
454777,10,7,1,2,12,0,2,14,2,2,14,16
454810,10,7,1,343,784,0,0,1127,0,343,784,1127
454926,10,7,1,0,12,1,1,12,2,1,13,14
454944,10,7,1,2,5,0,0,7,0,2,5,7
455026,10,7,1,0,0,1,0,0,1,1,0,1
455080,10,7,1,1,3,0,0,4,0,1,3,4
455114,10,7,1,42,53,68,163,95,231,110,216,326
455196,10,7,1,40,515,0,0,555,0,40,515,555
455284,10,7,1,1,6,0,3,7,3,1,9,10
455406,10,7,1,12,9,0,0,21,0,12,9,21
455512,10,7,1,8,13,41,103,21,144,49,116,165
455831,10,7,1,1,8,0,0,9,0,1,8,9
455868,10,7,1,3,19,0,0,22,0,3,19,22
455901,10,7,1,0,3,1,1,3,2,1,4,5
456029,10,7,1,0,4,0,3,4,3,0,7,7
456065,10,7,1,0,5,0,2,5,2,0,7,7
456074,10,7,1,0,2,0,0,2,0,0,2,2
456135,10,7,1,0,4,0,1,4,1,0,5,5
456481,10,7,1,0,1,3,7,1,10,3,8,11
456542,10,7,1,3,6,1,3,9,4,4,9,13
456825,10,7,1,0,2,0,2,2,2,0,4,4
456959,10,7,1,1,0,0,1,1,1,1,1,2
457129,10,7,1,2,29,10,68,31,78,12,97,109
457253,10,7,1,0,6,0,4,6,4,0,10,10
457299,10,7,1,4,33,0,5,37,5,4,38,42
457323,10,7,1,2,18,0,0,20,0,2,18,20
457475,10,7,1,1,4,0,0,5,0,1,4,5
457493,10,7,1,0,3,0,0,3,0,0,3,3
457527,10,7,1,0,0,0,25,0,25,0,25,25
457545,10,7,1,0,2,0,3,2,3,0,5,5
457633,10,7,1,0,1,1,9,1,10,1,10,11
457679,10,7,1,0,1,0,0,1,0,0,1,1
457855,10,7,1,0,3,0,1,3,1,0,4,4
458140,10,7,1,6,1,0,0,7,0,6,1,7
458210,10,7,1,83,288,27,106,371,133,110,394,504
458229,10,7,1,36,165,6,39,201,45,42,204,246
458274,10,7,1,0,4,0,1,4,1,0,5,5
458803,10,7,1,0,5,0,3,5,3,0,8,8
458812,10,7,1,0,6,0,0,6,0,0,6,6
458821,10,7,1,0,3,0,0,3,0,0,3,3
458830,10,7,1,0,7,2,9,7,11,2,16,18
458858,10,7,1,0,10,0,10,10,10,0,20,20
458867,10,7,1,0,15,0,4,15,4,0,19,19
459019,10,7,1,2,2,0,2,4,2,2,4,6
459046,10,7,1,0,3,0,0,3,0,0,3,3
459055,10,7,1,0,3,0,1,3,1,0,4,4
459064,10,7,1,0,0,0,1,0,1,0,1,1
459116,10,7,1,1,6,0,0,7,0,1,6,7
459170,10,7,1,2,4,0,5,6,5,2,9,11
459198,10,7,1,6,8,0,5,14,5,6,13,19
459231,10,7,1,1,13,0,0,14,0,1,13,14
459286,10,7,1,2,8,0,1,10,1,2,9,11
459301,10,7,1,1,5,0,1,6,1,1,6,7
459392,10,7,1,1,3,0,1,4,1,1,4,5
459417,10,7,1,1,0,0,0,1,0,1,0,1
459523,10,7,1,1,7,0,0,8,0,1,7,8
459578,10,7,1,0,4,1,1,4,2,1,5,6
459736,10,7,1,12,31,6,6,43,12,18,37,55
459949,10,7,1,62,87,107,213,149,320,169,300,469
460349,10,7,1,13,29,88,150,42,238,101,179,280
460394,10,7,1,13,23,170,231,36,401,183,254,437
460464,10,7,1,27,10,157,180,37,337,184,190,374
460677,10,7,1,1,25,1,5,26,6,2,30,32
460862,10,7,1,0,7,0,6,7,6,0,13,13
460871,10,7,1,1,16,6,52,17,58,7,68,75
460932,10,7,1,0,1,0,0,1,0,0,1,1
461193,10,7,1,0,1,0,0,1,0,0,1,1
461272,10,7,1,0,1,0,2,1,2,0,3,3
461379,10,7,1,0,0,0,4,0,4,0,4,4
461421,10,7,1,0,2,0,0,2,0,0,2,2
461591,10,7,1,1,7,0,0,8,0,1,7,8
461652,10,7,1,0,6,0,0,6,0,0,6,6
461704,10,7,1,1,6,0,0,7,0,1,6,7
461759,10,7,1,5,3,2,2,8,4,7,5,12
461829,10,7,1,4,4,0,0,8,0,4,4,8
461883,10,7,1,4,6,2,2,10,4,6,8,14
461917,10,7,1,0,4,0,1,4,1,0,5,5
462008,10,7,1,2,7,0,2,9,2,2,9,11
462071,10,7,1,2,9,0,1,11,1,2,10,12
463056,10,7,1,1,4,2,2,5,4,3,6,9
466921,10,7,1,0,10,4,17,10,21,4,27,31
466930,10,7,1,7,40,26,145,47,171,33,185,218
467863,10,7,1,3,5,3,0,8,3,6,5,11
467872,10,7,1,1,3,0,3,4,3,1,6,7
468893,10,7,1,1,1,0,4,2,4,1,5,6
470047,10,7,1,5,0,0,0,5,0,5,0,5
474863,10,7,1,22,88,31,179,110,210,53,267,320
474915,10,7,1,0,5,0,8,5,8,0,13,13
474924,10,7,1,0,0,0,9,0,9,0,9,9
475200,10,7,1,1,5,11,22,6,33,12,27,39
475431,10,7,1,0,5,0,0,5,0,0,5,5
475486,10,7,1,2,9,1,4,11,5,3,13,16
475547,10,7,1,1,2,1,4,3,5,2,6,8
475556,10,7,1,0,2,0,1,2,1,0,3,3
475653,10,7,1,0,1,0,0,1,0,0,1,1
475723,10,7,1,4,4,11,9,8,20,15,13,28
475732,10,7,1,8,46,10,109,54,119,18,155,173
475741,10,7,1,0,13,1,15,13,16,1,28,29
475839,10,7,1,13,7,10,7,20,17,23,14,37
476063,10,7,1,21,2,0,0,23,0,21,2,23
476179,10,7,1,0,6,0,6,6,6,0,12,12
476805,10,7,1,0,1,0,0,1,0,0,1,1
476841,10,7,1,0,5,0,3,5,3,0,8,8
476975,10,7,1,118,109,580,776,227,1356,698,885,1583
476984,10,7,1,0,10,1,3,10,4,1,13,14
477039,10,7,1,14,117,7,51,131,58,21,168,189
478582,10,7,1,0,8,1,4,8,5,1,12,13
478616,10,7,1,0,5,0,1,5,1,0,6,6
478953,10,7,1,0,8,0,0,8,0,0,8,8
479956,10,7,1,112,122,809,702,234,1511,921,824,1745
479983,10,7,1,3,5,0,0,8,0,3,5,8
480028,10,7,1,19,6,0,0,25,0,19,6,25
480091,10,7,1,87,679,41,363,766,404,128,1042,1170
480310,10,7,1,0,4,0,3,4,3,0,7,7
480569,10,7,1,17,30,53,57,47,110,70,87,157
480657,10,7,1,3,26,1,39,29,40,4,65,69
480790,10,7,1,22,17,1,0,39,1,23,17,40
480921,10,7,1,9,0,0,0,9,0,9,0,9
480930,10,7,1,0,2,0,2,2,2,0,4,4
480976,10,7,1,0,2,0,0,2,0,0,2,2
481191,10,7,1,2,8,0,0,10,0,2,8,10
481225,10,7,1,2,0,0,0,2,0,2,0,2
481526,10,7,1,0,12,0,0,12,0,0,12,12
481678,10,7,1,0,3,0,2,3,2,0,5,5
481739,10,7,1,0,1,0,1,1,1,0,2,2
481748,10,7,1,1,2,0,2,3,2,1,4,5
481845,10,7,1,0,5,0,1,5,1,0,6,6
482149,10,7,1,59,105,44,98,164,142,103,203,306
482158,10,7,1,46,75,84,141,121,225,130,216,346
482167,10,7,1,0,3,0,9,3,9,0,12,12
482176,10,7,1,0,6,0,1,6,1,0,7,7
482413,10,7,1,21,15,20,38,36,58,41,53,94
482422,10,7,1,3,2,6,4,5,10,9,6,15
482431,10,7,1,63,56,83,63,119,146,146,119,265
482459,10,7,1,5,17,11,18,22,29,16,35,51
482468,10,7,1,12,16,11,26,28,37,23,42,65
482477,10,7,1,577,971,842,1796,1548,2638,1419,2767,4186
482547,10,7,1,2,0,1,0,2,1,3,0,3
482556,10,7,1,3,0,5,3,3,8,8,3,11
482574,10,7,1,8,7,5,12,15,17,13,19,32
482635,10,7,1,9,3,10,5,12,15,19,8,27
482653,10,7,1,5,2,2,3,7,5,7,5,12
482680,10,7,1,24,59,57,121,83,178,81,180,261
482699,10,7,1,1,20,2,21,21,23,3,41,44
482705,10,7,1,14,36,208,317,50,525,222,353,575
482936,10,7,1,3,0,2,1,3,3,5,1,6
483036,10,7,1,25,48,65,116,73,181,90,164,254
483045,10,7,1,31,89,103,261,120,364,134,350,484
483054,10,7,1,10,4,0,0,14,0,10,4,14
483124,10,7,1,637,980,2073,2436,1617,4509,2710,3416,6126
483328,10,7,1,0,1,0,1,1,1,0,2,2
483337,10,7,1,0,3,0,1,3,1,0,4,4
483559,10,7,1,0,1,0,1,1,1,0,2,2
483595,10,7,1,196,570,96,324,766,420,292,894,1186
483823,10,7,1,38,22,0,0,60,0,38,22,60
483911,10,7,1,0,1,0,0,1,0,0,1,1
483975,10,7,1,10,4,1,0,14,1,11,4,15
484011,10,7,1,2,1,0,1,3,1,2,2,4
484093,10,7,1,0,2,0,1,2,1,0,3,3
484109,10,7,1,0,1,0,0,1,0,0,1,1
484190,10,7,1,1,0,0,0,1,0,1,0,1
484394,10,7,1,0,2,1,1,2,2,1,3,4
484473,10,7,1,21,32,115,110,53,225,136,142,278
484613,10,7,1,4464,10785,0,0,15249,0,4464,10785,15249
484631,10,7,1,65,69,0,0,134,0,65,69,134
484710,10,7,1,5,0,0,0,5,0,5,0,5
484756,10,7,1,8,10,0,0,18,0,8,10,18
484905,10,7,1,23,40,64,108,63,172,87,148,235
485014,10,7,1,0,4,0,2,4,2,0,6,6
485032,10,7,1,1,4,2,1,5,3,3,5,8
485111,10,7,1,17,66,38,110,83,148,55,176,231
485272,10,7,1,5,37,2,21,42,23,7,58,65
485397,10,7,1,0,3,0,6,3,6,0,9,9
485458,10,7,1,6,26,23,74,32,97,29,100,129
485476,10,7,1,0,3,0,0,3,0,0,3,3
485494,10,7,1,8,1,0,1,9,1,8,2,10
485768,10,7,1,23,58,0,0,81,0,23,58,81
486123,10,7,1,1,1,0,0,2,0,1,1,2
486567,10,7,1,0,6,0,0,6,0,0,6,6
486691,10,7,1,0,2,0,6,2,6,0,8,8
486798,10,7,1,60,7,0,0,67,0,60,7,67
486840,10,7,1,172,177,358,390,349,748,530,567,1097
486886,10,7,1,0,0,0,1,0,1,0,1,1
486938,10,7,1,6,14,2,27,20,29,8,41,49
486947,10,7,1,0,16,3,20,16,23,3,36,39
486956,10,7,1,9,52,14,84,61,98,23,136,159
486983,10,7,1,1,0,0,0,1,0,1,0,1
487010,10,7,1,29,48,9,27,77,36,38,75,113
487162,10,7,1,17,45,23,119,62,142,40,164,204
487348,10,7,1,0,4,0,2,4,2,0,6,6
487524,10,7,1,8,11,22,54,19,76,30,65,95
487676,10,7,1,0,5,0,5,5,5,0,10,10
487773,10,7,1,0,0,0,2,0,2,0,2,2
487861,10,7,1,7,40,2,10,47,12,9,50,59
487922,10,7,1,0,2,0,1,2,1,0,3,3
487995,10,7,1,3,7,0,5,10,5,3,12,15
488013,10,7,1,1,25,0,2,26,2,1,27,28
488031,10,7,1,5,13,0,0,18,0,5,13,18
488077,10,7,1,447,17,224,3,464,227,671,20,691
488271,10,7,1,0,4,0,0,4,0,0,4,4
488305,10,7,1,0,1,4,0,1,4,4,1,5
488332,10,7,1,8,59,0,0,67,0,8,59,67
488989,10,7,1,0,3,1,3,3,4,1,6,7
488998,10,7,1,1,4,0,0,5,0,1,4,5
489140,10,7,1,0,1,0,3,1,3,0,4,4
489201,10,7,1,4,17,68,189,21,257,72,206,278
489335,10,7,1,0,0,4,1,0,5,4,1,5
489344,10,7,1,1,8,2,12,9,14,3,20,23
489353,10,7,1,6,24,4,12,30,16,10,36,46
489779,10,7,1,651,1118,1866,2902,1769,4768,2517,4020,6537
489858,10,7,1,9,20,0,0,29,0,9,20,29
490230,10,7,1,14,21,0,0,35,0,14,21,35
490258,10,7,1,1,7,0,0,8,0,1,7,8
490300,10,7,1,0,2,2,2,2,4,2,4,6
490416,10,7,1,1,0,0,0,1,0,1,0,1
490425,10,7,1,0,9,0,0,9,0,0,9,9
490601,10,7,1,6,6,0,0,12,0,6,6,12
490753,10,7,1,0,3,0,0,3,0,0,3,3
490805,10,7,1,19,62,45,166,81,211,64,228,292
491136,10,7,1,0,5,0,1,5,1,0,6,6
491145,10,7,1,0,4,0,1,4,1,0,5,5
491534,10,7,1,0,0,0,1,0,1,0,1,1
491598,10,7,1,0,4,0,0,4,0,0,4,4
491808,10,7,1,7,15,0,2,22,2,7,17,24
491826,10,7,1,0,6,0,0,6,0,0,6,6
491835,10,7,1,0,1,0,0,1,0,0,1,1
491941,10,7,1,1,8,0,0,9,0,1,8,9
491978,10,7,1,1,1,1,1,2,2,2,2,4
492209,10,7,1,1,2,0,2,3,2,1,4,5
492476,10,7,1,3,14,5,20,17,25,8,34,42
492689,10,7,1,16,29,1,6,45,7,17,35,52
492759,10,7,1,1,16,1,31,17,32,2,47,49
492801,10,7,1,13,36,22,23,49,45,35,59,94
492962,10,7,1,73,101,109,160,174,269,182,261,443
493451,10,7,1,1,2,0,0,3,0,1,2,3
493655,10,7,1,3,2,0,1,5,1,3,3,6
493673,10,7,1,4,9,9,6,13,15,13,15,28
493804,10,7,1,4,0,0,0,4,0,4,0,4
493831,10,7,1,1,5,0,0,6,0,1,5,6
494010,10,7,1,0,4,0,0,4,0,0,4,4
494278,10,7,1,1,15,3,21,16,24,4,36,40
494287,10,7,1,7,13,16,49,20,65,23,62,85
494472,10,7,1,0,1,0,0,1,0,0,1,1
494551,10,7,1,0,0,1,1,0,2,1,1,2
494898,10,7,1,2,7,0,0,9,0,2,7,9
494959,10,7,1,0,4,1,2,4,3,1,6,7
495077,10,7,1,0,2,0,0,2,0,0,2,2
495101,10,7,1,0,4,0,0,4,0,0,4,4
495271,10,7,1,0,0,1,10,0,11,1,10,11
495350,10,7,1,1,1,0,0,2,0,1,1,2
495369,10,7,1,1,0,0,2,1,2,1,2,3
495411,10,7,1,0,4,0,0,4,0,0,4,4
495518,10,7,1,0,2,0,6,2,6,0,8,8
496043,10,7,1,8,0,0,0,8,0,8,0,8
496618,10,7,1,2,15,0,0,17,0,2,15,17
496636,10,7,1,8,32,0,0,40,0,8,32,40
496733,10,7,1,1,7,0,0,8,0,1,7,8
497000,10,7,1,12,19,0,0,31,0,12,19,31
497037,10,7,1,8,58,5,29,66,34,13,87,100
497046,10,7,1,4,13,53,207,17,260,57,220,277
497107,10,7,1,0,0,0,14,0,14,0,14,14
497301,10,7,1,0,5,0,9,5,9,0,14,14
497417,10,7,1,0,1,0,0,1,0,0,1,1
497480,10,7,1,2,123,12,10,125,22,14,133,147
497790,10,7,1,0,3,0,0,3,0,0,3,3
498562,10,7,1,21,39,31,99,60,130,52,138,190
498571,10,7,1,70,127,150,266,197,416,220,393,613
100663,10,7,2,26,31,62,148,57,210,88,179,267
100706,10,7,2,29,29,28,33,58,61,57,62,119
100751,10,7,2,34,36,112,162,70,274,146,198,344
100760,10,7,2,2,11,5,24,13,29,7,35,42
100812,10,7,2,10,57,40,127,67,167,50,184,234
100830,10,7,2,11,33,10,45,44,55,21,78,99
100858,10,7,2,20,14,22,22,34,44,42,36,78
100937,10,7,2,0,2,1,0,2,1,1,2,3
101143,10,7,2,10,18,10,32,28,42,20,50,70
101161,10,7,2,9,45,23,98,54,121,32,143,175
101189,10,7,2,31,56,17,39,87,56,48,95,143
101240,10,7,2,18,42,24,88,60,112,42,130,172
101286,10,7,2,13,37,17,136,50,153,30,173,203
101295,10,7,2,12,31,25,89,43,114,37,120,157
101301,10,7,2,3,8,2,32,11,34,5,40,45
101435,10,7,2,0,0,0,2,0,2,0,2,2
101453,10,7,2,4,0,7,0,4,7,11,0,11
101462,10,7,2,3,4,11,33,7,44,14,37,51
101480,10,7,2,17,44,17,41,61,58,34,85,119
101505,10,7,2,20,42,52,173,62,225,72,215,287
101514,10,7,2,33,43,64,176,76,240,97,219,316
101569,10,7,2,13,31,14,76,44,90,27,107,134
101587,10,7,2,21,107,11,19,128,30,32,126,158
101709,10,7,2,4,6,0,3,10,3,4,9,13
101736,10,7,2,8,12,10,51,20,61,18,63,81
101897,10,7,2,10,11,16,27,21,43,26,38,64
101912,10,7,2,4,10,0,2,14,2,4,12,16
101994,10,7,2,0,8,0,9,8,9,0,17,17
102030,10,7,2,25,29,13,71,54,84,38,100,138
102049,10,7,2,1,3,2,3,4,5,3,6,9
102067,10,7,2,10,23,15,45,33,60,25,68,93
102076,10,7,2,8,20,12,34,28,46,20,54,74
102094,10,7,2,20,52,26,25,72,51,46,77,123
102234,10,7,2,0,1,0,1,1,1,0,2,2
102313,10,7,2,13,21,16,43,34,59,29,64,93
102368,10,7,2,73,159,142,237,232,379,215,396,611
102377,10,7,2,0,1,0,1,1,1,0,2,2
102395,10,7,2,2,2,14,2,4,16,16,4,20
102429,10,7,2,8,15,22,58,23,80,30,73,103
102553,10,7,2,67,82,178,358,149,536,245,440,685
102614,10,7,2,26,52,83,223,78,306,109,275,384
102632,10,7,2,8,10,36,91,18,127,44,101,145
103741,10,7,2,0,2,0,4,2,4,0,6,6
104151,10,7,2,136,146,102,84,282,186,238,230,468
104160,10,7,2,21,23,62,164,44,226,83,187,270
104179,10,7,2,140,135,244,220,275,464,384,355,739
104346,10,7,2,11,21,50,157,32,207,61,178,239
104391,10,7,2,0,7,0,0,7,0,0,7,7
104425,10,7,2,14,36,66,73,50,139,80,109,189
104443,10,7,2,1,3,0,1,4,1,1,4,5
104568,10,7,2,0,7,0,12,7,12,0,19,19
104577,10,7,2,50,11,57,70,61,127,107,81,188
104586,10,7,2,7,2,3,0,9,3,10,2,12
104708,10,7,2,36,35,167,274,71,441,203,309,512
104717,10,7,2,29,37,1426,4654,66,6080,1455,4691,6146
105145,10,7,2,16,38,63,201,54,264,79,239,318
105154,10,7,2,50,49,253,346,99,599,303,395,698
105206,10,7,2,18,35,61,176,53,237,79,211,290
105297,10,7,2,13,40,17,66,53,83,30,106,136
105330,10,7,2,54,129,86,211,183,297,140,340,480
105349,10,7,2,5,9,31,81,14,112,36,90,126
105428,10,7,2,30,58,123,260,88,383,153,318,471
105525,10,7,2,43,64,227,461,107,688,270,525,795
105659,10,7,2,85,5,0,0,90,0,85,5,90
105668,10,7,2,29,49,278,440,78,718,307,489,796
105747,10,7,2,8,18,90,148,26,238,98,166,264
105792,10,7,2,9,8,33,71,17,104,42,79,121
106148,10,7,2,31,28,75,176,59,251,106,204,310
106245,10,7,2,44,63,53,145,107,198,97,208,305
106263,10,7,2,19,61,12,87,80,99,31,148,179
106397,10,7,2,34,44,56,153,78,209,90,197,287
106412,10,7,2,4,12,5,7,16,12,9,19,28
106449,10,7,2,15,22,6,33,37,39,21,55,76
106458,10,7,2,10,17,47,170,27,217,57,187,244
106467,10,7,2,28,41,22,89,69,111,50,130,180
106546,10,7,2,4,24,0,2,28,2,4,26,30
106625,10,7,2,12,21,15,26,33,41,27,47,74
106713,10,7,2,8,6,1,1,14,2,9,7,16
106908,10,7,2,0,24,0,2,24,2,0,26,26
107099,10,7,2,0,7,0,0,7,0,0,7,7
107141,10,7,2,2,8,4,4,10,8,6,12,18
107318,10,7,2,0,6,7,20,6,27,7,26,33
107512,10,7,2,0,1,0,1,1,1,0,2,2
107521,10,7,2,4,20,10,6,24,16,14,26,40
107558,10,7,2,0,0,1,1,0,2,1,1,2
107585,10,7,2,7,33,14,30,40,44,21,63,84
107600,10,7,2,11,12,2,1,23,3,13,13,26
107619,10,7,2,3,9,0,13,12,13,3,22,25
107664,10,7,2,33,69,31,117,102,148,64,186,250
107725,10,7,2,2,12,6,28,14,34,8,40,48
107743,10,7,2,2,9,4,4,11,8,6,13,19
107974,10,7,2,2,17,7,34,19,41,9,51,60
107983,10,7,2,4,27,7,10,31,17,11,37,48
107992,10,7,2,8,10,14,13,18,27,22,23,45
108092,10,7,2,19,46,25,57,65,82,44,103,147
108232,10,7,2,66,26,85,84,92,169,151,110,261
108667,10,7,2,14,15,83,244,29,327,97,259,356
108807,10,7,2,21,47,142,193,68,335,163,240,403
108852,10,7,2,2,1,0,0,3,0,2,1,3
109208,10,7,2,49,130,1144,905,179,2049,1193,1035,2228
109350,10,7,2,30,60,164,293,90,457,194,353,547
109785,10,7,2,29,80,11,33,109,44,40,113,153
109819,10,7,2,62,115,424,517,177,941,486,632,1118
109907,10,7,2,18,64,35,101,82,136,53,165,218
109934,10,7,2,5,29,0,0,34,0,5,29,34
110097,10,7,2,4,4,12,21,8,33,16,25,41
110246,10,7,2,50,96,92,171,146,263,142,267,409
110316,10,7,2,1,17,1,2,18,3,2,19,21
110334,10,7,2,15,28,141,276,43,417,156,304,460
110361,10,7,2,40,112,28,55,152,83,68,167,235
110413,10,7,2,4,8,1,3,12,4,5,11,16
110422,10,7,2,16,14,5,4,30,9,21,18,39
110486,10,7,2,42,104,31,74,146,105,73,178,251
110495,10,7,2,29,110,23,82,139,105,52,192,244
110510,10,7,2,89,193,51,106,282,157,140,299,439
110529,10,7,2,97,118,73,58,215,131,170,176,346
110538,10,7,2,42,88,31,53,130,84,73,141,214
110547,10,7,2,67,147,83,185,214,268,150,332,482
110556,10,7,2,64,117,46,66,181,112,110,183,293
110565,10,7,2,86,138,129,250,224,379,215,388,603
110574,10,7,2,76,179,80,176,255,256,156,355,511
110583,10,7,2,93,115,102,105,208,207,195,220,415
110592,10,7,2,119,208,109,155,327,264,228,363,591
110608,10,7,2,134,203,115,149,337,264,249,352,601
110617,10,7,2,136,190,107,181,326,288,243,371,614
110635,10,7,2,54,53,29,23,107,52,83,76,159
110644,10,7,2,26,34,2,10,60,12,28,44,72
110653,10,7,2,32,42,5,7,74,12,37,49,86
110662,10,7,2,35,51,7,7,86,14,42,58,100
110671,10,7,2,37,53,7,6,90,13,44,59,103
110680,10,7,2,43,45,13,2,88,15,56,47,103
110705,10,7,2,11,14,1,2,25,3,12,16,28
110714,10,7,2,20,10,4,8,30,12,24,18,42
111188,10,7,2,3,1,1,2,4,3,4,3,7
111434,10,7,2,1,12,63,204,13,267,64,216,280
111461,10,7,2,39,29,744,368,68,1112,783,397,1180
111513,10,7,2,0,5,0,1,5,1,0,6,6
111887,10,7,2,93,160,460,489,253,949,553,649,1202
111896,10,7,2,31,35,182,165,66,347,213,200,413
111920,10,7,2,22,29,304,264,51,568,326,293,619
111939,10,7,2,43,97,200,561,140,761,243,658,901
111948,10,7,2,4,3,4,2,7,6,8,5,13
112075,10,7,2,2,3,4,4,5,8,6,7,13
112084,10,7,2,1,1,1,0,2,1,2,1,3
112172,10,7,2,28,43,96,186,71,282,124,229,353
112367,10,7,2,1,4,5,26,5,31,6,30,36
112385,10,7,2,26,36,474,232,62,706,500,268,768
112561,10,7,2,12,18,37,63,30,100,49,81,130
112686,10,7,2,12,36,34,131,48,165,46,167,213
112826,10,7,2,15,37,77,201,52,278,92,238,330
113096,10,7,2,25,48,222,486,73,708,247,534,781
113111,10,7,2,11,24,78,102,35,180,89,126,215
113193,10,7,2,20,33,148,215,53,363,168,248,416
113236,10,7,2,54,66,180,265,120,445,234,331,565
113333,10,7,2,44,68,158,303,112,461,202,371,573
113573,10,7,2,30,62,110,246,92,356,140,308,448
113582,10,7,2,1,4,0,2,5,2,1,6,7
113634,10,7,2,37,52,261,369,89,630,298,421,719
113698,10,7,2,2,5,4,2,7,6,6,7,13
113856,10,7,2,38,85,888,809,123,1697,926,894,1820
113980,10,7,2,57,86,225,398,143,623,282,484,766
114266,10,7,2,10,26,79,202,36,281,89,228,317
114354,10,7,2,5,8,1,2,13,3,6,10,16
114433,10,7,2,2,6,77,45,8,122,79,51,130
114716,10,7,2,44,73,389,245,117,634,433,318,751
114761,10,7,2,0,6,0,0,6,0,0,6,6
114789,10,7,2,65,117,566,606,182,1172,631,723,1354
114813,10,7,2,9,36,24,94,45,118,33,130,163
114859,10,7,2,38,57,229,364,95,593,267,421,688
114938,10,7,2,14,16,139,133,30,272,153,149,302
114947,10,7,2,1,8,0,0,9,0,1,8,9
115001,10,7,2,100,168,111,247,268,358,211,415,626
115083,10,7,2,58,11,20,22,69,42,78,33,111
115126,10,7,2,7,26,135,141,33,276,142,167,309
115393,10,7,2,14,36,233,246,50,479,247,282,529
115755,10,7,2,33,47,18,32,80,50,51,79,130
115861,10,7,2,19,76,111,135,95,246,130,211,341
116439,10,7,2,14,29,82,141,43,223,96,170,266
116563,10,7,2,0,13,0,0,13,0,0,13,13
117052,10,7,2,11,16,55,109,27,164,66,125,191
117104,10,7,2,4,5,2,3,9,5,6,8,14
117195,10,7,2,8,14,170,61,22,231,178,75,253
117247,10,7,2,35,63,194,383,98,577,229,446,675
117274,10,7,2,7,10,148,32,17,180,155,42,197
117645,10,7,2,110,150,309,510,260,819,419,660,1079
117672,10,7,2,2,2,0,9,4,9,2,11,13
117690,10,7,2,6,21,102,215,27,317,108,236,344
117706,10,7,2,30,44,184,324,74,508,214,368,582
117715,10,7,2,7,28,43,274,35,317,50,302,352
117724,10,7,2,52,39,262,258,91,520,314,297,611
117733,10,7,2,35,69,247,466,104,713,282,535,817
117788,10,7,2,74,62,289,421,136,710,363,483,846
117803,10,7,2,0,0,8,16,0,24,8,16,24
117867,10,7,2,12,32,108,276,44,384,120,308,428
117894,10,7,2,18,34,71,193,52,264,89,227,316
117946,10,7,2,0,5,1,1,5,2,1,6,7
118347,10,7,2,10,23,40,103,33,143,50,126,176
118684,10,7,2,11,32,36,109,43,145,47,141,188
118718,10,7,2,25,97,104,230,122,334,129,327,456
118772,10,7,2,43,50,86,320,93,406,129,370,499
118930,10,7,2,18,38,82,225,56,307,100,263,363
118976,10,7,2,68,192,128,408,260,536,196,600,796
119058,10,7,2,0,1,0,0,1,0,0,1,1
119067,10,7,2,18,34,120,184,52,304,138,218,356
119137,10,7,2,15,25,106,216,40,322,121,241,362
119164,10,7,2,81,114,312,479,195,791,393,593,986
119216,10,7,2,45,112,163,396,157,559,208,508,716
119331,10,7,2,10,14,29,78,24,107,39,92,131
120290,10,7,2,11,43,142,144,54,286,153,187,340
120342,10,7,2,36,32,178,236,68,414,214,268,482
120403,10,7,2,3,2,1,1,5,2,4,3,7
120421,10,7,2,13,24,67,138,37,205,80,162,242
120865,10,7,2,3,13,2,15,16,17,5,28,33
120883,10,7,2,9,18,2,3,27,5,11,21,32
120953,10,7,2,58,11,627,45,69,672,685,56,741
120971,10,7,2,35,36,462,272,71,734,497,308,805
121044,10,7,2,47,82,335,520,129,855,382,602,984
121150,10,7,2,0,0,8,10,0,18,8,10,18
121275,10,7,2,3,5,0,0,8,0,3,5,8
121309,10,7,2,13,7,8,29,20,37,21,36,57
121363,10,7,2,4,21,22,103,25,125,26,124,150
121619,10,7,2,40,63,1314,555,103,1869,1354,618,1972
121707,10,7,2,31,33,118,144,64,262,149,177,326
121886,10,7,2,29,36,638,323,65,961,667,359,1026
121901,10,7,2,23,41,166,422,64,588,189,463,652
122180,10,7,2,39,75,325,588,114,913,364,663,1027
122205,10,7,2,30,42,144,441,72,585,174,483,657
122296,10,7,2,20,56,2,12,76,14,22,68,90
122339,10,7,2,27,23,244,334,50,578,271,357,628
122375,10,7,2,21,54,261,428,75,689,282,482,764
122384,10,7,2,35,25,429,323,60,752,464,348,812
122409,10,7,2,104,107,80,72,211,152,184,179,363
122436,10,7,2,15,4,1,1,19,2,16,5,21
122597,10,7,2,117,114,69,74,231,143,186,188,374
122612,10,7,2,15,16,2,4,31,6,17,20,37
122658,10,7,2,60,139,103,298,199,401,163,437,600
122728,10,7,2,6,13,7,21,19,28,13,34,47
122746,10,7,2,22,28,134,250,50,384,156,278,434
122755,10,7,2,67,89,69,96,156,165,136,185,321
122791,10,7,2,18,11,86,166,29,252,104,177,281
122889,10,7,2,21,43,127,263,64,390,148,306,454
122931,10,7,2,1,2,0,0,3,0,1,2,3
122977,10,7,2,71,89,267,456,160,723,338,545,883
123013,10,7,2,43,67,282,446,110,728,325,513,838
123217,10,7,2,44,51,154,270,95,424,198,321,519
123341,10,7,2,35,66,145,311,101,456,180,377,557
123457,10,7,2,4,14,6,10,18,16,10,24,34
123484,10,7,2,11,11,25,24,22,49,36,35,71
123509,10,7,2,19,22,95,177,41,272,114,199,313
123563,10,7,2,22,45,154,223,67,377,176,268,444
123572,10,7,2,21,51,13,23,72,36,34,74,108
123800,10,7,2,50,95,229,313,145,542,279,408,687
123961,10,7,2,19,12,5,1,31,6,24,13,37
124113,10,7,2,8,16,202,118,24,320,210,134,344
124487,10,7,2,1,1,3,10,2,13,4,11,15
125028,10,7,2,19,22,100,232,41,332,119,254,373
125231,10,7,2,31,226,130,709,257,839,161,935,1096
125462,10,7,2,2,6,68,56,8,124,70,62,132
125471,10,7,2,34,45,164,336,79,500,198,381,579
125499,10,7,2,4,9,53,159,13,212,57,168,225
125763,10,7,2,0,0,1,2,0,3,1,2,3
125897,10,7,2,6,2,0,0,8,0,6,2,8
126119,10,7,2,15,16,66,158,31,224,81,174,255
126182,10,7,2,3,4,28,9,7,37,31,13,44
126207,10,7,2,29,28,65,90,57,155,94,118,212
126289,10,7,2,26,31,83,237,57,320,109,268,377
126562,10,7,2,62,65,64,108,127,172,126,173,299
126580,10,7,2,65,74,53,81,139,134,118,155,273
126614,10,7,2,43,18,49,45,61,94,92,63,155
126711,10,7,2,20,33,56,129,53,185,76,162,238
126748,10,7,2,5,15,8,16,20,24,13,31,44
126775,10,7,2,11,1,3,2,12,5,14,3,17
126818,10,7,2,50,33,78,87,83,165,128,120,248
126827,10,7,2,788,1479,434,958,2267,1392,1222,2437,3659
126863,10,7,2,13,27,54,138,40,192,67,165,232
126915,10,7,2,0,4,2,5,4,7,2,9,11
126942,10,7,2,21,35,72,183,56,255,93,218,311
126951,10,7,2,49,6,0,0,55,0,49,6,55
127185,10,7,2,14,16,5,15,30,20,19,31,50
127200,10,7,2,70,57,177,309,127,486,247,366,613
127316,10,7,2,2,1,1,13,3,14,3,14,17
127389,10,7,2,1,1,1,8,2,9,2,9,11
127556,10,7,2,44,66,31,45,110,76,75,111,186
127565,10,7,2,111,126,179,247,237,426,290,373,663
127617,10,7,2,2,12,8,29,14,37,10,41,51
127653,10,7,2,14,13,1,1,27,2,15,14,29
127714,10,7,2,1,0,57,40,1,97,58,40,98
127732,10,7,2,2,11,10,52,13,62,12,63,75
127741,10,7,2,13,32,13,42,45,55,26,74,100
127778,10,7,2,3,14,5,11,17,16,8,25,33
127820,10,7,2,87,114,144,307,201,451,231,421,652
127884,10,7,2,57,66,106,202,123,308,163,268,431
127909,10,7,2,39,30,89,111,69,200,128,141,269
127918,10,7,2,14,27,37,52,41,89,51,79,130
128106,10,7,2,23,38,20,24,61,44,43,62,105
128258,10,7,2,18,15,34,26,33,60,52,41,93
128337,10,7,2,0,1,0,1,1,1,0,2,2
128498,10,7,2,13,44,5,7,57,12,18,51,69
128577,10,7,2,6,4,15,33,10,48,21,37,58
128744,10,7,2,9,39,9,38,48,47,18,77,95
128771,10,7,2,36,23,44,40,59,84,80,63,143
128780,10,7,2,14,46,46,154,60,200,60,200,260
129020,10,7,2,11,14,9,6,25,15,20,20,40
129154,10,7,2,7,12,34,337,19,371,41,349,390
129181,10,7,2,18,2,3,0,20,3,21,2,23
129215,10,7,2,4,3,3,10,7,13,7,13,20
129242,10,7,2,0,1,0,0,1,0,0,1,1
129349,10,7,2,0,5,0,1,5,1,0,6,6
129367,10,7,2,4,18,31,138,22,169,35,156,191
129525,10,7,2,4,3,4,11,7,15,8,14,22
129543,10,7,2,3,25,27,96,28,123,30,121,151
129695,10,7,2,5,20,41,93,25,134,46,113,159
129729,10,7,2,12,17,39,161,29,200,51,178,229
129756,10,7,2,4,12,23,50,16,73,27,62,89
129774,10,7,2,1,0,0,2,1,2,1,2,3
129808,10,7,2,8,10,28,96,18,124,36,106,142
129923,10,7,2,5,13,4,10,18,14,9,23,32
129941,10,7,2,10,8,14,13,18,27,24,21,45
130004,10,7,2,5,13,32,124,18,156,37,137,174
130040,10,7,2,2,8,12,28,10,40,14,36,50
130183,10,7,2,164,670,441,911,834,1352,605,1581,2186
130217,10,7,2,2,9,22,50,11,72,24,59,83
130226,10,7,2,5,6,5,8,11,13,10,14,24
130253,10,7,2,1,3,6,24,4,30,7,27,34
130314,10,7,2,1,1,0,5,2,5,1,6,7
130396,10,7,2,13,29,67,195,42,262,80,224,304
130590,10,7,2,0,0,1,1,0,2,1,1,2
130606,10,7,2,5,16,39,89,21,128,44,105,149
130697,10,7,2,2,0,0,0,2,0,2,0,2
130776,10,7,2,5,11,11,15,16,26,16,26,42
130794,10,7,2,1,0,1,3,1,4,2,3,5
130934,10,7,2,4,15,3,5,19,8,7,20,27
130943,10,7,2,5,4,4,11,9,15,9,15,24
130989,10,7,2,3,1,2,8,4,10,5,9,14
131113,10,7,2,61,119,238,410,180,648,299,529,828
131399,10,7,2,28,41,31,137,69,168,59,178,237
131450,10,7,2,11,13,2,1,24,3,13,14,27
131469,10,7,2,20,23,58,59,43,117,78,82,160
131496,10,7,2,11,3,7,14,14,21,18,17,35
131520,10,7,2,2,10,2,7,12,9,4,17,21
132471,10,7,2,25,22,18,26,47,44,43,48,91
132693,10,7,2,51,76,155,297,127,452,206,373,579
132709,10,7,2,103,139,271,796,242,1067,374,935,1309
132842,10,7,2,1,14,3,11,15,14,4,25,29
132851,10,7,2,24,35,30,102,59,132,54,137,191
132879,10,7,2,0,1,0,1,1,1,0,2,2
132903,10,7,2,70,136,204,358,206,562,274,494,768
133021,10,7,2,4,8,5,20,12,25,9,28,37
133386,10,7,2,68,96,84,274,164,358,152,370,522
133492,10,7,2,0,0,1,0,0,1,1,0,1
133508,10,7,2,30,57,84,240,87,324,114,297,411
133553,10,7,2,25,2,4,0,27,4,29,2,31
133650,10,7,2,8,16,7,19,24,26,15,35,50
133702,10,7,2,102,197,269,691,299,960,371,888,1259
133711,10,7,2,12,12,0,0,24,0,12,12,24
133809,10,7,2,0,0,1,0,0,1,1,0,1
133872,10,7,2,5,13,14,36,18,50,19,49,68
133881,10,7,2,10,1,5,3,11,8,15,4,19
133960,10,7,2,14,8,14,36,22,50,28,44,72
134097,10,7,2,15,21,45,33,36,78,60,54,114
134130,10,7,2,19,8,26,17,27,43,45,25,70
134343,10,7,2,20,31,32,88,51,120,52,119,171
134495,10,7,2,109,107,178,390,216,568,287,497,784
134608,10,7,2,44,54,135,340,98,475,179,394,573
135160,10,7,2,6,29,28,70,35,98,34,99,133
135188,10,7,2,7,21,21,74,28,95,28,95,123
135391,10,7,2,20,49,70,219,69,289,90,268,358
135407,10,7,2,22,24,0,2,46,2,22,26,48
135610,10,7,2,1,3,0,1,4,1,1,4,5
135717,10,7,2,151,306,406,839,457,1245,557,1145,1702
135726,10,7,2,7,10,12,21,17,33,19,31,50
136109,10,7,2,0,2,0,1,2,1,0,3,3
136145,10,7,2,3,9,3,41,12,44,6,50,56
136172,10,7,2,27,26,47,66,53,113,74,92,166
136233,10,7,2,25,37,52,96,62,148,77,133,210
136330,10,7,2,8,9,6,5,17,11,14,14,28
136358,10,7,2,91,104,212,604,195,816,303,708,1011
136400,10,7,2,23,44,55,131,67,186,78,175,253
136473,10,7,2,44,85,91,196,129,287,135,281,416
136516,10,7,2,27,64,64,206,91,270,91,270,361
136659,10,7,2,1,4,5,0,5,5,6,4,10
136950,10,7,2,4,11,3,5,15,8,7,16,23
137078,10,7,2,144,209,381,820,353,1201,525,1029,1554
137096,10,7,2,36,33,107,188,69,295,143,221,364
137209,10,7,2,52,71,164,344,123,508,216,415,631
137281,10,7,2,7,25,32,108,32,140,39,133,172
137351,10,7,2,60,74,123,197,134,320,183,271,454
137546,10,7,2,4,0,0,0,4,0,4,0,4
137564,10,7,2,24,37,21,27,61,48,45,64,109
137591,10,7,2,5,10,3,6,15,9,8,16,24
137759,10,7,2,22,32,47,135,54,182,69,167,236
138187,10,7,2,90,189,368,817,279,1185,458,1006,1464
138275,10,7,2,8,3,0,2,11,2,8,5,13
138309,10,7,2,70,434,76,471,504,547,146,905,1051
138354,10,7,2,52,89,57,144,141,201,109,233,342
138558,10,7,2,3,8,9,44,11,53,12,52,64
138600,10,7,2,0,4,0,0,4,0,0,4,4
138682,10,7,2,20,61,36,93,81,129,56,154,210
138716,10,7,2,11,51,21,110,62,131,32,161,193
138761,10,7,2,0,2,2,9,2,11,2,11,13
138840,10,7,2,25,52,65,151,77,216,90,203,293
138938,10,7,2,1,14,2,14,15,16,3,28,31
138947,10,7,2,0,4,0,0,4,0,0,4,4
138956,10,7,2,31,52,64,145,83,209,95,197,292
139144,10,7,2,1,0,0,0,1,0,1,0,1
139199,10,7,2,1,28,6,37,29,43,7,65,72
139205,10,7,2,2,1,5,1,3,6,7,2,9
139250,10,7,2,11,26,8,38,37,46,19,64,83
139278,10,7,2,22,38,52,188,60,240,74,226,300
139311,10,7,2,32,74,25,93,106,118,57,167,224
139357,10,7,2,15,41,30,115,56,145,45,156,201
139366,10,7,2,32,49,81,64,81,145,113,113,226
139384,10,7,2,15,51,52,135,66,187,67,186,253
139393,10,7,2,0,0,0,1,0,1,0,1,1
139463,10,7,2,11,20,28,39,31,67,39,59,98
139506,10,7,2,1,4,0,0,5,0,1,4,5
139621,10,7,2,2,7,4,7,9,11,6,14,20
139658,10,7,2,6,4,1,1,10,2,7,5,12
139700,10,7,2,15,37,20,85,52,105,35,122,157
139719,10,7,2,2,9,1,11,11,12,3,20,23
139755,10,7,2,10,0,10,2,10,12,20,2,22
139764,10,7,2,5,27,13,40,32,53,18,67,85
139861,10,7,2,4,1,0,0,5,0,4,1,5
139931,10,7,2,35,81,60,109,116,169,95,190,285
139940,10,7,2,54,103,90,182,157,272,144,285,429
139959,10,7,2,8,6,13,11,14,24,21,17,38
139986,10,7,2,17,64,34,180,81,214,51,244,295
140012,10,7,2,32,56,113,253,88,366,145,309,454
140234,10,7,2,0,4,0,1,4,1,0,5,5
140243,10,7,2,5,30,50,91,35,141,55,121,176
140252,10,7,2,1,10,1,9,11,10,2,19,21
140331,10,7,2,39,60,62,224,99,286,101,284,385
140447,10,7,2,15,84,12,69,99,81,27,153,180
140678,10,7,2,8,15,22,61,23,83,30,76,106
140696,10,7,2,1,0,1,1,1,2,2,1,3
140720,10,7,2,3,1,1,1,4,2,4,2,6
140818,10,7,2,4,20,0,9,24,9,4,29,33
140942,10,7,2,23,30,49,125,53,174,72,155,227
140951,10,7,2,20,21,9,22,41,31,29,43,72
140960,10,7,2,6,7,4,13,13,17,10,20,30
140988,10,7,2,2,9,1,11,11,12,3,20,23
141006,10,7,2,3,18,20,26,21,46,23,44,67
141060,10,7,2,0,0,17,89,0,106,17,89,106
141255,10,7,2,10,38,46,90,48,136,56,128,184
141264,10,7,2,10,54,21,68,64,89,31,122,153
141334,10,7,2,17,51,28,59,68,87,45,110,155
141565,10,7,2,14,20,11,26,34,37,25,46,71
141574,10,7,2,37,49,49,58,86,107,86,107,193
141644,10,7,2,31,20,33,18,51,51,64,38,102
141680,10,7,2,27,13,48,70,40,118,75,83,158
141796,10,7,2,22,31,70,188,53,258,92,219,311
141802,10,7,2,2,6,3,30,8,33,5,36,41
141811,10,7,2,23,31,54,152,54,206,77,183,260
141839,10,7,2,3,16,32,72,19,104,35,88,123
141981,10,7,2,17,40,19,59,57,78,36,99,135
141990,10,7,2,6,18,29,68,24,97,35,86,121
142115,10,7,2,63,83,180,225,146,405,243,308,551
142179,10,7,2,16,17,19,43,33,62,35,60,95
142276,10,7,2,45,80,63,86,125,149,108,166,274
142285,10,7,2,18,27,23,18,45,41,41,45,86
142407,10,7,2,1,3,0,0,4,0,1,3,4
142443,10,7,2,11,26,33,101,37,134,44,127,171
142461,10,7,2,4,8,6,10,12,16,10,18,28
142522,10,7,2,87,121,785,1356,208,2141,872,1477,2349
142559,10,7,2,11,24,44,87,35,131,55,111,166
142832,10,7,2,0,0,1,0,0,1,1,0,1
143118,10,7,2,3,36,5,24,39,29,8,60,68
143215,10,7,2,25,49,83,196,74,279,108,245,353
143279,10,7,2,3,12,30,83,15,113,33,95,128
143288,10,7,2,1,7,0,0,8,0,1,7,8
143358,10,7,2,4,0,2,0,4,2,6,0,6
143376,10,7,2,0,7,0,8,7,8,0,15,15
143613,10,7,2,5,8,3,28,13,31,8,36,44
144050,10,7,2,3,1,0,0,4,0,3,1,4
144157,10,7,2,21,29,27,73,50,100,48,102,150
144166,10,7,2,30,97,61,258,127,319,91,355,446
144175,10,7,2,18,40,26,62,58,88,44,102,146
144184,10,7,2,19,65,170,292,84,462,189,357,546
144193,10,7,2,25,22,83,166,47,249,108,188,296
144209,10,7,2,11,24,38,70,35,108,49,94,143
144218,10,7,2,19,38,136,274,57,410,155,312,467
144351,10,7,2,7,13,1,6,20,7,8,19,27
144564,10,7,2,10,23,33,33,33,66,43,56,99
144740,10,7,2,33,28,47,51,61,98,80,79,159
144865,10,7,2,63,89,255,510,152,765,318,599,917
144883,10,7,2,4,1,0,0,5,0,4,1,5
144892,10,7,2,17,36,19,45,53,64,36,81,117
144944,10,7,2,18,15,97,239,33,336,115,254,369
144962,10,7,2,8,18,2,0,26,2,10,18,28
144971,10,7,2,3,0,2,3,3,5,5,3,8
145099,10,7,2,2,15,0,0,17,0,2,15,17
145336,10,7,2,13,39,10,62,52,72,23,101,124
145372,10,7,2,1,3,2,3,4,5,3,6,9
145521,10,7,2,1,6,12,20,7,32,13,26,39
145600,10,7,2,42,49,29,50,91,79,71,99,170
145619,10,7,2,2,3,5,13,5,18,7,16,23
145637,10,7,2,8,4,9,6,12,15,17,10,27
145682,10,7,2,11,27,61,166,38,227,72,193,265
145691,10,7,2,1,3,0,2,4,2,1,5,6
145707,10,7,2,3,10,5,10,13,15,8,20,28
145813,10,7,2,12,25,20,23,37,43,32,48,80
145831,10,7,2,4,10,23,42,14,65,27,52,79
146205,10,7,2,10,20,28,59,30,87,38,79,117
146278,10,7,2,10,16,16,35,26,51,26,51,77
146296,10,7,2,18,29,104,207,47,311,122,236,358
146339,10,7,2,5,13,3,3,18,6,8,16,24
146348,10,7,2,8,10,22,57,18,79,30,67,97
146366,10,7,2,9,15,20,43,24,63,29,58,87
146418,10,7,2,10,10,19,55,20,74,29,65,94
146427,10,7,2,0,1,0,0,1,0,0,1,1
146472,10,7,2,20,53,140,370,73,510,160,423,583
146481,10,7,2,2,3,0,1,5,1,2,4,6
146506,10,7,2,7,44,26,49,51,75,33,93,126
146533,10,7,2,0,5,0,1,5,1,0,6,6
146603,10,7,2,4,12,21,63,16,84,25,75,100
146612,10,7,2,10,19,21,24,29,45,31,43,74
146685,10,7,2,14,26,43,143,40,186,57,169,226
146700,10,7,2,22,4,0,0,26,0,22,4,26
146719,10,7,2,11,21,10,19,32,29,21,40,61
147004,10,7,2,7,18,55,139,25,194,62,157,219
147013,10,7,2,6,14,4,14,20,18,10,28,38
147129,10,7,2,1,11,2,21,12,23,3,32,35
147244,10,7,2,1,6,1,4,7,5,2,10,12
147369,10,7,2,19,18,22,14,37,36,41,32,73
147378,10,7,2,5,28,74,158,33,232,79,186,265
147411,10,7,2,1,8,19,63,9,82,20,71,91
147536,10,7,2,10,108,11,104,118,115,21,212,233
147590,10,7,2,0,0,1,2,0,3,1,2,3
147660,10,7,2,2,4,0,1,6,1,2,5,7
147679,10,7,2,3,3,2,8,6,10,5,11,16
147776,10,7,2,28,34,39,74,62,113,67,108,175
147800,10,7,2,9,17,131,260,26,391,140,277,417
147828,10,7,2,3,3,1,12,6,13,4,15,19
147916,10,7,2,14,26,61,109,40,170,75,135,210
148007,10,7,2,8,9,38,83,17,121,46,92,138
148131,10,7,2,2,3,0,7,5,7,2,10,12
148256,10,7,2,10,18,11,20,28,31,21,38,59
148292,10,7,2,3,17,26,65,20,91,29,82,111
148380,10,7,2,24,12,100,130,36,230,124,142,266
148487,10,7,2,5,17,6,26,22,32,11,43,54
148511,10,7,2,2,3,0,5,5,5,2,8,10
148575,10,7,2,0,4,0,3,4,3,0,7,7
148627,10,7,2,3,4,4,4,7,8,7,8,15
148654,10,7,2,28,18,42,54,46,96,70,72,142
148672,10,7,2,3,9,8,28,12,36,11,37,48
148821,10,7,2,4,12,11,23,16,34,15,35,50
148876,10,7,2,7,46,5,25,53,30,12,71,83
148937,10,7,2,4,10,16,23,14,39,20,33,53
148991,10,7,2,0,10,8,18,10,26,8,28,36
149222,10,7,2,35,50,83,59,85,142,118,109,227
149231,10,7,2,18,21,26,74,39,100,44,95,139
149310,10,7,2,7,7,0,0,14,0,7,7,14
149365,10,7,2,7,20,11,69,27,80,18,89,107
149532,10,7,2,25,28,173,252,53,425,198,280,478
149727,10,7,2,8,10,79,185,18,264,87,195,282
149772,10,7,2,13,31,32,42,44,74,45,73,118
149781,10,7,2,1,0,1,0,1,1,2,0,2
149842,10,7,2,9,51,114,321,60,435,123,372,495
150136,10,7,2,9,20,19,55,29,74,28,75,103
150163,10,7,2,3,4,1,1,7,2,4,5,9
150172,10,7,2,2,3,13,9,5,22,15,12,27
150534,10,7,2,6,2,2,3,8,5,8,5,13
150604,10,7,2,1,1,0,0,2,0,1,1,2
150668,10,7,2,0,4,1,4,4,5,1,8,9
150677,10,7,2,4,11,1,1,15,2,5,12,17
150765,10,7,2,1,7,0,0,8,0,1,7,8
150941,10,7,2,0,11,0,5,11,5,0,16,16
150987,10,7,2,210,535,1252,1890,745,3142,1462,2425,3887
151111,10,7,2,69,107,66,93,176,159,135,200,335
151263,10,7,2,4,4,10,15,8,25,14,19,33
151290,10,7,2,0,3,0,0,3,0,0,3,3
151306,10,7,2,10,17,13,38,27,51,23,55,78
151324,10,7,2,26,46,67,129,72,196,93,175,268
151333,10,7,2,5,29,14,28,34,42,19,57,76
151342,10,7,2,14,32,12,41,46,53,26,73,99
151351,10,7,2,1,7,8,9,8,17,9,16,25
151360,10,7,2,10,26,12,47,36,59,22,73,95
151379,10,7,2,13,8,30,40,21,70,43,48,91
151388,10,7,2,9,41,61,58,50,119,70,99,169
151661,10,7,2,21,7,0,0,28,0,21,7,28
151777,10,7,2,2,1,0,0,3,0,2,1,3
151962,10,7,2,8,23,1,5,31,6,9,28,37
152336,10,7,2,1,22,3,16,23,19,4,38,42
152567,10,7,2,1,3,0,0,4,0,1,3,4
152600,10,7,2,5,4,1,4,9,5,6,8,14
152637,10,7,2,35,40,36,33,75,69,71,73,144
152798,10,7,2,1,5,0,1,6,1,1,6,7
152992,10,7,2,0,0,0,17,0,17,0,17,17
153001,10,7,2,7,54,1,17,61,18,8,71,79
153083,10,7,2,0,4,0,0,4,0,0,4,4
153108,10,7,2,0,1,0,1,1,1,0,2,2
153126,10,7,2,0,2,0,0,2,0,0,2,2
153144,10,7,2,1,0,1,0,1,1,2,0,2
153214,10,7,2,54,77,179,283,131,462,233,360,593
153241,10,7,2,1,14,0,2,15,2,1,16,17
153250,10,7,2,0,0,1,2,0,3,1,2,3
153269,10,7,2,4,3,1,4,7,5,5,7,12
153302,10,7,2,0,0,1,0,0,1,1,0,1
153311,10,7,2,21,50,30,130,71,160,51,180,231
153366,10,7,2,1,7,3,4,8,7,4,11,15
153445,10,7,2,19,29,17,40,48,57,36,69,105
153472,10,7,2,9,17,7,22,26,29,16,39,55
153524,10,7,2,20,39,29,53,59,82,49,92,141
153533,10,7,2,7,4,6,13,11,19,13,17,30
153621,10,7,2,0,2,2,2,2,4,2,4,6
153630,10,7,2,13,29,18,78,42,96,31,107,138
153658,10,7,2,23,21,28,52,44,80,51,73,124
153737,10,7,2,32,44,83,181,76,264,115,225,340
153825,10,7,2,1,1,1,5,2,6,2,6,8
154004,10,7,2,0,3,0,3,3,3,0,6,6
154013,10,7,2,5,15,5,17,20,22,10,32,42
154110,10,7,2,5,12,13,57,17,70,18,69,87
154235,10,7,2,7,9,4,2,16,6,11,11,22
154262,10,7,2,0,2,2,7,2,9,2,9,11
154350,10,7,2,4,3,6,3,7,9,10,6,16
154396,10,7,2,1,18,5,19,19,24,6,37,43
154493,10,7,2,22,64,70,105,86,175,92,169,261
154527,10,7,2,0,1,0,0,1,0,0,1,1
154572,10,7,2,19,28,17,86,47,103,36,114,150
154697,10,7,2,19,39,85,132,58,217,104,171,275
154712,10,7,2,2,1,0,2,3,2,2,3,5
154749,10,7,2,0,2,0,0,2,0,0,2,2
154800,10,7,2,15,37,76,132,52,208,91,169,260
154907,10,7,2,4,10,5,24,14,29,9,34,43
154925,10,7,2,5,13,6,7,18,13,11,20,31
154934,10,7,2,13,6,10,24,19,34,23,30,53
154952,10,7,2,17,11,15,43,28,58,32,54,86
154998,10,7,2,6,4,5,11,10,16,11,15,26
155025,10,7,2,7,11,3,9,18,12,10,20,30
155052,10,7,2,2,7,2,8,9,10,4,15,19
155089,10,7,2,1,2,9,10,3,19,10,12,22
155098,10,7,2,8,14,2,9,22,11,10,23,33
155104,10,7,2,2,10,5,21,12,26,7,31,38
155140,10,7,2,6,7,1,2,13,3,7,9,16
155177,10,7,2,0,5,1,2,5,3,1,7,8
155195,10,7,2,19,24,60,123,43,183,79,147,226
155210,10,7,2,43,53,165,257,96,422,208,310,518
155292,10,7,2,19,31,52,114,50,166,71,145,216
155317,10,7,2,17,35,45,51,52,96,62,86,148
155399,10,7,2,33,43,47,77,76,124,80,120,200
155414,10,7,2,1,0,0,2,1,2,1,2,3
155423,10,7,2,16,7,3,9,23,12,19,16,35
155487,10,7,2,4,10,0,1,14,1,4,11,15
155511,10,7,2,3,0,1,0,3,1,4,0,4
155566,10,7,2,0,9,6,25,9,31,6,34,40
155618,10,7,2,1,1,2,6,2,8,3,7,10
155715,10,7,2,3,4,8,21,7,29,11,25,36
155812,10,7,2,7,5,5,4,12,9,12,9,21
155858,10,7,2,3,8,5,28,11,33,8,36,44
155900,10,7,2,4,2,81,32,6,113,85,34,119
155973,10,7,2,0,0,0,1,0,1,0,1,1
156082,10,7,2,18,49,15,44,67,59,33,93,126
156107,10,7,2,54,28,27,80,82,107,81,108,189
156125,10,7,2,42,118,96,155,160,251,138,273,411
156213,10,7,2,5,6,12,18,11,30,17,24,41
156231,10,7,2,11,36,20,44,47,64,31,80,111
156286,10,7,2,7,4,8,3,11,11,15,7,22
156295,10,7,2,1,0,0,0,1,0,1,0,1
156338,10,7,2,29,21,32,67,50,99,61,88,149
156356,10,7,2,2,11,3,1,13,4,5,12,17
156392,10,7,2,47,74,112,185,121,297,159,259,418
156426,10,7,2,2,2,1,1,4,2,3,3,6
156541,10,7,2,50,164,31,72,214,103,81,236,317
156620,10,7,2,72,136,82,100,208,182,154,236,390
156648,10,7,2,29,51,76,96,80,172,105,147,252
156790,10,7,2,14,27,20,32,41,52,34,59,93
156842,10,7,2,0,4,0,2,4,2,0,6,6
156851,10,7,2,3,14,12,32,17,44,15,46,61
156860,10,7,2,8,25,16,54,33,70,24,79,103
156921,10,7,2,47,55,134,212,102,346,181,267,448
157030,10,7,2,1,0,2,0,1,2,3,0,3
157058,10,7,2,1,8,3,3,9,6,4,11,15
157076,10,7,2,1,8,0,1,9,1,1,9,10
157085,10,7,2,20,30,29,84,50,113,49,114,163
157216,10,7,2,2,25,1,6,27,7,3,31,34
157289,10,7,2,45,76,68,113,121,181,113,189,302
157304,10,7,2,15,35,103,81,50,184,118,116,234
157331,10,7,2,15,32,14,63,47,77,29,95,124
157386,10,7,2,18,35,8,35,53,43,26,70,96
157401,10,7,2,16,39,19,27,55,46,35,66,101
157438,10,7,2,22,26,48,82,48,130,70,108,178
157447,10,7,2,25,60,58,144,85,202,83,204,287
157483,10,7,2,19,37,101,89,56,190,120,126,246
157535,10,7,2,0,1,1,0,1,1,1,1,2
157553,10,7,2,9,38,7,36,47,43,16,74,90
157614,10,7,2,0,1,0,1,1,1,0,2,2
157650,10,7,2,1,4,0,3,5,3,1,7,8
157669,10,7,2,0,4,0,0,4,0,0,4,4
157678,10,7,2,0,8,0,0,8,0,0,8,8
157711,10,7,2,42,59,42,97,101,139,84,156,240
157739,10,7,2,11,36,21,60,47,81,32,96,128
157757,10,7,2,2,19,1,7,21,8,3,26,29
157951,10,7,2,28,59,54,92,87,146,82,151,233
158662,10,7,2,77,183,193,631,260,824,270,814,1084
158802,10,7,2,3,7,0,3,10,3,3,10,13
158884,10,7,2,12,30,19,68,42,87,31,98,129
159197,10,7,2,22,9,0,0,31,0,22,9,31
159382,10,7,2,30,113,42,134,143,176,72,247,319
159391,10,7,2,57,46,33,37,103,70,90,83,173
159407,10,7,2,5,30,13,60,35,73,18,90,108
159647,10,7,2,10,18,7,8,28,15,17,26,43
159656,10,7,2,3,12,7,12,15,19,10,24,34
159717,10,7,2,11,53,8,39,64,47,19,92,111
159939,10,7,2,42,37,43,34,79,77,85,71,156
159966,10,7,2,16,29,11,24,45,35,27,53,80
159993,10,7,2,11,24,17,70,35,87,28,94,122
160010,10,7,2,13,3,9,41,16,50,22,44,66
160472,10,7,2,2,3,0,1,5,1,2,4,6
160579,10,7,2,26,31,25,62,57,87,51,93,144
160612,10,7,2,11,40,8,23,51,31,19,63,82
160621,10,7,2,5,21,7,29,26,36,12,50,62
160630,10,7,2,7,68,8,23,75,31,15,91,106
160649,10,7,2,17,76,7,87,93,94,24,163,187
160658,10,7,2,31,54,32,109,85,141,63,163,226
160667,10,7,2,26,42,10,24,68,34,36,66,102
160755,10,7,2,2,5,20,39,7,59,22,44,66
160904,10,7,2,0,0,1,0,0,1,1,0,1
160977,10,7,2,1,0,0,0,1,0,1,0,1
161077,10,7,2,11,25,21,82,36,103,32,107,139
161138,10,7,2,7,15,18,50,22,68,25,65,90
161192,10,7,2,7,21,30,73,28,103,37,94,131
161208,10,7,2,3,1,0,0,4,0,3,1,4
161217,10,7,2,38,65,93,197,103,290,131,262,393
161226,10,7,2,4,4,1,10,8,11,5,14,19
161235,10,7,2,2,9,6,43,11,49,8,52,60
161253,10,7,2,14,22,57,45,36,102,71,67,138
161299,10,7,2,5,0,0,0,5,0,5,0,5
161341,10,7,2,15,34,24,48,49,72,39,82,121
161457,10,7,2,3,3,25,58,6,83,28,61,89
161484,10,7,2,9,9,9,17,18,26,18,26,44
161493,10,7,2,0,2,0,1,2,1,0,3,3
161509,10,7,2,1,1,0,0,2,0,1,1,2
161545,10,7,2,25,28,84,140,53,224,109,168,277
161554,10,7,2,22,34,33,55,56,88,55,89,144
161572,10,7,2,82,212,0,0,294,0,82,212,294
161581,10,7,2,3,10,3,25,13,28,6,35,41
161688,10,7,2,4,11,13,116,15,129,17,127,144
161767,10,7,2,27,44,92,318,71,410,119,362,481
161864,10,7,2,11,39,57,257,50,314,68,296,364
161873,10,7,2,16,33,37,48,49,85,53,81,134
162104,10,7,2,1,6,12,37,7,49,13,43,56
162122,10,7,2,14,38,33,133,52,166,47,171,218
162168,10,7,2,2,4,11,37,6,48,13,41,54
162210,10,7,2,2,15,1,5,17,6,3,20,23
162283,10,7,2,8,43,4,31,51,35,12,74,86
162584,10,7,2,5,5,6,35,10,41,11,40,51
162690,10,7,2,10,12,28,99,22,127,38,111,149
162706,10,7,2,1,13,39,110,14,149,40,123,163
162830,10,7,2,0,2,0,0,2,0,0,2,2
163028,10,7,2,15,3,17,0,18,17,32,3,35
163204,10,7,2,571,526,2841,1889,1097,4730,3412,2415,5827
163259,10,7,2,7,20,6,28,27,34,13,48,61
163268,10,7,2,13,27,27,41,40,68,40,68,108
163286,10,7,2,29,26,27,27,55,54,56,53,109
163295,10,7,2,4,2,0,2,6,2,4,4,8
163338,10,7,2,6,3,13,8,9,21,19,11,30
163453,10,7,2,18,46,12,19,64,31,30,65,95
163462,10,7,2,2,2,5,8,4,13,7,10,17
163578,10,7,2,0,13,1,27,13,28,1,40,41
163851,10,7,2,4,26,4,10,30,14,8,36,44
163912,10,7,2,2,2,0,0,4,0,2,2,4
164076,10,7,2,26,39,24,58,65,82,50,97,147
164216,10,7,2,0,2,0,0,2,0,0,2,2
164270,10,7,2,0,1,1,0,1,1,1,1,2
164313,10,7,2,8,6,17,96,14,113,25,102,127
164465,10,7,2,3,0,0,0,3,0,3,0,3
164492,10,7,2,7,4,30,3,11,33,37,7,44
164599,10,7,2,0,0,1,3,0,4,1,3,4
164632,10,7,2,0,57,0,72,57,72,0,129,129
164739,10,7,2,1,1,0,1,2,1,1,2,3
164775,10,7,2,4,16,15,66,20,81,19,82,101
164845,10,7,2,0,5,0,3,5,3,0,8,8
164872,10,7,2,6,4,4,3,10,7,10,7,17
164988,10,7,2,5,6,22,16,11,38,27,22,49
165024,10,7,2,10,15,18,51,25,69,28,66,94
165033,10,7,2,14,49,69,194,63,263,83,243,326
165112,10,7,2,21,31,136,293,52,429,157,324,481
165167,10,7,2,2,10,19,94,12,113,21,104,125
165194,10,7,2,2,16,29,110,18,139,31,126,157
165264,10,7,2,0,11,18,151,11,169,18,162,180
165334,10,7,2,1,1,0,0,2,0,1,1,2
165556,10,7,2,1,10,1,3,11,4,2,13,15
165662,10,7,2,1,1,1,0,2,1,2,1,3
165671,10,7,2,0,1,2,8,1,10,2,9,11
165820,10,7,2,6,11,37,57,17,94,43,68,111
165866,10,7,2,8,11,11,11,19,22,19,22,41
165936,10,7,2,1,1,0,0,2,0,1,1,2
165981,10,7,2,6,16,28,48,22,76,34,64,98
166018,10,7,2,1,0,0,0,1,0,1,0,1
166027,10,7,2,21,25,98,77,46,175,119,102,221
166133,10,7,2,8,26,30,131,34,161,38,157,195
166391,10,7,2,0,3,2,0,3,2,2,3,5
166513,10,7,2,50,42,105,107,92,212,155,149,304
166629,10,7,2,17,25,51,78,42,129,68,103,171
166647,10,7,2,8,16,50,135,24,185,58,151,209
166674,10,7,2,2,4,3,12,6,15,5,16,21
166717,10,7,2,1,0,1,0,1,1,2,0,2
166823,10,7,2,21,21,58,192,42,250,79,213,292
166850,10,7,2,0,5,1,8,5,9,1,13,14
166887,10,7,2,14,22,67,188,36,255,81,210,291
166939,10,7,2,0,5,0,1,5,1,0,6,6
166957,10,7,2,10,20,30,136,30,166,40,156,196
167288,10,7,2,6,3,5,6,9,11,11,9,20
167312,10,7,2,12,21,47,183,33,230,59,204,263
167358,10,7,2,2,0,0,0,2,0,2,0,2
167376,10,7,2,6,10,36,133,16,169,42,143,185
167394,10,7,2,4,24,4,16,28,20,8,40,48
167534,10,7,2,14,66,66,248,80,314,80,314,394
167598,10,7,2,1,16,4,27,17,31,5,43,48
167729,10,7,2,11,12,16,36,23,52,27,48,75
167783,10,7,2,0,8,0,18,8,18,0,26,26
167835,10,7,2,0,8,0,0,8,0,0,8,8
167871,10,7,2,0,9,2,3,9,5,2,12,14
167905,10,7,2,16,39,58,110,55,168,74,149,223
167987,10,7,2,6,21,25,50,27,75,31,71,102
168005,10,7,2,4,3,3,2,7,5,7,5,12
168148,10,7,2,3,0,15,0,3,15,18,0,18
168227,10,7,2,1,1,8,1,2,9,9,2,11
168254,10,7,2,2,0,0,4,2,4,2,4,6
168342,10,7,2,1,1,0,0,2,0,1,1,2
168421,10,7,2,1,0,0,0,1,0,1,0,1
168430,10,7,2,12,12,16,25,24,41,28,37,65
168528,10,7,2,2,1,0,0,3,0,2,1,3
168591,10,7,2,0,3,1,0,3,1,1,3,4
168607,10,7,2,3,5,15,20,8,35,18,25,43
168740,10,7,2,2,1,10,6,3,16,12,7,19
168786,10,7,2,0,0,1,7,0,8,1,7,8
168847,10,7,2,26,56,56,169,82,225,82,225,307
168892,10,7,2,1,2,1,5,3,6,2,7,9
169248,10,7,2,18,35,31,120,53,151,49,155,204
169275,10,7,2,27,48,54,210,75,264,81,258,339
169284,10,7,2,0,6,0,2,6,2,0,8,8
169442,10,7,2,2,2,2,3,4,5,4,5,9
169503,10,7,2,1,8,0,0,9,0,1,8,9
169521,10,7,2,24,51,125,238,75,363,149,289,438
169576,10,7,2,0,9,0,0,9,0,0,9,9
169655,10,7,2,68,4,0,0,72,0,68,4,72
169716,10,7,2,2,5,0,10,7,10,2,15,17
169798,10,7,2,37,39,73,127,76,200,110,166,276
169910,10,7,2,15,29,69,79,44,148,84,108,192
169992,10,7,2,2,4,5,18,6,23,7,22,29
170000,10,7,2,18,45,17,16,63,33,35,61,96
170055,10,7,2,21,21,217,285,42,502,238,306,544
170082,10,7,2,28,28,41,48,56,89,69,76,145
170240,10,7,2,24,65,121,215,89,336,145,280,425
170286,10,7,2,0,0,0,1,0,1,0,1,1
170550,10,7,2,9,17,42,154,26,196,51,171,222
170587,10,7,2,8,20,23,36,28,59,31,56,87
170639,10,7,2,4,6,6,9,10,15,10,15,25
170657,10,7,2,25,37,157,231,62,388,182,268,450
170675,10,7,2,3,0,4,5,3,9,7,5,12
170790,10,7,2,34,75,238,391,109,629,272,466,738
170806,10,7,2,5,24,4,21,29,25,9,45,54
170976,10,7,2,22,6,8,3,28,11,30,9,39
171100,10,7,2,12,12,19,12,24,31,31,24,55
171137,10,7,2,9,21,20,31,30,51,29,52,81
171146,10,7,2,21,51,32,87,72,119,53,138,191
171155,10,7,2,10,20,20,66,30,86,30,86,116
171225,10,7,2,5,9,26,57,14,83,31,66,97
171304,10,7,2,8,11,55,99,19,154,63,110,173
171456,10,7,2,15,16,14,28,31,42,29,44,73
171483,10,7,2,12,17,41,78,29,119,53,95,148
171492,10,7,2,15,11,57,35,26,92,72,46,118
171571,10,7,2,32,59,31,69,91,100,63,128,191
172200,10,7,2,17,29,92,260,46,352,109,289,398
172291,10,7,2,9,35,23,66,44,89,32,101,133
172307,10,7,2,6,13,13,42,19,55,19,55,74
172334,10,7,2,1,14,6,19,15,25,7,33,40
172422,10,7,2,1,0,0,0,1,0,1,0,1
172617,10,7,2,44,51,193,318,95,511,237,369,606
172644,10,7,2,24,52,56,111,76,167,80,163,243
172680,10,7,2,0,1,0,1,1,1,0,2,2
172699,10,7,2,13,10,25,42,23,67,38,52,90
173045,10,7,2,8,7,3,10,15,13,11,17,28
173142,10,7,2,0,0,0,1,0,1,0,1,1
173160,10,7,2,1,7,13,21,8,34,14,28,42
173258,10,7,2,0,0,2,0,0,2,2,0,2
173452,10,7,2,2,0,5,14,2,19,7,14,21
173665,10,7,2,1,4,1,3,5,4,2,7,9
174066,10,7,2,28,31,49,49,59,98,77,80,157
174075,10,7,2,13,25,48,45,38,93,61,70,131
174127,10,7,2,3,0,0,0,3,0,3,0,3
174233,10,7,2,9,7,8,8,16,16,17,15,32
174251,10,7,2,0,1,0,1,1,1,0,2,2
174491,10,7,2,1,3,3,8,4,11,4,11,15
174507,10,7,2,4,3,3,11,7,14,7,14,21
174747,10,7,2,0,1,0,1,1,1,0,2,2
174899,10,7,2,10,32,3,39,42,42,13,71,84
174914,10,7,2,4,3,2,2,7,4,6,5,11
174978,10,7,2,0,4,0,4,4,4,0,8,8
175005,10,7,2,4,34,14,73,38,87,18,107,125
175014,10,7,2,33,138,38,111,171,149,71,249,320
175120,10,7,2,24,17,0,0,41,0,24,17,41
175227,10,7,2,25,3,14,5,28,19,39,8,47
175421,10,7,2,8,19,13,58,27,71,21,77,98
175430,10,7,2,1,1,0,3,2,3,1,4,5
175573,10,7,2,6,24,3,15,30,18,9,39,48
175616,10,7,2,2,10,9,10,12,19,11,20,31
175652,10,7,2,9,26,1,37,35,38,10,63,73
175786,10,7,2,37,106,43,151,143,194,80,257,337
175810,10,7,2,14,100,14,80,114,94,28,180,208
175829,10,7,2,10,24,15,29,34,44,25,53,78
175856,10,7,2,21,74,14,38,95,52,35,112,147
175883,10,7,2,12,34,5,31,46,36,17,65,82
175935,10,7,2,17,62,2,38,79,40,19,100,119
175980,10,7,2,0,1,0,0,1,0,0,1,1
176008,10,7,2,1,21,5,16,22,21,6,37,43
176017,10,7,2,21,31,15,31,52,46,36,62,98
176035,10,7,2,4,55,3,10,59,13,7,65,72
176044,10,7,2,4,15,7,6,19,13,11,21,32
176053,10,7,2,3,9,2,11,12,13,5,20,25
176080,10,7,2,23,72,50,60,95,110,73,132,205
176178,10,7,2,13,41,12,38,54,50,25,79,104
176239,10,7,2,15,97,12,51,112,63,27,148,175
176318,10,7,2,6,10,1,4,16,5,7,14,21
176372,10,7,2,39,109,79,87,148,166,118,196,314
176433,10,7,2,1,1,0,0,2,0,1,1,2
176451,10,7,2,0,1,1,0,1,1,1,1,2
176479,10,7,2,18,84,2,19,102,21,20,103,123
176628,10,7,2,1,10,2,8,11,10,3,18,21
176947,10,7,2,0,0,0,1,0,1,0,1,1
176965,10,7,2,22,31,33,49,53,82,55,80,135
176983,10,7,2,1,0,0,0,1,0,1,0,1
177038,10,7,2,2,3,0,0,5,0,2,3,5
177135,10,7,2,13,20,18,50,33,68,31,70,101
177144,10,7,2,0,2,0,2,2,2,0,4,4
177214,10,7,2,1,2,1,0,3,1,2,2,4
177250,10,7,2,9,11,19,45,20,64,28,56,84
177302,10,7,2,38,3,0,0,41,0,38,3,41
177418,10,7,2,1,2,3,6,3,9,4,8,12
177472,10,7,2,44,67,108,197,111,305,152,264,416
177676,10,7,2,14,24,17,68,38,85,31,92,123
177685,10,7,2,0,2,0,0,2,0,0,2,2
177940,10,7,2,5,5,4,13,10,17,9,18,27
177977,10,7,2,6,3,6,1,9,7,12,4,16
177986,10,7,2,2,3,9,13,5,22,11,16,27
177995,10,7,2,36,48,136,298,84,434,172,346,518
178059,10,7,2,20,46,97,230,66,327,117,276,393
178217,10,7,2,7,18,8,22,25,30,15,40,55
178341,10,7,2,16,42,20,46,58,66,36,88,124
178369,10,7,2,1,7,0,3,8,3,1,10,11
178387,10,7,2,6,14,5,17,20,22,11,31,42
178396,10,7,2,13,19,17,43,32,60,30,62,92
178402,10,7,2,29,37,26,26,66,52,55,63,118
178411,10,7,2,5,2,12,1,7,13,17,3,20
178420,10,7,2,41,58,71,75,99,146,112,133,245
178448,10,7,2,8,23,19,51,31,70,27,74,101
178615,10,7,2,1,1,7,6,2,13,8,7,15
178624,10,7,2,3,19,11,25,22,36,14,44,58
178679,10,7,2,1,1,4,3,2,7,5,4,9
178697,10,7,2,0,0,1,0,0,1,1,0,1
178721,10,7,2,125,118,351,184,243,535,476,302,778
178891,10,7,2,18,7,32,4,25,36,50,11,61
178989,10,7,2,3,6,0,1,9,1,3,7,10
179043,10,7,2,1,17,0,14,18,14,1,31,32
179308,10,7,2,31,87,137,456,118,593,168,543,711
179326,10,7,2,8,11,8,23,19,31,16,34,50
179344,10,7,2,4,9,4,17,13,21,8,26,34
179539,10,7,2,5,37,19,44,42,63,24,81,105
179557,10,7,2,23,38,15,30,61,45,38,68,106
179566,10,7,2,31,74,39,86,105,125,70,160,230
179645,10,7,2,11,61,10,45,72,55,21,106,127
179715,10,7,2,0,15,7,41,15,48,7,56,63
179867,10,7,2,1,0,17,85,1,102,18,85,103
179894,10,7,2,15,14,26,25,29,51,41,39,80
179946,10,7,2,2,1,0,0,3,0,2,1,3
180081,10,7,2,3,1,1,4,4,5,4,5,9
180106,10,7,2,2,0,0,2,2,2,2,2,4
180151,10,7,2,2,6,1,5,8,6,3,11,14
180179,10,7,2,23,48,19,66,71,85,42,114,156
180197,10,7,2,8,9,18,43,17,61,26,52,78
180249,10,7,2,13,26,4,29,39,33,17,55,72
180258,10,7,2,3,6,3,17,9,20,6,23,29
180276,10,7,2,4,10,8,19,14,27,12,29,41
180416,10,7,2,17,6,4,4,23,8,21,10,31
180461,10,7,2,24,46,18,25,70,43,42,71,113
180522,10,7,2,4,7,14,8,11,22,18,15,33
180595,10,7,2,1,2,1,0,3,1,2,2,4
180647,10,7,2,9,34,3,3,43,6,12,37,49
180692,10,7,2,4,14,4,33,18,37,8,47,55
180814,10,7,2,391,468,277,380,859,657,668,848,1516
180902,10,7,2,11,16,52,150,27,202,63,166,229
180948,10,7,2,9,21,6,22,30,28,15,43,58
181002,10,7,2,3,6,3,3,9,6,6,9,15
181020,10,7,2,6,14,4,8,20,12,10,22,32
181127,10,7,2,1,0,0,0,1,0,1,0,1
181145,10,7,2,0,1,0,0,1,0,0,1,1
181190,10,7,2,0,4,0,0,4,0,0,4,4
181215,10,7,2,9,42,8,32,51,40,17,74,91
181297,10,7,2,5,23,2,14,28,16,7,37,44
181303,10,7,2,51,67,195,226,118,421,246,293,539
181312,10,7,2,7,4,10,32,11,42,17,36,53
181330,10,7,2,3,9,0,1,12,1,3,10,13
181394,10,7,2,47,74,95,81,121,176,142,155,297
181428,10,7,2,3,2,3,16,5,19,6,18,24
181446,10,7,2,1,2,3,10,3,13,4,12,16
181464,10,7,2,18,15,25,19,33,44,43,34,77
181491,10,7,2,5,23,139,52,28,191,144,75,219
181604,10,7,2,0,18,0,1,18,1,0,19,19
181640,10,7,2,23,37,98,131,60,229,121,168,289
181738,10,7,2,4,2,1,6,6,7,5,8,13
181783,10,7,2,4,14,10,10,18,20,14,24,38
181817,10,7,2,3,10,10,22,13,32,13,32,45
182005,10,7,2,123,178,478,715,301,1193,601,893,1494
182281,10,7,2,98,158,110,160,256,270,208,318,526
182290,10,7,2,37,38,52,58,75,110,89,96,185
182306,10,7,2,11,35,40,134,46,174,51,169,220
182500,10,7,2,45,36,156,173,81,329,201,209,410
182564,10,7,2,12,14,79,72,26,151,91,86,177
182670,10,7,2,0,0,1,0,0,1,1,0,1
182704,10,7,2,0,1,0,1,1,1,0,2,2
182722,10,7,2,3,8,0,4,11,4,3,12,15
182980,10,7,2,9,13,1,2,22,3,10,15,25
183026,10,7,2,1303,2201,4971,9320,3504,14291,6274,11521,17795
183044,10,7,2,9,7,2,3,16,5,11,10,21
183062,10,7,2,6,4,3,1,10,4,9,5,14
183071,10,7,2,1,5,4,1,6,5,5,6,11
183080,10,7,2,0,4,0,0,4,0,0,4,4
183202,10,7,2,0,2,0,1,2,1,0,3,3
183257,10,7,2,17,46,32,60,63,92,49,106,155
183488,10,7,2,3,32,0,22,35,22,3,54,57
183655,10,7,2,13,26,49,142,39,191,62,168,230
183743,10,7,2,29,73,71,178,102,249,100,251,351
183789,10,7,2,15,73,9,78,88,87,24,151,175
183822,10,7,2,5,10,1,3,15,4,6,13,19
183859,10,7,2,21,24,52,153,45,205,73,177,250
183910,10,7,2,0,6,0,3,6,3,0,9,9
183938,10,7,2,28,56,77,260,84,337,105,316,421
184056,10,7,2,3,21,1,17,24,18,4,38,42
184180,10,7,2,12,14,44,81,26,125,56,95,151
184205,10,7,2,7,23,20,76,30,96,27,99,126
184427,10,7,2,2,0,1,0,2,1,3,0,3
184481,10,7,2,24,85,61,183,109,244,85,268,353
184506,10,7,2,1,1,0,3,2,3,1,4,5
184603,10,7,2,3,14,27,31,17,58,30,45,75
184612,10,7,2,5,23,4,6,28,10,9,29,38
184694,10,7,2,1,4,0,0,5,0,1,4,5
184773,10,7,2,3,18,0,2,21,2,3,20,23
184782,10,7,2,23,51,41,64,74,105,64,115,179
184791,10,7,2,5,30,23,74,35,97,28,104,132
184816,10,7,2,0,0,0,3,0,3,0,3,3
184959,10,7,2,5,20,10,37,25,47,15,57,72
184995,10,7,2,29,109,56,210,138,266,85,319,404
185262,10,7,2,28,95,31,74,123,105,59,169,228
185396,10,7,2,18,2,15,0,20,15,33,2,35
185509,10,7,2,14,24,59,132,38,191,73,156,229
185536,10,7,2,9,45,48,164,54,212,57,209,266
185572,10,7,2,2,2,0,2,4,2,2,4,6
185590,10,7,2,17,42,17,32,59,49,34,74,108
185721,10,7,2,4,16,6,15,20,21,10,31,41
185828,10,7,2,20,5,23,9,25,32,43,14,57
185873,10,7,2,23,25,31,115,48,146,54,140,194
186016,10,7,2,0,9,0,19,9,19,0,28,28
186034,10,7,2,13,37,46,160,50,206,59,197,256
186131,10,7,2,0,0,0,1,0,1,0,1,1
186201,10,7,2,3,13,5,12,16,17,8,25,33
186283,10,7,2,2,5,8,11,7,19,10,16,26
186371,10,7,2,23,62,17,59,85,76,40,121,161
186380,10,7,2,23,53,44,44,76,88,67,97,164
186399,10,7,2,19,42,24,53,61,77,43,95,138
186405,10,7,2,1,1,0,0,2,0,1,1,2
186432,10,7,2,6,12,4,7,18,11,10,19,29
186469,10,7,2,3,13,3,34,16,37,6,47,53
186584,10,7,2,3,4,1,3,7,4,4,7,11
186618,10,7,2,1,3,0,7,4,7,1,10,11
186645,10,7,2,8,7,75,87,15,162,83,94,177
186867,10,7,2,1,0,0,0,1,0,1,0,1
186876,10,7,2,15,70,6,7,85,13,21,77,98
187046,10,7,2,5,7,800,433,12,1233,805,440,1245
187134,10,7,2,0,5,1,2,5,3,1,7,8
187198,10,7,2,15,54,58,294,69,352,73,348,421
187444,10,7,2,23,65,34,103,88,137,57,168,225
187532,10,7,2,93,140,332,742,233,1074,425,882,1307
187620,10,7,2,31,39,60,129,70,189,91,168,259
187639,10,7,2,10,22,21,58,32,79,31,80,111
187648,10,7,2,22,53,44,102,75,146,66,155,221
187897,10,7,2,11,44,13,69,55,82,24,113,137
187958,10,7,2,12,13,20,55,25,75,32,68,100
187967,10,7,2,1,2,1,3,3,4,2,5,7
187976,10,7,2,1,0,21,29,1,50,22,29,51
187985,10,7,2,58,83,122,235,141,357,180,318,498
187994,10,7,2,11,6,12,34,17,46,23,40,63
188003,10,7,2,1,7,9,39,8,48,10,46,56
188021,10,7,2,4,6,14,30,10,44,18,36,54
188030,10,7,2,40,83,56,103,123,159,96,186,282
188049,10,7,2,1,2,20,48,3,68,21,50,71
188100,10,7,2,31,69,73,214,100,287,104,283,387
188137,10,7,2,13,17,53,129,30,182,66,146,212
188225,10,7,2,5,4,12,29,9,41,17,33,50
188261,10,7,2,1,4,50,10,5,60,51,14,65
188340,10,7,2,18,1,15,1,19,16,33,2,35
188429,10,7,2,7,15,6,5,22,11,13,20,33
188438,10,7,2,13,10,17,45,23,62,30,55,85
188517,10,7,2,3,6,0,2,9,2,3,8,11
188641,10,7,2,3,2,2,0,5,2,5,2,7
189219,10,7,2,20,0,0,0,20,0,20,0,20
189228,10,7,2,26,48,14,50,74,64,40,98,138
189282,10,7,2,6,14,2,3,20,5,8,17,25
189547,10,7,2,17,38,21,60,55,81,38,98,136
189565,10,7,2,4,25,1,8,29,9,5,33,38
189583,10,7,2,3,26,5,17,29,22,8,43,51
189592,10,7,2,3,22,1,3,25,4,4,25,29
189705,10,7,2,5,0,1,0,5,1,6,0,6
189839,10,7,2,3,14,25,40,17,65,28,54,82
190053,10,7,2,1,10,7,14,11,21,8,24,32
190071,10,7,2,1,4,0,19,5,19,1,23,24
190169,10,7,2,7,11,17,35,18,52,24,46,70
190239,10,7,2,0,5,0,3,5,3,0,8,8
190372,10,7,2,1,0,0,0,1,0,1,0,1
190415,10,7,2,6,3,1,0,9,1,7,3,10
190442,10,7,2,9,12,12,33,21,45,21,45,66
190503,10,7,2,28,10,10,8,38,18,38,18,56
190761,10,7,2,1,15,0,6,16,6,1,21,22
190840,10,7,2,9,15,25,71,24,96,34,86,120
191083,10,7,2,54,86,64,99,140,163,118,185,303
191126,10,7,2,10,23,6,28,33,34,16,51,67
191199,10,7,2,24,43,26,73,67,99,50,116,166
191205,10,7,2,3,0,0,0,3,0,3,0,3
191241,10,7,2,6,6,9,20,12,29,15,26,41
191302,10,7,2,3,7,4,21,10,25,7,28,35
191311,10,7,2,0,5,0,0,5,0,0,5,5
191339,10,7,2,10,31,31,79,41,110,41,110,151
191533,10,7,2,0,1,0,0,1,0,0,1,1
191597,10,7,2,9,44,3,33,53,36,12,77,89
191612,10,7,2,7,17,14,18,24,32,21,35,56
191649,10,7,2,1,0,5,3,1,8,6,3,9
191676,10,7,2,1,2,1,1,3,2,2,3,5
191719,10,7,2,39,45,64,112,84,176,103,157,260
191940,10,7,2,2,10,0,0,12,0,2,10,12
191986,10,7,2,11,26,17,34,37,51,28,60,88
192022,10,7,2,22,35,16,22,57,38,38,57,95
192192,10,7,2,7,23,2,7,30,9,9,30,39
192271,10,7,2,0,1,0,1,1,1,0,2,2
192323,10,7,2,1,1,6,11,2,17,7,12,19
192448,10,7,2,19,51,7,36,70,43,26,87,113
192703,10,7,2,6,5,10,5,11,15,16,10,26
192712,10,7,2,0,1,0,0,1,0,0,1,1
192749,10,7,2,2,11,0,2,13,2,2,13,15
192785,10,7,2,3,15,3,62,18,65,6,77,83
192819,10,7,2,0,6,3,5,6,8,3,11,14
193016,10,7,2,21,120,32,39,141,71,53,159,212
193283,10,7,2,26,31,38,54,57,92,64,85,149
193292,10,7,2,2,20,4,30,22,34,6,50,56
193326,10,7,2,40,107,107,229,147,336,147,336,483
193380,10,7,2,0,0,2,13,0,15,2,13,15
193399,10,7,2,3,26,1,7,29,8,4,33,37
193478,10,7,2,31,77,74,190,108,264,105,267,372
193584,10,7,2,0,1,3,3,1,6,3,4,7
193654,10,7,2,10,10,8,16,20,24,18,26,44
193858,10,7,2,2,1,0,0,3,0,2,1,3
193900,10,7,2,27,42,9,16,69,25,36,58,94
193946,10,7,2,13,37,14,49,50,63,27,86,113
193973,10,7,2,8,43,0,2,51,2,8,45,53
193991,10,7,2,0,0,0,1,0,1,0,1,1
194028,10,7,2,30,15,8,14,45,22,38,29,67
194091,10,7,2,7,7,4,6,14,10,11,13,24
194116,10,7,2,0,2,5,38,2,43,5,40,45
194222,10,7,2,19,33,25,84,52,109,44,117,161
194240,10,7,2,11,26,22,85,37,107,33,111,144
194310,10,7,2,5,10,10,11,15,21,15,21,36
194578,10,7,2,5,1,0,1,6,1,5,2,7
194824,10,7,2,2,0,0,0,2,0,2,0,2
195003,10,7,2,15,12,6,4,27,10,21,16,37
195058,10,7,2,11,21,38,104,32,142,49,125,174
195067,10,7,2,1,12,1,4,13,5,2,16,18
195128,10,7,2,2,8,0,2,10,2,2,10,12
195164,10,7,2,1,0,2,5,1,7,3,5,8
195216,10,7,2,0,0,0,1,0,1,0,1,1
195234,10,7,2,3,2,1,3,5,4,4,5,9
195243,10,7,2,1,1,0,1,2,1,1,2,3
195322,10,7,2,12,26,18,38,38,56,30,64,94
195474,10,7,2,1,2,1,2,3,3,2,4,6
195526,10,7,2,0,0,1,1,0,2,1,1,2
195544,10,7,2,10,32,12,29,42,41,22,61,83
195702,10,7,2,0,3,0,5,3,5,0,8,8
195720,10,7,2,1,3,1,11,4,12,2,14,16
195988,10,7,2,2,9,20,17,11,37,22,26,48
196006,10,7,2,15,11,9,26,26,35,24,37,61
196015,10,7,2,21,69,19,33,90,52,40,102,142
196024,10,7,2,9,20,9,48,29,57,18,68,86
196033,10,7,2,7,5,1,4,12,5,8,9,17
196042,10,7,2,28,33,48,33,61,81,76,66,142
196051,10,7,2,6,17,2,17,23,19,8,34,42
196060,10,7,2,26,10,13,14,36,27,39,24,63
196079,10,7,2,8,11,3,4,19,7,11,15,26
196088,10,7,2,17,24,22,28,41,50,39,52,91
196097,10,7,2,16,34,22,22,50,44,38,56,94
196103,10,7,2,2,2,3,7,4,10,5,9,14
196112,10,7,2,16,13,6,10,29,16,22,23,45
196121,10,7,2,18,42,9,45,60,54,27,87,114
196130,10,7,2,21,29,26,18,50,44,47,47,94
196149,10,7,2,5,7,4,2,12,6,9,9,18
196158,10,7,2,9,6,1,3,15,4,10,9,19
196167,10,7,2,0,2,2,1,2,3,2,3,5
196176,10,7,2,11,10,8,17,21,25,19,27,46
196185,10,7,2,2,5,1,1,7,2,3,6,9
196194,10,7,2,11,17,16,16,28,32,27,33,60
196200,10,7,2,6,9,0,1,15,1,6,10,16
196219,10,7,2,2,8,3,3,10,6,5,11,16
196246,10,7,2,9,28,8,33,37,41,17,61,78
196255,10,7,2,4,9,0,1,13,1,4,10,14
196264,10,7,2,112,311,189,360,423,549,301,671,972
196291,10,7,2,4,0,5,0,4,5,9,0,9
196307,10,7,2,2,7,0,0,9,0,2,7,9
196413,10,7,2,7,2,27,24,9,51,34,26,60
196565,10,7,2,14,25,10,47,39,57,24,72,96
196653,10,7,2,6,21,7,70,27,77,13,91,104
196699,10,7,2,4,12,10,28,16,38,14,40,54
197045,10,7,2,3,16,14,39,19,53,17,55,72
197285,10,7,2,12,44,4,9,56,13,16,53,69
197294,10,7,2,29,50,84,171,79,255,113,221,334
197337,10,7,2,0,3,0,0,3,0,0,3,3
197708,10,7,2,0,1,0,0,1,0,0,1,1
197814,10,7,2,4,9,8,47,13,55,12,56,68
197850,10,7,2,1,9,11,60,10,71,12,69,81
197869,10,7,2,15,23,21,29,38,50,36,52,88
197887,10,7,2,31,52,73,131,83,204,104,183,287
197911,10,7,2,1,9,1,17,10,18,2,26,28
197966,10,7,2,2,19,18,56,21,74,20,75,95
197993,10,7,2,0,2,0,0,2,0,0,2,2
198066,10,7,2,1,0,1,0,1,1,2,0,2
198109,10,7,2,0,11,1,24,11,25,1,35,36
198118,10,7,2,9,26,22,57,35,79,31,83,114
198136,10,7,2,19,24,34,25,43,59,53,49,102
198154,10,7,2,67,47,417,356,114,773,484,403,887
198206,10,7,2,7,15,7,39,22,46,14,54,68
198260,10,7,2,66,94,143,294,160,437,209,388,597
198303,10,7,2,0,0,1,5,0,6,1,5,6
198330,10,7,2,23,46,30,78,69,108,53,124,177
198367,10,7,2,17,18,17,76,35,93,34,94,128
198455,10,7,2,11,15,56,180,26,236,67,195,262
198464,10,7,2,45,57,126,279,102,405,171,336,507
198507,10,7,2,11,26,9,23,37,32,20,49,69
198516,10,7,2,4,2,0,0,6,0,4,2,6
198534,10,7,2,90,152,157,273,242,430,247,425,672
198543,10,7,2,33,136,57,117,169,174,90,253,343
198552,10,7,2,38,64,71,244,102,315,109,308,417
198570,10,7,2,10,24,34,126,34,160,44,150,194
198598,10,7,2,1,1,5,10,2,15,6,11,17
198622,10,7,2,29,99,100,219,128,319,129,318,447
198668,10,7,2,5,22,8,42,27,50,13,64,77
198710,10,7,2,4,15,14,34,19,48,18,49,67
198756,10,7,2,3,12,1,3,15,4,4,15,19
198808,10,7,2,5,12,0,4,17,4,5,16,21
198817,10,7,2,7,14,13,47,21,60,20,61,81
198835,10,7,2,0,1,2,2,1,4,2,3,5
198862,10,7,2,5,4,0,0,9,0,5,4,9
198899,10,7,2,1,4,3,8,5,11,4,12,16
198905,10,7,2,1,5,2,11,6,13,3,16,19
198950,10,7,2,0,4,0,4,4,4,0,8,8
198969,10,7,2,12,14,12,6,26,18,24,20,44
198987,10,7,2,5,11,16,44,16,60,21,55,76
199087,10,7,2,1,14,23,61,15,84,24,75,99
199102,10,7,2,23,29,30,39,52,69,53,68,121
199111,10,7,2,10,15,9,20,25,29,19,35,54
199120,10,7,2,16,14,6,5,30,11,22,19,41
199139,10,7,2,51,54,51,76,105,127,102,130,232
199148,10,7,2,51,100,50,166,151,216,101,266,367
199157,10,7,2,8,46,17,54,54,71,25,100,125
199184,10,7,2,0,3,0,0,3,0,0,3,3
199193,10,7,2,43,16,42,46,59,88,85,62,147
199218,10,7,2,40,64,38,185,104,223,78,249,327
199272,10,7,2,0,1,2,9,1,11,2,10,12
199281,10,7,2,34,110,37,115,144,152,71,225,296
199324,10,7,2,2,2,13,27,4,40,15,29,44
199412,10,7,2,0,13,2,2,13,4,2,15,17
199494,10,7,2,15,39,44,151,54,195,59,190,249
199607,10,7,2,0,2,1,7,2,8,1,9,10
199625,10,7,2,4,12,7,32,16,39,11,44,55
199689,10,7,2,0,13,0,2,13,2,0,15,15
199731,10,7,2,7,21,23,64,28,87,30,85,115
199740,10,7,2,9,10,22,85,19,107,31,95,126
199759,10,7,2,7,1,16,7,8,23,23,8,31
199768,10,7,2,4,13,11,31,17,42,15,44,59
199795,10,7,2,4,7,1,11,11,12,5,18,23
199856,10,7,2,63,126,198,447,189,645,261,573,834
199865,10,7,2,1,0,0,2,1,2,1,2,3
199883,10,7,2,1,8,0,0,9,0,1,8,9
199908,10,7,2,4,13,15,30,17,45,19,43,62
199926,10,7,2,10,7,7,26,17,33,17,33,50
199999,10,7,2,7,32,6,48,39,54,13,80,93
200004,10,7,2,46,51,102,160,97,262,148,211,359
200013,10,7,2,9,27,5,26,36,31,14,53,67
200022,10,7,2,51,23,94,32,74,126,145,55,200
200059,10,7,2,3,21,6,9,24,15,9,30,39
200086,10,7,2,1,7,1,2,8,3,2,9,11
200192,10,7,2,1,7,24,27,8,51,25,34,59
200217,10,7,2,1,6,22,25,7,47,23,31,54
200280,10,7,2,39,40,163,73,79,236,202,113,315
200305,10,7,2,5,6,13,11,11,24,18,17,35
200314,10,7,2,2,9,22,18,11,40,24,27,51
200332,10,7,2,14,22,11,28,36,39,25,50,75
200527,10,7,2,10,22,1,2,32,3,11,24,35
200554,10,7,2,17,26,2,4,43,6,19,30,49
200572,10,7,2,1,9,9,19,10,28,10,28,38
200590,10,7,2,2,13,0,0,15,0,2,13,15
200800,10,7,2,19,37,39,55,56,94,58,92,150
200846,10,7,2,1,6,4,8,7,12,5,14,19
201061,10,7,2,1,0,0,0,1,0,1,0,1
201177,10,7,2,0,2,0,14,2,14,0,16,16
201195,10,7,2,1,5,2,4,6,6,3,9,12
201283,10,7,2,3,6,4,9,9,13,7,15,22
201432,10,7,2,3,7,9,5,10,14,12,12,24
201441,10,7,2,16,16,69,44,32,113,85,60,145
201469,10,7,2,8,25,1,11,33,12,9,36,45
201548,10,7,2,1,6,1,2,7,3,2,8,10
201645,10,7,2,0,1,1,2,1,3,1,3,4
201654,10,7,2,0,1,1,0,1,1,1,1,2
201821,10,7,2,1,13,2,19,14,21,3,32,35
201885,10,7,2,33,50,78,209,83,287,111,259,370
201946,10,7,2,12,31,48,150,43,198,60,181,241
201955,10,7,2,6,7,18,74,13,92,24,81,105
201964,10,7,2,17,34,17,25,51,42,34,59,93
202170,10,7,2,2,1,0,0,3,0,2,1,3
202222,10,7,2,57,68,316,431,125,747,373,499,872
202356,10,7,2,54,94,197,537,148,734,251,631,882
202453,10,7,2,1,1,0,0,2,0,1,1,2
202480,10,7,2,2,3,0,6,5,6,2,9,11
202648,10,7,2,7,10,21,53,17,74,28,63,91
202763,10,7,2,2,4,1,4,6,5,3,8,11
203085,10,7,2,0,0,0,1,0,1,0,1,1
203128,10,7,2,1,1,0,1,2,1,1,2,3
203155,10,7,2,11,15,7,11,26,18,18,26,44
203289,10,7,2,1,1,0,0,2,0,1,1,2
203368,10,7,2,1,1,0,2,2,2,1,3,4
203447,10,7,2,1,5,25,35,6,60,26,40,66
203456,10,7,2,0,0,15,28,0,43,15,28,43
203465,10,7,2,1,6,19,55,7,74,20,61,81
203474,10,7,2,4,2,30,42,6,72,34,44,78
203483,10,7,2,1,2,22,38,3,60,23,40,63
203492,10,7,2,1,6,10,33,7,43,11,39,50
203517,10,7,2,25,33,45,66,58,111,70,99,169
203526,10,7,2,0,1,21,52,1,73,21,53,74
203544,10,7,2,0,11,6,13,11,19,6,24,30
203580,10,7,2,0,0,1,5,0,6,1,5,6
203599,10,7,2,10,18,58,125,28,183,68,143,211
203678,10,7,2,9,9,13,47,18,60,22,56,78
203720,10,7,2,12,4,0,3,16,3,12,7,19
203748,10,7,2,17,24,83,196,41,279,100,220,320
203757,10,7,2,4,3,0,4,7,4,4,7,11
203775,10,7,2,2,2,5,1,4,6,7,3,10
203845,10,7,2,0,1,0,1,1,1,0,2,2
203881,10,7,2,7,6,52,37,13,89,59,43,102
203960,10,7,2,5,20,8,87,25,95,13,107,120
204006,10,7,2,5,8,13,17,13,30,18,25,43
204015,10,7,2,4,8,10,6,12,16,14,14,28
204024,10,7,2,0,8,2,2,8,4,2,10,12
204194,10,7,2,7,24,8,16,31,24,15,40,55
204200,10,7,2,1,3,5,8,4,13,6,11,17
204255,10,7,2,7,5,10,11,12,21,17,16,33
204422,10,7,2,5,13,12,31,18,43,17,44,61
204468,10,7,2,1,7,7,8,8,15,8,15,23
204617,10,7,2,3,2,5,2,5,7,8,4,12
204635,10,7,2,2,1,0,0,3,0,2,1,3
204662,10,7,2,0,2,1,0,2,1,1,2,3
204671,10,7,2,2,2,1,1,4,2,3,3,6
204680,10,7,2,1,9,2,3,10,5,3,12,15
204699,10,7,2,1,3,1,5,4,6,2,8,10
204705,10,7,2,3,1,4,4,4,8,7,5,12
204796,10,7,2,62,49,60,90,111,150,122,139,261
204802,10,7,2,0,1,4,14,1,18,4,15,19
204820,10,7,2,7,14,15,22,21,37,22,36,58
204839,10,7,2,2,10,12,19,12,31,14,29,43
204848,10,7,2,1,4,11,29,5,40,12,33,45
204857,10,7,2,14,56,82,366,70,448,96,422,518
204866,10,7,2,4,6,9,17,10,26,13,23,36
204936,10,7,2,1,8,1,1,9,2,2,9,11
204945,10,7,2,30,31,180,147,61,327,210,178,388
205090,10,7,2,0,0,0,4,0,4,0,4,4
205443,10,7,2,9,14,7,21,23,28,16,35,51
205470,10,7,2,62,56,420,462,118,882,482,518,1000
205841,10,7,2,38,44,111,213,82,324,149,257,406
205966,10,7,2,2,6,3,19,8,22,5,25,30
206011,10,7,2,6,5,61,28,11,89,67,33,100
206279,10,7,2,14,14,25,19,28,44,39,33,72
206321,10,7,2,0,4,3,3,4,6,3,7,10
206349,10,7,2,2,5,2,6,7,8,4,11,15
206507,10,7,2,0,4,0,1,4,1,0,5,5
206525,10,7,2,0,0,1,0,0,1,1,0,1
206604,10,7,2,34,20,38,38,54,76,72,58,130
206613,10,7,2,1,1,4,6,2,10,5,7,12
206622,10,7,2,7,24,1,5,31,6,8,29,37
206695,10,7,2,22,26,21,36,48,57,43,62,105
206862,10,7,2,0,0,0,2,0,2,0,2,2
206914,10,7,2,21,63,19,41,84,60,40,104,144
206923,10,7,2,3,27,9,36,30,45,12,63,75
206996,10,7,2,12,31,9,67,43,76,21,98,119
207041,10,7,2,13,35,7,25,48,32,20,60,80
207050,10,7,2,3,13,4,23,16,27,7,36,43
207069,10,7,2,3,6,6,33,9,39,9,39,48
207102,10,7,2,3,3,0,0,6,0,3,3,6
207209,10,7,2,5,10,4,3,15,7,9,13,22
207236,10,7,2,5,12,10,44,17,54,15,56,71
207263,10,7,2,33,77,37,98,110,135,70,175,245
207281,10,7,2,6,17,11,31,23,42,17,48,65
207290,10,7,2,9,33,8,26,42,34,17,59,76
207306,10,7,2,3,16,5,15,19,20,8,31,39
207324,10,7,2,0,37,2,15,37,17,2,52,54
207342,10,7,2,4,29,1,6,33,7,5,35,40
207351,10,7,2,6,30,9,35,36,44,15,65,80
207388,10,7,2,51,74,58,63,125,121,109,137,246
207500,10,7,2,51,60,42,51,111,93,93,111,204
207564,10,7,2,27,13,26,29,40,55,53,42,95
207582,10,7,2,12,26,18,23,38,41,30,49,79
207661,10,7,2,21,41,19,45,62,64,40,86,126
207670,10,7,2,29,46,53,159,75,212,82,205,287
207740,10,7,2,2,9,3,34,11,37,5,43,48
207847,10,7,2,30,54,38,91,84,129,68,145,213
207865,10,7,2,15,72,6,51,87,57,21,123,144
207935,10,7,2,45,85,189,384,130,573,234,469,703
207962,10,7,2,31,9,0,0,40,0,31,9,40
207971,10,7,2,2,9,4,2,11,6,6,11,17
208035,10,7,2,0,7,9,40,7,49,9,47,56
208275,10,7,2,4,15,27,20,19,47,31,35,66
208318,10,7,2,32,32,32,91,64,123,64,123,187
208390,10,7,2,34,58,105,149,92,254,139,207,346
208406,10,7,2,31,34,100,116,65,216,131,150,281
208415,10,7,2,6,19,21,32,25,53,27,51,78
208646,10,7,2,13,51,49,70,64,119,62,121,183
208822,10,7,2,4,18,8,15,22,23,12,33,45
209038,10,7,2,51,54,119,130,105,249,170,184,354
209074,10,7,2,30,34,45,63,64,108,75,97,172
209250,10,7,2,33,51,245,120,84,365,278,171,449
209490,10,7,2,12,42,8,34,54,42,20,76,96
209506,10,7,2,25,26,63,64,51,127,88,90,178
209542,10,7,2,132,144,400,379,276,779,532,523,1055
209551,10,7,2,16,21,30,12,37,42,46,33,79
209603,10,7,2,1,2,0,2,3,2,1,4,5
209612,10,7,2,1,9,0,2,10,2,1,11,12
209746,10,7,2,159,185,416,532,344,948,575,717,1292
209807,10,7,2,177,215,137,173,392,310,314,388,702
209825,10,7,2,2,1,1,0,3,1,3,1,4
210234,10,7,2,10,16,17,33,26,50,27,49,76
210270,10,7,2,13,26,53,82,39,135,66,108,174
210401,10,7,2,1,2,0,1,3,1,1,3,4
210429,10,7,2,14,23,11,16,37,27,25,39,64
210605,10,7,2,56,57,209,292,113,501,265,349,614
210739,10,7,2,4,10,13,33,14,46,17,43,60
210775,10,7,2,3,14,7,31,17,38,10,45,55
211088,10,7,2,0,1,0,8,1,8,0,9,9
211291,10,7,2,0,0,0,1,0,1,0,1,1
211307,10,7,2,1,18,47,156,19,203,48,174,222
211316,10,7,2,0,0,0,1,0,1,0,1,1
211343,10,7,2,6,8,15,59,14,74,21,67,88
211352,10,7,2,2,2,2,4,4,6,4,6,10
211431,10,7,2,1,12,7,36,13,43,8,48,56
211440,10,7,2,0,0,3,0,0,3,3,0,3
211556,10,7,2,0,2,5,27,2,32,5,29,34
211583,10,7,2,3,18,3,26,21,29,6,44,50
211608,10,7,2,0,2,0,1,2,1,0,3,3
211927,10,7,2,27,29,88,352,56,440,115,381,496
212045,10,7,2,5,7,0,0,12,0,5,7,12
212054,10,7,2,24,9,27,74,33,101,51,83,134
212106,10,7,2,7,5,0,1,12,1,7,6,13
212115,10,7,2,6,15,10,17,21,27,16,32,48
212133,10,7,2,1,13,13,57,14,70,14,70,84
212197,10,7,2,0,1,9,15,1,24,9,16,25
212230,10,7,2,0,4,0,0,4,0,0,4,4
212267,10,7,2,0,2,0,3,2,3,0,5,5
212276,10,7,2,0,2,0,1,2,1,0,3,3
212294,10,7,2,0,2,0,1,2,1,0,3,3
212300,10,7,2,0,2,0,0,2,0,0,2,2
212328,10,7,2,0,5,0,2,5,2,0,7,7
212337,10,7,2,0,2,0,3,2,3,0,5,5
212355,10,7,2,0,1,0,0,1,0,0,1,1
212382,10,7,2,1,2,0,5,3,5,1,7,8
212391,10,7,2,0,2,0,1,2,1,0,3,3
212601,10,7,2,3,4,1,7,7,8,4,11,15
212753,10,7,2,0,6,0,2,6,2,0,8,8
212805,10,7,2,2,2,0,0,4,0,2,2,4
212869,10,7,2,2,34,5,28,36,33,7,62,69
212878,10,7,2,32,57,120,458,89,578,152,515,667
212984,10,7,2,5,23,6,25,28,31,11,48,59
213011,10,7,2,2,7,7,29,9,36,9,36,45
213020,10,7,2,5,13,37,32,18,69,42,45,87
213181,10,7,2,2,12,0,0,14,0,2,12,14
213251,10,7,2,0,0,1,0,0,1,1,0,1
213321,10,7,2,2,1,1,1,3,2,3,2,5
213349,10,7,2,4,10,9,25,14,34,13,35,48
213367,10,7,2,2,5,7,38,7,45,9,43,52
213376,10,7,2,7,44,11,19,51,30,18,63,81
213507,10,7,2,0,0,0,1,0,1,0,1,1
213525,10,7,2,17,22,50,193,39,243,67,215,282
213570,10,7,2,3,20,0,0,23,0,3,20,23
213589,10,7,2,7,2,5,0,9,5,12,2,14
213598,10,7,2,0,1,0,6,1,6,0,7,7
213659,10,7,2,5,32,32,142,37,174,37,174,211
213668,10,7,2,1,0,0,0,1,0,1,0,1
213774,10,7,2,0,5,1,5,5,6,1,10,11
213987,10,7,2,7,14,6,20,21,26,13,34,47
213996,10,7,2,1,2,1,2,3,3,2,4,6
214041,10,7,2,7,15,15,62,22,77,22,77,99
214111,10,7,2,14,31,95,267,45,362,109,298,407
214157,10,7,2,2,2,2,8,4,10,4,10,14
214175,10,7,2,3,3,4,2,6,6,7,5,12
214272,10,7,2,1,4,12,18,5,30,13,22,35
214379,10,7,2,18,46,81,292,64,373,99,338,437
214591,10,7,2,6,0,4,2,6,6,10,2,12
214625,10,7,2,0,1,2,1,1,3,2,2,4
214634,10,7,2,0,1,0,4,1,4,0,5,5
214643,10,7,2,1,0,0,0,1,0,1,0,1
214652,10,7,2,2,3,1,2,5,3,3,5,8
214670,10,7,2,2,2,0,1,4,1,2,3,5
214689,10,7,2,5,4,1,0,9,1,6,4,10
214698,10,7,2,3,1,0,0,4,0,3,1,4
214704,10,7,2,6,0,6,4,6,10,12,4,16
214713,10,7,2,9,12,9,6,21,15,18,18,36
214731,10,7,2,2,1,2,2,3,4,4,3,7
214740,10,7,2,0,1,0,1,1,1,0,2,2
214759,10,7,2,3,1,0,0,4,0,3,1,4
214777,10,7,2,9,3,30,17,12,47,39,20,59
214786,10,7,2,0,0,0,1,0,1,0,1,1
214795,10,7,2,2,2,1,0,4,1,3,2,5
214801,10,7,2,4,3,0,3,7,3,4,6,10
214810,10,7,2,0,2,1,0,2,1,1,2,3
214829,10,7,2,0,2,9,2,2,11,9,4,13
214883,10,7,2,4,22,23,70,26,93,27,92,119
215053,10,7,2,1,0,0,2,1,2,1,2,3
215062,10,7,2,10,12,18,47,22,65,28,59,87
215105,10,7,2,1,0,2,2,1,4,3,2,5
215239,10,7,2,38,59,136,457,97,593,174,516,690
215266,10,7,2,0,4,1,3,4,4,1,7,8
215275,10,7,2,1,1,2,1,2,3,3,2,5
215284,10,7,2,2,1,0,0,3,0,2,1,3
215293,10,7,2,7,11,21,23,18,44,28,34,62
215309,10,7,2,0,1,0,0,1,0,0,1,1
215381,10,7,2,16,0,0,0,16,0,16,0,16
215442,10,7,2,6,8,13,14,14,27,19,22,41
215479,10,7,2,2,6,0,0,8,0,2,6,8
215585,10,7,2,8,11,40,141,19,181,48,152,200
215655,10,7,2,8,1,5,9,9,14,13,10,23
215743,10,7,2,2,6,2,21,8,23,4,27,31
215798,10,7,2,2,4,0,0,6,0,2,4,6
215929,10,7,2,0,0,2,3,0,5,2,3,5
216010,10,7,2,3,3,10,9,6,19,13,12,25
216038,10,7,2,11,6,5,20,17,25,16,26,42
216339,10,7,2,42,31,38,50,73,88,80,81,161
216366,10,7,2,14,38,14,43,52,57,28,81,109
216454,10,7,2,2,1,0,0,3,0,2,1,3
216524,10,7,2,0,1,0,0,1,0,0,1,1
216542,10,7,2,1,0,3,6,1,9,4,6,10
216579,10,7,2,0,2,0,0,2,0,0,2,2
216597,10,7,2,2,4,12,9,6,21,14,13,27
216694,10,7,2,0,4,0,1,4,1,0,5,5
216746,10,7,2,3,0,0,0,3,0,3,0,3
216764,10,7,2,11,28,23,65,39,88,34,93,127
216825,10,7,2,6,27,23,95,33,118,29,122,151
216852,10,7,2,2,17,7,20,19,27,9,37,46
216931,10,7,2,4,7,4,8,11,12,8,15,23
217013,10,7,2,2,11,11,34,13,45,13,45,58
217059,10,7,2,5,9,5,13,14,18,10,22,32
217156,10,7,2,5,1,1,2,6,3,6,3,9
217165,10,7,2,3,1,1,1,4,2,4,2,6
217235,10,7,2,2,3,1,1,5,2,3,4,7
217305,10,7,2,37,30,5,11,67,16,42,41,83
217323,10,7,2,46,2,0,0,48,0,46,2,48
217402,10,7,2,2,0,5,7,2,12,7,7,14
217420,10,7,2,21,42,15,47,63,62,36,89,125
217493,10,7,2,2,2,0,0,4,0,2,2,4
217518,10,7,2,2,4,18,18,6,36,20,22,42
217536,10,7,2,0,0,3,8,0,11,3,8,11
217581,10,7,2,0,4,0,2,4,2,0,6,6
217633,10,7,2,9,18,2,10,27,12,11,28,39
217688,10,7,2,15,22,8,14,37,22,23,36,59
217712,10,7,2,7,11,13,85,18,98,20,96,116
217721,10,7,2,1,4,0,0,5,0,1,4,5
217749,10,7,2,1,1,0,6,2,6,1,7,8
217819,10,7,2,20,20,11,12,40,23,31,32,63
217864,10,7,2,14,2,18,4,16,22,32,6,38
217873,10,7,2,13,16,3,2,29,5,16,18,34
217882,10,7,2,15,7,11,6,22,17,26,13,39
217891,10,7,2,4,5,0,0,9,0,4,5,9
217907,10,7,2,3,3,2,2,6,4,5,5,10
217925,10,7,2,2,4,10,14,6,24,12,18,30
217934,10,7,2,6,27,7,50,33,57,13,77,90
217961,10,7,2,0,7,0,3,7,3,0,10,10
217989,10,7,2,0,5,4,4,5,8,4,9,13
218025,10,7,2,11,21,17,76,32,93,28,97,125
218061,10,7,2,3,14,6,8,17,14,9,22,31
218113,10,7,2,43,97,110,241,140,351,153,338,491
218140,10,7,2,32,80,53,190,112,243,85,270,355
218229,10,7,2,0,10,0,4,10,4,0,14,14
218335,10,7,2,1,13,0,1,14,1,1,14,15
218353,10,7,2,38,94,77,260,132,337,115,354,469
218399,10,7,2,0,6,0,0,6,0,0,6,6
218414,10,7,2,1,1,1,1,2,2,2,2,4
218441,10,7,2,1,13,0,8,14,8,1,21,22
218487,10,7,2,4,20,6,67,24,73,10,87,97
218520,10,7,2,23,74,43,249,97,292,66,323,389
218645,10,7,2,21,25,12,29,46,41,33,54,87
218654,10,7,2,5,12,6,8,17,14,11,20,31
218663,10,7,2,18,19,18,22,37,40,36,41,77
218672,10,7,2,2,2,3,5,4,8,5,7,12
218681,10,7,2,0,0,0,4,0,4,0,4,4
218690,10,7,2,1,1,7,4,2,11,8,5,13
218706,10,7,2,1,3,2,1,4,3,3,4,7
218724,10,7,2,11,12,2,11,23,13,13,23,36
218733,10,7,2,4,5,2,3,9,5,6,8,14
218742,10,7,2,16,34,17,24,50,41,33,58,91
218821,10,7,2,1,7,1,0,8,1,2,7,9
218830,10,7,2,27,87,43,131,114,174,70,218,288
218885,10,7,2,4,23,28,69,27,97,32,92,124
218919,10,7,2,1,6,0,0,7,0,1,6,7
218973,10,7,2,0,0,0,1,0,1,0,1,1
218991,10,7,2,13,38,25,107,51,132,38,145,183
219037,10,7,2,0,4,1,1,4,2,1,5,6
219082,10,7,2,13,5,56,18,18,74,69,23,92
219125,10,7,2,1,3,0,0,4,0,1,3,4
219189,10,7,2,7,9,10,17,16,27,17,26,43
219198,10,7,2,3,6,12,3,9,15,15,9,24
219204,10,7,2,11,6,53,85,17,138,64,91,155
219259,10,7,2,1,0,8,16,1,24,9,16,25
219277,10,7,2,20,39,17,66,59,83,37,105,142
219347,10,7,2,5,0,5,1,5,6,10,1,11
219426,10,7,2,12,12,13,38,24,51,25,50,75
219471,10,7,2,8,15,26,40,23,66,34,55,89
219480,10,7,2,11,13,8,17,24,25,19,30,49
219602,10,7,2,63,60,58,65,123,123,121,125,246
219639,10,7,2,2,5,1,23,7,24,3,28,31
219806,10,7,2,3,3,0,1,6,1,3,4,7
219824,10,7,2,30,53,54,115,83,169,84,168,252
219833,10,7,2,2,6,3,2,8,5,5,8,13
219879,10,7,2,17,16,25,34,33,59,42,50,92
219888,10,7,2,11,22,23,61,33,84,34,83,117
219921,10,7,2,2,4,0,5,6,5,2,9,11
219994,10,7,2,16,14,3,0,30,3,19,14,33
220057,10,7,2,16,33,23,80,49,103,39,113,152
220075,10,7,2,29,78,34,93,107,127,63,171,234
220127,10,7,2,4,17,1,0,21,1,5,17,22
220163,10,7,2,0,3,0,2,3,2,0,5,5
220215,10,7,2,1,3,0,0,4,0,1,3,4
220251,10,7,2,5,1,0,2,6,2,5,3,8
220279,10,7,2,3,5,1,0,8,1,4,5,9
220321,10,7,2,2,6,3,2,8,5,5,8,13
220394,10,7,2,6,4,0,0,10,0,6,4,10
220400,10,7,2,5,20,20,91,25,111,25,111,136
220473,10,7,2,2,4,7,1,6,8,9,5,14
220516,10,7,2,17,36,2,12,53,14,19,48,67
220598,10,7,2,5,0,0,0,5,0,5,0,5
220604,10,7,2,3,15,1,3,18,4,4,18,22
220701,10,7,2,2,3,0,2,5,2,2,5,7
220710,10,7,2,2,2,1,0,4,1,3,2,5
220862,10,7,2,36,79,94,174,115,268,130,253,383
220978,10,7,2,77,60,66,104,137,170,143,164,307
221050,10,7,2,4,11,5,3,15,8,9,14,23
221096,10,7,2,16,28,29,116,44,145,45,144,189
221148,10,7,2,13,1,0,0,14,0,13,1,14
221184,10,7,2,26,58,83,205,84,288,109,263,372
221333,10,7,2,3,3,1,2,6,3,4,5,9
221397,10,7,2,11,27,22,95,38,117,33,122,155
221430,10,7,2,5,3,5,5,8,10,10,8,18
221485,10,7,2,17,58,48,185,75,233,65,243,308
221494,10,7,2,7,7,1,3,14,4,8,10,18
221519,10,7,2,1,0,0,0,1,0,1,0,1
221582,10,7,2,4,1,1,0,5,1,5,1,6
221607,10,7,2,1,11,1,1,12,2,2,12,14
221625,10,7,2,14,15,0,0,29,0,14,15,29
221643,10,7,2,21,34,91,139,55,230,112,173,285
221740,10,7,2,19,26,32,30,45,62,51,56,107
221759,10,7,2,31,27,13,24,58,37,44,51,95
221768,10,7,2,12,29,23,38,41,61,35,67,102
221838,10,7,2,10,21,18,25,31,43,28,46,74
221847,10,7,2,14,19,18,23,33,41,32,42,74
221908,10,7,2,17,36,83,66,53,149,100,102,202
221999,10,7,2,0,1,0,0,1,0,0,1,1
222053,10,7,2,27,58,69,117,85,186,96,175,271
222062,10,7,2,22,34,27,67,56,94,49,101,150
222178,10,7,2,3,1,2,3,4,5,5,4,9
222576,10,7,2,46,95,67,199,141,266,113,294,407
222822,10,7,2,9,33,17,64,42,81,26,97,123
222831,10,7,2,18,30,15,14,48,29,33,44,77
222877,10,7,2,2,0,0,0,2,0,2,0,2
222992,10,7,2,130,135,488,873,265,1361,618,1008,1626
223232,10,7,2,3,21,3,5,24,8,6,26,32
223320,10,7,2,5,29,14,74,34,88,19,103,122
223506,10,7,2,7,12,66,120,19,186,73,132,205
223816,10,7,2,22,50,152,267,72,419,174,317,491
223922,10,7,2,3,14,11,9,17,20,14,23,37
224147,10,7,2,16,30,29,61,46,90,45,91,136
224156,10,7,2,1,10,0,2,11,2,1,12,13
224323,10,7,2,0,0,0,1,0,1,0,1,1
224527,10,7,2,2,8,4,4,10,8,6,12,18
224554,10,7,2,96,144,50,93,240,143,146,237,383
224615,10,7,2,118,208,425,1122,326,1547,543,1330,1873
224642,10,7,2,35,56,139,330,91,469,174,386,560
224891,10,7,2,2,12,2,8,14,10,4,20,24
224961,10,7,2,7,15,15,55,22,70,22,70,92
225247,10,7,2,3,2,1,2,5,3,4,4,8
225399,10,7,2,2,3,8,46,5,54,10,49,59
225414,10,7,2,44,63,46,111,107,157,90,174,264
225432,10,7,2,74,130,154,388,204,542,228,518,746
225511,10,7,2,66,64,109,113,130,222,175,177,352
225548,10,7,2,1,2,5,3,3,8,6,5,11
225885,10,7,2,0,6,5,8,6,13,5,14,19
226116,10,7,2,5,20,7,64,25,71,12,84,96
226134,10,7,2,6,12,31,99,18,130,37,111,148
226204,10,7,2,41,24,187,106,65,293,228,130,358
226277,10,7,2,35,3,0,0,38,0,35,3,38
226383,10,7,2,3,11,2,9,14,11,5,20,25
226408,10,7,2,4,15,42,131,19,173,46,146,192
226471,10,7,2,7,17,11,10,24,21,18,27,45
226578,10,7,2,23,54,42,169,77,211,65,223,288
226587,10,7,2,8,16,3,9,24,12,11,25,36
226675,10,7,2,4,11,0,0,15,0,4,11,15
227146,10,7,2,12,36,19,95,48,114,31,131,162
227182,10,7,2,161,275,502,1135,436,1637,663,1410,2073
227216,10,7,2,70,76,123,178,146,301,193,254,447
227331,10,7,2,3,17,2,15,20,17,5,32,37
227368,10,7,2,65,117,59,137,182,196,124,254,378
227377,10,7,2,13,14,20,49,27,69,33,63,96
227386,10,7,2,5,33,6,45,38,51,11,78,89
227401,10,7,2,18,43,15,46,61,61,33,89,122
227526,10,7,2,12,25,9,15,37,24,21,40,61
227757,10,7,2,2,0,0,0,2,0,2,0,2
227845,10,7,2,6,6,2,3,12,5,8,9,17
227863,10,7,2,21,42,8,7,63,15,29,49,78
227881,10,7,2,52,112,60,117,164,177,112,229,341
227979,10,7,2,46,93,197,468,139,665,243,561,804
228042,10,7,2,1,7,0,3,8,3,1,10,11
228149,10,7,2,4,3,2,1,7,3,6,4,10
228158,10,7,2,35,64,43,139,99,182,78,203,281
228246,10,7,2,4,3,2,1,7,3,6,4,10
228282,10,7,2,0,1,0,0,1,0,0,1,1
228343,10,7,2,1,3,1,1,4,2,2,4,6
228431,10,7,2,12,76,15,40,88,55,27,116,143
228459,10,7,2,64,66,69,119,130,188,133,185,318
228501,10,7,2,8,14,6,31,22,37,14,45,59
228529,10,7,2,34,72,86,162,106,248,120,234,354
228547,10,7,2,73,91,393,883,164,1276,466,974,1440
228644,10,7,2,11,21,7,6,32,13,18,27,45
228653,10,7,2,1,8,1,9,9,10,2,17,19
228699,10,7,2,12,26,16,69,38,85,28,95,123
228705,10,7,2,12,28,8,25,40,33,20,53,73
228723,10,7,2,33,17,26,16,50,42,59,33,92
228769,10,7,2,107,225,272,895,332,1167,379,1120,1499
228778,10,7,2,20,20,15,21,40,36,35,41,76
228787,10,7,2,45,31,46,56,76,102,91,87,178
228796,10,7,2,62,91,109,139,153,248,171,230,401
228802,10,7,2,35,59,43,88,94,131,78,147,225
228875,10,7,2,13,7,6,1,20,7,19,8,27
229018,10,7,2,38,129,43,73,167,116,81,202,283
229027,10,7,2,116,109,142,130,225,272,258,239,497
229063,10,7,2,14,40,10,39,54,49,24,79,103
229115,10,7,2,47,66,40,64,113,104,87,130,217
229179,10,7,2,12,106,13,155,118,168,25,261,286
229337,10,7,2,8,46,4,20,54,24,12,66,78
229355,10,7,2,28,70,50,170,98,220,78,240,318
229504,10,7,2,11,6,28,61,17,89,39,67,106
229780,10,7,2,43,68,57,91,111,148,100,159,259
229799,10,7,2,10,28,39,101,38,140,49,129,178
229814,10,7,2,33,55,42,72,88,114,75,127,202
229841,10,7,2,10,12,14,74,22,88,24,86,110
229887,10,7,2,13,7,1,2,20,3,14,9,23
230038,10,7,2,3,14,13,21,17,34,16,35,51
230047,10,7,2,7,11,0,2,18,2,7,13,20
230162,10,7,2,18,18,73,36,36,109,91,54,145
230171,10,7,2,22,39,33,57,61,90,55,96,151
230214,10,7,2,0,10,1,10,10,11,1,20,21
230597,10,7,2,2,9,11,25,11,36,13,34,47
230603,10,7,2,33,47,91,250,80,341,124,297,421
230676,10,7,2,9,5,9,7,14,16,18,12,30
230728,10,7,2,40,79,71,169,119,240,111,248,359
230746,10,7,2,68,68,292,399,136,691,360,467,827
230764,10,7,2,36,59,83,117,95,200,119,176,295
230782,10,7,2,72,167,169,282,239,451,241,449,690
230807,10,7,2,3,5,0,3,8,3,3,8,11
230816,10,7,2,1,2,5,1,3,6,6,3,9
230834,10,7,2,4,7,2,3,11,5,6,10,16
230852,10,7,2,50,27,70,53,77,123,120,80,200
230861,10,7,2,6,21,75,303,27,378,81,324,405
230913,10,7,2,4,23,6,38,27,44,10,61,71
231059,10,7,2,2,0,0,0,2,0,2,0,2
231095,10,7,2,2,1,0,1,3,1,2,2,4
231165,10,7,2,15,33,32,39,48,71,47,72,119
231174,10,7,2,6,4,9,31,10,40,15,35,50
231280,10,7,2,0,2,0,0,2,0,0,2,2
231411,10,7,2,30,6,0,0,36,0,30,6,36
231420,10,7,2,11,22,6,3,33,9,17,25,42
231536,10,7,2,7,12,34,64,19,98,41,76,117
231624,10,7,2,3,3,0,0,6,0,3,3,6
231697,10,7,2,8,10,32,62,18,94,40,72,112
231785,10,7,2,7,47,5,77,54,82,12,124,136
231873,10,7,2,2,5,1,14,7,15,3,19,22
231882,10,7,2,10,21,10,34,31,44,20,55,75
232025,10,7,2,0,1,0,1,1,1,0,2,2
232043,10,7,2,2,1,3,2,3,5,5,3,8
232052,10,7,2,1,3,4,14,4,18,5,17,22
232089,10,7,2,1,1,0,1,2,1,1,2,3
232186,10,7,2,66,73,131,117,139,248,197,190,387
232195,10,7,2,14,35,57,166,49,223,71,201,272
232414,10,7,2,22,37,79,246,59,325,101,283,384
232450,10,7,2,13,23,84,140,36,224,97,163,260
232557,10,7,2,743,1071,1104,1172,1814,2276,1847,2243,4090
232566,10,7,2,0,3,2,12,3,14,2,15,17
232575,10,7,2,3,17,25,109,20,134,28,126,154
232609,10,7,2,4,2,2,4,6,6,6,6,12
232706,10,7,2,4,12,2,2,16,4,6,14,20
232788,10,7,2,10,20,13,33,30,46,23,53,76
232867,10,7,2,10,14,37,49,24,86,47,63,110
232946,10,7,2,105,139,417,712,244,1129,522,851,1373
232982,10,7,2,84,129,182,243,213,425,266,372,638
233019,10,7,2,3,9,6,25,12,31,9,34,43
233037,10,7,2,0,7,7,31,7,38,7,38,45
233116,10,7,2,16,11,57,95,27,152,73,106,179
233277,10,7,2,7,27,6,35,34,41,13,62,75
233286,10,7,2,2,3,0,2,5,2,2,5,7
233295,10,7,2,1,1,0,0,2,0,1,1,2
233310,10,7,2,5,7,17,46,12,63,22,53,75
233338,10,7,2,1,3,1,2,4,3,2,5,7
233374,10,7,2,1,0,7,9,1,16,8,9,17
233426,10,7,2,1,1,2,1,2,3,3,2,5
233541,10,7,2,3,9,1,6,12,7,4,15,19
233611,10,7,2,0,2,1,1,2,2,1,3,4
233639,10,7,2,2,26,41,64,28,105,43,90,133
233648,10,7,2,8,19,14,31,27,45,22,50,72
233666,10,7,2,0,1,0,0,1,0,0,1,1
233754,10,7,2,21,44,55,140,65,195,76,184,260
233772,10,7,2,72,122,205,392,194,597,277,514,791
233903,10,7,2,10,13,18,42,23,60,28,55,83
233921,10,7,2,10,6,6,7,16,13,16,13,29
233949,10,7,2,10,36,66,102,46,168,76,138,214
234030,10,7,2,35,49,42,64,84,106,77,113,190
234076,10,7,2,24,3,40,51,27,91,64,54,118
234119,10,7,2,3,3,3,1,6,4,6,4,10
234155,10,7,2,13,15,3,15,28,18,16,30,46
234377,10,7,2,2,10,13,35,12,48,15,45,60
234669,10,7,2,33,82,82,213,115,295,115,295,410
234696,10,7,2,36,33,14,27,69,41,50,60,110
234711,10,7,2,8,25,14,25,33,39,22,50,72
234827,10,7,2,60,92,30,49,152,79,90,141,231
234845,10,7,2,23,39,25,40,62,65,48,79,127
234924,10,7,2,0,10,0,0,10,0,0,10,10
234933,10,7,2,45,90,66,141,135,207,111,231,342
234951,10,7,2,59,81,40,96,140,136,99,177,276
234979,10,7,2,26,65,115,88,91,203,141,153,294
235024,10,7,2,1,1,0,0,2,0,1,1,2
235097,10,7,2,32,58,15,19,90,34,47,77,124
235103,10,7,2,45,53,136,270,98,406,181,323,504
235149,10,7,2,30,70,63,127,100,190,93,197,290
235237,10,7,2,52,124,157,308,176,465,209,432,641
235307,10,7,2,1,4,0,0,5,0,1,4,5
235316,10,7,2,3,1,0,2,4,2,3,3,6
235334,10,7,2,25,37,23,29,62,52,48,66,114
235343,10,7,2,44,67,47,87,111,134,91,154,245
235431,10,7,2,22,69,43,101,91,144,65,170,235
235547,10,7,2,0,2,0,3,2,3,0,5,5
235671,10,7,2,81,85,191,224,166,415,272,309,581
235699,10,7,2,32,63,62,223,95,285,94,286,380
235750,10,7,2,10,40,20,99,50,119,30,139,169
236072,10,7,2,43,57,147,450,100,597,190,507,697
236188,10,7,2,66,84,51,111,150,162,117,195,312
236258,10,7,2,12,39,33,64,51,97,45,103,148
236328,10,7,2,0,0,0,4,0,4,0,4,4
236382,10,7,2,43,40,214,69,83,283,257,109,366
236452,10,7,2,16,21,4,3,37,7,20,24,44
236504,10,7,2,39,18,331,95,57,426,370,113,483
236513,10,7,2,52,71,33,67,123,100,85,138,223
236577,10,7,2,4,6,0,0,10,0,4,6,10
236595,10,7,2,9,13,2,2,22,4,11,15,26
236610,10,7,2,34,52,73,246,86,319,107,298,405
236638,10,7,2,36,68,104,106,104,210,140,174,314
236656,10,7,2,37,51,24,107,88,131,61,158,219
236692,10,7,2,85,164,116,189,249,305,201,353,554
236708,10,7,2,24,62,26,54,86,80,50,116,166
236753,10,7,2,52,145,37,116,197,153,89,261,350
236887,10,7,2,55,55,75,43,110,118,130,98,228
236896,10,7,2,2,3,1,3,5,4,3,6,9
236939,10,7,2,98,128,74,143,226,217,172,271,443
236975,10,7,2,28,42,13,38,70,51,41,80,121
237011,10,7,2,27,36,18,7,63,25,45,43,88
237039,10,7,2,16,42,39,77,58,116,55,119,174
237066,10,7,2,1,6,0,1,7,1,1,7,8
237109,10,7,2,21,67,12,67,88,79,33,134,167
237118,10,7,2,0,3,1,4,3,5,1,7,8
237303,10,7,2,3,0,0,0,3,0,3,0,3
237312,10,7,2,51,28,202,23,79,225,253,51,304
237321,10,7,2,0,2,0,0,2,0,0,2,2
237330,10,7,2,4,14,1,4,18,5,5,18,23
237358,10,7,2,1,4,0,2,5,2,1,6,7
237367,10,7,2,12,13,5,17,25,22,17,30,47
237385,10,7,2,7,6,39,3,13,42,46,9,55
237525,10,7,2,31,44,23,30,75,53,54,74,128
237686,10,7,2,12,34,21,44,46,65,33,78,111
237701,10,7,2,2,7,1,1,9,2,3,8,11
237792,10,7,2,7,15,19,31,22,50,26,46,72
237817,10,7,2,10,20,3,15,30,18,13,35,48
237899,10,7,2,12,13,4,8,25,12,16,21,37
237950,10,7,2,4,8,4,2,12,6,8,10,18
238014,10,7,2,13,18,7,13,31,20,20,31,51
238032,10,7,2,19,18,26,20,37,46,45,38,83
238175,10,7,2,0,1,0,0,1,0,0,1,1
238193,10,7,2,0,20,1,16,20,17,1,36,37
238263,10,7,2,47,50,157,318,97,475,204,368,572
238397,10,7,2,16,34,52,99,50,151,68,133,201
238430,10,7,2,0,3,7,12,3,19,7,15,22
238458,10,7,2,1,5,1,6,6,7,2,11,13
238722,10,7,2,30,29,257,186,59,443,287,215,502
238759,10,7,2,23,26,91,208,49,299,114,234,348
239008,10,7,2,13,15,74,80,28,154,87,95,182
239071,10,7,2,0,0,7,4,0,11,7,4,11
239105,10,7,2,0,1,1,4,1,5,1,5,6
239248,10,7,2,70,81,256,539,151,795,326,620,946
239309,10,7,2,1,0,1,0,1,1,2,0,2
239318,10,7,2,10,5,3,2,15,5,13,7,20
239372,10,7,2,15,20,53,113,35,166,68,133,201
239442,10,7,2,1,2,15,43,3,58,16,45,61
239488,10,7,2,36,52,126,270,88,396,162,322,484
239512,10,7,2,0,1,0,1,1,1,0,2,2
239877,10,7,2,0,2,0,1,2,1,0,3,3
240107,10,7,2,5,10,6,27,15,33,11,37,48
240170,10,7,2,16,24,61,126,40,187,77,150,227
240189,10,7,2,17,32,29,44,49,73,46,76,122
240198,10,7,2,19,31,32,83,50,115,51,114,165
240268,10,7,2,7,8,7,21,15,28,14,29,43
240277,10,7,2,31,50,57,149,81,206,88,199,287
240329,10,7,2,2,5,2,5,7,7,4,10,14
240338,10,7,2,0,1,1,4,1,5,1,5,6
240365,10,7,2,17,33,67,42,50,109,84,75,159
240374,10,7,2,6,15,23,22,21,45,29,37,66
240417,10,7,2,18,17,37,41,35,78,55,58,113
240426,10,7,2,6,29,9,46,35,55,15,75,90
240444,10,7,2,14,20,39,62,34,101,53,82,135
240453,10,7,2,69,64,90,111,133,201,159,175,334
240462,10,7,2,9,6,34,11,15,45,43,17,60
240471,10,7,2,4,8,9,11,12,20,13,19,32
240480,10,7,2,14,14,14,23,28,37,28,37,65
240505,10,7,2,22,34,41,71,56,112,63,105,168
240514,10,7,2,4,13,45,39,17,84,49,52,101
240596,10,7,2,3,6,3,23,9,26,6,29,35
240620,10,7,2,12,31,20,68,43,88,32,99,131
240657,10,7,2,6,8,10,28,14,38,16,36,52
240666,10,7,2,16,20,30,56,36,86,46,76,122
240727,10,7,2,23,42,56,75,65,131,79,117,196
240745,10,7,2,6,14,19,24,20,43,25,38,63
240790,10,7,2,10,12,4,9,22,13,14,21,35
241182,10,7,2,6,19,0,0,25,0,6,19,25
241191,10,7,2,3,5,1,2,8,3,4,7,11
241225,10,7,2,2,1,1,7,3,8,3,8,11
241331,10,7,2,0,3,3,8,3,11,3,11,14
241377,10,7,2,15,21,2,5,36,7,17,26,43
241386,10,7,2,2,5,0,3,7,3,2,8,10
241395,10,7,2,1,3,0,3,4,3,1,6,7
241410,10,7,2,5,11,5,18,16,23,10,29,39
241720,10,7,2,8,23,8,14,31,22,16,37,53
241739,10,7,2,35,85,32,95,120,127,67,180,247
241766,10,7,2,3,0,2,0,3,2,5,0,5
241836,10,7,2,8,27,27,59,35,86,35,86,121
241906,10,7,2,1,7,0,0,8,0,1,7,8
241951,10,7,2,0,0,1,2,0,3,1,2,3
242112,10,7,2,12,13,1,6,25,7,13,19,32
242130,10,7,2,2,8,1,2,10,3,3,10,13
242149,10,7,2,5,15,1,10,20,11,6,25,31
242556,10,7,2,1,2,0,1,3,1,1,3,4
242617,10,7,2,11,5,5,4,16,9,16,9,25
242626,10,7,2,10,18,19,23,28,42,29,41,70
242635,10,7,2,5,40,7,23,45,30,12,63,75
242644,10,7,2,5,8,3,9,13,12,8,17,25
242653,10,7,2,20,32,15,25,52,40,35,57,92
242662,10,7,2,12,42,15,34,54,49,27,76,103
242680,10,7,2,3,13,5,9,16,14,8,22,30
242699,10,7,2,14,35,3,19,49,22,17,54,71
242705,10,7,2,13,12,8,11,25,19,21,23,44
243106,10,7,2,0,1,1,3,1,4,1,4,5
243142,10,7,2,1,0,6,12,1,18,7,12,19
243179,10,7,2,0,2,0,2,2,2,0,4,4
243188,10,7,2,3,1,1,0,4,1,4,1,5
243203,10,7,2,0,1,0,0,1,0,0,1,1
243212,10,7,2,0,0,3,10,0,13,3,10,13
243221,10,7,2,7,6,5,7,13,12,12,13,25
243346,10,7,2,25,50,33,61,75,94,58,111,169
243443,10,7,2,13,30,18,28,43,46,31,58,89
243577,10,7,2,18,4,45,18,22,63,63,22,85
243586,10,7,2,2,4,0,2,6,2,2,6,8
243601,10,7,2,37,66,43,78,103,121,80,144,224
243638,10,7,2,5,16,8,21,21,29,13,37,50
243647,10,7,2,2,4,6,4,6,10,8,8,16
243744,10,7,2,7,1,0,0,8,0,7,1,8
243780,10,7,2,24,7,36,54,31,90,60,61,121
243832,10,7,2,24,52,36,72,76,108,60,124,184
243841,10,7,2,7,28,0,10,35,10,7,38,45
244437,10,7,2,33,55,113,340,88,453,146,395,541
244446,10,7,2,12,19,34,112,31,146,46,131,177
245281,10,7,2,3,5,0,0,8,0,3,5,8
245625,10,7,2,3,4,8,37,7,45,11,41,52
246813,10,7,2,9,13,28,104,22,132,37,117,154
246895,10,7,2,8,13,4,6,21,10,12,19,31
247603,10,7,2,13,10,10,21,23,31,23,31,54
247834,10,7,2,95,121,207,461,216,668,302,582,884
247940,10,7,2,24,33,48,57,57,105,72,90,162
248925,10,7,2,11,22,5,3,33,8,16,25,41
248934,10,7,2,552,782,1,6,1334,7,553,788,1341
249238,10,7,2,1,11,0,10,12,10,1,21,22
251260,10,7,2,8,21,15,52,29,67,23,73,96
260813,10,7,2,1,18,0,0,19,0,1,18,19
260929,10,7,2,3,6,0,0,9,0,3,6,9
262031,10,7,2,12,23,36,116,35,152,48,139,187
262086,10,7,2,75,93,191,348,168,539,266,441,707
262129,10,7,2,1,0,0,0,1,0,1,0,1
262341,10,7,2,11,2,0,0,13,0,11,2,13
363165,10,7,2,22,21,5,2,43,7,27,23,50
363633,10,7,2,2,6,11,17,8,28,13,23,36
363907,10,7,2,14,12,12,2,26,14,26,14,40
363916,10,7,2,3,9,1,0,12,1,4,9,13
364016,10,7,2,11,15,70,146,26,216,81,161,242
364025,10,7,2,14,18,93,161,32,254,107,179,286
364636,10,7,2,1,5,0,1,6,1,1,6,7
365198,10,7,2,0,4,5,4,4,9,5,8,13
365480,10,7,2,1,6,2,1,7,3,3,7,10
366003,10,7,2,5,10,14,13,15,27,19,23,42
366252,10,7,2,13,13,15,47,26,62,28,60,88
366395,10,7,2,31,68,70,233,99,303,101,301,402
366401,10,7,2,10,21,60,175,31,235,70,196,266
366465,10,7,2,10,29,12,50,39,62,22,79,101
366623,10,7,2,0,0,1,0,0,1,1,0,1
366632,10,7,2,0,1,0,0,1,0,0,1,1
366711,10,7,2,47,82,35,75,129,110,82,157,239
367334,10,7,2,15,0,8,1,15,9,23,1,24
367459,10,7,2,12,14,48,95,26,143,60,109,169
368230,10,7,2,0,3,0,3,3,3,0,6,6
368911,10,7,2,3,12,11,40,15,51,14,52,66
372356,10,7,2,0,9,0,0,9,0,0,9,9
374574,10,7,2,8,18,2,23,26,25,10,41,51
375106,10,7,2,17,2,3,0,19,3,20,2,22
375407,10,7,2,3,7,0,1,10,1,3,8,11
375416,10,7,2,14,4,0,0,18,0,14,4,18
375726,10,7,2,10,65,6,3,75,9,16,68,84
375984,10,7,2,0,10,1,3,10,4,1,13,14
376288,10,7,2,1,7,0,0,8,0,1,7,8
376385,10,7,2,9,12,0,1,21,1,9,13,22
376446,10,7,2,0,3,0,7,3,7,0,10,10
376631,10,7,2,1,0,0,0,1,0,1,0,1
377218,10,7,2,7,0,0,0,7,0,7,0,7
377643,10,7,2,2,7,0,0,9,0,2,7,9
377722,10,7,2,2,24,0,0,26,0,2,24,26
379621,10,7,2,1,6,0,2,7,2,1,8,9
380359,10,7,2,6,21,5,28,27,33,11,49,60
382258,10,7,2,0,2,0,3,2,3,0,5,5
383190,10,7,2,19,10,15,57,29,72,34,67,101
383765,10,7,2,1,2,0,3,3,3,1,5,6
383996,10,7,2,1,3,16,22,4,38,17,25,42
384333,10,7,2,11,18,69,172,29,241,80,190,270
384342,10,7,2,13,23,37,93,36,130,50,116,166
395362,10,7,2,3,21,23,57,24,80,26,78,104
399212,10,7,2,5,10,524,132,15,656,529,142,671
400187,10,7,2,3,28,3,21,31,24,6,49,55
401764,10,7,2,0,4,0,10,4,10,0,14,14
403469,10,7,2,1,5,141,45,6,186,142,50,192
403478,10,7,2,0,11,3,7,11,10,3,18,21
403487,10,7,2,1,3,3,14,4,17,4,17,21
404426,10,7,2,6,7,27,56,13,83,33,63,96
404684,10,7,2,2,5,0,0,7,0,2,5,7
405872,10,7,2,4,6,19,54,10,73,23,60,83
407179,10,7,2,0,1,0,1,1,1,0,2,2
407461,10,7,2,8,2,0,0,10,0,8,2,10
407470,10,7,2,0,7,0,8,7,8,0,15,15
407735,10,7,2,0,2,0,0,2,0,0,2,2
407832,10,7,2,1,1,7,3,2,10,8,4,12
408066,10,7,2,0,1,0,3,1,3,0,4,4
408844,10,7,2,48,109,24,77,157,101,72,186,258
409591,10,7,2,0,1,0,0,1,0,0,1,1
409698,10,7,2,23,44,37,44,67,81,60,88,148
412544,10,7,2,0,2,0,2,2,2,0,4,4
413617,10,7,2,1,8,7,19,9,26,8,27,35
414878,10,7,2,3,7,4,15,10,19,7,22,29
414911,10,7,2,2,12,5,16,14,21,7,28,35
415039,10,7,2,0,3,0,0,3,0,0,3,3
416801,10,7,2,5,18,0,6,23,6,5,24,29
417008,10,7,2,0,2,0,0,2,0,0,2,2
417655,10,7,2,0,1,0,0,1,0,0,1,1
417716,10,7,2,0,22,0,0,22,0,0,22,22
417734,10,7,2,2,2,1,7,4,8,3,9,12
417840,10,7,2,3,40,0,0,43,0,3,40,43
417886,10,7,2,0,3,0,0,3,0,0,3,3
417910,10,7,2,4,20,0,0,24,0,4,20,24
418029,10,7,2,0,4,0,0,4,0,0,4,4
418065,10,7,2,3,12,1,5,15,6,4,17,21
418083,10,7,2,0,3,0,0,3,0,0,3,3
418481,10,7,2,0,3,0,0,3,0,0,3,3
418533,10,7,2,2,8,0,4,10,4,2,12,14
418588,10,7,2,0,2,0,0,2,0,0,2,2
420042,10,7,2,3,2,0,0,5,0,3,2,5
420130,10,7,2,1,29,0,0,30,0,1,29,30
420343,10,7,2,13,1,10,0,14,10,23,1,24
420431,10,7,2,7,20,23,72,27,95,30,92,122
420440,10,7,2,3,11,16,41,14,57,19,52,71
420538,10,7,2,5,14,11,33,19,44,16,47,63
420556,10,7,2,2,13,5,17,15,22,7,30,37
421610,10,7,2,0,3,0,0,3,0,0,3,3
421717,10,7,2,0,0,1,2,0,3,1,2,3
423652,10,7,2,0,11,5,13,11,18,5,24,29
426314,10,7,2,233,22,972,102,255,1074,1205,124,1329
428055,10,7,2,2,3,0,0,5,0,2,3,5
430227,10,7,2,0,3,0,0,3,0,0,3,3
430403,10,7,2,0,27,0,0,27,0,0,27,27
430564,10,7,2,0,3,1,1,3,2,1,4,5
430971,10,7,2,1,4,0,0,5,0,1,4,5
431275,10,7,2,0,2,1,4,2,5,1,6,7
431284,10,7,2,0,6,0,2,6,2,0,8,8
433040,10,7,2,0,3,0,0,3,0,0,3,3
433101,10,7,2,5,21,1,26,26,27,6,47,53
433387,10,7,2,7414,11797,0,0,19211,0,7414,11797,19211
433420,10,7,2,14,1,0,0,15,0,14,1,15
433660,10,7,2,16,24,27,53,40,80,43,77,120
434061,10,7,2,26,108,41,150,134,191,67,258,325
434159,10,7,2,22,3,0,0,25,0,22,3,25
434469,10,7,2,0,49,0,0,49,0,0,49,49
434584,10,7,2,0,5,7,17,5,24,7,22,29
434672,10,7,2,36,81,184,614,117,798,220,695,915
435000,10,7,2,1,2,0,0,3,0,1,2,3
436553,10,7,2,5,16,0,0,21,0,5,16,21
436818,10,7,2,2,3,1,4,5,5,3,7,10
436827,10,7,2,1,2,1,0,3,1,2,2,4
436836,10,7,2,5,9,5,1,14,6,10,10,20
437103,10,7,2,43,134,85,281,177,366,128,415,543
438586,10,7,2,38,74,4,11,112,15,42,85,127
438708,10,7,2,0,5,1,5,5,6,1,10,11
439190,10,7,2,6,6,8,8,12,16,14,14,28
439367,10,7,2,36,80,0,0,116,0,36,80,116
439844,10,7,2,0,1,0,0,1,0,0,1,1
440101,10,7,2,0,7,0,6,7,6,0,13,13
440271,10,7,2,9,10,0,0,19,0,9,10,19
440749,10,7,2,1,0,6,2,1,8,7,2,9
440828,10,7,2,7,4,10,8,11,18,17,12,29
441371,10,7,2,33,930,0,0,963,0,33,930,963
441690,10,7,2,1,4,13,3,5,16,14,7,21
441760,10,7,2,39,32,23,79,71,102,62,111,173
441900,10,7,2,20,44,57,169,64,226,77,213,290
441937,10,7,2,20,40,21,58,60,79,41,98,139
442073,10,7,2,6,14,1,19,20,20,7,33,40
442240,10,7,2,1,9,1,6,10,7,2,15,17
442329,10,7,2,23,4,0,0,27,0,23,4,27
442356,10,7,2,2,22,15,97,24,112,17,119,136
442523,10,7,2,0,1,0,0,1,0,0,1,1
442930,10,7,2,5,7,2,0,12,2,7,7,14
443049,10,7,2,4,1,3,3,5,6,7,4,11
443058,10,7,2,0,1,1,3,1,4,1,4,5
443100,10,7,2,3,4,0,0,7,0,3,4,7
443331,10,7,2,32,144,6,28,176,34,38,172,210
443641,10,7,2,0,3,0,0,3,0,0,3,3
444219,10,7,2,13,28,170,249,41,419,183,277,460
444282,10,7,2,0,0,0,3,0,3,0,3,3
444291,10,7,2,0,4,0,3,4,3,0,7,7
444307,10,7,2,0,1,1,0,1,1,1,1,2
444486,10,7,2,0,10,0,0,10,0,0,10,10
444556,10,7,2,8,9,0,0,17,0,8,9,17
444565,10,7,2,14,9,7,3,23,10,21,12,33
444583,10,7,2,4,7,0,0,11,0,4,7,11
444671,10,7,2,2,2,0,0,4,0,2,2,4
444787,10,7,2,39,246,31,151,285,182,70,397,467
445027,10,7,2,630,969,48,90,1599,138,678,1059,1737
445133,10,7,2,3,5,0,4,8,4,3,9,12
445188,10,7,2,6,6,1,1,12,2,7,7,14
445212,10,7,2,1,0,0,0,1,0,1,0,1
445267,10,7,2,8,71,26,74,79,100,34,145,179
445498,10,7,2,1,0,0,0,1,0,1,0,1
445708,10,7,2,6,2,0,0,8,0,6,2,8
445911,10,7,2,3,7,6,12,10,18,9,19,28
445948,10,7,2,34,121,0,0,155,0,34,121,155
446206,10,7,2,0,1,0,1,1,1,0,2,2
446233,10,7,2,0,0,0,1,0,1,0,1,1
446251,10,7,2,5,10,0,0,15,0,5,10,15
446288,10,7,2,0,3,0,0,3,0,0,3,3
446774,10,7,2,11,18,121,172,29,293,132,190,322
447148,10,7,2,2,5,0,2,7,2,2,7,9
447166,10,7,2,1,3,0,1,4,1,1,4,5
447175,10,7,2,2,3,0,2,5,2,2,5,7
447582,10,7,2,12,23,0,15,35,15,12,38,50
447689,10,7,2,33,55,32,61,88,93,65,116,181
447759,10,7,2,7,11,0,3,18,3,7,14,21
447999,10,7,2,2,16,0,0,18,0,2,16,18
448026,10,7,2,1,3,0,2,4,2,1,5,6
448196,10,7,2,0,10,0,0,10,0,0,10,10
448220,10,7,2,0,6,0,0,6,0,0,6,6
448248,10,7,2,5,6,44,18,11,62,49,24,73
448594,10,7,2,11,28,36,80,39,116,47,108,155
448673,10,7,2,8,124,22,192,132,214,30,316,346
448798,10,7,2,0,1,0,0,1,0,0,1,1
449320,10,7,2,4,0,5,0,4,5,9,0,9
449357,10,7,2,1,8,0,0,9,0,1,8,9
449384,10,7,2,5,0,23,10,5,33,28,10,38
449472,10,7,2,0,7,0,0,7,0,0,7,7
449889,10,7,2,2,17,0,0,19,0,2,17,19
449959,10,7,2,2,3,2,2,5,4,4,5,9
449968,10,7,2,4,7,1,1,11,2,5,8,13
449977,10,7,2,0,1,0,4,1,4,0,5,5
449986,10,7,2,2,6,0,9,8,9,2,15,17
449995,10,7,2,1,3,0,3,4,3,1,6,7
450571,10,7,2,7,18,3,24,25,27,10,42,52
450599,10,7,2,0,2,0,0,2,0,0,2,2
450605,10,7,2,0,0,0,2,0,2,0,2,2
450614,10,7,2,1,3,0,2,4,2,1,5,6
450641,10,7,2,0,12,3,10,12,13,3,22,25
450720,10,7,2,0,5,0,12,5,12,0,17,17
450933,10,7,2,766,382,709,272,1148,981,1475,654,2129
451121,10,7,2,0,2,0,3,2,3,0,5,5
451565,10,7,2,1,5,0,1,6,1,1,6,7
451583,10,7,2,0,0,22,3,0,25,22,3,25
451714,10,7,2,1,11,1,9,12,10,2,20,22
451750,10,7,2,4,29,4,43,33,47,8,72,80
451857,10,7,2,0,3,0,0,3,0,0,3,3
451918,10,7,2,2,4,0,0,6,0,2,4,6
452009,10,7,2,0,1,0,0,1,0,0,1,1
453297,10,7,2,0,0,0,1,0,1,0,1,1
454227,10,7,2,44,368,145,1271,412,1416,189,1639,1828
454236,10,7,2,2,20,0,25,22,25,2,45,47
454245,10,7,2,6,13,7,33,19,40,13,46,59
454652,10,7,2,0,2,0,0,2,0,0,2,2
454698,10,7,2,2,7,0,0,9,0,2,7,9
454768,10,7,2,1,1,1,7,2,8,2,8,10
454777,10,7,2,2,12,0,2,14,2,2,14,16
454810,10,7,2,343,784,0,0,1127,0,343,784,1127
454926,10,7,2,0,12,1,1,12,2,1,13,14
454944,10,7,2,2,5,0,0,7,0,2,5,7
455026,10,7,2,0,0,1,0,0,1,1,0,1
455080,10,7,2,1,3,0,0,4,0,1,3,4
455114,10,7,2,42,53,68,163,95,231,110,216,326
455196,10,7,2,40,515,0,0,555,0,40,515,555
455284,10,7,2,1,6,0,3,7,3,1,9,10
455512,10,7,2,8,13,41,103,21,144,49,116,165
455831,10,7,2,1,8,0,0,9,0,1,8,9
455868,10,7,2,3,19,0,0,22,0,3,19,22
455901,10,7,2,0,3,1,1,3,2,1,4,5
456029,10,7,2,0,4,0,3,4,3,0,7,7
456065,10,7,2,0,5,0,2,5,2,0,7,7
456074,10,7,2,0,2,0,0,2,0,0,2,2
456135,10,7,2,0,4,0,1,4,1,0,5,5
456481,10,7,2,0,0,2,5,0,7,2,5,7
456825,10,7,2,0,2,0,2,2,2,0,4,4
456959,10,7,2,1,0,0,1,1,1,1,1,2
457129,10,7,2,2,29,10,68,31,78,12,97,109
457253,10,7,2,0,6,0,4,6,4,0,10,10
457299,10,7,2,4,32,0,5,36,5,4,37,41
457323,10,7,2,2,18,0,0,20,0,2,18,20
457475,10,7,2,1,4,0,0,5,0,1,4,5
457493,10,7,2,0,3,0,0,3,0,0,3,3
457527,10,7,2,0,0,0,25,0,25,0,25,25
457545,10,7,2,0,2,0,3,2,3,0,5,5
457633,10,7,2,0,1,1,9,1,10,1,10,11
457679,10,7,2,0,1,0,0,1,0,0,1,1
457855,10,7,2,0,3,0,1,3,1,0,4,4
458140,10,7,2,6,1,0,0,7,0,6,1,7
458210,10,7,2,36,113,13,58,149,71,49,171,220
458229,10,7,2,36,165,6,39,201,45,42,204,246
458274,10,7,2,0,4,0,1,4,1,0,5,5
458803,10,7,2,0,5,0,3,5,3,0,8,8
458812,10,7,2,0,6,0,0,6,0,0,6,6
458821,10,7,2,0,3,0,0,3,0,0,3,3
458830,10,7,2,0,7,2,9,7,11,2,16,18
458858,10,7,2,0,10,0,10,10,10,0,20,20
458867,10,7,2,0,15,0,4,15,4,0,19,19
459019,10,7,2,2,2,0,2,4,2,2,4,6
459046,10,7,2,0,3,0,0,3,0,0,3,3
459055,10,7,2,0,3,0,1,3,1,0,4,4
459064,10,7,2,0,0,0,1,0,1,0,1,1
459116,10,7,2,1,6,0,0,7,0,1,6,7
459170,10,7,2,2,4,0,5,6,5,2,9,11
459198,10,7,2,6,8,0,5,14,5,6,13,19
459231,10,7,2,1,13,0,0,14,0,1,13,14
459286,10,7,2,2,8,0,1,10,1,2,9,11
459301,10,7,2,1,5,0,1,6,1,1,6,7
459392,10,7,2,1,3,0,1,4,1,1,4,5
459417,10,7,2,1,0,0,0,1,0,1,0,1
459523,10,7,2,1,7,0,0,8,0,1,7,8
459578,10,7,2,0,4,1,1,4,2,1,5,6
459949,10,7,2,56,72,86,150,128,236,142,222,364
460349,10,7,2,11,25,51,108,36,159,62,133,195
460394,10,7,2,13,23,170,231,36,401,183,254,437
460464,10,7,2,27,10,157,180,37,337,184,190,374
460677,10,7,2,1,25,1,5,26,6,2,30,32
460862,10,7,2,0,7,0,6,7,6,0,13,13
460871,10,7,2,1,16,6,52,17,58,7,68,75
460932,10,7,2,0,1,0,0,1,0,0,1,1
461193,10,7,2,0,1,0,0,1,0,0,1,1
461272,10,7,2,0,1,0,2,1,2,0,3,3
461379,10,7,2,0,0,0,4,0,4,0,4,4
461421,10,7,2,0,2,0,0,2,0,0,2,2
461591,10,7,2,1,7,0,0,8,0,1,7,8
461652,10,7,2,0,6,0,0,6,0,0,6,6
461704,10,7,2,1,6,0,0,7,0,1,6,7
461759,10,7,2,5,3,2,2,8,4,7,5,12
461829,10,7,2,4,4,0,0,8,0,4,4,8
461883,10,7,2,1,1,0,0,2,0,1,1,2
461917,10,7,2,0,4,0,1,4,1,0,5,5
462008,10,7,2,2,7,0,2,9,2,2,9,11
462071,10,7,2,2,9,0,1,11,1,2,10,12
463056,10,7,2,1,4,2,2,5,4,3,6,9
466921,10,7,2,0,10,4,17,10,21,4,27,31
466930,10,7,2,7,40,26,145,47,171,33,185,218
467863,10,7,2,3,5,3,0,8,3,6,5,11
467872,10,7,2,1,3,0,3,4,3,1,6,7
468893,10,7,2,1,1,0,4,2,4,1,5,6
470047,10,7,2,5,0,0,0,5,0,5,0,5
474863,10,7,2,16,70,30,169,86,199,46,239,285
474915,10,7,2,0,5,0,8,5,8,0,13,13
474924,10,7,2,0,0,0,9,0,9,0,9,9
475200,10,7,2,1,5,11,22,6,33,12,27,39
475431,10,7,2,0,5,0,0,5,0,0,5,5
475486,10,7,2,2,9,1,4,11,5,3,13,16
475547,10,7,2,1,2,1,4,3,5,2,6,8
475556,10,7,2,0,2,0,1,2,1,0,3,3
475653,10,7,2,0,1,0,0,1,0,0,1,1
475723,10,7,2,4,4,11,9,8,20,15,13,28
475732,10,7,2,8,46,10,109,54,119,18,155,173
475741,10,7,2,0,13,1,15,13,16,1,28,29
475839,10,7,2,13,7,10,7,20,17,23,14,37
476063,10,7,2,21,2,0,0,23,0,21,2,23
476179,10,7,2,0,6,0,6,6,6,0,12,12
476805,10,7,2,0,1,0,0,1,0,0,1,1
476841,10,7,2,0,5,0,3,5,3,0,8,8
476975,10,7,2,99,98,357,444,197,801,456,542,998
476984,10,7,2,0,10,1,3,10,4,1,13,14
477039,10,7,2,8,61,5,36,69,41,13,97,110
478582,10,7,2,0,8,1,4,8,5,1,12,13
478616,10,7,2,0,5,0,1,5,1,0,6,6
478953,10,7,2,0,8,0,0,8,0,0,8,8
479956,10,7,2,75,92,380,364,167,744,455,456,911
479983,10,7,2,3,5,0,0,8,0,3,5,8
480028,10,7,2,19,6,0,0,25,0,19,6,25
480091,10,7,2,87,679,41,363,766,404,128,1042,1170
480310,10,7,2,0,4,0,3,4,3,0,7,7
480569,10,7,2,17,30,22,20,47,42,39,50,89
480657,10,7,2,3,25,1,38,28,39,4,63,67
480921,10,7,2,9,0,0,0,9,0,9,0,9
480930,10,7,2,0,2,0,2,2,2,0,4,4
480976,10,7,2,0,2,0,0,2,0,0,2,2
481191,10,7,2,2,8,0,0,10,0,2,8,10
481225,10,7,2,2,0,0,0,2,0,2,0,2
481526,10,7,2,0,12,0,0,12,0,0,12,12
481678,10,7,2,0,3,0,2,3,2,0,5,5
481739,10,7,2,0,1,0,1,1,1,0,2,2
481748,10,7,2,1,2,0,2,3,2,1,4,5
481845,10,7,2,0,5,0,1,5,1,0,6,6
482149,10,7,2,19,30,17,24,49,41,36,54,90
482158,10,7,2,30,52,72,124,82,196,102,176,278
482167,10,7,2,0,3,0,9,3,9,0,12,12
482176,10,7,2,0,6,0,1,6,1,0,7,7
482413,10,7,2,18,13,10,21,31,31,28,34,62
482422,10,7,2,2,2,5,1,4,6,7,3,10
482431,10,7,2,62,55,72,59,117,131,134,114,248
482459,10,7,2,4,17,11,17,21,28,15,34,49
482468,10,7,2,12,16,10,23,28,33,22,39,61
482477,10,7,2,545,926,681,1479,1471,2160,1226,2405,3631
482547,10,7,2,2,0,1,0,2,1,3,0,3
482556,10,7,2,3,0,5,3,3,8,8,3,11
482574,10,7,2,8,7,5,11,15,16,13,18,31
482635,10,7,2,9,2,6,4,11,10,15,6,21
482653,10,7,2,5,2,2,2,7,4,7,4,11
482680,10,7,2,21,43,33,67,64,100,54,110,164
482699,10,7,2,1,20,2,21,21,23,3,41,44
482705,10,7,2,4,21,61,61,25,122,65,82,147
482936,10,7,2,0,0,1,1,0,2,1,1,2
483036,10,7,2,18,36,42,75,54,117,60,111,171
483045,10,7,2,31,89,103,261,120,364,134,350,484
483054,10,7,2,10,4,0,0,14,0,10,4,14
483124,10,7,2,487,696,1450,1431,1183,2881,1937,2127,4064
483328,10,7,2,0,1,0,1,1,1,0,2,2
483337,10,7,2,0,3,0,1,3,1,0,4,4
483559,10,7,2,0,1,0,1,1,1,0,2,2
483595,10,7,2,85,287,55,209,372,264,140,496,636
483823,10,7,2,38,22,0,0,60,0,38,22,60
483911,10,7,2,0,1,0,0,1,0,0,1,1
484011,10,7,2,2,1,0,1,3,1,2,2,4
484093,10,7,2,0,2,0,1,2,1,0,3,3
484109,10,7,2,0,1,0,0,1,0,0,1,1
484190,10,7,2,1,0,0,0,1,0,1,0,1
484394,10,7,2,0,2,1,1,2,2,1,3,4
484473,10,7,2,21,32,115,110,53,225,136,142,278
484613,10,7,2,3610,8271,0,0,11881,0,3610,8271,11881
484631,10,7,2,53,31,0,0,84,0,53,31,84
484710,10,7,2,5,0,0,0,5,0,5,0,5
484756,10,7,2,6,9,0,0,15,0,6,9,15
484905,10,7,2,15,29,35,79,44,114,50,108,158
485014,10,7,2,0,4,0,2,4,2,0,6,6
485032,10,7,2,1,4,2,1,5,3,3,5,8
485111,10,7,2,17,66,38,110,83,148,55,176,231
485272,10,7,2,5,37,2,21,42,23,7,58,65
485397,10,7,2,0,3,0,6,3,6,0,9,9
485458,10,7,2,6,26,23,74,32,97,29,100,129
485476,10,7,2,0,3,0,0,3,0,0,3,3
485494,10,7,2,8,1,0,1,9,1,8,2,10
485768,10,7,2,7,16,0,0,23,0,7,16,23
486123,10,7,2,1,1,0,0,2,0,1,1,2
486567,10,7,2,0,6,0,0,6,0,0,6,6
486691,10,7,2,0,2,0,6,2,6,0,8,8
486798,10,7,2,60,7,0,0,67,0,60,7,67
486840,10,7,2,114,100,180,155,214,335,294,255,549
486886,10,7,2,0,0,0,1,0,1,0,1,1
486938,10,7,2,6,14,2,27,20,29,8,41,49
486947,10,7,2,0,16,3,20,16,23,3,36,39
486956,10,7,2,9,52,14,84,61,98,23,136,159
486983,10,7,2,1,0,0,0,1,0,1,0,1
487010,10,7,2,2,8,0,2,10,2,2,10,12
487162,10,7,2,17,45,23,119,62,142,40,164,204
487348,10,7,2,0,4,0,2,4,2,0,6,6
487524,10,7,2,1,2,4,19,3,23,5,21,26
487676,10,7,2,0,5,0,5,5,5,0,10,10
487773,10,7,2,0,0,0,2,0,2,0,2,2
487861,10,7,2,7,40,2,10,47,12,9,50,59
487922,10,7,2,0,2,0,1,2,1,0,3,3
487995,10,7,2,2,2,0,1,4,1,2,3,5
488013,10,7,2,1,25,0,2,26,2,1,27,28
488031,10,7,2,0,5,0,0,5,0,0,5,5
488077,10,7,2,447,17,224,3,464,227,671,20,691
488271,10,7,2,0,4,0,0,4,0,0,4,4
488305,10,7,2,0,1,4,0,1,4,4,1,5
488332,10,7,2,8,59,0,0,67,0,8,59,67
488989,10,7,2,0,3,1,3,3,4,1,6,7
488998,10,7,2,1,4,0,0,5,0,1,4,5
489140,10,7,2,0,1,0,3,1,3,0,4,4
489201,10,7,2,4,17,68,189,21,257,72,206,278
489344,10,7,2,1,8,2,12,9,14,3,20,23
489353,10,7,2,6,24,4,12,30,16,10,36,46
489779,10,7,2,298,488,1651,2198,786,3849,1949,2686,4635
490230,10,7,2,11,19,0,0,30,0,11,19,30
490258,10,7,2,1,7,0,0,8,0,1,7,8
490300,10,7,2,0,2,2,2,2,4,2,4,6
490416,10,7,2,1,0,0,0,1,0,1,0,1
490425,10,7,2,0,9,0,0,9,0,0,9,9
490753,10,7,2,0,3,0,0,3,0,0,3,3
490805,10,7,2,13,50,32,111,63,143,45,161,206
491136,10,7,2,0,5,0,1,5,1,0,6,6
491145,10,7,2,0,4,0,1,4,1,0,5,5
491534,10,7,2,0,0,0,1,0,1,0,1,1
491598,10,7,2,0,4,0,0,4,0,0,4,4
491826,10,7,2,0,6,0,0,6,0,0,6,6
491835,10,7,2,0,1,0,0,1,0,0,1,1
491941,10,7,2,1,8,0,0,9,0,1,8,9
491978,10,7,2,1,1,1,1,2,2,2,2,4
492476,10,7,2,3,14,5,20,17,25,8,34,42
492689,10,7,2,7,19,0,6,26,6,7,25,32
492759,10,7,2,1,16,1,31,17,32,2,47,49
492801,10,7,2,13,36,22,23,49,45,35,59,94
492962,10,7,2,73,101,109,160,174,269,182,261,443
493451,10,7,2,1,2,0,0,3,0,1,2,3
493655,10,7,2,3,2,0,1,5,1,3,3,6
493804,10,7,2,4,0,0,0,4,0,4,0,4
493831,10,7,2,1,5,0,0,6,0,1,5,6
494278,10,7,2,1,15,3,21,16,24,4,36,40
494287,10,7,2,7,13,16,49,20,65,23,62,85
494472,10,7,2,0,1,0,0,1,0,0,1,1
494898,10,7,2,2,7,0,0,9,0,2,7,9
494959,10,7,2,0,4,1,2,4,3,1,6,7
495077,10,7,2,0,2,0,0,2,0,0,2,2
495101,10,7,2,0,4,0,0,4,0,0,4,4
495271,10,7,2,0,0,1,10,0,11,1,10,11
495350,10,7,2,1,1,0,0,2,0,1,1,2
495369,10,7,2,1,0,0,2,1,2,1,2,3
495411,10,7,2,0,4,0,0,4,0,0,4,4
495518,10,7,2,0,2,0,6,2,6,0,8,8
496618,10,7,2,2,15,0,0,17,0,2,15,17
496636,10,7,2,8,32,0,0,40,0,8,32,40
496733,10,7,2,1,7,0,0,8,0,1,7,8
497000,10,7,2,12,19,0,0,31,0,12,19,31
497037,10,7,2,8,58,5,29,66,34,13,87,100
497046,10,7,2,4,13,53,207,17,260,57,220,277
497107,10,7,2,0,0,0,4,0,4,0,4,4
497301,10,7,2,0,5,0,9,5,9,0,14,14
497417,10,7,2,0,1,0,0,1,0,0,1,1
497480,10,7,2,2,123,6,1,125,7,8,124,132
497790,10,7,2,0,2,0,0,2,0,0,2,2
498562,10,7,2,13,20,13,44,33,57,26,64,90
498571,10,7,2,40,52,45,70,92,115,85,122,207
100663,10,7,5,73,114,167,294,187,461,240,408,648
100706,10,7,5,22,25,67,97,47,164,89,122,211
100751,10,7,5,94,143,117,256,237,373,211,399,610
100812,10,7,5,4,3,26,41,7,67,30,44,74
100830,10,7,5,10,13,15,49,23,64,25,62,87
100858,10,7,5,96,85,199,147,181,346,295,232,527
101189,10,7,5,24,46,11,15,70,26,35,61,96
101453,10,7,5,1,0,3,0,1,3,4,0,4
101480,10,7,5,7,24,39,77,31,116,46,101,147
101587,10,7,5,73,354,9,38,427,47,82,392,474
101709,10,7,5,2,5,8,19,7,27,10,24,34
101912,10,7,5,0,2,2,1,2,3,2,3,5
102049,10,7,5,29,58,6,15,87,21,35,73,108
102094,10,7,5,89,415,26,174,504,200,115,589,704
102234,10,7,5,1,1,11,7,2,18,12,8,20
102368,10,7,5,33,84,210,247,117,457,243,331,574
102377,10,7,5,2,11,1,0,13,1,3,11,14
102395,10,7,5,5,1,12,7,6,19,17,8,25
102553,10,7,5,6,9,22,45,15,67,28,54,82
102614,10,7,5,15,19,39,60,34,99,54,79,133
102632,10,7,5,2,4,11,21,6,32,13,25,38
104151,10,7,5,212,196,151,183,408,334,363,379,742
104179,10,7,5,129,166,293,302,295,595,422,468,890
104586,10,7,5,3,0,0,0,3,0,3,0,3
104717,10,7,5,0,0,1161,3887,0,5048,1161,3887,5048
105330,10,7,5,85,86,125,252,171,377,210,338,548
106245,10,7,5,45,47,78,170,92,248,123,217,340
106263,10,7,5,17,25,20,41,42,61,37,66,103
106397,10,7,5,38,54,156,213,92,369,194,267,461
106412,10,7,5,3,9,2,2,12,4,5,11,16
106458,10,7,5,6,11,186,524,17,710,192,535,727
106467,10,7,5,4,5,26,50,9,76,30,55,85
107141,10,7,5,3,6,13,40,9,53,16,46,62
107512,10,7,5,0,2,0,1,2,1,0,3,3
107983,10,7,5,13,6,37,86,19,123,50,92,142
108092,10,7,5,0,1,2,1,1,3,2,2,4
108232,10,7,5,46,38,40,101,84,141,86,139,225
109785,10,7,5,48,100,79,207,148,286,127,307,434
110097,10,7,5,37,19,86,52,56,138,123,71,194
110316,10,7,5,43,131,30,168,174,198,73,299,372
110361,10,7,5,52,135,35,85,187,120,87,220,307
110398,10,7,5,17,16,1,4,33,5,18,20,38
110404,10,7,5,9,4,0,0,13,0,9,4,13
110413,10,7,5,29,62,11,13,91,24,40,75,115
110422,10,7,5,8,10,12,8,18,20,20,18,38
110486,10,7,5,25,60,17,37,85,54,42,97,139
110495,10,7,5,24,48,19,36,72,55,43,84,127
110510,10,7,5,37,91,50,65,128,115,87,156,243
110529,10,7,5,37,44,47,55,81,102,84,99,183
110538,10,7,5,11,32,19,33,43,52,30,65,95
110547,10,7,5,31,76,63,110,107,173,94,186,280
110556,10,7,5,45,79,39,53,124,92,84,132,216
110565,10,7,5,32,67,113,200,99,313,145,267,412
110574,10,7,5,51,103,27,72,154,99,78,175,253
110583,10,7,5,77,128,87,150,205,237,164,278,442
110592,10,7,5,82,126,69,107,208,176,151,233,384
110608,10,7,5,62,120,121,203,182,324,183,323,506
110617,10,7,5,24,83,46,85,107,131,70,168,238
110635,10,7,5,235,226,259,158,461,417,494,384,878
110644,10,7,5,175,209,60,58,384,118,235,267,502
110653,10,7,5,159,138,25,21,297,46,184,159,343
110662,10,7,5,347,385,90,42,732,132,437,427,864
110671,10,7,5,91,69,22,16,160,38,113,85,198
110680,10,7,5,154,115,31,18,269,49,185,133,318
110699,10,7,5,47,136,0,0,183,0,47,136,183
110705,10,7,5,61,59,11,12,120,23,72,71,143
110714,10,7,5,83,82,1,2,165,3,84,84,168
111188,10,7,5,0,0,6,1,0,7,6,1,7
111948,10,7,5,27,18,14,21,45,35,41,39,80
112075,10,7,5,67,117,32,39,184,71,99,156,255
112084,10,7,5,0,0,0,3,0,3,0,3,3
112251,10,7,5,75,107,53,63,182,116,128,170,298
113582,10,7,5,0,2,0,0,2,0,0,2,2
113698,10,7,5,25,58,1,8,83,9,26,66,92
113704,10,7,5,5,0,2,0,5,2,7,0,7
114123,10,7,5,2,10,0,0,12,0,2,10,12
114354,10,7,5,0,2,0,1,2,1,0,3,3
114549,10,7,5,28,97,7,32,125,39,35,129,164
114734,10,7,5,2,1,1,1,3,2,3,2,5
114813,10,7,5,14,45,22,79,59,101,36,124,160
115083,10,7,5,121,73,69,81,194,150,190,154,344
115755,10,7,5,9,20,5,24,29,29,14,44,58
116846,10,7,5,1,7,3,0,8,3,4,7,11
117104,10,7,5,1,2,0,0,3,0,1,2,3
117672,10,7,5,29,152,0,0,181,0,29,152,181
117946,10,7,5,43,67,44,45,110,89,87,112,199
119058,10,7,5,11,13,5,12,24,17,16,25,41
120166,10,7,5,3,9,0,0,12,0,3,9,12
120184,10,7,5,0,3,4,11,3,15,4,14,18
120403,10,7,5,1,3,0,0,4,0,1,3,4
120865,10,7,5,0,0,1,4,0,5,1,4,5
120883,10,7,5,29,38,26,48,67,74,55,86,141
121150,10,7,5,63,86,116,330,149,446,179,416,595
121309,10,7,5,10,17,31,56,27,87,41,73,114
121628,10,7,5,12,15,0,0,27,0,12,15,27
122296,10,7,5,16,43,22,55,59,77,38,98,136
122409,10,7,5,68,138,69,117,206,186,137,255,392
122436,10,7,5,22,62,131,146,84,277,153,208,361
122597,10,7,5,63,105,61,70,168,131,124,175,299
122612,10,7,5,41,76,80,112,117,192,121,188,309
122728,10,7,5,11,17,3,2,28,5,14,19,33
122755,10,7,5,54,152,156,375,206,531,210,527,737
122931,10,7,5,61,52,49,75,113,124,110,127,237
123457,10,7,5,2,7,6,8,9,14,8,15,23
123572,10,7,5,7,24,18,32,31,50,25,56,81
123916,10,7,5,1,4,2,8,5,10,3,12,15
123952,10,7,5,5,3,0,0,8,0,5,3,8
123961,10,7,5,533,590,241,325,1123,566,774,915,1689
124283,10,7,5,16,12,3,4,28,7,19,16,35
124487,10,7,5,0,0,4,1,0,5,4,1,5
125231,10,7,5,448,2103,607,2908,2551,3515,1055,5011,6066
125897,10,7,5,1,4,1,1,5,2,2,5,7
126012,10,7,5,23,45,0,0,68,0,23,45,68
126182,10,7,5,25,84,40,58,109,98,65,142,207
126562,10,7,5,98,134,284,558,232,842,382,692,1074
126580,10,7,5,32,38,90,126,70,216,122,164,286
126614,10,7,5,66,65,348,186,131,534,414,251,665
126775,10,7,5,53,16,58,18,69,76,111,34,145
126818,10,7,5,71,87,300,311,158,611,371,398,769
126827,10,7,5,154,236,23,47,390,70,177,283,460
127185,10,7,5,0,1,1,9,1,10,1,10,11
127556,10,7,5,4,6,5,9,10,14,9,15,24
127565,10,7,5,18,57,21,38,75,59,39,95,134
127653,10,7,5,15,32,19,39,47,58,34,71,105
127741,10,7,5,24,47,57,209,71,266,81,256,337
127909,10,7,5,4,2,0,0,6,0,4,2,6
127918,10,7,5,60,135,33,45,195,78,93,180,273
128106,10,7,5,18,50,59,185,68,244,77,235,312
128498,10,7,5,9,20,2,16,29,18,11,36,47
128744,10,7,5,25,34,31,102,59,133,56,136,192
128771,10,7,5,14,17,56,113,31,169,70,130,200
128780,10,7,5,0,0,5,8,0,13,5,8,13
129020,10,7,5,110,112,163,179,222,342,273,291,564
129154,10,7,5,0,5,5,10,5,15,5,15,20
129215,10,7,5,2,2,1,8,4,9,3,10,13
129242,10,7,5,7,17,25,58,24,83,32,75,107
129428,10,7,5,0,0,6,3,0,9,6,3,9
129491,10,7,5,4,2,2,4,6,6,6,6,12
129525,10,7,5,16,29,55,84,45,139,71,113,184
129941,10,7,5,42,40,59,51,82,110,101,91,192
130183,10,7,5,34,174,77,138,208,215,111,312,423
130226,10,7,5,11,21,34,81,32,115,45,102,147
130253,10,7,5,21,17,40,134,38,174,61,151,212
130314,10,7,5,7,39,10,52,46,62,17,91,108
130590,10,7,5,0,0,1,0,0,1,1,0,1
130697,10,7,5,1,4,0,3,5,3,1,7,8
130776,10,7,5,1,5,11,52,6,63,12,57,69
130794,10,7,5,172,155,20,14,327,34,192,169,361
130934,10,7,5,20,40,6,15,60,21,26,55,81
130943,10,7,5,119,100,53,60,219,113,172,160,332
130989,10,7,5,1,2,17,11,3,28,18,13,31
131113,10,7,5,23,64,178,376,87,554,201,440,641
131399,10,7,5,12,20,14,17,32,31,26,37,63
131450,10,7,5,6,13,8,11,19,19,14,24,38
131469,10,7,5,138,121,376,584,259,960,514,705,1219
131496,10,7,5,215,158,261,300,373,561,476,458,934
131520,10,7,5,50,88,23,61,138,84,73,149,222
132471,10,7,5,48,122,48,158,170,206,96,280,376
132842,10,7,5,4,34,6,25,38,31,10,59,69
132903,10,7,5,127,146,209,352,273,561,336,498,834
133553,10,7,5,20,5,8,5,25,13,28,10,38
133650,10,7,5,34,44,7,32,78,39,41,76,117
133711,10,7,5,0,0,1,0,0,1,1,0,1
133872,10,7,5,8,11,5,22,19,27,13,33,46
133881,10,7,5,46,38,169,353,84,522,215,391,606
134097,10,7,5,147,185,228,413,332,641,375,598,973
134130,10,7,5,313,289,311,559,602,870,624,848,1472
135610,10,7,5,1,2,0,2,3,2,1,4,5
135726,10,7,5,178,135,39,64,313,103,217,199,416
136172,10,7,5,17,32,39,115,49,154,56,147,203
136330,10,7,5,7,24,16,14,31,30,23,38,61
136701,10,7,5,10,0,2,0,10,2,12,0,12
136950,10,7,5,3,5,11,16,8,27,14,21,35
137351,10,7,5,153,180,183,395,333,578,336,575,911
137546,10,7,5,16,26,16,19,42,35,32,45,77
137564,10,7,5,24,24,31,47,48,78,55,71,126
138275,10,7,5,0,0,4,3,0,7,4,3,7
138309,10,7,5,3,21,1,20,24,21,4,41,45
138354,10,7,5,18,45,143,294,63,437,161,339,500
138600,10,7,5,0,3,0,3,3,3,0,6,6
138716,10,7,5,3,27,8,26,30,34,11,53,64
138929,10,7,5,6,7,6,9,13,15,12,16,28
138947,10,7,5,8,17,4,15,25,19,12,32,44
139144,10,7,5,2,6,0,7,8,7,2,13,15
139199,10,7,5,12,63,12,58,75,70,24,121,145
139311,10,7,5,4,21,19,20,25,39,23,41,64
139366,10,7,5,19,43,53,118,62,171,72,161,233
139393,10,7,5,2,3,0,0,5,0,2,3,5
139658,10,7,5,140,136,47,87,276,134,187,223,410
139719,10,7,5,7,8,4,11,15,15,11,19,30
139755,10,7,5,157,68,1956,535,225,2491,2113,603,2716
139764,10,7,5,4,33,21,31,37,52,25,64,89
139861,10,7,5,7,16,34,63,23,97,41,79,120
139931,10,7,5,35,52,69,198,87,267,104,250,354
139940,10,7,5,141,241,102,197,382,299,243,438,681
139959,10,7,5,180,221,109,215,401,324,289,436,725
140146,10,7,5,11,3,3,2,14,5,14,5,19
140234,10,7,5,0,7,1,2,7,3,1,9,10
140252,10,7,5,15,17,9,8,32,17,24,25,49
140447,10,7,5,43,103,44,113,146,157,87,216,303
140562,10,7,5,10,10,0,8,20,8,10,18,28
140818,10,7,5,2,12,24,56,14,80,26,68,94
140951,10,7,5,23,27,22,26,50,48,45,53,98
140960,10,7,5,1,3,2,10,4,12,3,13,16
140988,10,7,5,2,4,1,0,6,1,3,4,7
141264,10,7,5,15,53,86,211,68,297,101,264,365
141334,10,7,5,11,27,79,329,38,408,90,356,446
141565,10,7,5,5,10,7,12,15,19,12,22,34
141574,10,7,5,72,97,156,240,169,396,228,337,565
141644,10,7,5,25,23,13,24,48,37,38,47,85
142115,10,7,5,37,73,120,218,110,338,157,291,448
142276,10,7,5,44,51,42,73,95,115,86,124,210
142285,10,7,5,69,69,82,59,138,141,151,128,279
142461,10,7,5,8,21,20,41,29,61,28,62,90
142832,10,7,5,17,53,25,83,70,108,42,136,178
143118,10,7,5,17,66,31,91,83,122,48,157,205
143358,10,7,5,2,7,13,113,9,126,15,120,135
143853,10,7,5,16,22,0,0,38,0,16,22,38
144050,10,7,5,268,143,148,59,411,207,416,202,618
144351,10,7,5,8,18,208,461,26,669,216,479,695
144740,10,7,5,134,138,118,137,272,255,252,275,527
144892,10,7,5,7,22,44,93,29,137,51,115,166
144962,10,7,5,7,10,27,23,17,50,34,33,67
145336,10,7,5,18,31,22,87,49,109,40,118,158
145372,10,7,5,0,3,10,17,3,27,10,20,30
145558,10,7,5,32,23,1,8,55,9,33,31,64
145600,10,7,5,133,246,165,350,379,515,298,596,894
145619,10,7,5,1,10,29,100,11,129,30,110,140
145637,10,7,5,440,271,825,568,711,1393,1265,839,2104
145813,10,7,5,32,25,43,128,57,171,75,153,228
145886,10,7,5,3,12,0,1,15,1,3,13,16
146339,10,7,5,5,7,1,2,12,3,6,9,15
146490,10,7,5,0,0,33,27,0,60,33,27,60
146612,10,7,5,18,33,35,98,51,133,53,131,184
146719,10,7,5,84,132,55,130,216,185,139,262,401
147013,10,7,5,2,11,14,45,13,59,16,56,72
147244,10,7,5,2,5,1,6,7,7,3,11,14
147369,10,7,5,9,7,35,24,16,59,44,31,75
147536,10,7,5,42,184,48,262,226,310,90,446,536
147590,10,7,5,11,19,1,6,30,7,12,25,37
147660,10,7,5,4,13,6,6,17,12,10,19,29
147679,10,7,5,1,4,28,62,5,90,29,66,95
147776,10,7,5,11,27,50,114,38,164,61,141,202
147828,10,7,5,3,0,14,69,3,83,17,69,86
148131,10,7,5,0,0,7,10,0,17,7,10,17
148487,10,7,5,10,26,10,40,36,50,20,66,86
148511,10,7,5,26,53,25,113,79,138,51,166,217
148575,10,7,5,0,0,2,22,0,24,2,22,24
148627,10,7,5,3,7,14,43,10,57,17,50,67
148654,10,7,5,18,21,76,73,39,149,94,94,188
149222,10,7,5,71,56,104,86,127,190,175,142,317
149231,10,7,5,26,42,71,151,68,222,97,193,290
149772,10,7,5,30,16,58,99,46,157,88,115,203
149781,10,7,5,15,6,36,37,21,73,51,43,94
150136,10,7,5,17,23,145,324,40,469,162,347,509
150163,10,7,5,3,7,31,71,10,102,34,78,112
150172,10,7,5,1,3,7,11,4,18,8,14,22
150215,10,7,5,9,10,3,5,19,8,12,15,27
150534,10,7,5,4,1,0,0,5,0,4,1,5
150604,10,7,5,0,2,1,0,2,1,1,2,3
150668,10,7,5,1,0,1,6,1,7,2,6,8
150677,10,7,5,0,6,28,9,6,37,28,15,43
150941,10,7,5,0,3,1,5,3,6,1,8,9
151111,10,7,5,86,113,136,281,199,417,222,394,616
151263,10,7,5,4,10,17,77,14,94,21,87,108
151290,10,7,5,37,31,44,41,68,85,81,72,153
151306,10,7,5,15,17,89,145,32,234,104,162,266
151324,10,7,5,17,31,54,81,48,135,71,112,183
151333,10,7,5,0,2,7,18,2,25,7,20,27
151342,10,7,5,5,10,12,38,15,50,17,48,65
151351,10,7,5,296,182,341,298,478,639,637,480,1117
151360,10,7,5,2,7,13,32,9,45,15,39,54
151379,10,7,5,2,9,25,27,11,52,27,36,63
151388,10,7,5,0,2,13,20,2,33,13,22,35
151777,10,7,5,7,6,4,3,13,7,11,9,20
152080,10,7,5,120,60,17,14,180,31,137,74,211
152336,10,7,5,3,12,6,18,15,24,9,30,39
152390,10,7,5,0,1,1,2,1,3,1,3,4
152451,10,7,5,12,0,2,4,12,6,14,4,18
152567,10,7,5,1,6,0,3,7,3,1,9,10
152600,10,7,5,2,7,7,6,9,13,9,13,22
152798,10,7,5,1,6,1,8,7,9,2,14,16
152992,10,7,5,1,0,4,15,1,19,5,15,20
153001,10,7,5,0,0,15,40,0,55,15,40,55
153126,10,7,5,0,2,2,4,2,6,2,6,8
153162,10,7,5,0,1,0,0,1,0,0,1,1
153250,10,7,5,0,1,7,22,1,29,7,23,30
153269,10,7,5,9,9,56,117,18,173,65,126,191
153366,10,7,5,3,22,7,32,25,39,10,54,64
153621,10,7,5,1,3,0,0,4,0,1,3,4
153658,10,7,5,122,135,211,209,257,420,333,344,677
153825,10,7,5,1,8,0,0,9,0,1,8,9
154004,10,7,5,1,8,23,118,9,141,24,126,150
154013,10,7,5,1,7,5,12,8,17,6,19,25
154174,10,7,5,32,11,2,1,43,3,34,12,46
154235,10,7,5,0,5,17,12,5,29,17,17,34
154350,10,7,5,0,1,0,0,1,0,0,1,1
154493,10,7,5,19,48,9,16,67,25,28,64,92
154527,10,7,5,0,2,0,2,2,2,0,4,4
154712,10,7,5,0,0,1,1,0,2,1,1,2
155025,10,7,5,32,57,80,220,89,300,112,277,389
155089,10,7,5,3,11,16,22,14,38,19,33,52
155317,10,7,5,193,171,106,180,364,286,299,351,650
155399,10,7,5,69,74,128,206,143,334,197,280,477
155414,10,7,5,0,0,0,1,0,1,0,1,1
155812,10,7,5,4,1,5,14,5,19,9,15,24
155900,10,7,5,1,2,8,6,3,14,9,8,17
155973,10,7,5,0,0,2,3,0,5,2,3,5
156082,10,7,5,7,15,8,34,22,42,15,49,64
156125,10,7,5,39,36,69,145,75,214,108,181,289
156213,10,7,5,0,1,15,21,1,36,15,22,37
156286,10,7,5,3,0,16,31,3,47,19,31,50
156356,10,7,5,0,10,1,4,10,5,1,14,15
156541,10,7,5,103,240,572,589,343,1161,675,829,1504
156620,10,7,5,17,23,89,134,40,223,106,157,263
156745,10,7,5,0,0,8,36,0,44,8,36,44
157058,10,7,5,1,1,0,3,2,3,1,4,5
157085,10,7,5,154,284,95,204,438,299,249,488,737
157216,10,7,5,22,38,15,50,60,65,37,88,125
157289,10,7,5,153,131,143,157,284,300,296,288,584
157386,10,7,5,3,5,17,41,8,58,20,46,66
157401,10,7,5,8,14,62,95,22,157,70,109,179
157447,10,7,5,29,94,170,438,123,608,199,532,731
157535,10,7,5,10,16,0,1,26,1,10,17,27
157757,10,7,5,14,33,8,24,47,32,22,57,79
157951,10,7,5,14,23,87,100,37,187,101,123,224
159391,10,7,5,101,148,124,164,249,288,225,312,537
159647,10,7,5,23,14,18,21,37,39,41,35,76
159656,10,7,5,15,17,14,38,32,52,29,55,84
159717,10,7,5,5,6,4,41,11,45,9,47,56
159939,10,7,5,40,35,35,57,75,92,75,92,167
159966,10,7,5,1,15,7,43,16,50,8,58,66
159993,10,7,5,12,56,16,117,68,133,28,173,201
160612,10,7,5,3,9,9,78,12,87,12,87,99
160621,10,7,5,17,46,26,61,63,87,43,107,150
160630,10,7,5,5,16,2,9,21,11,7,25,32
160658,10,7,5,42,52,100,139,94,239,142,191,333
160755,10,7,5,61,94,103,169,155,272,164,263,427
160904,10,7,5,5,15,1,7,20,8,6,22,28
161217,10,7,5,0,1,5,5,1,10,5,6,11
161226,10,7,5,1,3,5,25,4,30,6,28,34
161235,10,7,5,0,2,0,0,2,0,0,2,2
161253,10,7,5,25,38,78,152,63,230,103,190,293
161299,10,7,5,1,0,2,1,1,3,3,1,4
161341,10,7,5,1,1,2,1,2,3,3,2,5
161457,10,7,5,43,140,15,44,183,59,58,184,242
161509,10,7,5,2,1,0,1,3,1,2,2,4
161554,10,7,5,13,32,41,145,45,186,54,177,231
161572,10,7,5,1,3,16,26,4,42,17,29,46
161873,10,7,5,30,40,48,86,70,134,78,126,204
162210,10,7,5,0,0,4,9,0,13,4,9,13
162283,10,7,5,2,8,3,17,10,20,5,25,30
162584,10,7,5,6,11,20,33,17,53,26,44,70
162654,10,7,5,0,2,15,73,2,88,15,75,90
163204,10,7,5,5,8,787,782,13,1569,792,790,1582
163259,10,7,5,73,151,69,214,224,283,142,365,507
163268,10,7,5,50,39,60,65,89,125,110,104,214
163286,10,7,5,231,240,98,120,471,218,329,360,689
163295,10,7,5,5,2,17,35,7,52,22,37,59
163338,10,7,5,8,11,11,21,19,32,19,32,51
163453,10,7,5,84,104,25,26,188,51,109,130,239
163462,10,7,5,15,4,13,15,19,28,28,19,47
163578,10,7,5,9,17,20,72,26,92,29,89,118
163851,10,7,5,1,31,6,24,32,30,7,55,62
163976,10,7,5,4,1,7,1,5,8,11,2,13
164076,10,7,5,27,31,51,157,58,208,78,188,266
164085,10,7,5,2,9,4,84,11,88,6,93,99
164270,10,7,5,16,39,20,73,55,93,36,112,148
164492,10,7,5,4,3,31,4,7,35,35,7,42
164632,10,7,5,4,22,6,91,26,97,10,113,123
164739,10,7,5,11,6,20,33,17,53,31,39,70
164872,10,7,5,16,17,0,2,33,2,16,19,35
164915,10,7,5,4,1,4,12,5,16,8,13,21
164988,10,7,5,192,202,495,425,394,920,687,627,1314
165015,10,7,5,61,43,15,33,104,48,76,76,152
165024,10,7,5,6,17,39,74,23,113,45,91,136
165167,10,7,5,9,37,26,121,46,147,35,158,193
165334,10,7,5,23,28,12,8,51,20,35,36,71
165662,10,7,5,8,68,9,46,76,55,17,114,131
165671,10,7,5,0,1,4,7,1,11,4,8,12
165820,10,7,5,20,38,138,298,58,436,158,336,494
165866,10,7,5,0,2,40,110,2,150,40,112,152
165936,10,7,5,7,9,14,22,16,36,21,31,52
165945,10,7,5,17,8,91,45,25,136,108,53,161
166027,10,7,5,350,283,626,717,633,1343,976,1000,1976
166391,10,7,5,0,1,16,14,1,30,16,15,31
166513,10,7,5,72,46,247,211,118,458,319,257,576
166629,10,7,5,54,90,362,372,144,734,416,462,878
166674,10,7,5,5,6,0,1,11,1,5,7,12
166683,10,7,5,157,88,23,6,245,29,180,94,274
166708,10,7,5,21,29,2,14,50,16,23,43,66
166717,10,7,5,11,16,7,23,27,30,18,39,57
166850,10,7,5,21,35,13,25,56,38,34,60,94
166939,10,7,5,0,2,3,18,2,21,3,20,23
167093,10,7,5,8,7,0,0,15,0,8,7,15
167288,10,7,5,4,6,3,6,10,9,7,12,19
167358,10,7,5,132,141,47,52,273,99,179,193,372
167394,10,7,5,2,12,6,23,14,29,8,35,43
167598,10,7,5,6,23,18,242,29,260,24,265,289
167729,10,7,5,10,36,35,84,46,119,45,120,165
167783,10,7,5,24,85,39,268,109,307,63,353,416
167835,10,7,5,6,17,1,6,23,7,7,23,30
167987,10,7,5,25,23,65,82,48,147,90,105,195
168005,10,7,5,14,18,38,51,32,89,52,69,121
168148,10,7,5,98,110,55,70,208,125,153,180,333
168227,10,7,5,2,1,4,3,3,7,6,4,10
168254,10,7,5,9,15,12,14,24,26,21,29,50
168342,10,7,5,4,4,0,0,8,0,4,4,8
168421,10,7,5,12,6,68,30,18,98,80,36,116
168430,10,7,5,0,5,14,56,5,70,14,61,75
168528,10,7,5,1,0,0,3,1,3,1,3,4
168591,10,7,5,2,0,0,0,2,0,2,0,2
168740,10,7,5,50,15,106,55,65,161,156,70,226
168786,10,7,5,0,3,0,9,3,9,0,12,12
168847,10,7,5,3,10,9,33,13,42,12,43,55
169099,10,7,5,24,2,6,7,26,13,30,9,39
169248,10,7,5,29,30,119,177,59,296,148,207,355
169424,10,7,5,3,3,0,0,6,0,3,3,6
169442,10,7,5,1,2,0,0,3,0,1,2,3
169716,10,7,5,27,22,20,33,49,53,47,55,102
169798,10,7,5,17,31,81,136,48,217,98,167,265
169910,10,7,5,8,12,14,48,20,62,22,60,82
170000,10,7,5,2,3,2,1,5,3,4,4,8
170082,10,7,5,21,36,51,122,57,173,72,158,230
170286,10,7,5,3,0,3,0,3,3,6,0,6
170675,10,7,5,4,2,40,15,6,55,44,17,61
170806,10,7,5,1,4,5,30,5,35,6,34,40
170976,10,7,5,284,265,160,113,549,273,444,378,822
171100,10,7,5,195,184,116,182,379,298,311,366,677
171137,10,7,5,6,12,91,39,18,130,97,51,148
171146,10,7,5,18,48,42,64,66,106,60,112,172
171456,10,7,5,6,7,18,33,13,51,24,40,64
171492,10,7,5,4,0,18,13,4,31,22,13,35
171571,10,7,5,45,60,82,103,105,185,127,163,290
172334,10,7,5,19,138,6,22,157,28,25,160,185
172644,10,7,5,116,154,103,186,270,289,219,340,559
172699,10,7,5,53,54,83,124,107,207,136,178,314
173045,10,7,5,19,36,10,22,55,32,29,58,87
173142,10,7,5,2,1,1,1,3,2,3,2,5
173160,10,7,5,8,26,46,53,34,99,54,79,133
173300,10,7,5,0,0,3,11,0,14,3,11,14
173452,10,7,5,0,0,9,8,0,17,9,8,17
173665,10,7,5,0,1,39,82,1,121,39,83,122
173683,10,7,5,3,1,0,8,4,8,3,9,12
173896,10,7,5,28,16,4,6,44,10,32,22,54
174066,10,7,5,226,251,337,444,477,781,563,695,1258
174127,10,7,5,2,2,2,9,4,11,4,11,15
174233,10,7,5,9,12,15,16,21,31,24,28,52
174491,10,7,5,1,1,2,5,2,7,3,6,9
174507,10,7,5,1,18,0,2,19,2,1,20,21
174747,10,7,5,0,1,0,0,1,0,0,1,1
174792,10,7,5,12,3,4,1,15,5,16,4,20
174899,10,7,5,19,72,13,41,91,54,32,113,145
174914,10,7,5,30,33,134,150,63,284,164,183,347
175005,10,7,5,4,25,7,84,29,91,11,109,120
175014,10,7,5,12,30,7,25,42,32,19,55,74
175421,10,7,5,10,11,49,233,21,282,59,244,303
175430,10,7,5,0,1,0,0,1,0,0,1,1
175616,10,7,5,3,11,15,34,14,49,18,45,63
175856,10,7,5,37,65,45,136,102,181,82,201,283
175980,10,7,5,0,1,0,0,1,0,0,1,1
176017,10,7,5,63,93,56,118,156,174,119,211,330
176035,10,7,5,0,5,4,10,5,14,4,15,19
176044,10,7,5,0,5,5,10,5,15,5,15,20
176053,10,7,5,17,52,6,48,69,54,23,100,123
176080,10,7,5,57,46,143,156,103,299,200,202,402
176372,10,7,5,40,68,83,227,108,310,123,295,418
176451,10,7,5,5,0,14,6,5,20,19,6,25
176479,10,7,5,44,109,26,117,153,143,70,226,296
176600,10,7,5,2,1,0,0,3,0,2,1,3
176628,10,7,5,5,15,4,7,20,11,9,22,31
176965,10,7,5,14,15,68,151,29,219,82,166,248
177038,10,7,5,0,7,0,0,7,0,0,7,7
177126,10,7,5,20,12,37,19,32,56,57,31,88
177144,10,7,5,1,4,0,1,5,1,1,5,6
177214,10,7,5,0,0,7,22,0,29,7,22,29
177418,10,7,5,2,5,3,10,7,13,5,15,20
177940,10,7,5,2,3,4,3,5,7,6,6,12
177986,10,7,5,20,19,24,36,39,60,44,55,99
178059,10,7,5,20,49,110,502,69,612,130,551,681
178341,10,7,5,0,1,3,3,1,6,3,4,7
178369,10,7,5,0,0,1,0,0,1,1,0,1
178387,10,7,5,0,0,5,12,0,17,5,12,17
178396,10,7,5,130,157,157,310,287,467,287,467,754
178402,10,7,5,42,48,113,172,90,285,155,220,375
178411,10,7,5,41,19,60,12,60,72,101,31,132
178420,10,7,5,22,42,88,151,64,239,110,193,303
178615,10,7,5,0,6,1,14,6,15,1,20,21
178624,10,7,5,20,53,92,218,73,310,112,271,383
178679,10,7,5,0,0,7,3,0,10,7,3,10
178721,10,7,5,12,12,87,101,24,188,99,113,212
178989,10,7,5,0,0,0,11,0,11,0,11,11
179043,10,7,5,4,20,18,27,24,45,22,47,69
179326,10,7,5,3,3,7,40,6,47,10,43,53
179557,10,7,5,7,9,24,60,16,84,31,69,100
179566,10,7,5,33,43,119,197,76,316,152,240,392
179812,10,7,5,17,6,1,0,23,1,18,6,24
179867,10,7,5,115,109,77,74,224,151,192,183,375
179894,10,7,5,66,51,203,278,117,481,269,329,598
180106,10,7,5,2,4,0,0,6,0,2,4,6
180179,10,7,5,2,13,11,29,15,40,13,42,55
180258,10,7,5,5,18,12,28,23,40,17,46,63
180416,10,7,5,3,3,15,10,6,25,18,13,31
180461,10,7,5,11,26,62,80,37,142,73,106,179
180522,10,7,5,0,1,1,0,1,1,1,1,2
180595,10,7,5,2,7,0,0,9,0,2,7,9
180647,10,7,5,2,2,0,1,4,1,2,3,5
180814,10,7,5,158,207,67,84,365,151,225,291,516
180948,10,7,5,5,11,20,37,16,57,25,48,73
181002,10,7,5,32,64,55,94,96,149,87,158,245
181020,10,7,5,19,37,15,73,56,88,34,110,144
181215,10,7,5,7,15,63,135,22,198,70,150,220
181297,10,7,5,6,42,0,3,48,3,6,45,51
181330,10,7,5,0,2,6,29,2,35,6,31,37
181394,10,7,5,24,50,105,163,74,268,129,213,342
181428,10,7,5,26,69,44,77,95,121,70,146,216
181446,10,7,5,1,5,2,19,6,21,3,24,27
181464,10,7,5,80,57,161,148,137,309,241,205,446
181604,10,7,5,1,10,2,11,11,13,3,21,24
181738,10,7,5,0,1,0,0,1,0,0,1,1
181783,10,7,5,4,14,25,78,18,103,29,92,121
182281,10,7,5,92,147,139,190,239,329,231,337,568
182290,10,7,5,46,63,111,200,109,311,157,263,420
182670,10,7,5,31,35,2,2,66,4,33,37,70
182829,10,7,5,12,11,19,16,23,35,31,27,58
182980,10,7,5,57,30,5,6,87,11,62,36,98
183026,10,7,5,331,609,878,1791,940,2669,1209,2400,3609
183044,10,7,5,38,47,54,69,85,123,92,116,208
183062,10,7,5,1,0,6,11,1,17,7,11,18
183080,10,7,5,0,8,17,41,8,58,17,49,66
183257,10,7,5,1,4,8,23,5,31,9,27,36
183789,10,7,5,2,10,4,11,12,15,6,21,27
183910,10,7,5,0,5,8,19,5,27,8,24,32
184603,10,7,5,23,12,49,138,35,187,72,150,222
184612,10,7,5,4,6,10,38,10,48,14,44,58
184694,10,7,5,12,10,4,11,22,15,16,21,37
184773,10,7,5,2,6,12,36,8,48,14,42,56
184782,10,7,5,20,22,59,180,42,239,79,202,281
185262,10,7,5,14,38,24,106,52,130,38,144,182
185572,10,7,5,4,10,16,71,14,87,20,81,101
185590,10,7,5,17,42,119,230,59,349,136,272,408
185758,10,7,5,2,1,6,3,3,9,8,4,12
185828,10,7,5,37,35,79,44,72,123,116,79,195
186131,10,7,5,54,58,0,0,112,0,54,58,112
186201,10,7,5,2,10,13,25,12,38,15,35,50
186283,10,7,5,6,7,18,42,13,60,24,49,73
186371,10,7,5,25,30,61,84,55,145,86,114,200
186380,10,7,5,130,227,223,530,357,753,353,757,1110
186399,10,7,5,61,41,129,146,102,275,190,187,377
186432,10,7,5,22,15,24,24,37,48,46,39,85
186584,10,7,5,22,24,81,141,46,222,103,165,268
186618,10,7,5,2,5,4,13,7,17,6,18,24
186867,10,7,5,41,27,113,43,68,156,154,70,224
186876,10,7,5,2,9,17,51,11,68,19,60,79
187046,10,7,5,0,0,69,84,0,153,69,84,153
187134,10,7,5,0,3,10,36,3,46,10,39,49
187444,10,7,5,12,38,72,215,50,287,84,253,337
187648,10,7,5,9,30,38,90,39,128,47,120,167
187897,10,7,5,13,65,12,51,78,63,25,116,141
187967,10,7,5,9,11,13,11,20,24,22,22,44
187985,10,7,5,103,140,179,206,243,385,282,346,628
188030,10,7,5,70,63,68,120,133,188,138,183,321
188207,10,7,5,3,12,2,8,15,10,5,20,25
188340,10,7,5,0,0,1,0,0,1,1,0,1
188429,10,7,5,15,41,26,98,56,124,41,139,180
188641,10,7,5,4,14,9,32,18,41,13,46,59
189228,10,7,5,6,5,1,1,11,2,7,6,13
189705,10,7,5,7,4,14,20,11,34,21,24,45
190044,10,7,5,19,10,25,17,29,42,44,27,71
190372,10,7,5,0,1,0,0,1,0,0,1,1
190415,10,7,5,273,177,65,55,450,120,338,232,570
190424,10,7,5,21,23,4,6,44,10,25,29,54
190503,10,7,5,6,6,0,0,12,0,6,6,12
190761,10,7,5,5,14,2,14,19,16,7,28,35
191126,10,7,5,6,4,0,8,10,8,6,12,18
191205,10,7,5,1,0,3,1,1,4,4,1,5
191241,10,7,5,76,120,106,211,196,317,182,331,513
191649,10,7,5,32,41,33,87,73,120,65,128,193
191676,10,7,5,0,0,0,2,0,2,0,2,2
192192,10,7,5,0,1,2,16,1,18,2,17,19
192271,10,7,5,1,4,1,5,5,6,2,9,11
192323,10,7,5,2,9,9,30,11,39,11,39,50
192448,10,7,5,23,66,41,205,89,246,64,271,335
192703,10,7,5,11,12,0,4,23,4,11,16,27
192712,10,7,5,4,8,0,0,12,0,4,8,12
192749,10,7,5,8,11,14,39,19,53,22,50,72
192785,10,7,5,0,3,0,1,3,1,0,4,4
192819,10,7,5,7,3,14,24,10,38,21,27,48
193016,10,7,5,20,53,19,133,73,152,39,186,225
193292,10,7,5,1,5,37,142,6,179,38,147,185
193399,10,7,5,6,12,4,27,18,31,10,39,49
193584,10,7,5,4,9,5,9,13,14,9,18,27
193654,10,7,5,72,98,10,15,170,25,82,113,195
193830,10,7,5,6,11,8,16,17,24,14,27,41
193900,10,7,5,301,317,375,411,618,786,676,728,1404
193973,10,7,5,20,18,28,36,38,64,48,54,102
194091,10,7,5,51,42,18,18,93,36,69,60,129
194116,10,7,5,3,5,1,0,8,1,4,5,9
194310,10,7,5,55,50,83,166,105,249,138,216,354
194392,10,7,5,0,0,1,1,0,2,1,1,2
194578,10,7,5,13,26,5,11,39,16,18,37,55
194824,10,7,5,18,7,1,2,25,3,19,9,28
195003,10,7,5,48,32,40,27,80,67,88,59,147
195128,10,7,5,4,15,18,63,19,81,22,78,100
195155,10,7,5,2,0,3,4,2,7,5,4,9
195164,10,7,5,2,8,17,28,10,45,19,36,55
195216,10,7,5,0,0,1,0,0,1,1,0,1
195234,10,7,5,15,33,42,109,48,151,57,142,199
195243,10,7,5,0,0,2,1,0,3,2,1,3
195474,10,7,5,0,1,3,0,1,3,3,1,4
195544,10,7,5,6,8,12,66,14,78,18,74,92
195720,10,7,5,14,29,14,48,43,62,28,77,105
196024,10,7,5,0,3,2,20,3,22,2,23,25
196042,10,7,5,0,0,4,1,0,5,4,1,5
196060,10,7,5,34,72,111,183,106,294,145,255,400
196079,10,7,5,38,54,98,104,92,202,136,158,294
196088,10,7,5,62,97,164,238,159,402,226,335,561
196097,10,7,5,89,86,76,242,175,318,165,328,493
196103,10,7,5,1,4,8,16,5,24,9,20,29
196112,10,7,5,3,20,28,59,23,87,31,79,110
196121,10,7,5,3,15,25,63,18,88,28,78,106
196130,10,7,5,7,18,20,42,25,62,27,60,87
196149,10,7,5,2,4,11,29,6,40,13,33,46
196158,10,7,5,1,0,8,11,1,19,9,11,20
196167,10,7,5,0,0,0,1,0,1,0,1,1
196176,10,7,5,5,18,6,26,23,32,11,44,55
196185,10,7,5,0,0,3,6,0,9,3,6,9
196194,10,7,5,6,12,31,44,18,75,37,56,93
196200,10,7,5,4,15,3,15,19,18,7,30,37
196219,10,7,5,3,3,0,1,6,1,3,4,7
196246,10,7,5,4,14,10,15,18,25,14,29,43
196255,10,7,5,14,69,18,45,83,63,32,114,146
196264,10,7,5,9,13,55,163,22,218,64,176,240
196291,10,7,5,4,2,6,1,6,7,10,3,13
196307,10,7,5,14,26,6,11,40,17,20,37,57
196413,10,7,5,155,158,135,166,313,301,290,324,614
196468,10,7,5,68,161,60,129,229,189,128,290,418
196884,10,7,5,8,14,4,6,22,10,12,20,32
197045,10,7,5,2,20,29,106,22,135,31,126,157
197708,10,7,5,44,73,33,48,117,81,77,121,198
197869,10,7,5,8,12,31,103,20,134,39,115,154
197911,10,7,5,0,1,0,8,1,8,0,9,9
198109,10,7,5,3,7,0,3,10,3,3,10,13
198136,10,7,5,26,31,14,44,57,58,40,75,115
198303,10,7,5,0,2,1,3,2,4,1,5,6
198464,10,7,5,59,108,133,316,167,449,192,424,616
198507,10,7,5,1,3,1,9,4,10,2,12,14
198516,10,7,5,9,18,0,1,27,1,9,19,28
198543,10,7,5,15,42,43,54,57,97,58,96,154
198598,10,7,5,2,7,5,15,9,20,7,22,29
198756,10,7,5,1,3,0,0,4,0,1,3,4
198835,10,7,5,3,13,12,44,16,56,15,57,72
198899,10,7,5,0,1,2,0,1,2,2,1,3
198950,10,7,5,0,3,2,14,3,16,2,17,19
198969,10,7,5,11,3,1,1,14,2,12,4,16
199102,10,7,5,34,35,54,63,69,117,88,98,186
199120,10,7,5,210,242,160,185,452,345,370,427,797
199139,10,7,5,65,84,173,248,149,421,238,332,570
199148,10,7,5,47,86,99,198,133,297,146,284,430
199157,10,7,5,21,50,12,52,71,64,33,102,135
199184,10,7,5,1,6,1,1,7,2,2,7,9
199193,10,7,5,151,176,227,230,327,457,378,406,784
199218,10,7,5,39,100,88,210,139,298,127,310,437
199281,10,7,5,17,40,70,144,57,214,87,184,271
199412,10,7,5,6,8,15,48,14,63,21,56,77
199607,10,7,5,0,0,0,11,0,11,0,11,11
199759,10,7,5,104,24,92,32,128,124,196,56,252
199865,10,7,5,6,11,0,0,17,0,6,11,17
199971,10,7,5,0,3,0,0,3,0,0,3,3
199999,10,7,5,6,21,7,25,27,32,13,46,59
200004,10,7,5,21,53,43,78,74,121,64,131,195
200013,10,7,5,0,4,0,4,4,4,0,8,8
200059,10,7,5,0,2,3,3,2,6,3,5,8
200217,10,7,5,19,31,28,41,50,69,47,72,119
200280,10,7,5,49,55,129,234,104,363,178,289,467
200332,10,7,5,22,18,83,70,40,153,105,88,193
200572,10,7,5,0,1,7,17,1,24,7,18,25
200697,10,7,5,68,3,72,19,71,91,140,22,162
200800,10,7,5,32,34,45,73,66,118,77,107,184
201195,10,7,5,9,13,3,19,22,22,12,32,44
201441,10,7,5,41,46,106,129,87,235,147,175,322
201548,10,7,5,4,9,17,14,13,31,21,23,44
201645,10,7,5,121,133,40,62,254,102,161,195,356
201654,10,7,5,6,5,8,15,11,23,14,20,34
201885,10,7,5,114,121,245,501,235,746,359,622,981
201964,10,7,5,7,1,2,6,8,8,9,7,16
202170,10,7,5,0,2,1,0,2,1,1,2,3
202480,10,7,5,51,95,42,61,146,103,93,156,249
202763,10,7,5,12,24,21,29,36,50,33,53,86
203067,10,7,5,14,17,0,6,31,6,14,23,37
203085,10,7,5,0,2,1,2,2,3,1,4,5
203128,10,7,5,0,0,0,1,0,1,0,1,1
203368,10,7,5,4,3,7,6,7,13,11,9,20
203465,10,7,5,0,0,0,1,0,1,0,1,1
203517,10,7,5,94,138,88,231,232,319,182,369,551
203544,10,7,5,1,3,0,0,4,0,1,3,4
203580,10,7,5,1,1,6,8,2,14,7,9,16
203757,10,7,5,6,15,2,1,21,3,8,16,24
203775,10,7,5,1,4,6,19,5,25,7,23,30
203845,10,7,5,0,1,0,0,1,0,0,1,1
203960,10,7,5,0,0,4,11,0,15,4,11,15
204006,10,7,5,0,2,0,2,2,2,0,4,4
204024,10,7,5,17,23,50,133,40,183,67,156,223
204194,10,7,5,5,13,5,19,18,24,10,32,42
204200,10,7,5,1,5,4,53,6,57,5,58,63
204468,10,7,5,0,0,7,3,0,10,7,3,10
204477,10,7,5,13,12,1,1,25,2,14,13,27
204617,10,7,5,2,2,7,32,4,39,9,34,43
204635,10,7,5,2,3,0,0,5,0,2,3,5
204796,10,7,5,164,219,204,308,383,512,368,527,895
204857,10,7,5,67,78,189,239,145,428,256,317,573
204936,10,7,5,2,1,6,17,3,23,8,18,26
205443,10,7,5,0,4,7,12,4,19,7,16,23
206279,10,7,5,5,17,3,18,22,21,8,35,43
206349,10,7,5,0,3,3,42,3,45,3,45,48
206507,10,7,5,0,1,0,0,1,0,0,1,1
206525,10,7,5,1,0,0,1,1,1,1,1,2
206604,10,7,5,24,23,53,78,47,131,77,101,178
206622,10,7,5,10,13,42,74,23,116,52,87,139
206695,10,7,5,34,29,64,120,63,184,98,149,247
206862,10,7,5,22,42,13,38,64,51,35,80,115
206914,10,7,5,1,17,4,11,18,15,5,28,33
207041,10,7,5,8,27,11,45,35,56,19,72,91
207209,10,7,5,1,3,0,0,4,0,1,3,4
207263,10,7,5,19,40,30,105,59,135,49,145,194
207306,10,7,5,0,5,3,15,5,18,3,20,23
207315,10,7,5,12,24,50,42,36,92,62,66,128
207324,10,7,5,3,0,16,12,3,28,19,12,31
207342,10,7,5,27,40,15,55,67,70,42,95,137
207388,10,7,5,39,49,224,139,88,363,263,188,451
207500,10,7,5,126,209,225,271,335,496,351,480,831
207582,10,7,5,28,36,3,14,64,17,31,50,81
207661,10,7,5,4,7,1,2,11,3,5,9,14
207847,10,7,5,36,85,107,179,121,286,143,264,407
207865,10,7,5,6,28,12,41,34,53,18,69,87
207971,10,7,5,25,17,27,11,42,38,52,28,80
208646,10,7,5,1,11,3,14,12,17,4,25,29
208822,10,7,5,19,27,38,78,46,116,57,105,162
209490,10,7,5,36,68,37,47,104,84,73,115,188
209506,10,7,5,3,3,4,6,6,10,7,9,16
209542,10,7,5,98,82,135,161,180,296,233,243,476
209551,10,7,5,108,121,15,25,229,40,123,146,269
209603,10,7,5,4,4,0,0,8,0,4,4,8
209612,10,7,5,30,65,9,25,95,34,39,90,129
209807,10,7,5,106,177,145,240,283,385,251,417,668
209825,10,7,5,2,3,16,21,5,37,18,24,42
209922,10,7,5,0,0,1,0,0,1,1,0,1
210401,10,7,5,22,20,3,3,42,6,25,23,48
210429,10,7,5,10,16,8,12,26,20,18,28,46
210739,10,7,5,8,19,22,36,27,58,30,55,85
210775,10,7,5,2,6,10,14,8,24,12,20,32
211088,10,7,5,5,9,18,54,14,72,23,63,86
211130,10,7,5,15,6,5,5,21,10,20,11,31
211291,10,7,5,0,0,0,3,0,3,0,3,3
211352,10,7,5,1,1,14,29,2,43,15,30,45
211431,10,7,5,7,12,5,50,19,55,12,62,74
211440,10,7,5,103,63,58,42,166,100,161,105,266
211556,10,7,5,10,17,6,21,27,27,16,38,54
211583,10,7,5,2,7,5,28,9,33,7,35,42
212054,10,7,5,79,96,188,392,175,580,267,488,755
212106,10,7,5,77,104,9,34,181,43,86,138,224
212115,10,7,5,2,1,13,49,3,62,15,50,65
212133,10,7,5,81,82,207,281,163,488,288,363,651
212197,10,7,5,0,7,4,12,7,16,4,19,23
212601,10,7,5,18,18,19,32,36,51,37,50,87
212674,10,7,5,0,0,48,59,0,107,48,59,107
212771,10,7,5,7,3,2,23,10,25,9,26,35
212805,10,7,5,0,0,3,1,0,4,3,1,4
212984,10,7,5,3,12,13,63,15,76,16,75,91
213011,10,7,5,7,8,28,79,15,107,35,87,122
213020,10,7,5,16,13,75,129,29,204,91,142,233
213251,10,7,5,0,0,1,2,0,3,1,2,3
213321,10,7,5,0,4,10,27,4,37,10,31,41
213349,10,7,5,7,7,20,50,14,70,27,57,84
213367,10,7,5,5,4,40,115,9,155,45,119,164
213446,10,7,5,1,2,1,0,3,1,2,2,4
213507,10,7,5,3,2,8,11,5,19,11,13,24
213598,10,7,5,3,8,0,2,11,2,3,10,13
213987,10,7,5,3,3,7,8,6,15,10,11,21
213996,10,7,5,5,11,26,33,16,59,31,44,75
214041,10,7,5,4,3,28,71,7,99,32,74,106
214148,10,7,5,0,0,0,1,0,1,0,1,1
214157,10,7,5,7,5,14,39,12,53,21,44,65
214175,10,7,5,0,2,0,0,2,0,0,2,2
214272,10,7,5,0,7,16,32,7,48,16,39,55
214564,10,7,5,8,19,2,5,27,7,10,24,34
214591,10,7,5,0,0,3,2,0,5,3,2,5
214607,10,7,5,1,2,10,10,3,20,11,12,23
214704,10,7,5,0,0,0,1,0,1,0,1,1
214713,10,7,5,5,3,21,21,8,42,26,24,50
214777,10,7,5,148,121,23,36,269,59,171,157,328
214829,10,7,5,0,0,0,1,0,1,0,1,1
214883,10,7,5,0,0,2,10,0,12,2,10,12
215062,10,7,5,280,297,162,229,577,391,442,526,968
215105,10,7,5,4,3,5,3,7,8,9,6,15
215123,10,7,5,38,58,1,6,96,7,39,64,103
215293,10,7,5,132,162,105,164,294,269,237,326,563
215424,10,7,5,16,9,1,1,25,2,17,10,27
215442,10,7,5,5,6,45,79,11,124,50,85,135
215655,10,7,5,11,7,32,46,18,78,43,53,96
215743,10,7,5,0,2,4,13,2,17,4,15,19
215798,10,7,5,6,5,3,1,11,4,9,6,15
215929,10,7,5,7,9,43,49,16,92,50,58,108
216010,10,7,5,3,7,32,50,10,82,35,57,92
216038,10,7,5,7,15,18,113,22,131,25,128,153
216339,10,7,5,167,184,100,177,351,277,267,361,628
216366,10,7,5,25,48,56,170,73,226,81,218,299
216542,10,7,5,0,0,2,2,0,4,2,2,4
216597,10,7,5,47,59,136,107,106,243,183,166,349
216694,10,7,5,2,7,6,11,9,17,8,18,26
216764,10,7,5,8,37,96,134,45,230,104,171,275
216852,10,7,5,30,47,22,138,77,160,52,185,237
216931,10,7,5,10,28,103,359,38,462,113,387,500
217013,10,7,5,1,6,11,40,7,51,12,46,58
217059,10,7,5,3,2,7,29,5,36,10,31,41
217156,10,7,5,69,67,16,11,136,27,85,78,163
217165,10,7,5,2,2,11,10,4,21,13,12,25
217235,10,7,5,8,9,8,7,17,15,16,16,32
217305,10,7,5,2,23,1,1,25,2,3,24,27
217402,10,7,5,1,1,11,24,2,35,12,25,37
217420,10,7,5,8,19,19,75,27,94,27,94,121
217493,10,7,5,5,8,0,0,13,0,5,8,13
217518,10,7,5,1,1,6,6,2,12,7,7,14
217536,10,7,5,5,6,26,43,11,69,31,49,80
217633,10,7,5,38,56,13,4,94,17,51,60,111
217688,10,7,5,3,2,17,30,5,47,20,32,52
217721,10,7,5,1,0,0,0,1,0,1,0,1
217749,10,7,5,2,0,29,21,2,50,31,21,52
217819,10,7,5,6,7,17,62,13,79,23,69,92
217864,10,7,5,13,4,75,43,17,118,88,47,135
217873,10,7,5,0,2,0,6,2,6,0,8,8
217882,10,7,5,72,69,152,207,141,359,224,276,500
217907,10,7,5,1,1,1,10,2,11,2,11,13
217925,10,7,5,8,10,91,146,18,237,99,156,255
217934,10,7,5,5,18,2,28,23,30,7,46,53
217961,10,7,5,5,7,13,38,12,51,18,45,63
218061,10,7,5,0,6,8,27,6,35,8,33,41
218229,10,7,5,5,5,15,39,10,54,20,44,64
218335,10,7,5,32,51,4,32,83,36,36,83,119
218414,10,7,5,0,2,0,0,2,0,0,2,2
218441,10,7,5,5,8,4,4,13,8,9,12,21
218539,10,7,5,4,4,0,0,8,0,4,4,8
218645,10,7,5,8,4,30,69,12,99,38,73,111
218654,10,7,5,0,1,0,5,1,5,0,6,6
218663,10,7,5,122,143,107,265,265,372,229,408,637
218724,10,7,5,2,1,13,33,3,46,15,34,49
218733,10,7,5,2,14,3,8,16,11,5,22,27
218742,10,7,5,0,5,11,33,5,44,11,38,49
218751,10,7,5,5,4,0,0,9,0,5,4,9
218919,10,7,5,1,2,0,0,3,0,1,2,3
219082,10,7,5,8,1,42,8,9,50,50,9,59
219198,10,7,5,8,6,1,5,14,6,9,11,20
219204,10,7,5,7,9,19,10,16,29,26,19,45
219259,10,7,5,0,0,14,50,0,64,14,50,64
219277,10,7,5,0,0,2,4,0,6,2,4,6
219347,10,7,5,13,2,16,1,15,17,29,3,32
219471,10,7,5,30,20,58,134,50,192,88,154,242
219602,10,7,5,18,45,35,83,63,118,53,128,181
219639,10,7,5,0,1,0,2,1,2,0,3,3
219806,10,7,5,2,7,17,113,9,130,19,120,139
219833,10,7,5,9,6,8,13,15,21,17,19,36
220075,10,7,5,39,46,48,111,85,159,87,157,244
220215,10,7,5,4,4,15,42,8,57,19,46,65
220473,10,7,5,8,1,11,8,9,19,19,9,28
220516,10,7,5,7,20,3,5,27,8,10,25,35
220792,10,7,5,18,28,0,0,46,0,18,28,46
220862,10,7,5,56,66,118,198,122,316,174,264,438
220978,10,7,5,20,38,81,126,58,207,101,164,265
221519,10,7,5,5,5,1,2,10,3,6,7,13
221740,10,7,5,9,21,43,53,30,96,52,74,126
221759,10,7,5,91,111,107,157,202,264,198,268,466
221768,10,7,5,4,13,21,42,17,63,25,55,80
221838,10,7,5,17,37,46,87,54,133,63,124,187
221847,10,7,5,10,8,50,63,18,113,60,71,131
221999,10,7,5,114,139,64,105,253,169,178,244,422
222178,10,7,5,3,11,56,150,14,206,59,161,220
222831,10,7,5,19,66,28,67,85,95,47,133,180
223223,10,7,5,21,14,0,0,35,0,21,14,35
223232,10,7,5,141,188,70,181,329,251,211,369,580
224147,10,7,5,10,17,147,221,27,368,157,238,395
224323,10,7,5,15,11,44,34,26,78,59,45,104
224527,10,7,5,3,0,3,2,3,5,6,2,8
224554,10,7,5,35,87,106,269,122,375,141,356,497
225247,10,7,5,4,2,2,8,6,10,6,10,16
225399,10,7,5,3,10,45,128,13,173,48,138,186
225414,10,7,5,21,41,74,99,62,173,95,140,235
225432,10,7,5,3,11,75,118,14,193,78,129,207
225511,10,7,5,122,167,153,196,289,349,275,363,638
225548,10,7,5,0,0,1,0,0,1,1,0,1
226383,10,7,5,0,3,9,28,3,37,9,31,40
226471,10,7,5,1,8,5,10,9,15,6,18,24
226587,10,7,5,1,0,0,0,1,0,1,0,1
227216,10,7,5,107,94,183,295,201,478,290,389,679
227331,10,7,5,23,106,6,19,129,25,29,125,154
227368,10,7,5,34,62,153,344,96,497,187,406,593
227526,10,7,5,21,38,19,46,59,65,40,84,124
227757,10,7,5,186,77,39,13,263,52,225,90,315
227845,10,7,5,11,6,14,66,17,80,25,72,97
227863,10,7,5,12,28,37,48,40,85,49,76,125
227881,10,7,5,17,28,99,196,45,295,116,224,340
228042,10,7,5,5,7,1,1,12,2,6,8,14
228149,10,7,5,27,24,28,35,51,63,55,59,114
228194,10,7,5,16,11,11,19,27,30,27,30,57
228246,10,7,5,71,62,167,121,133,288,238,183,421
228431,10,7,5,10,36,39,89,46,128,49,125,174
228459,10,7,5,77,89,90,138,166,228,167,227,394
228501,10,7,5,3,4,20,49,7,69,23,53,76
228529,10,7,5,25,37,61,143,62,204,86,180,266
228635,10,7,5,18,13,95,54,31,149,113,67,180
228644,10,7,5,34,52,9,31,86,40,43,83,126
228653,10,7,5,39,25,40,125,64,165,79,150,229
228705,10,7,5,14,13,25,60,27,85,39,73,112
228723,10,7,5,268,221,213,285,489,498,481,506,987
228769,10,7,5,132,174,303,974,306,1277,435,1148,1583
228778,10,7,5,277,269,33,33,546,66,310,302,612
228787,10,7,5,134,86,167,144,220,311,301,230,531
228796,10,7,5,64,54,121,194,118,315,185,248,433
228802,10,7,5,29,54,80,188,83,268,109,242,351
228875,10,7,5,62,63,13,14,125,27,75,77,152
228909,10,7,5,25,40,6,13,65,19,31,53,84
229018,10,7,5,23,17,56,93,40,149,79,110,189
229027,10,7,5,83,89,149,187,172,336,232,276,508
229063,10,7,5,27,50,23,41,77,64,50,91,141
229115,10,7,5,155,147,158,286,302,444,313,433,746
229179,10,7,5,13,137,45,500,150,545,58,637,695
229267,10,7,5,4,4,3,2,8,5,7,6,13
229337,10,7,5,41,72,45,153,113,198,86,225,311
229780,10,7,5,16,29,31,35,45,66,47,64,111
229814,10,7,5,17,36,142,166,53,308,159,202,361
230038,10,7,5,70,55,46,40,125,86,116,95,211
230171,10,7,5,1,0,1,1,1,2,2,1,3
230603,10,7,5,13,21,77,92,34,169,90,113,203
230728,10,7,5,33,68,93,93,101,186,126,161,287
230764,10,7,5,208,232,124,117,440,241,332,349,681
230782,10,7,5,18,44,21,46,62,67,39,90,129
230807,10,7,5,11,14,11,10,25,21,22,24,46
230816,10,7,5,7,14,0,0,21,0,7,14,21
230834,10,7,5,1,0,23,75,1,98,24,75,99
230852,10,7,5,0,3,37,28,3,65,37,31,68
230913,10,7,5,0,7,12,27,7,39,12,34,46
230959,10,7,5,0,0,5,6,0,11,5,6,11
231059,10,7,5,1,0,8,22,1,30,9,22,31
231174,10,7,5,34,46,23,39,80,62,57,85,142
231420,10,7,5,0,0,7,23,0,30,7,23,30
231624,10,7,5,59,49,71,113,108,184,130,162,292
232025,10,7,5,2,3,0,0,5,0,2,3,5
232043,10,7,5,5,5,5,42,10,47,10,47,57
232089,10,7,5,0,1,0,3,1,3,0,4,4
232186,10,7,5,157,221,305,497,378,802,462,718,1180
232308,10,7,5,2,4,4,5,6,9,6,9,15
232557,10,7,5,1269,1746,1597,2180,3015,3777,2866,3926,6792
232566,10,7,5,13,13,45,102,26,147,58,115,173
232609,10,7,5,27,41,10,21,68,31,37,62,99
232706,10,7,5,28,17,37,68,45,105,65,85,150
232982,10,7,5,60,92,174,262,152,436,234,354,588
233277,10,7,5,7,13,27,103,20,130,34,116,150
233374,10,7,5,8,10,17,28,18,45,25,38,63
233541,10,7,5,12,20,23,92,32,115,35,112,147
233921,10,7,5,149,116,151,95,265,246,300,211,511
234030,10,7,5,93,182,110,222,275,332,203,404,607
234076,10,7,5,172,132,82,169,304,251,254,301,555
234155,10,7,5,5,11,2,10,16,12,7,21,28
234207,10,7,5,5,1,0,0,6,0,5,1,6
234827,10,7,5,5,5,12,22,10,34,17,27,44
235097,10,7,5,109,195,50,104,304,154,159,299,458
235316,10,7,5,75,112,36,64,187,100,111,176,287
235547,10,7,5,14,39,4,2,53,6,18,41,59
236328,10,7,5,8,5,0,3,13,3,8,8,16
236452,10,7,5,2,1,9,20,3,29,11,21,32
236577,10,7,5,6,25,11,30,31,41,17,55,72
236595,10,7,5,39,67,71,129,106,200,110,196,306
236896,10,7,5,8,16,2,0,24,2,10,16,26
236939,10,7,5,108,125,134,127,233,261,242,252,494
237011,10,7,5,17,27,9,26,44,35,26,53,79
237066,10,7,5,4,8,4,25,12,29,8,33,41
237118,10,7,5,0,2,0,0,2,0,0,2,2
237181,10,7,5,0,0,0,1,0,1,0,1,1
237312,10,7,5,63,15,19,4,78,23,82,19,101
237330,10,7,5,0,7,4,22,7,26,4,29,33
237367,10,7,5,2,2,4,17,4,21,6,19,25
237385,10,7,5,0,1,0,0,1,0,0,1,1
237525,10,7,5,37,59,54,94,96,148,91,153,244
237792,10,7,5,7,13,10,30,20,40,17,43,60
237899,10,7,5,2,1,3,11,3,14,5,12,17
237969,10,7,5,0,2,0,1,2,1,0,3,3
238032,10,7,5,82,72,100,108,154,208,182,180,362
238193,10,7,5,16,60,7,31,76,38,23,91,114
238263,10,7,5,0,4,1,2,4,3,1,6,7
238430,10,7,5,0,8,20,76,8,96,20,84,104
238458,10,7,5,3,3,2,11,6,13,5,14,19
239071,10,7,5,3,1,18,13,4,31,21,14,35
239105,10,7,5,45,33,61,85,78,146,106,118,224
239169,10,7,5,16,18,5,16,34,21,21,34,55
239318,10,7,5,0,6,5,6,6,11,5,12,17
239716,10,7,5,1,1,4,5,2,9,5,6,11
240107,10,7,5,16,48,12,64,64,76,28,112,140
240189,10,7,5,18,18,97,98,36,195,115,116,231
240268,10,7,5,2,8,63,59,10,122,65,67,132
240277,10,7,5,2,10,14,29,12,43,16,39,55
240329,10,7,5,7,8,24,50,15,74,31,58,89
240338,10,7,5,0,1,3,6,1,9,3,7,10
240365,10,7,5,6,23,41,68,29,109,47,91,138
240374,10,7,5,6,3,47,57,9,104,53,60,113
240417,10,7,5,4,3,47,91,7,138,51,94,145
240426,10,7,5,3,14,13,40,17,53,16,54,70
240444,10,7,5,217,230,107,120,447,227,324,350,674
240453,10,7,5,91,120,81,141,211,222,172,261,433
240462,10,7,5,3,4,35,18,7,53,38,22,60
240471,10,7,5,6,21,4,14,27,18,10,35,45
240480,10,7,5,2,4,20,52,6,72,22,56,78
240727,10,7,5,68,53,57,107,121,164,125,160,285
241191,10,7,5,0,2,0,1,2,1,0,3,3
241225,10,7,5,2,3,0,8,5,8,2,11,13
241331,10,7,5,9,84,4,12,93,16,13,96,109
241377,10,7,5,2,9,4,14,11,18,6,23,29
241386,10,7,5,1,1,2,1,2,3,3,2,5
241395,10,7,5,4,17,4,27,21,31,8,44,52
241410,10,7,5,32,76,19,71,108,90,51,147,198
241739,10,7,5,41,78,26,48,119,74,67,126,193
241766,10,7,5,3,1,1,0,4,1,4,1,5
241836,10,7,5,0,2,0,2,2,2,0,4,4
242617,10,7,5,12,24,12,16,36,28,24,40,64
242626,10,7,5,6,15,1,1,21,2,7,16,23
242635,10,7,5,7,27,5,6,34,11,12,33,45
242644,10,7,5,0,2,4,1,2,5,4,3,7
242653,10,7,5,45,109,30,58,154,88,75,167,242
242662,10,7,5,13,35,13,30,48,43,26,65,91
242680,10,7,5,4,5,1,2,9,3,5,7,12
242699,10,7,5,6,2,5,1,8,6,11,3,14
242705,10,7,5,1,1,0,1,2,1,1,2,3
242723,10,7,5,7,4,12,14,11,26,19,18,37
243203,10,7,5,14,53,2,14,67,16,16,67,83
243221,10,7,5,75,99,23,33,174,56,98,132,230
243346,10,7,5,22,66,11,26,88,37,33,92,125
243443,10,7,5,2,4,8,24,6,32,10,28,38
243577,10,7,5,17,8,16,11,25,27,33,19,52
243586,10,7,5,3,3,2,2,6,4,5,5,10
243601,10,7,5,59,141,34,60,200,94,93,201,294
243744,10,7,5,190,137,76,25,327,101,266,162,428
243780,10,7,5,137,73,320,240,210,560,457,313,770
243832,10,7,5,3,2,2,3,5,5,5,5,10
246789,10,7,5,1,2,8,6,3,14,9,8,17
248934,10,7,5,33,25,0,0,58,0,33,25,58
262086,10,7,5,57,170,100,340,227,440,157,510,667
262129,10,7,5,2,2,0,0,4,0,2,2,4
363907,10,7,5,3,4,2,7,7,9,5,11,16
363916,10,7,5,0,2,0,1,2,1,0,3,3
366003,10,7,5,1,3,6,0,4,6,7,3,10
366711,10,7,5,25,46,15,35,71,50,40,81,121
367954,10,7,5,74,180,11,46,254,57,85,226,311
385415,10,7,5,7,15,0,4,22,4,7,19,26
399911,10,7,5,1,0,0,0,1,0,1,0,1
404222,10,7,5,4,2,0,0,6,0,4,2,6
408844,10,7,5,3,18,2,6,21,8,5,24,29
409254,10,7,5,0,4,2,38,4,40,2,42,44
409698,10,7,5,6,25,20,16,31,36,26,41,67
414878,10,7,5,12,4,48,26,16,74,60,30,90
414966,10,7,5,3,0,7,5,3,12,10,5,15
416801,10,7,5,0,3,1,0,3,1,1,3,4
420246,10,7,5,9,59,2,6,68,8,11,65,76
423643,10,7,5,66,52,2,7,118,9,68,59,127
426314,10,7,5,256,71,173,49,327,222,429,120,549
433387,10,7,5,2418,5499,0,0,7917,0,2418,5499,7917
433660,10,7,5,13,37,56,101,50,157,69,138,207
435000,10,7,5,7,7,2,5,14,7,9,12,21
438586,10,7,5,3,11,4,6,14,10,7,17,24
440031,10,7,5,1,12,1,4,13,5,2,16,18
440828,10,7,5,4,6,3,8,10,11,7,14,21
441131,10,7,5,7,21,3,10,28,13,10,31,41
441690,10,7,5,0,0,0,1,0,1,0,1,1
441900,10,7,5,0,2,0,5,2,5,0,7,7
441937,10,7,5,4,3,12,20,7,32,16,23,39
442356,10,7,5,0,1,6,21,1,27,6,22,28
443049,10,7,5,10,2,5,2,12,7,15,4,19
443058,10,7,5,5,2,9,10,7,19,14,12,26
444787,10,7,5,0,1,0,0,1,0,0,1,1
445027,10,7,5,312,319,9,19,631,28,321,338,659
445133,10,7,5,1,0,2,2,1,4,3,2,5
445188,10,7,5,30,22,0,0,52,0,30,22,52
445267,10,7,5,0,2,2,32,2,34,2,34,36
447698,10,7,5,3,9,2,4,12,6,5,13,18
448673,10,7,5,0,9,0,2,9,2,0,11,11
449481,10,7,5,3,8,0,0,11,0,3,8,11
449889,10,7,5,416,1246,0,0,1662,0,416,1246,1662
449922,10,7,5,4,1,0,0,5,0,4,1,5
450571,10,7,5,0,10,2,4,10,6,2,14,16
450933,10,7,5,532,454,0,0,986,0,532,454,986
451079,10,7,5,1,7,0,0,8,0,1,7,8
451510,10,7,5,6,7,3,2,13,5,9,9,18
454227,10,7,5,5,140,264,2395,145,2659,269,2535,2804
455406,10,7,5,12,9,0,0,21,0,12,9,21
456481,10,7,5,0,1,1,2,1,3,1,3,4
456542,10,7,5,3,6,1,3,9,4,4,9,13
457299,10,7,5,0,1,0,0,1,0,0,1,1
458210,10,7,5,47,175,14,48,222,62,61,223,284
459736,10,7,5,12,31,6,6,43,12,18,37,55
459949,10,7,5,6,15,21,63,21,84,27,78,105
460349,10,7,5,2,4,37,42,6,79,39,46,85
461883,10,7,5,3,5,2,2,8,4,5,7,12
474863,10,7,5,6,18,1,10,24,11,7,28,35
476975,10,7,5,19,11,223,332,30,555,242,343,585
477039,10,7,5,6,56,2,15,62,17,8,71,79
479956,10,7,5,37,30,429,338,67,767,466,368,834
480569,10,7,5,0,0,31,37,0,68,31,37,68
480657,10,7,5,0,1,0,1,1,1,0,2,2
480790,10,7,5,22,17,1,0,39,1,23,17,40
482149,10,7,5,40,75,27,74,115,101,67,149,216
482158,10,7,5,16,23,12,17,39,29,28,40,68
482413,10,7,5,3,2,10,17,5,27,13,19,32
482422,10,7,5,1,0,1,3,1,4,2,3,5
482431,10,7,5,1,1,11,4,2,15,12,5,17
482459,10,7,5,1,0,0,1,1,1,1,1,2
482468,10,7,5,0,0,1,3,0,4,1,3,4
482477,10,7,5,32,45,161,317,77,478,193,362,555
482574,10,7,5,0,0,0,1,0,1,0,1,1
482635,10,7,5,0,1,4,1,1,5,4,2,6
482653,10,7,5,0,0,0,1,0,1,0,1,1
482680,10,7,5,3,16,24,54,19,78,27,70,97
482705,10,7,5,10,15,147,256,25,403,157,271,428
482936,10,7,5,3,0,1,0,3,1,4,0,4
483036,10,7,5,7,12,23,41,19,64,30,53,83
483124,10,7,5,150,284,623,1005,434,1628,773,1289,2062
483595,10,7,5,111,283,41,115,394,156,152,398,550
483975,10,7,5,10,4,1,0,14,1,11,4,15
484613,10,7,5,854,2514,0,0,3368,0,854,2514,3368
484631,10,7,5,12,38,0,0,50,0,12,38,50
484756,10,7,5,2,1,0,0,3,0,2,1,3
484905,10,7,5,8,11,29,29,19,58,37,40,77
485768,10,7,5,16,42,0,0,58,0,16,42,58
486840,10,7,5,58,77,178,235,135,413,236,312,548
487010,10,7,5,27,40,9,25,67,34,36,65,101
487524,10,7,5,7,9,18,35,16,53,25,44,69
487995,10,7,5,1,5,0,4,6,4,1,9,10
488031,10,7,5,5,8,0,0,13,0,5,8,13
489335,10,7,5,0,0,4,1,0,5,4,1,5
489779,10,7,5,353,630,215,704,983,919,568,1334,1902
489858,10,7,5,9,20,0,0,29,0,9,20,29
490230,10,7,5,3,2,0,0,5,0,3,2,5
490601,10,7,5,6,6,0,0,12,0,6,6,12
490805,10,7,5,6,12,13,55,18,68,19,67,86
491808,10,7,5,7,15,0,2,22,2,7,17,24
492209,10,7,5,1,2,0,2,3,2,1,4,5
492689,10,7,5,9,10,1,0,19,1,10,10,20
493673,10,7,5,4,9,9,6,13,15,13,15,28
494010,10,7,5,0,4,0,0,4,0,0,4,4
494551,10,7,5,0,0,1,1,0,2,1,1,2
496043,10,7,5,8,0,0,0,8,0,8,0,8
497107,10,7,5,0,0,0,10,0,10,0,10,10
497480,10,7,5,0,0,6,9,0,15,6,9,15
497790,10,7,5,0,1,0,0,1,0,0,1,1
498562,10,7,5,8,19,18,55,27,73,26,74,100
498571,10,7,5,30,75,105,196,105,301,135,271,406
100663,11,8,1,69,164,267,599,233,866,336,763,1099
100706,11,8,1,24,47,88,146,71,234,112,193,305
100751,11,8,1,87,176,253,575,263,828,340,751,1091
100760,11,8,1,0,6,8,32,6,40,8,38,46
100812,11,8,1,15,56,97,204,71,301,112,260,372
100830,11,8,1,19,36,36,114,55,150,55,150,205
100858,11,8,1,98,74,241,217,172,458,339,291,630
100937,11,8,1,1,0,0,0,1,0,1,0,1
101143,11,8,1,10,16,13,28,26,41,23,44,67
101161,11,8,1,14,42,21,122,56,143,35,164,199
101189,11,8,1,69,152,38,79,221,117,107,231,338
101240,11,8,1,26,51,27,93,77,120,53,144,197
101286,11,8,1,9,35,26,118,44,144,35,153,188
101295,11,8,1,14,39,29,100,53,129,43,139,182
101301,11,8,1,0,6,1,35,6,36,1,41,42
101435,11,8,1,0,0,0,2,0,2,0,2,2
101453,11,8,1,4,0,17,2,4,19,21,2,23
101462,11,8,1,3,9,13,50,12,63,16,59,75
101480,11,8,1,35,63,94,182,98,276,129,245,374
101505,11,8,1,14,34,53,211,48,264,67,245,312
101514,11,8,1,23,31,80,181,54,261,103,212,315
101569,11,8,1,14,35,35,106,49,141,49,141,190
101587,11,8,1,139,647,27,89,786,116,166,736,902
101709,11,8,1,3,10,15,54,13,69,18,64,82
101736,11,8,1,2,8,14,46,10,60,16,54,70
101897,11,8,1,3,13,8,40,16,48,11,53,64
101912,11,8,1,9,15,8,4,24,12,17,19,36
101994,11,8,1,1,5,1,18,6,19,2,23,25
102030,11,8,1,31,34,10,68,65,78,41,102,143
102049,11,8,1,23,90,15,40,113,55,38,130,168
102067,11,8,1,10,24,19,58,34,77,29,82,111
102076,11,8,1,4,16,10,41,20,51,14,57,71
102094,11,8,1,119,493,59,239,612,298,178,732,910
102234,11,8,1,1,1,7,9,2,16,8,10,18
102313,11,8,1,13,24,13,43,37,56,26,67,93
102368,11,8,1,115,296,322,567,411,889,437,863,1300
102377,11,8,1,9,3,0,3,12,3,9,6,15
102395,11,8,1,13,6,36,14,19,50,49,20,69
102429,11,8,1,3,13,34,67,16,101,37,80,117
102553,11,8,1,64,61,216,470,125,686,280,531,811
102614,11,8,1,36,63,145,371,99,516,181,434,615
102632,11,8,1,9,16,53,137,25,190,62,153,215
103741,11,8,1,0,1,0,4,1,4,0,5,5
104151,11,8,1,249,350,233,314,599,547,482,664,1146
104160,11,8,1,13,22,68,166,35,234,81,188,269
104179,11,8,1,223,337,571,618,560,1189,794,955,1749
104346,11,8,1,9,24,58,221,33,279,67,245,312
104391,11,8,1,0,7,0,0,7,0,0,7,7
104425,11,8,1,12,34,63,96,46,159,75,130,205
104443,11,8,1,0,0,0,1,0,1,0,1,1
104568,11,8,1,0,2,0,5,2,5,0,7,7
104577,11,8,1,42,11,62,96,53,158,104,107,211
104586,11,8,1,5,0,1,2,5,3,6,2,8
104708,11,8,1,26,26,168,332,52,500,194,358,552
104717,11,8,1,19,33,3434,12660,52,16094,3453,12693,16146
105145,11,8,1,16,43,73,196,59,269,89,239,328
105154,11,8,1,31,48,253,437,79,690,284,485,769
105206,11,8,1,27,30,59,232,57,291,86,262,348
105297,11,8,1,13,46,23,96,59,119,36,142,178
105330,11,8,1,112,247,304,593,359,897,416,840,1256
105349,11,8,1,6,8,21,108,14,129,27,116,143
105428,11,8,1,25,34,137,339,59,476,162,373,535
105525,11,8,1,40,42,265,597,82,862,305,639,944
105659,11,8,1,82,9,0,0,91,0,82,9,91
105668,11,8,1,26,51,316,627,77,943,342,678,1020
105747,11,8,1,15,25,84,204,40,288,99,229,328
105792,11,8,1,5,9,53,90,14,143,58,99,157
106148,11,8,1,23,33,106,265,56,371,129,298,427
106245,11,8,1,88,138,120,279,226,399,208,417,625
106263,11,8,1,26,83,25,139,109,164,51,222,273
106324,11,8,1,0,0,0,1,0,1,0,1,1
106397,11,8,1,53,95,222,493,148,715,275,588,863
106412,11,8,1,13,19,9,16,32,25,22,35,57
106449,11,8,1,11,23,12,37,34,49,23,60,83
106458,11,8,1,14,29,311,1017,43,1328,325,1046,1371
106467,11,8,1,33,52,61,190,85,251,94,242,336
106546,11,8,1,2,17,1,2,19,3,3,19,22
106625,11,8,1,9,22,9,29,31,38,18,51,69
106713,11,8,1,10,8,2,5,18,7,12,13,25
106908,11,8,1,0,13,0,0,13,0,0,13,13
107080,11,8,1,0,0,3,1,0,4,3,1,4
107099,11,8,1,2,1,0,0,3,0,2,1,3
107141,11,8,1,7,23,32,85,30,117,39,108,147
107318,11,8,1,1,6,10,17,7,27,11,23,34
107512,11,8,1,1,1,3,1,2,4,4,2,6
107521,11,8,1,9,19,5,16,28,21,14,35,49
107558,11,8,1,0,0,0,1,0,1,0,1,1
107585,11,8,1,9,31,11,34,40,45,20,65,85
107600,11,8,1,18,10,0,1,28,1,18,11,29
107619,11,8,1,12,18,2,15,30,17,14,33,47
107664,11,8,1,31,63,58,151,94,209,89,214,303
107725,11,8,1,3,11,7,35,14,42,10,46,56
107743,11,8,1,1,4,2,10,5,12,3,14,17
107789,11,8,1,0,2,0,0,2,0,0,2,2
107974,11,8,1,2,25,7,45,27,52,9,70,79
107983,11,8,1,10,31,41,147,41,188,51,178,229
107992,11,8,1,4,9,14,15,13,29,18,24,42
108092,11,8,1,18,43,26,56,61,82,44,99,143
108232,11,8,1,95,70,105,183,165,288,200,253,453
108667,11,8,1,13,18,114,254,31,368,127,272,399
108807,11,8,1,23,31,161,217,54,378,184,248,432
108852,11,8,1,1,1,0,0,2,0,1,1,2
109208,11,8,1,43,105,1086,1049,148,2135,1129,1154,2283
109350,11,8,1,31,52,178,330,83,508,209,382,591
109785,11,8,1,50,176,113,239,226,352,163,415,578
109819,11,8,1,54,90,528,452,144,980,582,542,1124
109907,11,8,1,22,60,43,101,82,144,65,161,226
109934,11,8,1,3,16,0,0,19,0,3,16,19
110097,11,8,1,77,41,162,114,118,276,239,155,394
110246,11,8,1,38,76,83,173,114,256,121,249,370
110316,11,8,1,82,193,55,333,275,388,137,526,663
110334,11,8,1,14,23,165,272,37,437,179,295,474
110361,11,8,1,102,285,95,166,387,261,197,451,648
110398,11,8,1,10,7,6,4,17,10,16,11,27
110404,11,8,1,1,1,0,0,2,0,1,1,2
110413,11,8,1,38,69,8,20,107,28,46,89,135
110422,11,8,1,11,17,14,6,28,20,25,23,48
110486,11,8,1,45,141,42,108,186,150,87,249,336
110495,11,8,1,45,143,32,96,188,128,77,239,316
110510,11,8,1,100,268,112,219,368,331,212,487,699
110529,11,8,1,94,147,87,117,241,204,181,264,445
110538,11,8,1,45,138,52,95,183,147,97,233,330
110547,11,8,1,84,233,126,332,317,458,210,565,775
110556,11,8,1,85,176,79,122,261,201,164,298,462
110565,11,8,1,90,187,209,450,277,659,299,637,936
110574,11,8,1,121,305,129,281,426,410,250,586,836
110583,11,8,1,111,184,147,277,295,424,258,461,719
110592,11,8,1,131,254,154,223,385,377,285,477,762
110608,11,8,1,146,354,180,451,500,631,326,805,1131
110617,11,8,1,130,271,155,287,401,442,285,558,843
110635,11,8,1,136,153,233,160,289,393,369,313,682
110644,11,8,1,139,176,70,64,315,134,209,240,449
110653,11,8,1,116,135,14,20,251,34,130,155,285
110662,11,8,1,246,280,41,43,526,84,287,323,610
110671,11,8,1,67,92,21,22,159,43,88,114,202
110680,11,8,1,108,84,23,18,192,41,131,102,233
110699,11,8,1,36,111,0,0,147,0,36,111,147
110705,11,8,1,33,47,6,10,80,16,39,57,96
110714,11,8,1,58,52,2,7,110,9,60,59,119
110918,11,8,1,0,0,3,1,0,4,3,1,4
111188,11,8,1,1,0,7,5,1,12,8,5,13
111434,11,8,1,1,14,74,284,15,358,75,298,373
111461,11,8,1,28,35,1425,574,63,1999,1453,609,2062
111513,11,8,1,0,10,1,1,10,2,1,11,12
111887,11,8,1,75,159,415,644,234,1059,490,803,1293
111896,11,8,1,33,20,258,207,53,465,291,227,518
111920,11,8,1,16,34,248,375,50,623,264,409,673
111939,11,8,1,35,121,201,580,156,781,236,701,937
111948,11,8,1,20,26,18,21,46,39,38,47,85
112075,11,8,1,82,258,49,56,340,105,131,314,445
112084,11,8,1,3,0,3,5,3,8,6,5,11
112172,11,8,1,27,51,114,210,78,324,141,261,402
112251,11,8,1,96,119,52,80,215,132,148,199,347
112367,11,8,1,0,2,4,30,2,34,4,32,36
112385,11,8,1,28,38,702,285,66,987,730,323,1053
112561,11,8,1,15,26,55,77,41,132,70,103,173
112686,11,8,1,14,26,41,147,40,188,55,173,228
112826,11,8,1,13,28,77,251,41,328,90,279,369
113096,11,8,1,22,44,238,524,66,762,260,568,828
113111,11,8,1,4,16,88,120,20,208,92,136,228
113193,11,8,1,24,37,158,209,61,367,182,246,428
113236,11,8,1,31,57,123,253,88,376,154,310,464
113333,11,8,1,43,60,171,425,103,596,214,485,699
113573,11,8,1,33,51,111,279,84,390,144,330,474
113582,11,8,1,1,7,0,1,8,1,1,8,9
113634,11,8,1,25,56,219,523,81,742,244,579,823
113698,11,8,1,51,72,5,26,123,31,56,98,154
113704,11,8,1,2,0,3,1,2,4,5,1,6
113856,11,8,1,36,77,1881,1221,113,3102,1917,1298,3215
113980,11,8,1,35,99,217,436,134,653,252,535,787
114123,11,8,1,7,11,0,0,18,0,7,11,18
114266,11,8,1,16,24,83,272,40,355,99,296,395
114354,11,8,1,0,4,0,9,4,9,0,13,13
114433,11,8,1,1,3,139,52,4,191,140,55,195
114549,11,8,1,46,151,18,63,197,81,64,214,278
114716,11,8,1,37,70,283,315,107,598,320,385,705
114734,11,8,1,3,1,7,5,4,12,10,6,16
114761,11,8,1,2,4,0,0,6,0,2,4,6
114789,11,8,1,48,81,688,625,129,1313,736,706,1442
114813,11,8,1,24,101,78,216,125,294,102,317,419
114859,11,8,1,23,50,188,395,73,583,211,445,656
114938,11,8,1,7,15,163,160,22,323,170,175,345
114947,11,8,1,4,5,0,0,9,0,4,5,9
115001,11,8,1,130,195,152,303,325,455,282,498,780
115083,11,8,1,183,90,104,136,273,240,287,226,513
115126,11,8,1,11,20,128,186,31,314,139,206,345
115393,11,8,1,12,28,376,311,40,687,388,339,727
115755,11,8,1,45,67,24,55,112,79,69,122,191
115861,11,8,1,22,83,138,153,105,291,160,236,396
116439,11,8,1,21,32,118,316,53,434,139,348,487
116563,11,8,1,1,5,0,0,6,0,1,5,6
116846,11,8,1,1,10,1,5,11,6,2,15,17
117052,11,8,1,7,12,47,132,19,179,54,144,198
117104,11,8,1,19,24,3,6,43,9,22,30,52
117195,11,8,1,13,6,256,104,19,360,269,110,379
117247,11,8,1,59,82,247,418,141,665,306,500,806
117274,11,8,1,7,3,216,43,10,259,223,46,269
117645,11,8,1,85,137,298,526,222,824,383,663,1046
117672,11,8,1,112,201,15,11,313,26,127,212,339
117690,11,8,1,5,16,85,251,21,336,90,267,357
117706,11,8,1,24,54,221,435,78,656,245,489,734
117715,11,8,1,7,24,83,283,31,366,90,307,397
117724,11,8,1,50,31,276,257,81,533,326,288,614
117733,11,8,1,57,84,280,545,141,825,337,629,966
117788,11,8,1,60,84,313,461,144,774,373,545,918
117803,11,8,1,0,0,6,21,0,27,6,21,27
117867,11,8,1,11,30,99,316,41,415,110,346,456
117894,11,8,1,13,22,65,214,35,279,78,236,314
117946,11,8,1,31,83,32,51,114,83,63,134,197
118347,11,8,1,11,14,71,205,25,276,82,219,301
118684,11,8,1,10,25,59,158,35,217,69,183,252
118718,11,8,1,23,62,167,229,85,396,190,291,481
118772,11,8,1,35,62,144,332,97,476,179,394,573
118930,11,8,1,6,26,112,306,32,418,118,332,450
118976,11,8,1,73,204,141,424,277,565,214,628,842
119058,11,8,1,3,12,4,12,15,16,7,24,31
119067,11,8,1,19,37,139,197,56,336,158,234,392
119137,11,8,1,10,25,96,287,35,383,106,312,418
119164,11,8,1,66,108,284,541,174,825,350,649,999
119216,11,8,1,51,137,161,457,188,618,212,594,806
119331,11,8,1,7,22,31,82,29,113,38,104,142
120166,11,8,1,5,3,0,1,8,1,5,4,9
120184,11,8,1,2,5,7,20,7,27,9,25,34
120290,11,8,1,11,31,151,191,42,342,162,222,384
120342,11,8,1,40,40,170,267,80,437,210,307,517
120403,11,8,1,3,4,1,0,7,1,4,4,8
120421,11,8,1,10,13,65,186,23,251,75,199,274
120865,11,8,1,1,7,6,18,8,24,7,25,32
120883,11,8,1,17,40,28,57,57,85,45,97,142
120953,11,8,1,97,8,1057,69,105,1126,1154,77,1231
120971,11,8,1,30,34,473,340,64,813,503,374,877
121044,11,8,1,40,61,251,532,101,783,291,593,884
121150,11,8,1,65,125,204,437,190,641,269,562,831
121275,11,8,1,3,2,0,0,5,0,3,2,5
121309,11,8,1,21,38,51,106,59,157,72,144,216
121363,11,8,1,4,14,21,85,18,106,25,99,124
121619,11,8,1,22,60,1944,679,82,2623,1966,739,2705
121628,11,8,1,8,4,0,0,12,0,8,4,12
121707,11,8,1,39,44,140,136,83,276,179,180,359
121886,11,8,1,40,34,871,369,74,1240,911,403,1314
121901,11,8,1,34,40,146,420,74,566,180,460,640
122180,11,8,1,34,95,303,634,129,937,337,729,1066
122205,11,8,1,23,86,184,691,109,875,207,777,984
122296,11,8,1,25,97,16,89,122,105,41,186,227
122339,11,8,1,25,21,255,360,46,615,280,381,661
122375,11,8,1,19,29,264,516,48,780,283,545,828
122384,11,8,1,29,9,472,350,38,822,501,359,860
122409,11,8,1,138,283,119,219,421,338,257,502,759
122436,11,8,1,24,36,180,176,60,356,204,212,416
122597,11,8,1,133,237,111,164,370,275,244,401,645
122612,11,8,1,46,87,96,150,133,246,142,237,379
122658,11,8,1,54,120,121,325,174,446,175,445,620
122728,11,8,1,21,44,21,40,65,61,42,84,126
122746,11,8,1,21,36,135,307,57,442,156,343,499
122755,11,8,1,89,228,213,575,317,788,302,803,1105
122791,11,8,1,7,12,108,221,19,329,115,233,348
122889,11,8,1,21,54,131,349,75,480,152,403,555
122931,11,8,1,50,64,59,107,114,166,109,171,280
122977,11,8,1,44,92,279,561,136,840,323,653,976
123013,11,8,1,33,65,318,562,98,880,351,627,978
123217,11,8,1,29,56,138,290,85,428,167,346,513
123341,11,8,1,34,57,201,383,91,584,235,440,675
123457,11,8,1,10,32,16,10,42,26,26,42,68
123484,11,8,1,9,6,24,30,15,54,33,36,69
123509,11,8,1,13,17,114,202,30,316,127,219,346
123563,11,8,1,23,37,222,254,60,476,245,291,536
123572,11,8,1,22,64,34,78,86,112,56,142,198
123800,11,8,1,49,107,310,413,156,723,359,520,879
123916,11,8,1,2,8,4,14,10,18,6,22,28
123952,11,8,1,6,1,1,0,7,1,7,1,8
123961,11,8,1,490,627,218,317,1117,535,708,944,1652
124113,11,8,1,3,10,342,150,13,492,345,160,505
124283,11,8,1,40,12,10,5,52,15,50,17,67
124487,11,8,1,1,2,6,13,3,19,7,15,22
125028,11,8,1,17,19,107,275,36,382,124,294,418
125231,11,8,1,776,3562,1381,6201,4338,7582,2157,9763,11920
125462,11,8,1,4,8,101,52,12,153,105,60,165
125471,11,8,1,27,54,175,382,81,557,202,436,638
125499,11,8,1,5,20,83,293,25,376,88,313,401
125763,11,8,1,2,0,2,5,2,7,4,5,9
125897,11,8,1,3,6,2,1,9,3,5,7,12
126012,11,8,1,14,41,0,0,55,0,14,41,55
126119,11,8,1,12,28,65,173,40,238,77,201,278
126182,11,8,1,34,116,81,92,150,173,115,208,323
126207,11,8,1,21,25,55,106,46,161,76,131,207
126289,11,8,1,26,46,115,299,72,414,141,345,486
126562,11,8,1,111,168,327,801,279,1128,438,969,1407
126580,11,8,1,71,112,152,248,183,400,223,360,583
126614,11,8,1,58,54,325,214,112,539,383,268,651
126711,11,8,1,22,20,43,144,42,187,65,164,229
126748,11,8,1,5,8,3,10,13,13,8,18,26
126775,11,8,1,24,10,45,11,34,56,69,21,90
126818,11,8,1,55,78,396,526,133,922,451,604,1055
126827,11,8,1,1158,2113,743,1411,3271,2154,1901,3524,5425
126863,11,8,1,18,10,56,139,28,195,74,149,223
126915,11,8,1,4,4,0,3,8,3,4,7,11
126942,11,8,1,20,41,68,158,61,226,88,199,287
126951,11,8,1,33,6,0,0,39,0,33,6,39
127185,11,8,1,5,9,8,27,14,35,13,36,49
127200,11,8,1,45,82,149,385,127,534,194,467,661
127316,11,8,1,3,5,0,4,8,4,3,9,12
127389,11,8,1,1,6,2,7,7,9,3,13,16
127556,11,8,1,25,48,46,88,73,134,71,136,207
127565,11,8,1,106,173,170,320,279,490,276,493,769
127617,11,8,1,5,12,19,46,17,65,24,58,82
127653,11,8,1,16,48,18,58,64,76,34,106,140
127714,11,8,1,1,3,60,84,4,144,61,87,148
127732,11,8,1,4,6,16,96,10,112,20,102,122
127741,11,8,1,29,89,103,412,118,515,132,501,633
127778,11,8,1,11,11,7,19,22,26,18,30,48
127820,11,8,1,91,117,142,284,208,426,233,401,634
127884,11,8,1,60,62,126,175,122,301,186,237,423
127909,11,8,1,33,22,103,125,55,228,136,147,283
127918,11,8,1,75,182,71,150,257,221,146,332,478
128106,11,8,1,50,94,143,375,144,518,193,469,662
128258,11,8,1,12,12,44,44,24,88,56,56,112
128337,11,8,1,0,0,0,2,0,2,0,2,2
128498,11,8,1,26,64,16,37,90,53,42,101,143
128577,11,8,1,8,5,25,41,13,66,33,46,79
128744,11,8,1,24,67,44,218,91,262,68,285,353
128771,11,8,1,18,36,138,196,54,334,156,232,388
128780,11,8,1,13,52,73,220,65,293,86,272,358
128902,11,8,1,0,0,1,0,0,1,1,0,1
129020,11,8,1,78,102,177,244,180,421,255,346,601
129154,11,8,1,8,15,46,332,23,378,54,347,401
129181,11,8,1,6,0,4,1,6,5,10,1,11
129215,11,8,1,5,13,10,23,18,33,15,36,51
129242,11,8,1,23,34,22,83,57,105,45,117,162
129349,11,8,1,0,4,0,1,4,1,0,5,5
129367,11,8,1,3,14,30,140,17,170,33,154,187
129428,11,8,1,0,0,12,4,0,16,12,4,16
129491,11,8,1,6,2,7,6,8,13,13,8,21
129525,11,8,1,16,31,61,148,47,209,77,179,256
129543,11,8,1,6,24,28,162,30,190,34,186,220
129695,11,8,1,11,15,47,102,26,149,58,117,175
129729,11,8,1,17,16,33,153,33,186,50,169,219
129756,11,8,1,5,11,16,67,16,83,21,78,99
129774,11,8,1,0,2,0,0,2,0,0,2,2
129808,11,8,1,0,14,22,130,14,152,22,144,166
129923,11,8,1,1,13,5,14,14,19,6,27,33
129941,11,8,1,33,36,64,85,69,149,97,121,218
130004,11,8,1,6,15,29,114,21,143,35,129,164
130040,11,8,1,1,8,11,35,9,46,12,43,55
130183,11,8,1,277,1105,540,1379,1382,1919,817,2484,3301
130217,11,8,1,3,5,33,45,8,78,36,50,86
130226,11,8,1,15,17,37,146,32,183,52,163,215
130253,11,8,1,15,25,72,266,40,338,87,291,378
130314,11,8,1,12,59,12,58,71,70,24,117,141
130396,11,8,1,11,24,65,214,35,279,76,238,314
130590,11,8,1,0,1,5,4,1,9,5,5,10
130606,11,8,1,4,13,35,88,17,123,39,101,140
130697,11,8,1,7,3,4,4,10,8,11,7,18
130776,11,8,1,3,25,26,88,28,114,29,113,142
130794,11,8,1,71,104,21,20,175,41,92,124,216
130934,11,8,1,51,102,15,45,153,60,66,147,213
130943,11,8,1,70,83,77,122,153,199,147,205,352
130989,11,8,1,2,4,13,17,6,30,15,21,36
131113,11,8,1,89,177,457,1146,266,1603,546,1323,1869
131399,11,8,1,39,60,69,209,99,278,108,269,377
131450,11,8,1,13,35,17,28,48,45,30,63,93
131469,11,8,1,178,128,471,775,306,1246,649,903,1552
131496,11,8,1,127,94,237,276,221,513,364,370,734
131520,11,8,1,63,81,35,73,144,108,98,154,252
132471,11,8,1,77,158,86,238,235,324,163,396,559
132693,11,8,1,40,78,158,421,118,579,198,499,697
132709,11,8,1,95,148,313,882,243,1195,408,1030,1438
132842,11,8,1,7,49,7,48,56,55,14,97,111
132851,11,8,1,25,45,44,124,70,168,69,169,238
132879,11,8,1,1,1,1,0,2,1,2,1,3
132903,11,8,1,139,248,366,825,387,1191,505,1073,1578
133021,11,8,1,6,9,8,31,15,39,14,40,54
133386,11,8,1,66,83,130,334,149,464,196,417,613
133492,11,8,1,1,1,0,0,2,0,1,1,2
133508,11,8,1,17,35,90,283,52,373,107,318,425
133553,11,8,1,21,10,24,4,31,28,45,14,59
133650,11,8,1,35,52,23,52,87,75,58,104,162
133702,11,8,1,108,193,276,821,301,1097,384,1014,1398
133711,11,8,1,5,16,2,9,21,11,7,25,32
133809,11,8,1,0,1,0,1,1,1,0,2,2
133872,11,8,1,3,25,16,90,28,106,19,115,134
133881,11,8,1,30,23,135,349,53,484,165,372,537
133960,11,8,1,15,6,11,27,21,38,26,33,59
134097,11,8,1,100,172,328,665,272,993,428,837,1265
134130,11,8,1,199,213,415,743,412,1158,614,956,1570
134343,11,8,1,28,33,40,108,61,148,68,141,209
134495,11,8,1,119,144,156,440,263,596,275,584,859
134608,11,8,1,38,78,160,404,116,564,198,482,680
135160,11,8,1,5,25,24,93,30,117,29,118,147
135188,11,8,1,7,22,37,112,29,149,44,134,178
135391,11,8,1,20,59,72,228,79,300,92,287,379
135407,11,8,1,25,29,0,0,54,0,25,29,54
135610,11,8,1,4,7,6,10,11,16,10,17,27
135717,11,8,1,130,335,407,934,465,1341,537,1269,1806
135726,11,8,1,118,136,71,116,254,187,189,252,441
136109,11,8,1,0,2,0,0,2,0,0,2,2
136145,11,8,1,3,15,7,33,18,40,10,48,58
136172,11,8,1,28,65,79,262,93,341,107,327,434
136233,11,8,1,21,35,56,131,56,187,77,166,243
136330,11,8,1,14,48,31,44,62,75,45,92,137
136358,11,8,1,76,106,235,715,182,950,311,821,1132
136400,11,8,1,16,35,69,191,51,260,85,226,311
136473,11,8,1,45,89,98,230,134,328,143,319,462
136516,11,8,1,19,66,89,247,85,336,108,313,421
136659,11,8,1,6,4,6,0,10,6,12,4,16
136701,11,8,1,8,0,0,1,8,1,8,1,9
136950,11,8,1,11,20,13,29,31,42,24,49,73
137078,11,8,1,109,213,416,972,322,1388,525,1185,1710
137096,11,8,1,45,51,84,192,96,276,129,243,372
137209,11,8,1,43,58,173,473,101,646,216,531,747
137281,11,8,1,12,21,31,153,33,184,43,174,217
137351,11,8,1,173,225,330,668,398,998,503,893,1396
137546,11,8,1,13,20,13,37,33,50,26,57,83
137564,11,8,1,56,99,112,175,155,287,168,274,442
137591,11,8,1,2,6,0,4,8,4,2,10,12
137759,11,8,1,22,49,70,173,71,243,92,222,314
138187,11,8,1,76,169,355,922,245,1277,431,1091,1522
138275,11,8,1,3,8,12,11,11,23,15,19,34
138309,11,8,1,62,472,78,585,534,663,140,1057,1197
138354,11,8,1,38,125,294,586,163,880,332,711,1043
138558,11,8,1,3,6,6,34,9,40,9,40,49
138600,11,8,1,0,3,1,5,3,6,1,8,9
138682,11,8,1,17,67,43,125,84,168,60,192,252
138716,11,8,1,11,81,25,187,92,212,36,268,304
138761,11,8,1,0,6,0,13,6,13,0,19,19
138840,11,8,1,42,56,55,164,98,219,97,220,317
138929,11,8,1,6,8,7,11,14,18,13,19,32
138938,11,8,1,1,9,2,7,10,9,3,16,19
138947,11,8,1,13,33,11,32,46,43,24,65,89
138956,11,8,1,38,57,61,165,95,226,99,222,321
139144,11,8,1,1,7,8,13,8,21,9,20,29
139199,11,8,1,10,121,25,149,131,174,35,270,305
139205,11,8,1,4,1,11,0,5,11,15,1,16
139250,11,8,1,5,21,22,68,26,90,27,89,116
139278,11,8,1,27,51,46,236,78,282,73,287,360
139311,11,8,1,47,88,46,156,135,202,93,244,337
139357,11,8,1,36,32,45,110,68,155,81,142,223
139366,11,8,1,52,97,183,291,149,474,235,388,623
139384,11,8,1,22,54,65,174,76,239,87,228,315
139393,11,8,1,1,4,2,5,5,7,3,9,12
139463,11,8,1,9,25,11,39,34,50,20,64,84
139506,11,8,1,1,0,0,0,1,0,1,0,1
139621,11,8,1,4,5,3,10,9,13,7,15,22
139658,11,8,1,86,125,58,109,211,167,144,234,378
139700,11,8,1,15,40,38,101,55,139,53,141,194
139719,11,8,1,8,34,4,18,42,22,12,52,64
139755,11,8,1,103,54,1737,417,157,2154,1840,471,2311
139764,11,8,1,14,82,38,127,96,165,52,209,261
139861,11,8,1,7,30,31,102,37,133,38,132,170
139931,11,8,1,63,130,146,406,193,552,209,536,745
139940,11,8,1,177,346,188,483,523,671,365,829,1194
139959,11,8,1,124,171,145,319,295,464,269,490,759
139986,11,8,1,15,74,40,293,89,333,55,367,422
140012,11,8,1,42,48,132,321,90,453,174,369,543
140146,11,8,1,12,9,14,9,21,23,26,18,44
140234,11,8,1,5,11,2,2,16,4,7,13,20
140243,11,8,1,11,31,53,150,42,203,64,181,245
140252,11,8,1,19,28,8,27,47,35,27,55,82
140331,11,8,1,35,51,77,281,86,358,112,332,444
140447,11,8,1,43,227,81,304,270,385,124,531,655
140562,11,8,1,7,15,2,5,22,7,9,20,29
140678,11,8,1,12,20,27,52,32,79,39,72,111
140696,11,8,1,1,2,0,4,3,4,1,6,7
140720,11,8,1,2,3,0,1,5,1,2,4,6
140818,11,8,1,7,47,30,115,54,145,37,162,199
140942,11,8,1,31,38,44,144,69,188,75,182,257
140951,11,8,1,31,42,45,71,73,116,76,113,189
140960,11,8,1,8,17,8,19,25,27,16,36,52
140988,11,8,1,6,25,5,24,31,29,11,49,60
141006,11,8,1,6,30,34,38,36,72,40,68,108
141060,11,8,1,0,2,37,124,2,161,37,126,163
141255,11,8,1,7,41,48,93,48,141,55,134,189
141264,11,8,1,38,111,158,456,149,614,196,567,763
141334,11,8,1,26,108,153,650,134,803,179,758,937
141565,11,8,1,9,34,23,49,43,72,32,83,115
141574,11,8,1,82,154,198,347,236,545,280,501,781
141644,11,8,1,41,50,47,52,91,99,88,102,190
141680,11,8,1,22,5,44,67,27,111,66,72,138
141796,11,8,1,16,32,58,169,48,227,74,201,275
141802,11,8,1,4,2,11,36,6,47,15,38,53
141811,11,8,1,23,29,60,192,52,252,83,221,304
141839,11,8,1,11,18,24,82,29,106,35,100,135
141981,11,8,1,28,50,43,99,78,142,71,149,220
141990,11,8,1,5,35,29,93,40,122,34,128,162
142115,11,8,1,93,195,297,603,288,900,390,798,1188
142179,11,8,1,6,19,11,63,25,74,17,82,99
142276,11,8,1,54,190,129,264,244,393,183,454,637
142285,11,8,1,70,84,130,127,154,257,200,211,411
142407,11,8,1,2,1,0,0,3,0,2,1,3
142443,11,8,1,16,35,27,98,51,125,43,133,176
142461,11,8,1,7,52,34,112,59,146,41,164,205
142522,11,8,1,79,214,1258,3245,293,4503,1337,3459,4796
142559,11,8,1,18,25,41,111,43,152,59,136,195
142832,11,8,1,9,53,42,105,62,147,51,158,209
143118,11,8,1,18,128,51,194,146,245,69,322,391
143215,11,8,1,25,42,119,221,67,340,144,263,407
143279,11,8,1,4,10,43,105,14,148,47,115,162
143288,11,8,1,2,5,0,1,7,1,2,6,8
143358,11,8,1,9,7,27,153,16,180,36,160,196
143376,11,8,1,0,8,0,2,8,2,0,10,10
143613,11,8,1,7,11,5,38,18,43,12,49,61
143853,11,8,1,12,14,0,1,26,1,12,15,27
144050,11,8,1,137,60,79,41,197,120,216,101,317
144157,11,8,1,24,40,32,94,64,126,56,134,190
144166,11,8,1,21,105,64,279,126,343,85,384,469
144175,11,8,1,21,36,36,98,57,134,57,134,191
144184,11,8,1,20,90,180,390,110,570,200,480,680
144193,11,8,1,29,46,116,302,75,418,145,348,493
144209,11,8,1,8,19,32,79,27,111,40,98,138
144218,11,8,1,14,49,158,369,63,527,172,418,590
144351,11,8,1,13,33,301,725,46,1026,314,758,1072
144564,11,8,1,11,15,43,34,26,77,54,49,103
144740,11,8,1,124,159,185,196,283,381,309,355,664
144865,11,8,1,33,54,325,792,87,1117,358,846,1204
144883,11,8,1,3,7,0,0,10,0,3,7,10
144892,11,8,1,22,62,91,198,84,289,113,260,373
144944,11,8,1,17,29,175,337,46,512,192,366,558
144962,11,8,1,10,29,16,34,39,50,26,63,89
144971,11,8,1,0,7,0,5,7,5,0,12,12
145099,11,8,1,0,13,0,0,13,0,0,13,13
145336,11,8,1,23,91,95,256,114,351,118,347,465
145372,11,8,1,0,11,9,25,11,34,9,36,45
145521,11,8,1,2,8,15,36,10,51,17,44,61
145558,11,8,1,9,16,1,2,25,3,10,18,28
145600,11,8,1,131,206,222,451,337,673,353,657,1010
145619,11,8,1,7,20,58,137,27,195,65,157,222
145637,11,8,1,362,245,980,729,607,1709,1342,974,2316
145682,11,8,1,12,21,77,194,33,271,89,215,304
145691,11,8,1,0,7,0,7,7,7,0,14,14
145707,11,8,1,6,6,3,8,12,11,9,14,23
145813,11,8,1,28,55,81,240,83,321,109,295,404
145831,11,8,1,3,14,24,37,17,61,27,51,78
145886,11,8,1,8,34,2,0,42,2,10,34,44
146205,11,8,1,12,21,43,48,33,91,55,69,124
146278,11,8,1,7,19,25,47,26,72,32,66,98
146296,11,8,1,10,19,112,315,29,427,122,334,456
146339,11,8,1,16,26,2,17,42,19,18,43,61
146348,11,8,1,3,12,28,62,15,90,31,74,105
146366,11,8,1,15,19,31,38,34,69,46,57,103
146418,11,8,1,6,17,22,61,23,83,28,78,106
146427,11,8,1,0,2,0,1,2,1,0,3,3
146472,11,8,1,24,62,217,562,86,779,241,624,865
146481,11,8,1,1,2,1,4,3,5,2,6,8
146490,11,8,1,0,0,44,50,0,94,44,50,94
146506,11,8,1,12,38,28,47,50,75,40,85,125
146533,11,8,1,1,1,0,1,2,1,1,2,3
146603,11,8,1,7,10,21,72,17,93,28,82,110
146612,11,8,1,13,40,72,200,53,272,85,240,325
146685,11,8,1,11,25,43,158,36,201,54,183,237
146700,11,8,1,29,6,0,0,35,0,29,6,35
146719,11,8,1,91,164,77,245,255,322,168,409,577
147004,11,8,1,10,20,71,218,30,289,81,238,319
147013,11,8,1,9,34,32,77,43,109,41,111,152
147129,11,8,1,2,17,4,26,19,30,6,43,49
147244,11,8,1,4,17,1,10,21,11,5,27,32
147369,11,8,1,38,26,83,62,64,145,121,88,209
147378,11,8,1,10,20,85,229,30,314,95,249,344
147411,11,8,1,1,6,28,86,7,114,29,92,121
147536,11,8,1,68,388,115,676,456,791,183,1064,1247
147590,11,8,1,7,25,1,9,32,10,8,34,42
147660,11,8,1,4,16,0,10,20,10,4,26,30
147679,11,8,1,5,11,66,113,16,179,71,124,195
147776,11,8,1,38,63,101,253,101,354,139,316,455
147800,11,8,1,12,22,160,413,34,573,172,435,607
147828,11,8,1,1,8,32,122,9,154,33,130,163
147916,11,8,1,8,22,65,131,30,196,73,153,226
148007,11,8,1,9,17,34,101,26,135,43,118,161
148131,11,8,1,4,2,6,16,6,22,10,18,28
148256,11,8,1,5,24,23,39,29,62,28,63,91
148292,11,8,1,9,20,34,68,29,102,43,88,131
148380,11,8,1,15,20,100,150,35,250,115,170,285
148487,11,8,1,10,37,24,90,47,114,34,127,161
148511,11,8,1,15,37,18,106,52,124,33,143,176
148575,11,8,1,3,1,2,27,4,29,5,28,33
148627,11,8,1,2,7,19,68,9,87,21,75,96
148654,11,8,1,32,47,150,143,79,293,182,190,372
148672,11,8,1,2,7,10,35,9,45,12,42,54
148821,11,8,1,3,15,14,34,18,48,17,49,66
148876,11,8,1,9,80,3,44,89,47,12,124,136
148937,11,8,1,2,4,21,31,6,52,23,35,58
148991,11,8,1,0,4,10,24,4,34,10,28,38
149222,11,8,1,79,113,219,182,192,401,298,295,593
149231,11,8,1,24,80,113,304,104,417,137,384,521
149310,11,8,1,11,8,0,0,19,0,11,8,19
149365,11,8,1,7,40,26,106,47,132,33,146,179
149532,11,8,1,18,33,205,347,51,552,223,380,603
149727,11,8,1,7,17,83,230,24,313,90,247,337
149772,11,8,1,36,56,111,231,92,342,147,287,434
149781,11,8,1,5,14,55,47,19,102,60,61,121
149842,11,8,1,11,40,172,494,51,666,183,534,717
150136,11,8,1,28,74,122,460,102,582,150,534,684
150163,11,8,1,2,14,38,94,16,132,40,108,148
150172,11,8,1,3,10,46,18,13,64,49,28,77
150215,11,8,1,7,17,3,5,24,8,10,22,32
150534,11,8,1,5,16,2,8,21,10,7,24,31
150604,11,8,1,1,0,0,1,1,1,1,1,2
150668,11,8,1,6,2,1,16,8,17,7,18,25
150677,11,8,1,10,29,45,23,39,68,55,52,107
150765,11,8,1,0,4,0,0,4,0,0,4,4
150941,11,8,1,3,17,4,19,20,23,7,36,43
150987,11,8,1,218,560,1322,2240,778,3562,1540,2800,4340
151111,11,8,1,106,161,201,457,267,658,307,618,925
151263,11,8,1,5,12,31,130,17,161,36,142,178
151290,11,8,1,72,50,78,56,122,134,150,106,256
151306,11,8,1,25,43,122,269,68,391,147,312,459
151324,11,8,1,35,83,178,280,118,458,213,363,576
151333,11,8,1,12,29,27,41,41,68,39,70,109
151342,11,8,1,21,45,45,95,66,140,66,140,206
151351,11,8,1,234,145,359,355,379,714,593,500,1093
151360,11,8,1,6,53,33,94,59,127,39,147,186
151379,11,8,1,9,19,53,116,28,169,62,135,197
151388,11,8,1,15,38,83,134,53,217,98,172,270
151661,11,8,1,28,5,0,0,33,0,28,5,33
151777,11,8,1,3,4,1,5,7,6,4,9,13
151962,11,8,1,16,22,6,6,38,12,22,28,50
152080,11,8,1,93,53,23,26,146,49,116,79,195
152318,11,8,1,0,0,1,0,0,1,1,0,1
152336,11,8,1,7,31,10,48,38,58,17,79,96
152390,11,8,1,0,2,0,8,2,8,0,10,10
152451,11,8,1,6,0,4,6,6,10,10,6,16
152567,11,8,1,2,10,0,5,12,5,2,15,17
152600,11,8,1,3,15,9,14,18,23,12,29,41
152637,11,8,1,35,51,62,56,86,118,97,107,204
152798,11,8,1,3,12,4,17,15,21,7,29,36
152992,11,8,1,2,5,3,32,7,35,5,37,42
153001,11,8,1,9,61,28,105,70,133,37,166,203
153083,11,8,1,0,2,0,0,2,0,0,2,2
153108,11,8,1,0,0,0,1,0,1,0,1,1
153126,11,8,1,1,7,4,4,8,8,5,11,16
153144,11,8,1,1,1,0,2,2,2,1,3,4
153162,11,8,1,1,3,0,0,4,0,1,3,4
153214,11,8,1,42,78,180,327,120,507,222,405,627
153241,11,8,1,1,1,1,2,2,3,2,3,5
153250,11,8,1,0,1,16,39,1,55,16,40,56
153269,11,8,1,11,13,77,155,24,232,88,168,256
153302,11,8,1,0,0,0,2,0,2,0,2,2
153311,11,8,1,28,41,36,122,69,158,64,163,227
153366,11,8,1,8,31,9,46,39,55,17,77,94
153445,11,8,1,13,24,17,43,37,60,30,67,97
153472,11,8,1,15,26,5,29,41,34,20,55,75
153524,11,8,1,29,30,25,70,59,95,54,100,154
153533,11,8,1,3,9,2,18,12,20,5,27,32
153621,11,8,1,2,5,0,2,7,2,2,7,9
153630,11,8,1,18,23,19,69,41,88,37,92,129
153658,11,8,1,110,120,238,330,230,568,348,450,798
153737,11,8,1,36,68,102,188,104,290,138,256,394
153825,11,8,1,2,3,3,8,5,11,5,11,16
154004,11,8,1,2,12,40,193,14,233,42,205,247
154013,11,8,1,7,32,19,70,39,89,26,102,128
154110,11,8,1,10,18,11,79,28,90,21,97,118
154174,11,8,1,21,16,2,3,37,5,23,19,42
154235,11,8,1,5,12,21,39,17,60,26,51,77
154262,11,8,1,0,1,1,10,1,11,1,11,12
154350,11,8,1,3,8,5,11,11,16,8,19,27
154396,11,8,1,4,12,5,28,16,33,9,40,49
154493,11,8,1,64,168,76,156,232,232,140,324,464
154527,11,8,1,2,2,0,1,4,1,2,3,5
154572,11,8,1,21,25,20,89,46,109,41,114,155
154697,11,8,1,19,28,100,115,47,215,119,143,262
154712,11,8,1,0,0,1,8,0,9,1,8,9
154800,11,8,1,22,40,69,155,62,224,91,195,286
154907,11,8,1,3,12,1,14,15,15,4,26,30
154925,11,8,1,2,7,10,18,9,28,12,25,37
154934,11,8,1,15,12,8,23,27,31,23,35,58
154952,11,8,1,12,21,17,44,33,61,29,65,94
154998,11,8,1,4,4,11,25,8,36,15,29,44
155025,11,8,1,47,73,107,331,120,438,154,404,558
155052,11,8,1,3,8,3,3,11,6,6,11,17
155089,11,8,1,13,29,32,75,42,107,45,104,149
155098,11,8,1,6,6,1,7,12,8,7,13,20
155104,11,8,1,0,8,15,31,8,46,15,39,54
155140,11,8,1,4,5,4,2,9,6,8,7,15
155177,11,8,1,0,4,1,2,4,3,1,6,7
155195,11,8,1,10,27,54,154,37,208,64,181,245
155210,11,8,1,37,56,177,299,93,476,214,355,569
155292,11,8,1,17,24,88,114,41,202,105,138,243
155317,11,8,1,123,170,175,323,293,498,298,493,791
155399,11,8,1,60,98,193,381,158,574,253,479,732
155414,11,8,1,2,2,2,1,4,3,4,3,7
155423,11,8,1,16,7,1,5,23,6,17,12,29
155487,11,8,1,2,5,4,4,7,8,6,9,15
155511,11,8,1,1,1,0,0,2,0,1,1,2
155566,11,8,1,1,7,2,27,8,29,3,34,37
155618,11,8,1,0,1,14,7,1,21,14,8,22
155715,11,8,1,0,2,7,31,2,38,7,33,40
155812,11,8,1,10,11,12,24,21,36,22,35,57
155858,11,8,1,6,5,6,30,11,36,12,35,47
155900,11,8,1,4,7,46,35,11,81,50,42,92
155973,11,8,1,0,0,1,7,0,8,1,7,8
156082,11,8,1,28,71,33,103,99,136,61,174,235
156107,11,8,1,51,26,64,77,77,141,115,103,218
156125,11,8,1,47,136,188,421,183,609,235,557,792
156213,11,8,1,6,10,32,55,16,87,38,65,103
156231,11,8,1,18,43,21,48,61,69,39,91,130
156286,11,8,1,11,12,24,50,23,74,35,62,97
156295,11,8,1,0,0,1,1,0,2,1,1,2
156338,11,8,1,19,25,42,68,44,110,61,93,154
156356,11,8,1,2,12,8,10,14,18,10,22,32
156392,11,8,1,56,68,122,217,124,339,178,285,463
156426,11,8,1,1,4,1,1,5,2,2,5,7
156541,11,8,1,194,506,578,816,700,1394,772,1322,2094
156620,11,8,1,95,149,192,348,244,540,287,497,784
156648,11,8,1,40,49,100,120,89,220,140,169,309
156745,11,8,1,0,0,11,61,0,72,11,61,72
156790,11,8,1,11,30,66,50,41,116,77,80,157
156842,11,8,1,0,2,0,1,2,1,0,3,3
156851,11,8,1,5,10,9,45,15,54,14,55,69
156860,11,8,1,11,18,31,59,29,90,42,77,119
156921,11,8,1,56,51,185,234,107,419,241,285,526
157030,11,8,1,1,0,0,0,1,0,1,0,1
157058,11,8,1,3,10,6,11,13,17,9,21,30
157076,11,8,1,1,6,1,1,7,2,2,7,9
157085,11,8,1,139,335,156,402,474,558,295,737,1032
157216,11,8,1,24,71,17,66,95,83,41,137,178
157289,11,8,1,161,208,226,325,369,551,387,533,920
157304,11,8,1,14,38,151,88,52,239,165,126,291
157331,11,8,1,12,44,26,69,56,95,38,113,151
157386,11,8,1,12,51,58,114,63,172,70,165,235
157401,11,8,1,16,69,124,176,85,300,140,245,385
157438,11,8,1,22,31,64,110,53,174,86,141,227
157447,11,8,1,62,152,259,865,214,1124,321,1017,1338
157483,11,8,1,26,32,162,97,58,259,188,129,317
157535,11,8,1,5,27,2,3,32,5,7,30,37
157553,11,8,1,31,38,28,38,69,66,59,76,135
157614,11,8,1,0,2,0,2,2,2,0,4,4
157650,11,8,1,1,0,0,3,1,3,1,3,4
157669,11,8,1,0,1,0,0,1,0,0,1,1
157711,11,8,1,43,58,61,103,101,164,104,161,265
157739,11,8,1,12,33,36,51,45,87,48,84,132
157757,11,8,1,22,75,12,66,97,78,34,141,175
157951,11,8,1,29,87,157,281,116,438,186,368,554
158662,11,8,1,78,180,205,667,258,872,283,847,1130
158802,11,8,1,0,7,0,5,7,5,0,12,12
158884,11,8,1,9,24,20,77,33,97,29,101,130
159197,11,8,1,23,5,0,0,28,0,23,5,28
159382,11,8,1,31,103,50,154,134,204,81,257,338
159391,11,8,1,116,182,172,261,298,433,288,443,731
159407,11,8,1,4,20,9,80,24,89,13,100,113
159647,11,8,1,27,22,29,47,49,76,56,69,125
159656,11,8,1,13,23,18,81,36,99,31,104,135
159717,11,8,1,11,45,24,106,56,130,35,151,186
159939,11,8,1,39,59,69,131,98,200,108,190,298
159966,11,8,1,15,47,23,82,62,105,38,129,167
159993,11,8,1,31,102,47,267,133,314,78,369,447
160010,11,8,1,8,3,12,27,11,39,20,30,50
160472,11,8,1,1,2,0,1,3,1,1,3,4
160579,11,8,1,28,33,23,58,61,81,51,91,142
160612,11,8,1,17,40,37,151,57,188,54,191,245
160621,11,8,1,34,67,39,102,101,141,73,169,242
160630,11,8,1,15,99,11,46,114,57,26,145,171
160649,11,8,1,12,81,7,73,93,80,19,154,173
160658,11,8,1,43,77,114,260,120,374,157,337,494
160667,11,8,1,28,30,18,26,58,44,46,56,102
160755,11,8,1,49,108,142,287,157,429,191,395,586
160904,11,8,1,9,16,2,6,25,8,11,22,33
161004,11,8,1,0,1,0,0,1,0,0,1,1
161077,11,8,1,11,25,31,95,36,126,42,120,162
161138,11,8,1,14,21,42,58,35,100,56,79,135
161192,11,8,1,9,17,22,76,26,98,31,93,124
161208,11,8,1,2,0,0,0,2,0,2,0,2
161217,11,8,1,34,69,108,277,103,385,142,346,488
161226,11,8,1,1,8,17,66,9,83,18,74,92
161235,11,8,1,4,15,7,60,19,67,11,75,86
161253,11,8,1,33,49,151,280,82,431,184,329,513
161299,11,8,1,1,0,5,1,1,6,6,1,7
161341,11,8,1,20,40,26,80,60,106,46,120,166
161457,11,8,1,37,156,55,141,193,196,92,297,389
161484,11,8,1,8,5,10,29,13,39,18,34,52
161493,11,8,1,0,2,0,0,2,0,0,2,2
161509,11,8,1,2,2,1,2,4,3,3,4,7
161545,11,8,1,20,24,76,163,44,239,96,187,283
161554,11,8,1,33,73,92,296,106,388,125,369,494
161572,11,8,1,45,189,7,32,234,39,52,221,273
161581,11,8,1,3,10,14,45,13,59,17,55,72
161688,11,8,1,2,16,19,130,18,149,21,146,167
161767,11,8,1,32,38,125,376,70,501,157,414,571
161864,11,8,1,12,27,77,237,39,314,89,264,353
161873,11,8,1,39,58,98,183,97,281,137,241,378
162104,11,8,1,2,6,16,60,8,76,18,66,84
162122,11,8,1,11,32,47,151,43,198,58,183,241
162168,11,8,1,0,5,11,52,5,63,11,57,68
162210,11,8,1,7,26,7,18,33,25,14,44,58
162283,11,8,1,11,55,14,89,66,103,25,144,169
162584,11,8,1,11,28,42,122,39,164,53,150,203
162654,11,8,1,0,3,20,109,3,129,20,112,132
162690,11,8,1,10,16,29,103,26,132,39,119,158
162706,11,8,1,6,19,31,122,25,153,37,141,178
162830,11,8,1,0,2,0,0,2,0,0,2,2
163028,11,8,1,16,5,26,3,21,29,42,8,50
163204,11,8,1,479,492,3259,3062,971,6321,3738,3554,7292
163259,11,8,1,37,150,83,330,187,413,120,480,600
163268,11,8,1,44,52,103,132,96,235,147,184,331
163286,11,8,1,200,203,157,190,403,347,357,393,750
163295,11,8,1,1,3,21,43,4,64,22,46,68
163338,11,8,1,9,22,26,52,31,78,35,74,109
163453,11,8,1,138,163,37,73,301,110,175,236,411
163462,11,8,1,12,5,22,53,17,75,34,58,92
163578,11,8,1,10,46,43,208,56,251,53,254,307
163851,11,8,1,20,67,14,45,87,59,34,112,146
163912,11,8,1,1,3,0,0,4,0,1,3,4
163976,11,8,1,4,2,4,2,6,6,8,4,12
164076,11,8,1,30,73,85,309,103,394,115,382,497
164085,11,8,1,1,26,11,166,27,177,12,192,204
164216,11,8,1,0,0,1,0,0,1,1,0,1
164270,11,8,1,17,63,26,119,80,145,43,182,225
164313,11,8,1,2,10,20,101,12,121,22,111,133
164492,11,8,1,14,6,88,14,20,102,102,20,122
164599,11,8,1,0,0,2,5,0,7,2,5,7
164632,11,8,1,2,63,16,245,65,261,18,308,326
164739,11,8,1,3,7,30,34,10,64,33,41,74
164775,11,8,1,3,12,16,65,15,81,19,77,96
164845,11,8,1,1,2,0,2,3,2,1,4,5
164872,11,8,1,13,32,7,11,45,18,20,43,63
164915,11,8,1,2,5,4,17,7,21,6,22,28
164988,11,8,1,109,129,508,497,238,1005,617,626,1243
165015,11,8,1,44,37,16,29,81,45,60,66,126
165024,11,8,1,17,39,53,181,56,234,70,220,290
165033,11,8,1,15,43,50,210,58,260,65,253,318
165112,11,8,1,17,43,128,310,60,438,145,353,498
165167,11,8,1,22,64,75,288,86,363,97,352,449
165194,11,8,1,3,12,34,118,15,152,37,130,167
165264,11,8,1,0,15,11,123,15,134,11,138,149
165334,11,8,1,18,9,10,23,27,33,28,32,60
165556,11,8,1,0,6,1,0,6,1,1,6,7
165662,11,8,1,12,60,6,59,72,65,18,119,137
165671,11,8,1,0,0,1,16,0,17,1,16,17
165820,11,8,1,28,77,205,548,105,753,233,625,858
165866,11,8,1,13,17,60,202,30,262,73,219,292
165936,11,8,1,2,19,21,40,21,61,23,59,82
165945,11,8,1,27,15,174,96,42,270,201,111,312
165981,11,8,1,4,10,19,66,14,85,23,76,99
166018,11,8,1,1,2,0,0,3,0,1,2,3
166027,11,8,1,197,200,976,1044,397,2020,1173,1244,2417
166133,11,8,1,13,22,45,134,35,179,58,156,214
166391,11,8,1,3,5,21,21,8,42,24,26,50
166513,11,8,1,99,73,482,414,172,896,581,487,1068
166629,11,8,1,65,76,448,604,141,1052,513,680,1193
166647,11,8,1,5,12,41,155,17,196,46,167,213
166674,11,8,1,3,4,6,11,7,17,9,15,24
166683,11,8,1,140,58,16,2,198,18,156,60,216
166708,11,8,1,8,11,4,25,19,29,12,36,48
166717,11,8,1,2,21,20,43,23,63,22,64,86
166823,11,8,1,15,25,57,203,40,260,72,228,300
166850,11,8,1,24,59,14,55,83,69,38,114,152
166887,11,8,1,8,23,65,198,31,263,73,221,294
166911,11,8,1,1,0,0,0,1,0,1,0,1
166939,11,8,1,1,7,6,53,8,59,7,60,67
166957,11,8,1,5,21,40,130,26,170,45,151,196
167093,11,8,1,1,6,0,0,7,0,1,6,7
167288,11,8,1,4,12,5,22,16,27,9,34,43
167312,11,8,1,13,31,64,198,44,262,77,229,306
167358,11,8,1,64,62,49,49,126,98,113,111,224
167376,11,8,1,6,21,37,138,27,175,43,159,202
167394,11,8,1,7,29,10,61,36,71,17,90,107
167534,11,8,1,19,63,80,261,82,341,99,324,423
167598,11,8,1,9,62,54,343,71,397,63,405,468
167729,11,8,1,13,63,44,163,76,207,57,226,283
167783,11,8,1,19,127,37,384,146,421,56,511,567
167835,11,8,1,6,24,3,10,30,13,9,34,43
167871,11,8,1,0,8,0,0,8,0,0,8,8
167905,11,8,1,21,14,52,119,35,171,73,133,206
167987,11,8,1,26,48,103,205,74,308,129,253,382
168005,11,8,1,10,17,40,48,27,88,50,65,115
168148,11,8,1,54,59,54,81,113,135,108,140,248
168227,11,8,1,9,1,18,2,10,20,27,3,30
168254,11,8,1,11,21,20,24,32,44,31,45,76
168342,11,8,1,1,0,0,0,1,0,1,0,1
168421,11,8,1,6,3,90,49,9,139,96,52,148
168430,11,8,1,1,16,33,145,17,178,34,161,195
168528,11,8,1,0,0,0,1,0,1,0,1,1
168591,11,8,1,2,2,0,0,4,0,2,2,4
168607,11,8,1,5,8,5,16,13,21,10,24,34
168740,11,8,1,80,25,208,107,105,315,288,132,420
168786,11,8,1,1,7,6,18,8,24,7,25,32
168847,11,8,1,16,67,74,230,83,304,90,297,387
168892,11,8,1,0,5,0,3,5,3,0,8,8
169099,11,8,1,27,9,27,15,36,42,54,24,78
169248,11,8,1,48,91,177,394,139,571,225,485,710
169275,11,8,1,23,25,84,239,48,323,107,264,371
169284,11,8,1,0,2,3,2,2,5,3,4,7
169424,11,8,1,4,6,0,0,10,0,4,6,10
169442,11,8,1,3,2,2,5,5,7,5,7,12
169503,11,8,1,1,7,0,0,8,0,1,7,8
169521,11,8,1,23,35,133,263,58,396,156,298,454
169576,11,8,1,1,10,0,0,11,0,1,10,11
169655,11,8,1,57,4,0,0,61,0,57,4,61
169716,11,8,1,18,22,27,57,40,84,45,79,124
169798,11,8,1,24,75,159,440,99,599,183,515,698
169910,11,8,1,17,33,114,180,50,294,131,213,344
169992,11,8,1,5,10,4,18,15,22,9,28,37
170000,11,8,1,29,50,29,39,79,68,58,89,147
170055,11,8,1,15,20,214,305,35,519,229,325,554
170082,11,8,1,29,58,90,230,87,320,119,288,407
170240,11,8,1,30,56,192,256,86,448,222,312,534
170286,11,8,1,1,0,3,0,1,3,4,0,4
170550,11,8,1,5,25,49,157,30,206,54,182,236
170587,11,8,1,17,32,23,43,49,66,40,75,115
170639,11,8,1,2,3,4,9,5,13,6,12,18
170657,11,8,1,21,46,165,258,67,423,186,304,490
170675,11,8,1,6,5,57,31,11,88,63,36,99
170790,11,8,1,30,70,322,482,100,804,352,552,904
170806,11,8,1,2,28,15,61,30,76,17,89,106
170976,11,8,1,151,163,159,118,314,277,310,281,591
171100,11,8,1,145,172,161,260,317,421,306,432,738
171137,11,8,1,15,18,104,99,33,203,119,117,236
171146,11,8,1,38,87,100,250,125,350,138,337,475
171155,11,8,1,9,24,29,68,33,97,38,92,130
171225,11,8,1,3,6,46,91,9,137,49,97,146
171304,11,8,1,4,9,59,119,13,178,63,128,191
171456,11,8,1,11,25,33,72,36,105,44,97,141
171483,11,8,1,18,14,41,90,32,131,59,104,163
171492,11,8,1,14,21,92,68,35,160,106,89,195
171571,11,8,1,61,137,124,195,198,319,185,332,517
172200,11,8,1,16,30,95,307,46,402,111,337,448
172291,11,8,1,12,31,32,76,43,108,44,107,151
172307,11,8,1,2,15,17,56,17,73,19,71,90
172334,11,8,1,39,277,13,69,316,82,52,346,398
172617,11,8,1,33,50,232,376,83,608,265,426,691
172644,11,8,1,100,169,192,382,269,574,292,551,843
172699,11,8,1,64,87,96,211,151,307,160,298,458
173045,11,8,1,22,54,20,68,76,88,42,122,164
173142,11,8,1,3,4,1,1,7,2,4,5,9
173160,11,8,1,8,41,85,145,49,230,93,186,279
173258,11,8,1,0,0,1,0,0,1,1,0,1
173300,11,8,1,0,0,2,7,0,9,2,7,9
173452,11,8,1,2,0,25,50,2,75,27,50,77
173665,11,8,1,1,11,56,131,12,187,57,142,199
173683,11,8,1,5,11,7,17,16,24,12,28,40
173896,11,8,1,30,62,9,10,92,19,39,72,111
174066,11,8,1,118,163,351,492,281,843,469,655,1124
174075,11,8,1,20,17,42,66,37,108,62,83,145
174127,11,8,1,1,1,6,8,2,14,7,9,16
174233,11,8,1,7,23,18,15,30,33,25,38,63
174251,11,8,1,0,0,0,2,0,2,0,2,2
174491,11,8,1,2,4,12,26,6,38,14,30,44
174507,11,8,1,6,20,8,30,26,38,14,50,64
174747,11,8,1,0,0,0,4,0,4,0,4,4
174792,11,8,1,6,6,12,3,12,15,18,9,27
174899,11,8,1,23,95,47,131,118,178,70,226,296
174914,11,8,1,50,50,120,186,100,306,170,236,406
174978,11,8,1,0,3,0,2,3,2,0,5,5
175005,11,8,1,7,61,20,195,68,215,27,256,283
175014,11,8,1,35,187,36,186,222,222,71,373,444
175120,11,8,1,19,10,0,0,29,0,19,10,29
175227,11,8,1,8,3,16,2,11,18,24,5,29
175421,11,8,1,25,53,169,447,78,616,194,500,694
175430,11,8,1,3,3,3,3,6,6,6,6,12
175573,11,8,1,6,15,6,28,21,34,12,43,55
175616,11,8,1,6,46,24,86,52,110,30,132,162
175652,11,8,1,13,33,15,32,46,47,28,65,93
175786,11,8,1,51,133,46,135,184,181,97,268,365
175810,11,8,1,19,97,19,90,116,109,38,187,225
175829,11,8,1,10,26,13,55,36,68,23,81,104
175856,11,8,1,43,207,76,287,250,363,119,494,613
175883,11,8,1,16,32,10,39,48,49,26,71,97
175935,11,8,1,12,68,16,54,80,70,28,122,150
175980,11,8,1,0,0,3,1,0,4,3,1,4
176008,11,8,1,3,19,14,15,22,29,17,34,51
176017,11,8,1,47,111,101,271,158,372,148,382,530
176035,11,8,1,3,54,7,43,57,50,10,97,107
176044,11,8,1,9,32,18,31,41,49,27,63,90
176053,11,8,1,17,82,28,99,99,127,45,181,226
176080,11,8,1,46,113,225,311,159,536,271,424,695
176178,11,8,1,11,49,11,54,60,65,22,103,125
176239,11,8,1,15,81,13,45,96,58,28,126,154
176318,11,8,1,3,5,0,1,8,1,3,6,9
176372,11,8,1,57,161,201,367,218,568,258,528,786
176433,11,8,1,0,4,0,1,4,1,0,5,5
176451,11,8,1,7,1,21,16,8,37,28,17,45
176479,11,8,1,69,238,60,260,307,320,129,498,627
176600,11,8,1,6,5,5,5,11,10,11,10,21
176628,11,8,1,5,44,6,22,49,28,11,66,77
176947,11,8,1,0,4,0,0,4,0,0,4,4
176965,11,8,1,14,30,120,250,44,370,134,280,414
176983,11,8,1,1,0,0,0,1,0,1,0,1
177038,11,8,1,2,6,1,2,8,3,3,8,11
177126,11,8,1,18,10,57,29,28,86,75,39,114
177135,11,8,1,21,19,18,58,40,76,39,77,116
177144,11,8,1,3,5,0,1,8,1,3,6,9
177214,11,8,1,0,3,8,32,3,40,8,35,43
177250,11,8,1,6,8,22,33,14,55,28,41,69
177302,11,8,1,63,4,0,0,67,0,63,4,67
177418,11,8,1,0,9,12,31,9,43,12,40,52
177472,11,8,1,43,90,103,191,133,294,146,281,427
177676,11,8,1,7,20,22,52,27,74,29,72,101
177685,11,8,1,1,3,0,0,4,0,1,3,4
177940,11,8,1,10,13,9,19,23,28,19,32,51
177977,11,8,1,5,2,7,2,7,9,12,4,16
177986,11,8,1,11,11,18,67,22,85,29,78,107
177995,11,8,1,33,58,144,324,91,468,177,382,559
178059,11,8,1,36,80,210,937,116,1147,246,1017,1263
178217,11,8,1,5,20,14,33,25,47,19,53,72
178341,11,8,1,21,34,30,69,55,99,51,103,154
178369,11,8,1,1,4,2,7,5,9,3,11,14
178387,11,8,1,7,21,8,41,28,49,15,62,77
178396,11,8,1,99,151,186,437,250,623,285,588,873
178402,11,8,1,43,79,119,205,122,324,162,284,446
178411,11,8,1,14,12,69,14,26,83,83,26,109
178420,11,8,1,58,99,163,305,157,468,221,404,625
178448,11,8,1,6,30,21,74,36,95,27,104,131
178615,11,8,1,2,6,19,36,8,55,21,42,63
178624,11,8,1,32,71,133,382,103,515,165,453,618
178679,11,8,1,6,3,13,6,9,19,19,9,28
178721,11,8,1,146,127,416,322,273,738,562,449,1011
178891,11,8,1,17,3,38,4,20,42,55,7,62
178989,11,8,1,0,20,2,15,20,17,2,35,37
179043,11,8,1,8,33,26,79,41,105,34,112,146
179308,11,8,1,38,93,166,591,131,757,204,684,888
179326,11,8,1,8,16,21,79,24,100,29,95,124
179344,11,8,1,7,15,6,21,22,27,13,36,49
179539,11,8,1,8,26,24,44,34,68,32,70,102
179557,11,8,1,18,66,44,127,84,171,62,193,255
179566,11,8,1,66,139,204,365,205,569,270,504,774
179645,11,8,1,19,43,9,49,62,58,28,92,120
179715,11,8,1,3,18,7,32,21,39,10,50,60
179812,11,8,1,6,5,1,2,11,3,7,7,14
179867,11,8,1,105,86,125,207,191,332,230,293,523
179894,11,8,1,82,84,339,472,166,811,421,556,977
179946,11,8,1,0,1,0,1,1,1,0,2,2
180081,11,8,1,4,3,4,1,7,5,8,4,12
180106,11,8,1,8,6,0,1,14,1,8,7,15
180151,11,8,1,0,2,1,12,2,13,1,14,15
180179,11,8,1,39,66,34,121,105,155,73,187,260
180197,11,8,1,12,12,20,52,24,72,32,64,96
180249,11,8,1,5,15,14,32,20,46,19,47,66
180258,11,8,1,12,53,29,85,65,114,41,138,179
180276,11,8,1,5,7,7,24,12,31,12,31,43
180416,11,8,1,8,5,15,10,13,25,23,15,38
180461,11,8,1,32,71,62,174,103,236,94,245,339
180522,11,8,1,5,12,15,21,17,36,20,33,53
180595,11,8,1,10,9,1,2,19,3,11,11,22
180647,11,8,1,14,39,4,18,53,22,18,57,75
180692,11,8,1,0,19,11,68,19,79,11,87,98
180814,11,8,1,586,947,360,539,1533,899,946,1486,2432
180902,11,8,1,14,16,70,187,30,257,84,203,287
180948,11,8,1,11,30,28,92,41,120,39,122,161
181002,11,8,1,36,61,99,152,97,251,135,213,348
181020,11,8,1,27,45,35,118,72,153,62,163,225
181127,11,8,1,0,1,0,0,1,0,0,1,1
181145,11,8,1,0,1,0,0,1,0,0,1,1
181190,11,8,1,0,6,0,0,6,0,0,6,6
181215,11,8,1,12,48,72,248,60,320,84,296,380
181297,11,8,1,16,62,5,28,78,33,21,90,111
181303,11,8,1,57,58,251,301,115,552,308,359,667
181312,11,8,1,4,9,21,49,13,70,25,58,83
181330,11,8,1,2,18,11,41,20,52,13,59,72
181394,11,8,1,81,98,249,262,179,511,330,360,690
181428,11,8,1,27,55,25,101,82,126,52,156,208
181446,11,8,1,4,15,9,31,19,40,13,46,59
181464,11,8,1,56,48,185,207,104,392,241,255,496
181491,11,8,1,4,14,237,63,18,300,241,77,318
181604,11,8,1,1,21,1,23,22,24,2,44,46
181640,11,8,1,27,35,106,161,62,267,133,196,329
181738,11,8,1,0,5,1,14,5,15,1,19,20
181783,11,8,1,8,19,54,135,27,189,62,154,216
181817,11,8,1,3,12,13,35,15,48,16,47,63
182005,11,8,1,105,165,500,729,270,1229,605,894,1499
182281,11,8,1,172,306,252,456,478,708,424,762,1186
182290,11,8,1,50,90,150,295,140,445,200,385,585
182306,11,8,1,17,37,63,125,54,188,80,162,242
182500,11,8,1,30,38,170,221,68,391,200,259,459
182564,11,8,1,12,15,72,99,27,171,84,114,198
182670,11,8,1,18,23,1,4,41,5,19,27,46
182704,11,8,1,0,4,0,0,4,0,0,4,4
182722,11,8,1,4,9,0,7,13,7,4,16,20
182829,11,8,1,16,9,36,22,25,58,52,31,83
182892,11,8,1,0,0,0,1,0,1,0,1,1
182980,11,8,1,41,58,6,13,99,19,47,71,118
183026,11,8,1,1701,3156,6512,13600,4857,20112,8213,16756,24969
183044,11,8,1,39,56,62,96,95,158,101,152,253
183062,11,8,1,2,2,17,15,4,32,19,17,36
183071,11,8,1,2,1,6,4,3,10,8,5,13
183080,11,8,1,4,5,17,66,9,83,21,71,92
183239,11,8,1,0,1,0,0,1,0,0,1,1
183257,11,8,1,18,56,47,141,74,188,65,197,262
183488,11,8,1,3,25,1,18,28,19,4,43,47
183655,11,8,1,9,32,42,133,41,175,51,165,216
183743,11,8,1,24,90,68,208,114,276,92,298,390
183789,11,8,1,15,87,20,93,102,113,35,180,215
183822,11,8,1,2,6,0,5,8,5,2,11,13
183859,11,8,1,9,27,57,180,36,237,66,207,273
183910,11,8,1,2,5,12,45,7,57,14,50,64
183938,11,8,1,23,46,108,326,69,434,131,372,503
184056,11,8,1,6,22,3,14,28,17,9,36,45
184180,11,8,1,8,16,33,91,24,124,41,107,148
184205,11,8,1,3,16,17,98,19,115,20,114,134
184427,11,8,1,3,0,4,0,3,4,7,0,7
184481,11,8,1,24,72,52,209,96,261,76,281,357
184603,11,8,1,20,41,118,300,61,418,138,341,479
184612,11,8,1,6,35,18,68,41,86,24,103,127
184694,11,8,1,5,16,12,22,21,34,17,38,55
184773,11,8,1,2,23,16,93,25,109,18,116,134
184782,11,8,1,30,62,109,365,92,474,139,427,566
184791,11,8,1,5,30,28,91,35,119,33,121,154
184816,11,8,1,0,3,0,3,3,3,0,6,6
184959,11,8,1,8,31,5,35,39,40,13,66,79
184995,11,8,1,30,113,73,208,143,281,103,321,424
185262,11,8,1,29,131,59,266,160,325,88,397,485
185396,11,8,1,13,0,16,0,13,16,29,0,29
185509,11,8,1,8,20,83,168,28,251,91,188,279
185536,11,8,1,9,32,48,170,41,218,57,202,259
185572,11,8,1,8,19,25,75,27,100,33,94,127
185590,11,8,1,25,89,148,342,114,490,173,431,604
185721,11,8,1,3,11,2,7,14,9,5,18,23
185758,11,8,1,3,5,13,10,8,23,16,15,31
185828,11,8,1,30,15,95,38,45,133,125,53,178
185873,11,8,1,13,17,34,143,30,177,47,160,207
186016,11,8,1,0,4,1,14,4,15,1,18,19
186034,11,8,1,7,30,46,186,37,232,53,216,269
186131,11,8,1,25,14,1,2,39,3,26,16,42
186201,11,8,1,7,24,11,50,31,61,18,74,92
186283,11,8,1,6,13,33,76,19,109,39,89,128
186371,11,8,1,34,83,74,166,117,240,108,249,357
186380,11,8,1,101,216,244,661,317,905,345,877,1222
186399,11,8,1,72,84,140,200,156,340,212,284,496
186405,11,8,1,1,0,0,0,1,0,1,0,1
186432,11,8,1,15,32,30,70,47,100,45,102,147
186469,11,8,1,1,20,3,42,21,45,4,62,66
186584,11,8,1,23,37,122,247,60,369,145,284,429
186618,11,8,1,3,13,21,44,16,65,24,57,81
186645,11,8,1,12,13,119,127,25,246,131,140,271
186867,11,8,1,18,5,163,69,23,232,181,74,255
186876,11,8,1,22,68,25,79,90,104,47,147,194
187046,11,8,1,1,4,973,775,5,1748,974,779,1753
187134,11,8,1,1,16,16,64,17,80,17,80,97
187198,11,8,1,10,57,69,348,67,417,79,405,484
187444,11,8,1,32,112,90,421,144,511,122,533,655
187532,11,8,1,95,124,383,872,219,1255,478,996,1474
187620,11,8,1,31,36,56,167,67,223,87,203,290
187639,11,8,1,7,15,12,73,22,85,19,88,107
187648,11,8,1,36,104,120,239,140,359,156,343,499
187897,11,8,1,33,135,42,194,168,236,75,329,404
187958,11,8,1,8,12,23,63,20,86,31,75,106
187967,11,8,1,8,4,23,25,12,48,31,29,60
187976,11,8,1,0,3,26,22,3,48,26,25,51
187985,11,8,1,142,251,270,511,393,781,412,762,1174
187994,11,8,1,4,11,12,40,15,52,16,51,67
188003,11,8,1,1,6,11,36,7,47,12,42,54
188021,11,8,1,0,8,4,41,8,45,4,49,53
188030,11,8,1,89,145,146,287,234,433,235,432,667
188049,11,8,1,0,3,18,45,3,63,18,48,66
188100,11,8,1,31,52,74,204,83,278,105,256,361
188137,11,8,1,8,21,60,172,29,232,68,193,261
188207,11,8,1,2,10,2,10,12,12,4,20,24
188225,11,8,1,6,3,15,43,9,58,21,46,67
188261,11,8,1,7,8,81,9,15,90,88,17,105
188340,11,8,1,13,2,10,2,15,12,23,4,27
188429,11,8,1,10,48,26,139,58,165,36,187,223
188438,11,8,1,4,16,11,45,20,56,15,61,76
188517,11,8,1,2,11,1,7,13,8,3,18,21
188641,11,8,1,6,11,8,27,17,35,14,38,52
188854,11,8,1,1,2,0,0,3,0,1,2,3
189219,11,8,1,4,0,0,0,4,0,4,0,4
189228,11,8,1,30,62,20,50,92,70,50,112,162
189282,11,8,1,7,5,2,5,12,7,9,10,19
189547,11,8,1,17,27,23,71,44,94,40,98,138
189565,11,8,1,3,22,3,13,25,16,6,35,41
189583,11,8,1,6,27,7,18,33,25,13,45,58
189592,11,8,1,3,23,1,5,26,6,4,28,32
189705,11,8,1,5,11,21,28,16,49,26,39,65
189839,11,8,1,3,11,38,42,14,80,41,53,94
190044,11,8,1,14,10,29,50,24,79,43,60,103
190053,11,8,1,1,0,6,14,1,20,7,14,21
190071,11,8,1,1,4,1,16,5,17,2,20,22
190099,11,8,1,0,0,2,1,0,3,2,1,3
190169,11,8,1,12,8,24,39,20,63,36,47,83
190239,11,8,1,0,4,0,1,4,1,0,5,5
190415,11,8,1,142,89,50,56,231,106,192,145,337
190424,11,8,1,18,15,4,5,33,9,22,20,42
190442,11,8,1,4,14,13,28,18,41,17,42,59
190503,11,8,1,23,23,13,3,46,16,36,26,62
190761,11,8,1,3,22,10,44,25,54,13,66,79
190840,11,8,1,16,13,21,77,29,98,37,90,127
191083,11,8,1,52,74,56,97,126,153,108,171,279
191126,11,8,1,10,26,11,44,36,55,21,70,91
191199,11,8,1,23,51,39,86,74,125,62,137,199
191205,11,8,1,2,1,6,4,3,10,8,5,13
191241,11,8,1,60,115,125,309,175,434,185,424,609
191302,11,8,1,2,12,10,34,14,44,12,46,58
191311,11,8,1,2,7,0,0,9,0,2,7,9
191339,11,8,1,9,34,25,64,43,89,34,98,132
191533,11,8,1,1,1,1,2,2,3,2,3,5
191597,11,8,1,2,49,2,25,51,27,4,74,78
191612,11,8,1,12,29,21,26,41,47,33,55,88
191649,11,8,1,31,4,60,122,35,182,91,126,217
191676,11,8,1,0,7,3,8,7,11,3,15,18
191719,11,8,1,35,40,62,144,75,206,97,184,281
191940,11,8,1,3,22,0,0,25,0,3,22,25
191986,11,8,1,10,29,12,42,39,54,22,71,93
192022,11,8,1,24,28,6,24,52,30,30,52,82
192192,11,8,1,3,26,8,40,29,48,11,66,77
192271,11,8,1,1,3,0,7,4,7,1,10,11
192323,11,8,1,8,11,18,56,19,74,26,67,93
192448,11,8,1,35,154,75,322,189,397,110,476,586
192703,11,8,1,23,10,23,14,33,37,46,24,70
192712,11,8,1,4,0,0,0,4,0,4,0,4
192749,11,8,1,16,43,24,67,59,91,40,110,150
192785,11,8,1,5,17,11,63,22,74,16,80,96
192819,11,8,1,2,7,37,40,9,77,39,47,86
193016,11,8,1,43,178,94,256,221,350,137,434,571
193283,11,8,1,27,36,26,66,63,92,53,102,155
193292,11,8,1,7,22,44,270,29,314,51,292,343
193326,11,8,1,38,88,106,212,126,318,144,300,444
193380,11,8,1,0,0,1,12,0,13,1,12,13
193399,11,8,1,16,41,8,43,57,51,24,84,108
193478,11,8,1,22,72,62,242,94,304,84,314,398
193584,11,8,1,0,17,3,21,17,24,3,38,41
193654,11,8,1,42,66,21,45,108,66,63,111,174
193830,11,8,1,8,12,9,18,20,27,17,30,47
193858,11,8,1,0,4,0,0,4,0,0,4,4
193900,11,8,1,174,275,318,408,449,726,492,683,1175
193946,11,8,1,18,33,24,44,51,68,42,77,119
193973,11,8,1,41,84,31,50,125,81,72,134,206
193991,11,8,1,0,2,0,1,2,1,0,3,3
194028,11,8,1,21,22,8,17,43,25,29,39,68
194091,11,8,1,61,50,22,36,111,58,83,86,169
194116,11,8,1,2,11,4,57,13,61,6,68,74
194222,11,8,1,14,30,36,74,44,110,50,104,154
194240,11,8,1,7,18,21,88,25,109,28,106,134
194310,11,8,1,38,56,102,228,94,330,140,284,424
194392,11,8,1,1,0,1,0,1,1,2,0,2
194578,11,8,1,5,26,3,13,31,16,8,39,47
194824,11,8,1,11,11,2,1,22,3,13,12,25
195003,11,8,1,47,33,49,38,80,87,96,71,167
195058,11,8,1,9,31,32,105,40,137,41,136,177
195067,11,8,1,1,6,0,3,7,3,1,9,10
195128,11,8,1,3,35,19,114,38,133,22,149,171
195155,11,8,1,1,0,13,4,1,17,14,4,18
195164,11,8,1,7,12,30,60,19,90,37,72,109
195216,11,8,1,0,0,0,1,0,1,0,1,1
195234,11,8,1,25,52,61,140,77,201,86,192,278
195243,11,8,1,2,2,3,5,4,8,5,7,12
195322,11,8,1,6,23,15,41,29,56,21,64,85
195474,11,8,1,1,3,4,4,4,8,5,7,12
195526,11,8,1,1,0,0,0,1,0,1,0,1
195544,11,8,1,18,25,27,128,43,155,45,153,198
195702,11,8,1,1,1,2,5,2,7,3,6,9
195720,11,8,1,13,54,11,64,67,75,24,118,142
195988,11,8,1,1,6,28,23,7,51,29,29,58
196006,11,8,1,17,22,10,28,39,38,27,50,77
196015,11,8,1,21,67,25,62,88,87,46,129,175
196024,11,8,1,2,22,15,77,24,92,17,99,116
196033,11,8,1,6,3,3,3,9,6,9,6,15
196042,11,8,1,18,21,27,50,39,77,45,71,116
196051,11,8,1,3,8,4,13,11,17,7,21,28
196060,11,8,1,41,68,130,248,109,378,171,316,487
196079,11,8,1,28,49,74,124,77,198,102,173,275
196088,11,8,1,78,126,143,273,204,416,221,399,620
196097,11,8,1,75,84,128,347,159,475,203,431,634
196103,11,8,1,7,7,12,8,14,20,19,15,34
196112,11,8,1,15,27,57,100,42,157,72,127,199
196121,11,8,1,14,54,32,121,68,153,46,175,221
196130,11,8,1,19,35,37,64,54,101,56,99,155
196149,11,8,1,4,7,13,36,11,49,17,43,60
196158,11,8,1,3,6,6,23,9,29,9,29,38
196167,11,8,1,2,1,0,1,3,1,2,2,4
196176,11,8,1,13,23,20,44,36,64,33,67,100
196185,11,8,1,3,8,3,12,11,15,6,20,26
196194,11,8,1,18,30,49,89,48,138,67,119,186
196200,11,8,1,18,23,8,13,41,21,26,36,62
196219,11,8,1,5,4,5,11,9,16,10,15,25
196246,11,8,1,11,45,28,87,56,115,39,132,171
196255,11,8,1,5,58,15,68,63,83,20,126,146
196264,11,8,1,136,404,364,870,540,1234,500,1274,1774
196291,11,8,1,6,0,8,2,6,10,14,2,16
196307,11,8,1,4,26,4,24,30,28,8,50,58
196413,11,8,1,157,150,197,254,307,451,354,404,758
196468,11,8,1,64,156,54,154,220,208,118,310,428
196565,11,8,1,12,23,9,64,35,73,21,87,108
196653,11,8,1,2,19,7,78,21,85,9,97,106
196699,11,8,1,3,10,31,38,13,69,34,48,82
196884,11,8,1,11,10,7,7,21,14,18,17,35
197045,11,8,1,7,27,57,184,34,241,64,211,275
197285,11,8,1,12,63,2,9,75,11,14,72,86
197294,11,8,1,22,45,77,228,67,305,99,273,372
197337,11,8,1,0,6,0,0,6,0,0,6,6
197708,11,8,1,46,87,38,82,133,120,84,169,253
197814,11,8,1,4,9,12,41,13,53,16,50,66
197850,11,8,1,2,19,9,84,21,93,11,103,114
197869,11,8,1,23,43,83,243,66,326,106,286,392
197887,11,8,1,32,45,74,179,77,253,106,224,330
197911,11,8,1,2,6,5,38,8,43,7,44,51
197966,11,8,1,5,29,17,66,34,83,22,95,117
197993,11,8,1,0,1,0,0,1,0,0,1,1
198066,11,8,1,1,2,0,0,3,0,1,2,3
198109,11,8,1,1,23,2,32,24,34,3,55,58
198118,11,8,1,12,21,16,87,33,103,28,108,136
198136,11,8,1,42,52,47,88,94,135,89,140,229
198154,11,8,1,92,54,680,549,146,1229,772,603,1375
198206,11,8,1,12,24,8,46,36,54,20,70,90
198260,11,8,1,47,119,158,364,166,522,205,483,688
198303,11,8,1,1,3,4,11,4,15,5,14,19
198330,11,8,1,29,39,34,56,68,90,63,95,158
198367,11,8,1,13,20,21,68,33,89,34,88,122
198455,11,8,1,15,14,86,177,29,263,101,191,292
198464,11,8,1,102,163,327,774,265,1101,429,937,1366
198507,11,8,1,15,47,12,55,62,67,27,102,129
198516,11,8,1,9,13,10,6,22,16,19,19,38
198534,11,8,1,100,160,152,334,260,486,252,494,746
198543,11,8,1,79,228,128,278,307,406,207,506,713
198552,11,8,1,38,56,103,279,94,382,141,335,476
198570,11,8,1,6,24,40,161,30,201,46,185,231
198598,11,8,1,5,10,7,26,15,33,12,36,48
198622,11,8,1,46,107,117,290,153,407,163,397,560
198668,11,8,1,6,19,11,61,25,72,17,80,97
198710,11,8,1,6,13,26,50,19,76,32,63,95
198756,11,8,1,7,23,1,9,30,10,8,32,40
198808,11,8,1,3,16,2,3,19,5,5,19,24
198817,11,8,1,9,20,27,67,29,94,36,87,123
198835,11,8,1,8,20,15,50,28,65,23,70,93
198862,11,8,1,11,2,0,1,13,1,11,3,14
198899,11,8,1,0,4,5,17,4,22,5,21,26
198905,11,8,1,0,13,1,10,13,11,1,23,24
198950,11,8,1,0,7,5,22,7,27,5,29,34
198969,11,8,1,20,18,15,13,38,28,35,31,66
198987,11,8,1,3,8,17,47,11,64,20,55,75
199087,11,8,1,3,18,24,70,21,94,27,88,115
199102,11,8,1,39,85,114,149,124,263,153,234,387
199111,11,8,1,9,13,13,12,22,25,22,25,47
199120,11,8,1,166,235,173,237,401,410,339,472,811
199139,11,8,1,74,126,217,524,200,741,291,650,941
199148,11,8,1,71,207,186,542,278,728,257,749,1006
199157,11,8,1,53,117,50,165,170,215,103,282,385
199184,11,8,1,2,3,1,0,5,1,3,3,6
199193,11,8,1,116,133,281,331,249,612,397,464,861
199218,11,8,1,61,234,171,597,295,768,232,831,1063
199272,11,8,1,3,9,3,32,12,35,6,41,47
199281,11,8,1,66,196,152,451,262,603,218,647,865
199324,11,8,1,2,1,16,38,3,54,18,39,57
199412,11,8,1,6,26,18,82,32,100,24,108,132
199494,11,8,1,15,38,62,187,53,249,77,225,302
199607,11,8,1,0,1,4,33,1,37,4,34,38
199625,11,8,1,3,12,8,43,15,51,11,55,66
199689,11,8,1,0,6,1,2,6,3,1,8,9
199731,11,8,1,7,22,19,77,29,96,26,99,125
199740,11,8,1,5,15,29,114,20,143,34,129,163
199759,11,8,1,157,26,140,73,183,213,297,99,396
199768,11,8,1,5,19,8,50,24,58,13,69,82
199795,11,8,1,2,7,5,25,9,30,7,32,39
199856,11,8,1,63,140,272,613,203,885,335,753,1088
199865,11,8,1,0,9,0,2,9,2,0,11,11
199883,11,8,1,1,13,0,0,14,0,1,13,14
199908,11,8,1,9,11,12,47,20,59,21,58,79
199926,11,8,1,4,14,5,27,18,32,9,41,50
199971,11,8,1,6,2,0,0,8,0,6,2,8
199999,11,8,1,10,60,12,113,70,125,22,173,195
200004,11,8,1,67,143,208,361,210,569,275,504,779
200013,11,8,1,7,23,4,26,30,30,11,49,60
200022,11,8,1,52,24,91,41,76,132,143,65,208
200059,11,8,1,5,13,9,13,18,22,14,26,40
200086,11,8,1,3,5,0,3,8,3,3,8,11
200192,11,8,1,3,9,19,23,12,42,22,32,54
200217,11,8,1,23,47,53,125,70,178,76,172,248
200280,11,8,1,61,72,278,373,133,651,339,445,784
200305,11,8,1,12,10,19,12,22,31,31,22,53
200314,11,8,1,3,10,21,9,13,30,24,19,43
200332,11,8,1,18,19,71,111,37,182,89,130,219
200527,11,8,1,14,16,2,3,30,5,16,19,35
200554,11,8,1,11,27,3,4,38,7,14,31,45
200572,11,8,1,2,9,25,37,11,62,27,46,73
200590,11,8,1,2,22,0,0,24,0,2,22,24
200697,11,8,1,16,1,64,19,17,83,80,20,100
200800,11,8,1,45,51,91,156,96,247,136,207,343
200846,11,8,1,4,7,5,6,11,11,9,13,22
201061,11,8,1,0,2,0,1,2,1,0,3,3
201177,11,8,1,1,3,0,8,4,8,1,11,12
201195,11,8,1,11,26,7,30,37,37,18,56,74
201283,11,8,1,7,6,2,12,13,14,9,18,27
201432,11,8,1,4,10,8,9,14,17,12,19,31
201441,11,8,1,39,58,186,245,97,431,225,303,528
201469,11,8,1,4,13,1,10,17,11,5,23,28
201548,11,8,1,14,18,13,30,32,43,27,48,75
201645,11,8,1,90,105,35,85,195,120,125,190,315
201654,11,8,1,1,6,17,24,7,41,18,30,48
201821,11,8,1,3,23,1,25,26,26,4,48,52
201885,11,8,1,83,152,299,875,235,1174,382,1027,1409
201946,11,8,1,7,37,55,223,44,278,62,260,322
201955,11,8,1,1,10,25,63,11,88,26,73,99
201964,11,8,1,51,51,32,54,102,86,83,105,188
202046,11,8,1,3,1,0,0,4,0,3,1,4
202170,11,8,1,1,1,0,1,2,1,1,2,3
202222,11,8,1,43,65,315,512,108,827,358,577,935
202356,11,8,1,63,86,235,604,149,839,298,690,988
202453,11,8,1,7,1,0,0,8,0,7,1,8
202480,11,8,1,72,112,52,77,184,129,124,189,313
202523,11,8,1,0,0,0,2,0,2,0,2,2
202648,11,8,1,0,13,33,74,13,107,33,87,120
202763,11,8,1,12,23,32,49,35,81,44,72,116
203067,11,8,1,20,10,9,20,30,29,29,30,59
203085,11,8,1,1,2,1,10,3,11,2,12,14
203128,11,8,1,0,1,1,5,1,6,1,6,7
203155,11,8,1,11,15,13,9,26,22,24,24,48
203289,11,8,1,4,3,0,0,7,0,4,3,7
203368,11,8,1,5,11,6,29,16,35,11,40,51
203447,11,8,1,1,5,24,48,6,72,25,53,78
203456,11,8,1,0,0,8,25,0,33,8,25,33
203465,11,8,1,1,6,9,51,7,60,10,57,67
203474,11,8,1,3,3,14,46,6,60,17,49,66
203483,11,8,1,2,3,14,31,5,45,16,34,50
203492,11,8,1,0,1,9,37,1,46,9,38,47
203517,11,8,1,74,154,154,422,228,576,228,576,804
203526,11,8,1,0,1,17,50,1,67,17,51,68
203544,11,8,1,3,12,4,19,15,23,7,31,38
203580,11,8,1,0,0,6,9,0,15,6,9,15
203599,11,8,1,9,21,66,150,30,216,75,171,246
203678,11,8,1,2,6,12,58,8,70,14,64,78
203720,11,8,1,6,4,0,3,10,3,6,7,13
203748,11,8,1,11,36,105,258,47,363,116,294,410
203757,11,8,1,6,36,3,15,42,18,9,51,60
203775,11,8,1,6,7,17,35,13,52,23,42,65
203845,11,8,1,1,1,2,1,2,3,3,2,5
203881,11,8,1,21,14,90,57,35,147,111,71,182
203960,11,8,1,2,23,18,126,25,144,20,149,169
204006,11,8,1,12,17,18,27,29,45,30,44,74
204015,11,8,1,5,9,5,9,14,14,10,18,28
204024,11,8,1,14,28,52,202,42,254,66,230,296
204194,11,8,1,20,52,16,41,72,57,36,93,129
204200,11,8,1,2,8,6,110,10,116,8,118,126
204255,11,8,1,3,12,9,17,15,26,12,29,41
204422,11,8,1,1,10,26,48,11,74,27,58,85
204468,11,8,1,3,10,14,45,13,59,17,55,72
204477,11,8,1,11,3,2,0,14,2,13,3,16
204617,11,8,1,8,4,20,59,12,79,28,63,91
204635,11,8,1,2,9,0,2,11,2,2,11,13
204662,11,8,1,2,0,1,1,2,2,3,1,4
204671,11,8,1,0,1,0,2,1,2,0,3,3
204680,11,8,1,0,1,3,2,1,5,3,3,6
204699,11,8,1,0,5,1,5,5,6,1,10,11
204705,11,8,1,5,4,8,4,9,12,13,8,21
204796,11,8,1,121,225,305,484,346,789,426,709,1135
204802,11,8,1,1,2,13,9,3,22,14,11,25
204820,11,8,1,7,8,15,25,15,40,22,33,55
204839,11,8,1,3,6,19,27,9,46,22,33,55
204848,11,8,1,3,4,15,21,7,36,18,25,43
204857,11,8,1,66,134,280,831,200,1111,346,965,1311
204866,11,8,1,1,3,12,24,4,36,13,27,40
204909,11,8,1,0,1,0,0,1,0,0,1,1
204936,11,8,1,3,5,12,31,8,43,15,36,51
204945,11,8,1,11,33,194,149,44,343,205,182,387
205090,11,8,1,0,0,2,3,0,5,2,3,5
205443,11,8,1,12,20,27,32,32,59,39,52,91
205470,11,8,1,79,62,535,550,141,1085,614,612,1226
205841,11,8,1,31,34,115,245,65,360,146,279,425
205966,11,8,1,2,14,13,29,16,42,15,43,58
206011,11,8,1,2,7,62,26,9,88,64,33,97
206279,11,8,1,35,58,78,54,93,132,113,112,225
206321,11,8,1,0,4,3,2,4,5,3,6,9
206349,11,8,1,1,18,12,75,19,87,13,93,106
206507,11,8,1,5,4,1,4,9,5,6,8,14
206525,11,8,1,1,0,2,2,1,4,3,2,5
206589,11,8,1,0,0,0,1,0,1,0,1,1
206604,11,8,1,31,44,92,136,75,228,123,180,303
206613,11,8,1,0,2,5,4,2,9,5,6,11
206622,11,8,1,25,30,68,104,55,172,93,134,227
206695,11,8,1,37,83,123,223,120,346,160,306,466
206862,11,8,1,22,43,21,45,65,66,43,88,131
206914,11,8,1,38,63,32,102,101,134,70,165,235
206923,11,8,1,7,24,5,29,31,34,12,53,65
206996,11,8,1,10,17,27,59,27,86,37,76,113
207041,11,8,1,30,70,37,124,100,161,67,194,261
207050,11,8,1,10,19,10,19,29,29,20,38,58
207069,11,8,1,0,3,12,25,3,37,12,28,40
207102,11,8,1,3,2,0,0,5,0,3,2,5
207209,11,8,1,6,10,9,10,16,19,15,20,35
207236,11,8,1,8,13,6,59,21,65,14,72,86
207263,11,8,1,46,136,91,276,182,367,137,412,549
207281,11,8,1,8,18,7,54,26,61,15,72,87
207290,11,8,1,8,26,3,38,34,41,11,64,75
207306,11,8,1,7,18,13,52,25,65,20,70,90
207315,11,8,1,18,37,72,65,55,137,90,102,192
207324,11,8,1,7,34,23,49,41,72,30,83,113
207342,11,8,1,18,58,5,70,76,75,23,128,151
207351,11,8,1,6,23,3,33,29,36,9,56,65
207388,11,8,1,73,100,263,225,173,488,336,325,661
207500,11,8,1,132,266,326,448,398,774,458,714,1172
207564,11,8,1,24,16,38,44,40,82,62,60,122
207582,11,8,1,88,92,58,85,180,143,146,177,323
207661,11,8,1,16,42,20,48,58,68,36,90,126
207670,11,8,1,23,39,81,161,62,242,104,200,304
207740,11,8,1,3,15,10,32,18,42,13,47,60
207847,11,8,1,90,206,188,378,296,566,278,584,862
207865,11,8,1,23,101,30,138,124,168,53,239,292
207935,11,8,1,36,79,170,439,115,609,206,518,724
207962,11,8,1,32,12,0,0,44,0,32,12,44
207971,11,8,1,17,34,29,22,51,51,46,56,102
208035,11,8,1,1,6,11,47,7,58,12,53,65
208275,11,8,1,3,12,23,32,15,55,26,44,70
208318,11,8,1,14,32,54,73,46,127,68,105,173
208390,11,8,1,31,61,102,214,92,316,133,275,408
208406,11,8,1,22,36,121,149,58,270,143,185,328
208415,11,8,1,7,10,28,29,17,57,35,39,74
208646,11,8,1,27,63,74,111,90,185,101,174,275
208822,11,8,1,37,82,91,189,119,280,128,271,399
209038,11,8,1,30,62,113,149,92,262,143,211,354
209074,11,8,1,28,36,57,76,64,133,85,112,197
209250,11,8,1,29,42,203,126,71,329,232,168,400
209490,11,8,1,36,94,40,80,130,120,76,174,250
209506,11,8,1,22,24,94,101,46,195,116,125,241
209542,11,8,1,127,178,451,582,305,1033,578,760,1338
209551,11,8,1,84,111,43,84,195,127,127,195,322
209603,11,8,1,8,12,1,5,20,6,9,17,26
209612,11,8,1,24,58,16,52,82,68,40,110,150
209746,11,8,1,127,166,379,638,293,1017,506,804,1310
209807,11,8,1,176,350,310,480,526,790,486,830,1316
209825,11,8,1,3,8,14,30,11,44,17,38,55
209922,11,8,1,0,0,1,1,0,2,1,1,2
210234,11,8,1,7,8,11,30,15,41,18,38,56
210270,11,8,1,11,23,61,129,34,190,72,152,224
210401,11,8,1,18,18,1,3,36,4,19,21,40
210429,11,8,1,22,68,20,45,90,65,42,113,155
210605,11,8,1,45,54,195,314,99,509,240,368,608
210739,11,8,1,12,36,34,93,48,127,46,129,175
210775,11,8,1,11,34,32,78,45,110,43,112,155
211088,11,8,1,6,6,33,94,12,127,39,100,139
211130,11,8,1,14,8,5,9,22,14,19,17,36
211291,11,8,1,1,0,0,0,1,0,1,0,1
211307,11,8,1,1,12,43,170,13,213,44,182,226
211316,11,8,1,0,6,0,1,6,1,0,7,7
211343,11,8,1,4,12,16,58,16,74,20,70,90
211352,11,8,1,1,8,24,63,9,87,25,71,96
211431,11,8,1,3,34,11,126,37,137,14,160,174
211440,11,8,1,38,17,62,28,55,90,100,45,145
211556,11,8,1,5,25,13,66,30,79,18,91,109
211583,11,8,1,10,23,14,48,33,62,24,71,95
211608,11,8,1,2,4,1,8,6,9,3,12,15
211927,11,8,1,9,26,112,306,35,418,121,332,453
212045,11,8,1,7,1,0,1,8,1,7,2,9
212054,11,8,1,35,53,245,594,88,839,280,647,927
212106,11,8,1,72,121,12,43,193,55,84,164,248
212115,11,8,1,10,22,39,117,32,156,49,139,188
212133,11,8,1,105,128,333,496,233,829,438,624,1062
212197,11,8,1,2,1,21,43,3,64,23,44,67
212230,11,8,1,0,1,0,0,1,0,0,1,1
212267,11,8,1,0,4,0,2,4,2,0,6,6
212276,11,8,1,0,2,0,0,2,0,0,2,2
212300,11,8,1,0,3,0,0,3,0,0,3,3
212328,11,8,1,0,0,0,1,0,1,0,1,1
212337,11,8,1,0,3,1,1,3,2,1,4,5
212355,11,8,1,0,5,0,2,5,2,0,7,7
212382,11,8,1,0,2,0,1,2,1,0,3,3
212391,11,8,1,0,2,0,1,2,1,0,3,3
212601,11,8,1,10,7,18,69,17,87,28,76,104
212674,11,8,1,0,0,68,102,0,170,68,102,170
212753,11,8,1,0,1,0,3,1,3,0,4,4
212771,11,8,1,9,18,9,38,27,47,18,56,74
212805,11,8,1,0,0,3,3,0,6,3,3,6
212869,11,8,1,4,28,5,29,32,34,9,57,66
212878,11,8,1,33,64,129,460,97,589,162,524,686
212984,11,8,1,7,49,25,130,56,155,32,179,211
213011,11,8,1,3,21,58,216,24,274,61,237,298
213020,11,8,1,10,30,141,226,40,367,151,256,407
213181,11,8,1,3,14,1,2,17,3,4,16,20
213251,11,8,1,0,0,2,0,0,2,2,0,2
213321,11,8,1,1,5,6,44,6,50,7,49,56
213349,11,8,1,7,12,37,105,19,142,44,117,161
213367,11,8,1,3,17,46,146,20,192,49,163,212
213376,11,8,1,12,40,6,45,52,51,18,85,103
213385,11,8,1,0,0,1,0,0,1,1,0,1
213446,11,8,1,5,10,4,2,15,6,9,12,21
213507,11,8,1,2,3,15,18,5,33,17,21,38
213525,11,8,1,11,22,53,217,33,270,64,239,303
213570,11,8,1,3,33,0,0,36,0,3,33,36
213589,11,8,1,14,0,0,1,14,1,14,1,15
213598,11,8,1,4,17,7,19,21,26,11,36,47
213659,11,8,1,12,18,42,118,30,160,54,136,190
213668,11,8,1,1,0,0,0,1,0,1,0,1
213774,11,8,1,0,5,0,10,5,10,0,15,15
213987,11,8,1,9,8,10,30,17,40,19,38,57
213996,11,8,1,3,26,16,54,29,70,19,80,99
214041,11,8,1,11,25,46,180,36,226,57,205,262
214111,11,8,1,9,29,89,298,38,387,98,327,425
214148,11,8,1,0,2,0,0,2,0,0,2,2
214157,11,8,1,6,13,22,59,19,81,28,72,100
214175,11,8,1,1,7,2,8,8,10,3,15,18
214272,11,8,1,4,8,37,80,12,117,41,88,129
214379,11,8,1,26,52,76,341,78,417,102,393,495
214564,11,8,1,10,11,2,18,21,20,12,29,41
214591,11,8,1,1,5,10,5,6,15,11,10,21
214607,11,8,1,5,1,18,8,6,26,23,9,32
214625,11,8,1,1,0,2,3,1,5,3,3,6
214634,11,8,1,1,1,0,7,2,7,1,8,9
214643,11,8,1,1,0,2,2,1,4,3,2,5
214652,11,8,1,2,8,1,0,10,1,3,8,11
214670,11,8,1,2,3,1,4,5,5,3,7,10
214689,11,8,1,3,2,2,1,5,3,5,3,8
214698,11,8,1,1,0,0,2,1,2,1,2,3
214704,11,8,1,1,1,8,5,2,13,9,6,15
214713,11,8,1,13,11,27,34,24,61,40,45,85
214731,11,8,1,0,1,2,2,1,4,2,3,5
214740,11,8,1,0,1,0,1,1,1,0,2,2
214759,11,8,1,0,2,2,0,2,2,2,2,4
214768,11,8,1,0,1,0,1,1,1,0,2,2
214777,11,8,1,75,66,133,87,141,220,208,153,361
214786,11,8,1,0,0,2,0,0,2,2,0,2
214795,11,8,1,0,0,5,6,0,11,5,6,11
214801,11,8,1,0,4,1,9,4,10,1,13,14
214810,11,8,1,0,3,2,5,3,7,2,8,10
214829,11,8,1,3,0,7,4,3,11,10,4,14
214883,11,8,1,4,23,37,124,27,161,41,147,188
215062,11,8,1,221,189,162,258,410,420,383,447,830
215105,11,8,1,1,4,7,14,5,21,8,18,26
215123,11,8,1,24,29,3,7,53,10,27,36,63
215239,11,8,1,23,49,128,428,72,556,151,477,628
215266,11,8,1,0,2,0,5,2,5,0,7,7
215275,11,8,1,4,5,2,1,9,3,6,6,12
215284,11,8,1,3,4,0,2,7,2,3,6,9
215293,11,8,1,94,125,103,238,219,341,197,363,560
215309,11,8,1,1,0,0,1,1,1,1,1,2
215381,11,8,1,16,0,0,0,16,0,16,0,16
215424,11,8,1,26,18,5,5,44,10,31,23,54
215442,11,8,1,10,22,74,152,32,226,84,174,258
215479,11,8,1,0,3,0,0,3,0,0,3,3
215585,11,8,1,7,11,49,146,18,195,56,157,213
215655,11,8,1,11,13,48,81,24,129,59,94,153
215743,11,8,1,3,8,19,58,11,77,22,66,88
215798,11,8,1,1,4,2,4,5,6,3,8,11
215929,11,8,1,14,13,50,53,27,103,64,66,130
216010,11,8,1,4,5,35,81,9,116,39,86,125
216038,11,8,1,14,16,40,158,30,198,54,174,228
216339,11,8,1,155,177,176,307,332,483,331,484,815
216357,11,8,1,0,1,1,1,1,2,1,2,3
216366,11,8,1,20,66,79,239,86,318,99,305,404
216542,11,8,1,2,0,7,16,2,23,9,16,25
216579,11,8,1,0,3,0,0,3,0,0,3,3
216597,11,8,1,38,57,122,164,95,286,160,221,381
216667,11,8,1,0,0,0,1,0,1,0,1,1
216694,11,8,1,1,8,9,38,9,47,10,46,56
216746,11,8,1,1,0,0,0,1,0,1,0,1
216764,11,8,1,31,53,93,277,84,370,124,330,454
216825,11,8,1,8,30,29,90,38,119,37,120,157
216852,11,8,1,26,75,48,206,101,254,74,281,355
216931,11,8,1,15,49,141,617,64,758,156,666,822
217013,11,8,1,4,13,38,115,17,153,42,128,170
217059,11,8,1,6,7,6,46,13,52,12,53,65
217156,11,8,1,41,38,14,14,79,28,55,52,107
217165,11,8,1,3,0,9,17,3,26,12,17,29
217235,11,8,1,12,12,10,15,24,25,22,27,49
217305,11,8,1,20,43,6,11,63,17,26,54,80
217323,11,8,1,39,0,0,0,39,0,39,0,39
217402,11,8,1,3,2,21,65,5,86,24,67,91
217420,11,8,1,21,54,44,190,75,234,65,244,309
217493,11,8,1,3,10,0,0,13,0,3,10,13
217518,11,8,1,1,5,57,40,6,97,58,45,103
217536,11,8,1,5,14,42,91,19,133,47,105,152
217581,11,8,1,0,0,0,5,0,5,0,5,5
217633,11,8,1,64,105,25,33,169,58,89,138,227
217688,11,8,1,16,21,34,64,37,98,50,85,135
217712,11,8,1,6,21,13,93,27,106,19,114,133
217721,11,8,1,3,1,1,0,4,1,4,1,5
217749,11,8,1,6,7,42,52,13,94,48,59,107
217819,11,8,1,11,16,22,132,27,154,33,148,181
217864,11,8,1,8,6,107,84,14,191,115,90,205
217873,11,8,1,22,40,13,15,62,28,35,55,90
217882,11,8,1,35,39,175,385,74,560,210,424,634
217891,11,8,1,2,7,0,0,9,0,2,7,9
217907,11,8,1,3,19,3,17,22,20,6,36,42
217925,11,8,1,7,18,184,221,25,405,191,239,430
217934,11,8,1,9,51,20,91,60,111,29,142,171
217961,11,8,1,1,21,14,55,22,69,15,76,91
217989,11,8,1,0,12,8,8,12,16,8,20,28
218025,11,8,1,8,23,25,106,31,131,33,129,162
218061,11,8,1,5,17,19,77,22,96,24,94,118
218113,11,8,1,39,88,117,296,127,413,156,384,540
218140,11,8,1,31,94,57,269,125,326,88,363,451
218229,11,8,1,7,14,26,85,21,111,33,99,132
218335,11,8,1,22,55,12,32,77,44,34,87,121
218353,11,8,1,32,69,74,343,101,417,106,412,518
218399,11,8,1,9,8,1,0,17,1,10,8,18
218414,11,8,1,0,9,1,5,9,6,1,14,15
218441,11,8,1,11,30,10,13,41,23,21,43,64
218487,11,8,1,1,20,7,97,21,104,8,117,125
218520,11,8,1,21,84,61,270,105,331,82,354,436
218539,11,8,1,1,0,0,0,1,0,1,0,1
218645,11,8,1,16,51,45,146,67,191,61,197,258
218654,11,8,1,5,15,7,30,20,37,12,45,57
218663,11,8,1,95,159,171,465,254,636,266,624,890
218672,11,8,1,0,4,3,8,4,11,3,12,15
218681,11,8,1,2,3,5,10,5,15,7,13,20
218690,11,8,1,0,2,5,3,2,8,5,5,10
218706,11,8,1,1,1,3,8,2,11,4,9,13
218724,11,8,1,5,15,19,60,20,79,24,75,99
218733,11,8,1,10,21,8,36,31,44,18,57,75
218742,11,8,1,12,36,36,103,48,139,48,139,187
218751,11,8,1,7,3,0,0,10,0,7,3,10
218821,11,8,1,2,5,2,1,7,3,4,6,10
218830,11,8,1,34,77,70,193,111,263,104,270,374
218885,11,8,1,6,13,16,83,19,99,22,96,118
218919,11,8,1,4,11,0,2,15,2,4,13,17
218991,11,8,1,20,52,34,123,72,157,54,175,229
219037,11,8,1,0,1,0,0,1,0,0,1,1
219082,11,8,1,10,4,137,63,14,200,147,67,214
219125,11,8,1,0,0,0,1,0,1,0,1,1
219189,11,8,1,6,11,12,7,17,19,18,18,36
219198,11,8,1,5,12,16,10,17,26,21,22,43
219204,11,8,1,25,21,101,119,46,220,126,140,266
219259,11,8,1,2,6,20,113,8,133,22,119,141
219277,11,8,1,19,31,17,93,50,110,36,124,160
219347,11,8,1,7,3,22,7,10,29,29,10,39
219426,11,8,1,18,14,13,52,32,65,31,66,97
219471,11,8,1,23,44,118,220,67,338,141,264,405
219480,11,8,1,17,26,6,24,43,30,23,50,73
219602,11,8,1,66,100,94,182,166,276,160,282,442
219639,11,8,1,0,7,7,30,7,37,7,37,44
219806,11,8,1,6,7,38,185,13,223,44,192,236
219824,11,8,1,23,59,68,131,82,199,91,190,281
219833,11,8,1,5,16,13,27,21,40,18,43,61
219879,11,8,1,14,24,29,43,38,72,43,67,110
219888,11,8,1,11,26,22,98,37,120,33,124,157
219921,11,8,1,2,8,3,6,10,9,5,14,19
219994,11,8,1,23,21,4,0,44,4,27,21,48
220057,11,8,1,22,29,25,111,51,136,47,140,187
220075,11,8,1,43,132,94,273,175,367,137,405,542
220127,11,8,1,11,11,1,0,22,1,12,11,23
220163,11,8,1,0,1,0,1,1,1,0,2,2
220215,11,8,1,6,14,28,82,20,110,34,96,130
220251,11,8,1,1,2,2,2,3,4,3,4,7
220279,11,8,1,1,3,3,1,4,4,4,4,8
220321,11,8,1,4,7,1,5,11,6,5,12,17
220394,11,8,1,1,4,0,0,5,0,1,4,5
220400,11,8,1,6,17,31,100,23,131,37,117,154
220473,11,8,1,12,9,27,19,21,46,39,28,67
220516,11,8,1,13,67,6,14,80,20,19,81,100
220598,11,8,1,7,2,2,0,9,2,9,2,11
220604,11,8,1,4,19,5,4,23,9,9,23,32
220701,11,8,1,2,3,1,3,5,4,3,6,9
220710,11,8,1,2,2,1,0,4,1,3,2,5
220792,11,8,1,8,10,0,0,18,0,8,10,18
220862,11,8,1,77,147,269,587,224,856,346,734,1080
220978,11,8,1,71,80,207,381,151,588,278,461,739
221050,11,8,1,13,6,7,3,19,10,20,9,29
221096,11,8,1,21,26,45,132,47,177,66,158,224
221148,11,8,1,19,2,0,0,21,0,19,2,21
221184,11,8,1,19,45,91,264,64,355,110,309,419
221333,11,8,1,1,5,6,2,6,8,7,7,14
221397,11,8,1,19,22,34,104,41,138,53,126,179
221430,11,8,1,9,14,1,6,23,7,10,20,30
221485,11,8,1,13,58,51,241,71,292,64,299,363
221494,11,8,1,11,8,3,1,19,4,14,9,23
221519,11,8,1,12,10,2,5,22,7,14,15,29
221582,11,8,1,3,2,0,0,5,0,3,2,5
221607,11,8,1,2,4,2,0,6,2,4,4,8
221625,11,8,1,20,24,1,0,44,1,21,24,45
221643,11,8,1,22,29,90,151,51,241,112,180,292
221740,11,8,1,22,38,64,120,60,184,86,158,244
221759,11,8,1,115,137,145,247,252,392,260,384,644
221768,11,8,1,14,46,47,97,60,144,61,143,204
221838,11,8,1,30,61,96,177,91,273,126,238,364
221847,11,8,1,11,36,72,119,47,191,83,155,238
221908,11,8,1,24,45,101,80,69,181,125,125,250
221999,11,8,1,89,119,83,158,208,241,172,277,449
222053,11,8,1,19,51,92,184,70,276,111,235,346
222062,11,8,1,17,31,40,95,48,135,57,126,183
222178,11,8,1,7,23,116,279,30,395,123,302,425
222576,11,8,1,49,76,68,202,125,270,117,278,395
222822,11,8,1,12,33,8,54,45,62,20,87,107
222831,11,8,1,34,118,45,115,152,160,79,233,312
222877,11,8,1,2,1,0,0,3,0,2,1,3
222992,11,8,1,106,119,479,938,225,1417,585,1057,1642
223223,11,8,1,3,10,0,0,13,0,3,10,13
223232,11,8,1,119,208,99,260,327,359,218,468,686
223320,11,8,1,7,27,11,70,34,81,18,97,115
223506,11,8,1,3,7,70,103,10,173,73,110,183
223816,11,8,1,32,44,193,312,76,505,225,356,581
223922,11,8,1,7,7,32,4,14,36,39,11,50
224147,11,8,1,26,42,207,405,68,612,233,447,680
224156,11,8,1,0,9,0,0,9,0,0,9,9
224323,11,8,1,13,13,58,45,26,103,71,58,129
224527,11,8,1,2,4,9,29,6,38,11,33,44
224554,11,8,1,169,270,223,559,439,782,392,829,1221
224615,11,8,1,96,196,482,1282,292,1764,578,1478,2056
224642,11,8,1,38,73,127,314,111,441,165,387,552
224891,11,8,1,4,4,3,12,8,15,7,16,23
224961,11,8,1,5,19,16,97,24,113,21,116,137
225247,11,8,1,9,12,5,22,21,27,14,34,48
225399,11,8,1,10,39,83,287,49,370,93,326,419
225414,11,8,1,48,108,122,311,156,433,170,419,589
225432,11,8,1,55,119,273,623,174,896,328,742,1070
225511,11,8,1,146,207,259,327,353,586,405,534,939
225548,11,8,1,6,1,7,10,7,17,13,11,24
225885,11,8,1,5,8,2,15,13,17,7,23,30
226116,11,8,1,10,28,17,80,38,97,27,108,135
226134,11,8,1,2,11,47,95,13,142,49,106,155
226204,11,8,1,54,11,277,127,65,404,331,138,469
226277,11,8,1,41,3,0,0,44,0,41,3,44
226383,11,8,1,6,10,7,60,16,67,13,70,83
226408,11,8,1,10,11,42,136,21,178,52,147,199
226471,11,8,1,13,20,11,39,33,50,24,59,83
226578,11,8,1,23,66,48,186,89,234,71,252,323
226587,11,8,1,10,13,4,10,23,14,14,23,37
226675,11,8,1,2,10,0,0,12,0,2,10,12
227146,11,8,1,6,27,15,91,33,106,21,118,139
227182,11,8,1,160,321,500,1364,481,1864,660,1685,2345
227216,11,8,1,128,169,326,613,297,939,454,782,1236
227331,11,8,1,51,196,11,50,247,61,62,246,308
227368,11,8,1,112,176,227,546,288,773,339,722,1061
227377,11,8,1,9,24,25,54,33,79,34,78,112
227386,11,8,1,1,21,3,45,22,48,4,66,70
227401,11,8,1,18,23,17,74,41,91,35,97,132
227526,11,8,1,16,50,32,82,66,114,48,132,180
227757,11,8,1,117,69,39,33,186,72,156,102,258
227845,11,8,1,9,20,24,72,29,96,33,92,125
227863,11,8,1,34,71,87,113,105,200,121,184,305
227881,11,8,1,40,118,196,487,158,683,236,605,841
227979,11,8,1,47,95,233,523,142,756,280,618,898
228042,11,8,1,7,15,3,11,22,14,10,26,36
228149,11,8,1,24,28,31,48,52,79,55,76,131
228158,11,8,1,30,73,47,133,103,180,77,206,283
228194,11,8,1,8,13,12,18,21,30,20,31,51
228246,11,8,1,58,75,162,175,133,337,220,250,470
228282,11,8,1,0,1,0,0,1,0,0,1,1
228343,11,8,1,0,1,0,0,1,0,0,1,1
228431,11,8,1,21,122,69,191,143,260,90,313,403
228459,11,8,1,77,151,162,293,228,455,239,444,683
228501,11,8,1,8,14,26,102,22,128,34,116,150
228529,11,8,1,41,130,223,378,171,601,264,508,772
228547,11,8,1,60,88,419,946,148,1365,479,1034,1513
228635,11,8,1,0,4,16,15,4,31,16,19,35
228644,11,8,1,31,47,21,43,78,64,52,90,142
228653,11,8,1,18,33,41,172,51,213,59,205,264
228699,11,8,1,14,24,34,77,38,111,48,101,149
228705,11,8,1,20,38,49,86,58,135,69,124,193
228723,11,8,1,209,177,313,360,386,673,522,537,1059
228769,11,8,1,209,364,591,2465,573,3056,800,2829,3629
228778,11,8,1,155,190,57,65,345,122,212,255,467
228787,11,8,1,114,110,221,208,224,429,335,318,653
228796,11,8,1,79,133,237,398,212,635,316,531,847
228802,11,8,1,37,115,147,433,152,580,184,548,732
228875,11,8,1,76,91,11,27,167,38,87,118,205
228909,11,8,1,16,23,11,21,39,32,27,44,71
229018,11,8,1,62,143,103,227,205,330,165,370,535
229027,11,8,1,174,151,311,382,325,693,485,533,1018
229063,11,8,1,48,78,33,91,126,124,81,169,250
229115,11,8,1,148,188,237,493,336,730,385,681,1066
229179,11,8,1,24,226,74,808,250,882,98,1034,1132
229267,11,8,1,1,7,2,6,8,8,3,13,16
229337,11,8,1,37,103,63,248,140,311,100,351,451
229355,11,8,1,17,67,54,177,84,231,71,244,315
229504,11,8,1,13,9,15,54,22,69,28,63,91
229780,11,8,1,93,161,154,170,254,324,247,331,578
229799,11,8,1,15,35,46,111,50,157,61,146,207
229814,11,8,1,33,109,221,309,142,530,254,418,672
229841,11,8,1,5,12,22,73,17,95,27,85,112
229887,11,8,1,18,15,1,8,33,9,19,23,42
230038,11,8,1,59,89,61,136,148,197,120,225,345
230047,11,8,1,4,7,1,6,11,7,5,13,18
230162,11,8,1,22,30,76,53,52,129,98,83,181
230171,11,8,1,14,55,28,99,69,127,42,154,196
230214,11,8,1,0,10,1,7,10,8,1,17,18
230597,11,8,1,12,8,10,24,20,34,22,32,54
230603,11,8,1,40,102,242,645,142,887,282,747,1029
230676,11,8,1,14,3,24,6,17,30,38,9,47
230728,11,8,1,68,181,178,443,249,621,246,624,870
230746,11,8,1,60,93,299,481,153,780,359,574,933
230764,11,8,1,178,334,205,325,512,530,383,659,1042
230782,11,8,1,75,240,237,515,315,752,312,755,1067
230807,11,8,1,5,29,5,14,34,19,10,43,53
230816,11,8,1,5,19,6,0,24,6,11,19,30
230834,11,8,1,5,9,43,146,14,189,48,155,203
230852,11,8,1,40,56,175,142,96,317,215,198,413
230861,11,8,1,5,14,82,361,19,443,87,375,462
230913,11,8,1,5,19,35,114,24,149,40,133,173
230959,11,8,1,0,0,4,21,0,25,4,21,25
231059,11,8,1,1,3,14,34,4,48,15,37,52
231095,11,8,1,0,1,0,1,1,1,0,2,2
231165,11,8,1,6,29,40,51,35,91,46,80,126
231174,11,8,1,19,37,48,102,56,150,67,139,206
231280,11,8,1,0,0,0,2,0,2,0,2,2
231411,11,8,1,38,7,0,0,45,0,38,7,45
231420,11,8,1,9,24,12,57,33,69,21,81,102
231536,11,8,1,10,14,38,64,24,102,48,78,126
231581,11,8,1,0,1,1,0,1,1,1,1,2
231624,11,8,1,39,44,88,178,83,266,127,222,349
231697,11,8,1,6,9,27,75,15,102,33,84,117
231712,11,8,1,1,1,1,0,2,1,2,1,3
231785,11,8,1,7,57,11,71,64,82,18,128,146
231873,11,8,1,0,5,4,9,5,13,4,14,18
231882,11,8,1,13,19,20,39,32,59,33,58,91
232025,11,8,1,0,2,1,1,2,2,1,3,4
232043,11,8,1,4,12,20,82,16,102,24,94,118
232052,11,8,1,1,3,3,15,4,18,4,18,22
232089,11,8,1,0,1,1,2,1,3,1,3,4
232186,11,8,1,189,276,463,879,465,1342,652,1155,1807
232195,11,8,1,8,47,52,212,55,264,60,259,319
232308,11,8,1,1,3,5,11,4,16,6,14,20
232414,11,8,1,12,58,81,281,70,362,93,339,432
232450,11,8,1,12,28,70,171,40,241,82,199,281
232557,11,8,1,2939,4526,3848,5657,7465,9505,6787,10183,16970
232566,11,8,1,9,32,61,177,41,238,70,209,279
232575,11,8,1,8,19,27,125,27,152,35,144,179
232609,11,8,1,30,49,19,37,79,56,49,86,135
232706,11,8,1,27,35,74,154,62,228,101,189,290
232788,11,8,1,9,17,25,46,26,71,34,63,97
232867,11,8,1,10,13,36,42,23,78,46,55,101
232946,11,8,1,80,149,472,894,229,1366,552,1043,1595
232982,11,8,1,107,192,376,680,299,1056,483,872,1355
233019,11,8,1,4,10,6,35,14,41,10,45,55
233037,11,8,1,2,5,5,38,7,43,7,43,50
233116,11,8,1,17,9,61,110,26,171,78,119,197
233277,11,8,1,13,42,40,256,55,296,53,298,351
233286,11,8,1,0,2,0,0,2,0,0,2,2
233295,11,8,1,0,1,0,0,1,0,0,1,1
233310,11,8,1,7,7,19,54,14,73,26,61,87
233338,11,8,1,0,1,0,0,1,0,0,1,1
233374,11,8,1,3,9,18,48,12,66,21,57,78
233426,11,8,1,0,1,4,2,1,6,4,3,7
233541,11,8,1,5,38,61,181,43,242,66,219,285
233611,11,8,1,1,0,0,2,1,2,1,2,3
233639,11,8,1,7,25,55,92,32,147,62,117,179
233648,11,8,1,9,45,15,43,54,58,24,88,112
233754,11,8,1,19,33,64,156,52,220,83,189,272
233772,11,8,1,77,124,225,436,201,661,302,560,862
233903,11,8,1,10,19,15,63,29,78,25,82,107
233921,11,8,1,80,95,211,171,175,382,291,266,557
233949,11,8,1,10,30,58,123,40,181,68,153,221
234030,11,8,1,86,178,167,376,264,543,253,554,807
234076,11,8,1,195,96,230,361,291,591,425,457,882
234119,11,8,1,4,5,2,2,9,4,6,7,13
234155,11,8,1,11,31,9,32,42,41,20,63,83
234207,11,8,1,1,0,0,0,1,0,1,0,1
234377,11,8,1,6,12,18,55,18,73,24,67,91
234669,11,8,1,35,115,76,259,150,335,111,374,485
234696,11,8,1,40,37,18,33,77,51,58,70,128
234711,11,8,1,13,12,23,33,25,56,36,45,81
234827,11,8,1,54,85,52,102,139,154,106,187,293
234845,11,8,1,30,50,37,49,80,86,67,99,166
234924,11,8,1,0,7,0,0,7,0,0,7,7
234933,11,8,1,47,74,63,176,121,239,110,250,360
234951,11,8,1,63,94,40,119,157,159,103,213,316
234979,11,8,1,43,76,71,76,119,147,114,152,266
235024,11,8,1,1,3,0,0,4,0,1,3,4
235097,11,8,1,141,339,103,197,480,300,244,536,780
235103,11,8,1,45,74,117,256,119,373,162,330,492
235149,11,8,1,44,67,72,156,111,228,116,223,339
235237,11,8,1,47,104,225,376,151,601,272,480,752
235307,11,8,1,1,5,0,0,6,0,1,5,6
235316,11,8,1,70,189,50,115,259,165,120,304,424
235334,11,8,1,30,38,27,22,68,49,57,60,117
235343,11,8,1,44,57,49,97,101,146,93,154,247
235431,11,8,1,16,59,34,155,75,189,50,214,264
235547,11,8,1,7,55,4,10,62,14,11,65,76
235671,11,8,1,87,74,153,173,161,326,240,247,487
235699,11,8,1,30,73,59,189,103,248,89,262,351
235750,11,8,1,15,58,31,133,73,164,46,191,237
236072,11,8,1,42,36,154,468,78,622,196,504,700
236188,11,8,1,63,88,68,124,151,192,131,212,343
236258,11,8,1,15,47,22,66,62,88,37,113,150
236328,11,8,1,3,11,0,7,14,7,3,18,21
236382,11,8,1,33,56,198,80,89,278,231,136,367
236452,11,8,1,24,23,20,43,47,63,44,66,110
236504,11,8,1,35,13,255,96,48,351,290,109,399
236513,11,8,1,45,81,44,70,126,114,89,151,240
236577,11,8,1,13,36,25,59,49,84,38,95,133
236595,11,8,1,36,84,74,115,120,189,110,199,309
236610,11,8,1,29,49,63,206,78,269,92,255,347
236638,11,8,1,23,59,83,110,82,193,106,169,275
236656,11,8,1,44,52,37,120,96,157,81,172,253
236692,11,8,1,90,143,112,191,233,303,202,334,536
236708,11,8,1,27,63,26,66,90,92,53,129,182
236753,11,8,1,50,139,27,164,189,191,77,303,380
236887,11,8,1,66,42,112,75,108,187,178,117,295
236896,11,8,1,6,25,3,4,31,7,9,29,38
236939,11,8,1,151,235,211,317,386,528,362,552,914
236975,11,8,1,21,44,12,35,65,47,33,79,112
237011,11,8,1,35,66,31,32,101,63,66,98,164
237039,11,8,1,9,21,44,86,30,130,53,107,160
237057,11,8,1,0,0,2,0,0,2,2,0,2
237066,11,8,1,8,13,15,32,21,47,23,45,68
237109,11,8,1,14,40,12,53,54,65,26,93,119
237118,11,8,1,4,9,1,4,13,5,5,13,18
237181,11,8,1,0,0,0,3,0,3,0,3,3
237303,11,8,1,2,0,0,0,2,0,2,0,2
237312,11,8,1,116,58,172,62,174,234,288,120,408
237321,11,8,1,1,5,0,0,6,0,1,5,6
237330,11,8,1,6,40,12,37,46,49,18,77,95
237358,11,8,1,1,7,0,1,8,1,1,8,9
237367,11,8,1,12,21,18,85,33,103,30,106,136
237385,11,8,1,4,5,65,10,9,75,69,15,84
237525,11,8,1,46,103,86,232,149,318,132,335,467
237686,11,8,1,9,36,30,52,45,82,39,88,127
237701,11,8,1,3,4,4,6,7,10,7,10,17
237792,11,8,1,13,55,40,83,68,123,53,138,191
237817,11,8,1,9,20,11,27,29,38,20,47,67
237899,11,8,1,8,29,14,17,37,31,22,46,68
237950,11,8,1,2,5,4,4,7,8,6,9,15
237969,11,8,1,0,6,0,1,6,1,0,7,7
238014,11,8,1,9,24,10,19,33,29,19,43,62
238032,11,8,1,74,88,129,199,162,328,203,287,490
238175,11,8,1,0,2,0,0,2,0,0,2,2
238193,11,8,1,16,86,10,76,102,86,26,162,188
238263,11,8,1,52,68,151,387,120,538,203,455,658
238397,11,8,1,12,24,52,117,36,169,64,141,205
238430,11,8,1,6,17,37,143,23,180,43,160,203
238458,11,8,1,7,11,7,14,18,21,14,25,39
238722,11,8,1,30,33,303,232,63,535,333,265,598
238759,11,8,1,20,26,123,227,46,350,143,253,396
239008,11,8,1,5,9,109,92,14,201,114,101,215
239071,11,8,1,3,2,28,34,5,62,31,36,67
239105,11,8,1,33,31,56,104,64,160,89,135,224
239169,11,8,1,7,11,5,15,18,20,12,26,38
239248,11,8,1,45,68,289,566,113,855,334,634,968
239309,11,8,1,2,0,0,1,2,1,2,1,3
239318,11,8,1,8,6,13,9,14,22,21,15,36
239372,11,8,1,15,25,56,135,40,191,71,160,231
239442,11,8,1,1,4,18,38,5,56,19,42,61
239488,11,8,1,24,47,134,289,71,423,158,336,494
239716,11,8,1,1,0,8,6,1,14,9,6,15
239877,11,8,1,1,1,0,0,2,0,1,1,2
240107,11,8,1,35,110,24,143,145,167,59,253,312
240170,11,8,1,24,23,68,105,47,173,92,128,220
240189,11,8,1,25,53,122,202,78,324,147,255,402
240198,11,8,1,7,33,45,148,40,193,52,181,233
240268,11,8,1,9,16,78,80,25,158,87,96,183
240277,11,8,1,28,60,93,186,88,279,121,246,367
240329,11,8,1,5,12,35,53,17,88,40,65,105
240338,11,8,1,1,4,10,7,5,17,11,11,22
240365,11,8,1,22,64,98,147,86,245,120,211,331
240374,11,8,1,16,18,71,105,34,176,87,123,210
240417,11,8,1,15,24,125,195,39,320,140,219,359
240426,11,8,1,14,67,37,120,81,157,51,187,238
240444,11,8,1,157,178,122,201,335,323,279,379,658
240453,11,8,1,93,167,159,296,260,455,252,463,715
240462,11,8,1,6,11,79,73,17,152,85,84,169
240471,11,8,1,9,19,18,53,28,71,27,72,99
240480,11,8,1,8,19,21,90,27,111,29,109,138
240505,11,8,1,15,27,46,87,42,133,61,114,175
240514,11,8,1,5,9,41,58,14,99,46,67,113
240596,11,8,1,4,5,9,15,9,24,13,20,33
240620,11,8,1,11,35,25,80,46,105,36,115,151
240657,11,8,1,3,8,13,43,11,56,16,51,67
240666,11,8,1,16,34,47,56,50,103,63,90,153
240727,11,8,1,50,80,139,241,130,380,189,321,510
240745,11,8,1,11,7,19,31,18,50,30,38,68
240790,11,8,1,5,11,2,11,16,13,7,22,29
241182,11,8,1,7,24,0,0,31,0,7,24,31
241191,11,8,1,9,25,4,6,34,10,13,31,44
241225,11,8,1,12,26,12,26,38,38,24,52,76
241331,11,8,1,24,105,3,25,129,28,27,130,157
241377,11,8,1,18,50,8,42,68,50,26,92,118
241386,11,8,1,4,14,0,4,18,4,4,18,22
241395,11,8,1,10,32,16,34,42,50,26,66,92
241410,11,8,1,43,109,45,107,152,152,88,216,304
241720,11,8,1,17,28,17,10,45,27,34,38,72
241739,11,8,1,97,229,84,197,326,281,181,426,607
241766,11,8,1,4,1,1,1,5,2,5,2,7
241836,11,8,1,10,37,29,68,47,97,39,105,144
241906,11,8,1,0,1,0,0,1,0,0,1,1
241951,11,8,1,0,1,0,1,1,1,0,2,2
242112,11,8,1,20,10,1,2,30,3,21,12,33
242130,11,8,1,3,16,0,7,19,7,3,23,26
242149,11,8,1,5,22,1,11,27,12,6,33,39
242556,11,8,1,2,1,0,0,3,0,2,1,3
242617,11,8,1,22,43,25,41,65,66,47,84,131
242626,11,8,1,22,27,16,23,49,39,38,50,88
242635,11,8,1,12,54,10,49,66,59,22,103,125
242644,11,8,1,9,11,3,8,20,11,12,19,31
242653,11,8,1,50,88,43,106,138,149,93,194,287
242662,11,8,1,32,94,42,102,126,144,74,196,270
242680,11,8,1,10,24,3,20,34,23,13,44,57
242699,11,8,1,29,68,10,28,97,38,39,96,135
242705,11,8,1,13,17,18,10,30,28,31,27,58
242723,11,8,1,3,8,11,20,11,31,14,28,42
243106,11,8,1,2,2,0,3,4,3,2,5,7
243142,11,8,1,0,2,2,4,2,6,2,6,8
243179,11,8,1,0,0,4,1,0,5,4,1,5
243188,11,8,1,2,1,2,1,3,3,4,2,6
243203,11,8,1,23,53,0,6,76,6,23,59,82
243212,11,8,1,0,0,3,14,0,17,3,14,17
243221,11,8,1,92,110,45,71,202,116,137,181,318
243346,11,8,1,72,189,49,139,261,188,121,328,449
243443,11,8,1,14,44,36,62,58,98,50,106,156
243577,11,8,1,33,14,81,30,47,111,114,44,158
243586,11,8,1,11,5,2,13,16,15,13,18,31
243601,11,8,1,131,360,104,188,491,292,235,548,783
243638,11,8,1,13,22,12,17,35,29,25,39,64
243647,11,8,1,5,3,0,14,8,14,5,17,22
243744,11,8,1,85,56,80,21,141,101,165,77,242
243780,11,8,1,73,47,343,375,120,718,416,422,838
243832,11,8,1,37,69,30,87,106,117,67,156,223
243841,11,8,1,14,49,0,10,63,10,14,59,73
244437,11,8,1,14,46,122,353,60,475,136,399,535
244446,11,8,1,23,26,50,151,49,201,73,177,250
245281,11,8,1,5,0,0,0,5,0,5,0,5
245625,11,8,1,1,10,9,51,11,60,10,61,71
246789,11,8,1,2,2,9,3,4,12,11,5,16
246813,11,8,1,8,14,34,113,22,147,42,127,169
246895,11,8,1,5,13,1,5,18,6,6,18,24
247603,11,8,1,2,18,14,43,20,57,16,61,77
247834,11,8,1,80,179,283,664,259,947,363,843,1206
247940,11,8,1,19,34,66,86,53,152,85,120,205
248925,11,8,1,4,16,7,5,20,12,11,21,32
248934,11,8,1,539,798,2,3,1337,5,541,801,1342
249238,11,8,1,0,4,0,8,4,8,0,12,12
251260,11,8,1,13,21,8,60,34,68,21,81,102
260813,11,8,1,1,16,0,0,17,0,1,16,17
260929,11,8,1,1,5,0,0,6,0,1,5,6
262031,11,8,1,6,17,44,131,23,175,50,148,198
262086,11,8,1,160,399,383,942,559,1325,543,1341,1884
262129,11,8,1,1,2,0,0,3,0,1,2,3
262341,11,8,1,8,0,0,0,8,0,8,0,8
363165,11,8,1,13,11,6,1,24,7,19,12,31
363633,11,8,1,1,7,19,17,8,36,20,24,44
363907,11,8,1,16,22,20,24,38,44,36,46,82
363916,11,8,1,1,5,0,3,6,3,1,8,9
364016,11,8,1,7,11,66,130,18,196,73,141,214
364025,11,8,1,11,23,88,208,34,296,99,231,330
364636,11,8,1,1,6,0,1,7,1,1,7,8
365198,11,8,1,2,2,2,5,4,7,4,7,11
365480,11,8,1,1,7,3,7,8,10,4,14,18
366003,11,8,1,5,20,22,27,25,49,27,47,74
366252,11,8,1,17,9,23,53,26,76,40,62,102
366395,11,8,1,22,59,82,265,81,347,104,324,428
366401,11,8,1,18,14,100,254,32,354,118,268,386
366465,11,8,1,6,25,13,39,31,52,19,64,83
366623,11,8,1,1,1,0,0,2,0,1,1,2
366632,11,8,1,0,1,0,0,1,0,0,1,1
366711,11,8,1,70,121,39,89,191,128,109,210,319
367334,11,8,1,23,5,9,1,28,10,32,6,38
367459,11,8,1,14,19,59,122,33,181,73,141,214
367954,11,8,1,30,160,15,65,190,80,45,225,270
368230,11,8,1,0,2,1,2,2,3,1,4,5
368911,11,8,1,1,8,10,46,9,56,11,54,65
372356,11,8,1,0,3,0,0,3,0,0,3,3
374574,11,8,1,4,19,1,22,23,23,5,41,46
375106,11,8,1,20,3,3,0,23,3,23,3,26
375407,11,8,1,1,4,0,0,5,0,1,4,5
375416,11,8,1,3,5,0,0,8,0,3,5,8
375726,11,8,1,10,21,8,1,31,9,18,22,40
375984,11,8,1,0,3,0,1,3,1,0,4,4
376288,11,8,1,6,10,0,0,16,0,6,10,16
376385,11,8,1,8,9,0,1,17,1,8,10,18
376446,11,8,1,0,0,0,3,0,3,0,3,3
377218,11,8,1,5,0,0,0,5,0,5,0,5
377722,11,8,1,4,13,0,0,17,0,4,13,17
379621,11,8,1,0,3,0,2,3,2,0,5,5
380359,11,8,1,5,16,5,46,21,51,10,62,72
382258,11,8,1,0,4,1,3,4,4,1,7,8
383190,11,8,1,14,19,15,71,33,86,29,90,119
383765,11,8,1,0,6,0,2,6,2,0,8,8
383996,11,8,1,2,8,8,22,10,30,10,30,40
384333,11,8,1,10,23,76,171,33,247,86,194,280
384342,11,8,1,5,18,43,131,23,174,48,149,197
385415,11,8,1,0,3,1,6,3,7,1,9,10
395362,11,8,1,6,12,22,62,18,84,28,74,102
399212,11,8,1,10,11,459,178,21,637,469,189,658
400187,11,8,1,6,33,5,20,39,25,11,53,64
401764,11,8,1,0,3,0,9,3,9,0,12,12
403469,11,8,1,0,4,210,78,4,288,210,82,292
403478,11,8,1,3,6,5,7,9,12,8,13,21
403487,11,8,1,1,5,3,38,6,41,4,43,47
404222,11,8,1,1,1,0,0,2,0,1,1,2
404426,11,8,1,6,9,30,56,15,86,36,65,101
404684,11,8,1,0,14,0,0,14,0,0,14,14
405872,11,8,1,7,5,20,46,12,66,27,51,78
407179,11,8,1,0,1,0,0,1,0,0,1,1
407461,11,8,1,7,1,0,0,8,0,7,1,8
407470,11,8,1,0,5,0,1,5,1,0,6,6
407735,11,8,1,0,1,0,0,1,0,0,1,1
407832,11,8,1,0,0,3,3,0,6,3,3,6
408066,11,8,1,0,2,0,2,2,2,0,4,4
408844,11,8,1,48,110,25,97,158,122,73,207,280
409254,11,8,1,0,6,0,63,6,63,0,69,69
409591,11,8,1,0,1,2,0,1,2,2,1,3
409698,11,8,1,34,64,29,65,98,94,63,129,192
412544,11,8,1,0,3,1,3,3,4,1,6,7
413617,11,8,1,4,7,9,26,11,35,13,33,46
414878,11,8,1,18,12,35,34,30,69,53,46,99
414911,11,8,1,4,15,9,38,19,47,13,53,66
414966,11,8,1,2,5,16,16,7,32,18,21,39
416801,11,8,1,1,13,2,6,14,8,3,19,22
417008,11,8,1,0,4,0,0,4,0,0,4,4
417655,11,8,1,0,2,0,0,2,0,0,2,2
417716,11,8,1,0,19,0,0,19,0,0,19,19
417734,11,8,1,2,3,0,5,5,5,2,8,10
417840,11,8,1,5,44,0,0,49,0,5,44,49
417886,11,8,1,0,1,0,0,1,0,0,1,1
417910,11,8,1,2,22,0,0,24,0,2,22,24
418029,11,8,1,0,5,0,0,5,0,0,5,5
418065,11,8,1,0,20,0,6,20,6,0,26,26
418083,11,8,1,1,4,0,0,5,0,1,4,5
418481,11,8,1,0,3,0,0,3,0,0,3,3
418533,11,8,1,1,12,1,7,13,8,2,19,21
418588,11,8,1,0,3,0,0,3,0,0,3,3
419031,11,8,1,0,2,0,0,2,0,0,2,2
420042,11,8,1,5,3,0,0,8,0,5,3,8
420130,11,8,1,0,23,0,0,23,0,0,23,23
420246,11,8,1,12,91,1,4,103,5,13,95,108
420343,11,8,1,11,0,12,1,11,13,23,1,24
420431,11,8,1,15,21,43,93,36,136,58,114,172
420440,11,8,1,3,8,21,61,11,82,24,69,93
420538,11,8,1,10,16,10,32,26,42,20,48,68
420556,11,8,1,1,6,0,6,7,6,1,12,13
421610,11,8,1,1,4,0,0,5,0,1,4,5
421717,11,8,1,0,0,3,0,0,3,3,0,3
423643,11,8,1,22,26,6,9,48,15,28,35,63
423652,11,8,1,3,11,8,21,14,29,11,32,43
426314,11,8,1,416,93,873,150,509,1023,1289,243,1532
428055,11,8,1,1,16,0,0,17,0,1,16,17
430227,11,8,1,0,2,0,0,2,0,0,2,2
430403,11,8,1,6,30,0,0,36,0,6,30,36
430564,11,8,1,0,1,2,1,1,3,2,2,4
430971,11,8,1,0,2,0,0,2,0,0,2,2
431275,11,8,1,0,1,0,2,1,2,0,3,3
431284,11,8,1,0,4,0,1,4,1,0,5,5
433040,11,8,1,2,7,0,0,9,0,2,7,9
433101,11,8,1,4,19,2,17,23,19,6,36,42
433387,11,8,1,10746,23856,0,0,34602,0,10746,23856,34602
433420,11,8,1,14,2,0,0,16,0,14,2,16
433660,11,8,1,20,67,39,84,87,123,59,151,210
434061,11,8,1,25,90,41,140,115,181,66,230,296
434159,11,8,1,21,6,0,0,27,0,21,6,27
434584,11,8,1,0,2,4,17,2,21,4,19,23
434672,11,8,1,45,67,242,716,112,958,287,783,1070
435000,11,8,1,2,1,2,5,3,7,4,6,10
436553,11,8,1,2,22,0,0,24,0,2,22,24
436818,11,8,1,2,3,1,2,5,3,3,5,8
436827,11,8,1,1,5,0,0,6,0,1,5,6
436836,11,8,1,2,4,1,3,6,4,3,7,10
437103,11,8,1,47,106,102,330,153,432,149,436,585
438586,11,8,1,60,103,16,31,163,47,76,134,210
438708,11,8,1,0,11,2,13,11,15,2,24,26
439190,11,8,1,0,7,11,14,7,25,11,21,32
439367,11,8,1,37,63,0,0,100,0,37,63,100
440031,11,8,1,3,6,2,2,9,4,5,8,13
440101,11,8,1,0,1,1,4,1,5,1,5,6
440271,11,8,1,11,8,0,0,19,0,11,8,19
440749,11,8,1,0,1,6,2,1,8,6,3,9
440828,11,8,1,3,14,8,24,17,32,11,38,49
441131,11,8,1,4,29,5,16,33,21,9,45,54
441371,11,8,1,43,999,0,0,1042,0,43,999,1042
441690,11,8,1,9,3,28,12,12,40,37,15,52
441760,11,8,1,11,32,32,101,43,133,43,133,176
441900,11,8,1,12,46,59,237,58,296,71,283,354
441937,11,8,1,21,42,32,64,63,96,53,106,159
442073,11,8,1,3,19,3,18,22,21,6,37,43
442240,11,8,1,2,4,1,7,6,8,3,11,14
442329,11,8,1,23,6,0,0,29,0,23,6,29
442356,11,8,1,4,25,14,146,29,160,18,171,189
442930,11,8,1,5,13,2,1,18,3,7,14,21
443049,11,8,1,19,15,19,14,34,33,38,29,67
443058,11,8,1,6,8,18,23,14,41,24,31,55
443100,11,8,1,4,2,0,0,6,0,4,2,6
443331,11,8,1,19,102,6,35,121,41,25,137,162
443641,11,8,1,0,1,0,1,1,1,0,2,2
444219,11,8,1,10,18,208,306,28,514,218,324,542
444282,11,8,1,0,1,0,4,1,4,0,5,5
444291,11,8,1,2,3,1,2,5,3,3,5,8
444307,11,8,1,0,4,0,4,4,4,0,8,8
444468,11,8,1,0,2,0,0,2,0,0,2,2
444486,11,8,1,2,7,0,1,9,1,2,8,10
444556,11,8,1,10,10,0,0,20,0,10,10,20
444565,11,8,1,7,7,4,8,14,12,11,15,26
444583,11,8,1,6,8,0,0,14,0,6,8,14
444671,11,8,1,3,8,0,0,11,0,3,8,11
444787,11,8,1,42,278,28,158,320,186,70,436,506
445027,11,8,1,1317,1823,79,184,3140,263,1396,2007,3403
445133,11,8,1,6,11,4,11,17,15,10,22,32
445188,11,8,1,18,26,0,0,44,0,18,26,44
445212,11,8,1,0,1,0,2,1,2,0,3,3
445267,11,8,1,6,60,34,147,66,181,40,207,247
445498,11,8,1,1,0,0,0,1,0,1,0,1
445708,11,8,1,2,0,0,1,2,1,2,1,3
445911,11,8,1,3,18,3,10,21,13,6,28,34
445948,11,8,1,20,137,0,0,157,0,20,137,157
446206,11,8,1,1,2,0,0,3,0,1,2,3
446233,11,8,1,0,2,0,0,2,0,0,2,2
446251,11,8,1,0,10,0,0,10,0,0,10,10
446774,11,8,1,17,26,210,391,43,601,227,417,644
447148,11,8,1,0,2,0,1,2,1,0,3,3
447166,11,8,1,0,1,0,0,1,0,0,1,1
447175,11,8,1,0,2,0,1,2,1,0,3,3
447582,11,8,1,7,30,5,14,37,19,12,44,56
447689,11,8,1,21,54,37,121,75,158,58,175,233
447698,11,8,1,5,14,4,8,19,12,9,22,31
447759,11,8,1,11,14,2,3,25,5,13,17,30
447999,11,8,1,5,15,0,0,20,0,5,15,20
448026,11,8,1,0,1,0,0,1,0,0,1,1
448196,11,8,1,0,11,0,0,11,0,0,11,11
448220,11,8,1,0,3,0,0,3,0,0,3,3
448248,11,8,1,2,5,50,40,7,90,52,45,97
448594,11,8,1,11,16,28,68,27,96,39,84,123
448673,11,8,1,21,145,35,237,166,272,56,382,438
448798,11,8,1,1,9,0,0,10,0,1,9,10
449320,11,8,1,4,0,7,0,4,7,11,0,11
449357,11,8,1,0,7,0,0,7,0,0,7,7
449384,11,8,1,1,0,27,8,1,35,28,8,36
449472,11,8,1,0,2,0,0,2,0,0,2,2
449481,11,8,1,0,4,0,0,4,0,0,4,4
449889,11,8,1,597,2037,0,0,2634,0,597,2037,2634
449922,11,8,1,3,4,0,0,7,0,3,4,7
449959,11,8,1,1,3,1,1,4,2,2,4,6
449968,11,8,1,3,2,0,3,5,3,3,5,8
449977,11,8,1,0,2,0,2,2,2,0,4,4
449986,11,8,1,2,2,4,2,4,6,6,4,10
449995,11,8,1,0,2,0,4,2,4,0,6,6
450571,11,8,1,2,26,6,46,28,52,8,72,80
450599,11,8,1,0,1,0,0,1,0,0,1,1
450614,11,8,1,0,1,0,0,1,0,0,1,1
450641,11,8,1,1,2,0,5,3,5,1,7,8
450720,11,8,1,0,5,1,11,5,12,1,16,17
450933,11,8,1,1974,1219,1155,411,3193,1566,3129,1630,4759
451079,11,8,1,4,16,0,0,20,0,4,16,20
451121,11,8,1,0,5,1,2,5,3,1,7,8
451510,11,8,1,7,3,3,4,10,7,10,7,17
451565,11,8,1,0,6,0,0,6,0,0,6,6
451583,11,8,1,2,6,26,9,8,35,28,15,43
451714,11,8,1,0,10,4,4,10,8,4,14,18
451750,11,8,1,4,22,3,38,26,41,7,60,67
451857,11,8,1,0,5,0,0,5,0,0,5,5
451918,11,8,1,0,4,0,0,4,0,0,4,4
452009,11,8,1,0,1,0,0,1,0,0,1,1
453297,11,8,1,0,0,0,1,0,1,0,1,1
454227,11,8,1,56,516,519,5420,572,5939,575,5936,6511
454236,11,8,1,1,14,7,21,15,28,8,35,43
454245,11,8,1,9,14,5,29,23,34,14,43,57
454652,11,8,1,0,2,0,0,2,0,0,2,2
454698,11,8,1,8,4,0,0,12,0,8,4,12
454768,11,8,1,0,4,1,5,4,6,1,9,10
454777,11,8,1,1,4,1,4,5,5,2,8,10
454810,11,8,1,478,1167,0,0,1645,0,478,1167,1645
454926,11,8,1,2,4,0,1,6,1,2,5,7
454944,11,8,1,2,4,0,0,6,0,2,4,6
455026,11,8,1,0,0,0,1,0,1,0,1,1
455080,11,8,1,2,5,0,1,7,1,2,6,8
455114,11,8,1,32,37,59,177,69,236,91,214,305
455196,11,8,1,53,605,0,0,658,0,53,605,658
455284,11,8,1,0,1,0,1,1,1,0,2,2
455406,11,8,1,7,4,0,0,11,0,7,4,11
455512,11,8,1,8,11,44,134,19,178,52,145,197
455831,11,8,1,1,23,0,0,24,0,1,23,24
455868,11,8,1,1,17,0,0,18,0,1,17,18
455901,11,8,1,0,2,0,1,2,1,0,3,3
456029,11,8,1,0,4,0,1,4,1,0,5,5
456065,11,8,1,0,1,0,0,1,0,0,1,1
456135,11,8,1,0,2,0,2,2,2,0,4,4
456481,11,8,1,1,0,6,7,1,13,7,7,14
456542,11,8,1,0,1,0,1,1,1,0,2,2
456825,11,8,1,0,1,0,1,1,1,0,2,2
456959,11,8,1,0,2,0,0,2,0,0,2,2
457031,11,8,1,0,1,0,0,1,0,0,1,1
457129,11,8,1,2,19,13,55,21,68,15,74,89
457253,11,8,1,0,1,0,4,1,4,0,5,5
457299,11,8,1,11,50,0,7,61,7,11,57,68
457323,11,8,1,0,9,0,0,9,0,0,9,9
457493,11,8,1,0,2,0,0,2,0,0,2,2
457527,11,8,1,0,3,6,35,3,41,6,38,44
457545,11,8,1,0,1,0,0,1,0,0,1,1
457633,11,8,1,0,2,0,7,2,7,0,9,9
457855,11,8,1,0,1,0,0,1,0,0,1,1
458140,11,8,1,9,0,0,0,9,0,9,0,9
458210,11,8,1,52,247,30,99,299,129,82,346,428
458229,11,8,1,29,107,10,33,136,43,39,140,179
458803,11,8,1,0,1,0,2,1,2,0,3,3
458821,11,8,1,0,1,0,0,1,0,0,1,1
458830,11,8,1,0,3,1,5,3,6,1,8,9
458858,11,8,1,1,3,1,6,4,7,2,9,11
458867,11,8,1,1,3,0,2,4,2,1,5,6
459019,11,8,1,0,2,0,0,2,0,0,2,2
459046,11,8,1,1,2,1,0,3,1,2,2,4
459055,11,8,1,0,2,0,0,2,0,0,2,2
459064,11,8,1,0,3,0,4,3,4,0,7,7
459116,11,8,1,0,1,0,0,1,0,0,1,1
459170,11,8,1,1,3,0,3,4,3,1,6,7
459198,11,8,1,0,3,0,2,3,2,0,5,5
459231,11,8,1,0,5,0,0,5,0,0,5,5
459286,11,8,1,2,4,2,3,6,5,4,7,11
459301,11,8,1,0,3,0,0,3,0,0,3,3
459392,11,8,1,0,1,0,1,1,1,0,2,2
459523,11,8,1,0,7,0,0,7,0,0,7,7
459578,11,8,1,1,3,2,2,4,4,3,5,8
459736,11,8,1,8,23,6,14,31,20,14,37,51
459949,11,8,1,50,85,129,217,135,346,179,302,481
460349,11,8,1,14,29,106,181,43,287,120,210,330
460394,11,8,1,9,23,239,263,32,502,248,286,534
460464,11,8,1,30,22,139,204,52,343,169,226,395
460677,11,8,1,5,38,2,10,43,12,7,48,55
460862,11,8,1,0,2,0,4,2,4,0,6,6
460871,11,8,1,4,23,10,65,27,75,14,88,102
461193,11,8,1,0,2,0,1,2,1,0,3,3
461272,11,8,1,0,1,0,3,1,3,0,4,4
461379,11,8,1,0,0,0,3,0,3,0,3,3
461421,11,8,1,1,1,0,0,2,0,1,1,2
461591,11,8,1,0,8,0,0,8,0,0,8,8
461652,11,8,1,0,5,0,0,5,0,0,5,5
461704,11,8,1,2,7,0,1,9,1,2,8,10
461759,11,8,1,9,8,4,3,17,7,13,11,24
461829,11,8,1,1,8,0,0,9,0,1,8,9
461883,11,8,1,4,4,0,0,8,0,4,4,8
461917,11,8,1,0,0,0,1,0,1,0,1,1
462008,11,8,1,1,3,0,5,4,5,1,8,9
462071,11,8,1,1,4,0,0,5,0,1,4,5
463056,11,8,1,1,3,6,3,4,9,7,6,13
466921,11,8,1,0,7,0,18,7,18,0,25,25
466930,11,8,1,4,55,18,151,59,169,22,206,228
467863,11,8,1,2,5,0,3,7,3,2,8,10
467872,11,8,1,0,3,0,4,3,4,0,7,7
468893,11,8,1,0,2,0,1,2,1,0,3,3
470047,11,8,1,2,5,0,0,7,0,2,5,7
474863,11,8,1,27,110,56,194,137,250,83,304,387
474915,11,8,1,0,4,0,6,4,6,0,10,10
474924,11,8,1,0,0,0,5,0,5,0,5,5
475200,11,8,1,1,4,7,24,5,31,8,28,36
475431,11,8,1,0,3,0,0,3,0,0,3,3
475486,11,8,1,1,3,0,5,4,5,1,8,9
475547,11,8,1,2,1,1,1,3,2,3,2,5
475556,11,8,1,0,2,0,3,2,3,0,5,5
475653,11,8,1,0,1,0,0,1,0,0,1,1
475723,11,8,1,5,7,20,9,12,29,25,16,41
475732,11,8,1,4,37,16,168,41,184,20,205,225
475741,11,8,1,2,9,0,11,11,11,2,20,22
475839,11,8,1,23,13,14,14,36,28,37,27,64
476063,11,8,1,39,2,0,0,41,0,39,2,41
476179,11,8,1,2,0,1,4,2,5,3,4,7
476805,11,8,1,0,1,0,0,1,0,0,1,1
476841,11,8,1,0,0,0,3,0,3,0,3,3
476975,11,8,1,99,142,676,1034,241,1710,775,1176,1951
476984,11,8,1,1,2,0,3,3,3,1,5,6
477039,11,8,1,28,132,7,57,160,64,35,189,224
478582,11,8,1,0,3,0,2,3,2,0,5,5
478616,11,8,1,0,3,0,1,3,1,0,4,4
478953,11,8,1,0,9,0,0,9,0,0,9,9
479956,11,8,1,93,110,877,840,203,1717,970,950,1920
479983,11,8,1,0,4,0,0,4,0,0,4,4
480028,11,8,1,22,6,0,0,28,0,22,6,28
480091,11,8,1,61,710,49,395,771,444,110,1105,1215
480310,11,8,1,0,4,0,1,4,1,0,5,5
480569,11,8,1,26,41,66,67,67,133,92,108,200
480657,11,8,1,8,29,8,37,37,45,16,66,82
480790,11,8,1,5,8,1,0,13,1,6,8,14
480921,11,8,1,8,1,0,0,9,0,8,1,9
481191,11,8,1,3,18,0,0,21,0,3,18,21
481526,11,8,1,0,12,0,0,12,0,0,12,12
481535,11,8,1,0,1,0,0,1,0,0,1,1
481678,11,8,1,0,0,0,1,0,1,0,1,1
481739,11,8,1,0,1,0,1,1,1,0,2,2
481748,11,8,1,1,1,0,1,2,1,1,2,3
481845,11,8,1,0,0,0,2,0,2,0,2,2
482149,11,8,1,56,130,45,143,186,188,101,273,374
482158,11,8,1,57,85,102,160,142,262,159,245,404
482167,11,8,1,0,1,0,9,1,9,0,10,10
482176,11,8,1,0,2,0,1,2,1,0,3,3
482413,11,8,1,20,26,23,37,46,60,43,63,106
482422,11,8,1,0,1,4,1,1,5,4,2,6
482431,11,8,1,65,49,73,73,114,146,138,122,260
482459,11,8,1,9,6,15,26,15,41,24,32,56
482468,11,8,1,23,17,18,41,40,59,41,58,99
482477,11,8,1,514,1003,1082,2155,1517,3237,1596,3158,4754
482547,11,8,1,0,0,0,1,0,1,0,1,1
482556,11,8,1,3,5,2,2,8,4,5,7,12
482565,11,8,1,0,0,2,2,0,4,2,2,4
482574,11,8,1,3,6,8,11,9,19,11,17,28
482635,11,8,1,7,2,5,7,9,12,12,9,21
482653,11,8,1,1,0,4,2,1,6,5,2,7
482680,11,8,1,20,53,61,136,73,197,81,189,270
482699,11,8,1,6,21,3,28,27,31,9,49,58
482705,11,8,1,8,49,223,413,57,636,231,462,693
482936,11,8,1,2,0,4,0,2,4,6,0,6
483036,11,8,1,30,50,90,188,80,278,120,238,358
483045,11,8,1,38,65,129,271,103,400,167,336,503
483054,11,8,1,9,4,0,0,13,0,9,4,13
483124,11,8,1,629,1020,1990,2729,1649,4719,2619,3749,6368
483328,11,8,1,0,0,1,0,0,1,1,0,1
483337,11,8,1,0,2,0,2,2,2,0,4,4
483559,11,8,1,0,1,0,3,1,3,0,4,4
483595,11,8,1,267,841,102,417,1108,519,369,1258,1627
483823,11,8,1,39,9,0,0,48,0,39,9,48
483975,11,8,1,1,1,0,0,2,0,1,1,2
484011,11,8,1,2,2,0,3,4,3,2,5,7
484093,11,8,1,0,1,0,3,1,3,0,4,4
484190,11,8,1,2,0,0,0,2,0,2,0,2
484394,11,8,1,0,1,1,1,1,2,1,2,3
484473,11,8,1,9,21,125,163,30,288,134,184,318
484613,11,8,1,5222,14064,0,0,19286,0,5222,14064,19286
484631,11,8,1,69,83,0,0,152,0,69,83,152
484710,11,8,1,6,3,0,0,9,0,6,3,9
484756,11,8,1,5,5,0,0,10,0,5,5,10
484905,11,8,1,26,45,85,126,71,211,111,171,282
485014,11,8,1,0,1,0,1,1,1,0,2,2
485032,11,8,1,0,3,0,4,3,4,0,7,7
485111,11,8,1,21,49,59,139,70,198,80,188,268
485272,11,8,1,1,22,3,19,23,22,4,41,45
485397,11,8,1,0,1,0,3,1,3,0,4,4
485458,11,8,1,3,32,24,100,35,124,27,132,159
485476,11,8,1,0,5,0,0,5,0,0,5,5
485494,11,8,1,4,1,1,0,5,1,5,1,6
485768,11,8,1,23,69,0,0,92,0,23,69,92
486567,11,8,1,1,4,0,0,5,0,1,4,5
486691,11,8,1,0,5,0,0,5,0,0,5,5
486798,11,8,1,41,5,0,0,46,0,41,5,46
486840,11,8,1,119,159,433,530,278,963,552,689,1241
486938,11,8,1,0,14,7,25,14,32,7,39,46
486947,11,8,1,3,17,1,21,20,22,4,38,42
486956,11,8,1,3,24,12,65,27,77,15,89,104
487010,11,8,1,13,39,9,30,52,39,22,69,91
487162,11,8,1,13,53,26,102,66,128,39,155,194
487348,11,8,1,0,2,0,1,2,1,0,3,3
487524,11,8,1,5,22,24,79,27,103,29,101,130
487676,11,8,1,1,2,1,5,3,6,2,7,9
487773,11,8,1,0,0,0,1,0,1,0,1,1
487861,11,8,1,7,40,2,12,47,14,9,52,61
487922,11,8,1,0,0,0,1,0,1,0,1,1
487995,11,8,1,6,12,4,16,18,20,10,28,38
488013,11,8,1,1,18,1,4,19,5,2,22,24
488031,11,8,1,27,32,0,1,59,1,27,33,60
488077,11,8,1,469,16,191,6,485,197,660,22,682
488271,11,8,1,0,2,0,0,2,0,0,2,2
488305,11,8,1,3,1,4,2,4,6,7,3,10
488332,11,8,1,13,110,0,0,123,0,13,110,123
488989,11,8,1,0,2,0,2,2,2,0,4,4
488998,11,8,1,0,1,0,0,1,0,0,1,1
489140,11,8,1,0,1,1,1,1,2,1,2,3
489201,11,8,1,4,15,61,161,19,222,65,176,241
489335,11,8,1,0,0,7,7,0,14,7,7,14
489344,11,8,1,0,7,1,18,7,19,1,25,26
489353,11,8,1,4,19,5,11,23,16,9,30,39
489779,11,8,1,725,1410,1823,3699,2135,5522,2548,5109,7657
489858,11,8,1,5,16,0,0,21,0,5,16,21
490115,11,8,1,3,0,0,0,3,0,3,0,3
490230,11,8,1,24,46,1,0,70,1,25,46,71
490258,11,8,1,2,3,0,0,5,0,2,3,5
490300,11,8,1,0,3,3,2,3,5,3,5,8
490416,11,8,1,0,1,0,0,1,0,0,1,1
490425,11,8,1,0,9,0,0,9,0,0,9,9
490601,11,8,1,4,6,0,0,10,0,4,6,10
490753,11,8,1,3,4,0,0,7,0,3,4,7
490805,11,8,1,13,55,55,211,68,266,68,266,334
491136,11,8,1,0,1,0,4,1,4,0,5,5
491145,11,8,1,0,1,0,2,1,2,0,3,3
491534,11,8,1,0,0,0,1,0,1,0,1,1
491598,11,8,1,0,6,0,0,6,0,0,6,6
491808,11,8,1,7,48,3,6,55,9,10,54,64
491826,11,8,1,0,4,0,0,4,0,0,4,4
491835,11,8,1,0,5,0,0,5,0,0,5,5
491941,11,8,1,0,6,0,0,6,0,0,6,6
491978,11,8,1,0,0,1,0,0,1,1,0,1
492209,11,8,1,1,6,0,1,7,1,1,7,8
492476,11,8,1,2,14,7,31,16,38,9,45,54
492689,11,8,1,10,10,1,3,20,4,11,13,24
492759,11,8,1,3,21,3,21,24,24,6,42,48
492801,11,8,1,22,29,18,29,51,47,40,58,98
492962,11,8,1,75,122,127,159,197,286,202,281,483
493451,11,8,1,3,7,0,0,10,0,3,7,10
493655,11,8,1,1,0,0,0,1,0,1,0,1
493673,11,8,1,8,7,2,4,15,6,10,11,21
493804,11,8,1,11,5,0,0,16,0,11,5,16
493831,11,8,1,3,0,0,0,3,0,3,0,3
494010,11,8,1,2,6,0,0,8,0,2,6,8
494278,11,8,1,1,16,6,29,17,35,7,45,52
494287,11,8,1,5,29,24,55,34,79,29,84,113
494472,11,8,1,0,1,0,0,1,0,0,1,1
494551,11,8,1,2,0,0,3,2,3,2,3,5
494898,11,8,1,1,6,0,0,7,0,1,6,7
494959,11,8,1,1,1,0,3,2,3,1,4,5
495077,11,8,1,1,3,0,0,4,0,1,3,4
495101,11,8,1,1,8,0,0,9,0,1,8,9
495271,11,8,1,0,2,4,8,2,12,4,10,14
495369,11,8,1,0,0,1,0,0,1,1,0,1
495411,11,8,1,0,1,0,0,1,0,0,1,1
495518,11,8,1,0,2,1,1,2,2,1,3,4
496052,11,8,1,1,0,0,0,1,0,1,0,1
496618,11,8,1,1,17,0,0,18,0,1,17,18
496636,11,8,1,5,33,0,0,38,0,5,33,38
496733,11,8,1,0,4,0,0,4,0,0,4,4
497000,11,8,1,13,19,0,0,32,0,13,19,32
497037,11,8,1,16,64,14,41,80,55,30,105,135
497046,11,8,1,3,13,48,185,16,233,51,198,249
497107,11,8,1,0,0,8,43,0,51,8,43,51
497301,11,8,1,0,5,0,9,5,9,0,14,14
497417,11,8,1,0,1,0,0,1,0,0,1,1
497480,11,8,1,5,193,7,19,198,26,12,212,224
498562,11,8,1,11,35,30,95,46,125,41,130,171
498571,11,8,1,63,140,155,406,203,561,218,546,764
100663,11,8,2,15,50,90,176,65,266,105,226,331
100706,11,8,2,13,17,32,36,30,68,45,53,98
100751,11,8,2,29,40,102,183,69,285,131,223,354
100760,11,8,2,0,6,8,32,6,40,8,38,46
100812,11,8,2,15,47,64,163,62,227,79,210,289
100830,11,8,2,6,19,8,49,25,57,14,68,82
100858,11,8,2,23,14,23,36,37,59,46,50,96
100937,11,8,2,1,0,0,0,1,0,1,0,1
101143,11,8,2,10,16,13,28,26,41,23,44,67
101161,11,8,2,14,42,21,122,56,143,35,164,199
101189,11,8,2,29,80,15,54,109,69,44,134,178
101240,11,8,2,26,51,27,93,77,120,53,144,197
101286,11,8,2,9,35,26,118,44,144,35,153,188
101295,11,8,2,14,39,29,100,53,129,43,139,182
101301,11,8,2,0,6,1,35,6,36,1,41,42
101435,11,8,2,0,0,0,2,0,2,0,2,2
101453,11,8,2,1,0,9,1,1,10,10,1,11
101462,11,8,2,3,9,13,50,12,63,16,59,75
101480,11,8,2,19,29,31,58,48,89,50,87,137
101505,11,8,2,14,34,53,211,48,264,67,245,312
101514,11,8,2,23,31,80,181,54,261,103,212,315
101569,11,8,2,14,35,35,106,49,141,49,141,190
101587,11,8,2,24,121,11,30,145,41,35,151,186
101709,11,8,2,2,7,5,9,9,14,7,16,23
101736,11,8,2,2,8,14,46,10,60,16,54,70
101897,11,8,2,3,13,8,40,16,48,11,53,64
101912,11,8,2,5,10,6,2,15,8,11,12,23
101994,11,8,2,1,5,1,18,6,19,2,23,25
102030,11,8,2,31,34,10,68,65,78,41,102,143
102049,11,8,2,3,4,1,4,7,5,4,8,12
102067,11,8,2,10,24,19,58,34,77,29,82,111
102076,11,8,2,4,16,10,41,20,51,14,57,71
102094,11,8,2,15,32,22,49,47,71,37,81,118
102234,11,8,2,0,0,2,1,0,3,2,1,3
102313,11,8,2,13,24,13,43,37,56,26,67,93
102368,11,8,2,69,180,132,290,249,422,201,470,671
102377,11,8,2,1,2,0,1,3,1,1,3,4
102395,11,8,2,5,4,14,3,9,17,19,7,26
102429,11,8,2,3,13,34,67,16,101,37,80,117
102553,11,8,2,57,53,189,405,110,594,246,458,704
102614,11,8,2,28,51,100,297,79,397,128,348,476
102632,11,8,2,7,13,42,109,20,151,49,122,171
103741,11,8,2,0,1,0,4,1,4,0,5,5
104151,11,8,2,88,149,90,103,237,193,178,252,430
104160,11,8,2,13,22,68,166,35,234,81,188,269
104179,11,8,2,113,155,251,250,268,501,364,405,769
104346,11,8,2,9,24,58,221,33,279,67,245,312
104391,11,8,2,0,7,0,0,7,0,0,7,7
104425,11,8,2,12,34,63,96,46,159,75,130,205
104443,11,8,2,0,0,0,1,0,1,0,1,1
104568,11,8,2,0,2,0,5,2,5,0,7,7
104577,11,8,2,42,11,62,96,53,158,104,107,211
104586,11,8,2,5,0,1,2,5,3,6,2,8
104708,11,8,2,26,26,168,332,52,500,194,358,552
104717,11,8,2,19,32,1667,5869,51,7536,1686,5901,7587
105145,11,8,2,16,43,73,196,59,269,89,239,328
105154,11,8,2,31,48,253,437,79,690,284,485,769
105206,11,8,2,27,30,59,232,57,291,86,262,348
105297,11,8,2,13,45,23,96,58,119,36,141,177
105330,11,8,2,39,136,114,239,175,353,153,375,528
105349,11,8,2,6,8,21,108,14,129,27,116,143
105428,11,8,2,25,34,137,339,59,476,162,373,535
105525,11,8,2,40,42,265,597,82,862,305,639,944
105659,11,8,2,82,9,0,0,91,0,82,9,91
105668,11,8,2,26,51,316,627,77,943,342,678,1020
105747,11,8,2,15,25,84,204,40,288,99,229,328
105792,11,8,2,5,9,53,90,14,143,58,99,157
106148,11,8,2,23,33,106,265,56,371,129,298,427
106245,11,8,2,45,79,59,194,124,253,104,273,377
106263,11,8,2,16,49,8,92,65,100,24,141,165
106324,11,8,2,0,0,0,1,0,1,0,1,1
106397,11,8,2,22,39,54,230,61,284,76,269,345
106412,11,8,2,5,12,4,10,17,14,9,22,31
106449,11,8,2,11,23,12,37,34,49,23,60,83
106458,11,8,2,10,23,52,212,33,264,62,235,297
106467,11,8,2,32,46,28,71,78,99,60,117,177
106546,11,8,2,2,17,1,2,19,3,3,19,22
106625,11,8,2,9,22,9,29,31,38,18,51,69
106713,11,8,2,10,8,2,5,18,7,12,13,25
106908,11,8,2,0,13,0,0,13,0,0,13,13
107080,11,8,2,0,0,3,1,0,4,3,1,4
107099,11,8,2,2,1,0,0,3,0,2,1,3
107141,11,8,2,4,10,10,13,14,23,14,23,37
107318,11,8,2,1,6,10,17,7,27,11,23,34
107512,11,8,2,1,0,3,1,1,4,4,1,5
107521,11,8,2,9,19,5,16,28,21,14,35,49
107558,11,8,2,0,0,0,1,0,1,0,1,1
107585,11,8,2,9,31,11,34,40,45,20,65,85
107600,11,8,2,18,10,0,1,28,1,18,11,29
107619,11,8,2,12,18,2,15,30,17,14,33,47
107664,11,8,2,31,63,58,151,94,209,89,214,303
107725,11,8,2,3,11,7,35,14,42,10,46,56
107743,11,8,2,1,4,2,10,5,12,3,14,17
107789,11,8,2,0,2,0,0,2,0,0,2,2
107974,11,8,2,2,25,7,45,27,52,9,70,79
107983,11,8,2,5,18,4,15,23,19,9,33,42
107992,11,8,2,4,9,14,15,13,29,18,24,42
108092,11,8,2,18,41,25,50,59,75,43,91,134
108232,11,8,2,39,31,50,67,70,117,89,98,187
108667,11,8,2,13,18,114,254,31,368,127,272,399
108807,11,8,2,23,31,161,217,54,378,184,248,432
108852,11,8,2,1,1,0,0,2,0,1,1,2
109208,11,8,2,43,105,1086,1049,148,2135,1129,1154,2283
109350,11,8,2,31,52,178,330,83,508,209,382,591
109785,11,8,2,14,70,14,37,84,51,28,107,135
109819,11,8,2,54,90,528,452,144,980,582,542,1124
109907,11,8,2,22,60,43,101,82,144,65,161,226
109934,11,8,2,3,16,0,0,19,0,3,16,19
110097,11,8,2,6,4,9,15,10,24,15,19,34
110246,11,8,2,38,76,83,173,114,256,121,249,370
110316,11,8,2,2,7,0,2,9,2,2,9,11
110334,11,8,2,14,23,165,272,37,437,179,295,474
110361,11,8,2,44,95,26,60,139,86,70,155,225
110413,11,8,2,12,10,0,5,22,5,12,15,27
110422,11,8,2,3,8,2,2,11,4,5,10,15
110486,11,8,2,29,64,23,57,93,80,52,121,173
110495,11,8,2,30,95,21,61,125,82,51,156,207
110510,11,8,2,58,151,60,110,209,170,118,261,379
110529,11,8,2,58,89,45,60,147,105,103,149,252
110538,11,8,2,35,103,27,57,138,84,62,160,222
110547,11,8,2,42,129,58,186,171,244,100,315,415
110556,11,8,2,48,111,46,70,159,116,94,181,275
110565,11,8,2,61,118,93,191,179,284,154,309,463
110574,11,8,2,60,171,80,183,231,263,140,354,494
110583,11,8,2,56,88,60,90,144,150,116,178,294
110592,11,8,2,67,167,81,137,234,218,148,304,452
110608,11,8,2,91,204,69,166,295,235,160,370,530
110617,11,8,2,89,182,99,169,271,268,188,351,539
110635,11,8,2,28,41,16,31,69,47,44,72,116
110644,11,8,2,23,27,5,6,50,11,28,33,61
110653,11,8,2,23,24,1,4,47,5,24,28,52
110662,11,8,2,26,44,5,6,70,11,31,50,81
110671,11,8,2,23,39,3,3,62,6,26,42,68
110680,11,8,2,22,24,5,5,46,10,27,29,56
110705,11,8,2,8,16,2,1,24,3,10,17,27
110714,11,8,2,19,14,1,4,33,5,20,18,38
110918,11,8,2,0,0,3,1,0,4,3,1,4
111188,11,8,2,1,0,0,0,1,0,1,0,1
111434,11,8,2,1,14,74,284,15,358,75,298,373
111461,11,8,2,28,35,1425,574,63,1999,1453,609,2062
111513,11,8,2,0,10,1,1,10,2,1,11,12
111887,11,8,2,75,159,415,644,234,1059,490,803,1293
111896,11,8,2,33,20,258,207,53,465,291,227,518
111920,11,8,2,16,34,248,375,50,623,264,409,673
111939,11,8,2,35,121,201,580,156,781,236,701,937
111948,11,8,2,4,4,2,3,8,5,6,7,13
112075,11,8,2,2,6,0,5,8,5,2,11,13
112084,11,8,2,0,0,2,2,0,4,2,2,4
112172,11,8,2,27,51,114,210,78,324,141,261,402
112367,11,8,2,0,2,4,30,2,34,4,32,36
112385,11,8,2,28,38,702,285,66,987,730,323,1053
112561,11,8,2,15,26,55,77,41,132,70,103,173
112686,11,8,2,14,26,41,147,40,188,55,173,228
112826,11,8,2,13,28,77,251,41,328,90,279,369
113096,11,8,2,22,44,238,524,66,762,260,568,828
113111,11,8,2,4,16,88,120,20,208,92,136,228
113193,11,8,2,24,37,158,209,61,367,182,246,428
113236,11,8,2,31,57,123,253,88,376,154,310,464
113333,11,8,2,43,60,171,425,103,596,214,485,699
113573,11,8,2,33,51,111,279,84,390,144,330,474
113582,11,8,2,1,3,0,1,4,1,1,4,5
113634,11,8,2,25,56,219,523,81,742,244,579,823
113698,11,8,2,0,10,2,8,10,10,2,18,20
113856,11,8,2,36,77,1881,1221,113,3102,1917,1298,3215
113980,11,8,2,35,99,217,436,134,653,252,535,787
114266,11,8,2,16,24,83,272,40,355,99,296,395
114354,11,8,2,0,3,0,8,3,8,0,11,11
114433,11,8,2,1,3,139,52,4,191,140,55,195
114716,11,8,2,37,70,283,315,107,598,320,385,705
114761,11,8,2,2,4,0,0,6,0,2,4,6
114789,11,8,2,48,81,688,625,129,1313,736,706,1442
114813,11,8,2,6,30,35,106,36,141,41,136,177
114859,11,8,2,23,50,188,395,73,583,211,445,656
114938,11,8,2,7,15,163,160,22,323,170,175,345
114947,11,8,2,4,5,0,0,9,0,4,5,9
115001,11,8,2,130,195,152,303,325,455,282,498,780
115083,11,8,2,54,18,24,31,72,55,78,49,127
115126,11,8,2,11,20,128,186,31,314,139,206,345
115393,11,8,2,12,28,376,311,40,687,388,339,727
115755,11,8,2,35,46,22,28,81,50,57,74,131
115861,11,8,2,22,83,138,153,105,291,160,236,396
116439,11,8,2,21,32,118,316,53,434,139,348,487
116563,11,8,2,1,5,0,0,6,0,1,5,6
116846,11,8,2,0,4,0,0,4,0,0,4,4
117052,11,8,2,7,12,47,132,19,179,54,144,198
117104,11,8,2,5,9,1,3,14,4,6,12,18
117195,11,8,2,13,6,256,104,19,360,269,110,379
117247,11,8,2,59,82,247,418,141,665,306,500,806
117274,11,8,2,7,3,216,43,10,259,223,46,269
117645,11,8,2,85,137,298,526,222,824,383,663,1046
117672,11,8,2,2,6,0,0,8,0,2,6,8
117690,11,8,2,5,16,85,251,21,336,90,267,357
117706,11,8,2,24,54,221,435,78,656,245,489,734
117715,11,8,2,7,24,83,283,31,366,90,307,397
117724,11,8,2,50,31,276,257,81,533,326,288,614
117733,11,8,2,57,84,280,545,141,825,337,629,966
117788,11,8,2,60,84,313,461,144,774,373,545,918
117803,11,8,2,0,0,6,21,0,27,6,21,27
117867,11,8,2,11,30,99,316,41,415,110,346,456
117894,11,8,2,13,22,65,214,35,279,78,236,314
117946,11,8,2,0,3,2,0,3,2,2,3,5
118347,11,8,2,11,14,71,205,25,276,82,219,301
118684,11,8,2,10,25,59,158,35,217,69,183,252
118718,11,8,2,23,62,167,229,85,396,190,291,481
118772,11,8,2,35,62,144,332,97,476,179,394,573
118930,11,8,2,6,26,112,306,32,418,118,332,450
118976,11,8,2,73,204,141,424,277,565,214,628,842
119058,11,8,2,0,1,0,0,1,0,0,1,1
119067,11,8,2,19,37,139,197,56,336,158,234,392
119137,11,8,2,10,25,96,287,35,383,106,312,418
119164,11,8,2,66,108,284,541,174,825,350,649,999
119216,11,8,2,51,137,161,457,188,618,212,594,806
119331,11,8,2,7,22,31,82,29,113,38,104,142
120166,11,8,2,0,1,0,0,1,0,0,1,1
120290,11,8,2,11,31,151,191,42,342,162,222,384
120342,11,8,2,40,40,170,267,80,437,210,307,517
120403,11,8,2,3,2,1,0,5,1,4,2,6
120421,11,8,2,10,13,65,186,23,251,75,199,274
120865,11,8,2,1,7,4,15,8,19,5,22,27
120883,11,8,2,3,6,0,1,9,1,3,7,10
120953,11,8,2,97,8,1057,69,105,1126,1154,77,1231
120971,11,8,2,30,34,473,340,64,813,503,374,877
121044,11,8,2,40,61,251,532,101,783,291,593,884
121150,11,8,2,1,4,13,11,5,24,14,15,29
121275,11,8,2,3,2,0,0,5,0,3,2,5
121309,11,8,2,7,7,8,40,14,48,15,47,62
121363,11,8,2,4,14,21,85,18,106,25,99,124
121619,11,8,2,22,60,1944,679,82,2623,1966,739,2705
121707,11,8,2,39,44,140,136,83,276,179,180,359
121886,11,8,2,40,34,871,369,74,1240,911,403,1314
121901,11,8,2,34,40,146,420,74,566,180,460,640
122180,11,8,2,34,95,303,634,129,937,337,729,1066
122205,11,8,2,23,86,184,691,109,875,207,777,984
122296,11,8,2,10,55,7,40,65,47,17,95,112
122339,11,8,2,25,21,255,360,46,615,280,381,661
122375,11,8,2,19,29,264,516,48,780,283,545,828
122384,11,8,2,29,9,472,350,38,822,501,359,860
122409,11,8,2,63,91,50,73,154,123,113,164,277
122436,11,8,2,3,1,0,0,4,0,3,1,4
122597,11,8,2,75,104,56,73,179,129,131,177,308
122612,11,8,2,8,13,5,7,21,12,13,20,33
122658,11,8,2,54,120,121,325,174,446,175,445,620
122728,11,8,2,5,19,9,26,24,35,14,45,59
122746,11,8,2,21,36,135,307,57,442,156,343,499
122755,11,8,2,46,62,45,106,108,151,91,168,259
122791,11,8,2,7,12,108,221,19,329,115,233,348
122889,11,8,2,21,54,131,349,75,480,152,403,555
122931,11,8,2,0,2,0,3,2,3,0,5,5
122977,11,8,2,44,92,279,561,136,840,323,653,976
123013,11,8,2,33,65,318,562,98,880,351,627,978
123217,11,8,2,29,56,138,290,85,428,167,346,513
123341,11,8,2,34,57,201,383,91,584,235,440,675
123457,11,8,2,6,26,7,1,32,8,13,27,40
123484,11,8,2,9,6,24,30,15,54,33,36,69
123509,11,8,2,13,17,114,202,30,316,127,219,346
123563,11,8,2,23,37,222,254,60,476,245,291,536
123572,11,8,2,13,38,19,33,51,52,32,71,103
123800,11,8,2,49,107,310,413,156,723,359,520,879
123952,11,8,2,1,0,1,0,1,1,2,0,2
123961,11,8,2,14,10,2,4,24,6,16,14,30
124113,11,8,2,3,10,342,150,13,492,345,160,505
124487,11,8,2,1,2,4,10,3,14,5,12,17
125028,11,8,2,17,19,107,275,36,382,124,294,418
125231,11,8,2,43,316,183,889,359,1072,226,1205,1431
125462,11,8,2,4,8,101,52,12,153,105,60,165
125471,11,8,2,27,54,175,382,81,557,202,436,638
125499,11,8,2,5,20,83,293,25,376,88,313,401
125763,11,8,2,1,0,0,3,1,3,1,3,4
125897,11,8,2,2,5,0,0,7,0,2,5,7
126119,11,8,2,12,28,65,173,40,238,77,201,278
126182,11,8,2,5,8,33,10,13,43,38,18,56
126207,11,8,2,21,25,55,106,46,161,76,131,207
126289,11,8,2,26,46,115,299,72,414,141,345,486
126562,11,8,2,40,49,64,129,89,193,104,178,282
126580,11,8,2,51,71,37,80,122,117,88,151,239
126614,11,8,2,17,16,33,40,33,73,50,56,106
126711,11,8,2,22,20,43,144,42,187,65,164,229
126748,11,8,2,5,8,3,10,13,13,8,18,26
126775,11,8,2,3,2,2,1,5,3,5,3,8
126818,11,8,2,16,35,62,114,51,176,78,149,227
126827,11,8,2,949,1773,684,1352,2722,2036,1633,3125,4758
126863,11,8,2,18,10,56,139,28,195,74,149,223
126915,11,8,2,4,4,0,3,8,3,4,7,11
126942,11,8,2,20,41,68,158,61,226,88,199,287
126951,11,8,2,33,6,0,0,39,0,33,6,39
127185,11,8,2,4,5,7,16,9,23,11,21,32
127200,11,8,2,45,82,149,385,127,534,194,467,661
127316,11,8,2,3,5,0,4,8,4,3,9,12
127389,11,8,2,1,6,2,7,7,9,3,13,16
127556,11,8,2,24,42,42,77,66,119,66,119,185
127565,11,8,2,88,114,148,252,202,400,236,366,602
127617,11,8,2,5,12,19,46,17,65,24,58,82
127653,11,8,2,7,19,2,2,26,4,9,21,30
127714,11,8,2,1,3,60,84,4,144,61,87,148
127732,11,8,2,4,6,16,96,10,112,20,102,122
127741,11,8,2,12,43,13,58,55,71,25,101,126
127778,11,8,2,11,11,7,19,22,26,18,30,48
127820,11,8,2,91,117,142,284,208,426,233,401,634
127884,11,8,2,60,62,126,175,122,301,186,237,423
127909,11,8,2,33,21,103,125,54,228,136,146,282
127918,11,8,2,11,17,39,54,28,93,50,71,121
128106,11,8,2,21,31,36,35,52,71,57,66,123
128258,11,8,2,12,12,44,44,24,88,56,56,112
128337,11,8,2,0,0,0,2,0,2,0,2,2
128498,11,8,2,18,38,11,19,56,30,29,57,86
128577,11,8,2,8,5,25,41,13,66,33,46,79
128744,11,8,2,5,28,7,59,33,66,12,87,99
128771,11,8,2,9,15,50,44,24,94,59,59,118
128780,11,8,2,13,51,68,196,64,264,81,247,328
128902,11,8,2,0,0,1,0,0,1,1,0,1
129020,11,8,2,9,8,5,10,17,15,14,18,32
129154,11,8,2,6,12,44,311,18,355,50,323,373
129181,11,8,2,6,0,4,1,6,5,10,1,11
129215,11,8,2,4,8,7,12,12,19,11,20,31
129242,11,8,2,1,1,3,3,2,6,4,4,8
129349,11,8,2,0,4,0,1,4,1,0,5,5
129367,11,8,2,3,14,30,140,17,170,33,154,187
129525,11,8,2,4,1,6,19,5,25,10,20,30
129543,11,8,2,6,24,28,162,30,190,34,186,220
129695,11,8,2,11,15,47,102,26,149,58,117,175
129729,11,8,2,17,16,33,153,33,186,50,169,219
129756,11,8,2,5,11,16,67,16,83,21,78,99
129774,11,8,2,0,2,0,0,2,0,0,2,2
129808,11,8,2,0,14,22,130,14,152,22,144,166
129923,11,8,2,1,13,5,14,14,19,6,27,33
129941,11,8,2,5,2,14,10,7,24,19,12,31
130004,11,8,2,6,15,29,114,21,143,35,129,164
130040,11,8,2,1,8,11,35,9,46,12,43,55
130183,11,8,2,233,767,461,1202,1000,1663,694,1969,2663
130217,11,8,2,3,5,33,45,8,78,36,50,86
130226,11,8,2,3,7,6,12,10,18,9,19,28
130253,11,8,2,0,0,19,35,0,54,19,35,54
130314,11,8,2,0,8,0,3,8,3,0,11,11
130396,11,8,2,11,24,65,214,35,279,76,238,314
130590,11,8,2,0,0,3,3,0,6,3,3,6
130606,11,8,2,4,13,35,88,17,123,39,101,140
130697,11,8,2,2,0,1,1,2,2,3,1,4
130776,11,8,2,3,22,9,24,25,33,12,46,58
130794,11,8,2,0,0,1,1,0,2,1,1,2
130934,11,8,2,5,10,10,13,15,23,15,23,38
130943,11,8,2,2,2,7,22,4,29,9,24,33
130989,11,8,2,2,2,2,4,4,6,4,6,10
131113,11,8,2,50,108,230,550,158,780,280,658,938
131399,11,8,2,23,44,45,185,67,230,68,229,297
131450,11,8,2,6,17,3,7,23,10,9,24,33
131469,11,8,2,12,17,30,81,29,111,42,98,140
131496,11,8,2,20,5,19,6,25,25,39,11,50
131520,11,8,2,3,5,5,4,8,9,8,9,17
132471,11,8,2,26,32,25,33,58,58,51,65,116
132693,11,8,2,40,78,158,421,118,579,198,499,697
132709,11,8,2,95,148,313,882,243,1195,408,1030,1438
132842,11,8,2,2,3,3,10,5,13,5,13,18
132851,11,8,2,25,45,44,124,70,168,69,169,238
132879,11,8,2,1,1,1,0,2,1,2,1,3
132903,11,8,2,49,104,138,358,153,496,187,462,649
133021,11,8,2,6,9,8,31,15,39,14,40,54
133386,11,8,2,66,83,130,334,149,464,196,417,613
133492,11,8,2,1,1,0,0,2,0,1,1,2
133508,11,8,2,17,35,90,283,52,373,107,318,425
133553,11,8,2,7,3,7,1,10,8,14,4,18
133650,11,8,2,12,14,6,19,26,25,18,33,51
133702,11,8,2,108,193,276,821,301,1097,384,1014,1398
133711,11,8,2,5,16,2,6,21,8,7,22,29
133809,11,8,2,0,1,0,1,1,1,0,2,2
133872,11,8,2,2,16,7,66,18,73,9,82,91
133881,11,8,2,10,4,4,2,14,6,14,6,20
133960,11,8,2,15,6,11,27,21,38,26,33,59
134097,11,8,2,11,14,50,44,25,94,61,58,119
134130,11,8,2,12,9,32,36,21,68,44,45,89
134343,11,8,2,28,33,40,108,61,148,68,141,209
134495,11,8,2,119,144,156,440,263,596,275,584,859
134608,11,8,2,38,78,160,404,116,564,198,482,680
135160,11,8,2,5,25,24,93,30,117,29,118,147
135188,11,8,2,7,22,37,112,29,149,44,134,178
135391,11,8,2,20,59,72,228,79,300,92,287,379
135407,11,8,2,25,29,0,0,54,0,25,29,54
135610,11,8,2,3,5,4,6,8,10,7,11,18
135717,11,8,2,130,335,407,934,465,1341,537,1269,1806
135726,11,8,2,1,5,21,46,6,67,22,51,73
136109,11,8,2,0,2,0,0,2,0,0,2,2
136145,11,8,2,3,15,7,33,18,40,10,48,58
136172,11,8,2,19,32,33,61,51,94,52,93,145
136233,11,8,2,21,35,56,131,56,187,77,166,243
136330,11,8,2,4,18,7,11,22,18,11,29,40
136358,11,8,2,76,106,235,715,182,950,311,821,1132
136400,11,8,2,16,35,69,191,51,260,85,226,311
136473,11,8,2,45,89,98,230,134,328,143,319,462
136516,11,8,2,19,66,89,247,85,336,108,313,421
136659,11,8,2,6,4,6,0,10,6,12,4,16
136950,11,8,2,4,11,1,7,15,8,5,18,23
137078,11,8,2,109,213,416,972,322,1388,525,1185,1710
137096,11,8,2,45,51,84,192,96,276,129,243,372
137209,11,8,2,43,58,173,473,101,646,216,531,747
137281,11,8,2,12,21,31,153,33,184,43,174,217
137351,11,8,2,40,62,98,188,102,286,138,250,388
137546,11,8,2,0,4,2,1,4,3,2,5,7
137564,11,8,2,19,53,33,53,72,86,52,106,158
137591,11,8,2,2,6,0,4,8,4,2,10,12
137759,11,8,2,22,49,70,173,71,243,92,222,314
138187,11,8,2,76,169,355,922,245,1277,431,1091,1522
138275,11,8,2,2,7,6,5,9,11,8,12,20
138309,11,8,2,52,452,76,552,504,628,128,1004,1132
138354,11,8,2,23,73,96,182,96,278,119,255,374
138558,11,8,2,3,6,6,34,9,40,9,40,49
138600,11,8,2,0,1,0,0,1,0,0,1,1
138682,11,8,2,17,67,43,125,84,168,60,192,252
138716,11,8,2,9,34,18,145,43,163,27,179,206
138761,11,8,2,0,6,0,13,6,13,0,19,19
138840,11,8,2,42,56,55,164,98,219,97,220,317
138938,11,8,2,1,9,2,7,10,9,3,16,19
138947,11,8,2,1,4,1,1,5,2,2,5,7
138956,11,8,2,38,57,61,165,95,226,99,222,321
139199,11,8,2,3,38,7,52,41,59,10,90,100
139205,11,8,2,4,1,11,0,5,11,15,1,16
139250,11,8,2,5,21,22,68,26,90,27,89,116
139278,11,8,2,27,51,46,236,78,282,73,287,360
139311,11,8,2,32,67,26,119,99,145,58,186,244
139357,11,8,2,36,32,45,110,68,155,81,142,223
139366,11,8,2,25,51,108,109,76,217,133,160,293
139384,11,8,2,22,54,65,174,76,239,87,228,315
139393,11,8,2,0,0,0,1,0,1,0,1,1
139463,11,8,2,9,25,11,39,34,50,20,64,84
139506,11,8,2,1,0,0,0,1,0,1,0,1
139621,11,8,2,4,5,3,10,9,13,7,15,22
139658,11,8,2,2,14,1,0,16,1,3,14,17
139700,11,8,2,15,40,38,101,55,139,53,141,194
139719,11,8,2,4,17,3,6,21,9,7,23,30
139755,11,8,2,1,2,6,2,3,8,7,4,11
139764,11,8,2,6,22,17,71,28,88,23,93,116
139861,11,8,2,0,1,0,1,1,1,0,2,2
139931,11,8,2,38,68,66,118,106,184,104,186,290
139940,11,8,2,38,107,81,183,145,264,119,290,409
139959,11,8,2,8,5,5,9,13,14,13,14,27
139986,11,8,2,15,74,40,293,89,333,55,367,422
140012,11,8,2,42,48,132,321,90,453,174,369,543
140234,11,8,2,0,1,0,1,1,1,0,2,2
140243,11,8,2,11,31,53,150,42,203,64,181,245
140252,11,8,2,0,5,3,15,5,18,3,20,23
140331,11,8,2,35,51,77,281,86,358,112,332,444
140447,11,8,2,12,113,18,119,125,137,30,232,262
140678,11,8,2,12,20,27,52,32,79,39,72,111
140696,11,8,2,1,2,0,4,3,4,1,6,7
140720,11,8,2,2,3,0,1,5,1,2,4,6
140818,11,8,2,2,25,5,13,27,18,7,38,45
140942,11,8,2,31,38,44,144,69,188,75,182,257
140951,11,8,2,13,12,15,20,25,35,28,32,60
140960,11,8,2,5,14,3,14,19,17,8,28,36
140988,11,8,2,4,14,4,22,18,26,8,36,44
141006,11,8,2,6,30,34,38,36,72,40,68,108
141060,11,8,2,0,2,37,124,2,161,37,126,163
141255,11,8,2,7,41,48,93,48,141,55,134,189
141264,11,8,2,15,44,26,114,59,140,41,158,199
141334,11,8,2,17,36,24,66,53,90,41,102,143
141565,11,8,2,6,20,19,34,26,53,25,54,79
141574,11,8,2,25,54,48,66,79,114,73,120,193
141644,11,8,2,20,13,27,12,33,39,47,25,72
141680,11,8,2,22,5,44,67,27,111,66,72,138
141796,11,8,2,16,32,58,169,48,227,74,201,275
141802,11,8,2,4,2,11,36,6,47,15,38,53
141811,11,8,2,23,29,60,192,52,252,83,221,304
141839,11,8,2,11,18,24,82,29,106,35,100,135
141981,11,8,2,28,50,43,99,78,142,71,149,220
141990,11,8,2,5,35,29,93,40,122,34,128,162
142115,11,8,2,55,96,136,250,151,386,191,346,537
142179,11,8,2,6,19,11,63,25,74,17,82,99
142276,11,8,2,30,85,70,125,115,195,100,210,310
142285,11,8,2,15,23,26,30,38,56,41,53,94
142407,11,8,2,2,1,0,0,3,0,2,1,3
142443,11,8,2,16,35,27,98,51,125,43,133,176
142461,11,8,2,1,9,2,16,10,18,3,25,28
142522,11,8,2,79,214,1258,3245,293,4503,1337,3459,4796
142559,11,8,2,18,25,41,111,43,152,59,136,195
142832,11,8,2,0,0,4,0,0,4,4,0,4
143118,11,8,2,3,34,8,46,37,54,11,80,91
143215,11,8,2,25,42,119,221,67,340,144,263,407
143279,11,8,2,4,10,43,105,14,148,47,115,162
143288,11,8,2,2,5,0,1,7,1,2,6,8
143358,11,8,2,3,0,2,3,3,5,5,3,8
143376,11,8,2,0,8,0,2,8,2,0,10,10
143613,11,8,2,7,11,5,38,18,43,12,49,61
144157,11,8,2,24,40,32,94,64,126,56,134,190
144166,11,8,2,21,105,64,279,126,343,85,384,469
144175,11,8,2,21,36,36,98,57,134,57,134,191
144184,11,8,2,20,90,180,390,110,570,200,480,680
144193,11,8,2,29,46,116,302,75,418,145,348,493
144209,11,8,2,8,19,32,79,27,111,40,98,138
144218,11,8,2,14,49,158,369,63,527,172,418,590
144351,11,8,2,7,14,7,10,21,17,14,24,38
144564,11,8,2,11,15,43,34,26,77,54,49,103
144740,11,8,2,19,24,60,70,43,130,79,94,173
144865,11,8,2,33,54,325,792,87,1117,358,846,1204
144883,11,8,2,3,7,0,0,10,0,3,7,10
144892,11,8,2,16,40,36,88,56,124,52,128,180
144944,11,8,2,17,29,175,337,46,512,192,366,558
144962,11,8,2,8,24,2,4,32,6,10,28,38
144971,11,8,2,0,7,0,5,7,5,0,12,12
145099,11,8,2,0,13,0,0,13,0,0,13,13
145336,11,8,2,12,37,45,103,49,148,57,140,197
145372,11,8,2,0,6,4,13,6,17,4,19,23
145521,11,8,2,2,8,15,36,10,51,17,44,61
145600,11,8,2,24,30,28,48,54,76,52,78,130
145619,11,8,2,3,9,3,13,12,16,6,22,28
145637,11,8,2,6,2,6,17,8,23,12,19,31
145682,11,8,2,12,21,77,194,33,271,89,215,304
145691,11,8,2,0,7,0,7,7,7,0,14,14
145707,11,8,2,6,6,3,8,12,11,9,14,23
145813,11,8,2,16,31,15,28,47,43,31,59,90
145831,11,8,2,3,14,24,37,17,61,27,51,78
146205,11,8,2,12,21,43,48,33,91,55,69,124
146278,11,8,2,7,19,25,47,26,72,32,66,98
146296,11,8,2,10,19,112,315,29,427,122,334,456
146339,11,8,2,7,12,1,13,19,14,8,25,33
146348,11,8,2,3,12,28,62,15,90,31,74,105
146366,11,8,2,15,19,31,38,34,69,46,57,103
146418,11,8,2,6,17,22,61,23,83,28,78,106
146427,11,8,2,0,2,0,1,2,1,0,3,3
146472,11,8,2,24,62,217,562,86,779,241,624,865
146481,11,8,2,1,2,0,2,3,2,1,4,5
146506,11,8,2,12,38,28,47,50,75,40,85,125
146533,11,8,2,1,1,0,1,2,1,1,2,3
146603,11,8,2,7,10,21,72,17,93,28,82,110
146612,11,8,2,8,12,20,30,20,50,28,42,70
146685,11,8,2,11,25,43,158,36,201,54,183,237
146700,11,8,2,29,6,0,0,35,0,29,6,35
146719,11,8,2,8,22,12,45,30,57,20,67,87
147004,11,8,2,10,20,71,218,30,289,81,238,319
147013,11,8,2,2,19,10,17,21,27,12,36,48
147129,11,8,2,2,12,4,25,14,29,6,37,43
147244,11,8,2,2,13,0,8,15,8,2,21,23
147369,11,8,2,22,13,28,27,35,55,50,40,90
147378,11,8,2,10,20,85,229,30,314,95,249,344
147411,11,8,2,1,6,28,86,7,114,29,92,121
147536,11,8,2,13,121,19,187,134,206,32,308,340
147590,11,8,2,1,2,0,3,3,3,1,5,6
147660,11,8,2,2,3,0,3,5,3,2,6,8
147679,11,8,2,0,4,3,6,4,9,3,10,13
147776,11,8,2,20,40,40,80,60,120,60,120,180
147800,11,8,2,12,22,160,413,34,573,172,435,607
147828,11,8,2,1,4,4,11,5,15,5,15,20
147916,11,8,2,8,22,65,131,30,196,73,153,226
148007,11,8,2,9,17,34,101,26,135,43,118,161
148131,11,8,2,3,2,0,6,5,6,3,8,11
148256,11,8,2,5,24,23,39,29,62,28,63,91
148292,11,8,2,9,20,34,68,29,102,43,88,131
148380,11,8,2,15,20,100,150,35,250,115,170,285
148487,11,8,2,5,18,7,28,23,35,12,46,58
148511,11,8,2,1,1,0,6,2,6,1,7,8
148575,11,8,2,3,1,1,4,4,5,4,5,9
148627,11,8,2,1,4,6,8,5,14,7,12,19
148654,11,8,2,14,20,48,42,34,90,62,62,124
148672,11,8,2,2,7,10,35,9,45,12,42,54
148821,11,8,2,3,15,14,34,18,48,17,49,66
148876,11,8,2,9,80,3,44,89,47,12,124,136
148937,11,8,2,2,4,21,31,6,52,23,35,58
148991,11,8,2,0,4,10,24,4,34,10,28,38
149222,11,8,2,28,51,113,83,79,196,141,134,275
149231,11,8,2,10,20,33,104,30,137,43,124,167
149310,11,8,2,11,8,0,0,19,0,11,8,19
149365,11,8,2,7,40,26,106,47,132,33,146,179
149532,11,8,2,18,33,205,347,51,552,223,380,603
149727,11,8,2,7,17,83,230,24,313,90,247,337
149772,11,8,2,16,32,46,56,48,102,62,88,150
149842,11,8,2,11,40,172,494,51,666,183,534,717
150136,11,8,2,10,22,15,40,32,55,25,62,87
150163,11,8,2,0,1,0,1,1,1,0,2,2
150172,11,8,2,1,1,39,9,2,48,40,10,50
150534,11,8,2,3,7,2,8,10,10,5,15,20
150604,11,8,2,1,0,0,1,1,1,1,1,2
150668,11,8,2,3,0,1,6,3,7,4,6,10
150677,11,8,2,6,11,0,3,17,3,6,14,20
150765,11,8,2,0,4,0,0,4,0,0,4,4
150941,11,8,2,2,9,2,9,11,11,4,18,22
150987,11,8,2,218,560,1322,2240,778,3562,1540,2800,4340
151111,11,8,2,42,84,62,112,126,174,104,196,300
151263,11,8,2,3,7,10,33,10,43,13,40,53
151290,11,8,2,0,1,0,0,1,0,0,1,1
151306,11,8,2,8,15,16,58,23,74,24,73,97
151324,11,8,2,16,45,81,134,61,215,97,179,276
151333,11,8,2,11,25,22,25,36,47,33,50,83
151342,11,8,2,13,29,19,41,42,60,32,70,102
151351,11,8,2,4,11,7,14,15,21,11,25,36
151360,11,8,2,4,38,19,63,42,82,23,101,124
151379,11,8,2,7,14,26,56,21,82,33,70,103
151388,11,8,2,14,36,61,102,50,163,75,138,213
151661,11,8,2,28,5,0,0,33,0,28,5,33
151777,11,8,2,0,1,0,1,1,1,0,2,2
151962,11,8,2,16,22,6,6,38,12,22,28,50
152080,11,8,2,1,0,0,0,1,0,1,0,1
152336,11,8,2,4,19,2,19,23,21,6,38,44
152390,11,8,2,0,2,0,0,2,0,0,2,2
152567,11,8,2,1,2,0,2,3,2,1,4,5
152600,11,8,2,2,9,0,5,11,5,2,14,16
152637,11,8,2,35,51,62,56,86,118,97,107,204
152798,11,8,2,1,1,0,4,2,4,1,5,6
152992,11,8,2,2,3,0,13,5,13,2,16,18
153001,11,8,2,9,56,8,18,65,26,17,74,91
153083,11,8,2,0,2,0,0,2,0,0,2,2
153108,11,8,2,0,0,0,1,0,1,0,1,1
153126,11,8,2,1,6,3,1,7,4,4,7,11
153144,11,8,2,1,1,0,2,2,2,1,3,4
153162,11,8,2,1,1,0,0,2,0,1,1,2
153214,11,8,2,42,78,180,327,120,507,222,405,627
153241,11,8,2,1,1,1,2,2,3,2,3,5
153250,11,8,2,0,1,0,0,1,0,0,1,1
153269,11,8,2,2,5,1,4,7,5,3,9,12
153302,11,8,2,0,0,0,2,0,2,0,2,2
153311,11,8,2,28,41,36,122,69,158,64,163,227
153366,11,8,2,1,4,0,6,5,6,1,10,11
153445,11,8,2,13,24,17,43,37,60,30,67,97
153472,11,8,2,15,26,5,29,41,34,20,55,75
153524,11,8,2,29,30,25,70,59,95,54,100,154
153533,11,8,2,3,9,2,18,12,20,5,27,32
153621,11,8,2,1,3,0,2,4,2,1,5,6
153630,11,8,2,18,23,19,69,41,88,37,92,129
153658,11,8,2,22,21,48,71,43,119,70,92,162
153737,11,8,2,36,68,102,188,104,290,138,256,394
153825,11,8,2,0,0,3,5,0,8,3,5,8
154004,11,8,2,0,1,0,6,1,6,0,7,7
154013,11,8,2,3,18,12,36,21,48,15,54,69
154110,11,8,2,10,18,11,79,28,90,21,97,118
154174,11,8,2,0,0,1,0,0,1,1,0,1
154235,11,8,2,3,5,6,14,8,20,9,19,28
154262,11,8,2,0,1,1,10,1,11,1,11,12
154350,11,8,2,2,6,3,11,8,14,5,17,22
154396,11,8,2,4,12,5,28,16,33,9,40,49
154493,11,8,2,35,87,68,130,122,198,103,217,320
154572,11,8,2,21,25,20,89,46,109,41,114,155
154697,11,8,2,19,28,100,115,47,215,119,143,262
154712,11,8,2,0,0,0,5,0,5,0,5,5
154800,11,8,2,22,40,69,155,62,224,91,195,286
154907,11,8,2,3,12,1,14,15,15,4,26,30
154925,11,8,2,2,7,10,18,9,28,12,25,37
154934,11,8,2,15,12,8,23,27,31,23,35,58
154952,11,8,2,12,21,17,44,33,61,29,65,94
154998,11,8,2,4,4,11,25,8,36,15,29,44
155025,11,8,2,8,18,4,6,26,10,12,24,36
155052,11,8,2,3,8,3,3,11,6,6,11,17
155089,11,8,2,2,10,14,13,12,27,16,23,39
155098,11,8,2,6,6,1,7,12,8,7,13,20
155104,11,8,2,0,8,15,31,8,46,15,39,54
155140,11,8,2,4,5,4,2,9,6,8,7,15
155177,11,8,2,0,4,1,2,4,3,1,6,7
155195,11,8,2,10,27,54,154,37,208,64,181,245
155210,11,8,2,37,56,177,299,93,476,214,355,569
155292,11,8,2,17,24,88,114,41,202,105,138,243
155317,11,8,2,25,25,42,67,50,109,67,92,159
155399,11,8,2,25,39,37,89,64,126,62,128,190
155414,11,8,2,2,2,2,1,4,3,4,3,7
155423,11,8,2,16,7,1,5,23,6,17,12,29
155487,11,8,2,2,5,4,4,7,8,6,9,15
155511,11,8,2,1,1,0,0,2,0,1,1,2
155566,11,8,2,1,7,2,27,8,29,3,34,37
155618,11,8,2,0,1,14,7,1,21,14,8,22
155715,11,8,2,0,2,7,31,2,38,7,33,40
155812,11,8,2,10,8,2,3,18,5,12,11,23
155858,11,8,2,6,5,6,30,11,36,12,35,47
155900,11,8,2,1,5,41,20,6,61,42,25,67
156082,11,8,2,16,47,21,50,63,71,37,97,134
156107,11,8,2,51,26,64,77,77,141,115,103,218
156125,11,8,2,29,97,99,156,126,255,128,253,381
156213,11,8,2,5,9,14,20,14,34,19,29,48
156231,11,8,2,18,43,21,48,61,69,39,91,130
156286,11,8,2,7,10,3,5,17,8,10,15,25
156295,11,8,2,0,0,1,1,0,2,1,1,2
156338,11,8,2,19,25,42,68,44,110,61,93,154
156356,11,8,2,2,7,1,5,9,6,3,12,15
156392,11,8,2,56,68,122,217,124,339,178,285,463
156426,11,8,2,1,4,1,1,5,2,2,5,7
156541,11,8,2,43,174,39,94,217,133,82,268,350
156620,11,8,2,84,122,92,92,206,184,176,214,390
156648,11,8,2,40,49,100,120,89,220,140,169,309
156790,11,8,2,11,30,66,50,41,116,77,80,157
156842,11,8,2,0,2,0,1,2,1,0,3,3
156851,11,8,2,5,10,9,45,15,54,14,55,69
156860,11,8,2,11,18,31,59,29,90,42,77,119
156921,11,8,2,56,51,185,234,107,419,241,285,526
157030,11,8,2,1,0,0,0,1,0,1,0,1
157058,11,8,2,1,4,2,5,5,7,3,9,12
157076,11,8,2,1,6,1,1,7,2,2,7,9
157085,11,8,2,19,35,45,104,54,149,64,139,203
157216,11,8,2,6,29,2,8,35,10,8,37,45
157289,11,8,2,40,59,89,130,99,219,129,189,318
157304,11,8,2,14,38,151,88,52,239,165,126,291
157331,11,8,2,12,44,26,69,56,95,38,113,151
157386,11,8,2,7,33,17,34,40,51,24,67,91
157401,11,8,2,10,39,27,29,49,56,37,68,105
157438,11,8,2,22,31,64,110,53,174,86,141,227
157447,11,8,2,28,62,67,185,90,252,95,247,342
157483,11,8,2,26,32,162,97,58,259,188,129,317
157535,11,8,2,1,6,2,1,7,3,3,7,10
157553,11,8,2,31,38,28,38,69,66,59,76,135
157614,11,8,2,0,2,0,2,2,2,0,4,4
157650,11,8,2,1,0,0,3,1,3,1,3,4
157669,11,8,2,0,1,0,0,1,0,0,1,1
157711,11,8,2,43,58,61,103,101,164,104,161,265
157739,11,8,2,12,33,36,51,45,87,48,84,132
157757,11,8,2,2,18,5,20,20,25,7,38,45
157951,11,8,2,21,62,49,93,83,142,70,155,225
158662,11,8,2,78,180,205,667,258,872,283,847,1130
158802,11,8,2,0,7,0,5,7,5,0,12,12
158884,11,8,2,9,24,20,77,33,97,29,101,130
159197,11,8,2,23,5,0,0,28,0,23,5,28
159382,11,8,2,31,103,50,154,134,204,81,257,338
159391,11,8,2,47,45,36,35,92,71,83,80,163
159407,11,8,2,4,20,9,80,24,89,13,100,113
159647,11,8,2,3,7,11,14,10,25,14,21,35
159656,11,8,2,4,6,4,16,10,20,8,22,30
159717,11,8,2,10,34,14,46,44,60,24,80,104
159939,11,8,2,18,22,27,52,40,79,45,74,119
159966,11,8,2,15,44,14,39,59,53,29,83,112
159993,11,8,2,7,24,20,100,31,120,27,124,151
160010,11,8,2,8,3,12,27,11,39,20,30,50
160472,11,8,2,1,2,0,1,3,1,1,3,4
160579,11,8,2,28,33,23,58,61,81,51,91,142
160612,11,8,2,12,26,15,30,38,45,27,56,83
160621,11,8,2,5,25,12,29,30,41,17,54,71
160630,11,8,2,12,81,7,33,93,40,19,114,133
160649,11,8,2,12,81,7,73,93,80,19,154,173
160658,11,8,2,19,53,29,114,72,143,48,167,215
160667,11,8,2,28,30,18,26,58,44,46,56,102
160755,11,8,2,8,9,26,55,17,81,34,64,98
160904,11,8,2,1,0,2,3,1,5,3,3,6
161004,11,8,2,0,1,0,0,1,0,0,1,1
161077,11,8,2,11,25,31,95,36,126,42,120,162
161138,11,8,2,14,21,42,58,35,100,56,79,135
161192,11,8,2,9,17,22,76,26,98,31,93,124
161208,11,8,2,2,0,0,0,2,0,2,0,2
161217,11,8,2,33,68,103,266,101,369,136,334,470
161226,11,8,2,1,4,4,5,5,9,5,9,14
161235,11,8,2,4,11,7,60,15,67,11,71,82
161253,11,8,2,8,17,55,52,25,107,63,69,132
161299,11,8,2,1,0,0,0,1,0,1,0,1
161341,11,8,2,19,40,23,77,59,100,42,117,159
161457,11,8,2,1,3,23,45,4,68,24,48,72
161484,11,8,2,8,5,10,29,13,39,18,34,52
161493,11,8,2,0,2,0,0,2,0,0,2,2
161509,11,8,2,0,1,0,1,1,1,0,2,2
161545,11,8,2,20,24,76,163,44,239,96,187,283
161554,11,8,2,18,29,32,59,47,91,50,88,138
161572,11,8,2,42,179,0,0,221,0,42,179,221
161581,11,8,2,3,10,14,45,13,59,17,55,72
161688,11,8,2,2,16,19,130,18,149,21,146,167
161767,11,8,2,32,38,125,376,70,501,157,414,571
161864,11,8,2,12,27,77,237,39,314,89,264,353
161873,11,8,2,17,35,33,64,52,97,50,99,149
162104,11,8,2,2,6,16,60,8,76,18,66,84
162122,11,8,2,11,32,47,151,43,198,58,183,241
162168,11,8,2,0,5,11,52,5,63,11,57,68
162210,11,8,2,5,24,4,11,29,15,9,35,44
162283,11,8,2,6,37,8,62,43,70,14,99,113
162584,11,8,2,5,6,5,39,11,44,10,45,55
162654,11,8,2,0,0,0,2,0,2,0,2,2
162690,11,8,2,10,16,29,103,26,132,39,119,158
162706,11,8,2,6,19,31,122,25,153,37,141,178
162830,11,8,2,0,2,0,0,2,0,0,2,2
163028,11,8,2,16,5,26,3,21,29,42,8,50
163204,11,8,2,475,478,2237,2050,953,4287,2712,2528,5240
163259,11,8,2,1,30,3,22,31,25,4,52,56
163268,11,8,2,11,18,22,33,29,55,33,51,84
163286,11,8,2,21,10,35,30,31,65,56,40,96
163295,11,8,2,1,0,4,7,1,11,5,7,12
163338,11,8,2,3,4,8,14,7,22,11,18,29
163453,11,8,2,18,30,12,26,48,38,30,56,86
163462,11,8,2,6,1,9,15,7,24,15,16,31
163578,11,8,2,1,16,3,29,17,32,4,45,49
163851,11,8,2,9,29,5,13,38,18,14,42,56
163912,11,8,2,1,3,0,0,4,0,1,3,4
164076,11,8,2,13,32,24,51,45,75,37,83,120
164216,11,8,2,0,0,1,0,0,1,1,0,1
164270,11,8,2,1,1,1,0,2,1,2,1,3
164313,11,8,2,2,10,20,101,12,121,22,111,133
164492,11,8,2,5,3,32,2,8,34,37,5,42
164599,11,8,2,0,0,2,5,0,7,2,5,7
164632,11,8,2,0,28,0,95,28,95,0,123,123
164775,11,8,2,3,12,16,65,15,81,19,77,96
164845,11,8,2,1,2,0,2,3,2,1,4,5
164872,11,8,2,3,3,5,8,6,13,8,11,19
164988,11,8,2,3,1,22,27,4,49,25,28,53
165015,11,8,2,0,0,1,0,0,1,1,0,1
165024,11,8,2,13,21,21,62,34,83,34,83,117
165033,11,8,2,15,43,50,210,58,260,65,253,318
165112,11,8,2,17,43,128,310,60,438,145,353,498
165167,11,8,2,4,12,28,127,16,155,32,139,171
165194,11,8,2,3,12,34,118,15,152,37,130,167
165264,11,8,2,0,15,11,123,15,134,11,138,149
165334,11,8,2,1,1,0,3,2,3,1,4,5
165556,11,8,2,0,6,1,0,6,1,1,6,7
165662,11,8,2,2,0,0,0,2,0,2,0,2
165671,11,8,2,0,0,1,9,0,10,1,9,10
165820,11,8,2,5,19,32,86,24,118,37,105,142
165866,11,8,2,8,8,10,16,16,26,18,24,42
165936,11,8,2,0,0,0,1,0,1,0,1,1
165981,11,8,2,4,10,19,66,14,85,23,76,99
166018,11,8,2,1,2,0,0,3,0,1,2,3
166027,11,8,2,17,19,141,134,36,275,158,153,311
166133,11,8,2,13,22,45,134,35,179,58,156,214
166391,11,8,2,0,4,1,3,4,4,1,7,8
166513,11,8,2,32,29,187,144,61,331,219,173,392
166629,11,8,2,16,16,58,128,32,186,74,144,218
166647,11,8,2,5,12,41,155,17,196,46,167,213
166674,11,8,2,1,1,6,10,2,16,7,11,18
166717,11,8,2,1,1,0,2,2,2,1,3,4
166823,11,8,2,15,25,57,203,40,260,72,228,300
166850,11,8,2,0,9,2,12,9,14,2,21,23
166887,11,8,2,8,23,65,198,31,263,73,221,294
166911,11,8,2,1,0,0,0,1,0,1,0,1
166939,11,8,2,0,5,0,5,5,5,0,10,10
166957,11,8,2,5,21,40,130,26,170,45,151,196
167288,11,8,2,1,3,2,11,4,13,3,14,17
167312,11,8,2,13,31,64,198,44,262,77,229,306
167376,11,8,2,6,21,37,138,27,175,43,159,202
167394,11,8,2,6,22,3,23,28,26,9,45,54
167534,11,8,2,19,63,80,261,82,341,99,324,423
167598,11,8,2,3,8,5,23,11,28,8,31,39
167729,11,8,2,9,26,18,34,35,52,27,60,87
167783,11,8,2,0,7,0,23,7,23,0,30,30
167835,11,8,2,0,10,0,0,10,0,0,10,10
167871,11,8,2,0,8,0,0,8,0,0,8,8
167905,11,8,2,21,14,52,119,35,171,73,133,206
167987,11,8,2,10,32,35,65,42,100,45,97,142
168005,11,8,2,1,4,2,0,5,2,3,4,7
168148,11,8,2,5,1,6,0,6,6,11,1,12
168227,11,8,2,7,0,13,1,7,14,20,1,21
168254,11,8,2,2,0,2,3,2,5,4,3,7
168421,11,8,2,0,0,1,0,0,1,1,0,1
168430,11,8,2,0,11,14,33,11,47,14,44,58
168528,11,8,2,0,0,0,1,0,1,0,1,1
168591,11,8,2,1,1,0,0,2,0,1,1,2
168607,11,8,2,5,8,5,16,13,21,10,24,34
168740,11,8,2,5,1,9,9,6,18,14,10,24
168786,11,8,2,0,1,5,9,1,14,5,10,15
168847,11,8,2,12,59,56,187,71,243,68,246,314
168892,11,8,2,0,5,0,3,5,3,0,8,8
169248,11,8,2,25,42,37,130,67,167,62,172,234
169275,11,8,2,23,25,84,239,48,323,107,264,371
169284,11,8,2,0,2,3,2,2,5,3,4,7
169442,11,8,2,3,2,2,5,5,7,5,7,12
169503,11,8,2,1,7,0,0,8,0,1,7,8
169521,11,8,2,23,35,133,263,58,396,156,298,454
169576,11,8,2,1,10,0,0,11,0,1,10,11
169655,11,8,2,57,4,0,0,61,0,57,4,61
169716,11,8,2,1,6,2,10,7,12,3,16,19
169798,11,8,2,18,43,83,226,61,309,101,269,370
169910,11,8,2,14,21,84,115,35,199,98,136,234
169992,11,8,2,5,10,4,18,15,22,9,28,37
170000,11,8,2,24,43,27,37,67,64,51,80,131
170055,11,8,2,15,20,214,305,35,519,229,325,554
170082,11,8,2,15,22,31,53,37,84,46,75,121
170240,11,8,2,30,56,192,256,86,448,222,312,534
170550,11,8,2,5,25,49,157,30,206,54,182,236
170587,11,8,2,17,32,23,43,49,66,40,75,115
170639,11,8,2,2,3,4,9,5,13,6,12,18
170657,11,8,2,21,46,165,258,67,423,186,304,490
170675,11,8,2,5,2,6,9,7,15,11,11,22
170790,11,8,2,30,70,322,482,100,804,352,552,904
170806,11,8,2,1,19,9,22,20,31,10,41,51
170976,11,8,2,7,10,1,8,17,9,8,18,26
171100,11,8,2,8,6,16,20,14,36,24,26,50
171137,11,8,2,11,13,24,35,24,59,35,48,83
171146,11,8,2,23,56,47,134,79,181,70,190,260
171155,11,8,2,9,24,29,68,33,97,38,92,130
171225,11,8,2,3,6,46,91,9,137,49,97,146
171304,11,8,2,4,9,59,119,13,178,63,128,191
171456,11,8,2,8,17,17,28,25,45,25,45,70
171483,11,8,2,18,14,41,90,32,131,59,104,163
171492,11,8,2,12,21,62,52,33,114,74,73,147
171571,11,8,2,22,62,37,67,84,104,59,129,188
172200,11,8,2,16,30,95,307,46,402,111,337,448
172291,11,8,2,12,31,32,76,43,108,44,107,151
172307,11,8,2,2,15,17,56,17,73,19,71,90
172334,11,8,2,2,15,7,32,17,39,9,47,56
172617,11,8,2,33,50,232,376,83,608,265,426,691
172644,11,8,2,15,41,65,95,56,160,80,136,216
172699,11,8,2,15,18,26,45,33,71,41,63,104
173045,11,8,2,3,5,8,30,8,38,11,35,46
173142,11,8,2,0,1,1,1,1,2,1,2,3
173160,11,8,2,1,1,17,41,2,58,18,42,60
173258,11,8,2,0,0,1,0,0,1,1,0,1
173452,11,8,2,2,0,8,32,2,40,10,32,42
173665,11,8,2,0,6,1,5,6,6,1,11,12
174066,11,8,2,15,8,48,62,23,110,63,70,133
174075,11,8,2,20,17,42,66,37,108,62,83,145
174233,11,8,2,4,4,5,4,8,9,9,8,17
174251,11,8,2,0,0,0,2,0,2,0,2,2
174491,11,8,2,2,4,8,16,6,24,10,20,30
174507,11,8,2,1,5,7,19,6,26,8,24,32
174747,11,8,2,0,0,0,2,0,2,0,2,2
174792,11,8,2,0,0,1,0,0,1,1,0,1
174899,11,8,2,2,24,13,36,26,49,15,60,75
174914,11,8,2,1,2,7,12,3,19,8,14,22
174978,11,8,2,0,3,0,2,3,2,0,5,5
175005,11,8,2,4,38,13,80,42,93,17,118,135
175014,11,8,2,22,127,27,153,149,180,49,280,329
175120,11,8,2,19,10,0,0,29,0,19,10,29
175227,11,8,2,8,3,16,2,11,18,24,5,29
175421,11,8,2,11,30,25,74,41,99,36,104,140
175430,11,8,2,2,2,1,1,4,2,3,3,6
175573,11,8,2,6,15,6,28,21,34,12,43,55
175616,11,8,2,3,15,7,17,18,24,10,32,42
175652,11,8,2,13,33,15,32,46,47,28,65,93
175786,11,8,2,51,133,46,135,184,181,97,268,365
175810,11,8,2,19,97,19,90,116,109,38,187,225
175829,11,8,2,10,26,13,55,36,68,23,81,104
175856,11,8,2,21,87,14,63,108,77,35,150,185
175883,11,8,2,16,32,10,39,48,49,26,71,97
175935,11,8,2,12,68,16,54,80,70,28,122,150
176008,11,8,2,3,19,14,15,22,29,17,34,51
176017,11,8,2,7,37,24,60,44,84,31,97,128
176035,11,8,2,3,38,3,22,41,25,6,60,66
176044,11,8,2,8,23,14,9,31,23,22,32,54
176053,11,8,2,1,6,5,17,7,22,6,23,29
176080,11,8,2,20,71,59,87,91,146,79,158,237
176178,11,8,2,11,49,11,54,60,65,22,103,125
176239,11,8,2,15,81,13,45,96,58,28,126,154
176318,11,8,2,3,5,0,1,8,1,3,6,9
176372,11,8,2,36,103,70,83,139,153,106,186,292
176433,11,8,2,0,4,0,1,4,1,0,5,5
176451,11,8,2,0,0,1,0,0,1,1,0,1
176479,11,8,2,24,75,7,34,99,41,31,109,140
176628,11,8,2,3,19,0,7,22,7,3,26,29
176947,11,8,2,0,4,0,0,4,0,0,4,4
176965,11,8,2,9,22,45,49,31,94,54,71,125
176983,11,8,2,1,0,0,0,1,0,1,0,1
177038,11,8,2,2,6,1,1,8,2,3,7,10
177135,11,8,2,21,19,18,58,40,76,39,77,116
177144,11,8,2,2,2,0,1,4,1,2,3,5
177214,11,8,2,0,1,0,0,1,0,0,1,1
177250,11,8,2,6,8,22,33,14,55,28,41,69
177302,11,8,2,63,4,0,0,67,0,63,4,67
177418,11,8,2,0,4,3,9,4,12,3,13,16
177472,11,8,2,43,90,103,191,133,294,146,281,427
177676,11,8,2,7,20,22,52,27,74,29,72,101
177685,11,8,2,1,3,0,0,4,0,1,3,4
177940,11,8,2,7,10,1,11,17,12,8,21,29
177977,11,8,2,5,2,7,2,7,9,12,4,16
177986,11,8,2,2,3,5,17,5,22,7,20,27
177995,11,8,2,33,58,144,324,91,468,177,382,559
178059,11,8,2,19,38,81,220,57,301,100,258,358
178217,11,8,2,5,20,14,33,25,47,19,53,72
178341,11,8,2,21,32,26,60,53,86,47,92,139
178369,11,8,2,1,4,1,5,5,6,2,9,11
178387,11,8,2,7,21,6,22,28,28,13,43,56
178396,11,8,2,12,18,17,40,30,57,29,58,87
178402,11,8,2,17,31,19,32,48,51,36,63,99
178411,11,8,2,0,0,9,0,0,9,9,0,9
178420,11,8,2,31,52,57,92,83,149,88,144,232
178448,11,8,2,6,30,21,74,36,95,27,104,131
178615,11,8,2,0,1,14,25,1,39,14,26,40
178624,11,8,2,5,18,19,42,23,61,24,60,84
178679,11,8,2,6,3,5,1,9,6,11,4,15
178721,11,8,2,139,117,293,183,256,476,432,300,732
178891,11,8,2,17,3,38,4,20,42,55,7,62
178989,11,8,2,0,20,0,2,20,2,0,22,22
179043,11,8,2,2,13,3,35,15,38,5,48,53
179308,11,8,2,38,93,166,591,131,757,204,684,888
179326,11,8,2,7,12,2,27,19,29,9,39,48
179344,11,8,2,7,15,6,21,22,27,13,36,49
179539,11,8,2,8,26,24,44,34,68,32,70,102
179557,11,8,2,12,46,18,52,58,70,30,98,128
179566,11,8,2,30,84,49,96,114,145,79,180,259
179645,11,8,2,19,43,9,49,62,58,28,92,120
179715,11,8,2,3,18,7,32,21,39,10,50,60
179867,11,8,2,2,1,38,118,3,156,40,119,159
179894,11,8,2,11,16,30,40,27,70,41,56,97
179946,11,8,2,0,1,0,1,1,1,0,2,2
180081,11,8,2,4,3,4,1,7,5,8,4,12
180106,11,8,2,3,3,0,1,6,1,3,4,7
180151,11,8,2,0,2,1,12,2,13,1,14,15
180179,11,8,2,35,47,24,84,82,108,59,131,190
180197,11,8,2,12,12,20,52,24,72,32,64,96
180249,11,8,2,5,15,14,32,20,46,19,47,66
180258,11,8,2,6,21,9,26,27,35,15,47,62
180276,11,8,2,5,7,7,24,12,31,12,31,43
180416,11,8,2,6,5,3,4,11,7,9,9,18
180461,11,8,2,20,40,13,38,60,51,33,78,111
180522,11,8,2,4,8,13,15,12,28,17,23,40
180595,11,8,2,2,1,1,2,3,3,3,3,6
180647,11,8,2,13,34,2,18,47,20,15,52,67
180692,11,8,2,0,19,11,68,19,79,11,87,98
180814,11,8,2,397,654,275,431,1051,706,672,1085,1757
180902,11,8,2,14,16,70,187,30,257,84,203,287
180948,11,8,2,8,20,11,30,28,41,19,50,69
181002,11,8,2,4,2,2,8,6,10,6,10,16
181020,11,8,2,5,5,5,8,10,13,10,13,23
181127,11,8,2,0,1,0,0,1,0,0,1,1
181145,11,8,2,0,1,0,0,1,0,0,1,1
181190,11,8,2,0,6,0,0,6,0,0,6,6
181215,11,8,2,5,35,11,33,40,44,16,68,84
181297,11,8,2,7,15,2,18,22,20,9,33,42
181303,11,8,2,57,58,251,301,115,552,308,359,667
181312,11,8,2,4,9,21,49,13,70,25,58,83
181330,11,8,2,1,16,1,3,17,4,2,19,21
181394,11,8,2,57,67,118,62,124,180,175,129,304
181428,11,8,2,2,11,0,27,13,27,2,38,40
181446,11,8,2,4,6,7,11,10,18,11,17,28
181464,11,8,2,10,8,18,5,18,23,28,13,41
181491,11,8,2,4,14,237,63,18,300,241,77,318
181604,11,8,2,0,14,0,3,14,3,0,17,17
181640,11,8,2,27,35,106,161,62,267,133,196,329
181738,11,8,2,0,5,1,14,5,15,1,19,20
181783,11,8,2,4,15,10,19,19,29,14,34,48
181817,11,8,2,3,12,13,35,15,48,16,47,63
182005,11,8,2,105,165,500,729,270,1229,605,894,1499
182281,11,8,2,79,142,106,183,221,289,185,325,510
182290,11,8,2,22,25,44,63,47,107,66,88,154
182306,11,8,2,17,37,63,125,54,188,80,162,242
182500,11,8,2,30,38,170,221,68,391,200,259,459
182564,11,8,2,12,15,72,99,27,171,84,114,198
182704,11,8,2,0,4,0,0,4,0,0,4,4
182722,11,8,2,4,9,0,7,13,7,4,16,20
182892,11,8,2,0,0,0,1,0,1,0,1,1
182980,11,8,2,9,25,2,3,34,5,11,28,39
183026,11,8,2,1274,2400,5408,11112,3674,16520,6682,13512,20194
183044,11,8,2,1,5,2,2,6,4,3,7,10
183062,11,8,2,2,2,4,1,4,5,6,3,9
183071,11,8,2,2,1,5,3,3,8,7,4,11
183080,11,8,2,3,2,2,1,5,3,5,3,8
183239,11,8,2,0,1,0,0,1,0,0,1,1
183257,11,8,2,18,51,34,89,69,123,52,140,192
183488,11,8,2,3,25,1,18,28,19,4,43,47
183655,11,8,2,9,32,42,133,41,175,51,165,216
183743,11,8,2,24,90,68,208,114,276,92,298,390
183789,11,8,2,11,80,15,84,91,99,26,164,190
183822,11,8,2,2,6,0,5,8,5,2,11,13
183859,11,8,2,9,27,57,180,36,237,66,207,273
183910,11,8,2,0,4,0,7,4,7,0,11,11
183938,11,8,2,23,46,108,326,69,434,131,372,503
184056,11,8,2,6,22,3,14,28,17,9,36,45
184180,11,8,2,8,16,33,91,24,124,41,107,148
184205,11,8,2,3,16,17,98,19,115,20,114,134
184427,11,8,2,3,0,4,0,3,4,7,0,7
184481,11,8,2,24,72,52,209,96,261,76,281,357
184603,11,8,2,7,9,44,73,16,117,51,82,133
184612,11,8,2,3,24,3,17,27,20,6,41,47
184694,11,8,2,1,1,1,1,2,2,2,2,4
184773,11,8,2,1,12,1,7,13,8,2,19,21
184782,11,8,2,17,44,43,104,61,147,60,148,208
184791,11,8,2,5,30,28,91,35,119,33,121,154
184816,11,8,2,0,3,0,3,3,3,0,6,6
184959,11,8,2,8,31,5,35,39,40,13,66,79
184995,11,8,2,30,113,73,208,143,281,103,321,424
185262,11,8,2,22,85,23,75,107,98,45,160,205
185396,11,8,2,13,0,16,0,13,16,29,0,29
185509,11,8,2,8,20,83,168,28,251,91,188,279
185536,11,8,2,9,32,48,170,41,218,57,202,259
185572,11,8,2,3,2,0,2,5,2,3,4,7
185590,11,8,2,11,45,29,68,56,97,40,113,153
185721,11,8,2,3,11,2,7,14,9,5,18,23
185828,11,8,2,10,7,21,4,17,25,31,11,42
185873,11,8,2,13,17,34,143,30,177,47,160,207
186016,11,8,2,0,4,1,14,4,15,1,18,19
186034,11,8,2,7,30,46,186,37,232,53,216,269
186131,11,8,2,1,0,1,2,1,3,2,2,4
186201,11,8,2,4,17,5,24,21,29,9,41,50
186283,11,8,2,2,2,4,17,4,21,6,19,25
186371,11,8,2,20,49,19,69,69,88,39,118,157
186380,11,8,2,16,45,32,75,61,107,48,120,168
186399,11,8,2,27,42,48,64,69,112,75,106,181
186405,11,8,2,1,0,0,0,1,0,1,0,1
186432,11,8,2,2,19,6,11,21,17,8,30,38
186469,11,8,2,1,20,3,42,21,45,4,62,66
186584,11,8,2,1,6,2,4,7,6,3,10,13
186618,11,8,2,0,4,3,14,4,17,3,18,21
186645,11,8,2,12,13,119,127,25,246,131,140,271
186867,11,8,2,1,0,0,0,1,0,1,0,1
186876,11,8,2,20,59,8,13,79,21,28,72,100
187046,11,8,2,0,3,845,617,3,1462,845,620,1465
187134,11,8,2,1,6,2,2,7,4,3,8,11
187198,11,8,2,10,57,69,348,67,417,79,405,484
187444,11,8,2,17,70,42,131,87,173,59,201,260
187532,11,8,2,95,124,383,872,219,1255,478,996,1474
187620,11,8,2,31,36,56,167,67,223,87,203,290
187639,11,8,2,7,15,12,73,22,85,19,88,107
187648,11,8,2,27,72,68,95,99,163,95,167,262
187897,11,8,2,12,55,18,99,67,117,30,154,184
187958,11,8,2,8,12,23,63,20,86,31,75,106
187967,11,8,2,4,0,2,4,4,6,6,4,10
187976,11,8,2,0,3,26,22,3,48,26,25,51
187985,11,8,2,65,118,105,249,183,354,170,367,537
187994,11,8,2,4,11,12,40,15,52,16,51,67
188003,11,8,2,1,6,11,36,7,47,12,42,54
188021,11,8,2,0,8,4,41,8,45,4,49,53
188030,11,8,2,41,68,69,97,109,166,110,165,275
188049,11,8,2,0,3,18,45,3,63,18,48,66
188100,11,8,2,31,52,74,204,83,278,105,256,361
188137,11,8,2,8,21,60,172,29,232,68,193,261
188225,11,8,2,6,3,15,43,9,58,21,46,67
188261,11,8,2,7,8,81,9,15,90,88,17,105
188340,11,8,2,12,2,10,2,14,12,22,4,26
188429,11,8,2,1,18,1,11,19,12,2,29,31
188438,11,8,2,4,16,11,45,20,56,15,61,76
188517,11,8,2,2,11,1,7,13,8,3,18,21
188641,11,8,2,0,1,0,1,1,1,0,2,2
188854,11,8,2,0,1,0,0,1,0,0,1,1
189219,11,8,2,4,0,0,0,4,0,4,0,4
189228,11,8,2,23,54,20,48,77,68,43,102,145
189282,11,8,2,7,5,2,5,12,7,9,10,19
189547,11,8,2,17,27,23,71,44,94,40,98,138
189565,11,8,2,3,22,3,13,25,16,6,35,41
189583,11,8,2,6,27,7,18,33,25,13,45,58
189592,11,8,2,3,23,1,5,26,6,4,28,32
189705,11,8,2,1,2,1,1,3,2,2,3,5
189839,11,8,2,3,11,38,42,14,80,41,53,94
190044,11,8,2,0,0,0,2,0,2,0,2,2
190053,11,8,2,1,0,6,14,1,20,7,14,21
190071,11,8,2,1,4,1,16,5,17,2,20,22
190099,11,8,2,0,0,2,0,0,2,2,0,2
190169,11,8,2,12,8,24,39,20,63,36,47,83
190239,11,8,2,0,4,0,1,4,1,0,5,5
190415,11,8,2,2,1,2,2,3,4,4,3,7
190442,11,8,2,4,14,13,28,18,41,17,42,59
190503,11,8,2,16,13,13,3,29,16,29,16,45
190761,11,8,2,2,9,1,10,11,11,3,19,22
190840,11,8,2,16,13,21,77,29,98,37,90,127
191083,11,8,2,52,74,56,97,126,153,108,171,279
191126,11,8,2,9,19,10,43,28,53,19,62,81
191199,11,8,2,23,51,39,86,74,125,62,137,199
191205,11,8,2,1,1,0,1,2,1,1,2,3
191241,11,8,2,6,5,10,14,11,24,16,19,35
191302,11,8,2,2,12,10,34,14,44,12,46,58
191311,11,8,2,2,7,0,0,9,0,2,7,9
191339,11,8,2,9,34,25,64,43,89,34,98,132
191533,11,8,2,1,1,1,2,2,3,2,3,5
191597,11,8,2,2,49,2,25,51,27,4,74,78
191612,11,8,2,12,29,21,26,41,47,33,55,88
191649,11,8,2,0,0,1,4,0,5,1,4,5
191676,11,8,2,0,6,2,7,6,9,2,13,15
191719,11,8,2,35,40,62,144,75,206,97,184,281
191940,11,8,2,3,22,0,0,25,0,3,22,25
191986,11,8,2,10,29,12,42,39,54,22,71,93
192022,11,8,2,24,28,6,24,52,30,30,52,82
192192,11,8,2,2,26,3,9,28,12,5,35,40
192271,11,8,2,0,2,0,3,2,3,0,5,5
192323,11,8,2,0,5,6,14,5,20,6,19,25
192448,11,8,2,11,62,10,38,73,48,21,100,121
192703,11,8,2,9,4,19,7,13,26,28,11,39
192749,11,8,2,3,6,0,1,9,1,3,7,10
192785,11,8,2,2,13,11,63,15,74,13,76,89
192819,11,8,2,1,5,4,3,6,7,5,8,13
193016,11,8,2,21,114,64,70,135,134,85,184,269
193283,11,8,2,27,36,26,66,63,92,53,102,155
193292,11,8,2,6,13,6,37,19,43,12,50,62
193326,11,8,2,38,88,106,212,126,318,144,300,444
193380,11,8,2,0,0,1,12,0,13,1,12,13
193399,11,8,2,6,17,1,11,23,12,7,28,35
193478,11,8,2,22,72,62,242,94,304,84,314,398
193584,11,8,2,0,6,0,3,6,3,0,9,9
193654,11,8,2,4,9,9,21,13,30,13,30,43
193858,11,8,2,0,4,0,0,4,0,0,4,4
193900,11,8,2,16,22,24,22,38,46,40,44,84
193946,11,8,2,18,33,24,44,51,68,42,77,119
193973,11,8,2,1,49,3,4,50,7,4,53,57
193991,11,8,2,0,2,0,1,2,1,0,3,3
194028,11,8,2,21,22,8,17,43,25,29,39,68
194091,11,8,2,3,10,4,10,13,14,7,20,27
194116,11,8,2,0,6,4,56,6,60,4,62,66
194222,11,8,2,14,30,36,74,44,110,50,104,154
194240,11,8,2,7,18,21,88,25,109,28,106,134
194310,11,8,2,7,7,18,14,14,32,25,21,46
194392,11,8,2,1,0,0,0,1,0,1,0,1
194578,11,8,2,1,3,1,0,4,1,2,3,5
195003,11,8,2,7,8,10,11,15,21,17,19,36
195058,11,8,2,9,31,32,105,40,137,41,136,177
195067,11,8,2,1,6,0,3,7,3,1,9,10
195128,11,8,2,2,11,1,2,13,3,3,13,16
195164,11,8,2,3,1,0,1,4,1,3,2,5
195216,11,8,2,0,0,0,1,0,1,0,1,1
195234,11,8,2,3,2,1,4,5,5,4,6,10
195243,11,8,2,2,1,1,1,3,2,3,2,5
195322,11,8,2,6,23,15,41,29,56,21,64,85
195474,11,8,2,0,3,3,1,3,4,3,4,7
195526,11,8,2,1,0,0,0,1,0,1,0,1
195544,11,8,2,13,20,12,46,33,58,25,66,91
195702,11,8,2,1,1,2,5,2,7,3,6,9
195720,11,8,2,0,3,0,9,3,9,0,12,12
195988,11,8,2,1,6,28,23,7,51,29,29,58
196006,11,8,2,17,22,10,28,39,38,27,50,77
196015,11,8,2,21,67,25,62,88,87,46,129,175
196024,11,8,2,2,19,13,57,21,70,15,76,91
196033,11,8,2,6,3,3,3,9,6,9,6,15
196042,11,8,2,17,21,25,50,38,75,42,71,113
196051,11,8,2,3,8,4,13,11,17,7,21,28
196060,11,8,2,11,16,24,19,27,43,35,35,70
196079,11,8,2,7,6,2,4,13,6,9,10,19
196088,11,8,2,13,16,27,30,29,57,40,46,86
196097,11,8,2,8,16,25,26,24,51,33,42,75
196103,11,8,2,5,2,3,1,7,4,8,3,11
196112,11,8,2,7,12,16,17,19,33,23,29,52
196121,11,8,2,8,32,8,37,40,45,16,69,85
196130,11,8,2,16,20,16,23,36,39,32,43,75
196149,11,8,2,3,7,1,3,10,4,4,10,14
196158,11,8,2,3,6,2,2,9,4,5,8,13
196167,11,8,2,2,1,0,1,3,1,2,2,4
196176,11,8,2,9,13,10,6,22,16,19,19,38
196185,11,8,2,2,4,0,2,6,2,2,6,8
196194,11,8,2,8,16,18,27,24,45,26,43,69
196200,11,8,2,14,5,2,1,19,3,16,6,22
196219,11,8,2,2,4,4,6,6,10,6,10,16
196246,11,8,2,8,26,18,57,34,75,26,83,109
196255,11,8,2,1,12,0,1,13,1,1,13,14
196264,11,8,2,123,378,260,574,501,834,383,952,1335
196291,11,8,2,2,0,3,0,2,3,5,0,5
196307,11,8,2,0,1,2,5,1,7,2,6,8
196413,11,8,2,8,4,35,27,12,62,43,31,74
196565,11,8,2,12,23,9,64,35,73,21,87,108
196653,11,8,2,2,19,7,78,21,85,9,97,106
196699,11,8,2,3,10,31,38,13,69,34,48,82
197045,11,8,2,6,12,17,64,18,81,23,76,99
197285,11,8,2,12,63,2,9,75,11,14,72,86
197294,11,8,2,22,45,77,228,67,305,99,273,372
197337,11,8,2,0,6,0,0,6,0,0,6,6
197814,11,8,2,4,9,12,41,13,53,16,50,66
197850,11,8,2,2,19,9,84,21,93,11,103,114
197869,11,8,2,12,28,20,43,40,63,32,71,103
197887,11,8,2,32,45,74,179,77,253,106,224,330
197911,11,8,2,2,6,4,27,8,31,6,33,39
197966,11,8,2,5,29,17,66,34,83,22,95,117
197993,11,8,2,0,1,0,0,1,0,0,1,1
198066,11,8,2,1,1,0,0,2,0,1,1,2
198109,11,8,2,1,16,1,26,17,27,2,42,44
198118,11,8,2,12,21,16,87,33,103,28,108,136
198136,11,8,2,30,24,29,33,54,62,59,57,116
198154,11,8,2,92,54,680,549,146,1229,772,603,1375
198206,11,8,2,12,24,8,46,36,54,20,70,90
198260,11,8,2,47,119,158,364,166,522,205,483,688
198303,11,8,2,0,0,1,8,0,9,1,8,9
198330,11,8,2,29,39,34,56,68,90,63,95,158
198367,11,8,2,13,20,21,68,33,89,34,88,122
198455,11,8,2,15,14,86,177,29,263,101,191,292
198464,11,8,2,46,58,153,334,104,487,199,392,591
198507,11,8,2,15,41,11,42,56,53,26,83,109
198516,11,8,2,2,1,2,3,3,5,4,4,8
198534,11,8,2,100,160,152,334,260,486,252,494,746
198543,11,8,2,49,172,62,163,221,225,111,335,446
198552,11,8,2,38,56,103,279,94,382,141,335,476
198570,11,8,2,6,24,40,161,30,201,46,185,231
198598,11,8,2,2,1,6,18,3,24,8,19,27
198622,11,8,2,46,107,117,290,153,407,163,397,560
198668,11,8,2,6,19,11,61,25,72,17,80,97
198710,11,8,2,6,13,26,50,19,76,32,63,95
198756,11,8,2,7,21,1,9,28,10,8,30,38
198808,11,8,2,3,16,2,3,19,5,5,19,24
198817,11,8,2,9,20,27,67,29,94,36,87,123
198835,11,8,2,0,3,2,6,3,8,2,9,11
198862,11,8,2,11,2,0,1,13,1,11,3,14
198899,11,8,2,0,4,5,15,4,20,5,19,24
198905,11,8,2,0,13,1,10,13,11,1,23,24
198950,11,8,2,0,4,0,4,4,4,0,8,8
198969,11,8,2,15,15,11,7,30,18,26,22,48
198987,11,8,2,3,8,17,47,11,64,20,55,75
199087,11,8,2,3,18,24,70,21,94,27,88,115
199102,11,8,2,17,34,52,52,51,104,69,86,155
199111,11,8,2,9,13,13,12,22,25,22,25,47
199120,11,8,2,5,14,11,9,19,20,16,23,39
199139,11,8,2,30,37,57,103,67,160,87,140,227
199148,11,8,2,33,99,68,214,132,282,101,313,414
199157,11,8,2,17,53,20,77,70,97,37,130,167
199193,11,8,2,30,13,52,58,43,110,82,71,153
199218,11,8,2,24,73,38,266,97,304,62,339,401
199272,11,8,2,3,9,3,32,12,35,6,41,47
199281,11,8,2,50,133,66,211,183,277,116,344,460
199324,11,8,2,2,1,16,38,3,54,18,39,57
199412,11,8,2,3,16,2,8,19,10,5,24,29
199494,11,8,2,15,38,62,187,53,249,77,225,302
199607,11,8,2,0,1,2,4,1,6,2,5,7
199625,11,8,2,3,12,8,43,15,51,11,55,66
199689,11,8,2,0,6,1,2,6,3,1,8,9
199731,11,8,2,7,22,19,77,29,96,26,99,125
199740,11,8,2,5,15,29,114,20,143,34,129,163
199759,11,8,2,17,1,32,17,18,49,49,18,67
199768,11,8,2,5,19,8,50,24,58,13,69,82
199795,11,8,2,2,7,5,25,9,30,7,32,39
199856,11,8,2,63,140,272,613,203,885,335,753,1088
199865,11,8,2,0,1,0,0,1,0,0,1,1
199883,11,8,2,1,13,0,0,14,0,1,13,14
199908,11,8,2,9,11,12,47,20,59,21,58,79
199926,11,8,2,4,14,5,27,18,32,9,41,50
199971,11,8,2,1,0,0,0,1,0,1,0,1
199999,11,8,2,8,34,8,82,42,90,16,116,132
200004,11,8,2,47,82,132,234,129,366,179,316,495
200013,11,8,2,7,21,4,22,28,26,11,43,54
200022,11,8,2,52,24,91,41,76,132,143,65,208
200059,11,8,2,4,12,6,12,16,18,10,24,34
200086,11,8,2,3,5,0,3,8,3,3,8,11
200192,11,8,2,3,9,19,23,12,42,22,32,54
200217,11,8,2,2,9,22,37,11,59,24,46,70
200280,11,8,2,18,29,139,84,47,223,157,113,270
200305,11,8,2,12,10,19,12,22,31,31,22,53
200314,11,8,2,3,10,21,9,13,30,24,19,43
200332,11,8,2,5,9,12,35,14,47,17,44,61
200527,11,8,2,14,16,2,3,30,5,16,19,35
200554,11,8,2,11,27,3,4,38,7,14,31,45
200572,11,8,2,2,9,16,20,11,36,18,29,47
200590,11,8,2,2,22,0,0,24,0,2,22,24
200800,11,8,2,16,22,47,57,38,104,63,79,142
200846,11,8,2,4,7,5,6,11,11,9,13,22
201061,11,8,2,0,2,0,0,2,0,0,2,2
201177,11,8,2,1,3,0,8,4,8,1,11,12
201195,11,8,2,6,4,2,8,10,10,8,12,20
201283,11,8,2,7,6,2,12,13,14,9,18,27
201432,11,8,2,4,10,8,9,14,17,12,19,31
201441,11,8,2,11,16,76,61,27,137,87,77,164
201469,11,8,2,4,13,1,10,17,11,5,23,28
201548,11,8,2,3,4,1,0,7,1,4,4,8
201645,11,8,2,0,0,1,3,0,4,1,3,4
201654,11,8,2,0,1,1,2,1,3,1,3,4
201821,11,8,2,3,23,1,25,26,26,4,48,52
201885,11,8,2,29,55,84,271,84,355,113,326,439
201946,11,8,2,7,37,55,223,44,278,62,260,322
201955,11,8,2,1,10,25,63,11,88,26,73,99
201964,11,8,2,38,39,28,51,77,79,66,90,156
202046,11,8,2,3,1,0,0,4,0,3,1,4
202170,11,8,2,1,1,0,0,2,0,1,1,2
202222,11,8,2,43,65,315,512,108,827,358,577,935
202356,11,8,2,63,86,235,604,149,839,298,690,988
202453,11,8,2,7,1,0,0,8,0,7,1,8
202480,11,8,2,2,5,3,7,7,10,5,12,17
202523,11,8,2,0,0,0,2,0,2,0,2,2
202648,11,8,2,0,13,33,74,13,107,33,87,120
202763,11,8,2,2,1,3,9,3,12,5,10,15
203128,11,8,2,0,1,1,5,1,6,1,6,7
203155,11,8,2,11,15,13,9,26,22,24,24,48
203289,11,8,2,4,3,0,0,7,0,4,3,7
203368,11,8,2,1,1,0,2,2,2,1,3,4
203447,11,8,2,1,5,24,48,6,72,25,53,78
203456,11,8,2,0,0,8,25,0,33,8,25,33
203465,11,8,2,1,6,9,51,7,60,10,57,67
203474,11,8,2,3,3,14,46,6,60,17,49,66
203483,11,8,2,2,3,14,31,5,45,16,34,50
203492,11,8,2,0,1,9,37,1,46,9,38,47
203517,11,8,2,11,29,45,107,40,152,56,136,192
203526,11,8,2,0,1,17,50,1,67,17,51,68
203544,11,8,2,3,11,4,19,14,23,7,30,37
203580,11,8,2,0,0,1,3,0,4,1,3,4
203599,11,8,2,9,21,66,150,30,216,75,171,246
203678,11,8,2,2,6,12,58,8,70,14,64,78
203720,11,8,2,6,4,0,3,10,3,6,7,13
203748,11,8,2,11,36,105,258,47,363,116,294,410
203757,11,8,2,0,9,3,13,9,16,3,22,25
203775,11,8,2,5,3,12,8,8,20,17,11,28
203845,11,8,2,1,1,2,1,2,3,3,2,5
203881,11,8,2,21,14,90,57,35,147,111,71,182
203960,11,8,2,2,22,16,99,24,115,18,121,139
204006,11,8,2,11,16,18,26,27,44,29,42,71
204015,11,8,2,5,9,5,9,14,14,10,18,28
204024,11,8,2,6,4,2,5,10,7,8,9,17
204194,11,8,2,7,29,12,17,36,29,19,46,65
204200,11,8,2,0,4,0,5,4,5,0,9,9
204255,11,8,2,3,12,9,17,15,26,12,29,41
204422,11,8,2,1,10,26,48,11,74,27,58,85
204468,11,8,2,3,10,8,28,13,36,11,38,49
204617,11,8,2,4,1,2,8,5,10,6,9,15
204635,11,8,2,1,3,0,2,4,2,1,5,6
204662,11,8,2,2,0,1,1,2,2,3,1,4
204671,11,8,2,0,1,0,2,1,2,0,3,3
204680,11,8,2,0,1,3,2,1,5,3,3,6
204699,11,8,2,0,5,1,5,5,6,1,10,11
204705,11,8,2,5,4,8,4,9,12,13,8,21
204796,11,8,2,26,36,71,138,62,209,97,174,271
204802,11,8,2,1,2,13,9,3,22,14,11,25
204820,11,8,2,7,8,15,25,15,40,22,33,55
204839,11,8,2,3,6,19,27,9,46,22,33,55
204848,11,8,2,3,4,15,21,7,36,18,25,43
204857,11,8,2,9,57,85,469,66,554,94,526,620
204866,11,8,2,1,3,12,24,4,36,13,27,40
204909,11,8,2,0,1,0,0,1,0,0,1,1
204936,11,8,2,3,2,3,0,5,3,6,2,8
204945,11,8,2,11,33,194,149,44,343,205,182,387
205090,11,8,2,0,0,2,3,0,5,2,3,5
205443,11,8,2,11,17,9,16,28,25,20,33,53
205470,11,8,2,79,62,535,550,141,1085,614,612,1226
205841,11,8,2,31,34,115,245,65,360,146,279,425
205966,11,8,2,2,14,13,29,16,42,15,43,58
206011,11,8,2,2,7,62,26,9,88,64,33,97
206279,11,8,2,21,22,69,31,43,100,90,53,143
206321,11,8,2,0,4,3,2,4,5,3,6,9
206349,11,8,2,1,13,1,9,14,10,2,22,24
206507,11,8,2,5,4,1,4,9,5,6,8,14
206525,11,8,2,1,0,1,0,1,1,2,0,2
206589,11,8,2,0,0,0,1,0,1,0,1,1
206604,11,8,2,16,28,33,51,44,84,49,79,128
206613,11,8,2,0,2,5,4,2,9,5,6,11
206622,11,8,2,9,12,5,15,21,20,14,27,41
206695,11,8,2,17,27,27,61,44,88,44,88,132
206862,11,8,2,0,4,0,0,4,0,0,4,4
206914,11,8,2,32,45,21,70,77,91,53,115,168
206923,11,8,2,7,24,5,29,31,34,12,53,65
206996,11,8,2,10,17,27,59,27,86,37,76,113
207041,11,8,2,20,43,10,30,63,40,30,73,103
207050,11,8,2,10,19,10,19,29,29,20,38,58
207069,11,8,2,0,3,12,25,3,37,12,28,40
207102,11,8,2,3,2,0,0,5,0,3,2,5
207209,11,8,2,2,2,9,6,4,15,11,8,19
207236,11,8,2,8,13,6,59,21,65,14,72,86
207263,11,8,2,30,80,50,128,110,178,80,208,288
207281,11,8,2,8,18,7,54,26,61,15,72,87
207290,11,8,2,8,26,3,38,34,41,11,64,75
207306,11,8,2,6,13,9,28,19,37,15,41,56
207324,11,8,2,0,32,3,22,32,25,3,54,57
207342,11,8,2,5,29,0,11,34,11,5,40,45
207351,11,8,2,6,23,3,33,29,36,9,56,65
207388,11,8,2,36,59,44,65,95,109,80,124,204
207500,11,8,2,37,40,53,60,77,113,90,100,190
207564,11,8,2,24,16,38,44,40,82,62,60,122
207582,11,8,2,24,34,35,59,58,94,59,93,152
207661,11,8,2,14,37,16,47,51,63,30,84,114
207670,11,8,2,23,39,81,161,62,242,104,200,304
207740,11,8,2,3,15,10,32,18,42,13,47,60
207847,11,8,2,41,58,47,87,99,134,88,145,233
207865,11,8,2,20,70,9,53,90,62,29,123,152
207935,11,8,2,36,79,170,439,115,609,206,518,724
207962,11,8,2,32,12,0,0,44,0,32,12,44
207971,11,8,2,0,6,2,5,6,7,2,11,13
208035,11,8,2,1,6,11,47,7,58,12,53,65
208275,11,8,2,3,12,23,32,15,55,26,44,70
208318,11,8,2,14,32,54,73,46,127,68,105,173
208390,11,8,2,31,61,102,214,92,316,133,275,408
208406,11,8,2,22,36,121,149,58,270,143,185,328
208415,11,8,2,7,10,28,29,17,57,35,39,74
208646,11,8,2,24,52,66,82,76,148,90,134,224
208822,11,8,2,11,33,9,19,44,28,20,52,72
209038,11,8,2,30,62,113,149,92,262,143,211,354
209074,11,8,2,28,36,57,76,64,133,85,112,197
209250,11,8,2,29,42,203,126,71,329,232,168,400
209490,11,8,2,7,39,7,20,46,27,14,59,73
209506,11,8,2,21,21,88,89,42,177,109,110,219
209542,11,8,2,78,128,324,378,206,702,402,506,908
209551,11,8,2,23,16,22,20,39,42,45,36,81
209603,11,8,2,2,1,1,1,3,2,3,2,5
209612,11,8,2,2,3,1,9,5,10,3,12,15
209746,11,8,2,127,166,379,638,293,1017,506,804,1310
209807,11,8,2,107,196,152,172,303,324,259,368,627
209825,11,8,2,1,5,0,0,6,0,1,5,6
210234,11,8,2,7,8,11,30,15,41,18,38,56
210270,11,8,2,11,23,61,129,34,190,72,152,224
210401,11,8,2,1,0,0,1,1,1,1,1,2
210429,11,8,2,11,37,9,19,48,28,20,56,76
210605,11,8,2,45,54,195,314,99,509,240,368,608
210739,11,8,2,3,12,14,40,15,54,17,52,69
210775,11,8,2,4,19,17,41,23,58,21,60,81
211088,11,8,2,0,0,2,6,0,8,2,6,8
211307,11,8,2,1,12,43,170,13,213,44,182,226
211316,11,8,2,0,6,0,1,6,1,0,7,7
211343,11,8,2,4,12,16,58,16,74,20,70,90
211352,11,8,2,1,2,2,1,3,3,3,3,6
211431,11,8,2,2,14,5,52,16,57,7,66,73
211440,11,8,2,0,0,4,6,0,10,4,6,10
211556,11,8,2,2,1,5,25,3,30,7,26,33
211583,11,8,2,4,17,2,23,21,25,6,40,46
211608,11,8,2,2,4,1,8,6,9,3,12,15
211927,11,8,2,9,26,112,306,35,418,121,332,453
212045,11,8,2,7,1,0,1,8,1,7,2,9
212054,11,8,2,7,15,33,85,22,118,40,100,140
212106,11,8,2,5,3,2,1,8,3,7,4,11
212115,11,8,2,8,16,5,24,24,29,13,40,53
212133,11,8,2,4,10,24,72,14,96,28,82,110
212197,11,8,2,0,0,8,18,0,26,8,18,26
212230,11,8,2,0,1,0,0,1,0,0,1,1
212267,11,8,2,0,4,0,2,4,2,0,6,6
212276,11,8,2,0,2,0,0,2,0,0,2,2
212300,11,8,2,0,3,0,0,3,0,0,3,3
212328,11,8,2,0,0,0,1,0,1,0,1,1
212337,11,8,2,0,3,1,1,3,2,1,4,5
212355,11,8,2,0,5,0,2,5,2,0,7,7
212382,11,8,2,0,2,0,1,2,1,0,3,3
212391,11,8,2,0,2,0,1,2,1,0,3,3
212601,11,8,2,3,2,1,9,5,10,4,11,15
212753,11,8,2,0,1,0,3,1,3,0,4,4
212805,11,8,2,0,0,1,1,0,2,1,1,2
212869,11,8,2,4,28,5,29,32,34,9,57,66
212878,11,8,2,33,64,129,460,97,589,162,524,686
212984,11,8,2,5,28,4,28,33,32,9,56,65
213011,11,8,2,3,8,10,54,11,64,13,62,75
213020,11,8,2,4,7,60,46,11,106,64,53,117
213181,11,8,2,3,14,1,2,17,3,4,16,20
213251,11,8,2,0,0,2,0,0,2,2,0,2
213321,11,8,2,1,2,0,6,3,6,1,8,9
213349,11,8,2,4,7,15,19,11,34,19,26,45
213367,11,8,2,1,10,8,36,11,44,9,46,55
213376,11,8,2,12,40,6,45,52,51,18,85,103
213385,11,8,2,0,0,1,0,0,1,1,0,1
213525,11,8,2,11,22,53,217,33,270,64,239,303
213570,11,8,2,3,33,0,0,36,0,3,33,36
213589,11,8,2,14,0,0,1,14,1,14,1,15
213598,11,8,2,0,2,5,15,2,20,5,17,22
213659,11,8,2,12,18,42,118,30,160,54,136,190
213668,11,8,2,1,0,0,0,1,0,1,0,1
213774,11,8,2,0,5,0,10,5,10,0,15,15
213987,11,8,2,3,6,3,17,9,20,6,23,29
213996,11,8,2,0,4,1,3,4,4,1,7,8
214041,11,8,2,5,9,19,74,14,93,24,83,107
214111,11,8,2,9,29,89,298,38,387,98,327,425
214157,11,8,2,0,8,4,12,8,16,4,20,24
214175,11,8,2,1,7,2,8,8,10,3,15,18
214272,11,8,2,3,5,23,22,8,45,26,27,53
214379,11,8,2,26,52,76,341,78,417,102,393,495
214591,11,8,2,1,5,4,3,6,7,5,8,13
214625,11,8,2,1,0,2,3,1,5,3,3,6
214634,11,8,2,1,1,0,7,2,7,1,8,9
214643,11,8,2,1,0,2,0,1,2,3,0,3
214652,11,8,2,2,8,1,0,10,1,3,8,11
214670,11,8,2,2,3,1,4,5,5,3,7,10
214689,11,8,2,3,2,2,1,5,3,5,3,8
214698,11,8,2,1,0,0,2,1,2,1,2,3
214704,11,8,2,1,1,8,3,2,11,9,4,13
214713,11,8,2,10,7,8,3,17,11,18,10,28
214731,11,8,2,0,1,2,2,1,4,2,3,5
214740,11,8,2,0,1,0,1,1,1,0,2,2
214759,11,8,2,0,2,2,0,2,2,2,2,4
214768,11,8,2,0,1,0,1,1,1,0,2,2
214777,11,8,2,6,5,95,24,11,119,101,29,130
214786,11,8,2,0,0,2,0,0,2,2,0,2
214795,11,8,2,0,0,5,6,0,11,5,6,11
214801,11,8,2,0,4,1,9,4,10,1,13,14
214810,11,8,2,0,3,2,5,3,7,2,8,10
214829,11,8,2,3,0,6,4,3,10,9,4,13
214883,11,8,2,4,22,36,101,26,137,40,123,163
215062,11,8,2,6,10,33,64,16,97,39,74,113
215105,11,8,2,0,1,1,0,1,1,1,1,2
215239,11,8,2,23,49,128,428,72,556,151,477,628
215266,11,8,2,0,2,0,5,2,5,0,7,7
215275,11,8,2,4,5,2,1,9,3,6,6,12
215284,11,8,2,3,4,0,2,7,2,3,6,9
215293,11,8,2,10,7,14,29,17,43,24,36,60
215309,11,8,2,1,0,0,1,1,1,1,1,2
215381,11,8,2,16,0,0,0,16,0,16,0,16
215442,11,8,2,8,16,15,22,24,37,23,38,61
215479,11,8,2,0,3,0,0,3,0,0,3,3
215585,11,8,2,7,11,49,146,18,195,56,157,213
215655,11,8,2,5,4,6,17,9,23,11,21,32
215743,11,8,2,2,6,2,31,8,33,4,37,41
215798,11,8,2,0,1,0,0,1,0,0,1,1
215929,11,8,2,0,0,17,5,0,22,17,5,22
216010,11,8,2,3,1,6,14,4,20,9,15,24
216038,11,8,2,7,7,7,28,14,35,14,35,49
216339,11,8,2,28,28,47,66,56,113,75,94,169
216357,11,8,2,0,0,1,1,0,2,1,1,2
216366,11,8,2,5,44,19,46,49,65,24,90,114
216542,11,8,2,2,0,3,5,2,8,5,5,10
216579,11,8,2,0,3,0,0,3,0,0,3,3
216597,11,8,2,5,7,30,15,12,45,35,22,57
216667,11,8,2,0,0,0,1,0,1,0,1,1
216694,11,8,2,0,1,1,6,1,7,1,7,8
216746,11,8,2,1,0,0,0,1,0,1,0,1
216764,11,8,2,11,18,19,66,29,85,30,84,114
216825,11,8,2,8,30,29,90,38,119,37,120,157
216852,11,8,2,3,13,8,28,16,36,11,41,52
216931,11,8,2,2,7,3,6,9,9,5,13,18
217013,11,8,2,1,11,10,59,12,69,11,70,81
217059,11,8,2,3,5,3,18,8,21,6,23,29
217156,11,8,2,2,1,0,1,3,1,2,2,4
217165,11,8,2,1,0,0,0,1,0,1,0,1
217235,11,8,2,8,5,3,5,13,8,11,10,21
217305,11,8,2,16,32,6,7,48,13,22,39,61
217323,11,8,2,39,0,0,0,39,0,39,0,39
217402,11,8,2,1,0,11,18,1,29,12,18,30
217420,11,8,2,16,40,17,68,56,85,33,108,141
217493,11,8,2,2,0,0,0,2,0,2,0,2
217518,11,8,2,1,3,44,31,4,75,45,34,79
217536,11,8,2,0,4,0,8,4,8,0,12,12
217581,11,8,2,0,0,0,5,0,5,0,5,5
217633,11,8,2,4,27,5,18,31,23,9,45,54
217688,11,8,2,12,18,7,13,30,20,19,31,50
217712,11,8,2,6,21,13,93,27,106,19,114,133
217721,11,8,2,2,1,1,0,3,1,3,1,4
217749,11,8,2,3,3,7,18,6,25,10,21,31
217819,11,8,2,9,11,3,15,20,18,12,26,38
217864,11,8,2,5,1,14,8,6,22,19,9,28
217873,11,8,2,21,33,12,14,54,26,33,47,80
217882,11,8,2,3,5,12,14,8,26,15,19,34
217891,11,8,2,2,7,0,0,9,0,2,7,9
217907,11,8,2,2,13,0,5,15,5,2,18,20
217925,11,8,2,1,2,23,21,3,44,24,23,47
217934,11,8,2,5,20,15,63,25,78,20,83,103
217961,11,8,2,0,4,0,1,4,1,0,5,5
217989,11,8,2,0,12,8,8,12,16,8,20,28
218025,11,8,2,8,23,25,106,31,131,33,129,162
218061,11,8,2,4,7,6,20,11,26,10,27,37
218113,11,8,2,39,88,117,296,127,413,156,384,540
218140,11,8,2,31,94,57,269,125,326,88,363,451
218229,11,8,2,5,11,5,12,16,17,10,23,33
218335,11,8,2,1,9,0,2,10,2,1,11,12
218353,11,8,2,32,69,74,343,101,417,106,412,518
218399,11,8,2,9,8,1,0,17,1,10,8,18
218414,11,8,2,0,8,1,5,8,6,1,13,14
218441,11,8,2,1,17,7,4,18,11,8,21,29
218487,11,8,2,1,20,7,97,21,104,8,117,125
218520,11,8,2,21,84,61,270,105,331,82,354,436
218645,11,8,2,7,32,7,40,39,47,14,72,86
218654,11,8,2,5,15,6,13,20,19,11,28,39
218663,11,8,2,17,16,17,35,33,52,34,51,85
218672,11,8,2,0,4,3,8,4,11,3,12,15
218681,11,8,2,2,3,5,10,5,15,7,13,20
218690,11,8,2,0,2,5,3,2,8,5,5,10
218706,11,8,2,1,1,3,8,2,11,4,9,13
218724,11,8,2,5,13,3,17,18,20,8,30,38
218733,11,8,2,1,1,0,13,2,13,1,14,15
218742,11,8,2,12,25,24,50,37,74,36,75,111
218821,11,8,2,2,5,2,1,7,3,4,6,10
218830,11,8,2,34,77,70,193,111,263,104,270,374
218885,11,8,2,6,13,16,83,19,99,22,96,118
218919,11,8,2,2,6,0,2,8,2,2,8,10
218991,11,8,2,20,52,34,123,72,157,54,175,229
219037,11,8,2,0,1,0,0,1,0,0,1,1
219082,11,8,2,2,2,45,35,4,80,47,37,84
219125,11,8,2,0,0,0,1,0,1,0,1,1
219189,11,8,2,6,11,12,7,17,19,18,18,36
219198,11,8,2,3,5,15,5,8,20,18,10,28
219204,11,8,2,12,3,81,98,15,179,93,101,194
219259,11,8,2,2,4,8,28,6,36,10,32,42
219277,11,8,2,19,31,16,85,50,101,35,116,151
219347,11,8,2,3,1,8,2,4,10,11,3,14
219426,11,8,2,18,14,13,52,32,65,31,66,97
219471,11,8,2,8,16,30,52,24,82,38,68,106
219480,11,8,2,17,26,6,24,43,30,23,50,73
219602,11,8,2,49,55,60,92,104,152,109,147,256
219639,11,8,2,0,5,6,29,5,35,6,34,40
219806,11,8,2,2,3,1,1,5,2,3,4,7
219824,11,8,2,23,59,68,131,82,199,91,190,281
219833,11,8,2,2,5,0,8,7,8,2,13,15
219879,11,8,2,14,24,29,43,38,72,43,67,110
219888,11,8,2,11,26,22,98,37,120,33,124,157
219921,11,8,2,2,8,3,6,10,9,5,14,19
219994,11,8,2,23,21,4,0,44,4,27,21,48
220057,11,8,2,22,29,25,111,51,136,47,140,187
220075,11,8,2,23,80,34,117,103,151,57,197,254
220127,11,8,2,11,11,1,0,22,1,12,11,23
220163,11,8,2,0,1,0,1,1,1,0,2,2
220215,11,8,2,2,6,0,1,8,1,2,7,9
220251,11,8,2,1,2,2,2,3,4,3,4,7
220279,11,8,2,1,3,3,1,4,4,4,4,8
220321,11,8,2,4,7,1,5,11,6,5,12,17
220394,11,8,2,1,4,0,0,5,0,1,4,5
220400,11,8,2,6,17,31,100,23,131,37,117,154
220473,11,8,2,1,1,6,3,2,9,7,4,11
220516,11,8,2,6,48,5,6,54,11,11,54,65
220598,11,8,2,7,2,2,0,9,2,9,2,11
220604,11,8,2,4,19,5,4,23,9,9,23,32
220701,11,8,2,1,3,0,2,4,2,1,5,6
220710,11,8,2,2,1,0,0,3,0,2,1,3
220862,11,8,2,46,87,133,259,133,392,179,346,525
220978,11,8,2,48,49,82,125,97,207,130,174,304
221050,11,8,2,13,6,7,3,19,10,20,9,29
221096,11,8,2,21,26,45,132,47,177,66,158,224
221148,11,8,2,19,2,0,0,21,0,19,2,21
221184,11,8,2,19,45,91,264,64,355,110,309,419
221333,11,8,2,1,5,6,2,6,8,7,7,14
221397,11,8,2,19,22,34,104,41,138,53,126,179
221430,11,8,2,9,14,1,6,23,7,10,20,30
221485,11,8,2,13,58,51,241,71,292,64,299,363
221494,11,8,2,11,8,3,1,19,4,14,9,23
221519,11,8,2,0,0,1,0,0,1,1,0,1
221582,11,8,2,3,2,0,0,5,0,3,2,5
221607,11,8,2,2,4,2,0,6,2,4,4,8
221625,11,8,2,20,24,1,0,44,1,21,24,45
221643,11,8,2,22,29,90,151,51,241,112,180,292
221740,11,8,2,12,23,27,41,35,68,39,64,103
221759,11,8,2,19,25,23,41,44,64,42,66,108
221768,11,8,2,7,30,31,43,37,74,38,73,111
221838,11,8,2,9,36,19,39,45,58,28,75,103
221847,11,8,2,7,23,16,27,30,43,23,50,73
221908,11,8,2,24,45,101,80,69,181,125,125,250
221999,11,8,2,0,0,0,1,0,1,0,1,1
222053,11,8,2,19,51,92,184,70,276,111,235,346
222062,11,8,2,17,31,40,95,48,135,57,126,183
222178,11,8,2,3,1,1,3,4,4,4,4,8
222576,11,8,2,49,76,68,202,125,270,117,278,395
222822,11,8,2,12,33,8,54,45,62,20,87,107
222831,11,8,2,16,32,9,22,48,31,25,54,79
222877,11,8,2,1,1,0,0,2,0,1,1,2
222992,11,8,2,106,119,479,938,225,1417,585,1057,1642
223232,11,8,2,8,17,0,8,25,8,8,25,33
223320,11,8,2,7,27,11,70,34,81,18,97,115
223506,11,8,2,3,7,70,103,10,173,73,110,183
223816,11,8,2,32,44,193,312,76,505,225,356,581
223922,11,8,2,7,7,32,4,14,36,39,11,50
224147,11,8,2,15,21,24,76,36,100,39,97,136
224156,11,8,2,0,9,0,0,9,0,0,9,9
224323,11,8,2,1,2,0,0,3,0,1,2,3
224527,11,8,2,0,2,5,13,2,18,5,15,20
224554,11,8,2,132,161,75,118,293,193,207,279,486
224615,11,8,2,96,196,482,1282,292,1764,578,1478,2056
224642,11,8,2,38,73,127,314,111,441,165,387,552
224891,11,8,2,4,4,3,12,8,15,7,16,23
224961,11,8,2,5,19,16,97,24,113,21,116,137
225247,11,8,2,2,5,0,4,7,4,2,9,11
225399,11,8,2,5,7,24,55,12,79,29,62,91
225414,11,8,2,35,53,61,169,88,230,96,222,318
225432,11,8,2,50,111,180,475,161,655,230,586,816
225511,11,8,2,43,55,94,110,98,204,137,165,302
225548,11,8,2,4,1,4,9,5,13,8,10,18
225885,11,8,2,5,8,2,15,13,17,7,23,30
226116,11,8,2,10,28,17,80,38,97,27,108,135
226134,11,8,2,2,11,47,95,13,142,49,106,155
226204,11,8,2,54,11,277,127,65,404,331,138,469
226277,11,8,2,41,3,0,0,44,0,41,3,44
226383,11,8,2,5,5,2,7,10,9,7,12,19
226408,11,8,2,10,11,42,136,21,178,52,147,199
226471,11,8,2,9,10,4,14,19,18,13,24,37
226578,11,8,2,23,66,48,186,89,234,71,252,323
226587,11,8,2,10,13,4,9,23,13,14,22,36
226675,11,8,2,2,10,0,0,12,0,2,10,12
227146,11,8,2,6,27,15,91,33,106,21,118,139
227182,11,8,2,160,321,500,1364,481,1864,660,1685,2345
227216,11,8,2,57,68,121,190,125,311,178,258,436
227331,11,8,2,5,19,5,18,24,23,10,37,47
227368,11,8,2,61,119,54,136,180,190,115,255,370
227377,11,8,2,9,24,25,54,33,79,34,78,112
227386,11,8,2,1,21,3,45,22,48,4,66,70
227401,11,8,2,18,23,17,74,41,91,35,97,132
227526,11,8,2,2,21,5,13,23,18,7,34,41
227845,11,8,2,5,8,3,5,13,8,8,13,21
227863,11,8,2,16,41,31,13,57,44,47,54,101
227881,11,8,2,34,89,68,140,123,208,102,229,331
227979,11,8,2,47,95,233,523,142,756,280,618,898
228042,11,8,2,2,3,2,7,5,9,4,10,14
228149,11,8,2,5,3,3,5,8,8,8,8,16
228158,11,8,2,30,73,47,133,103,180,77,206,283
228246,11,8,2,1,0,3,5,1,8,4,5,9
228282,11,8,2,0,1,0,0,1,0,0,1,1
228343,11,8,2,0,1,0,0,1,0,0,1,1
228431,11,8,2,17,83,30,54,100,84,47,137,184
228459,11,8,2,34,61,59,93,95,152,93,154,247
228501,11,8,2,0,9,10,42,9,52,10,51,61
228529,11,8,2,18,82,124,178,100,302,142,260,402
228547,11,8,2,60,88,419,946,148,1365,479,1034,1513
228644,11,8,2,9,15,9,7,24,16,18,22,40
228653,11,8,2,2,7,4,9,9,13,6,16,22
228699,11,8,2,14,24,34,77,38,111,48,101,149
228705,11,8,2,8,22,9,23,30,32,17,45,62
228723,11,8,2,23,15,7,14,38,21,30,29,59
228769,11,8,2,68,192,243,1163,260,1406,311,1355,1666
228778,11,8,2,16,13,25,17,29,42,41,30,71
228787,11,8,2,22,26,42,47,48,89,64,73,137
228796,11,8,2,52,63,100,157,115,257,152,220,372
228802,11,8,2,19,46,42,114,65,156,61,160,221
228875,11,8,2,13,3,4,9,16,13,17,12,29
229018,11,8,2,41,107,38,100,148,138,79,207,286
229027,11,8,2,94,85,165,153,179,318,259,238,497
229063,11,8,2,20,23,13,40,43,53,33,63,96
229115,11,8,2,44,55,48,93,99,141,92,148,240
229179,11,8,2,8,91,13,171,99,184,21,262,283
229267,11,8,2,0,0,0,1,0,1,0,1,1
229337,11,8,2,6,37,5,38,43,43,11,75,86
229355,11,8,2,17,67,54,177,84,231,71,244,315
229504,11,8,2,13,9,15,54,22,69,28,63,91
229780,11,8,2,60,112,93,91,172,184,153,203,356
229799,11,8,2,15,35,46,111,50,157,61,146,207
229814,11,8,2,17,60,80,81,77,161,97,141,238
229841,11,8,2,5,12,22,73,17,95,27,85,112
229887,11,8,2,18,15,1,8,33,9,19,23,42
230038,11,8,2,8,15,5,48,23,53,13,63,76
230047,11,8,2,4,7,1,6,11,7,5,13,18
230162,11,8,2,22,30,76,53,52,129,98,83,181
230171,11,8,2,14,55,28,96,69,124,42,151,193
230214,11,8,2,0,10,1,7,10,8,1,17,18
230597,11,8,2,12,8,10,24,20,34,22,32,54
230603,11,8,2,19,71,115,473,90,588,134,544,678
230676,11,8,2,14,3,24,6,17,30,38,9,47
230728,11,8,2,34,84,83,259,118,342,117,343,460
230746,11,8,2,60,93,299,481,153,780,359,574,933
230764,11,8,2,35,64,91,184,99,275,126,248,374
230782,11,8,2,59,178,182,410,237,592,241,588,829
230807,11,8,2,3,14,1,1,17,2,4,15,19
230816,11,8,2,0,2,6,0,2,6,6,2,8
230834,11,8,2,5,9,6,12,14,18,11,21,32
230852,11,8,2,39,52,120,73,91,193,159,125,284
230861,11,8,2,5,14,82,361,19,443,87,375,462
230913,11,8,2,3,14,15,65,17,80,18,79,97
231059,11,8,2,0,1,0,1,1,1,0,2,2
231095,11,8,2,0,1,0,1,1,1,0,2,2
231165,11,8,2,6,29,40,51,35,91,46,80,126
231174,11,8,2,3,3,16,45,6,61,19,48,67
231280,11,8,2,0,0,0,2,0,2,0,2,2
231411,11,8,2,38,7,0,0,45,0,38,7,45
231420,11,8,2,9,22,5,13,31,18,14,35,49
231536,11,8,2,10,14,38,64,24,102,48,78,126
231624,11,8,2,1,2,1,1,3,2,2,3,5
231697,11,8,2,6,9,27,75,15,102,33,84,117
231712,11,8,2,1,0,0,0,1,0,1,0,1
231785,11,8,2,7,57,11,71,64,82,18,128,146
231873,11,8,2,0,5,4,9,5,13,4,14,18
231882,11,8,2,13,19,20,39,32,59,33,58,91
232043,11,8,2,0,4,2,2,4,4,2,6,8
232052,11,8,2,1,3,3,15,4,18,4,18,22
232089,11,8,2,0,0,0,2,0,2,0,2,2
232186,11,8,2,44,69,124,185,113,309,168,254,422
232195,11,8,2,8,47,52,212,55,264,60,259,319
232308,11,8,2,0,2,0,0,2,0,0,2,2
232414,11,8,2,12,58,81,281,70,362,93,339,432
232450,11,8,2,12,28,70,171,40,241,82,199,281
232557,11,8,2,816,1277,1335,1734,2093,3069,2151,3011,5162
232566,11,8,2,0,6,2,7,6,9,2,13,15
232575,11,8,2,8,19,27,125,27,152,35,144,179
232609,11,8,2,2,1,1,2,3,3,3,3,6
232706,11,8,2,3,13,1,1,16,2,4,14,18
232788,11,8,2,9,17,25,46,26,71,34,63,97
232867,11,8,2,10,13,36,42,23,78,46,55,101
232946,11,8,2,80,149,472,894,229,1366,552,1043,1595
232982,11,8,2,70,102,183,277,172,460,253,379,632
233019,11,8,2,4,10,6,35,14,41,10,45,55
233037,11,8,2,2,5,5,38,7,43,7,43,50
233116,11,8,2,17,9,61,110,26,171,78,119,197
233277,11,8,2,12,21,7,30,33,37,19,51,70
233286,11,8,2,0,2,0,0,2,0,0,2,2
233295,11,8,2,0,1,0,0,1,0,0,1,1
233310,11,8,2,7,7,19,54,14,73,26,61,87
233338,11,8,2,0,1,0,0,1,0,0,1,1
233374,11,8,2,1,3,7,14,4,21,8,17,25
233426,11,8,2,0,1,4,2,1,6,4,3,7
233541,11,8,2,1,10,3,6,11,9,4,16,20
233611,11,8,2,1,0,0,2,1,2,1,2,3
233639,11,8,2,7,25,55,92,32,147,62,117,179
233648,11,8,2,9,45,15,43,54,58,24,88,112
233754,11,8,2,19,33,64,156,52,220,83,189,272
233772,11,8,2,77,124,225,436,201,661,302,560,862
233903,11,8,2,10,19,15,63,29,78,25,82,107
233921,11,8,2,3,5,8,6,8,14,11,11,22
233949,11,8,2,10,30,58,123,40,181,68,153,221
234030,11,8,2,32,47,44,86,79,130,76,133,209
234076,11,8,2,64,15,77,62,79,139,141,77,218
234119,11,8,2,4,5,2,2,9,4,6,7,13
234155,11,8,2,7,21,3,8,28,11,10,29,39
234377,11,8,2,6,12,18,55,18,73,24,67,91
234669,11,8,2,35,115,76,259,150,335,111,374,485
234696,11,8,2,40,37,18,33,77,51,58,70,128
234711,11,8,2,13,12,23,33,25,56,36,45,81
234827,11,8,2,51,73,44,75,124,119,95,148,243
234845,11,8,2,30,50,37,49,80,86,67,99,166
234924,11,8,2,0,7,0,0,7,0,0,7,7
234933,11,8,2,47,74,63,176,121,239,110,250,360
234951,11,8,2,63,94,40,119,157,159,103,213,316
234979,11,8,2,43,76,71,76,119,147,114,152,266
235024,11,8,2,1,3,0,0,4,0,1,3,4
235097,11,8,2,30,63,8,22,93,30,38,85,123
235103,11,8,2,45,74,117,256,119,373,162,330,492
235149,11,8,2,44,67,72,156,111,228,116,223,339
235237,11,8,2,47,104,225,376,151,601,272,480,752
235307,11,8,2,1,5,0,0,6,0,1,5,6
235316,11,8,2,3,2,1,3,5,4,4,5,9
235334,11,8,2,30,38,27,22,68,49,57,60,117
235343,11,8,2,44,57,49,97,101,146,93,154,247
235431,11,8,2,16,59,34,155,75,189,50,214,264
235547,11,8,2,0,3,0,2,3,2,0,5,5
235671,11,8,2,87,74,153,173,161,326,240,247,487
235699,11,8,2,30,73,59,189,103,248,89,262,351
235750,11,8,2,15,58,31,133,73,164,46,191,237
236072,11,8,2,42,36,154,468,78,622,196,504,700
236188,11,8,2,63,88,68,124,151,192,131,212,343
236258,11,8,2,15,47,22,66,62,88,37,113,150
236328,11,8,2,1,1,0,3,2,3,1,4,5
236382,11,8,2,33,56,198,80,89,278,231,136,367
236452,11,8,2,18,20,5,9,38,14,23,29,52
236504,11,8,2,35,13,255,96,48,351,290,109,399
236513,11,8,2,45,81,44,70,126,114,89,151,240
236577,11,8,2,1,0,0,1,1,1,1,1,2
236595,11,8,2,2,4,7,1,6,8,9,5,14
236610,11,8,2,29,49,63,206,78,269,92,255,347
236638,11,8,2,23,59,83,110,82,193,106,169,275
236656,11,8,2,44,52,37,120,96,157,81,172,253
236692,11,8,2,90,143,112,191,233,303,202,334,536
236708,11,8,2,27,63,26,66,90,92,53,129,182
236753,11,8,2,50,139,27,164,189,191,77,303,380
236887,11,8,2,66,42,112,75,108,187,178,117,295
236896,11,8,2,3,6,3,2,9,5,6,8,14
236939,11,8,2,68,145,65,144,213,209,133,289,422
236975,11,8,2,21,44,12,35,65,47,33,79,112
237011,11,8,2,24,34,9,9,58,18,33,43,76
237039,11,8,2,9,21,44,86,30,130,53,107,160
237057,11,8,2,0,0,2,0,0,2,2,0,2
237066,11,8,2,2,4,1,2,6,3,3,6,9
237109,11,8,2,14,40,12,53,54,65,26,93,119
237118,11,8,2,0,8,1,4,8,5,1,12,13
237181,11,8,2,0,0,0,2,0,2,0,2,2
237303,11,8,2,2,0,0,0,2,0,2,0,2
237312,11,8,2,50,42,146,42,92,188,196,84,280
237321,11,8,2,1,5,0,0,6,0,1,5,6
237330,11,8,2,3,32,3,7,35,10,6,39,45
237358,11,8,2,1,7,0,1,8,1,1,8,9
237367,11,8,2,10,18,8,35,28,43,18,53,71
237385,11,8,2,4,3,65,8,7,73,69,11,80
237525,11,8,2,23,40,31,43,63,74,54,83,137
237686,11,8,2,9,36,30,52,45,82,39,88,127
237701,11,8,2,3,4,4,6,7,10,7,10,17
237792,11,8,2,5,25,25,34,30,59,30,59,89
237817,11,8,2,9,20,11,27,29,38,20,47,67
237899,11,8,2,7,25,11,11,32,22,18,36,54
237950,11,8,2,2,5,4,4,7,8,6,9,15
238014,11,8,2,9,24,10,19,33,29,19,43,62
238032,11,8,2,14,11,29,37,25,66,43,48,91
238175,11,8,2,0,2,0,0,2,0,0,2,2
238193,11,8,2,0,10,3,27,10,30,3,37,40
238263,11,8,2,52,66,150,381,118,531,202,447,649
238397,11,8,2,12,24,52,117,36,169,64,141,205
238430,11,8,2,4,5,11,16,9,27,15,21,36
238458,11,8,2,4,3,4,2,7,6,8,5,13
238722,11,8,2,30,33,303,232,63,535,333,265,598
238759,11,8,2,20,26,123,227,46,350,143,253,396
239008,11,8,2,5,9,109,92,14,201,114,101,215
239071,11,8,2,0,2,2,11,2,13,2,13,15
239105,11,8,2,1,0,8,17,1,25,9,17,26
239248,11,8,2,45,68,289,566,113,855,334,634,968
239309,11,8,2,2,0,0,1,2,1,2,1,3
239318,11,8,2,4,3,3,1,7,4,7,4,11
239372,11,8,2,15,25,56,135,40,191,71,160,231
239442,11,8,2,1,4,18,38,5,56,19,42,61
239488,11,8,2,24,47,134,289,71,423,158,336,494
239716,11,8,2,0,0,0,1,0,1,0,1,1
239877,11,8,2,1,1,0,0,2,0,1,1,2
240107,11,8,2,7,28,8,38,35,46,15,66,81
240170,11,8,2,24,23,68,105,47,173,92,128,220
240189,11,8,2,5,26,28,69,31,97,33,95,128
240198,11,8,2,7,33,45,148,40,193,52,181,233
240268,11,8,2,7,4,2,28,11,30,9,32,41
240277,11,8,2,25,53,69,152,78,221,94,205,299
240329,11,8,2,3,4,5,5,7,10,8,9,17
240338,11,8,2,1,4,4,0,5,4,5,4,9
240365,11,8,2,17,45,38,38,62,76,55,83,138
240374,11,8,2,10,14,27,45,24,72,37,59,96
240417,11,8,2,9,17,59,66,26,125,68,83,151
240426,11,8,2,9,46,17,50,55,67,26,96,122
240444,11,8,2,8,12,45,81,20,126,53,93,146
240453,11,8,2,34,61,76,126,95,202,110,187,297
240462,11,8,2,5,7,36,28,12,64,41,35,76
240471,11,8,2,3,9,11,17,12,28,14,26,40
240480,11,8,2,7,14,5,28,21,33,12,42,54
240505,11,8,2,15,27,46,87,42,133,61,114,175
240514,11,8,2,5,9,41,58,14,99,46,67,113
240596,11,8,2,4,5,9,15,9,24,13,20,33
240620,11,8,2,11,35,25,80,46,105,36,115,151
240657,11,8,2,3,8,13,43,11,56,16,51,67
240666,11,8,2,16,34,47,56,50,103,63,90,153
240727,11,8,2,19,40,38,87,59,125,57,127,184
240745,11,8,2,11,7,19,31,18,50,30,38,68
240790,11,8,2,5,11,2,11,16,13,7,22,29
241182,11,8,2,7,24,0,0,31,0,7,24,31
241191,11,8,2,6,17,4,5,23,9,10,22,32
241225,11,8,2,3,4,4,10,7,14,7,14,21
241331,11,8,2,1,8,0,11,9,11,1,19,20
241377,11,8,2,14,37,4,16,51,20,18,53,71
241386,11,8,2,4,10,0,2,14,2,4,12,16
241395,11,8,2,3,5,1,5,8,6,4,10,14
241410,11,8,2,4,10,10,14,14,24,14,24,38
241720,11,8,2,17,28,17,10,45,27,34,38,72
241739,11,8,2,32,87,49,116,119,165,81,203,284
241766,11,8,2,1,0,0,0,1,0,1,0,1
241836,11,8,2,10,32,29,66,42,95,39,98,137
241906,11,8,2,0,1,0,0,1,0,0,1,1
241951,11,8,2,0,1,0,1,1,1,0,2,2
242112,11,8,2,20,10,1,2,30,3,21,12,33
242130,11,8,2,3,16,0,7,19,7,3,23,26
242149,11,8,2,5,22,1,11,27,12,6,33,39
242556,11,8,2,2,1,0,0,3,0,2,1,3
242617,11,8,2,9,10,5,7,19,12,14,17,31
242626,11,8,2,18,12,13,22,30,35,31,34,65
242635,11,8,2,3,29,9,41,32,50,12,70,82
242644,11,8,2,8,8,2,5,16,7,10,13,23
242653,11,8,2,26,43,14,36,69,50,40,79,119
242662,11,8,2,13,44,16,43,57,59,29,87,116
242680,11,8,2,4,16,3,18,20,21,7,34,41
242699,11,8,2,16,61,10,27,77,37,26,88,114
242705,11,8,2,13,17,17,9,30,26,30,26,56
243106,11,8,2,2,2,0,3,4,3,2,5,7
243142,11,8,2,0,2,2,4,2,6,2,6,8
243179,11,8,2,0,0,4,1,0,5,4,1,5
243188,11,8,2,2,1,2,1,3,3,4,2,6
243203,11,8,2,0,3,0,0,3,0,0,3,3
243212,11,8,2,0,0,3,14,0,17,3,14,17
243221,11,8,2,3,5,10,10,8,20,13,15,28
243346,11,8,2,33,71,38,95,104,133,71,166,237
243443,11,8,2,13,36,17,38,49,55,30,74,104
243577,11,8,2,8,5,60,19,13,79,68,24,92
243586,11,8,2,9,3,2,7,12,9,11,10,21
243601,11,8,2,38,108,67,93,146,160,105,201,306
243638,11,8,2,13,22,12,17,35,29,25,39,64
243647,11,8,2,5,3,0,14,8,14,5,17,22
243744,11,8,2,3,1,0,0,4,0,3,1,4
243780,11,8,2,13,5,47,56,18,103,60,61,121
243832,11,8,2,28,60,28,83,88,111,56,143,199
243841,11,8,2,14,49,0,10,63,10,14,59,73
244437,11,8,2,14,46,122,353,60,475,136,399,535
244446,11,8,2,23,26,50,151,49,201,73,177,250
245281,11,8,2,5,0,0,0,5,0,5,0,5
245625,11,8,2,1,10,9,51,11,60,10,61,71
246813,11,8,2,8,14,34,113,22,147,42,127,169
246895,11,8,2,5,13,1,5,18,6,6,18,24
247603,11,8,2,2,18,14,43,20,57,16,61,77
247834,11,8,2,80,179,283,664,259,947,363,843,1206
247940,11,8,2,19,34,66,86,53,152,85,120,205
248925,11,8,2,4,16,7,5,20,12,11,21,32
248934,11,8,2,506,759,2,3,1265,5,508,762,1270
249238,11,8,2,0,4,0,8,4,8,0,12,12
251260,11,8,2,13,21,8,60,34,68,21,81,102
260813,11,8,2,1,16,0,0,17,0,1,16,17
260929,11,8,2,1,5,0,0,6,0,1,5,6
262031,11,8,2,6,17,44,131,23,175,50,148,198
262086,11,8,2,69,138,190,500,207,690,259,638,897
262129,11,8,2,0,2,0,0,2,0,0,2,2
262341,11,8,2,8,0,0,0,8,0,8,0,8
363165,11,8,2,13,11,6,1,24,7,19,12,31
363633,11,8,2,1,7,19,17,8,36,20,24,44
363907,11,8,2,15,13,14,5,28,19,29,18,47
363916,11,8,2,1,3,0,1,4,1,1,4,5
364016,11,8,2,7,11,66,130,18,196,73,141,214
364025,11,8,2,11,23,88,208,34,296,99,231,330
364636,11,8,2,1,6,0,1,7,1,1,7,8
365198,11,8,2,2,2,2,5,4,7,4,7,11
365480,11,8,2,1,7,3,7,8,10,4,14,18
366003,11,8,2,4,17,12,20,21,32,16,37,53
366252,11,8,2,17,9,23,53,26,76,40,62,102
366395,11,8,2,22,59,82,265,81,347,104,324,428
366401,11,8,2,18,14,100,254,32,354,118,268,386
366465,11,8,2,6,25,13,39,31,52,19,64,83
366623,11,8,2,1,1,0,0,2,0,1,1,2
366632,11,8,2,0,1,0,0,1,0,0,1,1
366711,11,8,2,41,84,27,39,125,66,68,123,191
367334,11,8,2,23,5,9,1,28,10,32,6,38
367459,11,8,2,14,19,59,122,33,181,73,141,214
368230,11,8,2,0,2,1,2,2,3,1,4,5
368911,11,8,2,1,8,10,46,9,56,11,54,65
372356,11,8,2,0,3,0,0,3,0,0,3,3
374574,11,8,2,4,19,1,22,23,23,5,41,46
375106,11,8,2,20,3,3,0,23,3,23,3,26
375407,11,8,2,1,4,0,0,5,0,1,4,5
375416,11,8,2,3,5,0,0,8,0,3,5,8
375726,11,8,2,10,21,8,1,31,9,18,22,40
375984,11,8,2,0,3,0,1,3,1,0,4,4
376288,11,8,2,6,10,0,0,16,0,6,10,16
376385,11,8,2,8,9,0,1,17,1,8,10,18
376446,11,8,2,0,0,0,3,0,3,0,3,3
377218,11,8,2,5,0,0,0,5,0,5,0,5
377722,11,8,2,4,13,0,0,17,0,4,13,17
379621,11,8,2,0,3,0,2,3,2,0,5,5
380359,11,8,2,5,16,5,46,21,51,10,62,72
382258,11,8,2,0,4,1,3,4,4,1,7,8
383190,11,8,2,14,19,15,71,33,86,29,90,119
383765,11,8,2,0,6,0,2,6,2,0,8,8
383996,11,8,2,2,8,8,22,10,30,10,30,40
384333,11,8,2,10,23,76,171,33,247,86,194,280
384342,11,8,2,5,18,43,131,23,174,48,149,197
395362,11,8,2,6,12,22,62,18,84,28,74,102
399212,11,8,2,10,11,459,178,21,637,469,189,658
400187,11,8,2,6,33,5,20,39,25,11,53,64
401764,11,8,2,0,3,0,9,3,9,0,12,12
403469,11,8,2,0,4,210,78,4,288,210,82,292
403478,11,8,2,3,6,5,7,9,12,8,13,21
403487,11,8,2,1,5,3,38,6,41,4,43,47
404426,11,8,2,6,9,30,56,15,86,36,65,101
404684,11,8,2,0,14,0,0,14,0,0,14,14
405872,11,8,2,7,5,20,46,12,66,27,51,78
407179,11,8,2,0,1,0,0,1,0,0,1,1
407461,11,8,2,7,1,0,0,8,0,7,1,8
407470,11,8,2,0,5,0,1,5,1,0,6,6
407735,11,8,2,0,1,0,0,1,0,0,1,1
407832,11,8,2,0,0,3,3,0,6,3,3,6
408066,11,8,2,0,2,0,2,2,2,0,4,4
408844,11,8,2,35,80,18,82,115,100,53,162,215
409591,11,8,2,0,1,2,0,1,2,2,1,3
409698,11,8,2,23,38,15,39,61,54,38,77,115
412544,11,8,2,0,3,1,3,3,4,1,6,7
413617,11,8,2,4,7,9,26,11,35,13,33,46
414878,11,8,2,7,9,9,18,16,27,16,27,43
414911,11,8,2,4,15,9,38,19,47,13,53,66
416801,11,8,2,1,12,1,4,13,5,2,16,18
417008,11,8,2,0,4,0,0,4,0,0,4,4
417655,11,8,2,0,2,0,0,2,0,0,2,2
417716,11,8,2,0,19,0,0,19,0,0,19,19
417734,11,8,2,2,3,0,5,5,5,2,8,10
417840,11,8,2,5,44,0,0,49,0,5,44,49
417886,11,8,2,0,1,0,0,1,0,0,1,1
417910,11,8,2,2,22,0,0,24,0,2,22,24
418029,11,8,2,0,5,0,0,5,0,0,5,5
418065,11,8,2,0,20,0,6,20,6,0,26,26
418083,11,8,2,1,4,0,0,5,0,1,4,5
418481,11,8,2,0,3,0,0,3,0,0,3,3
418533,11,8,2,1,12,1,7,13,8,2,19,21
418588,11,8,2,0,3,0,0,3,0,0,3,3
419031,11,8,2,0,2,0,0,2,0,0,2,2
420042,11,8,2,5,3,0,0,8,0,5,3,8
420130,11,8,2,0,23,0,0,23,0,0,23,23
420343,11,8,2,11,0,12,1,11,13,23,1,24
420431,11,8,2,15,21,43,93,36,136,58,114,172
420440,11,8,2,3,8,21,61,11,82,24,69,93
420538,11,8,2,10,16,10,32,26,42,20,48,68
420556,11,8,2,1,6,0,6,7,6,1,12,13
421610,11,8,2,1,4,0,0,5,0,1,4,5
421717,11,8,2,0,0,3,0,0,3,3,0,3
423652,11,8,2,3,11,8,21,14,29,11,32,43
426314,11,8,2,185,22,660,84,207,744,845,106,951
428055,11,8,2,1,16,0,0,17,0,1,16,17
430227,11,8,2,0,2,0,0,2,0,0,2,2
430403,11,8,2,6,30,0,0,36,0,6,30,36
430564,11,8,2,0,1,2,1,1,3,2,2,4
430971,11,8,2,0,2,0,0,2,0,0,2,2
431275,11,8,2,0,1,0,2,1,2,0,3,3
431284,11,8,2,0,4,0,1,4,1,0,5,5
433040,11,8,2,2,7,0,0,9,0,2,7,9
433101,11,8,2,4,19,2,17,23,19,6,36,42
433387,11,8,2,7704,15294,0,0,22998,0,7704,15294,22998
433420,11,8,2,13,1,0,0,14,0,13,1,14
433660,11,8,2,7,24,11,30,31,41,18,54,72
434061,11,8,2,25,90,41,140,115,181,66,230,296
434159,11,8,2,21,6,0,0,27,0,21,6,27
434584,11,8,2,0,2,4,17,2,21,4,19,23
434672,11,8,2,45,67,242,716,112,958,287,783,1070
436553,11,8,2,2,22,0,0,24,0,2,22,24
436818,11,8,2,2,3,1,2,5,3,3,5,8
436827,11,8,2,1,5,0,0,6,0,1,5,6
436836,11,8,2,2,4,1,3,6,4,3,7,10
437103,11,8,2,47,106,102,330,153,432,149,436,585
438586,11,8,2,59,95,10,19,154,29,69,114,183
438708,11,8,2,0,11,2,13,11,15,2,24,26
439190,11,8,2,0,7,11,14,7,25,11,21,32
439367,11,8,2,37,63,0,0,100,0,37,63,100
440101,11,8,2,0,1,1,4,1,5,1,5,6
440271,11,8,2,11,8,0,0,19,0,11,8,19
440749,11,8,2,0,1,6,2,1,8,6,3,9
440828,11,8,2,1,5,3,8,6,11,4,13,17
441371,11,8,2,43,999,0,0,1042,0,43,999,1042
441690,11,8,2,8,3,25,9,11,34,33,12,45
441760,11,8,2,11,32,32,101,43,133,43,133,176
441900,11,8,2,11,46,59,228,57,287,70,274,344
441937,11,8,2,20,34,19,35,54,54,39,69,108
442073,11,8,2,3,19,3,18,22,21,6,37,43
442240,11,8,2,2,4,1,7,6,8,3,11,14
442329,11,8,2,23,6,0,0,29,0,23,6,29
442356,11,8,2,4,25,9,119,29,128,13,144,157
442930,11,8,2,5,12,1,0,17,1,6,12,18
443049,11,8,2,9,8,7,7,17,14,16,15,31
443058,11,8,2,0,0,2,5,0,7,2,5,7
443100,11,8,2,4,2,0,0,6,0,4,2,6
443331,11,8,2,19,102,6,35,121,41,25,137,162
443641,11,8,2,0,1,0,1,1,1,0,2,2
444219,11,8,2,10,18,208,306,28,514,218,324,542
444282,11,8,2,0,1,0,4,1,4,0,5,5
444291,11,8,2,2,3,1,2,5,3,3,5,8
444307,11,8,2,0,4,0,4,4,4,0,8,8
444468,11,8,2,0,2,0,0,2,0,0,2,2
444486,11,8,2,2,7,0,1,9,1,2,8,10
444556,11,8,2,10,10,0,0,20,0,10,10,20
444565,11,8,2,7,7,4,8,14,12,11,15,26
444583,11,8,2,6,8,0,0,14,0,6,8,14
444671,11,8,2,3,8,0,0,11,0,3,8,11
444787,11,8,2,42,277,28,158,319,186,70,435,505
445027,11,8,2,785,1236,62,134,2021,196,847,1370,2217
445133,11,8,2,6,7,3,7,13,10,9,14,23
445188,11,8,2,5,6,0,0,11,0,5,6,11
445212,11,8,2,0,1,0,2,1,2,0,3,3
445267,11,8,2,5,55,22,102,60,124,27,157,184
445498,11,8,2,1,0,0,0,1,0,1,0,1
445708,11,8,2,2,0,0,1,2,1,2,1,3
445911,11,8,2,3,18,3,10,21,13,6,28,34
445948,11,8,2,20,137,0,0,157,0,20,137,157
446206,11,8,2,1,2,0,0,3,0,1,2,3
446233,11,8,2,0,2,0,0,2,0,0,2,2
446251,11,8,2,0,10,0,0,10,0,0,10,10
446774,11,8,2,17,26,210,391,43,601,227,417,644
447148,11,8,2,0,2,0,1,2,1,0,3,3
447166,11,8,2,0,1,0,0,1,0,0,1,1
447175,11,8,2,0,2,0,1,2,1,0,3,3
447582,11,8,2,7,30,5,14,37,19,12,44,56
447689,11,8,2,21,54,37,121,75,158,58,175,233
447759,11,8,2,11,14,2,3,25,5,13,17,30
447999,11,8,2,5,15,0,0,20,0,5,15,20
448026,11,8,2,0,1,0,0,1,0,0,1,1
448196,11,8,2,0,11,0,0,11,0,0,11,11
448220,11,8,2,0,3,0,0,3,0,0,3,3
448248,11,8,2,2,5,50,40,7,90,52,45,97
448594,11,8,2,11,16,28,68,27,96,39,84,123
448673,11,8,2,20,134,34,223,154,257,54,357,411
448798,11,8,2,1,9,0,0,10,0,1,9,10
449320,11,8,2,4,0,7,0,4,7,11,0,11
449357,11,8,2,0,7,0,0,7,0,0,7,7
449384,11,8,2,1,0,27,8,1,35,28,8,36
449472,11,8,2,0,2,0,0,2,0,0,2,2
449889,11,8,2,8,34,0,0,42,0,8,34,42
449959,11,8,2,1,3,1,1,4,2,2,4,6
449968,11,8,2,3,2,0,3,5,3,3,5,8
449977,11,8,2,0,2,0,2,2,2,0,4,4
449986,11,8,2,2,2,4,2,4,6,6,4,10
449995,11,8,2,0,2,0,4,2,4,0,6,6
450571,11,8,2,2,19,5,40,21,45,7,59,66
450599,11,8,2,0,1,0,0,1,0,0,1,1
450614,11,8,2,0,1,0,0,1,0,0,1,1
450641,11,8,2,1,2,0,5,3,5,1,7,8
450720,11,8,2,0,5,1,11,5,12,1,16,17
450933,11,8,2,1080,591,1155,411,1671,1566,2235,1002,3237
451121,11,8,2,0,5,1,2,5,3,1,7,8
451565,11,8,2,0,6,0,0,6,0,0,6,6
451583,11,8,2,2,6,26,9,8,35,28,15,43
451714,11,8,2,0,10,4,4,10,8,4,14,18
451750,11,8,2,4,22,3,38,26,41,7,60,67
451857,11,8,2,0,5,0,0,5,0,0,5,5
451918,11,8,2,0,4,0,0,4,0,0,4,4
452009,11,8,2,0,1,0,0,1,0,0,1,1
453297,11,8,2,0,0,0,1,0,1,0,1,1
454227,11,8,2,35,367,178,1842,402,2020,213,2209,2422
454236,11,8,2,1,14,7,21,15,28,8,35,43
454245,11,8,2,9,14,5,29,23,34,14,43,57
454652,11,8,2,0,2,0,0,2,0,0,2,2
454698,11,8,2,8,4,0,0,12,0,8,4,12
454768,11,8,2,0,4,1,5,4,6,1,9,10
454777,11,8,2,1,4,1,4,5,5,2,8,10
454810,11,8,2,478,1167,0,0,1645,0,478,1167,1645
454926,11,8,2,2,4,0,1,6,1,2,5,7
454944,11,8,2,2,4,0,0,6,0,2,4,6
455026,11,8,2,0,0,0,1,0,1,0,1,1
455080,11,8,2,2,5,0,1,7,1,2,6,8
455114,11,8,2,32,37,59,177,69,236,91,214,305
455196,11,8,2,53,605,0,0,658,0,53,605,658
455284,11,8,2,0,1,0,1,1,1,0,2,2
455512,11,8,2,8,11,44,134,19,178,52,145,197
455831,11,8,2,1,23,0,0,24,0,1,23,24
455868,11,8,2,1,17,0,0,18,0,1,17,18
455901,11,8,2,0,2,0,1,2,1,0,3,3
456029,11,8,2,0,4,0,1,4,1,0,5,5
456065,11,8,2,0,1,0,0,1,0,0,1,1
456135,11,8,2,0,2,0,2,2,2,0,4,4
456481,11,8,2,0,0,4,5,0,9,4,5,9
456825,11,8,2,0,1,0,1,1,1,0,2,2
456959,11,8,2,0,2,0,0,2,0,0,2,2
457031,11,8,2,0,1,0,0,1,0,0,1,1
457129,11,8,2,2,19,13,55,21,68,15,74,89
457253,11,8,2,0,1,0,4,1,4,0,5,5
457299,11,8,2,11,50,0,7,61,7,11,57,68
457323,11,8,2,0,9,0,0,9,0,0,9,9
457493,11,8,2,0,2,0,0,2,0,0,2,2
457527,11,8,2,0,3,6,35,3,41,6,38,44
457545,11,8,2,0,1,0,0,1,0,0,1,1
457633,11,8,2,0,2,0,7,2,7,0,9,9
457855,11,8,2,0,1,0,0,1,0,0,1,1
458140,11,8,2,9,0,0,0,9,0,9,0,9
458210,11,8,2,20,77,19,44,97,63,39,121,160
458229,11,8,2,29,107,10,33,136,43,39,140,179
458803,11,8,2,0,1,0,2,1,2,0,3,3
458821,11,8,2,0,1,0,0,1,0,0,1,1
458830,11,8,2,0,3,1,5,3,6,1,8,9
458858,11,8,2,1,3,1,6,4,7,2,9,11
458867,11,8,2,1,3,0,2,4,2,1,5,6
459019,11,8,2,0,2,0,0,2,0,0,2,2
459046,11,8,2,1,2,1,0,3,1,2,2,4
459055,11,8,2,0,2,0,0,2,0,0,2,2
459064,11,8,2,0,3,0,4,3,4,0,7,7
459116,11,8,2,0,1,0,0,1,0,0,1,1
459170,11,8,2,1,3,0,3,4,3,1,6,7
459198,11,8,2,0,3,0,2,3,2,0,5,5
459231,11,8,2,0,5,0,0,5,0,0,5,5
459286,11,8,2,2,4,2,3,6,5,4,7,11
459301,11,8,2,0,3,0,0,3,0,0,3,3
459392,11,8,2,0,1,0,1,1,1,0,2,2
459523,11,8,2,0,7,0,0,7,0,0,7,7
459578,11,8,2,1,3,2,2,4,4,3,5,8
459949,11,8,2,41,68,101,152,109,253,142,220,362
460349,11,8,2,10,23,76,121,33,197,86,144,230
460394,11,8,2,9,23,239,263,32,502,248,286,534
460464,11,8,2,30,22,139,204,52,343,169,226,395
460677,11,8,2,5,38,2,10,43,12,7,48,55
460862,11,8,2,0,2,0,4,2,4,0,6,6
460871,11,8,2,4,23,10,65,27,75,14,88,102
461193,11,8,2,0,2,0,1,2,1,0,3,3
461272,11,8,2,0,1,0,3,1,3,0,4,4
461379,11,8,2,0,0,0,3,0,3,0,3,3
461421,11,8,2,1,1,0,0,2,0,1,1,2
461591,11,8,2,0,8,0,0,8,0,0,8,8
461652,11,8,2,0,5,0,0,5,0,0,5,5
461704,11,8,2,2,7,0,1,9,1,2,8,10
461759,11,8,2,9,8,4,3,17,7,13,11,24
461829,11,8,2,1,8,0,0,9,0,1,8,9
461917,11,8,2,0,0,0,1,0,1,0,1,1
462008,11,8,2,1,3,0,5,4,5,1,8,9
462071,11,8,2,1,4,0,0,5,0,1,4,5
463056,11,8,2,1,3,6,3,4,9,7,6,13
466921,11,8,2,0,7,0,18,7,18,0,25,25
466930,11,8,2,4,55,18,151,59,169,22,206,228
467863,11,8,2,2,5,0,3,7,3,2,8,10
467872,11,8,2,0,3,0,4,3,4,0,7,7
468893,11,8,2,0,2,0,1,2,1,0,3,3
470047,11,8,2,2,5,0,0,7,0,2,5,7
474863,11,8,2,19,86,49,185,105,234,68,271,339
474915,11,8,2,0,4,0,6,4,6,0,10,10
474924,11,8,2,0,0,0,5,0,5,0,5,5
475200,11,8,2,1,4,7,24,5,31,8,28,36
475431,11,8,2,0,3,0,0,3,0,0,3,3
475486,11,8,2,1,3,0,5,4,5,1,8,9
475547,11,8,2,2,1,1,1,3,2,3,2,5
475556,11,8,2,0,2,0,3,2,3,0,5,5
475653,11,8,2,0,1,0,0,1,0,0,1,1
475723,11,8,2,5,7,20,9,12,29,25,16,41
475732,11,8,2,4,37,16,168,41,184,20,205,225
475741,11,8,2,2,9,0,11,11,11,2,20,22
475839,11,8,2,23,13,14,14,36,28,37,27,64
476063,11,8,2,39,2,0,0,41,0,39,2,41
476179,11,8,2,2,0,1,4,2,5,3,4,7
476805,11,8,2,0,1,0,0,1,0,0,1,1
476841,11,8,2,0,0,0,3,0,3,0,3,3
476975,11,8,2,83,120,430,573,203,1003,513,693,1206
476984,11,8,2,1,2,0,3,3,3,1,5,6
477039,11,8,2,8,55,5,42,63,47,13,97,110
478582,11,8,2,0,3,0,2,3,2,0,5,5
478616,11,8,2,0,3,0,1,3,1,0,4,4
478953,11,8,2,0,9,0,0,9,0,0,9,9
479956,11,8,2,60,88,358,400,148,758,418,488,906
479983,11,8,2,0,4,0,0,4,0,0,4,4
480028,11,8,2,22,6,0,0,28,0,22,6,28
480091,11,8,2,61,710,49,395,771,444,110,1105,1215
480310,11,8,2,0,4,0,1,4,1,0,5,5
480569,11,8,2,24,40,26,29,64,55,50,69,119
480657,11,8,2,7,29,7,36,36,43,14,65,79
480921,11,8,2,8,1,0,0,9,0,8,1,9
481191,11,8,2,3,18,0,0,21,0,3,18,21
481526,11,8,2,0,12,0,0,12,0,0,12,12
481678,11,8,2,0,0,0,1,0,1,0,1,1
481739,11,8,2,0,1,0,1,1,1,0,2,2
481748,11,8,2,1,1,0,1,2,1,1,2,3
481845,11,8,2,0,0,0,2,0,2,0,2,2
482149,11,8,2,14,22,14,19,36,33,28,41,69
482158,11,8,2,33,60,85,144,93,229,118,204,322
482167,11,8,2,0,1,0,9,1,9,0,10,10
482176,11,8,2,0,2,0,1,2,1,0,3,3
482413,11,8,2,19,19,12,20,38,32,31,39,70
482422,11,8,2,0,1,3,0,1,3,3,1,4
482431,11,8,2,63,49,58,62,112,120,121,111,232
482459,11,8,2,9,6,13,24,15,37,22,30,52
482468,11,8,2,22,17,17,37,39,54,39,54,93
482477,11,8,2,466,940,743,1696,1406,2439,1209,2636,3845
482547,11,8,2,0,0,0,1,0,1,0,1,1
482556,11,8,2,3,5,2,1,8,3,5,6,11
482565,11,8,2,0,0,1,2,0,3,1,2,3
482574,11,8,2,3,6,8,11,9,19,11,17,28
482635,11,8,2,7,2,4,3,9,7,11,5,16
482653,11,8,2,0,0,2,1,0,3,2,1,3
482680,11,8,2,18,40,33,76,58,109,51,116,167
482699,11,8,2,6,21,3,28,27,31,9,49,58
482705,11,8,2,1,22,54,78,23,132,55,100,155
482936,11,8,2,1,0,2,0,1,2,3,0,3
483036,11,8,2,20,37,55,133,57,188,75,170,245
483045,11,8,2,38,65,129,271,103,400,167,336,503
483054,11,8,2,9,4,0,0,13,0,9,4,13
483124,11,8,2,450,672,1283,1469,1122,2752,1733,2141,3874
483328,11,8,2,0,0,1,0,0,1,1,0,1
483337,11,8,2,0,2,0,2,2,2,0,4,4
483559,11,8,2,0,1,0,3,1,3,0,4,4
483595,11,8,2,94,357,60,266,451,326,154,623,777
483823,11,8,2,39,9,0,0,48,0,39,9,48
484011,11,8,2,2,2,0,3,4,3,2,5,7
484093,11,8,2,0,1,0,3,1,3,0,4,4
484190,11,8,2,2,0,0,0,2,0,2,0,2
484394,11,8,2,0,1,1,1,1,2,1,2,3
484473,11,8,2,9,21,125,163,30,288,134,184,318
484613,11,8,2,3828,9791,0,0,13619,0,3828,9791,13619
484631,11,8,2,60,44,0,0,104,0,60,44,104
484710,11,8,2,6,3,0,0,9,0,6,3,9
484756,11,8,2,5,5,0,0,10,0,5,5,10
484905,11,8,2,15,33,60,82,48,142,75,115,190
485014,11,8,2,0,1,0,1,1,1,0,2,2
485032,11,8,2,0,3,0,4,3,4,0,7,7
485111,11,8,2,21,49,59,139,70,198,80,188,268
485272,11,8,2,1,22,3,19,23,22,4,41,45
485397,11,8,2,0,1,0,3,1,3,0,4,4
485458,11,8,2,3,32,24,100,35,124,27,132,159
485476,11,8,2,0,5,0,0,5,0,0,5,5
485494,11,8,2,4,1,1,0,5,1,5,1,6
485768,11,8,2,7,11,0,0,18,0,7,11,18
486567,11,8,2,1,4,0,0,5,0,1,4,5
486691,11,8,2,0,5,0,0,5,0,0,5,5
486798,11,8,2,41,5,0,0,46,0,41,5,46
486840,11,8,2,61,81,195,182,142,377,256,263,519
486938,11,8,2,0,14,7,25,14,32,7,39,46
486947,11,8,2,3,17,1,21,20,22,4,38,42
486956,11,8,2,3,24,12,65,27,77,15,89,104
487010,11,8,2,0,13,0,4,13,4,0,17,17
487162,11,8,2,13,53,26,102,66,128,39,155,194
487348,11,8,2,0,2,0,1,2,1,0,3,3
487524,11,8,2,1,5,8,30,6,38,9,35,44
487676,11,8,2,1,2,1,5,3,6,2,7,9
487773,11,8,2,0,0,0,1,0,1,0,1,1
487861,11,8,2,7,40,2,12,47,14,9,52,61
487922,11,8,2,0,0,0,1,0,1,0,1,1
487995,11,8,2,2,5,0,5,7,5,2,10,12
488013,11,8,2,1,18,1,4,19,5,2,22,24
488031,11,8,2,4,9,0,1,13,1,4,10,14
488077,11,8,2,469,16,191,6,485,197,660,22,682
488271,11,8,2,0,2,0,0,2,0,0,2,2
488305,11,8,2,3,1,4,2,4,6,7,3,10
488332,11,8,2,13,110,0,0,123,0,13,110,123
488989,11,8,2,0,2,0,2,2,2,0,4,4
488998,11,8,2,0,1,0,0,1,0,0,1,1
489140,11,8,2,0,1,1,1,1,2,1,2,3
489201,11,8,2,4,15,61,161,19,222,65,176,241
489344,11,8,2,0,7,1,18,7,19,1,25,26
489353,11,8,2,4,19,5,11,23,16,9,30,39
489779,11,8,2,300,583,1478,2535,883,4013,1778,3118,4896
490115,11,8,2,3,0,0,0,3,0,3,0,3
490230,11,8,2,21,43,1,0,64,1,22,43,65
490258,11,8,2,2,3,0,0,5,0,2,3,5
490300,11,8,2,0,3,3,2,3,5,3,5,8
490416,11,8,2,0,1,0,0,1,0,0,1,1
490425,11,8,2,0,9,0,0,9,0,0,9,9
490753,11,8,2,1,1,0,0,2,0,1,1,2
490805,11,8,2,6,46,35,126,52,161,41,172,213
491136,11,8,2,0,1,0,4,1,4,0,5,5
491145,11,8,2,0,1,0,2,1,2,0,3,3
491534,11,8,2,0,0,0,1,0,1,0,1,1
491598,11,8,2,0,6,0,0,6,0,0,6,6
491826,11,8,2,0,4,0,0,4,0,0,4,4
491835,11,8,2,0,5,0,0,5,0,0,5,5
491941,11,8,2,0,6,0,0,6,0,0,6,6
491978,11,8,2,0,0,1,0,0,1,1,0,1
492476,11,8,2,2,14,7,31,16,38,9,45,54
492689,11,8,2,2,6,1,3,8,4,3,9,12
492759,11,8,2,3,21,3,21,24,24,6,42,48
492801,11,8,2,22,29,18,29,51,47,40,58,98
492962,11,8,2,75,122,127,159,197,286,202,281,483
493451,11,8,2,3,7,0,0,10,0,3,7,10
493655,11,8,2,1,0,0,0,1,0,1,0,1
493673,11,8,2,0,1,0,0,1,0,0,1,1
493804,11,8,2,11,5,0,0,16,0,11,5,16
493831,11,8,2,3,0,0,0,3,0,3,0,3
494278,11,8,2,1,16,6,29,17,35,7,45,52
494287,11,8,2,5,29,24,55,34,79,29,84,113
494472,11,8,2,0,1,0,0,1,0,0,1,1
494898,11,8,2,1,6,0,0,7,0,1,6,7
494959,11,8,2,1,1,0,3,2,3,1,4,5
495077,11,8,2,1,3,0,0,4,0,1,3,4
495101,11,8,2,1,8,0,0,9,0,1,8,9
495271,11,8,2,0,2,4,8,2,12,4,10,14
495369,11,8,2,0,0,1,0,0,1,1,0,1
495411,11,8,2,0,1,0,0,1,0,0,1,1
495518,11,8,2,0,2,1,1,2,2,1,3,4
496052,11,8,2,1,0,0,0,1,0,1,0,1
496618,11,8,2,1,17,0,0,18,0,1,17,18
496636,11,8,2,5,33,0,0,38,0,5,33,38
496733,11,8,2,0,4,0,0,4,0,0,4,4
497000,11,8,2,13,19,0,0,32,0,13,19,32
497037,11,8,2,16,64,14,41,80,55,30,105,135
497046,11,8,2,3,13,48,185,16,233,51,198,249
497107,11,8,2,0,0,1,7,0,8,1,7,8
497301,11,8,2,0,5,0,9,5,9,0,14,14
497417,11,8,2,0,1,0,0,1,0,0,1,1
497480,11,8,2,5,193,2,8,198,10,7,201,208
498562,11,8,2,7,22,17,51,29,68,24,73,97
498571,11,8,2,36,62,48,113,98,161,84,175,259
100663,11,8,5,54,114,177,423,168,600,231,537,768
100706,11,8,5,11,30,56,110,41,166,67,140,207
100751,11,8,5,58,136,151,392,194,543,209,528,737
100812,11,8,5,0,9,33,41,9,74,33,50,83
100830,11,8,5,13,17,28,65,30,93,41,82,123
100858,11,8,5,75,60,218,181,135,399,293,241,534
101189,11,8,5,40,72,23,25,112,48,63,97,160
101453,11,8,5,3,0,8,1,3,9,11,1,12
101480,11,8,5,16,34,63,124,50,187,79,158,237
101587,11,8,5,115,526,16,59,641,75,131,585,716
101709,11,8,5,1,3,10,45,4,55,11,48,59
101912,11,8,5,4,5,2,2,9,4,6,7,13
102049,11,8,5,20,86,14,36,106,50,34,122,156
102094,11,8,5,104,461,37,190,565,227,141,651,792
102234,11,8,5,1,1,5,8,2,13,6,9,15
102368,11,8,5,46,116,190,277,162,467,236,393,629
102377,11,8,5,8,1,0,2,9,2,8,3,11
102395,11,8,5,8,2,22,11,10,33,30,13,43
102553,11,8,5,7,8,27,65,15,92,34,73,107
102614,11,8,5,8,12,45,74,20,119,53,86,139
102632,11,8,5,2,3,11,28,5,39,13,31,44
104151,11,8,5,161,201,143,211,362,354,304,412,716
104179,11,8,5,110,182,320,368,292,688,430,550,980
104717,11,8,5,0,1,1767,6791,1,8558,1767,6792,8559
105297,11,8,5,0,1,0,0,1,0,0,1,1
105330,11,8,5,73,111,190,354,184,544,263,465,728
106245,11,8,5,43,59,61,85,102,146,104,144,248
106263,11,8,5,10,34,17,47,44,64,27,81,108
106397,11,8,5,31,56,168,263,87,431,199,319,518
106412,11,8,5,8,7,5,6,15,11,13,13,26
106458,11,8,5,4,6,259,805,10,1064,263,811,1074
106467,11,8,5,1,6,33,119,7,152,34,125,159
107141,11,8,5,3,13,22,72,16,94,25,85,110
107512,11,8,5,0,1,0,0,1,0,0,1,1
107983,11,8,5,5,13,37,132,18,169,42,145,187
108092,11,8,5,0,2,1,6,2,7,1,8,9
108232,11,8,5,56,39,55,116,95,171,111,155,266
109785,11,8,5,36,106,99,202,142,301,135,308,443
110097,11,8,5,71,37,153,99,108,252,224,136,360
110316,11,8,5,80,186,55,331,266,386,135,517,652
110361,11,8,5,58,190,69,106,248,175,127,296,423
110398,11,8,5,10,7,6,4,17,10,16,11,27
110404,11,8,5,1,1,0,0,2,0,1,1,2
110413,11,8,5,26,59,8,15,85,23,34,74,108
110422,11,8,5,8,9,12,4,17,16,20,13,33
110486,11,8,5,16,77,19,51,93,70,35,128,163
110495,11,8,5,15,48,11,35,63,46,26,83,109
110510,11,8,5,42,117,52,109,159,161,94,226,320
110529,11,8,5,36,58,42,57,94,99,78,115,193
110538,11,8,5,10,35,25,38,45,63,35,73,108
110547,11,8,5,42,104,68,146,146,214,110,250,360
110556,11,8,5,37,65,33,52,102,85,70,117,187
110565,11,8,5,29,69,116,259,98,375,145,328,473
110574,11,8,5,61,134,49,98,195,147,110,232,342
110583,11,8,5,55,96,87,187,151,274,142,283,425
110592,11,8,5,64,87,73,86,151,159,137,173,310
110608,11,8,5,55,150,111,285,205,396,166,435,601
110617,11,8,5,41,89,56,118,130,174,97,207,304
110635,11,8,5,108,112,217,129,220,346,325,241,566
110644,11,8,5,116,149,65,58,265,123,181,207,388
110653,11,8,5,93,111,13,16,204,29,106,127,233
110662,11,8,5,220,236,36,37,456,73,256,273,529
110671,11,8,5,44,53,18,19,97,37,62,72,134
110680,11,8,5,86,60,18,13,146,31,104,73,177
110699,11,8,5,36,111,0,0,147,0,36,111,147
110705,11,8,5,25,31,4,9,56,13,29,40,69
110714,11,8,5,39,38,1,3,77,4,40,41,81
111188,11,8,5,0,0,7,5,0,12,7,5,12
111948,11,8,5,16,22,16,18,38,34,32,40,72
112075,11,8,5,80,252,49,51,332,100,129,303,432
112084,11,8,5,3,0,1,3,3,4,4,3,7
112251,11,8,5,96,119,52,80,215,132,148,199,347
113582,11,8,5,0,4,0,0,4,0,0,4,4
113698,11,8,5,51,62,3,18,113,21,54,80,134
113704,11,8,5,2,0,3,1,2,4,5,1,6
114123,11,8,5,7,11,0,0,18,0,7,11,18
114354,11,8,5,0,1,0,1,1,1,0,2,2
114549,11,8,5,46,151,18,63,197,81,64,214,278
114734,11,8,5,3,1,7,5,4,12,10,6,16
114813,11,8,5,18,71,43,110,89,153,61,181,242
115083,11,8,5,129,72,80,105,201,185,209,177,386
115755,11,8,5,10,21,2,27,31,29,12,48,60
116846,11,8,5,1,6,1,5,7,6,2,11,13
117104,11,8,5,14,15,2,3,29,5,16,18,34
117672,11,8,5,110,195,15,11,305,26,125,206,331
117946,11,8,5,31,80,30,51,111,81,61,131,192
119058,11,8,5,3,11,4,12,14,16,7,23,30
120166,11,8,5,5,2,0,1,7,1,5,3,8
120184,11,8,5,2,5,7,20,7,27,9,25,34
120403,11,8,5,0,2,0,0,2,0,0,2,2
120865,11,8,5,0,0,2,3,0,5,2,3,5
120883,11,8,5,14,34,28,56,48,84,42,90,132
121150,11,8,5,64,121,191,426,185,617,255,547,802
121309,11,8,5,14,31,43,66,45,109,57,97,154
121628,11,8,5,8,4,0,0,12,0,8,4,12
122296,11,8,5,15,42,9,49,57,58,24,91,115
122409,11,8,5,75,192,69,146,267,215,144,338,482
122436,11,8,5,21,35,180,176,56,356,201,211,412
122597,11,8,5,58,133,55,91,191,146,113,224,337
122612,11,8,5,38,74,91,143,112,234,129,217,346
122728,11,8,5,16,25,12,14,41,26,28,39,67
122755,11,8,5,43,166,168,469,209,637,211,635,846
122931,11,8,5,50,62,59,104,112,163,109,166,275
123457,11,8,5,4,6,9,9,10,18,13,15,28
123572,11,8,5,9,26,15,45,35,60,24,71,95
123916,11,8,5,2,8,4,14,10,18,6,22,28
123952,11,8,5,5,1,0,0,6,0,5,1,6
123961,11,8,5,476,617,216,313,1093,529,692,930,1622
124283,11,8,5,40,12,10,5,52,15,50,17,67
124487,11,8,5,0,0,2,3,0,5,2,3,5
125231,11,8,5,733,3246,1198,5312,3979,6510,1931,8558,10489
125763,11,8,5,1,0,2,2,1,4,3,2,5
125897,11,8,5,1,1,2,1,2,3,3,2,5
126012,11,8,5,14,41,0,0,55,0,14,41,55
126182,11,8,5,29,108,48,82,137,130,77,190,267
126562,11,8,5,71,119,263,672,190,935,334,791,1125
126580,11,8,5,20,41,115,168,61,283,135,209,344
126614,11,8,5,41,38,292,174,79,466,333,212,545
126775,11,8,5,21,8,43,10,29,53,64,18,82
126818,11,8,5,39,43,334,412,82,746,373,455,828
126827,11,8,5,209,340,59,59,549,118,268,399,667
127185,11,8,5,1,4,1,11,5,12,2,15,17
127556,11,8,5,1,6,4,11,7,15,5,17,22
127565,11,8,5,18,59,22,68,77,90,40,127,167
127653,11,8,5,9,29,16,56,38,72,25,85,110
127741,11,8,5,17,46,90,354,63,444,107,400,507
127909,11,8,5,0,1,0,0,1,0,0,1,1
127918,11,8,5,64,165,32,96,229,128,96,261,357
128106,11,8,5,29,63,107,340,92,447,136,403,539
128498,11,8,5,8,26,5,18,34,23,13,44,57
128744,11,8,5,19,39,37,159,58,196,56,198,254
128771,11,8,5,9,21,88,152,30,240,97,173,270
128780,11,8,5,0,1,5,24,1,29,5,25,30
129020,11,8,5,69,94,172,234,163,406,241,328,569
129154,11,8,5,2,3,2,21,5,23,4,24,28
129215,11,8,5,1,5,3,11,6,14,4,16,20
129242,11,8,5,22,33,19,80,55,99,41,113,154
129428,11,8,5,0,0,12,4,0,16,12,4,16
129491,11,8,5,6,2,7,6,8,13,13,8,21
129525,11,8,5,12,30,55,129,42,184,67,159,226
129941,11,8,5,28,34,50,75,62,125,78,109,187
130183,11,8,5,44,338,79,177,382,256,123,515,638
130226,11,8,5,12,10,31,134,22,165,43,144,187
130253,11,8,5,15,25,53,231,40,284,68,256,324
130314,11,8,5,12,51,12,55,63,67,24,106,130
130590,11,8,5,0,1,2,1,1,3,2,2,4
130697,11,8,5,5,3,3,3,8,6,8,6,14
130776,11,8,5,0,3,17,64,3,81,17,67,84
130794,11,8,5,71,104,20,19,175,39,91,123,214
130934,11,8,5,46,92,5,32,138,37,51,124,175
130943,11,8,5,68,81,70,100,149,170,138,181,319
130989,11,8,5,0,2,11,13,2,24,11,15,26
131113,11,8,5,39,69,227,596,108,823,266,665,931
131399,11,8,5,16,16,24,24,32,48,40,40,80
131450,11,8,5,7,18,14,21,25,35,21,39,60
131469,11,8,5,166,111,441,694,277,1135,607,805,1412
131496,11,8,5,107,89,218,270,196,488,325,359,684
131520,11,8,5,60,76,30,69,136,99,90,145,235
132471,11,8,5,51,126,61,205,177,266,112,331,443
132842,11,8,5,5,46,4,38,51,42,9,84,93
132903,11,8,5,90,144,228,467,234,695,318,611,929
133553,11,8,5,14,7,17,3,21,20,31,10,41
133650,11,8,5,23,38,17,33,61,50,40,71,111
133711,11,8,5,0,0,0,3,0,3,0,3,3
133872,11,8,5,1,9,9,24,10,33,10,33,43
133881,11,8,5,20,19,131,347,39,478,151,366,517
134097,11,8,5,89,158,278,621,247,899,367,779,1146
134130,11,8,5,187,204,383,707,391,1090,570,911,1481
135610,11,8,5,1,2,2,4,3,6,3,6,9
135726,11,8,5,117,131,50,70,248,120,167,201,368
136172,11,8,5,9,33,46,201,42,247,55,234,289
136330,11,8,5,10,30,24,33,40,57,34,63,97
136701,11,8,5,8,0,0,1,8,1,8,1,9
136950,11,8,5,7,9,12,22,16,34,19,31,50
137351,11,8,5,133,163,232,480,296,712,365,643,1008
137546,11,8,5,13,16,11,36,29,47,24,52,76
137564,11,8,5,37,46,79,122,83,201,116,168,284
138275,11,8,5,1,1,6,6,2,12,7,7,14
138309,11,8,5,10,20,2,33,30,35,12,53,65
138354,11,8,5,15,52,198,404,67,602,213,456,669
138600,11,8,5,0,2,1,5,2,6,1,7,8
138716,11,8,5,2,47,7,42,49,49,9,89,98
138929,11,8,5,6,8,7,11,14,18,13,19,32
138947,11,8,5,12,29,10,31,41,41,22,60,82
139144,11,8,5,1,7,8,13,8,21,9,20,29
139199,11,8,5,7,83,18,97,90,115,25,180,205
139311,11,8,5,15,21,20,37,36,57,35,58,93
139366,11,8,5,27,46,75,182,73,257,102,228,330
139393,11,8,5,1,4,2,4,5,6,3,8,11
139658,11,8,5,84,111,57,109,195,166,141,220,361
139719,11,8,5,4,17,1,12,21,13,5,29,34
139755,11,8,5,102,52,1731,415,154,2146,1833,467,2300
139764,11,8,5,8,60,21,56,68,77,29,116,145
139861,11,8,5,7,29,31,101,36,132,38,130,168
139931,11,8,5,25,62,80,288,87,368,105,350,455
139940,11,8,5,139,239,107,300,378,407,246,539,785
139959,11,8,5,116,166,140,310,282,450,256,476,732
140146,11,8,5,12,9,14,9,21,23,26,18,44
140234,11,8,5,5,10,2,1,15,3,7,11,18
140252,11,8,5,19,23,5,12,42,17,24,35,59
140447,11,8,5,31,114,63,185,145,248,94,299,393
140562,11,8,5,7,15,2,5,22,7,9,20,29
140818,11,8,5,5,22,25,102,27,127,30,124,154
140951,11,8,5,18,30,30,51,48,81,48,81,129
140960,11,8,5,3,3,5,5,6,10,8,8,16
140988,11,8,5,2,11,1,2,13,3,3,13,16
141264,11,8,5,23,67,132,342,90,474,155,409,564
141334,11,8,5,9,72,129,584,81,713,138,656,794
141565,11,8,5,3,14,4,15,17,19,7,29,36
141574,11,8,5,57,100,150,281,157,431,207,381,588
141644,11,8,5,21,37,20,40,58,60,41,77,118
142115,11,8,5,38,99,161,353,137,514,199,452,651
142276,11,8,5,24,105,59,139,129,198,83,244,327
142285,11,8,5,55,61,104,97,116,201,159,158,317
142461,11,8,5,6,43,32,96,49,128,38,139,177
142832,11,8,5,9,53,38,105,62,143,47,158,205
143118,11,8,5,15,94,43,148,109,191,58,242,300
143358,11,8,5,6,7,25,150,13,175,31,157,188
143853,11,8,5,12,14,0,1,26,1,12,15,27
144050,11,8,5,137,60,79,41,197,120,216,101,317
144351,11,8,5,6,19,294,715,25,1009,300,734,1034
144740,11,8,5,105,135,125,126,240,251,230,261,491
144892,11,8,5,6,22,55,110,28,165,61,132,193
144962,11,8,5,2,5,14,30,7,44,16,35,51
145336,11,8,5,11,54,50,153,65,203,61,207,268
145372,11,8,5,0,5,5,12,5,17,5,17,22
145558,11,8,5,9,16,1,2,25,3,10,18,28
145600,11,8,5,107,176,194,403,283,597,301,579,880
145619,11,8,5,4,11,55,124,15,179,59,135,194
145637,11,8,5,356,243,974,712,599,1686,1330,955,2285
145813,11,8,5,12,24,66,212,36,278,78,236,314
145886,11,8,5,8,34,2,0,42,2,10,34,44
146339,11,8,5,9,14,1,4,23,5,10,18,28
146481,11,8,5,0,0,1,2,0,3,1,2,3
146490,11,8,5,0,0,44,50,0,94,44,50,94
146612,11,8,5,5,28,52,170,33,222,57,198,255
146719,11,8,5,83,142,65,200,225,265,148,342,490
147013,11,8,5,7,15,22,60,22,82,29,75,104
147129,11,8,5,0,5,0,1,5,1,0,6,6
147244,11,8,5,2,4,1,2,6,3,3,6,9
147369,11,8,5,16,13,55,35,29,90,71,48,119
147536,11,8,5,55,267,96,489,322,585,151,756,907
147590,11,8,5,6,23,1,6,29,7,7,29,36
147660,11,8,5,2,13,0,7,15,7,2,20,22
147679,11,8,5,5,7,63,107,12,170,68,114,182
147776,11,8,5,18,23,61,173,41,234,79,196,275
147828,11,8,5,0,4,28,111,4,139,28,115,143
148131,11,8,5,1,0,6,10,1,16,7,10,17
148487,11,8,5,5,19,17,62,24,79,22,81,103
148511,11,8,5,14,36,18,100,50,118,32,136,168
148575,11,8,5,0,0,1,23,0,24,1,23,24
148627,11,8,5,1,3,13,60,4,73,14,63,77
148654,11,8,5,18,27,102,101,45,203,120,128,248
149222,11,8,5,51,62,106,99,113,205,157,161,318
149231,11,8,5,14,60,80,200,74,280,94,260,354
149772,11,8,5,20,24,65,175,44,240,85,199,284
149781,11,8,5,5,14,55,47,19,102,60,61,121
150136,11,8,5,18,52,107,420,70,527,125,472,597
150163,11,8,5,2,13,38,93,15,131,40,106,146
150172,11,8,5,2,9,7,9,11,16,9,18,27
150215,11,8,5,7,17,3,5,24,8,10,22,32
150534,11,8,5,2,9,0,0,11,0,2,9,11
150668,11,8,5,3,2,0,10,5,10,3,12,15
150677,11,8,5,4,18,45,20,22,65,49,38,87
150941,11,8,5,1,8,2,10,9,12,3,18,21
151111,11,8,5,64,77,139,345,141,484,203,422,625
151263,11,8,5,2,5,21,97,7,118,23,102,125
151290,11,8,5,72,49,78,56,121,134,150,105,255
151306,11,8,5,17,28,106,211,45,317,123,239,362
151324,11,8,5,19,38,97,146,57,243,116,184,300
151333,11,8,5,1,4,5,16,5,21,6,20,26
151342,11,8,5,8,16,26,54,24,80,34,70,104
151351,11,8,5,230,134,352,341,364,693,582,475,1057
151360,11,8,5,2,15,14,31,17,45,16,46,62
151379,11,8,5,2,5,27,60,7,87,29,65,94
151388,11,8,5,1,2,22,32,3,54,23,34,57
151777,11,8,5,3,3,1,4,6,5,4,7,11
152080,11,8,5,92,53,23,26,145,49,115,79,194
152318,11,8,5,0,0,1,0,0,1,1,0,1
152336,11,8,5,3,12,8,29,15,37,11,41,52
152390,11,8,5,0,0,0,8,0,8,0,8,8
152451,11,8,5,6,0,4,6,6,10,10,6,16
152567,11,8,5,1,8,0,3,9,3,1,11,12
152600,11,8,5,1,6,9,9,7,18,10,15,25
152798,11,8,5,2,11,4,13,13,17,6,24,30
152992,11,8,5,0,2,3,19,2,22,3,21,24
153001,11,8,5,0,5,20,87,5,107,20,92,112
153126,11,8,5,0,1,1,3,1,4,1,4,5
153162,11,8,5,0,2,0,0,2,0,0,2,2
153250,11,8,5,0,0,16,39,0,55,16,39,55
153269,11,8,5,9,8,76,151,17,227,85,159,244
153366,11,8,5,7,27,9,40,34,49,16,67,83
153621,11,8,5,1,2,0,0,3,0,1,2,3
153658,11,8,5,88,99,190,259,187,449,278,358,636
153825,11,8,5,2,3,0,3,5,3,2,6,8
154004,11,8,5,2,11,40,187,13,227,42,198,240
154013,11,8,5,4,14,7,34,18,41,11,48,59
154174,11,8,5,21,16,1,3,37,4,22,19,41
154235,11,8,5,2,7,15,25,9,40,17,32,49
154350,11,8,5,1,2,2,0,3,2,3,2,5
154493,11,8,5,29,81,8,26,110,34,37,107,144
154527,11,8,5,2,2,0,1,4,1,2,3,5
154712,11,8,5,0,0,1,3,0,4,1,3,4
155025,11,8,5,39,55,103,325,94,428,142,380,522
155089,11,8,5,11,19,18,62,30,80,29,81,110
155317,11,8,5,98,145,133,256,243,389,231,401,632
155399,11,8,5,35,59,156,292,94,448,191,351,542
155812,11,8,5,0,3,10,21,3,31,10,24,34
155900,11,8,5,3,2,5,15,5,20,8,17,25
155973,11,8,5,0,0,1,7,0,8,1,7,8
156082,11,8,5,12,24,12,53,36,65,24,77,101
156125,11,8,5,18,39,89,265,57,354,107,304,411
156213,11,8,5,1,1,18,35,2,53,19,36,55
156286,11,8,5,4,2,21,45,6,66,25,47,72
156356,11,8,5,0,5,7,5,5,12,7,10,17
156541,11,8,5,151,332,539,722,483,1261,690,1054,1744
156620,11,8,5,11,27,100,256,38,356,111,283,394
156745,11,8,5,0,0,11,61,0,72,11,61,72
157058,11,8,5,2,6,4,6,8,10,6,12,18
157085,11,8,5,120,300,111,298,420,409,231,598,829
157216,11,8,5,18,42,15,58,60,73,33,100,133
157289,11,8,5,121,149,137,195,270,332,258,344,602
157386,11,8,5,5,18,41,80,23,121,46,98,144
157401,11,8,5,6,30,97,147,36,244,103,177,280
157447,11,8,5,34,90,192,680,124,872,226,770,996
157535,11,8,5,4,21,0,2,25,2,4,23,27
157757,11,8,5,20,57,7,46,77,53,27,103,130
157951,11,8,5,8,25,108,188,33,296,116,213,329
159391,11,8,5,69,137,136,226,206,362,205,363,568
159647,11,8,5,24,15,18,33,39,51,42,48,90
159656,11,8,5,9,17,14,65,26,79,23,82,105
159717,11,8,5,1,11,10,60,12,70,11,71,82
159939,11,8,5,21,37,42,79,58,121,63,116,179
159966,11,8,5,0,3,9,43,3,52,9,46,55
159993,11,8,5,24,78,27,167,102,194,51,245,296
160612,11,8,5,5,14,22,121,19,143,27,135,162
160621,11,8,5,29,42,27,73,71,100,56,115,171
160630,11,8,5,3,18,4,13,21,17,7,31,38
160658,11,8,5,24,24,85,146,48,231,109,170,279
160755,11,8,5,41,99,116,232,140,348,157,331,488
160904,11,8,5,8,16,0,3,24,3,8,19,27
161217,11,8,5,1,1,5,11,2,16,6,12,18
161226,11,8,5,0,4,13,61,4,74,13,65,78
161235,11,8,5,0,4,0,0,4,0,0,4,4
161253,11,8,5,25,32,96,228,57,324,121,260,381
161299,11,8,5,0,0,5,1,0,6,5,1,6
161341,11,8,5,1,0,3,3,1,6,4,3,7
161457,11,8,5,36,153,32,96,189,128,68,249,317
161509,11,8,5,2,1,1,1,3,2,3,2,5
161554,11,8,5,15,44,60,237,59,297,75,281,356
161572,11,8,5,3,10,7,32,13,39,10,42,52
161873,11,8,5,22,23,65,119,45,184,87,142,229
162210,11,8,5,2,2,3,7,4,10,5,9,14
162283,11,8,5,5,18,6,27,23,33,11,45,56
162584,11,8,5,6,22,37,83,28,120,43,105,148
162654,11,8,5,0,3,20,107,3,127,20,110,130
163204,11,8,5,4,14,1022,1012,18,2034,1026,1026,2052
163259,11,8,5,36,120,80,308,156,388,116,428,544
163268,11,8,5,33,34,81,99,67,180,114,133,247
163286,11,8,5,179,193,122,160,372,282,301,353,654
163295,11,8,5,0,3,17,36,3,53,17,39,56
163338,11,8,5,6,18,18,38,24,56,24,56,80
163453,11,8,5,120,133,25,47,253,72,145,180,325
163462,11,8,5,6,4,13,38,10,51,19,42,61
163578,11,8,5,9,30,40,179,39,219,49,209,258
163851,11,8,5,11,38,9,32,49,41,20,70,90
163976,11,8,5,4,2,4,2,6,6,8,4,12
164076,11,8,5,17,41,61,258,58,319,78,299,377
164085,11,8,5,1,26,11,166,27,177,12,192,204
164270,11,8,5,16,62,25,119,78,144,41,181,222
164492,11,8,5,9,3,56,12,12,68,65,15,80
164632,11,8,5,2,35,16,150,37,166,18,185,203
164739,11,8,5,3,7,30,34,10,64,33,41,74
164872,11,8,5,10,29,2,3,39,5,12,32,44
164915,11,8,5,2,5,4,17,7,21,6,22,28
164988,11,8,5,106,128,486,470,234,956,592,598,1190
165015,11,8,5,44,37,15,29,81,44,59,66,125
165024,11,8,5,4,18,32,119,22,151,36,137,173
165167,11,8,5,18,52,47,161,70,208,65,213,278
165334,11,8,5,17,8,10,20,25,30,27,28,55
165662,11,8,5,10,60,6,59,70,65,16,119,135
165671,11,8,5,0,0,0,7,0,7,0,7,7
165820,11,8,5,23,58,173,462,81,635,196,520,716
165866,11,8,5,5,9,50,186,14,236,55,195,250
165936,11,8,5,2,19,21,39,21,60,23,58,81
165945,11,8,5,27,15,174,96,42,270,201,111,312
166027,11,8,5,180,181,835,910,361,1745,1015,1091,2106
166391,11,8,5,3,1,20,18,4,38,23,19,42
166513,11,8,5,67,44,295,270,111,565,362,314,676
166629,11,8,5,49,60,390,476,109,866,439,536,975
166674,11,8,5,2,3,0,1,5,1,2,4,6
166683,11,8,5,140,58,16,2,198,18,156,60,216
166708,11,8,5,8,11,4,25,19,29,12,36,48
166717,11,8,5,1,20,20,41,21,61,21,61,82
166850,11,8,5,24,50,12,43,74,55,36,93,129
166939,11,8,5,1,2,6,48,3,54,7,50,57
167093,11,8,5,1,6,0,0,7,0,1,6,7
167288,11,8,5,3,9,3,11,12,14,6,20,26
167358,11,8,5,64,62,49,49,126,98,113,111,224
167394,11,8,5,1,7,7,38,8,45,8,45,53
167598,11,8,5,6,54,49,320,60,369,55,374,429
167729,11,8,5,4,37,26,129,41,155,30,166,196
167783,11,8,5,19,120,37,361,139,398,56,481,537
167835,11,8,5,6,14,3,10,20,13,9,24,33
167987,11,8,5,16,16,68,140,32,208,84,156,240
168005,11,8,5,9,13,38,48,22,86,47,61,108
168148,11,8,5,49,58,48,81,107,129,97,139,236
168227,11,8,5,2,1,5,1,3,6,7,2,9
168254,11,8,5,9,21,18,21,30,39,27,42,69
168342,11,8,5,1,0,0,0,1,0,1,0,1
168421,11,8,5,6,3,89,49,9,138,95,52,147
168430,11,8,5,1,5,19,112,6,131,20,117,137
168591,11,8,5,1,1,0,0,2,0,1,1,2
168740,11,8,5,75,24,199,98,99,297,274,122,396
168786,11,8,5,1,6,1,9,7,10,2,15,17
168847,11,8,5,4,8,18,43,12,61,22,51,73
169099,11,8,5,27,9,27,15,36,42,54,24,78
169248,11,8,5,23,49,140,264,72,404,163,313,476
169424,11,8,5,4,6,0,0,10,0,4,6,10
169716,11,8,5,17,16,25,47,33,72,42,63,105
169798,11,8,5,6,32,76,214,38,290,82,246,328
169910,11,8,5,3,12,30,65,15,95,33,77,110
170000,11,8,5,5,7,2,2,12,4,7,9,16
170082,11,8,5,14,36,59,177,50,236,73,213,286
170286,11,8,5,1,0,3,0,1,3,4,0,4
170675,11,8,5,1,3,51,22,4,73,52,25,77
170806,11,8,5,1,9,6,39,10,45,7,48,55
170976,11,8,5,144,153,158,110,297,268,302,263,565
171100,11,8,5,137,166,145,240,303,385,282,406,688
171137,11,8,5,4,5,80,64,9,144,84,69,153
171146,11,8,5,15,31,53,116,46,169,68,147,215
171456,11,8,5,3,8,16,44,11,60,19,52,71
171492,11,8,5,2,0,30,16,2,46,32,16,48
171571,11,8,5,39,75,87,128,114,215,126,203,329
172334,11,8,5,37,262,6,37,299,43,43,299,342
172644,11,8,5,85,128,127,287,213,414,212,415,627
172699,11,8,5,49,69,70,166,118,236,119,235,354
173045,11,8,5,19,49,12,38,68,50,31,87,118
173142,11,8,5,3,3,0,0,6,0,3,3,6
173160,11,8,5,7,40,68,104,47,172,75,144,219
173300,11,8,5,0,0,2,7,0,9,2,7,9
173452,11,8,5,0,0,17,18,0,35,17,18,35
173665,11,8,5,1,5,55,126,6,181,56,131,187
173683,11,8,5,5,11,7,17,16,24,12,28,40
173896,11,8,5,30,62,9,10,92,19,39,72,111
174066,11,8,5,103,155,303,430,258,733,406,585,991
174127,11,8,5,1,1,6,8,2,14,7,9,16
174233,11,8,5,3,19,13,11,22,24,16,30,46
174491,11,8,5,0,0,4,10,0,14,4,10,14
174507,11,8,5,5,15,1,11,20,12,6,26,32
174747,11,8,5,0,0,0,2,0,2,0,2,2
174792,11,8,5,6,6,11,3,12,14,17,9,26
174899,11,8,5,21,71,34,95,92,129,55,166,221
174914,11,8,5,49,48,113,174,97,287,162,222,384
175005,11,8,5,3,23,7,115,26,122,10,138,148
175014,11,8,5,13,60,9,33,73,42,22,93,115
175421,11,8,5,14,23,144,373,37,517,158,396,554
175430,11,8,5,1,1,2,2,2,4,3,3,6
175616,11,8,5,3,31,17,69,34,86,20,100,120
175856,11,8,5,22,120,62,224,142,286,84,344,428
175980,11,8,5,0,0,3,1,0,4,3,1,4
176017,11,8,5,40,74,77,211,114,288,117,285,402
176035,11,8,5,0,16,4,21,16,25,4,37,41
176044,11,8,5,1,9,4,22,10,26,5,31,36
176053,11,8,5,16,76,23,82,92,105,39,158,197
176080,11,8,5,26,42,166,224,68,390,192,266,458
176372,11,8,5,21,58,131,284,79,415,152,342,494
176451,11,8,5,7,1,20,16,8,36,27,17,44
176479,11,8,5,45,163,53,226,208,279,98,389,487
176600,11,8,5,6,5,5,5,11,10,11,10,21
176628,11,8,5,2,25,6,15,27,21,8,40,48
176965,11,8,5,5,8,75,201,13,276,80,209,289
177038,11,8,5,0,0,0,1,0,1,0,1,1
177126,11,8,5,18,10,57,29,28,86,75,39,114
177144,11,8,5,1,3,0,0,4,0,1,3,4
177214,11,8,5,0,2,8,32,2,40,8,34,42
177418,11,8,5,0,5,9,22,5,31,9,27,36
177940,11,8,5,3,3,8,8,6,16,11,11,22
177986,11,8,5,9,8,13,50,17,63,22,58,80
178059,11,8,5,17,42,129,717,59,846,146,759,905
178341,11,8,5,0,2,4,9,2,13,4,11,15
178369,11,8,5,0,0,1,2,0,3,1,2,3
178387,11,8,5,0,0,2,19,0,21,2,19,21
178396,11,8,5,87,133,169,397,220,566,256,530,786
178402,11,8,5,26,48,100,173,74,273,126,221,347
178411,11,8,5,14,12,60,14,26,74,74,26,100
178420,11,8,5,27,47,106,213,74,319,133,260,393
178615,11,8,5,2,5,5,11,7,16,7,16,23
178624,11,8,5,27,53,114,340,80,454,141,393,534
178679,11,8,5,0,0,8,5,0,13,8,5,13
178721,11,8,5,7,10,123,139,17,262,130,149,279
178989,11,8,5,0,0,2,13,0,15,2,13,15
179043,11,8,5,6,20,23,44,26,67,29,64,93
179326,11,8,5,1,4,19,52,5,71,20,56,76
179557,11,8,5,6,20,26,75,26,101,32,95,127
179566,11,8,5,36,55,155,269,91,424,191,324,515
179812,11,8,5,6,5,1,2,11,3,7,7,14
179867,11,8,5,103,85,87,89,188,176,190,174,364
179894,11,8,5,71,68,309,432,139,741,380,500,880
180106,11,8,5,5,3,0,0,8,0,5,3,8
180179,11,8,5,4,19,10,37,23,47,14,56,70
180258,11,8,5,6,32,20,59,38,79,26,91,117
180416,11,8,5,2,0,12,6,2,18,14,6,20
180461,11,8,5,12,31,49,136,43,185,61,167,228
180522,11,8,5,1,4,2,6,5,8,3,10,13
180595,11,8,5,8,8,0,0,16,0,8,8,16
180647,11,8,5,1,5,2,0,6,2,3,5,8
180814,11,8,5,189,293,85,108,482,193,274,401,675
180948,11,8,5,3,10,17,62,13,79,20,72,92
181002,11,8,5,32,59,97,144,91,241,129,203,332
181020,11,8,5,22,40,30,110,62,140,52,150,202
181215,11,8,5,7,13,61,215,20,276,68,228,296
181297,11,8,5,9,47,3,10,56,13,12,57,69
181330,11,8,5,1,2,10,38,3,48,11,40,51
181394,11,8,5,24,31,131,200,55,331,155,231,386
181428,11,8,5,25,44,25,74,69,99,50,118,168
181446,11,8,5,0,9,2,20,9,22,2,29,31
181464,11,8,5,46,40,167,202,86,369,213,242,455
181604,11,8,5,1,7,1,20,8,21,2,27,29
181783,11,8,5,4,4,44,116,8,160,48,120,168
182281,11,8,5,93,164,146,273,257,419,239,437,676
182290,11,8,5,28,65,106,232,93,338,134,297,431
182670,11,8,5,18,23,1,4,41,5,19,27,46
182829,11,8,5,16,9,36,22,25,58,52,31,83
182980,11,8,5,32,33,4,10,65,14,36,43,79
183026,11,8,5,427,756,1104,2488,1183,3592,1531,3244,4775
183044,11,8,5,38,51,60,94,89,154,98,145,243
183062,11,8,5,0,0,13,14,0,27,13,14,27
183071,11,8,5,0,0,1,1,0,2,1,1,2
183080,11,8,5,1,3,15,65,4,80,16,68,84
183257,11,8,5,0,5,13,52,5,65,13,57,70
183789,11,8,5,4,7,5,9,11,14,9,16,25
183910,11,8,5,2,1,12,38,3,50,14,39,53
184603,11,8,5,13,32,74,227,45,301,87,259,346
184612,11,8,5,3,11,15,51,14,66,18,62,80
184694,11,8,5,4,15,11,21,19,32,15,36,51
184773,11,8,5,1,11,15,86,12,101,16,97,113
184782,11,8,5,13,18,66,261,31,327,79,279,358
185262,11,8,5,7,46,36,191,53,227,43,237,280
185572,11,8,5,5,17,25,73,22,98,30,90,120
185590,11,8,5,14,44,119,274,58,393,133,318,451
185758,11,8,5,3,5,13,10,8,23,16,15,31
185828,11,8,5,20,8,74,34,28,108,94,42,136
186131,11,8,5,24,14,0,0,38,0,24,14,38
186201,11,8,5,3,7,6,26,10,32,9,33,42
186283,11,8,5,4,11,29,59,15,88,33,70,103
186371,11,8,5,14,34,55,97,48,152,69,131,200
186380,11,8,5,85,171,212,586,256,798,297,757,1054
186399,11,8,5,45,42,92,136,87,228,137,178,315
186432,11,8,5,13,13,24,59,26,83,37,72,109
186584,11,8,5,22,31,120,243,53,363,142,274,416
186618,11,8,5,3,9,18,30,12,48,21,39,60
186867,11,8,5,17,5,163,69,22,232,180,74,254
186876,11,8,5,2,9,17,66,11,83,19,75,94
187046,11,8,5,1,1,128,158,2,286,129,159,288
187134,11,8,5,0,10,14,62,10,76,14,72,86
187444,11,8,5,15,42,48,290,57,338,63,332,395
187648,11,8,5,9,32,52,144,41,196,61,176,237
187897,11,8,5,21,80,24,95,101,119,45,175,220
187967,11,8,5,4,4,21,21,8,42,25,25,50
187985,11,8,5,77,133,165,262,210,427,242,395,637
188030,11,8,5,48,77,77,190,125,267,125,267,392
188207,11,8,5,2,10,2,10,12,12,4,20,24
188340,11,8,5,1,0,0,0,1,0,1,0,1
188429,11,8,5,9,30,25,128,39,153,34,158,192
188641,11,8,5,6,10,8,26,16,34,14,36,50
188854,11,8,5,1,1,0,0,2,0,1,1,2
189228,11,8,5,7,8,0,2,15,2,7,10,17
189705,11,8,5,4,9,20,27,13,47,24,36,60
190044,11,8,5,14,10,29,48,24,77,43,58,101
190099,11,8,5,0,0,0,1,0,1,0,1,1
190415,11,8,5,140,88,48,54,228,102,188,142,330
190424,11,8,5,18,15,4,5,33,9,22,20,42
190503,11,8,5,7,10,0,0,17,0,7,10,17
190761,11,8,5,1,13,9,34,14,43,10,47,57
191126,11,8,5,1,7,1,1,8,2,2,8,10
191205,11,8,5,1,0,6,3,1,9,7,3,10
191241,11,8,5,54,110,115,295,164,410,169,405,574
191649,11,8,5,31,4,59,118,35,177,90,122,212
191676,11,8,5,0,1,1,1,1,2,1,2,3
192192,11,8,5,1,0,5,31,1,36,6,31,37
192271,11,8,5,1,1,0,4,2,4,1,5,6
192323,11,8,5,8,6,12,42,14,54,20,48,68
192448,11,8,5,24,92,65,284,116,349,89,376,465
192703,11,8,5,14,6,4,7,20,11,18,13,31
192712,11,8,5,4,0,0,0,4,0,4,0,4
192749,11,8,5,13,37,24,66,50,90,37,103,140
192785,11,8,5,3,4,0,0,7,0,3,4,7
192819,11,8,5,1,2,33,37,3,70,34,39,73
193016,11,8,5,22,64,30,186,86,216,52,250,302
193292,11,8,5,1,9,38,233,10,271,39,242,281
193399,11,8,5,10,24,7,32,34,39,17,56,73
193584,11,8,5,0,11,3,18,11,21,3,29,32
193654,11,8,5,38,57,12,24,95,36,50,81,131
193830,11,8,5,8,12,9,18,20,27,17,30,47
193900,11,8,5,158,253,294,386,411,680,452,639,1091
193973,11,8,5,40,35,28,46,75,74,68,81,149
194091,11,8,5,58,40,18,26,98,44,76,66,142
194116,11,8,5,2,5,0,1,7,1,2,6,8
194310,11,8,5,31,49,84,214,80,298,115,263,378
194392,11,8,5,0,0,1,0,0,1,1,0,1
194578,11,8,5,4,23,2,13,27,15,6,36,42
194824,11,8,5,11,11,2,1,22,3,13,12,25
195003,11,8,5,40,25,39,27,65,66,79,52,131
195128,11,8,5,1,24,18,112,25,130,19,136,155
195155,11,8,5,1,0,13,4,1,17,14,4,18
195164,11,8,5,4,11,30,59,15,89,34,70,104
195234,11,8,5,22,50,60,136,72,196,82,186,268
195243,11,8,5,0,1,2,4,1,6,2,5,7
195474,11,8,5,1,0,1,3,1,4,2,3,5
195544,11,8,5,5,5,15,82,10,97,20,87,107
195720,11,8,5,13,51,11,55,64,66,24,106,130
196024,11,8,5,0,3,2,20,3,22,2,23,25
196042,11,8,5,1,0,2,0,1,2,3,0,3
196060,11,8,5,30,52,106,229,82,335,136,281,417
196079,11,8,5,21,43,72,120,64,192,93,163,256
196088,11,8,5,65,110,116,243,175,359,181,353,534
196097,11,8,5,67,68,103,321,135,424,170,389,559
196103,11,8,5,2,5,9,7,7,16,11,12,23
196112,11,8,5,8,15,41,83,23,124,49,98,147
196121,11,8,5,6,22,24,84,28,108,30,106,136
196130,11,8,5,3,15,21,41,18,62,24,56,80
196149,11,8,5,1,0,12,33,1,45,13,33,46
196158,11,8,5,0,0,4,21,0,25,4,21,25
196176,11,8,5,4,10,10,38,14,48,14,48,62
196185,11,8,5,1,4,3,10,5,13,4,14,18
196194,11,8,5,10,14,31,62,24,93,41,76,117
196200,11,8,5,4,18,6,12,22,18,10,30,40
196219,11,8,5,3,0,1,5,3,6,4,5,9
196246,11,8,5,3,19,10,30,22,40,13,49,62
196255,11,8,5,4,46,15,67,50,82,19,113,132
196264,11,8,5,13,26,104,296,39,400,117,322,439
196291,11,8,5,4,0,5,2,4,7,9,2,11
196307,11,8,5,4,25,2,19,29,21,6,44,50
196413,11,8,5,149,146,162,227,295,389,311,373,684
196468,11,8,5,64,156,54,154,220,208,118,310,428
196884,11,8,5,11,10,7,7,21,14,18,17,35
197045,11,8,5,1,15,40,120,16,160,41,135,176
197708,11,8,5,46,87,38,82,133,120,84,169,253
197869,11,8,5,11,15,63,200,26,263,74,215,289
197911,11,8,5,0,0,1,11,0,12,1,11,12
198066,11,8,5,0,1,0,0,1,0,0,1,1
198109,11,8,5,0,7,1,6,7,7,1,13,14
198136,11,8,5,12,28,18,55,40,73,30,83,113
198303,11,8,5,1,3,3,3,4,6,4,6,10
198464,11,8,5,56,105,174,440,161,614,230,545,775
198507,11,8,5,0,6,1,13,6,14,1,19,20
198516,11,8,5,7,12,8,3,19,11,15,15,30
198543,11,8,5,30,56,66,115,86,181,96,171,267
198598,11,8,5,3,9,1,8,12,9,4,17,21
198756,11,8,5,0,2,0,0,2,0,0,2,2
198835,11,8,5,8,17,13,44,25,57,21,61,82
198899,11,8,5,0,0,0,2,0,2,0,2,2
198950,11,8,5,0,3,5,18,3,23,5,21,26
198969,11,8,5,5,3,4,6,8,10,9,9,18
199102,11,8,5,22,51,62,97,73,159,84,148,232
199120,11,8,5,161,221,162,228,382,390,323,449,772
199139,11,8,5,44,89,160,421,133,581,204,510,714
199148,11,8,5,38,108,118,328,146,446,156,436,592
199157,11,8,5,36,64,30,88,100,118,66,152,218
199184,11,8,5,2,3,1,0,5,1,3,3,6
199193,11,8,5,86,120,229,273,206,502,315,393,708
199218,11,8,5,37,161,133,331,198,464,170,492,662
199281,11,8,5,16,63,86,240,79,326,102,303,405
199412,11,8,5,3,10,16,74,13,90,19,84,103
199607,11,8,5,0,0,2,29,0,31,2,29,31
199759,11,8,5,140,25,108,56,165,164,248,81,329
199865,11,8,5,0,8,0,2,8,2,0,10,10
199971,11,8,5,5,2,0,0,7,0,5,2,7
199999,11,8,5,2,26,4,31,28,35,6,57,63
200004,11,8,5,20,61,76,127,81,203,96,188,284
200013,11,8,5,0,2,0,4,2,4,0,6,6
200059,11,8,5,1,1,3,1,2,4,4,2,6
200217,11,8,5,21,38,31,88,59,119,52,126,178
200280,11,8,5,43,43,139,289,86,428,182,332,514
200332,11,8,5,13,10,59,76,23,135,72,86,158
200572,11,8,5,0,0,9,17,0,26,9,17,26
200697,11,8,5,16,1,64,19,17,83,80,20,100
200800,11,8,5,29,29,44,99,58,143,73,128,201
201061,11,8,5,0,0,0,1,0,1,0,1,1
201195,11,8,5,5,22,5,22,27,27,10,44,54
201441,11,8,5,28,42,110,184,70,294,138,226,364
201548,11,8,5,11,14,12,30,25,42,23,44,67
201645,11,8,5,90,105,34,82,195,116,124,187,311
201654,11,8,5,1,5,16,22,6,38,17,27,44
201885,11,8,5,54,97,215,604,151,819,269,701,970
201964,11,8,5,13,12,4,3,25,7,17,15,32
202170,11,8,5,0,0,0,1,0,1,0,1,1
202480,11,8,5,70,107,49,70,177,119,119,177,296
202763,11,8,5,10,22,29,40,32,69,39,62,101
203067,11,8,5,20,10,9,20,30,29,29,30,59
203085,11,8,5,1,2,1,10,3,11,2,12,14
203368,11,8,5,4,10,6,27,14,33,10,37,47
203517,11,8,5,63,125,109,315,188,424,172,440,612
203544,11,8,5,0,1,0,0,1,0,0,1,1
203580,11,8,5,0,0,5,6,0,11,5,6,11
203757,11,8,5,6,27,0,2,33,2,6,29,35
203775,11,8,5,1,4,5,27,5,32,6,31,37
203960,11,8,5,0,1,2,27,1,29,2,28,30
204006,11,8,5,1,1,0,1,2,1,1,2,3
204024,11,8,5,8,24,50,197,32,247,58,221,279
204194,11,8,5,13,23,4,24,36,28,17,47,64
204200,11,8,5,2,4,6,105,6,111,8,109,117
204468,11,8,5,0,0,6,17,0,23,6,17,23
204477,11,8,5,11,3,2,0,14,2,13,3,16
204617,11,8,5,4,3,18,51,7,69,22,54,76
204635,11,8,5,1,6,0,0,7,0,1,6,7
204796,11,8,5,95,189,234,346,284,580,329,535,864
204857,11,8,5,57,77,195,362,134,557,252,439,691
204936,11,8,5,0,3,9,31,3,40,9,34,43
205443,11,8,5,1,3,18,16,4,34,19,19,38
206279,11,8,5,14,36,9,23,50,32,23,59,82
206349,11,8,5,0,5,11,66,5,77,11,71,82
206525,11,8,5,0,0,1,2,0,3,1,2,3
206604,11,8,5,15,16,59,85,31,144,74,101,175
206622,11,8,5,16,18,63,89,34,152,79,107,186
206695,11,8,5,20,56,96,162,76,258,116,218,334
206862,11,8,5,22,39,21,45,61,66,43,84,127
206914,11,8,5,6,18,11,32,24,43,17,50,67
207041,11,8,5,10,27,27,94,37,121,37,121,158
207209,11,8,5,4,8,0,4,12,4,4,12,16
207263,11,8,5,16,56,41,148,72,189,57,204,261
207306,11,8,5,1,5,4,24,6,28,5,29,34
207315,11,8,5,18,37,72,65,55,137,90,102,192
207324,11,8,5,7,2,20,27,9,47,27,29,56
207342,11,8,5,13,29,5,59,42,64,18,88,106
207388,11,8,5,37,41,219,160,78,379,256,201,457
207500,11,8,5,95,226,273,388,321,661,368,614,982
207582,11,8,5,64,58,23,26,122,49,87,84,171
207661,11,8,5,2,5,4,1,7,5,6,6,12
207847,11,8,5,49,148,141,291,197,432,190,439,629
207865,11,8,5,3,31,21,85,34,106,24,116,140
207971,11,8,5,17,28,27,17,45,44,44,45,89
208646,11,8,5,3,11,8,29,14,37,11,40,51
208822,11,8,5,26,49,82,170,75,252,108,219,327
209490,11,8,5,29,55,33,60,84,93,62,115,177
209506,11,8,5,1,3,6,12,4,18,7,15,22
209542,11,8,5,49,50,127,204,99,331,176,254,430
209551,11,8,5,61,95,21,64,156,85,82,159,241
209603,11,8,5,6,11,0,4,17,4,6,15,21
209612,11,8,5,22,55,15,43,77,58,37,98,135
209807,11,8,5,69,154,158,308,223,466,227,462,689
209825,11,8,5,2,3,14,30,5,44,16,33,49
209922,11,8,5,0,0,1,1,0,2,1,1,2
210401,11,8,5,17,18,1,2,35,3,18,20,38
210429,11,8,5,11,31,11,26,42,37,22,57,79
210739,11,8,5,9,24,20,53,33,73,29,77,106
210775,11,8,5,7,15,15,37,22,52,22,52,74
211088,11,8,5,6,6,31,88,12,119,37,94,131
211130,11,8,5,14,8,5,9,22,14,19,17,36
211291,11,8,5,1,0,0,0,1,0,1,0,1
211352,11,8,5,0,6,22,62,6,84,22,68,90
211431,11,8,5,1,20,6,74,21,80,7,94,101
211440,11,8,5,38,17,58,22,55,80,96,39,135
211556,11,8,5,3,24,8,41,27,49,11,65,76
211583,11,8,5,6,6,12,25,12,37,18,31,49
212054,11,8,5,28,38,212,509,66,721,240,547,787
212106,11,8,5,67,118,10,42,185,52,77,160,237
212115,11,8,5,2,6,34,93,8,127,36,99,135
212133,11,8,5,101,118,309,424,219,733,410,542,952
212197,11,8,5,2,1,13,25,3,38,15,26,41
212601,11,8,5,7,5,17,60,12,77,24,65,89
212674,11,8,5,0,0,68,102,0,170,68,102,170
212771,11,8,5,9,18,9,38,27,47,18,56,74
212805,11,8,5,0,0,2,2,0,4,2,2,4
212984,11,8,5,2,21,21,102,23,123,23,123,146
213011,11,8,5,0,13,48,162,13,210,48,175,223
213020,11,8,5,6,23,81,180,29,261,87,203,290
213321,11,8,5,0,3,6,38,3,44,6,41,47
213349,11,8,5,3,5,22,86,8,108,25,91,116
213367,11,8,5,2,7,38,110,9,148,40,117,157
213446,11,8,5,5,10,4,2,15,6,9,12,21
213507,11,8,5,2,3,15,18,5,33,17,21,38
213598,11,8,5,4,15,2,4,19,6,6,19,25
213987,11,8,5,6,2,7,13,8,20,13,15,28
213996,11,8,5,3,22,15,51,25,66,18,73,91
214041,11,8,5,6,16,27,106,22,133,33,122,155
214148,11,8,5,0,2,0,0,2,0,0,2,2
214157,11,8,5,6,5,18,47,11,65,24,52,76
214272,11,8,5,1,3,14,58,4,72,15,61,76
214564,11,8,5,10,11,2,18,21,20,12,29,41
214591,11,8,5,0,0,6,2,0,8,6,2,8
214607,11,8,5,5,1,18,8,6,26,23,9,32
214643,11,8,5,0,0,0,2,0,2,0,2,2
214704,11,8,5,0,0,0,2,0,2,0,2,2
214713,11,8,5,3,4,19,31,7,50,22,35,57
214777,11,8,5,69,61,38,63,130,101,107,124,231
214829,11,8,5,0,0,1,0,0,1,1,0,1
214883,11,8,5,0,1,1,23,1,24,1,24,25
215062,11,8,5,215,179,129,194,394,323,344,373,717
215105,11,8,5,1,3,6,14,4,20,7,17,24
215123,11,8,5,24,29,3,7,53,10,27,36,63
215293,11,8,5,84,118,89,209,202,298,173,327,500
215424,11,8,5,26,18,5,5,44,10,31,23,54
215442,11,8,5,2,6,59,130,8,189,61,136,197
215655,11,8,5,6,9,42,64,15,106,48,73,121
215743,11,8,5,1,2,17,27,3,44,18,29,47
215798,11,8,5,1,3,2,4,4,6,3,7,10
215929,11,8,5,14,13,33,48,27,81,47,61,108
216010,11,8,5,1,4,29,67,5,96,30,71,101
216038,11,8,5,7,9,33,130,16,163,40,139,179
216339,11,8,5,127,149,129,241,276,370,256,390,646
216357,11,8,5,0,1,0,0,1,0,0,1,1
216366,11,8,5,15,22,60,193,37,253,75,215,290
216542,11,8,5,0,0,4,11,0,15,4,11,15
216597,11,8,5,33,50,92,149,83,241,125,199,324
216694,11,8,5,1,7,8,32,8,40,9,39,48
216764,11,8,5,20,35,74,211,55,285,94,246,340
216852,11,8,5,23,62,40,178,85,218,63,240,303
216931,11,8,5,13,42,138,611,55,749,151,653,804
217013,11,8,5,3,2,28,56,5,84,31,58,89
217059,11,8,5,3,2,3,28,5,31,6,30,36
217156,11,8,5,39,37,14,13,76,27,53,50,103
217165,11,8,5,2,0,9,17,2,26,11,17,28
217235,11,8,5,4,7,7,10,11,17,11,17,28
217305,11,8,5,4,11,0,4,15,4,4,15,19
217402,11,8,5,2,2,10,47,4,57,12,49,61
217420,11,8,5,5,14,27,122,19,149,32,136,168
217493,11,8,5,1,10,0,0,11,0,1,10,11
217518,11,8,5,0,2,13,9,2,22,13,11,24
217536,11,8,5,5,10,42,83,15,125,47,93,140
217633,11,8,5,60,78,20,15,138,35,80,93,173
217688,11,8,5,4,3,27,51,7,78,31,54,85
217721,11,8,5,1,0,0,0,1,0,1,0,1
217749,11,8,5,3,4,35,34,7,69,38,38,76
217819,11,8,5,2,5,19,117,7,136,21,122,143
217864,11,8,5,3,5,93,76,8,169,96,81,177
217873,11,8,5,1,7,1,1,8,2,2,8,10
217882,11,8,5,32,34,163,371,66,534,195,405,600
217907,11,8,5,1,6,3,12,7,15,4,18,22
217925,11,8,5,6,16,161,200,22,361,167,216,383
217934,11,8,5,4,31,5,28,35,33,9,59,68
217961,11,8,5,1,17,14,54,18,68,15,71,86
218061,11,8,5,1,10,13,57,11,70,14,67,81
218229,11,8,5,2,3,21,73,5,94,23,76,99
218335,11,8,5,21,46,12,30,67,42,33,76,109
218414,11,8,5,0,1,0,0,1,0,0,1,1
218441,11,8,5,10,13,3,9,23,12,13,22,35
218539,11,8,5,1,0,0,0,1,0,1,0,1
218645,11,8,5,9,19,38,106,28,144,47,125,172
218654,11,8,5,0,0,1,17,0,18,1,17,18
218663,11,8,5,78,143,154,430,221,584,232,573,805
218724,11,8,5,0,2,16,43,2,59,16,45,61
218733,11,8,5,9,20,8,23,29,31,17,43,60
218742,11,8,5,0,11,12,53,11,65,12,64,76
218751,11,8,5,7,3,0,0,10,0,7,3,10
218919,11,8,5,2,5,0,0,7,0,2,5,7
219082,11,8,5,8,2,92,28,10,120,100,30,130
219198,11,8,5,2,7,1,5,9,6,3,12,15
219204,11,8,5,13,18,20,21,31,41,33,39,72
219259,11,8,5,0,2,12,85,2,97,12,87,99
219277,11,8,5,0,0,1,8,0,9,1,8,9
219347,11,8,5,4,2,14,5,6,19,18,7,25
219471,11,8,5,15,28,88,168,43,256,103,196,299
219602,11,8,5,17,45,34,90,62,124,51,135,186
219639,11,8,5,0,2,1,1,2,2,1,3,4
219806,11,8,5,4,4,37,184,8,221,41,188,229
219833,11,8,5,3,11,13,19,14,32,16,30,46
220075,11,8,5,20,52,60,156,72,216,80,208,288
220215,11,8,5,4,8,28,81,12,109,32,89,121
220473,11,8,5,11,8,21,16,19,37,32,24,56
220516,11,8,5,7,19,1,8,26,9,8,27,35
220701,11,8,5,1,0,1,1,1,2,2,1,3
220710,11,8,5,0,1,1,0,1,1,1,1,2
220792,11,8,5,8,10,0,0,18,0,8,10,18
220862,11,8,5,31,60,136,328,91,464,167,388,555
220978,11,8,5,23,31,125,256,54,381,148,287,435
221519,11,8,5,12,10,1,5,22,6,13,15,28
221740,11,8,5,10,15,37,79,25,116,47,94,141
221759,11,8,5,96,112,122,206,208,328,218,318,536
221768,11,8,5,7,16,16,54,23,70,23,70,93
221838,11,8,5,21,25,77,138,46,215,98,163,261
221847,11,8,5,4,13,56,92,17,148,60,105,165
221999,11,8,5,89,119,83,157,208,240,172,276,448
222178,11,8,5,4,22,115,276,26,391,119,298,417
222831,11,8,5,18,86,36,93,104,129,54,179,233
222877,11,8,5,1,0,0,0,1,0,1,0,1
223223,11,8,5,3,10,0,0,13,0,3,10,13
223232,11,8,5,111,191,99,252,302,351,210,443,653
224147,11,8,5,11,21,183,329,32,512,194,350,544
224323,11,8,5,12,11,58,45,23,103,70,56,126
224527,11,8,5,2,2,4,16,4,20,6,18,24
224554,11,8,5,37,109,148,441,146,589,185,550,735
225247,11,8,5,7,7,5,18,14,23,12,25,37
225399,11,8,5,5,32,59,232,37,291,64,264,328
225414,11,8,5,13,55,61,142,68,203,74,197,271
225432,11,8,5,5,8,93,148,13,241,98,156,254
225511,11,8,5,103,152,165,217,255,382,268,369,637
225548,11,8,5,2,0,3,1,2,4,5,1,6
226383,11,8,5,1,5,5,53,6,58,6,58,64
226471,11,8,5,4,10,7,25,14,32,11,35,46
226587,11,8,5,0,0,0,1,0,1,0,1,1
227216,11,8,5,71,101,205,423,172,628,276,524,800
227331,11,8,5,46,177,6,32,223,38,52,209,261
227368,11,8,5,51,57,173,410,108,583,224,467,691
227526,11,8,5,14,29,27,69,43,96,41,98,139
227757,11,8,5,117,69,39,33,186,72,156,102,258
227845,11,8,5,4,12,21,67,16,88,25,79,104
227863,11,8,5,18,30,56,100,48,156,74,130,204
227881,11,8,5,6,29,128,347,35,475,134,376,510
228042,11,8,5,5,12,1,4,17,5,6,16,22
228149,11,8,5,19,25,28,43,44,71,47,68,115
228194,11,8,5,8,13,12,18,21,30,20,31,51
228246,11,8,5,57,75,159,170,132,329,216,245,461
228431,11,8,5,4,39,39,137,43,176,43,176,219
228459,11,8,5,43,90,103,200,133,303,146,290,436
228501,11,8,5,8,5,16,60,13,76,24,65,89
228529,11,8,5,23,48,99,200,71,299,122,248,370
228635,11,8,5,0,4,16,15,4,31,16,19,35
228644,11,8,5,22,32,12,36,54,48,34,68,102
228653,11,8,5,16,26,37,163,42,200,53,189,242
228705,11,8,5,12,16,40,63,28,103,52,79,131
228723,11,8,5,186,162,306,346,348,652,492,508,1000
228769,11,8,5,141,172,348,1302,313,1650,489,1474,1963
228778,11,8,5,139,177,32,48,316,80,171,225,396
228787,11,8,5,92,84,179,161,176,340,271,245,516
228796,11,8,5,27,70,137,241,97,378,164,311,475
228802,11,8,5,18,69,105,319,87,424,123,388,511
228875,11,8,5,63,88,7,18,151,25,70,106,176
228909,11,8,5,16,23,11,21,39,32,27,44,71
229018,11,8,5,21,36,65,127,57,192,86,163,249
229027,11,8,5,80,66,146,229,146,375,226,295,521
229063,11,8,5,28,55,20,51,83,71,48,106,154
229115,11,8,5,104,133,189,400,237,589,293,533,826
229179,11,8,5,16,135,61,637,151,698,77,772,849
229267,11,8,5,1,7,2,5,8,7,3,12,15
229337,11,8,5,31,66,58,210,97,268,89,276,365
229780,11,8,5,33,49,61,79,82,140,94,128,222
229814,11,8,5,16,49,141,228,65,369,157,277,434
230038,11,8,5,51,74,56,88,125,144,107,162,269
230171,11,8,5,0,0,0,3,0,3,0,3,3
230603,11,8,5,21,31,127,172,52,299,148,203,351
230728,11,8,5,34,97,95,184,131,279,129,281,410
230764,11,8,5,143,270,114,141,413,255,257,411,668
230782,11,8,5,16,62,55,105,78,160,71,167,238
230807,11,8,5,2,15,4,13,17,17,6,28,34
230816,11,8,5,5,17,0,0,22,0,5,17,22
230834,11,8,5,0,0,37,134,0,171,37,134,171
230852,11,8,5,1,4,55,69,5,124,56,73,129
230913,11,8,5,2,5,20,49,7,69,22,54,76
230959,11,8,5,0,0,4,21,0,25,4,21,25
231059,11,8,5,1,2,14,33,3,47,15,35,50
231174,11,8,5,16,34,32,57,50,89,48,91,139
231420,11,8,5,0,2,7,44,2,51,7,46,53
231581,11,8,5,0,1,1,0,1,1,1,1,2
231624,11,8,5,38,42,87,177,80,264,125,219,344
231712,11,8,5,0,1,1,0,1,1,1,1,2
232025,11,8,5,0,2,1,1,2,2,1,3,4
232043,11,8,5,4,8,18,80,12,98,22,88,110
232089,11,8,5,0,1,1,0,1,1,1,1,2
232186,11,8,5,145,207,339,694,352,1033,484,901,1385
232308,11,8,5,1,1,5,11,2,16,6,12,18
232557,11,8,5,2123,3249,2513,3923,5372,6436,4636,7172,11808
232566,11,8,5,9,26,59,170,35,229,68,196,264
232609,11,8,5,28,48,18,35,76,53,46,83,129
232706,11,8,5,24,22,73,153,46,226,97,175,272
232982,11,8,5,37,90,193,403,127,596,230,493,723
233277,11,8,5,1,21,33,226,22,259,34,247,281
233374,11,8,5,2,6,11,34,8,45,13,40,53
233541,11,8,5,4,28,58,175,32,233,62,203,265
233921,11,8,5,77,90,203,165,167,368,280,255,535
234030,11,8,5,54,131,123,290,185,413,177,421,598
234076,11,8,5,131,81,153,299,212,452,284,380,664
234155,11,8,5,4,10,6,24,14,30,10,34,44
234207,11,8,5,1,0,0,0,1,0,1,0,1
234827,11,8,5,3,12,8,27,15,35,11,39,50
235097,11,8,5,111,276,95,175,387,270,206,451,657
235316,11,8,5,67,187,49,112,254,161,116,299,415
235547,11,8,5,7,52,4,8,59,12,11,60,71
236328,11,8,5,2,10,0,4,12,4,2,14,16
236452,11,8,5,6,3,15,34,9,49,21,37,58
236577,11,8,5,12,36,25,58,48,83,37,94,131
236595,11,8,5,34,80,67,114,114,181,101,194,295
236896,11,8,5,3,19,0,2,22,2,3,21,24
236939,11,8,5,83,90,146,173,173,319,229,263,492
237011,11,8,5,11,32,22,23,43,45,33,55,88
237066,11,8,5,6,9,14,30,15,44,20,39,59
237118,11,8,5,4,1,0,0,5,0,4,1,5
237181,11,8,5,0,0,0,1,0,1,0,1,1
237312,11,8,5,66,16,26,20,82,46,92,36,128
237330,11,8,5,3,8,9,30,11,39,12,38,50
237367,11,8,5,2,3,10,50,5,60,12,53,65
237385,11,8,5,0,2,0,2,2,2,0,4,4
237525,11,8,5,23,63,55,189,86,244,78,252,330
237792,11,8,5,8,30,15,49,38,64,23,79,102
237899,11,8,5,1,4,3,6,5,9,4,10,14
237969,11,8,5,0,6,0,1,6,1,0,7,7
238032,11,8,5,60,77,100,162,137,262,160,239,399
238193,11,8,5,16,76,7,49,92,56,23,125,148
238263,11,8,5,0,2,1,6,2,7,1,8,9
238430,11,8,5,2,12,26,127,14,153,28,139,167
238458,11,8,5,3,8,3,12,11,15,6,20,26
239071,11,8,5,3,0,26,23,3,49,29,23,52
239105,11,8,5,32,31,48,87,63,135,80,118,198
239169,11,8,5,7,11,5,15,18,20,12,26,38
239318,11,8,5,4,3,10,8,7,18,14,11,25
239716,11,8,5,1,0,8,5,1,13,9,5,14
240107,11,8,5,28,82,16,105,110,121,44,187,231
240189,11,8,5,20,27,94,133,47,227,114,160,274
240268,11,8,5,2,12,76,52,14,128,78,64,142
240277,11,8,5,3,7,24,34,10,58,27,41,68
240329,11,8,5,2,8,30,48,10,78,32,56,88
240338,11,8,5,0,0,6,7,0,13,6,7,13
240365,11,8,5,5,19,60,109,24,169,65,128,193
240374,11,8,5,6,4,44,60,10,104,50,64,114
240417,11,8,5,6,7,66,129,13,195,72,136,208
240426,11,8,5,5,21,20,70,26,90,25,91,116
240444,11,8,5,149,166,77,120,315,197,226,286,512
240453,11,8,5,59,106,83,170,165,253,142,276,418
240462,11,8,5,1,4,43,45,5,88,44,49,93
240471,11,8,5,6,10,7,36,16,43,13,46,59
240480,11,8,5,1,5,16,62,6,78,17,67,84
240727,11,8,5,31,40,101,154,71,255,132,194,326
241191,11,8,5,3,8,0,1,11,1,3,9,12
241225,11,8,5,9,22,8,16,31,24,17,38,55
241331,11,8,5,23,97,3,14,120,17,26,111,137
241377,11,8,5,4,13,4,26,17,30,8,39,47
241386,11,8,5,0,4,0,2,4,2,0,6,6
241395,11,8,5,7,27,15,29,34,44,22,56,78
241410,11,8,5,39,99,35,93,138,128,74,192,266
241739,11,8,5,65,142,35,81,207,116,100,223,323
241766,11,8,5,3,1,1,1,4,2,4,2,6
241836,11,8,5,0,5,0,2,5,2,0,7,7
242617,11,8,5,13,33,20,34,46,54,33,67,100
242626,11,8,5,4,15,3,1,19,4,7,16,23
242635,11,8,5,9,25,1,8,34,9,10,33,43
242644,11,8,5,1,3,1,3,4,4,2,6,8
242653,11,8,5,24,45,29,70,69,99,53,115,168
242662,11,8,5,19,50,26,59,69,85,45,109,154
242680,11,8,5,6,8,0,2,14,2,6,10,16
242699,11,8,5,13,7,0,1,20,1,13,8,21
242705,11,8,5,0,0,1,1,0,2,1,1,2
242723,11,8,5,3,8,11,20,11,31,14,28,42
243203,11,8,5,23,50,0,6,73,6,23,56,79
243221,11,8,5,89,105,35,61,194,96,124,166,290
243346,11,8,5,39,118,11,44,157,55,50,162,212
243443,11,8,5,1,8,19,24,9,43,20,32,52
243577,11,8,5,25,9,21,11,34,32,46,20,66
243586,11,8,5,2,2,0,6,4,6,2,8,10
243601,11,8,5,93,252,37,95,345,132,130,347,477
243744,11,8,5,82,55,80,21,137,101,162,76,238
243780,11,8,5,60,42,296,319,102,615,356,361,717
243832,11,8,5,9,9,2,4,18,6,11,13,24
246789,11,8,5,2,2,9,3,4,12,11,5,16
248934,11,8,5,33,39,0,0,72,0,33,39,72
262086,11,8,5,91,261,193,442,352,635,284,703,987
262129,11,8,5,1,0,0,0,1,0,1,0,1
363907,11,8,5,1,9,6,19,10,25,7,28,35
363916,11,8,5,0,2,0,2,2,2,0,4,4
366003,11,8,5,1,3,10,7,4,17,11,10,21
366711,11,8,5,29,37,12,50,66,62,41,87,128
367954,11,8,5,30,160,15,65,190,80,45,225,270
385415,11,8,5,0,3,1,6,3,7,1,9,10
404222,11,8,5,1,1,0,0,2,0,1,1,2
408844,11,8,5,13,30,7,15,43,22,20,45,65
409254,11,8,5,0,6,0,63,6,63,0,69,69
409698,11,8,5,11,26,14,26,37,40,25,52,77
414878,11,8,5,11,3,26,16,14,42,37,19,56
414966,11,8,5,2,5,16,16,7,32,18,21,39
416801,11,8,5,0,1,1,2,1,3,1,3,4
420246,11,8,5,12,91,1,4,103,5,13,95,108
423643,11,8,5,22,26,6,9,48,15,28,35,63
426314,11,8,5,231,71,213,66,302,279,444,137,581
433387,11,8,5,3042,8562,0,0,11604,0,3042,8562,11604
433420,11,8,5,1,1,0,0,2,0,1,1,2
433660,11,8,5,13,43,28,54,56,82,41,97,138
435000,11,8,5,2,1,2,5,3,7,4,6,10
438586,11,8,5,1,8,6,12,9,18,7,20,27
440031,11,8,5,3,6,2,2,9,4,5,8,13
440828,11,8,5,2,9,5,16,11,21,7,25,32
441131,11,8,5,4,29,5,16,33,21,9,45,54
441690,11,8,5,1,0,3,3,1,6,4,3,7
441900,11,8,5,1,0,0,9,1,9,1,9,10
441937,11,8,5,1,8,13,29,9,42,14,37,51
442356,11,8,5,0,0,5,27,0,32,5,27,32
442930,11,8,5,0,1,1,1,1,2,1,2,3
443049,11,8,5,10,7,12,7,17,19,22,14,36
443058,11,8,5,6,8,16,18,14,34,22,26,48
444787,11,8,5,0,1,0,0,1,0,0,1,1
445027,11,8,5,532,587,17,50,1119,67,549,637,1186
445133,11,8,5,0,4,1,4,4,5,1,8,9
445188,11,8,5,13,20,0,0,33,0,13,20,33
445267,11,8,5,1,5,12,45,6,57,13,50,63
447698,11,8,5,5,14,4,8,19,12,9,22,31
448673,11,8,5,1,11,1,14,12,15,2,25,27
449481,11,8,5,0,4,0,0,4,0,0,4,4
449889,11,8,5,589,2003,0,0,2592,0,589,2003,2592
449922,11,8,5,3,4,0,0,7,0,3,4,7
450571,11,8,5,0,7,1,6,7,7,1,13,14
450933,11,8,5,894,628,0,0,1522,0,894,628,1522
451079,11,8,5,4,16,0,0,20,0,4,16,20
451510,11,8,5,7,3,3,4,10,7,10,7,17
454227,11,8,5,21,149,341,3578,170,3919,362,3727,4089
455406,11,8,5,7,4,0,0,11,0,7,4,11
456481,11,8,5,1,0,2,2,1,4,3,2,5
456542,11,8,5,0,1,0,1,1,1,0,2,2
458210,11,8,5,32,170,11,55,202,66,43,225,268
459736,11,8,5,8,23,6,14,31,20,14,37,51
459949,11,8,5,9,17,28,65,26,93,37,82,119
460349,11,8,5,4,6,30,60,10,90,34,66,100
461883,11,8,5,4,4,0,0,8,0,4,4,8
474863,11,8,5,8,24,7,9,32,16,15,33,48
476975,11,8,5,16,22,246,461,38,707,262,483,745
477039,11,8,5,20,77,2,15,97,17,22,92,114
479956,11,8,5,33,22,519,440,55,959,552,462,1014
480569,11,8,5,2,1,40,38,3,78,42,39,81
480657,11,8,5,1,0,1,1,1,2,2,1,3
480790,11,8,5,5,8,1,0,13,1,6,8,14
481535,11,8,5,0,1,0,0,1,0,0,1,1
482149,11,8,5,42,108,31,124,150,155,73,232,305
482158,11,8,5,24,25,17,16,49,33,41,41,82
482413,11,8,5,1,7,11,17,8,28,12,24,36
482422,11,8,5,0,0,1,1,0,2,1,1,2
482431,11,8,5,2,0,15,11,2,26,17,11,28
482459,11,8,5,0,0,2,2,0,4,2,2,4
482468,11,8,5,1,0,1,4,1,5,2,4,6
482477,11,8,5,48,63,339,459,111,798,387,522,909
482556,11,8,5,0,0,0,1,0,1,0,1,1
482565,11,8,5,0,0,1,0,0,1,1,0,1
482635,11,8,5,0,0,1,4,0,5,1,4,5
482653,11,8,5,1,0,2,1,1,3,3,1,4
482680,11,8,5,2,13,28,60,15,88,30,73,103
482705,11,8,5,7,27,169,335,34,504,176,362,538
482936,11,8,5,1,0,2,0,1,2,3,0,3
483036,11,8,5,10,13,35,55,23,90,45,68,113
483124,11,8,5,179,348,707,1260,527,1967,886,1608,2494
483595,11,8,5,173,484,42,151,657,193,215,635,850
483975,11,8,5,1,1,0,0,2,0,1,1,2
484613,11,8,5,1394,4273,0,0,5667,0,1394,4273,5667
484631,11,8,5,9,39,0,0,48,0,9,39,48
484905,11,8,5,11,12,25,44,23,69,36,56,92
485768,11,8,5,16,58,0,0,74,0,16,58,74
486840,11,8,5,58,78,238,348,136,586,296,426,722
487010,11,8,5,13,26,9,26,39,35,22,52,74
487524,11,8,5,4,17,16,49,21,65,20,66,86
487995,11,8,5,4,7,4,11,11,15,8,18,26
488031,11,8,5,23,23,0,0,46,0,23,23,46
489335,11,8,5,0,0,7,7,0,14,7,7,14
489779,11,8,5,425,827,345,1164,1252,1509,770,1991,2761
489858,11,8,5,5,16,0,0,21,0,5,16,21
490230,11,8,5,3,3,0,0,6,0,3,3,6
490601,11,8,5,4,6,0,0,10,0,4,6,10
490753,11,8,5,2,3,0,0,5,0,2,3,5
490805,11,8,5,7,9,20,85,16,105,27,94,121
491808,11,8,5,7,48,3,6,55,9,10,54,64
492209,11,8,5,1,6,0,1,7,1,1,7,8
492689,11,8,5,8,4,0,0,12,0,8,4,12
493673,11,8,5,8,6,2,4,14,6,10,10,20
494010,11,8,5,2,6,0,0,8,0,2,6,8
494551,11,8,5,2,0,0,3,2,3,2,3,5
497107,11,8,5,0,0,7,36,0,43,7,36,43
497480,11,8,5,0,0,5,11,0,16,5,11,16
498562,11,8,5,4,13,13,44,17,57,17,57,74
498571,11,8,5,27,78,107,293,105,400,134,371,505
100663,12,9,1,24,54,130,263,78,393,154,317,471
100706,12,9,1,6,14,52,94,20,146,58,108,166
100751,12,9,1,31,73,148,312,104,460,179,385,564
100760,12,9,1,2,1,6,13,3,19,8,14,22
100812,12,9,1,3,20,45,104,23,149,48,124,172
100830,12,9,1,3,12,16,70,15,86,19,82,101
100858,12,9,1,27,25,110,113,52,223,137,138,275
101143,12,9,1,3,3,12,20,6,32,15,23,38
101161,12,9,1,3,8,20,36,11,56,23,44,67
101189,12,9,1,36,79,25,47,115,72,61,126,187
101240,12,9,1,12,10,11,45,22,56,23,55,78
101286,12,9,1,3,9,9,45,12,54,12,54,66
101295,12,9,1,7,13,17,40,20,57,24,53,77
101301,12,9,1,0,4,1,13,4,14,1,17,18
101435,12,9,1,0,1,0,1,1,1,0,2,2
101453,12,9,1,2,1,17,5,3,22,19,6,25
101462,12,9,1,1,5,10,24,6,34,11,29,40
101480,12,9,1,11,34,50,91,45,141,61,125,186
101505,12,9,1,4,12,23,94,16,117,27,106,133
101514,12,9,1,12,15,40,92,27,132,52,107,159
101569,12,9,1,6,8,13,43,14,56,19,51,70
101587,12,9,1,40,242,9,32,282,41,49,274,323
101709,12,9,1,3,8,5,25,11,30,8,33,41
101736,12,9,1,1,2,4,12,3,16,5,14,19
101897,12,9,1,2,4,5,11,6,16,7,15,22
101912,12,9,1,10,8,4,8,18,12,14,16,30
101994,12,9,1,1,0,0,4,1,4,1,4,5
102030,12,9,1,15,7,6,29,22,35,21,36,57
102049,12,9,1,11,39,3,36,50,39,14,75,89
102067,12,9,1,3,5,10,48,8,58,13,53,66
102076,12,9,1,1,3,3,15,4,18,4,18,22
102094,12,9,1,38,154,44,119,192,163,82,273,355
102234,12,9,1,0,1,9,9,1,18,9,10,19
102313,12,9,1,10,4,11,25,14,36,21,29,50
102368,12,9,1,34,136,129,292,170,421,163,428,591
102377,12,9,1,3,2,1,1,5,2,4,3,7
102395,12,9,1,6,1,18,8,7,26,24,9,33
102429,12,9,1,3,2,18,35,5,53,21,37,58
102553,12,9,1,15,25,146,351,40,497,161,376,537
102614,12,9,1,20,30,85,260,50,345,105,290,395
102632,12,9,1,5,7,38,89,12,127,43,96,139
103741,12,9,1,0,3,0,1,3,1,0,4,4
104151,12,9,1,80,107,98,161,187,259,178,268,446
104160,12,9,1,7,13,31,71,20,102,38,84,122
104179,12,9,1,51,82,167,271,133,438,218,353,571
104346,12,9,1,4,6,35,102,10,137,39,108,147
104391,12,9,1,0,1,0,0,1,0,0,1,1
104425,12,9,1,8,19,35,72,27,107,43,91,134
104568,12,9,1,0,2,0,1,2,1,0,3,3
104577,12,9,1,22,8,154,307,30,461,176,315,491
104586,12,9,1,1,0,2,1,1,3,3,1,4
104708,12,9,1,6,9,125,219,15,344,131,228,359
104717,12,9,1,5,6,1842,6667,11,8509,1847,6673,8520
105145,12,9,1,4,6,47,69,10,116,51,75,126
105154,12,9,1,13,18,201,271,31,472,214,289,503
105206,12,9,1,5,21,46,132,26,178,51,153,204
105297,12,9,1,8,18,14,57,26,71,22,75,97
105330,12,9,1,38,93,122,256,131,378,160,349,509
105349,12,9,1,2,4,20,72,6,92,22,76,98
105428,12,9,1,11,16,89,240,27,329,100,256,356
105525,12,9,1,10,22,155,352,32,507,165,374,539
105659,12,9,1,23,1,0,0,24,0,23,1,24
105668,12,9,1,17,20,185,311,37,496,202,331,533
105747,12,9,1,4,16,91,194,20,285,95,210,305
105792,12,9,1,1,5,22,52,6,74,23,57,80
106148,12,9,1,26,17,137,396,43,533,163,413,576
106245,12,9,1,22,44,54,116,66,170,76,160,236
106263,12,9,1,7,21,12,45,28,57,19,66,85
106324,12,9,1,0,0,0,1,0,1,0,1,1
106397,12,9,1,11,38,77,234,49,311,88,272,360
106412,12,9,1,5,10,5,24,15,29,10,34,44
106449,12,9,1,5,7,9,23,12,32,14,30,44
106458,12,9,1,3,8,100,401,11,501,103,409,512
106467,12,9,1,8,25,33,80,33,113,41,105,146
106546,12,9,1,2,2,0,0,4,0,2,2,4
106625,12,9,1,3,6,1,6,9,7,4,12,16
106713,12,9,1,1,0,0,1,1,1,1,1,2
106908,12,9,1,2,1,0,0,3,0,2,1,3
107141,12,9,1,3,5,8,31,8,39,11,36,47
107318,12,9,1,0,1,4,14,1,18,4,15,19
107512,12,9,1,1,1,0,2,2,2,1,3,4
107521,12,9,1,4,9,3,4,13,7,7,13,20
107558,12,9,1,0,0,1,1,0,2,1,1,2
107585,12,9,1,3,8,10,14,11,24,13,22,35
107600,12,9,1,4,7,0,2,11,2,4,9,13
107619,12,9,1,1,4,1,3,5,4,2,7,9
107664,12,9,1,19,24,34,66,43,100,53,90,143
107725,12,9,1,4,7,2,18,11,20,6,25,31
107743,12,9,1,1,1,1,7,2,8,2,8,10
107974,12,9,1,0,7,4,19,7,23,4,26,30
107983,12,9,1,1,8,24,57,9,81,25,65,90
107992,12,9,1,0,0,5,9,0,14,5,9,14
108092,12,9,1,6,12,12,21,18,33,18,33,51
108232,12,9,1,17,21,54,129,38,183,71,150,221
108667,12,9,1,6,7,56,181,13,237,62,188,250
108807,12,9,1,10,16,109,102,26,211,119,118,237
108852,12,9,1,0,1,0,0,1,0,0,1,1
109208,12,9,1,14,62,498,593,76,1091,512,655,1167
109350,12,9,1,19,22,107,182,41,289,126,204,330
109785,12,9,1,19,52,47,141,71,188,66,193,259
109819,12,9,1,12,29,256,183,41,439,268,212,480
109907,12,9,1,10,27,18,54,37,72,28,81,109
109934,12,9,1,2,6,0,0,8,0,2,6,8
110097,12,9,1,57,29,122,88,86,210,179,117,296
110246,12,9,1,17,30,30,93,47,123,47,123,170
110316,12,9,1,49,145,23,150,194,173,72,295,367
110334,12,9,1,3,10,175,298,13,473,178,308,486
110361,12,9,1,43,136,30,55,179,85,73,191,264
110398,12,9,1,0,2,0,2,2,2,0,4,4
110413,12,9,1,16,29,6,15,45,21,22,44,66
110422,12,9,1,3,13,10,5,16,15,13,18,31
110486,12,9,1,18,56,15,41,74,56,33,97,130
110495,12,9,1,13,37,12,38,50,50,25,75,100
110510,12,9,1,34,97,51,97,131,148,85,194,279
110529,12,9,1,21,34,34,69,55,103,55,103,158
110538,12,9,1,17,48,21,40,65,61,38,88,126
110547,12,9,1,26,97,56,126,123,182,82,223,305
110556,12,9,1,23,54,26,52,77,78,49,106,155
110565,12,9,1,28,73,78,174,101,252,106,247,353
110574,12,9,1,53,118,48,130,171,178,101,248,349
110583,12,9,1,35,60,52,102,95,154,87,162,249
110592,12,9,1,46,81,55,101,127,156,101,182,283
110608,12,9,1,53,109,83,194,162,277,136,303,439
110617,12,9,1,38,79,49,124,117,173,87,203,290
110635,12,9,1,29,28,64,40,57,104,93,68,161
110644,12,9,1,28,59,18,24,87,42,46,83,129
110653,12,9,1,31,38,3,6,69,9,34,44,78
110662,12,9,1,43,93,15,11,136,26,58,104,162
110671,12,9,1,17,24,17,10,41,27,34,34,68
110680,12,9,1,22,19,10,10,41,20,32,29,61
110699,12,9,1,7,43,0,0,50,0,7,43,50
110705,12,9,1,11,18,5,4,29,9,16,22,38
110714,12,9,1,16,25,3,7,41,10,19,32,51
110918,12,9,1,0,2,1,0,2,1,1,2,3
111188,12,9,1,4,1,0,0,5,0,4,1,5
111434,12,9,1,1,6,67,262,7,329,68,268,336
111461,12,9,1,7,17,1088,374,24,1462,1095,391,1486
111513,12,9,1,0,3,0,0,3,0,0,3,3
111887,12,9,1,45,59,224,384,104,608,269,443,712
111896,12,9,1,15,9,102,128,24,230,117,137,254
111920,12,9,1,4,14,148,230,18,378,152,244,396
111939,12,9,1,16,35,109,239,51,348,125,274,399
111948,12,9,1,3,8,7,13,11,20,10,21,31
112075,12,9,1,57,173,32,43,230,75,89,216,305
112084,12,9,1,0,0,1,3,0,4,1,3,4
112172,12,9,1,6,14,53,99,20,152,59,113,172
112251,12,9,1,46,74,27,42,120,69,73,116,189
112367,12,9,1,0,2,0,5,2,5,0,7,7
112385,12,9,1,14,20,482,197,34,679,496,217,713
112561,12,9,1,3,10,32,53,13,85,35,63,98
112686,12,9,1,13,8,31,67,21,98,44,75,119
112826,12,9,1,7,15,60,141,22,201,67,156,223
113096,12,9,1,4,13,132,274,17,406,136,287,423
113111,12,9,1,3,2,54,61,5,115,57,63,120
113193,12,9,1,9,20,169,153,29,322,178,173,351
113236,12,9,1,16,13,90,144,29,234,106,157,263
113333,12,9,1,22,34,192,261,56,453,214,295,509
113573,12,9,1,15,20,81,156,35,237,96,176,272
113582,12,9,1,0,1,0,0,1,0,0,1,1
113634,12,9,1,11,20,196,357,31,553,207,377,584
113698,12,9,1,6,26,4,23,32,27,10,49,59
113704,12,9,1,1,0,2,2,1,4,3,2,5
113856,12,9,1,18,29,1856,883,47,2739,1874,912,2786
113980,12,9,1,26,45,175,301,71,476,201,346,547
114123,12,9,1,0,2,0,0,2,0,0,2,2
114266,12,9,1,9,19,80,140,28,220,89,159,248
114354,12,9,1,0,0,0,2,0,2,0,2,2
114433,12,9,1,0,1,87,36,1,123,87,37,124
114549,12,9,1,45,148,17,58,193,75,62,206,268
114716,12,9,1,21,21,129,264,42,393,150,285,435
114734,12,9,1,2,3,9,10,5,19,11,13,24
114789,12,9,1,14,24,351,239,38,590,365,263,628
114813,12,9,1,3,24,23,70,27,93,26,94,120
114859,12,9,1,13,34,165,229,47,394,178,263,441
114938,12,9,1,2,6,72,76,8,148,74,82,156
114947,12,9,1,1,3,0,0,4,0,1,3,4
115001,12,9,1,80,159,115,276,239,391,195,435,630
115083,12,9,1,74,34,63,76,108,139,137,110,247
115126,12,9,1,6,4,71,95,10,166,77,99,176
115393,12,9,1,5,3,168,151,8,319,173,154,327
115755,12,9,1,14,40,15,31,54,46,29,71,100
115861,12,9,1,10,27,54,78,37,132,64,105,169
116439,12,9,1,5,12,86,189,17,275,91,201,292
116563,12,9,1,0,3,0,0,3,0,0,3,3
116846,12,9,1,1,9,2,6,10,8,3,15,18
117052,12,9,1,6,0,23,40,6,63,29,40,69
117104,12,9,1,21,16,3,6,37,9,24,22,46
117195,12,9,1,5,5,180,95,10,275,185,100,285
117247,12,9,1,37,65,172,365,102,537,209,430,639
117274,12,9,1,4,1,114,18,5,132,118,19,137
117645,12,9,1,52,66,201,380,118,581,253,446,699
117672,12,9,1,179,159,4,3,338,7,183,162,345
117690,12,9,1,0,7,56,117,7,173,56,124,180
117706,12,9,1,16,16,147,290,32,437,163,306,469
117715,12,9,1,3,10,51,126,13,177,54,136,190
117724,12,9,1,34,18,150,175,52,325,184,193,377
117733,12,9,1,21,35,168,365,56,533,189,400,589
117788,12,9,1,35,63,217,374,98,591,252,437,689
117803,12,9,1,0,0,2,5,0,7,2,5,7
117867,12,9,1,6,7,90,195,13,285,96,202,298
117894,12,9,1,4,8,41,120,12,161,45,128,173
117946,12,9,1,9,48,18,33,57,51,27,81,108
118347,12,9,1,7,15,91,270,22,361,98,285,383
118684,12,9,1,8,5,37,122,13,159,45,127,172
118718,12,9,1,9,21,99,90,30,189,108,111,219
118772,12,9,1,21,25,80,278,46,358,101,303,404
118930,12,9,1,7,16,93,169,23,262,100,185,285
118976,12,9,1,35,61,59,198,96,257,94,259,353
119058,12,9,1,3,7,6,6,10,12,9,13,22
119067,12,9,1,17,12,114,189,29,303,131,201,332
119137,12,9,1,4,15,86,191,19,277,90,206,296
119164,12,9,1,30,45,167,293,75,460,197,338,535
119216,12,9,1,16,37,64,192,53,256,80,229,309
119331,12,9,1,5,6,33,62,11,95,38,68,106
120166,12,9,1,1,1,0,0,2,0,1,1,2
120184,12,9,1,0,4,4,20,4,24,4,24,28
120254,12,9,1,0,0,0,1,0,1,0,1,1
120290,12,9,1,6,14,115,127,20,242,121,141,262
120342,12,9,1,19,14,128,210,33,338,147,224,371
120403,12,9,1,0,1,0,0,1,0,0,1,1
120421,12,9,1,2,14,59,67,16,126,61,81,142
120865,12,9,1,0,1,3,8,1,11,3,9,12
120883,12,9,1,6,18,25,34,24,59,31,52,83
120953,12,9,1,47,8,693,52,55,745,740,60,800
120971,12,9,1,16,18,233,235,34,468,249,253,502
121044,12,9,1,14,30,165,356,44,521,179,386,565
121150,12,9,1,35,69,129,272,104,401,164,341,505
121309,12,9,1,2,17,25,50,19,75,27,67,94
121363,12,9,1,3,3,7,27,6,34,10,30,40
121619,12,9,1,29,31,1080,380,60,1460,1109,411,1520
121628,12,9,1,0,1,0,0,1,0,0,1,1
121707,12,9,1,14,15,63,70,29,133,77,85,162
121886,12,9,1,17,18,511,152,35,663,528,170,698
121901,12,9,1,6,17,85,158,23,243,91,175,266
122180,12,9,1,18,36,174,425,54,599,192,461,653
122205,12,9,1,13,43,175,568,56,743,188,611,799
122296,12,9,1,13,17,4,34,30,38,17,51,68
122339,12,9,1,13,16,155,216,29,371,168,232,400
122375,12,9,1,9,16,145,284,25,429,154,300,454
122384,12,9,1,6,3,323,184,9,507,329,187,516
122409,12,9,1,43,90,50,94,133,144,93,184,277
122436,12,9,1,9,11,76,70,20,146,85,81,166
122597,12,9,1,59,84,68,89,143,157,127,173,300
122612,12,9,1,16,48,46,104,64,150,62,152,214
122658,12,9,1,37,59,58,151,96,209,95,210,305
122728,12,9,1,6,19,13,24,25,37,19,43,62
122746,12,9,1,8,13,124,169,21,293,132,182,314
122755,12,9,1,37,107,105,308,144,413,142,415,557
122791,12,9,1,7,7,96,168,14,264,103,175,278
122889,12,9,1,15,38,115,265,53,380,130,303,433
122931,12,9,1,20,29,39,54,49,93,59,83,142
122977,12,9,1,23,48,228,404,71,632,251,452,703
123013,12,9,1,13,21,179,410,34,589,192,431,623
123217,12,9,1,6,17,53,87,23,140,59,104,163
123341,12,9,1,11,28,128,218,39,346,139,246,385
123457,12,9,1,2,14,13,30,16,43,15,44,59
123484,12,9,1,6,2,13,21,8,34,19,23,42
123509,12,9,1,2,11,79,165,13,244,81,176,257
123563,12,9,1,11,13,171,145,24,316,182,158,340
123572,12,9,1,10,31,16,38,41,54,26,69,95
123800,12,9,1,20,46,190,204,66,394,210,250,460
123916,12,9,1,1,5,3,12,6,15,4,17,21
123952,12,9,1,1,1,0,0,2,0,1,1,2
123961,12,9,1,164,288,117,164,452,281,281,452,733
124113,12,9,1,0,3,248,76,3,324,248,79,327
124283,12,9,1,13,15,8,13,28,21,21,28,49
124487,12,9,1,4,3,17,17,7,34,21,20,41
125028,12,9,1,7,8,80,163,15,243,87,171,258
125231,12,9,1,527,1846,1060,4036,2373,5096,1587,5882,7469
125462,12,9,1,0,0,37,18,0,55,37,18,55
125471,12,9,1,10,23,143,251,33,394,153,274,427
125499,12,9,1,1,14,82,264,15,346,83,278,361
125763,12,9,1,0,1,0,2,1,2,0,3,3
125897,12,9,1,3,1,1,3,4,4,4,4,8
126012,12,9,1,5,11,0,0,16,0,5,11,16
126119,12,9,1,5,11,29,74,16,103,34,85,119
126182,12,9,1,17,56,30,45,73,75,47,101,148
126207,12,9,1,11,12,30,58,23,88,41,70,111
126289,12,9,1,2,9,56,162,11,218,58,171,229
126562,12,9,1,32,34,136,330,66,466,168,364,532
126580,12,9,1,22,33,65,93,55,158,87,126,213
126614,12,9,1,16,13,136,72,29,208,152,85,237
126711,12,9,1,4,6,44,109,10,153,48,115,163
126748,12,9,1,4,2,13,11,6,24,17,13,30
126775,12,9,1,9,0,21,6,9,27,30,6,36
126818,12,9,1,16,22,193,232,38,425,209,254,463
126827,12,9,1,560,1036,443,857,1596,1300,1003,1893,2896
126863,12,9,1,4,8,15,66,12,81,19,74,93
126915,12,9,1,1,2,1,4,3,5,2,6,8
126942,12,9,1,6,18,28,67,24,95,34,85,119
126951,12,9,1,8,1,0,0,9,0,8,1,9
127185,12,9,1,2,9,7,28,11,35,9,37,46
127200,12,9,1,9,24,76,165,33,241,85,189,274
127316,12,9,1,1,0,1,0,1,1,2,0,2
127389,12,9,1,1,0,1,0,1,1,2,0,2
127556,12,9,1,11,12,21,26,23,47,32,38,70
127565,12,9,1,26,64,87,134,90,221,113,198,311
127617,12,9,1,2,2,8,27,4,35,10,29,39
127653,12,9,1,8,24,9,26,32,35,17,50,67
127714,12,9,1,2,4,71,66,6,137,73,70,143
127732,12,9,1,1,1,15,92,2,107,16,93,109
127741,12,9,1,3,33,29,133,36,162,32,166,198
127778,12,9,1,1,5,13,24,6,37,14,29,43
127820,12,9,1,46,37,52,153,83,205,98,190,288
127884,12,9,1,24,16,46,80,40,126,70,96,166
127909,12,9,1,12,8,56,61,20,117,68,69,137
127918,12,9,1,17,88,41,90,105,131,58,178,236
128106,12,9,1,19,36,75,233,55,308,94,269,363
128258,12,9,1,7,1,28,15,8,43,35,16,51
128498,12,9,1,9,35,4,23,44,27,13,58,71
128577,12,9,1,4,3,16,27,7,43,20,30,50
128744,12,9,1,10,28,43,114,38,157,53,142,195
128771,12,9,1,10,13,74,135,23,209,84,148,232
128780,12,9,1,6,20,35,127,26,162,41,147,188
128902,12,9,1,0,1,1,3,1,4,1,4,5
129020,12,9,1,19,37,71,119,56,190,90,156,246
129154,12,9,1,4,13,15,92,17,107,19,105,124
129181,12,9,1,0,0,1,0,0,1,1,0,1
129215,12,9,1,0,3,2,16,3,18,2,19,21
129242,12,9,1,2,19,13,64,21,77,15,83,98
129349,12,9,1,0,3,0,0,3,0,0,3,3
129367,12,9,1,1,5,20,43,6,63,21,48,69
129428,12,9,1,0,0,8,4,0,12,8,4,12
129491,12,9,1,7,3,5,11,10,16,12,14,26
129525,12,9,1,10,17,20,82,27,102,30,99,129
129543,12,9,1,1,8,22,66,9,88,23,74,97
129695,12,9,1,2,8,27,65,10,92,29,73,102
129729,12,9,1,1,7,26,59,8,85,27,66,93
129756,12,9,1,0,3,19,38,3,57,19,41,60
129774,12,9,1,1,0,0,1,1,1,1,1,2
129808,12,9,1,4,7,23,51,11,74,27,58,85
129923,12,9,1,0,3,2,2,3,4,2,5,7
129941,12,9,1,9,11,38,53,20,91,47,64,111
130004,12,9,1,5,3,20,77,8,97,25,80,105
130040,12,9,1,0,3,6,26,3,32,6,29,35
130183,12,9,1,115,502,230,779,617,1009,345,1281,1626
130217,12,9,1,4,3,15,24,7,39,19,27,46
130226,12,9,1,2,13,16,75,15,91,18,88,106
130253,12,9,1,4,14,32,165,18,197,36,179,215
130314,12,9,1,9,23,7,37,32,44,16,60,76
130396,12,9,1,7,3,45,100,10,145,52,103,155
130590,12,9,1,0,0,1,1,0,2,1,1,2
130606,12,9,1,2,1,16,40,3,56,18,41,59
130697,12,9,1,0,0,3,7,0,10,3,7,10
130776,12,9,1,3,7,20,76,10,96,23,83,106
130794,12,9,1,15,29,19,18,44,37,34,47,81
130934,12,9,1,27,49,14,40,76,54,41,89,130
130943,12,9,1,27,28,61,100,55,161,88,128,216
130989,12,9,1,0,5,8,12,5,20,8,17,25
131113,12,9,1,23,69,208,628,92,836,231,697,928
131399,12,9,1,14,39,35,127,53,162,49,166,215
131450,12,9,1,9,9,7,16,18,23,16,25,41
131469,12,9,1,61,38,190,370,99,560,251,408,659
131496,12,9,1,35,25,121,102,60,223,156,127,283
131520,12,9,1,40,41,24,49,81,73,64,90,154
132471,12,9,1,44,110,75,141,154,216,119,251,370
132693,12,9,1,22,23,73,202,45,275,95,225,320
132709,12,9,1,38,49,125,416,87,541,163,465,628
132842,12,9,1,5,21,5,19,26,24,10,40,50
132851,12,9,1,8,23,24,72,31,96,32,95,127
132903,12,9,1,43,81,176,448,124,624,219,529,748
133021,12,9,1,5,1,4,10,6,14,9,11,20
133386,12,9,1,30,42,82,182,72,264,112,224,336
133508,12,9,1,6,11,34,115,17,149,40,126,166
133553,12,9,1,11,2,15,3,13,18,26,5,31
133650,12,9,1,16,21,13,34,37,47,29,55,84
133702,12,9,1,50,81,132,427,131,559,182,508,690
133711,12,9,1,2,4,1,3,6,4,3,7,10
133809,12,9,1,0,0,1,1,0,2,1,1,2
133872,12,9,1,4,10,7,45,14,52,11,55,66
133881,12,9,1,15,12,61,114,27,175,76,126,202
133960,12,9,1,9,11,10,12,20,22,19,23,42
134097,12,9,1,26,61,152,286,87,438,178,347,525
134130,12,9,1,37,63,190,377,100,567,227,440,667
134343,12,9,1,5,14,42,90,19,132,47,104,151
134495,12,9,1,29,43,83,183,72,266,112,226,338
134608,12,9,1,13,26,93,200,39,293,106,226,332
135160,12,9,1,3,5,14,58,8,72,17,63,80
135188,12,9,1,3,14,14,59,17,73,17,73,90
135391,12,9,1,6,20,27,149,26,176,33,169,202
135407,12,9,1,14,21,0,0,35,0,14,21,35
135610,12,9,1,2,7,9,11,9,20,11,18,29
135717,12,9,1,50,109,225,555,159,780,275,664,939
135726,12,9,1,48,40,20,55,88,75,68,95,163
136109,12,9,1,0,1,0,0,1,0,0,1,1
136145,12,9,1,0,3,6,18,3,24,6,21,27
136172,12,9,1,7,21,46,133,28,179,53,154,207
136233,12,9,1,6,16,28,68,22,96,34,84,118
136330,12,9,1,11,31,20,27,42,47,31,58,89
136358,12,9,1,33,48,130,319,81,449,163,367,530
136400,12,9,1,6,16,33,78,22,111,39,94,133
136473,12,9,1,23,31,40,111,54,151,63,142,205
136516,12,9,1,6,18,42,106,24,148,48,124,172
136659,12,9,1,5,0,4,0,5,4,9,0,9
136701,12,9,1,15,0,0,0,15,0,15,0,15
136950,12,9,1,9,10,15,14,19,29,24,24,48
137078,12,9,1,45,79,237,577,124,814,282,656,938
137096,12,9,1,9,18,44,105,27,149,53,123,176
137209,12,9,1,20,15,96,232,35,328,116,247,363
137281,12,9,1,5,6,21,78,11,99,26,84,110
137351,12,9,1,61,91,155,355,152,510,216,446,662
137546,12,9,1,9,10,13,12,19,25,22,22,44
137564,12,9,1,42,67,74,110,109,184,116,177,293
137591,12,9,1,0,4,0,3,4,3,0,7,7
137759,12,9,1,9,21,37,95,30,132,46,116,162
138187,12,9,1,35,58,184,391,93,575,219,449,668
138275,12,9,1,1,6,4,5,7,9,5,11,16
138309,12,9,1,21,156,36,222,177,258,57,378,435
138354,12,9,1,23,55,111,282,78,393,134,337,471
138558,12,9,1,0,4,3,17,4,20,3,21,24
138600,12,9,1,0,1,0,2,1,2,0,3,3
138682,12,9,1,11,28,26,67,39,93,37,95,132
138716,12,9,1,9,37,13,77,46,90,22,114,136
138761,12,9,1,0,3,0,4,3,4,0,7,7
138840,12,9,1,37,21,53,76,58,129,90,97,187
138929,12,9,1,2,1,1,3,3,4,3,4,7
138938,12,9,1,0,3,3,4,3,7,3,7,10
138947,12,9,1,5,21,12,28,26,40,17,49,66
138956,12,9,1,23,18,21,60,41,81,44,78,122
139144,12,9,1,2,2,1,4,4,5,3,6,9
139199,12,9,1,6,53,13,68,59,81,19,121,140
139205,12,9,1,2,1,12,2,3,14,14,3,17
139250,12,9,1,4,8,7,32,12,39,11,40,51
139278,12,9,1,3,17,36,96,20,132,39,113,152
139311,12,9,1,16,44,38,102,60,140,54,146,200
139357,12,9,1,14,15,24,54,29,78,38,69,107
139366,12,9,1,13,24,94,123,37,217,107,147,254
139384,12,9,1,11,18,31,77,29,108,42,95,137
139393,12,9,1,1,1,1,2,2,3,2,3,5
139463,12,9,1,1,8,5,10,9,15,6,18,24
139506,12,9,1,1,0,0,0,1,0,1,0,1
139621,12,9,1,1,2,2,5,3,7,3,7,10
139658,12,9,1,19,44,32,81,63,113,51,125,176
139700,12,9,1,5,14,9,52,19,61,14,66,80
139719,12,9,1,6,8,5,19,14,24,11,27,38
139755,12,9,1,26,9,542,95,35,637,568,104,672
139764,12,9,1,2,20,23,48,22,71,25,68,93
139861,12,9,1,3,15,14,50,18,64,17,65,82
139931,12,9,1,14,47,67,185,61,252,81,232,313
139940,12,9,1,74,150,94,308,224,402,168,458,626
139959,12,9,1,39,47,78,165,86,243,117,212,329
139986,12,9,1,5,27,33,109,32,142,38,136,174
140012,12,9,1,15,19,64,127,34,191,79,146,225
140146,12,9,1,14,18,22,16,32,38,36,34,70
140234,12,9,1,0,1,1,0,1,1,1,1,2
140243,12,9,1,9,13,31,61,22,92,40,74,114
140252,12,9,1,9,14,1,24,23,25,10,38,48
140331,12,9,1,19,18,57,136,37,193,76,154,230
140447,12,9,1,26,103,39,139,129,178,65,242,307
140562,12,9,1,4,12,3,5,16,8,7,17,24
140678,12,9,1,2,8,13,31,10,44,15,39,54
140696,12,9,1,0,1,1,3,1,4,1,4,5
140720,12,9,1,0,5,0,2,5,2,0,7,7
140818,12,9,1,5,12,15,67,17,82,20,79,99
140942,12,9,1,13,14,21,66,27,87,34,80,114
140951,12,9,1,15,26,19,44,41,63,34,70,104
140960,12,9,1,0,5,5,16,5,21,5,21,26
140988,12,9,1,6,12,7,20,18,27,13,32,45
141006,12,9,1,6,11,14,22,17,36,20,33,53
141060,12,9,1,0,1,16,63,1,79,16,64,80
141255,12,9,1,1,10,39,46,11,85,40,56,96
141264,12,9,1,11,51,82,227,62,309,93,278,371
141334,12,9,1,12,47,80,319,59,399,92,366,458
141565,12,9,1,3,16,16,34,19,50,19,50,69
141574,12,9,1,23,52,93,198,75,291,116,250,366
141644,12,9,1,13,11,27,20,24,47,40,31,71
141680,12,9,1,9,5,23,32,14,55,32,37,69
141796,12,9,1,8,11,37,72,19,109,45,83,128
141802,12,9,1,2,2,11,23,4,34,13,25,38
141811,12,9,1,14,16,45,110,30,155,59,126,185
141839,12,9,1,3,5,15,50,8,65,18,55,73
141981,12,9,1,14,17,21,63,31,84,35,80,115
141990,12,9,1,2,12,28,64,14,92,30,76,106
142115,12,9,1,28,57,120,277,85,397,148,334,482
142179,12,9,1,2,5,3,15,7,18,5,20,25
142276,12,9,1,17,46,68,148,63,216,85,194,279
142285,12,9,1,19,33,57,56,52,113,76,89,165
142407,12,9,1,0,1,0,0,1,0,0,1,1
142443,12,9,1,5,7,15,48,12,63,20,55,75
142461,12,9,1,6,18,25,47,24,72,31,65,96
142522,12,9,1,16,63,587,2178,79,2765,603,2241,2844
142559,12,9,1,3,9,25,52,12,77,28,61,89
142832,12,9,1,10,25,17,61,35,78,27,86,113
143118,12,9,1,8,36,30,93,44,123,38,129,167
143215,12,9,1,9,20,54,123,29,177,63,143,206
143279,12,9,1,1,5,34,51,6,85,35,56,91
143288,12,9,1,1,5,0,0,6,0,1,5,6
143358,12,9,1,4,7,20,90,11,110,24,97,121
143376,12,9,1,1,1,0,2,2,2,1,3,4
143613,12,9,1,2,5,4,17,7,21,6,22,28
143853,12,9,1,0,2,0,0,2,0,0,2,2
144050,12,9,1,17,11,21,18,28,39,38,29,67
144157,12,9,1,21,40,36,82,61,118,57,122,179
144166,12,9,1,15,46,42,115,61,157,57,161,218
144175,12,9,1,14,17,22,64,31,86,36,81,117
144184,12,9,1,12,35,113,250,47,363,125,285,410
144193,12,9,1,9,14,50,158,23,208,59,172,231
144209,12,9,1,3,7,21,60,10,81,24,67,91
144218,12,9,1,14,20,71,229,34,300,85,249,334
144351,12,9,1,6,8,146,396,14,542,152,404,556
144564,12,9,1,3,11,17,16,14,33,20,27,47
144740,12,9,1,43,62,98,139,105,237,141,201,342
144865,12,9,1,15,20,245,571,35,816,260,591,851
144883,12,9,1,1,4,0,0,5,0,1,4,5
144892,12,9,1,10,14,45,96,24,141,55,110,165
144944,12,9,1,5,5,110,216,10,326,115,221,336
144962,12,9,1,3,13,16,15,16,31,19,28,47
144971,12,9,1,0,0,0,3,0,3,0,3,3
145099,12,9,1,1,3,0,0,4,0,1,3,4
145336,12,9,1,23,47,57,186,70,243,80,233,313
145372,12,9,1,0,1,3,5,1,8,3,6,9
145521,12,9,1,1,2,6,14,3,20,7,16,23
145558,12,9,1,0,3,0,3,3,3,0,6,6
145600,12,9,1,33,57,88,235,90,323,121,292,413
145619,12,9,1,6,10,17,59,16,76,23,69,92
145637,12,9,1,97,88,283,273,185,556,380,361,741
145682,12,9,1,7,2,36,65,9,101,43,67,110
145691,12,9,1,1,1,1,2,2,3,2,3,5
145707,12,9,1,1,2,6,10,3,16,7,12,19
145813,12,9,1,7,19,33,104,26,137,40,123,163
145831,12,9,1,1,2,13,14,3,27,14,16,30
145886,12,9,1,5,17,0,2,22,2,5,19,24
146205,12,9,1,5,9,30,41,14,71,35,50,85
146278,12,9,1,0,4,12,20,4,32,12,24,36
146296,12,9,1,3,9,81,147,12,228,84,156,240
146339,12,9,1,2,26,3,10,28,13,5,36,41
146348,12,9,1,2,3,15,28,5,43,17,31,48
146366,12,9,1,1,7,7,15,8,22,8,22,30
146418,12,9,1,2,2,12,27,4,39,14,29,43
146427,12,9,1,0,0,0,1,0,1,0,1,1
146472,12,9,1,9,21,164,363,30,527,173,384,557
146481,12,9,1,1,0,0,2,1,2,1,2,3
146490,12,9,1,0,0,19,55,0,74,19,55,74
146506,12,9,1,7,7,18,29,14,47,25,36,61
146533,12,9,1,0,2,0,0,2,0,0,2,2
146603,12,9,1,2,6,14,33,8,47,16,39,55
146612,12,9,1,6,13,31,80,19,111,37,93,130
146685,12,9,1,11,10,17,84,21,101,28,94,122
146700,12,9,1,5,3,0,0,8,0,5,3,8
146719,12,9,1,32,90,55,167,122,222,87,257,344
147004,12,9,1,1,6,42,144,7,186,43,150,193
147013,12,9,1,4,8,14,49,12,63,18,57,75
147129,12,9,1,0,5,1,9,5,10,1,14,15
147244,12,9,1,3,7,1,4,10,5,4,11,15
147369,12,9,1,25,16,82,65,41,147,107,81,188
147378,12,9,1,3,5,58,99,8,157,61,104,165
147411,12,9,1,1,2,16,35,3,51,17,37,54
147536,12,9,1,32,207,53,386,239,439,85,593,678
147590,12,9,1,3,17,2,3,20,5,5,20,25
147660,12,9,1,2,5,0,4,7,4,2,9,11
147679,12,9,1,3,7,49,66,10,115,52,73,125
147776,12,9,1,13,25,70,117,38,187,83,142,225
147800,12,9,1,1,7,92,232,8,324,93,239,332
147828,12,9,1,0,4,18,47,4,65,18,51,69
147916,12,9,1,5,2,43,73,7,116,48,75,123
148007,12,9,1,3,7,41,54,10,95,44,61,105
148131,12,9,1,2,1,4,9,3,13,6,10,16
148256,12,9,1,2,3,4,19,5,23,6,22,28
148292,12,9,1,1,8,16,38,9,54,17,46,63
148380,12,9,1,9,2,54,82,11,136,63,84,147
148487,12,9,1,3,19,15,64,22,79,18,83,101
148511,12,9,1,4,13,5,48,17,53,9,61,70
148575,12,9,1,1,1,0,14,2,14,1,15,16
148627,12,9,1,0,7,5,33,7,38,5,40,45
148654,12,9,1,11,17,75,80,28,155,86,97,183
148672,12,9,1,2,7,8,8,9,16,10,15,25
148821,12,9,1,3,4,24,25,7,49,27,29,56
148876,12,9,1,5,36,4,25,41,29,9,61,70
148937,12,9,1,1,0,22,26,1,48,23,26,49
148991,12,9,1,2,4,5,12,6,17,7,16,23
149222,12,9,1,43,44,118,93,87,211,161,137,298
149231,12,9,1,9,18,32,102,27,134,41,120,161
149310,12,9,1,2,2,0,0,4,0,2,2,4
149365,12,9,1,8,37,13,89,45,102,21,126,147
149532,12,9,1,3,10,112,205,13,317,115,215,330
149727,12,9,1,0,5,71,140,5,211,71,145,216
149772,12,9,1,11,19,55,94,30,149,66,113,179
149781,12,9,1,1,4,29,42,5,71,30,46,76
149842,12,9,1,5,12,116,275,17,391,121,287,408
150136,12,9,1,7,15,58,191,22,249,65,206,271
150163,12,9,1,3,3,31,45,6,76,34,48,82
150172,12,9,1,2,0,12,5,2,17,14,5,19
150215,12,9,1,4,25,3,13,29,16,7,38,45
150534,12,9,1,0,3,5,3,3,8,5,6,11
150604,12,9,1,0,0,4,5,0,9,4,5,9
150668,12,9,1,0,2,1,9,2,10,1,11,12
150677,12,9,1,8,9,28,17,17,45,36,26,62
150765,12,9,1,0,1,0,0,1,0,0,1,1
150941,12,9,1,5,4,3,10,9,13,8,14,22
150987,12,9,1,95,175,550,976,270,1526,645,1151,1796
151111,12,9,1,30,57,95,235,87,330,125,292,417
151263,12,9,1,3,6,14,64,9,78,17,70,87
151290,12,9,1,26,13,54,35,39,89,80,48,128
151306,12,9,1,10,12,49,105,22,154,59,117,176
151324,12,9,1,13,26,56,146,39,202,69,172,241
151333,12,9,1,3,9,9,18,12,27,12,27,39
151342,12,9,1,3,12,19,70,15,89,22,82,104
151351,12,9,1,35,22,100,130,57,230,135,152,287
151360,12,9,1,4,11,20,58,15,78,24,69,93
151379,12,9,1,1,4,25,50,5,75,26,54,80
151388,12,9,1,3,9,39,68,12,107,42,77,119
151661,12,9,1,2,1,0,0,3,0,2,1,3
151777,12,9,1,1,0,0,4,1,4,1,4,5
151962,12,9,1,6,3,5,7,9,12,11,10,21
152080,12,9,1,25,27,27,30,52,57,52,57,109
152336,12,9,1,2,9,10,25,11,35,12,34,46
152390,12,9,1,0,0,0,2,0,2,0,2,2
152451,12,9,1,4,0,22,10,4,32,26,10,36
152567,12,9,1,1,5,1,3,6,4,2,8,10
152600,12,9,1,1,4,4,14,5,18,5,18,23
152637,12,9,1,13,10,28,38,23,66,41,48,89
152798,12,9,1,0,3,0,10,3,10,0,13,13
152992,12,9,1,0,3,1,12,3,13,1,15,16
153001,12,9,1,2,16,8,38,18,46,10,54,64
153083,12,9,1,0,1,0,0,1,0,0,1,1
153108,12,9,1,0,0,3,0,0,3,3,0,3
153126,12,9,1,0,4,2,8,4,10,2,12,14
153144,12,9,1,0,0,1,1,0,2,1,1,2
153162,12,9,1,0,1,0,0,1,0,0,1,1
153214,12,9,1,12,25,97,120,37,217,109,145,254
153241,12,9,1,0,1,0,0,1,0,0,1,1
153250,12,9,1,0,0,5,11,0,16,5,11,16
153269,12,9,1,0,4,25,66,4,91,25,70,95
153302,12,9,1,0,0,0,1,0,1,0,1,1
153311,12,9,1,7,13,14,52,20,66,21,65,86
153366,12,9,1,2,16,4,23,18,27,6,39,45
153445,12,9,1,6,9,7,15,15,22,13,24,37
153472,12,9,1,4,11,3,13,15,16,7,24,31
153524,12,9,1,8,11,15,21,19,36,23,32,55
153533,12,9,1,3,3,1,5,6,6,4,8,12
153621,12,9,1,2,4,1,2,6,3,3,6,9
153630,12,9,1,7,4,4,25,11,29,11,29,40
153658,12,9,1,12,39,89,129,51,218,101,168,269
153737,12,9,1,11,16,40,67,27,107,51,83,134
153825,12,9,1,1,3,3,7,4,10,4,10,14
153834,12,9,1,0,0,0,2,0,2,0,2,2
154004,12,9,1,1,5,13,96,6,109,14,101,115
154013,12,9,1,5,7,7,18,12,25,12,25,37
154110,12,9,1,2,1,6,33,3,39,8,34,42
154174,12,9,1,2,0,0,0,2,0,2,0,2
154235,12,9,1,6,5,10,18,11,28,16,23,39
154262,12,9,1,0,0,0,4,0,4,0,4,4
154350,12,9,1,0,2,1,5,2,6,1,7,8
154396,12,9,1,2,3,1,9,5,10,3,12,15
154493,12,9,1,19,56,40,70,75,110,59,126,185
154527,12,9,1,1,2,0,0,3,0,1,2,3
154572,12,9,1,6,9,10,27,15,37,16,36,52
154697,12,9,1,4,8,35,41,12,76,39,49,88
154712,12,9,1,0,0,0,2,0,2,0,2,2
154800,12,9,1,7,8,26,68,15,94,33,76,109
154907,12,9,1,0,2,1,6,2,7,1,8,9
154925,12,9,1,0,3,17,24,3,41,17,27,44
154934,12,9,1,4,4,4,27,8,31,8,31,39
154952,12,9,1,11,6,8,25,17,33,19,31,50
154998,12,9,1,0,1,2,10,1,12,2,11,13
155025,12,9,1,9,31,33,138,40,171,42,169,211
155052,12,9,1,1,0,0,3,1,3,1,3,4
155089,12,9,1,5,14,12,50,19,62,17,64,81
155098,12,9,1,1,1,3,5,2,8,4,6,10
155104,12,9,1,0,3,7,21,3,28,7,24,31
155140,12,9,1,0,4,0,2,4,2,0,6,6
155177,12,9,1,0,1,0,2,1,2,0,3,3
155195,12,9,1,6,7,25,79,13,104,31,86,117
155210,12,9,1,12,21,108,213,33,321,120,234,354
155292,12,9,1,8,10,39,60,18,99,47,70,117
155317,12,9,1,38,64,70,130,102,200,108,194,302
155399,12,9,1,24,30,103,194,54,297,127,224,351
155414,12,9,1,1,1,1,3,2,4,2,4,6
155423,12,9,1,3,2,1,5,5,6,4,7,11
155487,12,9,1,3,1,0,3,4,3,3,4,7
155511,12,9,1,2,0,1,1,2,2,3,1,4
155566,12,9,1,1,2,2,14,3,16,3,16,19
155618,12,9,1,1,1,8,8,2,16,9,9,18
155715,12,9,1,1,0,2,25,1,27,3,25,28
155812,12,9,1,10,4,8,22,14,30,18,26,44
155858,12,9,1,1,1,10,20,2,30,11,21,32
155900,12,9,1,2,0,9,14,2,23,11,14,25
155973,12,9,1,1,0,2,5,1,7,3,5,8
156082,12,9,1,16,23,17,65,39,82,33,88,121
156107,12,9,1,11,14,23,25,25,48,34,39,73
156125,12,9,1,9,36,83,204,45,287,92,240,332
156213,12,9,1,4,1,16,26,5,42,20,27,47
156231,12,9,1,11,12,11,24,23,35,22,36,58
156286,12,9,1,1,2,17,28,3,45,18,30,48
156295,12,9,1,0,0,3,1,0,4,3,1,4
156338,12,9,1,4,9,7,20,13,27,11,29,40
156356,12,9,1,0,3,0,1,3,1,0,4,4
156392,12,9,1,21,20,44,83,41,127,65,103,168
156426,12,9,1,0,2,0,2,2,2,0,4,4
156541,12,9,1,65,142,293,348,207,641,358,490,848
156620,12,9,1,26,50,111,160,76,271,137,210,347
156648,12,9,1,15,17,62,75,32,137,77,92,169
156745,12,9,1,0,0,6,11,0,17,6,11,17
156790,12,9,1,1,14,77,18,15,95,78,32,110
156842,12,9,1,0,1,0,0,1,0,0,1,1
156851,12,9,1,1,3,5,16,4,21,6,19,25
156860,12,9,1,5,6,16,16,11,32,21,22,43
156921,12,9,1,8,16,111,111,24,222,119,127,246
157030,12,9,1,0,0,1,2,0,3,1,2,3
157058,12,9,1,2,2,3,6,4,9,5,8,13
157076,12,9,1,4,1,1,0,5,1,5,1,6
157085,12,9,1,44,100,71,195,144,266,115,295,410
157216,12,9,1,11,19,12,26,30,38,23,45,68
157289,12,9,1,47,50,86,174,97,260,133,224,357
157304,12,9,1,8,11,140,42,19,182,148,53,201
157331,12,9,1,5,8,11,32,13,43,16,40,56
157386,12,9,1,5,11,31,42,16,73,36,53,89
157401,12,9,1,6,17,47,99,23,146,53,116,169
157438,12,9,1,3,4,29,38,7,67,32,42,74
157447,12,9,1,13,53,128,379,66,507,141,432,573
157483,12,9,1,8,17,113,63,25,176,121,80,201
157535,12,9,1,2,9,1,1,11,2,3,10,13
157553,12,9,1,4,9,9,19,13,28,13,28,41
157711,12,9,1,14,19,31,50,33,81,45,69,114
157739,12,9,1,9,9,25,25,18,50,34,34,68
157757,12,9,1,13,40,7,33,53,40,20,73,93
157951,12,9,1,7,11,46,97,18,143,53,108,161
158662,12,9,1,25,63,115,297,88,412,140,360,500
158802,12,9,1,1,4,1,2,5,3,2,6,8
158884,12,9,1,3,6,11,39,9,50,14,45,59
159197,12,9,1,2,0,0,0,2,0,2,0,2
159382,12,9,1,11,22,30,61,33,91,41,83,124
159391,12,9,1,35,62,64,110,97,174,99,172,271
159407,12,9,1,0,4,6,23,4,29,6,27,33
159647,12,9,1,7,11,17,24,18,41,24,35,59
159656,12,9,1,8,14,18,57,22,75,26,71,97
159717,12,9,1,2,13,11,46,15,57,13,59,72
159939,12,9,1,11,16,44,51,27,95,55,67,122
159966,12,9,1,8,14,10,25,22,35,18,39,57
159993,12,9,1,10,24,28,106,34,134,38,130,168
160010,12,9,1,3,0,11,7,3,18,14,7,21
160472,12,9,1,0,1,0,0,1,0,0,1,1
160579,12,9,1,5,14,6,16,19,22,11,30,41
160612,12,9,1,3,13,18,79,16,97,21,92,113
160621,12,9,1,20,36,24,65,56,89,44,101,145
160630,12,9,1,10,45,15,40,55,55,25,85,110
160649,12,9,1,13,30,5,27,43,32,18,57,75
160658,12,9,1,7,23,55,106,30,161,62,129,191
160667,12,9,1,12,18,4,15,30,19,16,33,49
160755,12,9,1,10,55,47,154,65,201,57,209,266
160904,12,9,1,5,8,2,4,13,6,7,12,19
161077,12,9,1,5,4,16,42,9,58,21,46,67
161138,12,9,1,5,7,27,22,12,49,32,29,61
161192,12,9,1,3,5,11,43,8,54,14,48,62
161208,12,9,1,5,0,0,0,5,0,5,0,5
161217,12,9,1,9,42,64,150,51,214,73,192,265
161226,12,9,1,0,8,10,38,8,48,10,46,56
161235,12,9,1,1,5,4,33,6,37,5,38,43
161253,12,9,1,11,25,79,180,36,259,90,205,295
161299,12,9,1,0,0,1,0,0,1,1,0,1
161341,12,9,1,7,12,13,38,19,51,20,50,70
161457,12,9,1,14,55,20,63,69,83,34,118,152
161484,12,9,1,0,5,9,10,5,19,9,15,24
161493,12,9,1,0,2,0,0,2,0,0,2,2
161509,12,9,1,2,4,0,1,6,1,2,5,7
161545,12,9,1,4,13,44,75,17,119,48,88,136
161554,12,9,1,12,27,62,163,39,225,74,190,264
161572,12,9,1,14,43,2,17,57,19,16,60,76
161581,12,9,1,1,1,8,21,2,29,9,22,31
161688,12,9,1,2,8,14,55,10,69,16,63,79
161767,12,9,1,6,9,96,276,15,372,102,285,387
161864,12,9,1,8,12,37,135,20,172,45,147,192
161873,12,9,1,17,24,54,117,41,171,71,141,212
162104,12,9,1,1,0,6,20,1,26,7,20,27
162122,12,9,1,2,17,17,82,19,99,19,99,118
162168,12,9,1,1,0,4,29,1,33,5,29,34
162210,12,9,1,1,7,6,22,8,28,7,29,36
162283,12,9,1,11,33,35,82,44,117,46,115,161
162584,12,9,1,2,7,14,60,9,74,16,67,83
162654,12,9,1,0,1,10,56,1,66,10,57,67
162690,12,9,1,9,3,21,39,12,60,30,42,72
162706,12,9,1,2,6,20,67,8,87,22,73,95
163028,12,9,1,15,3,13,1,18,14,28,4,32
163204,12,9,1,143,167,1147,1696,310,2843,1290,1863,3153
163259,12,9,1,15,61,56,166,76,222,71,227,298
163268,12,9,1,16,28,60,111,44,171,76,139,215
163286,12,9,1,46,69,86,99,115,185,132,168,300
163295,12,9,1,1,2,10,27,3,37,11,29,40
163338,12,9,1,8,8,20,43,16,63,28,51,79
163453,12,9,1,67,104,23,47,171,70,90,151,241
163462,12,9,1,5,2,7,20,7,27,12,22,34
163578,12,9,1,7,14,26,145,21,171,33,159,192
163851,12,9,1,7,35,7,31,42,38,14,66,80
163912,12,9,1,1,0,1,0,1,1,2,0,2
163976,12,9,1,5,2,2,2,7,4,7,4,11
164076,12,9,1,7,9,39,142,16,181,46,151,197
164085,12,9,1,2,4,13,113,6,126,15,117,132
164216,12,9,1,0,1,1,1,1,2,1,2,3
164270,12,9,1,6,28,12,50,34,62,18,78,96
164313,12,9,1,1,0,5,48,1,53,6,48,54
164465,12,9,1,0,1,0,0,1,0,0,1,1
164492,12,9,1,8,4,35,8,12,43,43,12,55
164599,12,9,1,0,0,0,2,0,2,0,2,2
164632,12,9,1,2,37,14,170,39,184,16,207,223
164739,12,9,1,0,4,6,16,4,22,6,20,26
164775,12,9,1,0,2,7,36,2,43,7,38,45
164872,12,9,1,5,11,9,15,16,24,14,26,40
164915,12,9,1,1,13,8,20,14,28,9,33,42
164988,12,9,1,28,44,155,208,72,363,183,252,435
165015,12,9,1,11,12,11,10,23,21,22,22,44
165024,12,9,1,7,17,27,90,24,117,34,107,141
165033,12,9,1,4,13,27,100,17,127,31,113,144
165112,12,9,1,5,18,58,120,23,178,63,138,201
165167,12,9,1,16,34,40,188,50,228,56,222,278
165194,12,9,1,1,2,15,63,3,78,16,65,81
165264,12,9,1,0,6,4,45,6,49,4,51,55
165334,12,9,1,2,1,4,5,3,9,6,6,12
165556,12,9,1,0,4,0,0,4,0,0,4,4
165662,12,9,1,3,19,3,17,22,20,6,36,42
165671,12,9,1,0,0,2,10,0,12,2,10,12
165820,12,9,1,12,35,124,318,47,442,136,353,489
165866,12,9,1,8,6,36,159,14,195,44,165,209
165936,12,9,1,1,9,13,35,10,48,14,44,58
165945,12,9,1,11,10,178,102,21,280,189,112,301
165981,12,9,1,1,1,8,29,2,37,9,30,39
166018,12,9,1,0,1,0,0,1,0,0,1,1
166027,12,9,1,48,66,637,647,114,1284,685,713,1398
166133,12,9,1,4,10,12,53,14,65,16,63,79
166391,12,9,1,1,2,4,16,3,20,5,18,23
166513,12,9,1,25,27,200,210,52,410,225,237,462
166629,12,9,1,16,30,196,327,46,523,212,357,569
166647,12,9,1,2,3,18,72,5,90,20,75,95
166674,12,9,1,0,7,10,5,7,15,10,12,22
166683,12,9,1,24,9,5,1,33,6,29,10,39
166708,12,9,1,1,5,2,18,6,20,3,23,26
166717,12,9,1,6,17,11,16,23,27,17,33,50
166823,12,9,1,3,2,28,84,5,112,31,86,117
166850,12,9,1,7,38,15,39,45,54,22,77,99
166887,12,9,1,5,8,27,91,13,118,32,99,131
166939,12,9,1,0,2,2,43,2,45,2,45,47
166957,12,9,1,1,5,18,56,6,74,19,61,80
167288,12,9,1,2,2,4,11,4,15,6,13,19
167312,12,9,1,8,13,30,97,21,127,38,110,148
167358,12,9,1,6,15,19,16,21,35,25,31,56
167376,12,9,1,1,3,17,63,4,80,18,66,84
167394,12,9,1,2,10,5,36,12,41,7,46,53
167534,12,9,1,11,22,37,89,33,126,48,111,159
167598,12,9,1,2,19,28,169,21,197,30,188,218
167729,12,9,1,6,25,32,79,31,111,38,104,142
167783,12,9,1,15,66,22,187,81,209,37,253,290
167835,12,9,1,0,8,1,3,8,4,1,11,12
167871,12,9,1,1,4,1,0,5,1,2,4,6
167905,12,9,1,4,6,20,41,10,61,24,47,71
167987,12,9,1,9,12,54,109,21,163,63,121,184
168005,12,9,1,3,4,6,26,7,32,9,30,39
168148,12,9,1,13,23,29,32,36,61,42,55,97
168227,12,9,1,2,0,14,0,2,14,16,0,16
168254,12,9,1,7,5,23,14,12,37,30,19,49
168421,12,9,1,3,0,52,20,3,72,55,20,75
168430,12,9,1,1,7,18,93,8,111,19,100,119
168591,12,9,1,1,5,0,0,6,0,1,5,6
168607,12,9,1,3,0,5,8,3,13,8,8,16
168740,12,9,1,26,12,157,102,38,259,183,114,297
168786,12,9,1,3,1,3,10,4,13,6,11,17
168847,12,9,1,2,17,39,94,19,133,41,111,152
168892,12,9,1,0,2,0,0,2,0,0,2,2
169099,12,9,1,6,4,10,9,10,19,16,13,29
169248,12,9,1,11,32,87,177,43,264,98,209,307
169275,12,9,1,8,13,43,118,21,161,51,131,182
169284,12,9,1,0,1,0,0,1,0,0,1,1
169424,12,9,1,2,2,0,0,4,0,2,2,4
169442,12,9,1,0,1,0,6,1,6,0,7,7
169521,12,9,1,5,17,48,104,22,152,53,121,174
169576,12,9,1,0,4,0,0,4,0,0,4,4
169655,12,9,1,13,0,0,0,13,0,13,0,13
169716,12,9,1,6,5,18,35,11,53,24,40,64
169798,12,9,1,11,27,74,192,38,266,85,219,304
169910,12,9,1,6,13,46,94,19,140,52,107,159
169992,12,9,1,2,6,2,11,8,13,4,17,21
170000,12,9,1,18,49,13,41,67,54,31,90,121
170055,12,9,1,2,6,77,117,8,194,79,123,202
170082,12,9,1,4,10,35,99,14,134,39,109,148
170240,12,9,1,14,15,105,117,29,222,119,132,251
170550,12,9,1,0,4,14,60,4,74,14,64,78
170587,12,9,1,2,2,12,22,4,34,14,24,38
170639,12,9,1,1,1,2,4,2,6,3,5,8
170657,12,9,1,7,10,65,102,17,167,72,112,184
170675,12,9,1,1,0,21,12,1,33,22,12,34
170790,12,9,1,15,25,207,250,40,457,222,275,497
170806,12,9,1,3,12,15,44,15,59,18,56,74
170976,12,9,1,32,43,47,36,75,83,79,79,158
171100,12,9,1,24,41,74,111,65,185,98,152,250
171137,12,9,1,5,6,33,44,11,77,38,50,88
171146,12,9,1,6,31,46,117,37,163,52,148,200
171155,12,9,1,2,4,6,25,6,31,8,29,37
171225,12,9,1,2,5,30,39,7,69,32,44,76
171304,12,9,1,1,5,29,43,6,72,30,48,78
171456,12,9,1,7,9,20,50,16,70,27,59,86
171483,12,9,1,2,3,17,29,5,46,19,32,51
171492,12,9,1,7,3,55,54,10,109,62,57,119
171571,12,9,1,18,47,56,110,65,166,74,157,231
172200,12,9,1,3,8,65,154,11,219,68,162,230
172291,12,9,1,2,12,17,30,14,47,19,42,61
172307,12,9,1,1,5,6,19,6,25,7,24,31
172334,12,9,1,21,143,6,42,164,48,27,185,212
172617,12,9,1,9,24,127,213,33,340,136,237,373
172644,12,9,1,29,74,91,234,103,325,120,308,428
172680,12,9,1,0,0,0,1,0,1,0,1,1
172699,12,9,1,18,40,44,94,58,138,62,134,196
173045,12,9,1,6,15,8,21,21,29,14,36,50
173142,12,9,1,3,1,0,1,4,1,3,2,5
173160,12,9,1,4,18,46,81,22,127,50,99,149
173258,12,9,1,0,0,0,1,0,1,0,1,1
173300,12,9,1,0,0,2,3,0,5,2,3,5
173452,12,9,1,1,0,16,27,1,43,17,27,44
173665,12,9,1,0,0,26,83,0,109,26,83,109
173683,12,9,1,7,8,14,13,15,27,21,21,42
173896,12,9,1,23,57,12,5,80,17,35,62,97
174066,12,9,1,27,33,198,268,60,466,225,301,526
174075,12,9,1,1,4,15,13,5,28,16,17,33
174127,12,9,1,3,0,1,10,3,11,4,10,14
174233,12,9,1,5,8,9,16,13,25,14,24,38
174251,12,9,1,0,0,1,1,0,2,1,1,2
174491,12,9,1,1,1,12,11,2,23,13,12,25
174507,12,9,1,2,5,3,10,7,13,5,15,20
174747,12,9,1,0,0,0,2,0,2,0,2,2
174792,12,9,1,5,3,15,10,8,25,20,13,33
174899,12,9,1,11,50,22,81,61,103,33,131,164
174914,12,9,1,15,21,58,98,36,156,73,119,192
175005,12,9,1,0,17,11,97,17,108,11,114,125
175014,12,9,1,10,54,19,56,64,75,29,110,139
175120,12,9,1,10,5,0,0,15,0,10,5,15
175227,12,9,1,5,1,2,1,6,3,7,2,9
175421,12,9,1,10,19,109,240,29,349,119,259,378
175430,12,9,1,1,5,0,2,6,2,1,7,8
175573,12,9,1,4,9,5,24,13,29,9,33,42
175616,12,9,1,6,15,19,42,21,61,25,57,82
175652,12,9,1,3,6,8,15,9,23,11,21,32
175786,12,9,1,21,45,16,67,66,83,37,112,149
175810,12,9,1,5,15,17,40,20,57,22,55,77
175829,12,9,1,4,4,7,15,8,22,11,19,30
175856,12,9,1,25,104,53,178,129,231,78,282,360
175883,12,9,1,4,11,6,15,15,21,10,26,36
175935,12,9,1,9,10,7,41,19,48,16,51,67
176008,12,9,1,2,2,7,5,4,12,9,7,16
176017,12,9,1,8,39,38,98,47,136,46,137,183
176035,12,9,1,3,25,9,23,28,32,12,48,60
176044,12,9,1,3,23,7,19,26,26,10,42,52
176053,12,9,1,6,34,12,52,40,64,18,86,104
176080,12,9,1,20,36,139,129,56,268,159,165,324
176178,12,9,1,4,15,5,38,19,43,9,53,62
176239,12,9,1,4,28,5,14,32,19,9,42,51
176318,12,9,1,1,3,0,0,4,0,1,3,4
176372,12,9,1,19,56,89,220,75,309,108,276,384
176451,12,9,1,7,2,20,12,9,32,27,14,41
176479,12,9,1,15,104,29,133,119,162,44,237,281
176600,12,9,1,10,3,4,10,13,14,14,13,27
176628,12,9,1,1,15,2,17,16,19,3,32,35
176947,12,9,1,1,3,0,0,4,0,1,3,4
176965,12,9,1,6,15,66,93,21,159,72,108,180
176983,12,9,1,2,0,0,0,2,0,2,0,2
177038,12,9,1,0,0,1,0,0,1,1,0,1
177126,12,9,1,4,3,28,24,7,52,32,27,59
177135,12,9,1,3,4,14,23,7,37,17,27,44
177144,12,9,1,1,2,1,0,3,1,2,2,4
177214,12,9,1,0,0,3,14,0,17,3,14,17
177250,12,9,1,4,6,9,10,10,19,13,16,29
177302,12,9,1,12,1,0,0,13,0,12,1,13
177418,12,9,1,1,6,1,14,7,15,2,20,22
177472,12,9,1,14,21,34,82,35,116,48,103,151
177676,12,9,1,5,5,13,27,10,40,18,32,50
177685,12,9,1,0,1,0,0,1,0,0,1,1
177940,12,9,1,3,3,1,4,6,5,4,7,11
177977,12,9,1,0,0,4,1,0,5,4,1,5
177986,12,9,1,1,8,12,30,9,42,13,38,51
177995,12,9,1,14,22,71,119,36,190,85,141,226
178059,12,9,1,8,30,91,366,38,457,99,396,495
178217,12,9,1,0,5,4,11,5,15,4,16,20
178341,12,9,1,6,8,14,30,14,44,20,38,58
178369,12,9,1,0,0,1,1,0,2,1,1,2
178387,12,9,1,2,4,7,18,6,25,9,22,31
178396,12,9,1,20,46,86,176,66,262,106,222,328
178402,12,9,1,14,18,57,96,32,153,71,114,185
178411,12,9,1,7,1,29,11,8,40,36,12,48
178420,12,9,1,20,39,89,170,59,259,109,209,318
178448,12,9,1,1,2,15,24,3,39,16,26,42
178615,12,9,1,0,2,15,48,2,63,15,50,65
178624,12,9,1,8,24,41,113,32,154,49,137,186
178679,12,9,1,4,1,10,8,5,18,14,9,23
178721,12,9,1,31,36,111,128,67,239,142,164,306
178891,12,9,1,5,1,13,0,6,13,18,1,19
178989,12,9,1,1,4,0,7,5,7,1,11,12
179043,12,9,1,4,8,10,35,12,45,14,43,57
179308,12,9,1,19,31,100,304,50,404,119,335,454
179326,12,9,1,0,4,8,19,4,27,8,23,31
179344,12,9,1,1,0,6,10,1,16,7,10,17
179539,12,9,1,2,5,8,19,7,27,10,24,34
179557,12,9,1,8,12,15,49,20,64,23,61,84
179566,12,9,1,20,41,90,130,61,220,110,171,281
179645,12,9,1,2,11,0,18,13,18,2,29,31
179715,12,9,1,2,3,2,7,5,9,4,10,14
179812,12,9,1,0,0,0,1,0,1,0,1,1
179867,12,9,1,27,16,52,97,43,149,79,113,192
179894,12,9,1,40,38,163,244,78,407,203,282,485
179946,12,9,1,1,0,1,0,1,1,2,0,2
180081,12,9,1,1,1,0,0,2,0,1,1,2
180106,12,9,1,1,3,0,2,4,2,1,5,6
180151,12,9,1,3,0,3,1,3,4,6,1,7
180179,12,9,1,12,28,12,54,40,66,24,82,106
180197,12,9,1,4,2,13,31,6,44,17,33,50
180249,12,9,1,2,5,3,7,7,10,5,12,17
180258,12,9,1,5,24,9,52,29,61,14,76,90
180276,12,9,1,2,2,0,9,4,9,2,11,13
180416,12,9,1,1,2,11,5,3,16,12,7,19
180461,12,9,1,8,15,29,92,23,121,37,107,144
180522,12,9,1,3,5,9,11,8,20,12,16,28
180595,12,9,1,1,2,0,2,3,2,1,4,5
180647,12,9,1,7,27,10,21,34,31,17,48,65
180692,12,9,1,2,6,4,30,8,34,6,36,42
180814,12,9,1,236,361,178,290,597,468,414,651,1065
180902,12,9,1,4,10,33,84,14,117,37,94,131
180948,12,9,1,0,16,14,41,16,55,14,57,71
181002,12,9,1,8,17,62,101,25,163,70,118,188
181020,12,9,1,10,20,8,41,30,49,18,61,79
181127,12,9,1,1,1,1,1,2,2,2,2,4
181215,12,9,1,4,10,34,77,14,111,38,87,125
181297,12,9,1,3,26,1,11,29,12,4,37,41
181303,12,9,1,15,24,120,143,39,263,135,167,302
181312,12,9,1,3,2,8,24,5,32,11,26,37
181330,12,9,1,2,0,2,16,2,18,4,16,20
181394,12,9,1,19,29,77,128,48,205,96,157,253
181428,12,9,1,7,19,12,29,26,41,19,48,67
181446,12,9,1,0,3,1,13,3,14,1,16,17
181464,12,9,1,14,10,55,94,24,149,69,104,173
181491,12,9,1,1,3,228,49,4,277,229,52,281
181604,12,9,1,3,1,3,6,4,9,6,7,13
181640,12,9,1,12,7,49,70,19,119,61,77,138
181738,12,9,1,0,0,2,14,0,16,2,14,16
181783,12,9,1,6,6,19,54,12,73,25,60,85
181817,12,9,1,2,2,7,11,4,18,9,13,22
182005,12,9,1,45,56,203,342,101,545,248,398,646
182281,12,9,1,57,127,101,205,184,306,158,332,490
182290,12,9,1,18,38,73,133,56,206,91,171,262
182306,12,9,1,8,10,42,67,18,109,50,77,127
182500,12,9,1,9,11,87,105,20,192,96,116,212
182564,12,9,1,5,8,64,53,13,117,69,61,130
182670,12,9,1,22,8,1,2,30,3,23,10,33
182722,12,9,1,2,0,0,1,2,1,2,1,3
182829,12,9,1,8,4,24,10,12,34,32,14,46
182980,12,9,1,13,23,4,7,36,11,17,30,47
183026,12,9,1,570,1106,2983,6588,1676,9571,3553,7694,11247
183044,12,9,1,17,22,31,69,39,100,48,91,139
183062,12,9,1,1,1,7,7,2,14,8,8,16
183071,12,9,1,0,1,2,2,1,4,2,3,5
183080,12,9,1,0,5,8,47,5,55,8,52,60
183257,12,9,1,7,29,24,81,36,105,31,110,141
183488,12,9,1,2,11,0,3,13,3,2,14,16
183655,12,9,1,4,12,26,93,16,119,30,105,135
183743,12,9,1,14,27,38,105,41,143,52,132,184
183789,12,9,1,12,22,15,40,34,55,27,62,89
183822,12,9,1,2,3,1,4,5,5,3,7,10
183859,12,9,1,6,7,30,112,13,142,36,119,155
183910,12,9,1,1,3,10,35,4,45,11,38,49
183938,12,9,1,14,22,73,179,36,252,87,201,288
184056,12,9,1,2,3,0,0,5,0,2,3,5
184180,12,9,1,3,7,27,68,10,95,30,75,105
184205,12,9,1,4,6,16,47,10,63,20,53,73
184427,12,9,1,1,0,0,0,1,0,1,0,1
184481,12,9,1,12,38,42,107,50,149,54,145,199
184603,12,9,1,11,18,64,225,29,289,75,243,318
184612,12,9,1,2,9,1,33,11,34,3,42,45
184694,12,9,1,2,5,5,19,7,24,7,24,31
184773,12,9,1,1,7,6,44,8,50,7,51,58
184782,12,9,1,12,17,63,196,29,259,75,213,288
184791,12,9,1,3,8,2,35,11,37,5,43,48
184959,12,9,1,3,6,0,8,9,8,3,14,17
184995,12,9,1,15,38,28,80,53,108,43,118,161
185262,12,9,1,9,39,43,180,48,223,52,219,271
185396,12,9,1,5,1,1,1,6,2,6,2,8
185509,12,9,1,0,8,25,69,8,94,25,77,102
185536,12,9,1,2,10,26,67,12,93,28,77,105
185572,12,9,1,2,12,12,58,14,70,14,70,84
185590,12,9,1,10,45,74,173,55,247,84,218,302
185721,12,9,1,1,2,0,7,3,7,1,9,10
185758,12,9,1,1,6,23,33,7,56,24,39,63
185828,12,9,1,10,2,41,11,12,52,51,13,64
185873,12,9,1,2,9,27,80,11,107,29,89,118
186016,12,9,1,1,1,1,3,2,4,2,4,6
186034,12,9,1,3,16,19,86,19,105,22,102,124
186131,12,9,1,2,1,1,1,3,2,3,2,5
186201,12,9,1,4,24,12,47,28,59,16,71,87
186283,12,9,1,0,6,22,56,6,78,22,62,84
186371,12,9,1,17,28,31,102,45,133,48,130,178
186380,12,9,1,42,59,106,354,101,460,148,413,561
186399,12,9,1,23,43,92,99,66,191,115,142,257
186405,12,9,1,1,0,0,0,1,0,1,0,1
186432,12,9,1,6,13,25,54,19,79,31,67,98
186469,12,9,1,2,1,6,25,3,31,8,26,34
186584,12,9,1,8,17,145,182,25,327,153,199,352
186618,12,9,1,0,9,16,48,9,64,16,57,73
186645,12,9,1,5,4,87,81,9,168,92,85,177
186867,12,9,1,4,1,67,29,5,96,71,30,101
186876,12,9,1,4,23,14,51,27,65,18,74,92
187046,12,9,1,1,3,423,515,4,938,424,518,942
187134,12,9,1,3,4,9,37,7,46,12,41,53
187198,12,9,1,7,17,35,129,24,164,42,146,188
187444,12,9,1,5,38,42,217,43,259,47,255,302
187532,12,9,1,30,41,226,497,71,723,256,538,794
187620,12,9,1,13,13,35,53,26,88,48,66,114
187639,12,9,1,1,6,34,92,7,126,35,98,133
187648,12,9,1,10,31,76,122,41,198,86,153,239
187897,12,9,1,17,57,26,90,74,116,43,147,190
187958,12,9,1,4,5,8,35,9,43,12,40,52
187967,12,9,1,2,0,14,36,2,50,16,36,52
187976,12,9,1,1,0,11,13,1,24,12,13,25
187985,12,9,1,49,77,121,283,126,404,170,360,530
187994,12,9,1,1,3,13,25,4,38,14,28,42
188003,12,9,1,1,2,1,10,3,11,2,12,14
188021,12,9,1,1,4,5,19,5,24,6,23,29
188030,12,9,1,26,47,96,140,73,236,122,187,309
188049,12,9,1,2,1,10,24,3,34,12,25,37
188100,12,9,1,13,15,51,105,28,156,64,120,184
188137,12,9,1,9,11,71,184,20,255,80,195,275
188207,12,9,1,1,15,1,6,16,7,2,21,23
188225,12,9,1,4,4,11,23,8,34,15,27,42
188261,12,9,1,3,0,47,7,3,54,50,7,57
188340,12,9,1,6,1,5,0,7,5,11,1,12
188429,12,9,1,6,25,33,102,31,135,39,127,166
188438,12,9,1,5,3,7,18,8,25,12,21,33
188517,12,9,1,0,3,2,3,3,5,2,6,8
188641,12,9,1,3,5,5,20,8,25,8,25,33
188854,12,9,1,1,1,0,0,2,0,1,1,2
189228,12,9,1,9,13,10,28,22,38,19,41,60
189282,12,9,1,2,1,0,1,3,1,2,2,4
189547,12,9,1,9,9,10,31,18,41,19,40,59
189565,12,9,1,1,5,1,3,6,4,2,8,10
189583,12,9,1,3,11,4,18,14,22,7,29,36
189592,12,9,1,2,8,0,6,10,6,2,14,16
189705,12,9,1,0,2,5,23,2,28,5,25,30
189839,12,9,1,1,4,24,15,5,39,25,19,44
190044,12,9,1,1,2,22,27,3,49,23,29,52
190053,12,9,1,2,1,1,6,3,7,3,7,10
190071,12,9,1,0,0,0,5,0,5,0,5,5
190169,12,9,1,3,2,11,20,5,31,14,22,36
190415,12,9,1,22,19,28,29,41,57,50,48,98
190424,12,9,1,4,4,0,2,8,2,4,6,10
190442,12,9,1,0,2,20,12,2,32,20,14,34
190503,12,9,1,20,22,10,5,42,15,30,27,57
190761,12,9,1,2,6,2,16,8,18,4,22,26
190840,12,9,1,1,10,11,59,11,70,12,69,81
191083,12,9,1,24,22,26,31,46,57,50,53,103
191126,12,9,1,2,13,13,46,15,59,15,59,74
191199,12,9,1,10,14,17,50,24,67,27,64,91
191205,12,9,1,2,0,2,1,2,3,4,1,5
191241,12,9,1,27,61,65,182,88,247,92,243,335
191302,12,9,1,2,3,4,16,5,20,6,19,25
191311,12,9,1,0,1,0,0,1,0,0,1,1
191339,12,9,1,2,10,13,28,12,41,15,38,53
191597,12,9,1,3,8,2,8,11,10,5,16,21
191612,12,9,1,3,15,10,12,18,22,13,27,40
191649,12,9,1,7,24,26,81,31,107,33,105,138
191676,12,9,1,1,8,0,2,9,2,1,10,11
191719,12,9,1,16,12,35,56,28,91,51,68,119
191940,12,9,1,0,3,0,0,3,0,0,3,3
191986,12,9,1,3,4,7,12,7,19,10,16,26
192022,12,9,1,10,9,8,10,19,18,18,19,37
192192,12,9,1,3,4,3,11,7,14,6,15,21
192271,12,9,1,0,3,0,1,3,1,0,4,4
192323,12,9,1,1,2,8,29,3,37,9,31,40
192448,12,9,1,15,56,34,149,71,183,49,205,254
192703,12,9,1,2,8,5,6,10,11,7,14,21
192712,12,9,1,0,3,0,0,3,0,0,3,3
192749,12,9,1,11,26,14,40,37,54,25,66,91
192785,12,9,1,2,3,4,33,5,37,6,36,42
192819,12,9,1,1,4,24,35,5,59,25,39,64
193016,12,9,1,16,56,53,141,72,194,69,197,266
193283,12,9,1,11,16,11,18,27,29,22,34,56
193292,12,9,1,1,5,15,112,6,127,16,117,133
193326,12,9,1,28,37,51,111,65,162,79,148,227
193380,12,9,1,0,0,0,2,0,2,0,2,2
193399,12,9,1,4,17,3,17,21,20,7,34,41
193478,12,9,1,10,21,35,107,31,142,45,128,173
193584,12,9,1,0,8,1,11,8,12,1,19,20
193654,12,9,1,15,19,13,24,34,37,28,43,71
193830,12,9,1,1,5,5,9,6,14,6,14,20
193858,12,9,1,0,1,0,0,1,0,0,1,1
193900,12,9,1,57,84,131,172,141,303,188,256,444
193946,12,9,1,5,13,6,18,18,24,11,31,42
193973,12,9,1,10,19,14,16,29,30,24,35,59
193991,12,9,1,0,1,0,0,1,0,0,1,1
194028,12,9,1,6,4,5,3,10,8,11,7,18
194091,12,9,1,10,6,22,24,16,46,32,30,62
194116,12,9,1,0,4,1,39,4,40,1,43,44
194222,12,9,1,3,11,9,38,14,47,12,49,61
194240,12,9,1,1,11,10,35,12,45,11,46,57
194310,12,9,1,9,18,91,128,27,219,100,146,246
194392,12,9,1,0,0,3,2,0,5,3,2,5
194578,12,9,1,0,7,3,6,7,9,3,13,16
194824,12,9,1,1,2,1,0,3,1,2,2,4
195003,12,9,1,11,8,23,26,19,49,34,34,68
195058,12,9,1,5,8,12,66,13,78,17,74,91
195067,12,9,1,1,3,1,0,4,1,2,3,5
195128,12,9,1,2,7,14,46,9,60,16,53,69
195155,12,9,1,1,0,57,11,1,68,58,11,69
195164,12,9,1,0,0,18,18,0,36,18,18,36
195234,12,9,1,2,9,10,52,11,62,12,61,73
195243,12,9,1,1,0,0,2,1,2,1,2,3
195322,12,9,1,2,9,18,22,11,40,20,31,51
195474,12,9,1,1,0,4,4,1,8,5,4,9
195526,12,9,1,0,0,0,2,0,2,0,2,2
195544,12,9,1,3,18,14,83,21,97,17,101,118
195702,12,9,1,0,1,0,1,1,1,0,2,2
195720,12,9,1,11,23,4,23,34,27,15,46,61
195988,12,9,1,0,6,12,13,6,25,12,19,31
196006,12,9,1,7,12,2,15,19,17,9,27,36
196015,12,9,1,6,19,7,26,25,33,13,45,58
196024,12,9,1,1,2,12,37,3,49,13,39,52
196033,12,9,1,3,3,2,0,6,2,5,3,8
196042,12,9,1,6,7,13,41,13,54,19,48,67
196051,12,9,1,0,4,1,5,4,6,1,9,10
196060,12,9,1,15,20,59,114,35,173,74,134,208
196079,12,9,1,8,15,40,56,23,96,48,71,119
196088,12,9,1,21,55,70,173,76,243,91,228,319
196097,12,9,1,23,50,44,144,73,188,67,194,261
196103,12,9,1,1,3,5,2,4,7,6,5,11
196112,12,9,1,1,8,19,51,9,70,20,59,79
196121,12,9,1,6,9,12,44,15,56,18,53,71
196130,12,9,1,13,19,30,59,32,89,43,78,121
196149,12,9,1,1,2,3,15,3,18,4,17,21
196158,12,9,1,1,1,5,5,2,10,6,6,12
196167,12,9,1,1,1,0,0,2,0,1,1,2
196176,12,9,1,7,6,12,24,13,36,19,30,49
196185,12,9,1,0,2,1,3,2,4,1,5,6
196194,12,9,1,2,10,26,49,12,75,28,59,87
196200,12,9,1,5,4,3,7,9,10,8,11,19
196219,12,9,1,2,8,5,11,10,16,7,19,26
196246,12,9,1,4,9,19,29,13,48,23,38,61
196255,12,9,1,2,26,9,24,28,33,11,50,61
196264,12,9,1,62,197,202,646,259,848,264,843,1107
196291,12,9,1,2,0,3,1,2,4,5,1,6
196307,12,9,1,1,10,3,11,11,14,4,21,25
196413,12,9,1,40,44,94,145,84,239,134,189,323
196468,12,9,1,15,62,27,77,77,104,42,139,181
196565,12,9,1,6,6,12,27,12,39,18,33,51
196653,12,9,1,2,6,2,15,8,17,4,21,25
196699,12,9,1,3,4,10,25,7,35,13,29,42
196884,12,9,1,6,11,5,9,17,14,11,20,31
197045,12,9,1,5,9,27,77,14,104,32,86,118
197285,12,9,1,3,18,1,3,21,4,4,21,25
197294,12,9,1,9,20,39,102,29,141,48,122,170
197337,12,9,1,0,2,0,0,2,0,0,2,2
197708,12,9,1,17,51,29,55,68,84,46,106,152
197814,12,9,1,0,1,10,13,1,23,10,14,24
197850,12,9,1,1,6,10,35,7,45,11,41,52
197869,12,9,1,12,15,33,94,27,127,45,109,154
197887,12,9,1,14,18,43,95,32,138,57,113,170
197911,12,9,1,1,3,4,40,4,44,5,43,48
197966,12,9,1,0,7,7,37,7,44,7,44,51
197993,12,9,1,0,2,0,0,2,0,0,2,2
198066,12,9,1,0,2,0,1,2,1,0,3,3
198109,12,9,1,1,9,0,10,10,10,1,19,20
198118,12,9,1,3,11,10,31,14,41,13,42,55
198136,12,9,1,20,27,31,52,47,83,51,79,130
198154,12,9,1,46,24,643,383,70,1026,689,407,1096
198206,12,9,1,4,8,8,36,12,44,12,44,56
198260,12,9,1,27,53,89,223,80,312,116,276,392
198303,12,9,1,1,0,1,3,1,4,2,3,5
198330,12,9,1,7,18,12,30,25,42,19,48,67
198367,12,9,1,5,7,19,34,12,53,24,41,65
198455,12,9,1,5,3,47,109,8,156,52,112,164
198464,12,9,1,28,64,166,383,92,549,194,447,641
198507,12,9,1,2,20,8,40,22,48,10,60,70
198516,12,9,1,4,5,1,2,9,3,5,7,12
198534,12,9,1,59,78,104,191,137,295,163,269,432
198543,12,9,1,40,96,67,165,136,232,107,261,368
198552,12,9,1,13,17,42,164,30,206,55,181,236
198570,12,9,1,3,13,24,65,16,89,27,78,105
198598,12,9,1,0,6,1,13,6,14,1,19,20
198622,12,9,1,12,35,68,161,47,229,80,196,276
198668,12,9,1,4,7,1,34,11,35,5,41,46
198710,12,9,1,8,3,16,28,11,44,24,31,55
198756,12,9,1,3,23,1,3,26,4,4,26,30
198808,12,9,1,2,2,0,2,4,2,2,4,6
198817,12,9,1,0,3,19,29,3,48,19,32,51
198835,12,9,1,10,11,12,32,21,44,22,43,65
198862,12,9,1,7,6,0,1,13,1,7,7,14
198899,12,9,1,0,4,3,3,4,6,3,7,10
198905,12,9,1,0,4,3,7,4,10,3,11,14
198950,12,9,1,0,5,1,11,5,12,1,16,17
198969,12,9,1,1,4,3,14,5,17,4,18,22
198987,12,9,1,2,7,11,28,9,39,13,35,48
199087,12,9,1,3,2,11,35,5,46,14,37,51
199102,12,9,1,17,32,49,72,49,121,66,104,170
199111,12,9,1,2,6,11,22,8,33,13,28,41
199120,12,9,1,31,55,58,91,86,149,89,146,235
199139,12,9,1,30,52,98,253,82,351,128,305,433
199148,12,9,1,22,65,93,284,87,377,115,349,464
199157,12,9,1,19,70,30,119,89,149,49,189,238
199184,12,9,1,3,3,1,0,6,1,4,3,7
199193,12,9,1,41,45,125,162,86,287,166,207,373
199218,12,9,1,24,87,83,258,111,341,107,345,452
199272,12,9,1,0,2,1,21,2,22,1,23,24
199281,12,9,1,25,66,62,244,91,306,87,310,397
199324,12,9,1,0,0,6,24,0,30,6,24,30
199412,12,9,1,4,18,8,33,22,41,12,51,63
199494,12,9,1,5,1,41,85,6,126,46,86,132
199607,12,9,1,0,2,3,24,2,27,3,26,29
199625,12,9,1,1,2,2,22,3,24,3,24,27
199731,12,9,1,1,4,16,40,5,56,17,44,61
199740,12,9,1,5,2,8,50,7,58,13,52,65
199759,12,9,1,97,21,95,45,118,140,192,66,258
199768,12,9,1,4,2,9,20,6,29,13,22,35
199795,12,9,1,0,1,5,7,1,12,5,8,13
199856,12,9,1,21,30,120,332,51,452,141,362,503
199865,12,9,1,1,9,0,5,10,5,1,14,15
199883,12,9,1,0,2,0,0,2,0,0,2,2
199908,12,9,1,3,5,12,29,8,41,15,34,49
199926,12,9,1,3,1,3,12,4,15,6,13,19
199971,12,9,1,9,7,0,0,16,0,9,7,16
199999,12,9,1,3,26,9,59,29,68,12,85,97
200004,12,9,1,10,41,90,171,51,261,100,212,312
200013,12,9,1,1,3,2,6,4,8,3,9,12
200022,12,9,1,11,4,33,12,15,45,44,16,60
200059,12,9,1,0,5,4,4,5,8,4,9,13
200086,12,9,1,0,3,0,4,3,4,0,7,7
200192,12,9,1,2,2,22,11,4,33,24,13,37
200217,12,9,1,5,14,18,56,19,74,23,70,93
200280,12,9,1,20,18,116,144,38,260,136,162,298
200305,12,9,1,4,3,37,4,7,41,41,7,48
200314,12,9,1,0,2,22,9,2,31,22,11,33
200332,12,9,1,5,6,31,40,11,71,36,46,82
200527,12,9,1,8,7,1,4,15,5,9,11,20
200554,12,9,1,5,6,3,1,11,4,8,7,15
200572,12,9,1,1,1,13,30,2,43,14,31,45
200590,12,9,1,1,7,0,0,8,0,1,7,8
200697,12,9,1,3,1,26,6,4,32,29,7,36
200800,12,9,1,8,18,53,81,26,134,61,99,160
200846,12,9,1,0,2,1,2,2,3,1,4,5
201061,12,9,1,0,1,0,0,1,0,0,1,1
201177,12,9,1,0,0,0,4,0,4,0,4,4
201195,12,9,1,4,14,10,20,18,30,14,34,48
201283,12,9,1,0,2,2,10,2,12,2,12,14
201432,12,9,1,1,4,1,8,5,9,2,12,14
201441,12,9,1,14,29,94,119,43,213,108,148,256
201469,12,9,1,0,6,0,3,6,3,0,9,9
201548,12,9,1,3,11,11,14,14,25,14,25,39
201645,12,9,1,33,71,26,54,104,80,59,125,184
201654,12,9,1,1,3,9,14,4,23,10,17,27
201821,12,9,1,1,5,0,14,6,14,1,19,20
201885,12,9,1,24,43,123,396,67,519,147,439,586
201946,12,9,1,4,22,17,128,26,145,21,150,171
201955,12,9,1,0,2,14,36,2,50,14,38,52
201964,12,9,1,32,49,28,29,81,57,60,78,138
202046,12,9,1,1,0,1,1,1,2,2,1,3
202170,12,9,1,1,2,0,0,3,0,1,2,3
202222,12,9,1,8,21,113,248,29,361,121,269,390
202356,12,9,1,12,33,142,415,45,557,154,448,602
202453,12,9,1,1,0,0,0,1,0,1,0,1
202480,12,9,1,29,70,42,42,99,84,71,112,183
202523,12,9,1,0,0,0,2,0,2,0,2,2
202648,12,9,1,0,2,16,38,2,54,16,40,56
202763,12,9,1,3,13,6,14,16,20,9,27,36
203067,12,9,1,6,10,1,9,16,10,7,19,26
203085,12,9,1,0,2,2,5,2,7,2,7,9
203128,12,9,1,0,0,0,4,0,4,0,4,4
203155,12,9,1,4,4,5,8,8,13,9,12,21
203289,12,9,1,3,2,0,0,5,0,3,2,5
203368,12,9,1,2,7,8,13,9,21,10,20,30
203447,12,9,1,0,1,15,24,1,39,15,25,40
203456,12,9,1,0,0,4,10,0,14,4,10,14
203465,12,9,1,1,0,4,28,1,32,5,28,33
203474,12,9,1,3,0,12,17,3,29,15,17,32
203483,12,9,1,0,0,6,11,0,17,6,11,17
203492,12,9,1,1,1,7,15,2,22,8,16,24
203517,12,9,1,22,62,100,256,84,356,122,318,440
203526,12,9,1,0,1,7,18,1,25,7,19,26
203544,12,9,1,0,3,1,4,3,5,1,7,8
203580,12,9,1,0,0,3,7,0,10,3,7,10
203599,12,9,1,3,3,36,93,6,129,39,96,135
203678,12,9,1,4,4,6,21,8,27,10,25,35
203720,12,9,1,2,0,0,4,2,4,2,4,6
203748,12,9,1,8,11,58,133,19,191,66,144,210
203757,12,9,1,5,10,0,6,15,6,5,16,21
203775,12,9,1,3,1,10,20,4,30,13,21,34
203845,12,9,1,0,0,0,2,0,2,0,2,2
203881,12,9,1,8,1,52,20,9,72,60,21,81
203960,12,9,1,2,11,4,64,13,68,6,75,81
204006,12,9,1,1,1,4,12,2,16,5,13,18
204015,12,9,1,1,3,7,10,4,17,8,13,21
204024,12,9,1,0,6,23,97,6,120,23,103,126
204194,12,9,1,5,19,9,30,24,39,14,49,63
204200,12,9,1,0,2,5,59,2,64,5,61,66
204255,12,9,1,1,1,4,4,2,8,5,5,10
204422,12,9,1,0,3,7,18,3,25,7,21,28
204468,12,9,1,1,3,3,17,4,20,4,20,24
204477,12,9,1,0,1,0,2,1,2,0,3,3
204617,12,9,1,2,4,7,24,6,31,9,28,37
204635,12,9,1,3,0,0,1,3,1,3,1,4
204671,12,9,1,1,0,1,3,1,4,2,3,5
204680,12,9,1,0,2,3,4,2,7,3,6,9
204699,12,9,1,0,0,0,3,0,3,0,3,3
204705,12,9,1,1,3,0,3,4,3,1,6,7
204796,12,9,1,41,72,133,267,113,400,174,339,513
204802,12,9,1,0,0,3,8,0,11,3,8,11
204820,12,9,1,0,3,3,9,3,12,3,12,15
204839,12,9,1,1,4,6,11,5,17,7,15,22
204848,12,9,1,0,1,9,11,1,20,9,12,21
204857,12,9,1,19,40,117,333,59,450,136,373,509
204866,12,9,1,1,1,4,9,2,13,5,10,15
204909,12,9,1,0,0,0,1,0,1,0,1,1
204936,12,9,1,1,1,6,23,2,29,7,24,31
204945,12,9,1,5,12,69,58,17,127,74,70,144
205443,12,9,1,2,7,7,42,9,49,9,49,58
205470,12,9,1,33,21,293,238,54,531,326,259,585
205841,12,9,1,7,19,42,121,26,163,49,140,189
205966,12,9,1,3,6,1,16,9,17,4,22,26
206011,12,9,1,0,2,43,14,2,57,43,16,59
206279,12,9,1,32,28,25,23,60,48,57,51,108
206349,12,9,1,0,10,2,41,10,43,2,51,53
206507,12,9,1,1,4,1,4,5,5,2,8,10
206525,12,9,1,1,0,0,1,1,1,1,1,2
206589,12,9,1,0,0,0,1,0,1,0,1,1
206604,12,9,1,9,12,50,74,21,124,59,86,145
206613,12,9,1,1,0,0,4,1,4,1,4,5
206622,12,9,1,5,17,31,70,22,101,36,87,123
206695,12,9,1,14,37,40,130,51,170,54,167,221
206862,12,9,1,18,42,16,20,60,36,34,62,96
206914,12,9,1,7,25,17,42,32,59,24,67,91
206923,12,9,1,3,5,7,19,8,26,10,24,34
206996,12,9,1,2,3,8,23,5,31,10,26,36
207041,12,9,1,9,30,17,58,39,75,26,88,114
207050,12,9,1,2,3,2,8,5,10,4,11,15
207069,12,9,1,1,2,3,14,3,17,4,16,20
207102,12,9,1,1,0,0,0,1,0,1,0,1
207209,12,9,1,6,7,6,5,13,11,12,12,24
207236,12,9,1,3,3,2,15,6,17,5,18,23
207263,12,9,1,19,35,42,146,54,188,61,181,242
207281,12,9,1,0,2,7,24,2,31,7,26,33
207290,12,9,1,1,7,4,13,8,17,5,20,25
207306,12,9,1,1,5,6,16,6,22,7,21,28
207315,12,9,1,7,12,35,25,19,60,42,37,79
207324,12,9,1,2,14,7,14,16,21,9,28,37
207342,12,9,1,0,9,3,24,9,27,3,33,36
207351,12,9,1,3,8,3,17,11,20,6,25,31
207388,12,9,1,16,37,124,121,53,245,140,158,298
207500,12,9,1,53,105,150,225,158,375,203,330,533
207564,12,9,1,11,5,20,11,16,31,31,16,47
207582,12,9,1,53,83,46,78,136,124,99,161,260
207661,12,9,1,13,13,10,15,26,25,23,28,51
207670,12,9,1,11,14,26,78,25,104,37,92,129
207740,12,9,1,2,2,5,18,4,23,7,20,27
207847,12,9,1,25,69,100,191,94,291,125,260,385
207865,12,9,1,1,24,11,62,25,73,12,86,98
207935,12,9,1,19,21,83,166,40,249,102,187,289
207962,12,9,1,13,2,0,0,15,0,13,2,15
207971,12,9,1,6,5,8,14,11,22,14,19,33
208035,12,9,1,0,1,4,19,1,23,4,20,24
208275,12,9,1,0,6,10,16,6,26,10,22,32
208318,12,9,1,11,10,45,53,21,98,56,63,119
208390,12,9,1,17,15,68,84,32,152,85,99,184
208406,12,9,1,10,21,57,79,31,136,67,100,167
208415,12,9,1,1,1,19,15,2,34,20,16,36
208646,12,9,1,7,14,31,43,21,74,38,57,95
208822,12,9,1,14,45,71,118,59,189,85,163,248
209038,12,9,1,14,15,46,70,29,116,60,85,145
209074,12,9,1,12,12,22,29,24,51,34,41,75
209250,12,9,1,6,15,47,50,21,97,53,65,118
209490,12,9,1,3,9,6,18,12,24,9,27,36
209506,12,9,1,7,5,22,34,12,56,29,39,68
209542,12,9,1,21,48,159,239,69,398,180,287,467
209551,12,9,1,27,21,26,32,48,58,53,53,106
209603,12,9,1,1,12,1,0,13,1,2,12,14
209612,12,9,1,6,25,10,22,31,32,16,47,63
209746,12,9,1,52,57,171,299,109,470,223,356,579
209807,12,9,1,57,94,90,244,151,334,147,338,485
209825,12,9,1,0,3,8,22,3,30,8,25,33
209922,12,9,1,0,0,2,1,0,3,2,1,3
210234,12,9,1,4,5,7,21,9,28,11,26,37
210270,12,9,1,6,8,20,78,14,98,26,86,112
210401,12,9,1,11,5,0,4,16,4,11,9,20
210429,12,9,1,10,13,4,28,23,32,14,41,55
210605,12,9,1,12,21,109,186,33,295,121,207,328
210739,12,9,1,8,13,21,46,21,67,29,59,88
210775,12,9,1,11,14,16,50,25,66,27,64,91
211088,12,9,1,0,1,13,55,1,68,13,56,69
211130,12,9,1,7,19,12,7,26,19,19,26,45
211307,12,9,1,4,1,29,74,5,103,33,75,108
211316,12,9,1,0,2,0,2,2,2,0,4,4
211343,12,9,1,1,2,12,28,3,40,13,30,43
211352,12,9,1,0,4,14,33,4,47,14,37,51
211431,12,9,1,2,14,7,77,16,84,9,91,100
211440,12,9,1,9,12,24,13,21,37,33,25,58
211556,12,9,1,5,16,5,32,21,37,10,48,58
211583,12,9,1,3,16,7,35,19,42,10,51,61
211608,12,9,1,0,3,2,7,3,9,2,10,12
211927,12,9,1,5,9,44,157,14,201,49,166,215
212045,12,9,1,2,3,0,1,5,1,2,4,6
212054,12,9,1,9,20,142,281,29,423,151,301,452
212106,12,9,1,28,57,4,19,85,23,32,76,108
212115,12,9,1,3,5,15,59,8,74,18,64,82
212133,12,9,1,50,67,196,295,117,491,246,362,608
212197,12,9,1,1,2,11,26,3,37,12,28,40
212230,12,9,1,0,1,0,0,1,0,0,1,1
212276,12,9,1,0,0,0,1,0,1,0,1,1
212294,12,9,1,0,0,0,1,0,1,0,1,1
212300,12,9,1,0,1,0,0,1,0,0,1,1
212328,12,9,1,0,1,0,0,1,0,0,1,1
212337,12,9,1,0,1,0,0,1,0,0,1,1
212601,12,9,1,6,2,12,30,8,42,18,32,50
212674,12,9,1,0,1,54,60,1,114,54,61,115
212771,12,9,1,2,11,6,27,13,33,8,38,46
212805,12,9,1,0,0,0,1,0,1,0,1,1
212869,12,9,1,1,20,1,20,21,21,2,40,42
212878,12,9,1,16,13,66,176,29,242,82,189,271
212984,12,9,1,2,8,18,43,10,61,20,51,71
213011,12,9,1,1,5,22,112,6,134,23,117,140
213020,12,9,1,6,7,109,118,13,227,115,125,240
213181,12,9,1,0,2,0,1,2,1,0,3,3
213251,12,9,1,0,1,5,0,1,5,5,1,6
213321,12,9,1,0,1,4,24,1,28,4,25,29
213349,12,9,1,3,5,23,76,8,99,26,81,107
213367,12,9,1,1,7,18,58,8,76,19,65,84
213376,12,9,1,5,10,2,10,15,12,7,20,27
213385,12,9,1,0,0,0,2,0,2,0,2,2
213446,12,9,1,7,11,6,8,18,14,13,19,32
213507,12,9,1,0,3,10,17,3,27,10,20,30
213525,12,9,1,1,5,26,86,6,112,27,91,118
213570,12,9,1,3,18,0,0,21,0,3,18,21
213589,12,9,1,5,0,1,0,5,1,6,0,6
213598,12,9,1,5,16,11,16,21,27,16,32,48
213659,12,9,1,6,9,20,60,15,80,26,69,95
213668,12,9,1,0,0,0,2,0,2,0,2,2
213774,12,9,1,0,2,1,3,2,4,1,5,6
213987,12,9,1,3,6,10,10,9,20,13,16,29
213996,12,9,1,3,5,12,29,8,41,15,34,49
214041,12,9,1,8,7,22,73,15,95,30,80,110
214111,12,9,1,1,10,48,132,11,180,49,142,191
214148,12,9,1,0,2,0,2,2,2,0,4,4
214157,12,9,1,2,2,14,38,4,52,16,40,56
214175,12,9,1,3,6,3,3,9,6,6,9,15
214272,12,9,1,2,2,20,46,4,66,22,48,70
214379,12,9,1,7,11,43,168,18,211,50,179,229
214564,12,9,1,4,2,2,5,6,7,6,7,13
214591,12,9,1,0,0,2,3,0,5,2,3,5
214607,12,9,1,1,0,6,4,1,10,7,4,11
214625,12,9,1,0,0,0,1,0,1,0,1,1
214634,12,9,1,0,0,1,3,0,4,1,3,4
214643,12,9,1,0,0,3,2,0,5,3,2,5
214652,12,9,1,0,0,0,2,0,2,0,2,2
214670,12,9,1,0,1,0,2,1,2,0,3,3
214689,12,9,1,1,3,1,1,4,2,2,4,6
214704,12,9,1,0,1,2,4,1,6,2,5,7
214713,12,9,1,3,6,10,22,9,32,13,28,41
214731,12,9,1,0,0,1,2,0,3,1,2,3
214740,12,9,1,0,1,1,0,1,1,1,1,2
214759,12,9,1,0,0,0,1,0,1,0,1,1
214768,12,9,1,0,0,1,0,0,1,1,0,1
214777,12,9,1,14,19,57,40,33,97,71,59,130
214786,12,9,1,0,0,0,1,0,1,0,1,1
214795,12,9,1,1,0,2,3,1,5,3,3,6
214801,12,9,1,0,0,1,3,0,4,1,3,4
214810,12,9,1,0,0,1,1,0,2,1,1,2
214829,12,9,1,0,0,5,2,0,7,5,2,7
214883,12,9,1,3,17,24,112,20,136,27,129,156
215053,12,9,1,0,0,2,0,0,2,2,0,2
215062,12,9,1,46,73,93,154,119,247,139,227,366
215105,12,9,1,2,1,2,7,3,9,4,8,12
215123,12,9,1,7,22,0,2,29,2,7,24,31
215239,12,9,1,11,18,83,194,29,277,94,212,306
215266,12,9,1,0,0,0,2,0,2,0,2,2
215284,12,9,1,1,0,1,2,1,3,2,2,4
215293,12,9,1,23,43,31,114,66,145,54,157,211
215309,12,9,1,0,0,0,1,0,1,0,1,1
215381,12,9,1,4,0,0,0,4,0,4,0,4
215424,12,9,1,35,31,6,8,66,14,41,39,80
215442,12,9,1,5,9,26,68,14,94,31,77,108
215585,12,9,1,4,4,20,68,8,88,24,72,96
215655,12,9,1,10,3,30,37,13,67,40,40,80
215743,12,9,1,0,0,12,34,0,46,12,34,46
215798,12,9,1,1,0,1,3,1,4,2,3,5
215929,12,9,1,3,5,35,33,8,68,38,38,76
216010,12,9,1,7,3,14,30,10,44,21,33,54
216038,12,9,1,4,6,13,59,10,72,17,65,82
216339,12,9,1,50,73,94,184,123,278,144,257,401
216357,12,9,1,0,0,0,1,0,1,0,1,1
216366,12,9,1,6,23,43,108,29,151,49,131,180
216524,12,9,1,0,0,0,1,0,1,0,1,1
216542,12,9,1,0,0,6,8,0,14,6,8,14
216597,12,9,1,13,38,71,95,51,166,84,133,217
216694,12,9,1,2,9,7,19,11,26,9,28,37
216746,12,9,1,1,0,0,0,1,0,1,0,1
216764,12,9,1,9,27,50,134,36,184,59,161,220
216825,12,9,1,2,11,14,51,13,65,16,62,78
216852,12,9,1,14,32,25,112,46,137,39,144,183
216931,12,9,1,8,31,60,301,39,361,68,332,400
217013,12,9,1,0,7,8,61,7,69,8,68,76
217059,12,9,1,1,7,3,12,8,15,4,19,23
217156,12,9,1,13,11,4,6,24,10,17,17,34
217165,12,9,1,0,0,8,5,0,13,8,5,13
217235,12,9,1,9,7,4,11,16,15,13,18,31
217305,12,9,1,6,9,3,8,15,11,9,17,26
217323,12,9,1,24,0,0,0,24,0,24,0,24
217402,12,9,1,4,1,16,36,5,52,20,37,57
217420,12,9,1,9,25,38,101,34,139,47,126,173
217493,12,9,1,0,2,0,0,2,0,0,2,2
217518,12,9,1,3,1,28,8,4,36,31,9,40
217536,12,9,1,0,3,40,62,3,102,40,65,105
217581,12,9,1,0,0,0,1,0,1,0,1,1
217633,12,9,1,39,34,30,16,73,46,69,50,119
217688,12,9,1,3,4,19,44,7,63,22,48,70
217712,12,9,1,3,7,16,47,10,63,19,54,73
217721,12,9,1,7,4,0,0,11,0,7,4,11
217749,12,9,1,1,6,38,45,7,83,39,51,90
217819,12,9,1,3,7,26,146,10,172,29,153,182
217864,12,9,1,3,5,62,41,8,103,65,46,111
217873,12,9,1,11,25,10,10,36,20,21,35,56
217882,12,9,1,12,15,80,156,27,236,92,171,263
217891,12,9,1,8,12,0,1,20,1,8,13,21
217907,12,9,1,5,5,1,6,10,7,6,11,17
217925,12,9,1,13,12,151,153,25,304,164,165,329
217934,12,9,1,5,22,10,56,27,66,15,78,93
217961,12,9,1,1,10,7,52,11,59,8,62,70
217989,12,9,1,1,2,4,5,3,9,5,7,12
218025,12,9,1,5,12,13,36,17,49,18,48,66
218061,12,9,1,3,4,10,38,7,48,13,42,55
218113,12,9,1,22,33,67,125,55,192,89,158,247
218140,12,9,1,25,32,25,146,57,171,50,178,228
218229,12,9,1,0,10,12,53,10,65,12,63,75
218335,12,9,1,7,20,5,16,27,21,12,36,48
218353,12,9,1,17,32,35,141,49,176,52,173,225
218399,12,9,1,4,4,1,0,8,1,5,4,9
218414,12,9,1,0,3,0,2,3,2,0,5,5
218441,12,9,1,13,12,9,9,25,18,22,21,43
218487,12,9,1,3,5,5,37,8,42,8,42,50
218520,12,9,1,19,28,38,121,47,159,57,149,206
218539,12,9,1,0,1,0,0,1,0,0,1,1
218645,12,9,1,6,12,23,79,18,102,29,91,120
218654,12,9,1,3,7,4,21,10,25,7,28,35
218663,12,9,1,26,56,91,211,82,302,117,267,384
218672,12,9,1,0,2,3,9,2,12,3,11,14
218681,12,9,1,1,1,3,19,2,22,4,20,24
218690,12,9,1,0,1,2,7,1,9,2,8,10
218706,12,9,1,0,1,3,0,1,3,3,1,4
218724,12,9,1,10,7,24,42,17,66,34,49,83
218733,12,9,1,10,11,11,32,21,43,21,43,64
218742,12,9,1,2,11,19,45,13,64,21,56,77
218751,12,9,1,1,0,0,0,1,0,1,0,1
218821,12,9,1,1,3,1,1,4,2,2,4,6
218830,12,9,1,13,20,29,91,33,120,42,111,153
218885,12,9,1,4,3,19,27,7,46,23,30,53
218919,12,9,1,3,15,0,1,18,1,3,16,19
218991,12,9,1,5,12,22,54,17,76,27,66,93
219082,12,9,1,4,0,37,19,4,56,41,19,60
219189,12,9,1,2,3,7,8,5,15,9,11,20
219198,12,9,1,1,1,6,4,2,10,7,5,12
219204,12,9,1,10,12,47,49,22,96,57,61,118
219259,12,9,1,3,3,15,60,6,75,18,63,81
219277,12,9,1,2,18,20,43,20,63,22,61,83
219347,12,9,1,4,0,10,4,4,14,14,4,18
219426,12,9,1,5,5,4,15,10,19,9,20,29
219471,12,9,1,9,9,45,110,18,155,54,119,173
219480,12,9,1,5,3,3,4,8,7,8,7,15
219602,12,9,1,18,27,36,61,45,97,54,88,142
219639,12,9,1,0,3,2,15,3,17,2,18,20
219806,12,9,1,1,4,16,86,5,102,17,90,107
219824,12,9,1,4,22,23,49,26,72,27,71,98
219833,12,9,1,1,7,6,12,8,18,7,19,26
219879,12,9,1,4,5,16,24,9,40,20,29,49
219888,12,9,1,2,11,19,44,13,63,21,55,76
219921,12,9,1,0,0,1,1,0,2,1,1,2
219994,12,9,1,15,7,3,0,22,3,18,7,25
220057,12,9,1,9,6,7,38,15,45,16,44,60
220075,12,9,1,16,42,56,149,58,205,72,191,263
220127,12,9,1,4,5,3,0,9,3,7,5,12
220215,12,9,1,2,4,16,45,6,61,18,49,67
220251,12,9,1,1,2,2,1,3,3,3,3,6
220279,12,9,1,3,2,0,0,5,0,3,2,5
220321,12,9,1,2,1,1,3,3,4,3,4,7
220394,12,9,1,5,1,1,0,6,1,6,1,7
220400,12,9,1,1,4,12,34,5,46,13,38,51
220473,12,9,1,13,11,22,19,24,41,35,30,65
220516,12,9,1,9,24,2,12,33,14,11,36,47
220598,12,9,1,8,2,0,0,10,0,8,2,10
220604,12,9,1,10,12,2,8,22,10,12,20,32
220701,12,9,1,0,3,2,2,3,4,2,5,7
220710,12,9,1,1,4,0,0,5,0,1,4,5
220792,12,9,1,1,2,0,0,3,0,1,2,3
220862,12,9,1,19,58,113,332,77,445,132,390,522
220978,12,9,1,19,34,99,218,53,317,118,252,370
221050,12,9,1,13,6,2,1,19,3,15,7,22
221096,12,9,1,7,9,23,49,16,72,30,58,88
221148,12,9,1,11,0,0,0,11,0,11,0,11
221184,12,9,1,7,17,40,121,24,161,47,138,185
221333,12,9,1,0,2,3,0,2,3,3,2,5
221397,12,9,1,5,5,22,55,10,77,27,60,87
221430,12,9,1,4,2,3,0,6,3,7,2,9
221485,12,9,1,5,17,31,132,22,163,36,149,185
221494,12,9,1,8,3,0,2,11,2,8,5,13
221519,12,9,1,3,4,5,1,7,6,8,5,13
221582,12,9,1,2,0,1,0,2,1,3,0,3
221607,12,9,1,0,3,2,0,3,2,2,3,5
221625,12,9,1,10,7,0,0,17,0,10,7,17
221643,12,9,1,8,11,33,79,19,112,41,90,131
221740,12,9,1,1,13,49,68,14,117,50,81,131
221759,12,9,1,34,35,58,116,69,174,92,151,243
221768,12,9,1,6,26,31,59,32,90,37,85,122
221838,12,9,1,9,28,53,150,37,203,62,178,240
221847,12,9,1,6,17,30,65,23,95,36,82,118
221908,12,9,1,9,12,56,52,21,108,65,64,129
221999,12,9,1,35,55,53,86,90,139,88,141,229
222053,12,9,1,7,18,34,88,25,122,41,106,147
222062,12,9,1,8,10,11,39,18,50,19,49,68
222178,12,9,1,3,4,74,186,7,260,77,190,267
222576,12,9,1,19,30,27,65,49,92,46,95,141
222822,12,9,1,4,8,11,20,12,31,15,28,43
222831,12,9,1,12,31,22,50,43,72,34,81,115
222877,12,9,1,1,1,0,0,2,0,1,1,2
222992,12,9,1,35,40,245,490,75,735,280,530,810
223232,12,9,1,45,75,55,135,120,190,100,210,310
223320,12,9,1,4,8,3,20,12,23,7,28,35
223506,12,9,1,1,0,25,38,1,63,26,38,64
223816,12,9,1,2,11,103,145,13,248,105,156,261
223922,12,9,1,0,2,9,6,2,15,9,8,17
224147,12,9,1,6,5,67,154,11,221,73,159,232
224156,12,9,1,0,2,0,3,2,3,0,5,5
224323,12,9,1,6,4,24,37,10,61,30,41,71
224527,12,9,1,0,0,6,9,0,15,6,9,15
224554,12,9,1,69,105,149,259,174,408,218,364,582
224615,12,9,1,55,71,305,597,126,902,360,668,1028
224642,12,9,1,14,13,57,119,27,176,71,132,203
224891,12,9,1,3,3,2,4,6,6,5,7,12
224961,12,9,1,4,1,7,23,5,30,11,24,35
225247,12,9,1,5,4,8,6,9,14,13,10,23
225399,12,9,1,6,13,55,160,19,215,61,173,234
225414,12,9,1,15,38,56,125,53,181,71,163,234
225432,12,9,1,19,43,111,235,62,346,130,278,408
225511,12,9,1,47,69,94,114,116,208,141,183,324
225548,12,9,1,2,2,3,7,4,10,5,9,14
225885,12,9,1,5,10,2,6,15,8,7,16,23
226116,12,9,1,1,5,4,24,6,28,5,29,34
226134,12,9,1,4,1,14,32,5,46,18,33,51
226204,12,9,1,15,4,137,49,19,186,152,53,205
226277,12,9,1,22,0,0,0,22,0,22,0,22
226383,12,9,1,1,4,4,26,5,30,5,30,35
226408,12,9,1,7,4,12,39,11,51,19,43,62
226471,12,9,1,4,9,8,24,13,32,12,33,45
226578,12,9,1,6,10,24,84,16,108,30,94,124
226587,12,9,1,4,4,2,3,8,5,6,7,13
226675,12,9,1,1,0,0,0,1,0,1,0,1
227146,12,9,1,3,11,9,30,14,39,12,41,53
227182,12,9,1,53,88,214,598,141,812,267,686,953
227216,12,9,1,30,56,122,244,86,366,152,300,452
227331,12,9,1,28,80,5,24,108,29,33,104,137
227368,12,9,1,18,38,90,217,56,307,108,255,363
227377,12,9,1,4,6,10,17,10,27,14,23,37
227386,12,9,1,5,7,5,23,12,28,10,30,40
227401,12,9,1,10,16,6,28,26,34,16,44,60
227526,12,9,1,7,21,11,42,28,53,18,63,81
227757,12,9,1,21,16,20,12,37,32,41,28,69
227845,12,9,1,3,6,23,46,9,69,26,52,78
227863,12,9,1,15,41,156,103,56,259,171,144,315
227881,12,9,1,13,36,86,231,49,317,99,267,366
227979,12,9,1,11,28,68,201,39,269,79,229,308
228042,12,9,1,4,11,0,7,15,7,4,18,22
228149,12,9,1,9,8,18,27,17,45,27,35,62
228158,12,9,1,12,27,21,45,39,66,33,72,105
228194,12,9,1,1,2,3,3,3,6,4,5,9
228246,12,9,1,22,29,71,119,51,190,93,148,241
228343,12,9,1,0,0,0,2,0,2,0,2,2
228431,12,9,1,10,31,31,73,41,104,41,104,145
228459,12,9,1,23,56,68,157,79,225,91,213,304
228501,12,9,1,4,6,17,37,10,54,21,43,64
228529,12,9,1,14,32,80,168,46,248,94,200,294
228547,12,9,1,26,31,184,432,57,616,210,463,673
228635,12,9,1,0,3,1,2,3,3,1,5,6
228644,12,9,1,4,9,10,18,13,28,14,27,41
228653,12,9,1,4,8,17,60,12,77,21,68,89
228699,12,9,1,4,10,9,33,14,42,13,43,56
228705,12,9,1,6,14,19,35,20,54,25,49,74
228723,12,9,1,81,48,202,188,129,390,283,236,519
228769,12,9,1,47,123,245,958,170,1203,292,1081,1373
228778,12,9,1,30,38,21,29,68,50,51,67,118
228787,12,9,1,19,17,95,107,36,202,114,124,238
228796,12,9,1,25,31,89,158,56,247,114,189,303
228802,12,9,1,16,42,68,178,58,246,84,220,304
228875,12,9,1,19,30,6,10,49,16,25,40,65
228909,12,9,1,1,9,2,7,10,9,3,16,19
229018,12,9,1,23,33,51,101,56,152,74,134,208
229027,12,9,1,40,57,128,163,97,291,168,220,388
229063,12,9,1,17,38,31,61,55,92,48,99,147
229115,12,9,1,45,54,99,255,99,354,144,309,453
229179,12,9,1,5,66,33,352,71,385,38,418,456
229267,12,9,1,1,0,1,3,1,4,2,3,5
229337,12,9,1,11,33,30,86,44,116,41,119,160
229355,12,9,1,9,13,18,63,22,81,27,76,103
229504,12,9,1,5,0,9,16,5,25,14,16,30
229780,12,9,1,47,61,99,104,108,203,146,165,311
229799,12,9,1,4,11,10,46,15,56,14,57,71
229814,12,9,1,6,28,98,121,34,219,104,149,253
229841,12,9,1,0,1,6,34,1,40,6,35,41
229887,12,9,1,7,13,1,5,20,6,8,18,26
230038,12,9,1,13,36,21,105,49,126,34,141,175
230047,12,9,1,0,3,4,1,3,5,4,4,8
230162,12,9,1,13,4,27,7,17,34,40,11,51
230171,12,9,1,3,13,20,48,16,68,23,61,84
230214,12,9,1,0,0,2,0,0,2,2,0,2
230597,12,9,1,2,3,12,16,5,28,14,19,33
230603,12,9,1,17,35,104,356,52,460,121,391,512
230676,12,9,1,4,8,6,7,12,13,10,15,25
230728,12,9,1,18,66,58,164,84,222,76,230,306
230746,12,9,1,14,20,90,206,34,296,104,226,330
230764,12,9,1,42,88,90,143,130,233,132,231,363
230782,12,9,1,20,58,94,157,78,251,114,215,329
230807,12,9,1,0,4,1,5,4,6,1,9,10
230816,12,9,1,2,18,9,2,20,11,11,20,31
230834,12,9,1,0,3,36,116,3,152,36,119,155
230852,12,9,1,18,19,92,83,37,175,110,102,212
230861,12,9,1,2,7,51,205,9,256,53,212,265
230913,12,9,1,2,11,17,45,13,62,19,56,75
230959,12,9,1,0,0,0,24,0,24,0,24,24
231059,12,9,1,0,0,4,15,0,19,4,15,19
231095,12,9,1,0,1,1,0,1,1,1,1,2
231165,12,9,1,3,11,11,21,14,32,14,32,46
231174,12,9,1,2,13,19,73,15,92,21,86,107
231280,12,9,1,0,1,0,0,1,0,0,1,1
231411,12,9,1,11,6,0,0,17,0,11,6,17
231420,12,9,1,4,10,9,33,14,42,13,43,56
231536,12,9,1,1,6,13,27,7,40,14,33,47
231581,12,9,1,0,2,0,2,2,2,0,4,4
231624,12,9,1,13,18,35,73,31,108,48,91,139
231697,12,9,1,1,1,14,42,2,56,15,43,58
231712,12,9,1,0,1,0,1,1,1,0,2,2
231785,12,9,1,9,23,7,23,32,30,16,46,62
231873,12,9,1,1,3,1,9,4,10,2,12,14
231882,12,9,1,5,7,13,20,12,33,18,27,45
232025,12,9,1,1,1,0,0,2,0,1,1,2
232043,12,9,1,9,8,5,67,17,72,14,75,89
232052,12,9,1,0,3,2,3,3,5,2,6,8
232089,12,9,1,0,0,0,2,0,2,0,2,2
232186,12,9,1,80,90,288,513,170,801,368,603,971
232195,12,9,1,5,13,28,83,18,111,33,96,129
232308,12,9,1,0,0,6,16,0,22,6,16,22
232414,12,9,1,5,18,64,134,23,198,69,152,221
232450,12,9,1,6,10,46,98,16,144,52,108,160
232557,12,9,1,2086,2853,2843,4156,4939,6999,4929,7009,11938
232566,12,9,1,7,8,32,89,15,121,39,97,136
232575,12,9,1,1,4,11,55,5,66,12,59,71
232609,12,9,1,18,18,11,25,36,36,29,43,72
232706,12,9,1,13,9,59,118,22,177,72,127,199
232788,12,9,1,1,3,14,25,4,39,15,28,43
232867,12,9,1,1,6,16,25,7,41,17,31,48
232946,12,9,1,32,55,351,564,87,915,383,619,1002
232982,12,9,1,34,68,203,359,102,562,237,427,664
233019,12,9,1,5,7,7,12,12,19,12,19,31
233037,12,9,1,2,7,8,23,9,31,10,30,40
233116,12,9,1,7,1,35,69,8,104,42,70,112
233277,12,9,1,1,12,21,169,13,190,22,181,203
233286,12,9,1,0,2,0,0,2,0,0,2,2
233310,12,9,1,3,3,6,39,6,45,9,42,51
233338,12,9,1,0,1,0,2,1,2,0,3,3
233374,12,9,1,2,0,14,42,2,56,16,42,58
233426,12,9,1,0,0,1,1,0,2,1,1,2
233541,12,9,1,5,11,37,138,16,175,42,149,191
233611,12,9,1,0,0,1,2,0,3,1,2,3
233639,12,9,1,4,8,24,47,12,71,28,55,83
233648,12,9,1,3,9,6,31,12,37,9,40,49
233718,12,9,1,0,0,0,1,0,1,0,1,1
233754,12,9,1,6,16,43,87,22,130,49,103,152
233772,12,9,1,27,33,117,305,60,422,144,338,482
233903,12,9,1,5,7,10,19,12,29,15,26,41
233921,12,9,1,22,34,111,88,56,199,133,122,255
233949,12,9,1,6,8,49,66,14,115,55,74,129
234030,12,9,1,22,59,60,182,81,242,82,241,323
234076,12,9,1,67,30,116,218,97,334,183,248,431
234119,12,9,1,0,2,0,1,2,1,0,3,3
234155,12,9,1,6,27,14,36,33,50,20,63,83
234207,12,9,1,1,0,0,0,1,0,1,0,1
234377,12,9,1,1,4,29,22,5,51,30,26,56
234669,12,9,1,22,36,43,126,58,169,65,162,227
234696,12,9,1,16,18,12,10,34,22,28,28,56
234711,12,9,1,6,4,20,21,10,41,26,25,51
234827,12,9,1,8,33,23,65,41,88,31,98,129
234845,12,9,1,14,22,24,58,36,82,38,80,118
234924,12,9,1,0,1,0,0,1,0,0,1,1
234933,12,9,1,20,28,40,74,48,114,60,102,162
234951,12,9,1,35,34,39,99,69,138,74,133,207
234979,12,9,1,10,18,26,37,28,63,36,55,91
235024,12,9,1,0,0,0,1,0,1,0,1,1
235097,12,9,1,52,121,45,88,173,133,97,209,306
235103,12,9,1,28,47,74,116,75,190,102,163,265
235149,12,9,1,17,18,41,91,35,132,58,109,167
235237,12,9,1,19,30,152,260,49,412,171,290,461
235316,12,9,1,29,66,30,60,95,90,59,126,185
235334,12,9,1,12,15,23,25,27,48,35,40,75
235343,12,9,1,16,25,28,45,41,73,44,70,114
235431,12,9,1,6,22,21,101,28,122,27,123,150
235547,12,9,1,6,22,2,10,28,12,8,32,40
235671,12,9,1,28,64,58,58,92,116,86,122,208
235699,12,9,1,11,24,18,58,35,76,29,82,111
235750,12,9,1,13,17,13,47,30,60,26,64,90
236072,12,9,1,16,25,55,164,41,219,71,189,260
236188,12,9,1,30,46,41,61,76,102,71,107,178
236258,12,9,1,8,10,20,53,18,73,28,63,91
236328,12,9,1,1,0,2,2,1,4,3,2,5
236382,12,9,1,20,18,69,24,38,93,89,42,131
236452,12,9,1,7,1,16,21,8,37,23,22,45
236504,12,9,1,12,2,66,29,14,95,78,31,109
236513,12,9,1,20,37,14,26,57,40,34,63,97
236577,12,9,1,4,10,6,28,14,34,10,38,48
236595,12,9,1,11,34,18,51,45,69,29,85,114
236610,12,9,1,14,12,30,47,26,77,44,59,103
236638,12,9,1,17,21,31,60,38,91,48,81,129
236656,12,9,1,19,28,14,43,47,57,33,71,104
236692,12,9,1,36,47,36,79,83,115,72,126,198
236708,12,9,1,10,30,12,40,40,52,22,70,92
236753,12,9,1,23,52,18,62,75,80,41,114,155
236887,12,9,1,22,28,61,19,50,80,83,47,130
236896,12,9,1,2,5,2,3,7,5,4,8,12
236939,12,9,1,36,48,89,138,84,227,125,186,311
236975,12,9,1,8,17,7,30,25,37,15,47,62
237011,12,9,1,15,24,14,25,39,39,29,49,78
237039,12,9,1,15,8,9,34,23,43,24,42,66
237057,12,9,1,0,0,0,2,0,2,0,2,2
237066,12,9,1,5,2,4,14,7,18,9,16,25
237109,12,9,1,5,14,3,24,19,27,8,38,46
237118,12,9,1,0,0,0,1,0,1,0,1,1
237312,12,9,1,60,34,37,16,94,53,97,50,147
237321,12,9,1,0,2,0,0,2,0,0,2,2
237330,12,9,1,3,12,6,18,15,24,9,30,39
237358,12,9,1,1,2,0,1,3,1,1,3,4
237367,12,9,1,4,11,10,21,15,31,14,32,46
237385,12,9,1,6,5,25,4,11,29,31,9,40
237525,12,9,1,19,39,49,104,58,153,68,143,211
237686,12,9,1,7,4,13,26,11,39,20,30,50
237701,12,9,1,2,1,0,0,3,0,2,1,3
237792,12,9,1,5,27,26,62,32,88,31,89,120
237817,12,9,1,0,6,3,10,6,13,3,16,19
237899,12,9,1,4,13,4,17,17,21,8,30,38
237950,12,9,1,2,1,1,5,3,6,3,6,9
237969,12,9,1,0,2,0,3,2,3,0,5,5
238014,12,9,1,4,11,3,10,15,13,7,21,28
238032,12,9,1,16,21,64,85,37,149,80,106,186
238175,12,9,1,0,1,0,0,1,0,0,1,1
238193,12,9,1,7,38,6,37,45,43,13,75,88
238263,12,9,1,18,8,100,170,26,270,118,178,296
238397,12,9,1,9,12,27,39,21,66,36,51,87
238430,12,9,1,3,9,12,73,12,85,15,82,97
238458,12,9,1,1,4,2,8,5,10,3,12,15
238722,12,9,1,13,11,137,94,24,231,150,105,255
238759,12,9,1,9,5,78,126,14,204,87,131,218
239008,12,9,1,3,1,27,44,4,71,30,45,75
239071,12,9,1,3,1,16,29,4,45,19,30,49
239105,12,9,1,5,9,18,38,14,56,23,47,70
239169,12,9,1,1,0,2,4,1,6,3,4,7
239248,12,9,1,22,34,137,242,56,379,159,276,435
239309,12,9,1,0,1,0,0,1,0,0,1,1
239318,12,9,1,0,1,4,0,1,4,4,1,5
239372,12,9,1,7,13,16,52,20,68,23,65,88
239442,12,9,1,1,3,6,25,4,31,7,28,35
239488,12,9,1,12,26,72,135,38,207,84,161,245
239512,12,9,1,0,0,0,1,0,1,0,1,1
239716,12,9,1,0,1,3,6,1,9,3,7,10
239877,12,9,1,0,0,0,1,0,1,0,1,1
240107,12,9,1,16,53,17,82,69,99,33,135,168
240170,12,9,1,5,10,28,49,15,77,33,59,92
240189,12,9,1,12,24,41,71,36,112,53,95,148
240198,12,9,1,6,9,26,56,15,82,32,65,97
240268,12,9,1,3,1,28,18,4,46,31,19,50
240277,12,9,1,7,11,39,60,18,99,46,71,117
240329,12,9,1,0,5,17,20,5,37,17,25,42
240338,12,9,1,0,0,0,3,0,3,0,3,3
240365,12,9,1,2,13,32,51,15,83,34,64,98
240374,12,9,1,8,8,22,32,16,54,30,40,70
240417,12,9,1,1,8,57,84,9,141,58,92,150
240426,12,9,1,3,11,12,37,14,49,15,48,63
240444,12,9,1,38,44,59,78,82,137,97,122,219
240453,12,9,1,27,57,64,134,84,198,91,191,282
240462,12,9,1,1,4,44,14,5,58,45,18,63
240471,12,9,1,2,3,5,18,5,23,7,21,28
240480,12,9,1,3,7,17,47,10,64,20,54,74
240505,12,9,1,6,13,25,36,19,61,31,49,80
240514,12,9,1,2,9,17,34,11,51,19,43,62
240596,12,9,1,3,3,4,13,6,17,7,16,23
240620,12,9,1,11,14,14,37,25,51,25,51,76
240657,12,9,1,2,5,7,10,7,17,9,15,24
240666,12,9,1,3,5,46,32,8,78,49,37,86
240727,12,9,1,14,25,59,103,39,162,73,128,201
240745,12,9,1,9,0,14,19,9,33,23,19,42
240790,12,9,1,2,1,1,4,3,5,3,5,8
241182,12,9,1,2,8,0,0,10,0,2,8,10
241191,12,9,1,6,9,4,1,15,5,10,10,20
241225,12,9,1,5,7,7,12,12,19,12,19,31
241331,12,9,1,10,35,1,7,45,8,11,42,53
241377,12,9,1,5,23,12,25,28,37,17,48,65
241386,12,9,1,2,7,0,1,9,1,2,8,10
241395,12,9,1,1,8,8,15,9,23,9,23,32
241410,12,9,1,28,34,30,56,62,86,58,90,148
241720,12,9,1,8,11,9,4,19,13,17,15,32
241739,12,9,1,33,79,39,79,112,118,72,158,230
241766,12,9,1,1,0,2,0,1,2,3,0,3
241836,12,9,1,10,17,18,39,27,57,28,56,84
241951,12,9,1,2,1,1,0,3,1,3,1,4
242112,12,9,1,6,3,0,0,9,0,6,3,9
242130,12,9,1,2,3,0,1,5,1,2,4,6
242149,12,9,1,2,12,5,4,14,9,7,16,23
242617,12,9,1,21,13,14,32,34,46,35,45,80
242626,12,9,1,8,13,3,5,21,8,11,18,29
242635,12,9,1,4,26,3,16,30,19,7,42,49
242644,12,9,1,4,11,1,4,15,5,5,15,20
242653,12,9,1,10,24,64,92,34,156,74,116,190
242662,12,9,1,17,42,21,48,59,69,38,90,128
242680,12,9,1,3,9,5,7,12,12,8,16,24
242699,12,9,1,18,41,8,10,59,18,26,51,77
242705,12,9,1,5,9,2,3,14,5,7,12,19
242723,12,9,1,6,2,4,13,8,17,10,15,25
243106,12,9,1,0,0,2,1,0,3,2,1,3
243142,12,9,1,3,4,0,0,7,0,3,4,7
243179,12,9,1,0,3,1,0,3,1,1,3,4
243188,12,9,1,0,1,4,1,1,5,4,2,6
243203,12,9,1,8,25,3,5,33,8,11,30,41
243212,12,9,1,0,0,1,6,0,7,1,6,7
243221,12,9,1,52,71,42,53,123,95,94,124,218
243346,12,9,1,18,69,17,33,87,50,35,102,137
243443,12,9,1,4,12,18,41,16,59,22,53,75
243577,12,9,1,11,3,28,11,14,39,39,14,53
243586,12,9,1,3,2,0,6,5,6,3,8,11
243601,12,9,1,67,141,46,80,208,126,113,221,334
243638,12,9,1,3,3,4,9,6,13,7,12,19
243647,12,9,1,2,0,0,4,2,4,2,4,6
243744,12,9,1,10,15,41,15,25,56,51,30,81
243780,12,9,1,15,14,167,148,29,315,182,162,344
243832,12,9,1,23,41,20,47,64,67,43,88,131
243841,12,9,1,4,14,2,4,18,6,6,18,24
244437,12,9,1,4,21,58,171,25,229,62,192,254
244446,12,9,1,10,10,26,69,20,95,36,79,115
245281,12,9,1,3,1,0,0,4,0,3,1,4
245625,12,9,1,2,2,14,16,4,30,16,18,34
246789,12,9,1,6,3,12,4,9,16,18,7,25
246813,12,9,1,7,5,22,59,12,81,29,64,93
246895,12,9,1,4,7,1,2,11,3,5,9,14
247603,12,9,1,7,12,12,22,19,34,19,34,53
247834,12,9,1,34,51,127,319,85,446,161,370,531
247940,12,9,1,7,15,39,24,22,63,46,39,85
248925,12,9,1,4,3,7,1,7,8,11,4,15
248934,12,9,1,173,208,2,0,381,2,175,208,383
249238,12,9,1,0,0,0,1,0,1,0,1,1
251260,12,9,1,1,9,11,31,10,42,12,40,52
260813,12,9,1,1,1,0,0,2,0,1,1,2
260929,12,9,1,0,1,0,0,1,0,0,1,1
262031,12,9,1,3,3,22,42,6,64,25,45,70
262086,12,9,1,68,179,175,478,247,653,243,657,900
262129,12,9,1,0,1,0,0,1,0,0,1,1
262341,12,9,1,3,0,0,0,3,0,3,0,3
363165,12,9,1,7,5,3,2,12,5,10,7,17
363633,12,9,1,0,2,30,19,2,49,30,21,51
363907,12,9,1,8,5,7,14,13,21,15,19,34
363916,12,9,1,0,2,2,5,2,7,2,7,9
364016,12,9,1,0,7,67,190,7,257,67,197,264
364025,12,9,1,5,5,68,132,10,200,73,137,210
364636,12,9,1,0,2,0,2,2,2,0,4,4
365198,12,9,1,0,2,2,2,2,4,2,4,6
365480,12,9,1,1,1,1,3,2,4,2,4,6
366003,12,9,1,5,11,19,14,16,33,24,25,49
366252,12,9,1,3,1,18,20,4,38,21,21,42
366395,12,9,1,9,26,40,119,35,159,49,145,194
366401,12,9,1,2,7,68,168,9,236,70,175,245
366465,12,9,1,4,2,8,21,6,29,12,23,35
366711,12,9,1,22,38,12,29,60,41,34,67,101
367334,12,9,1,11,5,3,0,16,3,14,5,19
367459,12,9,1,4,4,23,52,8,75,27,56,83
367954,12,9,1,12,62,11,54,74,65,23,116,139
368230,12,9,1,0,1,0,1,1,1,0,2,2
368911,12,9,1,0,6,7,19,6,26,7,25,32
372356,12,9,1,0,1,0,0,1,0,0,1,1
374574,12,9,1,0,1,0,3,1,3,0,4,4
375106,12,9,1,6,1,2,0,7,2,8,1,9
375407,12,9,1,0,2,2,0,2,2,2,2,4
375416,12,9,1,1,0,0,0,1,0,1,0,1
375726,12,9,1,2,11,2,1,13,3,4,12,16
375984,12,9,1,0,2,0,1,2,1,0,3,3
376288,12,9,1,4,8,0,0,12,0,4,8,12
376385,12,9,1,6,4,0,0,10,0,6,4,10
376446,12,9,1,0,0,0,1,0,1,0,1,1
377218,12,9,1,1,0,0,0,1,0,1,0,1
377643,12,9,1,1,1,0,0,2,0,1,1,2
377722,12,9,1,1,7,0,0,8,0,1,7,8
379621,12,9,1,0,0,0,1,0,1,0,1,1
380359,12,9,1,1,12,1,32,13,33,2,44,46
382258,12,9,1,0,1,0,7,1,7,0,8,8
383190,12,9,1,10,8,15,35,18,50,25,43,68
383765,12,9,1,0,1,0,0,1,0,0,1,1
383996,12,9,1,3,0,9,21,3,30,12,21,33
384333,12,9,1,2,7,40,68,9,108,42,75,117
384342,12,9,1,1,7,25,57,8,82,26,64,90
385415,12,9,1,0,0,3,2,0,5,3,2,5
395362,12,9,1,1,5,11,31,6,42,12,36,48
399212,12,9,1,7,9,144,103,16,247,151,112,263
400187,12,9,1,7,21,2,14,28,16,9,35,44
401764,12,9,1,0,0,0,1,0,1,0,1,1
403469,12,9,1,1,1,121,63,2,184,122,64,186
403478,12,9,1,0,2,2,4,2,6,2,6,8
403487,12,9,1,0,0,5,31,0,36,5,31,36
404426,12,9,1,5,1,14,38,6,52,19,39,58
404684,12,9,1,0,2,0,0,2,0,0,2,2
405872,12,9,1,1,3,9,32,4,41,10,35,45
407461,12,9,1,0,1,0,0,1,0,0,1,1
407735,12,9,1,0,1,0,0,1,0,0,1,1
407832,12,9,1,0,1,0,3,1,3,0,4,4
408066,12,9,1,0,1,0,0,1,0,0,1,1
408844,12,9,1,16,49,16,38,65,54,32,87,119
409254,12,9,1,0,1,1,33,1,34,1,34,35
409591,12,9,1,0,0,1,0,0,1,1,0,1
409698,12,9,1,14,27,13,35,41,48,27,62,89
412544,12,9,1,0,1,0,0,1,0,0,1,1
413617,12,9,1,0,4,3,20,4,23,3,24,27
414878,12,9,1,5,2,10,5,7,15,15,7,22
414911,12,9,1,2,8,3,8,10,11,5,16,21
414966,12,9,1,1,5,14,20,6,34,15,25,40
415039,12,9,1,0,0,0,1,0,1,0,1,1
416801,12,9,1,1,5,1,1,6,2,2,6,8
417716,12,9,1,1,2,0,0,3,0,1,2,3
417734,12,9,1,1,1,0,1,2,1,1,2,3
417840,12,9,1,1,9,0,0,10,0,1,9,10
417910,12,9,1,1,9,0,0,10,0,1,9,10
418029,12,9,1,1,2,0,0,3,0,1,2,3
418065,12,9,1,0,7,0,4,7,4,0,11,11
418083,12,9,1,1,8,0,0,9,0,1,8,9
418533,12,9,1,0,2,0,0,2,0,0,2,2
419031,12,9,1,0,1,0,0,1,0,0,1,1
420042,12,9,1,2,2,0,0,4,0,2,2,4
420130,12,9,1,1,12,0,0,13,0,1,12,13
420246,12,9,1,5,27,2,1,32,3,7,28,35
420343,12,9,1,5,0,6,0,5,6,11,0,11
420431,12,9,1,9,7,14,40,16,54,23,47,70
420440,12,9,1,1,4,5,21,5,26,6,25,31
420538,12,9,1,3,7,4,21,10,25,7,28,35
420556,12,9,1,0,1,0,6,1,6,0,7,7
421717,12,9,1,1,0,0,0,1,0,1,0,1
423643,12,9,1,1,2,0,3,3,3,1,5,6
423652,12,9,1,1,2,6,10,3,16,7,12,19
426314,12,9,1,116,29,230,53,145,283,346,82,428
428055,12,9,1,0,5,0,0,5,0,0,5,5
430403,12,9,1,1,5,0,0,6,0,1,5,6
430564,12,9,1,0,2,1,2,2,3,1,4,5
431275,12,9,1,0,0,0,1,0,1,0,1,1
433101,12,9,1,1,5,1,6,6,7,2,11,13
433387,12,9,1,3926,9967,0,0,13893,0,3926,9967,13893
433420,12,9,1,3,0,0,0,3,0,3,0,3
433660,12,9,1,8,15,2,5,23,7,10,20,30
434061,12,9,1,16,20,10,52,36,62,26,72,98
434159,12,9,1,14,3,0,0,17,0,14,3,17
434584,12,9,1,0,0,2,4,0,6,2,4,6
434672,12,9,1,21,31,156,392,52,548,177,423,600
435000,12,9,1,1,0,2,7,1,9,3,7,10
436553,12,9,1,0,4,0,0,4,0,0,4,4
436818,12,9,1,0,1,0,1,1,1,0,2,2
436827,12,9,1,0,2,0,1,2,1,0,3,3
436836,12,9,1,0,1,0,3,1,3,0,4,4
437103,12,9,1,21,38,69,147,59,216,90,185,275
438586,12,9,1,23,58,10,14,81,24,33,72,105
438708,12,9,1,1,2,2,12,3,14,3,14,17
439190,12,9,1,0,1,7,4,1,11,7,5,12
439367,12,9,1,4,23,0,0,27,0,4,23,27
440031,12,9,1,1,0,2,1,1,3,3,1,4
440101,12,9,1,0,1,1,0,1,1,1,1,2
440271,12,9,1,1,0,0,0,1,0,1,0,1
440828,12,9,1,1,10,2,12,11,14,3,22,25
441131,12,9,1,1,8,1,10,9,11,2,18,20
441371,12,9,1,14,343,0,0,357,0,14,343,357
441690,12,9,1,7,6,14,16,13,30,21,22,43
441760,12,9,1,13,12,12,30,25,42,25,42,67
441900,12,9,1,6,10,24,110,16,134,30,120,150
441937,12,9,1,4,21,8,36,25,44,12,57,69
442073,12,9,1,0,7,0,2,7,2,0,9,9
442240,12,9,1,0,1,0,0,1,0,0,1,1
442329,12,9,1,10,1,0,0,11,0,10,1,11
442356,12,9,1,3,9,6,55,12,61,9,64,73
442523,12,9,1,0,0,1,0,0,1,1,0,1
442930,12,9,1,0,3,0,0,3,0,0,3,3
443049,12,9,1,24,20,31,21,44,52,55,41,96
443058,12,9,1,12,20,14,26,32,40,26,46,72
443100,12,9,1,1,2,0,0,3,0,1,2,3
443331,12,9,1,2,14,1,3,16,4,3,17,20
443641,12,9,1,0,2,0,0,2,0,0,2,2
444219,12,9,1,9,9,139,186,18,325,148,195,343
444291,12,9,1,0,2,0,0,2,0,0,2,2
444307,12,9,1,0,2,0,0,2,0,0,2,2
444468,12,9,1,0,1,0,0,1,0,0,1,1
444486,12,9,1,0,4,0,0,4,0,0,4,4
444556,12,9,1,2,2,0,0,4,0,2,2,4
444565,12,9,1,2,3,3,7,5,10,5,10,15
444583,12,9,1,2,10,0,0,12,0,2,10,12
444787,12,9,1,8,62,5,31,70,36,13,93,106
445027,12,9,1,712,1128,50,159,1840,209,762,1287,2049
445133,12,9,1,5,6,3,3,11,6,8,9,17
445188,12,9,1,10,7,0,0,17,0,10,7,17
445212,12,9,1,1,0,0,0,1,0,1,0,1
445267,12,9,1,9,31,19,50,40,69,28,81,109
445708,12,9,1,2,0,1,0,2,1,3,0,3
445911,12,9,1,2,1,1,3,3,4,3,4,7
445948,12,9,1,15,66,0,0,81,0,15,66,81
446206,12,9,1,0,1,0,0,1,0,0,1,1
446233,12,9,1,0,0,0,2,0,2,0,2,2
446288,12,9,1,0,1,0,1,1,1,0,2,2
446774,12,9,1,10,7,245,564,17,809,255,571,826
447582,12,9,1,4,10,2,7,14,9,6,17,23
447689,12,9,1,3,18,14,47,21,61,17,65,82
447698,12,9,1,0,11,2,11,11,13,2,22,24
447759,12,9,1,1,3,0,4,4,4,1,7,8
447999,12,9,1,0,6,0,0,6,0,0,6,6
448026,12,9,1,0,1,0,0,1,0,0,1,1
448196,12,9,1,1,0,0,0,1,0,1,0,1
448220,12,9,1,0,3,0,0,3,0,0,3,3
448248,12,9,1,1,2,17,24,3,41,18,26,44
448594,12,9,1,5,11,16,16,16,32,21,27,48
448673,12,9,1,7,41,14,72,48,86,21,113,134
448798,12,9,1,0,2,0,0,2,0,0,2,2
449320,12,9,1,6,0,1,0,6,1,7,0,7
449357,12,9,1,0,4,0,0,4,0,0,4,4
449384,12,9,1,0,0,9,3,0,12,9,3,12
449472,12,9,1,0,1,0,0,1,0,0,1,1
449481,12,9,1,2,7,0,0,9,0,2,7,9
449889,12,9,1,307,1062,0,0,1369,0,307,1062,1369
449922,12,9,1,1,1,0,0,2,0,1,1,2
449959,12,9,1,1,1,0,1,2,1,1,2,3
449968,12,9,1,1,1,0,0,2,0,1,1,2
449977,12,9,1,0,1,0,1,1,1,0,2,2
449986,12,9,1,0,1,0,1,1,1,0,2,2
449995,12,9,1,0,1,0,1,1,1,0,2,2
450571,12,9,1,0,5,1,12,5,13,1,17,18
450614,12,9,1,0,2,0,1,2,1,0,3,3
450641,12,9,1,1,3,0,1,4,1,1,4,5
450720,12,9,1,0,0,0,1,0,1,0,1,1
450933,12,9,1,871,546,554,268,1417,822,1425,814,2239
451079,12,9,1,3,9,0,0,12,0,3,9,12
451121,12,9,1,0,0,1,2,0,3,1,2,3
451510,12,9,1,2,3,1,1,5,2,3,4,7
451565,12,9,1,0,1,1,0,1,1,1,1,2
451583,12,9,1,4,0,1,6,4,7,5,6,11
451714,12,9,1,0,2,0,1,2,1,0,3,3
451750,12,9,1,1,6,1,16,7,17,2,22,24
451857,12,9,1,0,1,0,0,1,0,0,1,1
451918,12,9,1,0,1,0,0,1,0,0,1,1
453297,12,9,1,0,0,0,5,0,5,0,5,5
454227,12,9,1,37,194,238,2780,231,3018,275,2974,3249
454236,12,9,1,0,1,0,11,1,11,0,12,12
454245,12,9,1,0,0,2,2,0,4,2,2,4
454698,12,9,1,2,1,0,0,3,0,2,1,3
454768,12,9,1,0,2,0,2,2,2,0,4,4
454777,12,9,1,0,2,0,0,2,0,0,2,2
454810,12,9,1,251,720,0,0,971,0,251,720,971
454926,12,9,1,0,1,0,0,1,0,0,1,1
454944,12,9,1,0,2,0,0,2,0,0,2,2
455026,12,9,1,0,0,1,0,0,1,1,0,1
455080,12,9,1,0,1,0,0,1,0,0,1,1
455114,12,9,1,13,12,20,64,25,84,33,76,109
455196,12,9,1,24,216,0,0,240,0,24,216,240
455284,12,9,1,0,1,0,0,1,0,0,1,1
455406,12,9,1,0,1,0,0,1,0,0,1,1
455512,12,9,1,3,8,14,69,11,83,17,77,94
455831,12,9,1,2,11,0,0,13,0,2,11,13
455868,12,9,1,1,3,0,0,4,0,1,3,4
455901,12,9,1,0,1,0,0,1,0,0,1,1
456029,12,9,1,1,2,0,1,3,1,1,3,4
456481,12,9,1,0,2,3,4,2,7,3,6,9
457129,12,9,1,0,1,4,14,1,18,4,15,19
457253,12,9,1,0,1,0,2,1,2,0,3,3
457299,12,9,1,1,28,0,3,29,3,1,31,32
457323,12,9,1,0,3,0,0,3,0,0,3,3
457527,12,9,1,0,2,0,12,2,12,0,14,14
457633,12,9,1,0,0,0,1,0,1,0,1,1
457855,12,9,1,0,1,0,0,1,0,0,1,1
458140,12,9,1,7,0,0,0,7,0,7,0,7
458210,12,9,1,18,82,9,46,100,55,27,128,155
458229,12,9,1,4,16,1,2,20,3,5,18,23
458830,12,9,1,0,1,0,1,1,1,0,2,2
458858,12,9,1,0,3,0,1,3,1,0,4,4
458867,12,9,1,1,0,0,3,1,3,1,3,4
459170,12,9,1,2,0,0,2,2,2,2,2,4
459198,12,9,1,0,1,0,1,1,1,0,2,2
459286,12,9,1,0,2,0,1,2,1,0,3,3
459392,12,9,1,0,0,0,1,0,1,0,1,1
459523,12,9,1,4,6,0,0,10,0,4,6,10
459578,12,9,1,0,0,0,1,0,1,0,1,1
459736,12,9,1,0,6,6,9,6,15,6,15,21
459949,12,9,1,12,25,61,96,37,157,73,121,194
460349,12,9,1,2,13,62,99,15,161,64,112,176
460394,12,9,1,3,13,94,92,16,186,97,105,202
460464,12,9,1,15,3,90,101,18,191,105,104,209
460677,12,9,1,1,9,0,4,10,4,1,13,14
460862,12,9,1,0,1,0,1,1,1,0,2,2
460871,12,9,1,0,6,2,12,6,14,2,18,20
461272,12,9,1,0,0,0,1,0,1,0,1,1
461379,12,9,1,0,0,0,2,0,2,0,2,2
461591,12,9,1,0,3,0,0,3,0,0,3,3
461643,12,9,1,1,3,0,0,4,0,1,3,4
461652,12,9,1,0,3,0,0,3,0,0,3,3
461704,12,9,1,0,2,0,1,2,1,0,3,3
461759,12,9,1,7,4,2,6,11,8,9,10,19
461883,12,9,1,0,1,0,0,1,0,0,1,1
462008,12,9,1,1,2,0,2,3,2,1,4,5
462071,12,9,1,1,2,0,0,3,0,1,2,3
463056,12,9,1,2,2,0,2,4,2,2,4,6
466921,12,9,1,0,0,1,4,0,5,1,4,5
466930,12,9,1,2,4,7,32,6,39,9,36,45
467872,12,9,1,0,0,0,1,0,1,0,1,1
468893,12,9,1,0,0,0,1,0,1,0,1,1
470047,12,9,1,0,1,0,0,1,0,0,1,1
474863,12,9,1,14,33,17,86,47,103,31,119,150
474915,12,9,1,0,3,0,1,3,1,0,4,4
474924,12,9,1,0,0,0,2,0,2,0,2,2
475200,12,9,1,3,2,6,10,5,16,9,12,21
475431,12,9,1,0,4,0,0,4,0,0,4,4
475486,12,9,1,0,0,0,3,0,3,0,3,3
475547,12,9,1,0,1,0,0,1,0,0,1,1
475556,12,9,1,0,3,0,1,3,1,0,4,4
475723,12,9,1,9,1,9,7,10,16,18,8,26
475732,12,9,1,1,18,3,47,19,50,4,65,69
475741,12,9,1,0,4,0,2,4,2,0,6,6
475839,12,9,1,29,7,16,9,36,25,45,16,61
476063,12,9,1,19,1,0,0,20,0,19,1,20
476841,12,9,1,0,1,0,0,1,0,0,1,1
476975,12,9,1,37,31,277,394,68,671,314,425,739
477039,12,9,1,8,48,3,25,56,28,11,73,84
478616,12,9,1,1,0,0,0,1,0,1,0,1
478953,12,9,1,0,1,0,0,1,0,0,1,1
479956,12,9,1,22,19,313,291,41,604,335,310,645
479983,12,9,1,0,2,0,0,2,0,0,2,2
480028,12,9,1,11,5,0,0,16,0,11,5,16
480091,12,9,1,41,300,25,215,341,240,66,515,581
480569,12,9,1,8,16,34,46,24,80,42,62,104
480657,12,9,1,0,10,3,9,10,12,3,19,22
481191,12,9,1,1,3,0,0,4,0,1,3,4
481225,12,9,1,2,0,0,0,2,0,2,0,2
481526,12,9,1,0,3,0,0,3,0,0,3,3
481739,12,9,1,0,1,0,0,1,0,0,1,1
481845,12,9,1,0,0,0,1,0,1,0,1,1
482149,12,9,1,18,38,21,85,56,106,39,123,162
482158,12,9,1,16,28,36,86,44,122,52,114,166
482167,12,9,1,0,1,0,3,1,3,0,4,4
482176,12,9,1,0,1,0,1,1,1,0,2,2
482413,12,9,1,4,10,17,21,14,38,21,31,52
482422,12,9,1,1,0,2,2,1,4,3,2,5
482431,12,9,1,22,13,36,20,35,56,58,33,91
482459,12,9,1,2,6,8,5,8,13,10,11,21
482468,12,9,1,5,7,12,18,12,30,17,25,42
482477,12,9,1,213,305,493,1029,518,1522,706,1334,2040
482547,12,9,1,0,0,0,1,0,1,0,1,1
482556,12,9,1,0,0,1,0,0,1,1,0,1
482565,12,9,1,1,0,0,0,1,0,1,0,1
482574,12,9,1,2,0,6,6,2,12,8,6,14
482635,12,9,1,0,1,3,1,1,4,3,2,5
482653,12,9,1,0,0,2,1,0,3,2,1,3
482680,12,9,1,5,13,31,68,18,99,36,81,117
482699,12,9,1,0,4,2,9,4,11,2,13,15
482705,12,9,1,11,28,139,243,39,382,150,271,421
482936,12,9,1,1,0,0,1,1,1,1,1,2
483036,12,9,1,11,15,42,75,26,117,53,90,143
483045,12,9,1,35,36,105,156,71,261,140,192,332
483054,12,9,1,0,2,0,0,2,0,0,2,2
483124,12,9,1,171,298,733,1057,469,1790,904,1355,2259
483328,12,9,1,0,1,0,0,1,0,0,1,1
483337,12,9,1,0,1,0,1,1,1,0,2,2
483595,12,9,1,93,277,47,138,370,185,140,415,555
483823,12,9,1,14,6,0,0,20,0,14,6,20
484011,12,9,1,0,1,0,0,1,0,0,1,1
484093,12,9,1,0,0,0,1,0,1,0,1,1
484473,12,9,1,3,14,34,74,17,108,37,88,125
484613,12,9,1,2406,6475,0,0,8881,0,2406,6475,8881
484631,12,9,1,35,31,0,0,66,0,35,31,66
484710,12,9,1,3,3,0,0,6,0,3,3,6
484756,12,9,1,4,5,0,0,9,0,4,5,9
484905,12,9,1,8,12,30,55,20,85,38,67,105
485014,12,9,1,0,1,0,0,1,0,0,1,1
485032,12,9,1,0,2,0,0,2,0,0,2,2
485111,12,9,1,8,19,13,74,27,87,21,93,114
485272,12,9,1,2,2,0,4,4,4,2,6,8
485397,12,9,1,0,1,0,1,1,1,0,2,2
485458,12,9,1,3,8,19,42,11,61,22,50,72
485476,12,9,1,0,1,0,0,1,0,0,1,1
485494,12,9,1,6,0,0,0,6,0,6,0,6
485768,12,9,1,13,24,0,0,37,0,13,24,37
486123,12,9,1,2,1,0,0,3,0,2,1,3
486567,12,9,1,0,3,0,0,3,0,0,3,3
486691,12,9,1,0,0,0,1,0,1,0,1,1
486798,12,9,1,15,3,0,0,18,0,15,3,18
486840,12,9,1,31,60,169,251,91,420,200,311,511
486938,12,9,1,0,1,1,8,1,9,1,9,10
486947,12,9,1,0,7,1,2,7,3,1,9,10
486956,12,9,1,4,10,4,16,14,20,8,26,34
487010,12,9,1,2,8,4,21,10,25,6,29,35
487162,12,9,1,3,21,19,63,24,82,22,84,106
487348,12,9,1,0,2,0,0,2,0,0,2,2
487524,12,9,1,2,6,14,39,8,53,16,45,61
487676,12,9,1,0,1,0,0,1,0,0,1,1
487861,12,9,1,3,1,1,4,4,5,4,5,9
487995,12,9,1,1,9,4,20,10,24,5,29,34
488031,12,9,1,22,19,0,0,41,0,22,19,41
488077,12,9,1,199,8,81,2,207,83,280,10,290
488271,12,9,1,1,0,0,0,1,0,1,0,1
488305,12,9,1,2,0,2,2,2,4,4,2,6
488332,12,9,1,1,5,0,0,6,0,1,5,6
488989,12,9,1,0,1,0,0,1,0,0,1,1
488998,12,9,1,1,1,0,0,2,0,1,1,2
489201,12,9,1,0,3,18,74,3,92,18,77,95
489335,12,9,1,0,2,11,2,2,13,11,4,15
489344,12,9,1,0,2,1,2,2,3,1,4,5
489353,12,9,1,0,2,0,3,2,3,0,5,5
489779,12,9,1,267,618,779,1692,885,2471,1046,2310,3356
489858,12,9,1,2,0,0,0,2,0,2,0,2
490230,12,9,1,9,13,0,0,22,0,9,13,22
490258,12,9,1,1,1,0,0,2,0,1,1,2
490300,12,9,1,0,0,0,1,0,1,0,1,1
490425,12,9,1,0,2,0,0,2,0,0,2,2
490753,12,9,1,4,11,0,0,15,0,4,11,15
490805,12,9,1,4,16,24,85,20,109,28,101,129
491136,12,9,1,0,0,0,1,0,1,0,1,1
491534,12,9,1,0,0,1,1,0,2,1,1,2
491598,12,9,1,0,1,0,0,1,0,0,1,1
491808,12,9,1,9,28,2,9,37,11,11,37,48
491941,12,9,1,1,2,0,0,3,0,1,2,3
491978,12,9,1,0,0,2,0,0,2,2,0,2
492209,12,9,1,2,10,0,1,12,1,2,11,13
492476,12,9,1,0,7,2,18,7,20,2,25,27
492689,12,9,1,0,1,0,0,1,0,0,1,1
492759,12,9,1,0,5,1,7,5,8,1,12,13
492801,12,9,1,3,5,1,10,8,11,4,15,19
492962,12,9,1,23,53,62,94,76,156,85,147,232
493673,12,9,1,0,3,0,0,3,0,0,3,3
493831,12,9,1,0,1,0,0,1,0,0,1,1
494010,12,9,1,1,1,0,1,2,1,1,2,3
494278,12,9,1,1,10,3,15,11,18,4,25,29
494287,12,9,1,6,8,3,13,14,16,9,21,30
494551,12,9,1,0,0,0,7,0,7,0,7,7
494898,12,9,1,1,3,0,0,4,0,1,3,4
494959,12,9,1,0,0,0,2,0,2,0,2,2
495077,12,9,1,0,1,0,0,1,0,0,1,1
495101,12,9,1,0,3,0,0,3,0,0,3,3
495271,12,9,1,0,1,2,3,1,5,2,4,6
495369,12,9,1,0,0,0,1,0,1,0,1,1
495411,12,9,1,0,1,0,0,1,0,0,1,1
495518,12,9,1,0,1,0,1,1,1,0,2,2
496043,12,9,1,0,1,0,0,1,0,0,1,1
496618,12,9,1,0,6,0,0,6,0,0,6,6
496636,12,9,1,9,26,0,0,35,0,9,26,35
496733,12,9,1,0,1,0,0,1,0,0,1,1
497000,12,9,1,2,3,0,0,5,0,2,3,5
497037,12,9,1,2,29,7,28,31,35,9,57,66
497046,12,9,1,0,6,15,53,6,68,15,59,74
497107,12,9,1,0,0,11,22,0,33,11,22,33
497301,12,9,1,0,2,0,2,2,2,0,4,4
497480,12,9,1,6,78,8,11,84,19,14,89,103
498562,12,9,1,5,11,19,43,16,62,24,54,78
498571,12,9,1,11,43,87,180,54,267,98,223,321
100663,12,9,2,2,15,29,89,17,118,31,104,135
100706,12,9,2,2,6,18,24,8,42,20,30,50
100751,12,9,2,10,10,57,102,20,159,67,112,179
100760,12,9,2,2,1,6,13,3,19,8,14,22
100812,12,9,2,3,14,23,72,17,95,26,86,112
100830,12,9,2,2,8,4,33,10,37,6,41,47
100858,12,9,2,9,1,10,13,10,23,19,14,33
101143,12,9,2,3,3,12,20,6,32,15,23,38
101161,12,9,2,3,8,20,36,11,56,23,44,67
101189,12,9,2,17,41,15,31,58,46,32,72,104
101240,12,9,2,12,10,11,45,22,56,23,55,78
101286,12,9,2,3,9,9,45,12,54,12,54,66
101295,12,9,2,7,13,17,40,20,57,24,53,77
101301,12,9,2,0,4,1,13,4,14,1,17,18
101435,12,9,2,0,1,0,1,1,1,0,2,2
101453,12,9,2,0,0,6,1,0,7,6,1,7
101462,12,9,2,1,5,10,24,6,34,11,29,40
101480,12,9,2,9,18,21,30,27,51,30,48,78
101505,12,9,2,4,12,23,94,16,117,27,106,133
101514,12,9,2,12,15,40,92,27,132,52,107,159
101569,12,9,2,6,8,13,43,14,56,19,51,70
101587,12,9,2,5,48,0,10,53,10,5,58,63
101709,12,9,2,0,5,4,9,5,13,4,14,18
101736,12,9,2,1,2,4,12,3,16,5,14,19
101897,12,9,2,2,4,5,11,6,16,7,15,22
101912,12,9,2,5,7,2,5,12,7,7,12,19
101994,12,9,2,1,0,0,4,1,4,1,4,5
102030,12,9,2,15,7,6,29,22,35,21,36,57
102049,12,9,2,2,0,2,6,2,8,4,6,10
102067,12,9,2,3,5,10,48,8,58,13,53,66
102076,12,9,2,1,3,3,15,4,18,4,18,22
102094,12,9,2,5,14,15,30,19,45,20,44,64
102234,12,9,2,0,1,1,1,1,2,1,2,3
102313,12,9,2,10,4,11,25,14,36,21,29,50
102368,12,9,2,22,66,64,144,88,208,86,210,296
102395,12,9,2,2,1,4,0,3,4,6,1,7
102429,12,9,2,3,2,18,35,5,53,21,37,58
102553,12,9,2,12,20,137,318,32,455,149,338,487
102614,12,9,2,15,22,66,207,37,273,81,229,310
102632,12,9,2,4,7,33,67,11,100,37,74,111
103741,12,9,2,0,3,0,1,3,1,0,4,4
104151,12,9,2,30,37,29,47,67,76,59,84,143
104160,12,9,2,7,13,31,71,20,102,38,84,122
104179,12,9,2,19,37,66,97,56,163,85,134,219
104346,12,9,2,4,6,35,102,10,137,39,108,147
104391,12,9,2,0,1,0,0,1,0,0,1,1
104425,12,9,2,8,19,35,72,27,107,43,91,134
104568,12,9,2,0,2,0,1,2,1,0,3,3
104577,12,9,2,22,8,154,307,30,461,176,315,491
104586,12,9,2,1,0,2,1,1,3,3,1,4
104708,12,9,2,6,9,125,219,15,344,131,228,359
104717,12,9,2,5,6,639,2611,11,3250,644,2617,3261
105145,12,9,2,4,6,47,69,10,116,51,75,126
105154,12,9,2,13,18,201,271,31,472,214,289,503
105206,12,9,2,5,21,46,132,26,178,51,153,204
105297,12,9,2,7,18,14,57,25,71,21,75,96
105330,12,9,2,20,53,45,92,73,137,65,145,210
105349,12,9,2,2,4,20,72,6,92,22,76,98
105428,12,9,2,11,16,89,240,27,329,100,256,356
105525,12,9,2,10,22,155,352,32,507,165,374,539
105659,12,9,2,23,1,0,0,24,0,23,1,24
105668,12,9,2,17,20,185,311,37,496,202,331,533
105747,12,9,2,4,16,91,194,20,285,95,210,305
105792,12,9,2,1,5,22,52,6,74,23,57,80
106148,12,9,2,26,17,137,396,43,533,163,413,576
106245,12,9,2,6,18,38,86,24,124,44,104,148
106263,12,9,2,4,12,5,24,16,29,9,36,45
106324,12,9,2,0,0,0,1,0,1,0,1,1
106397,12,9,2,4,17,32,110,21,142,36,127,163
106412,12,9,2,2,8,2,13,10,15,4,21,25
106449,12,9,2,5,7,9,23,12,32,14,30,44
106458,12,9,2,1,4,20,96,5,116,21,100,121
106467,12,9,2,6,21,17,35,27,52,23,56,79
106546,12,9,2,2,2,0,0,4,0,2,2,4
106625,12,9,2,3,6,1,6,9,7,4,12,16
106713,12,9,2,1,0,0,1,1,1,1,1,2
106908,12,9,2,2,1,0,0,3,0,2,1,3
107141,12,9,2,2,4,3,5,6,8,5,9,14
107318,12,9,2,0,1,4,14,1,18,4,15,19
107512,12,9,2,1,0,0,2,1,2,1,2,3
107521,12,9,2,4,9,3,4,13,7,7,13,20
107558,12,9,2,0,0,1,1,0,2,1,1,2
107585,12,9,2,3,8,10,14,11,24,13,22,35
107600,12,9,2,4,7,0,2,11,2,4,9,13
107619,12,9,2,1,4,1,3,5,4,2,7,9
107664,12,9,2,19,24,34,66,43,100,53,90,143
107725,12,9,2,4,7,2,18,11,20,6,25,31
107743,12,9,2,1,1,1,7,2,8,2,8,10
107974,12,9,2,0,7,4,19,7,23,4,26,30
107983,12,9,2,1,5,4,12,6,16,5,17,22
107992,12,9,2,0,0,5,9,0,14,5,9,14
108092,12,9,2,6,12,12,19,18,31,18,31,49
108232,12,9,2,5,8,19,36,13,55,24,44,68
108667,12,9,2,6,7,56,181,13,237,62,188,250
108807,12,9,2,10,16,109,102,26,211,119,118,237
108852,12,9,2,0,1,0,0,1,0,0,1,1
109208,12,9,2,14,62,498,593,76,1091,512,655,1167
109350,12,9,2,19,22,107,182,41,289,126,204,330
109785,12,9,2,4,14,4,22,18,26,8,36,44
109819,12,9,2,12,29,256,183,41,439,268,212,480
109907,12,9,2,10,27,18,54,37,72,28,81,109
109934,12,9,2,2,6,0,0,8,0,2,6,8
110097,12,9,2,1,3,5,7,4,12,6,10,16
110246,12,9,2,17,30,30,93,47,123,47,123,170
110316,12,9,2,2,5,0,0,7,0,2,5,7
110334,12,9,2,3,10,175,298,13,473,178,308,486
110361,12,9,2,9,35,13,17,44,30,22,52,74
110413,12,9,2,5,5,2,4,10,6,7,9,16
110422,12,9,2,2,4,3,1,6,4,5,5,10
110486,12,9,2,10,31,6,23,41,29,16,54,70
110495,12,9,2,11,21,11,26,32,37,22,47,69
110510,12,9,2,17,47,20,49,64,69,37,96,133
110529,12,9,2,11,14,18,30,25,48,29,44,73
110538,12,9,2,11,35,10,23,46,33,21,58,79
110547,12,9,2,13,41,32,78,54,110,45,119,164
110556,12,9,2,11,34,11,25,45,36,22,59,81
110565,12,9,2,20,39,29,75,59,104,49,114,163
110574,12,9,2,24,60,30,83,84,113,54,143,197
110583,12,9,2,17,33,24,40,50,64,41,73,114
110592,12,9,2,23,47,27,51,70,78,50,98,148
110608,12,9,2,29,63,28,77,92,105,57,140,197
110617,12,9,2,29,45,31,73,74,104,60,118,178
110635,12,9,2,12,8,8,15,20,23,20,23,43
110644,12,9,2,4,7,2,4,11,6,6,11,17
110653,12,9,2,12,5,0,1,17,1,12,6,18
110662,12,9,2,9,25,2,3,34,5,11,28,39
110671,12,9,2,8,16,1,1,24,2,9,17,26
110680,12,9,2,7,6,1,2,13,3,8,8,16
110705,12,9,2,2,8,3,2,10,5,5,10,15
110714,12,9,2,6,9,1,5,15,6,7,14,21
110918,12,9,2,0,2,1,0,2,1,1,2,3
111188,12,9,2,4,1,0,0,5,0,4,1,5
111434,12,9,2,1,6,67,262,7,329,68,268,336
111461,12,9,2,7,17,1088,374,24,1462,1095,391,1486
111513,12,9,2,0,3,0,0,3,0,0,3,3
111887,12,9,2,45,59,224,384,104,608,269,443,712
111896,12,9,2,15,9,102,128,24,230,117,137,254
111920,12,9,2,4,14,148,230,18,378,152,244,396
111939,12,9,2,16,35,109,239,51,348,125,274,399
111948,12,9,2,0,1,1,2,1,3,1,3,4
112075,12,9,2,0,2,3,2,2,5,3,4,7
112084,12,9,2,0,0,0,2,0,2,0,2,2
112172,12,9,2,6,14,53,99,20,152,59,113,172
112367,12,9,2,0,2,0,5,2,5,0,7,7
112385,12,9,2,14,20,482,197,34,679,496,217,713
112561,12,9,2,3,10,32,53,13,85,35,63,98
112686,12,9,2,13,8,31,67,21,98,44,75,119
112826,12,9,2,7,15,60,141,22,201,67,156,223
113096,12,9,2,4,13,132,274,17,406,136,287,423
113111,12,9,2,3,2,54,61,5,115,57,63,120
113193,12,9,2,9,20,169,153,29,322,178,173,351
113236,12,9,2,16,13,90,144,29,234,106,157,263
113333,12,9,2,22,34,192,261,56,453,214,295,509
113573,12,9,2,15,20,81,156,35,237,96,176,272
113634,12,9,2,11,20,196,357,31,553,207,377,584
113698,12,9,2,0,1,0,1,1,1,0,2,2
113856,12,9,2,18,29,1856,883,47,2739,1874,912,2786
113980,12,9,2,26,45,175,301,71,476,201,346,547
114266,12,9,2,9,19,80,140,28,220,89,159,248
114354,12,9,2,0,0,0,2,0,2,0,2,2
114433,12,9,2,0,1,87,36,1,123,87,37,124
114716,12,9,2,21,21,129,264,42,393,150,285,435
114789,12,9,2,14,24,351,239,38,590,365,263,628
114813,12,9,2,0,6,9,30,6,39,9,36,45
114859,12,9,2,13,34,165,229,47,394,178,263,441
114938,12,9,2,2,6,72,76,8,148,74,82,156
114947,12,9,2,1,3,0,0,4,0,1,3,4
115001,12,9,2,80,159,115,276,239,391,195,435,630
115083,12,9,2,8,5,10,12,13,22,18,17,35
115126,12,9,2,6,4,71,95,10,166,77,99,176
115393,12,9,2,5,3,168,151,8,319,173,154,327
115755,12,9,2,8,22,11,21,30,32,19,43,62
115861,12,9,2,10,27,54,78,37,132,64,105,169
116439,12,9,2,5,12,86,189,17,275,91,201,292
116563,12,9,2,0,3,0,0,3,0,0,3,3
116846,12,9,2,0,4,0,0,4,0,0,4,4
117052,12,9,2,6,0,23,40,6,63,29,40,69
117104,12,9,2,3,5,0,4,8,4,3,9,12
117195,12,9,2,5,5,180,95,10,275,185,100,285
117247,12,9,2,37,65,172,365,102,537,209,430,639
117274,12,9,2,4,1,114,18,5,132,118,19,137
117645,12,9,2,52,66,201,380,118,581,253,446,699
117672,12,9,2,2,6,0,0,8,0,2,6,8
117690,12,9,2,0,7,56,117,7,173,56,124,180
117706,12,9,2,16,16,147,290,32,437,163,306,469
117715,12,9,2,3,10,51,126,13,177,54,136,190
117724,12,9,2,34,18,150,175,52,325,184,193,377
117733,12,9,2,21,35,168,365,56,533,189,400,589
117788,12,9,2,35,63,217,374,98,591,252,437,689
117803,12,9,2,0,0,2,5,0,7,2,5,7
117867,12,9,2,6,7,90,195,13,285,96,202,298
117894,12,9,2,4,8,41,120,12,161,45,128,173
117946,12,9,2,0,0,0,1,0,1,0,1,1
118347,12,9,2,7,15,91,270,22,361,98,285,383
118684,12,9,2,8,5,37,122,13,159,45,127,172
118718,12,9,2,9,21,99,90,30,189,108,111,219
118772,12,9,2,21,25,80,278,46,358,101,303,404
118930,12,9,2,7,16,93,169,23,262,100,185,285
118976,12,9,2,35,61,59,198,96,257,94,259,353
119058,12,9,2,0,1,0,0,1,0,0,1,1
119067,12,9,2,17,12,114,189,29,303,131,201,332
119137,12,9,2,4,15,86,191,19,277,90,206,296
119164,12,9,2,30,45,167,293,75,460,197,338,535
119216,12,9,2,16,37,64,192,53,256,80,229,309
119331,12,9,2,5,6,33,62,11,95,38,68,106
120166,12,9,2,0,1,0,0,1,0,0,1,1
120254,12,9,2,0,0,0,1,0,1,0,1,1
120290,12,9,2,6,14,115,127,20,242,121,141,262
120342,12,9,2,19,14,128,210,33,338,147,224,371
120421,12,9,2,2,14,59,67,16,126,61,81,142
120865,12,9,2,0,1,2,6,1,8,2,7,9
120883,12,9,2,2,8,0,1,10,1,2,9,11
120953,12,9,2,47,8,693,52,55,745,740,60,800
120971,12,9,2,16,18,233,235,34,468,249,253,502
121044,12,9,2,14,30,165,356,44,521,179,386,565
121150,12,9,2,1,0,2,6,1,8,3,6,9
121309,12,9,2,0,8,3,13,8,16,3,21,24
121363,12,9,2,3,3,7,27,6,34,10,30,40
121619,12,9,2,29,31,1080,380,60,1460,1109,411,1520
121707,12,9,2,14,15,63,70,29,133,77,85,162
121886,12,9,2,17,18,511,152,35,663,528,170,698
121901,12,9,2,6,17,85,158,23,243,91,175,266
122180,12,9,2,18,36,174,425,54,599,192,461,653
122205,12,9,2,13,43,175,568,56,743,188,611,799
122296,12,9,2,5,5,2,18,10,20,7,23,30
122339,12,9,2,13,16,155,216,29,371,168,232,400
122375,12,9,2,9,16,145,284,25,429,154,300,454
122384,12,9,2,6,3,323,184,9,507,329,187,516
122409,12,9,2,18,37,17,29,55,46,35,66,101
122597,12,9,2,29,26,37,36,55,73,66,62,128
122612,12,9,2,0,1,2,3,1,5,2,4,6
122658,12,9,2,37,59,58,151,96,209,95,210,305
122728,12,9,2,1,5,4,12,6,16,5,17,22
122746,12,9,2,8,13,124,169,21,293,132,182,314
122755,12,9,2,10,22,21,40,32,61,31,62,93
122791,12,9,2,7,7,96,168,14,264,103,175,278
122889,12,9,2,15,38,115,265,53,380,130,303,433
122931,12,9,2,2,1,0,1,3,1,2,2,4
122977,12,9,2,23,48,228,404,71,632,251,452,703
123013,12,9,2,13,21,179,410,34,589,192,431,623
123217,12,9,2,6,17,53,87,23,140,59,104,163
123341,12,9,2,11,28,128,218,39,346,139,246,385
123457,12,9,2,1,9,7,14,10,21,8,23,31
123484,12,9,2,6,2,13,21,8,34,19,23,42
123509,12,9,2,2,11,79,165,13,244,81,176,257
123563,12,9,2,11,13,171,145,24,316,182,158,340
123572,12,9,2,5,13,6,20,18,26,11,33,44
123800,12,9,2,20,46,190,204,66,394,210,250,460
123961,12,9,2,2,5,0,6,7,6,2,11,13
124113,12,9,2,0,3,248,76,3,324,248,79,327
124487,12,9,2,3,3,6,8,6,14,9,11,20
125028,12,9,2,7,8,80,163,15,243,87,171,258
125231,12,9,2,26,134,71,407,160,478,97,541,638
125462,12,9,2,0,0,37,18,0,55,37,18,55
125471,12,9,2,10,23,143,251,33,394,153,274,427
125499,12,9,2,1,14,82,264,15,346,83,278,361
125763,12,9,2,0,0,0,1,0,1,0,1,1
125897,12,9,2,0,0,1,2,0,3,1,2,3
126119,12,9,2,5,11,29,74,16,103,34,85,119
126182,12,9,2,3,3,14,6,6,20,17,9,26
126207,12,9,2,11,12,30,58,23,88,41,70,111
126289,12,9,2,2,9,56,162,11,218,58,171,229
126562,12,9,2,9,9,28,64,18,92,37,73,110
126580,12,9,2,13,12,8,23,25,31,21,35,56
126614,12,9,2,1,4,21,22,5,43,22,26,48
126711,12,9,2,4,6,44,109,10,153,48,115,163
126748,12,9,2,4,2,13,11,6,24,17,13,30
126818,12,9,2,5,10,38,58,15,96,43,68,111
126827,12,9,2,426,821,396,794,1247,1190,822,1615,2437
126863,12,9,2,4,8,15,66,12,81,19,74,93
126915,12,9,2,1,2,1,4,3,5,2,6,8
126942,12,9,2,6,18,28,67,24,95,34,85,119
126951,12,9,2,8,1,0,0,9,0,8,1,9
127185,12,9,2,2,6,5,19,8,24,7,25,32
127200,12,9,2,9,24,76,165,33,241,85,189,274
127316,12,9,2,1,0,1,0,1,1,2,0,2
127389,12,9,2,1,0,1,0,1,1,2,0,2
127556,12,9,2,10,11,18,23,21,41,28,34,62
127565,12,9,2,23,35,78,117,58,195,101,152,253
127617,12,9,2,2,2,8,27,4,35,10,29,39
127653,12,9,2,3,6,0,1,9,1,3,7,10
127714,12,9,2,2,4,71,66,6,137,73,70,143
127732,12,9,2,1,1,15,92,2,107,16,93,109
127741,12,9,2,1,16,3,18,17,21,4,34,38
127778,12,9,2,1,5,13,24,6,37,14,29,43
127820,12,9,2,46,37,52,153,83,205,98,190,288
127884,12,9,2,24,16,46,80,40,126,70,96,166
127909,12,9,2,12,8,56,61,20,117,68,69,137
127918,12,9,2,0,9,12,27,9,39,12,36,48
128106,12,9,2,8,10,16,15,18,31,24,25,49
128258,12,9,2,7,1,28,15,8,43,35,16,51
128498,12,9,2,9,24,2,8,33,10,11,32,43
128577,12,9,2,4,3,16,27,7,43,20,30,50
128744,12,9,2,1,14,9,21,15,30,10,35,45
128771,12,9,2,3,4,31,29,7,60,34,33,67
128780,12,9,2,6,20,31,107,26,138,37,127,164
128902,12,9,2,0,1,1,3,1,4,1,4,5
129020,12,9,2,3,6,7,6,9,13,10,12,22
129154,12,9,2,4,8,13,78,12,91,17,86,103
129181,12,9,2,0,0,1,0,0,1,1,0,1
129215,12,9,2,0,3,0,8,3,8,0,11,11
129242,12,9,2,0,1,0,4,1,4,0,5,5
129349,12,9,2,0,3,0,0,3,0,0,3,3
129367,12,9,2,1,5,20,43,6,63,21,48,69
129525,12,9,2,1,4,3,18,5,21,4,22,26
129543,12,9,2,1,8,22,66,9,88,23,74,97
129695,12,9,2,2,8,27,65,10,92,29,73,102
129729,12,9,2,1,7,26,59,8,85,27,66,93
129756,12,9,2,0,3,19,38,3,57,19,41,60
129774,12,9,2,1,0,0,1,1,1,1,1,2
129808,12,9,2,4,7,23,51,11,74,27,58,85
129923,12,9,2,0,3,2,2,3,4,2,5,7
129941,12,9,2,3,2,6,8,5,14,9,10,19
130004,12,9,2,5,3,20,77,8,97,25,80,105
130040,12,9,2,0,3,6,26,3,32,6,29,35
130183,12,9,2,84,240,192,666,324,858,276,906,1182
130217,12,9,2,4,3,15,24,7,39,19,27,46
130226,12,9,2,1,5,1,5,6,6,2,10,12
130253,12,9,2,0,0,2,24,0,26,2,24,26
130314,12,9,2,0,1,0,3,1,3,0,4,4
130396,12,9,2,7,3,45,100,10,145,52,103,155
130606,12,9,2,2,1,16,40,3,56,18,41,59
130697,12,9,2,0,0,1,0,0,1,1,0,1
130776,12,9,2,1,3,4,19,4,23,5,22,27
130794,12,9,2,0,0,2,1,0,3,2,1,3
130934,12,9,2,0,7,6,10,7,16,6,17,23
130943,12,9,2,6,5,16,25,11,41,22,30,52
130989,12,9,2,0,1,1,4,1,5,1,5,6
131113,12,9,2,14,34,95,284,48,379,109,318,427
131399,12,9,2,8,26,19,113,34,132,27,139,166
131450,12,9,2,4,5,1,3,9,4,5,8,13
131469,12,9,2,4,1,17,44,5,61,21,45,66
131496,12,9,2,6,4,6,5,10,11,12,9,21
131520,12,9,2,1,2,3,2,3,5,4,4,8
132471,12,9,2,16,25,20,22,41,42,36,47,83
132693,12,9,2,22,23,73,202,45,275,95,225,320
132709,12,9,2,38,49,125,416,87,541,163,465,628
132842,12,9,2,0,4,0,4,4,4,0,8,8
132851,12,9,2,8,23,24,72,31,96,32,95,127
132903,12,9,2,14,35,54,164,49,218,68,199,267
133021,12,9,2,5,1,4,10,6,14,9,11,20
133386,12,9,2,30,42,82,182,72,264,112,224,336
133508,12,9,2,6,11,34,115,17,149,40,126,166
133553,12,9,2,2,0,4,0,2,4,6,0,6
133650,12,9,2,7,4,2,15,11,17,9,19,28
133702,12,9,2,50,81,132,427,131,559,182,508,690
133711,12,9,2,2,4,1,3,6,4,3,7,10
133809,12,9,2,0,0,1,1,0,2,1,1,2
133872,12,9,2,1,2,4,31,3,35,5,33,38
133881,12,9,2,1,2,1,0,3,1,2,2,4
133960,12,9,2,9,11,10,12,20,22,19,23,42
134097,12,9,2,3,4,12,22,7,34,15,26,41
134130,12,9,2,4,4,18,25,8,43,22,29,51
134343,12,9,2,5,14,42,90,19,132,47,104,151
134495,12,9,2,29,43,83,183,72,266,112,226,338
134608,12,9,2,13,26,93,200,39,293,106,226,332
135160,12,9,2,3,5,14,58,8,72,17,63,80
135188,12,9,2,3,14,14,59,17,73,17,73,90
135391,12,9,2,6,20,27,149,26,176,33,169,202
135407,12,9,2,14,21,0,0,35,0,14,21,35
135610,12,9,2,2,3,2,5,5,7,4,8,12
135717,12,9,2,50,109,225,555,159,780,275,664,939
135726,12,9,2,2,2,6,20,4,26,8,22,30
136109,12,9,2,0,1,0,0,1,0,0,1,1
136145,12,9,2,0,3,6,18,3,24,6,21,27
136172,12,9,2,5,10,15,30,15,45,20,40,60
136233,12,9,2,6,16,28,68,22,96,34,84,118
136330,12,9,2,2,11,3,8,13,11,5,19,24
136358,12,9,2,33,48,130,319,81,449,163,367,530
136400,12,9,2,6,16,33,78,22,111,39,94,133
136473,12,9,2,23,31,40,111,54,151,63,142,205
136516,12,9,2,6,18,42,106,24,148,48,124,172
136659,12,9,2,5,0,4,0,5,4,9,0,9
136950,12,9,2,5,8,3,8,13,11,8,16,24
137078,12,9,2,45,79,237,577,124,814,282,656,938
137096,12,9,2,9,18,44,105,27,149,53,123,176
137209,12,9,2,20,15,96,232,35,328,116,247,363
137281,12,9,2,5,6,21,78,11,99,26,84,110
137351,12,9,2,10,21,40,98,31,138,50,119,169
137546,12,9,2,1,3,6,1,4,7,7,4,11
137564,12,9,2,13,36,19,21,49,40,32,57,89
137591,12,9,2,0,4,0,3,4,3,0,7,7
137759,12,9,2,9,21,37,95,30,132,46,116,162
138187,12,9,2,35,58,184,391,93,575,219,449,668
138275,12,9,2,1,6,1,3,7,4,2,9,11
138309,12,9,2,19,138,33,211,157,244,52,349,401
138354,12,9,2,15,25,29,91,40,120,44,116,160
138558,12,9,2,0,4,3,17,4,20,3,21,24
138682,12,9,2,11,28,26,67,39,93,37,95,132
138716,12,9,2,6,16,11,55,22,66,17,71,88
138761,12,9,2,0,3,0,4,3,4,0,7,7
138840,12,9,2,37,21,53,76,58,129,90,97,187
138938,12,9,2,0,3,3,4,3,7,3,7,10
138947,12,9,2,0,0,0,1,0,1,0,1,1
138956,12,9,2,23,18,21,60,41,81,44,78,122
139199,12,9,2,0,13,4,22,13,26,4,35,39
139205,12,9,2,2,1,12,2,3,14,14,3,17
139250,12,9,2,4,8,7,32,12,39,11,40,51
139278,12,9,2,3,17,36,96,20,132,39,113,152
139311,12,9,2,12,32,31,72,44,103,43,104,147
139357,12,9,2,14,15,24,54,29,78,38,69,107
139366,12,9,2,7,14,52,40,21,92,59,54,113
139384,12,9,2,11,18,31,77,29,108,42,95,137
139393,12,9,2,0,0,1,1,0,2,1,1,2
139463,12,9,2,1,8,5,10,9,15,6,18,24
139506,12,9,2,1,0,0,0,1,0,1,0,1
139621,12,9,2,1,2,2,5,3,7,3,7,10
139658,12,9,2,1,0,0,0,1,0,1,0,1
139700,12,9,2,5,14,9,52,19,61,14,66,80
139719,12,9,2,5,3,1,8,8,9,6,11,17
139755,12,9,2,1,0,3,1,1,4,4,1,5
139764,12,9,2,1,6,9,34,7,43,10,40,50
139861,12,9,2,1,0,1,0,1,1,2,0,2
139931,12,9,2,10,25,26,54,35,80,36,79,115
139940,12,9,2,9,31,42,133,40,175,51,164,215
139959,12,9,2,2,0,7,10,2,17,9,10,19
139986,12,9,2,5,27,33,109,32,142,38,136,174
140012,12,9,2,15,19,64,127,34,191,79,146,225
140234,12,9,2,0,0,1,0,0,1,1,0,1
140243,12,9,2,9,13,31,61,22,92,40,74,114
140252,12,9,2,5,2,1,8,7,9,6,10,16
140331,12,9,2,19,18,57,136,37,193,76,154,230
140447,12,9,2,11,65,15,47,76,62,26,112,138
140678,12,9,2,2,8,13,31,10,44,15,39,54
140696,12,9,2,0,1,1,3,1,4,1,4,5
140720,12,9,2,0,5,0,2,5,2,0,7,7
140818,12,9,2,3,7,1,7,10,8,4,14,18
140942,12,9,2,13,14,21,66,27,87,34,80,114
140951,12,9,2,5,2,2,12,7,14,7,14,21
140960,12,9,2,0,3,2,9,3,11,2,12,14
140988,12,9,2,6,8,4,11,14,15,10,19,29
141006,12,9,2,6,11,14,22,17,36,20,33,53
141060,12,9,2,0,1,16,63,1,79,16,64,80
141255,12,9,2,1,10,39,46,11,85,40,56,96
141264,12,9,2,3,17,18,51,20,69,21,68,89
141334,12,9,2,8,18,12,51,26,63,20,69,89
141565,12,9,2,3,8,10,27,11,37,13,35,48
141574,12,9,2,6,24,24,42,30,66,30,66,96
141644,12,9,2,5,3,11,5,8,16,16,8,24
141680,12,9,2,9,5,23,32,14,55,32,37,69
141796,12,9,2,8,11,37,72,19,109,45,83,128
141802,12,9,2,2,2,11,23,4,34,13,25,38
141811,12,9,2,14,16,45,110,30,155,59,126,185
141839,12,9,2,3,5,15,50,8,65,18,55,73
141981,12,9,2,14,17,21,63,31,84,35,80,115
141990,12,9,2,2,12,28,64,14,92,30,76,106
142115,12,9,2,9,28,44,112,37,156,53,140,193
142179,12,9,2,2,5,3,15,7,18,5,20,25
142276,12,9,2,8,20,31,64,28,95,39,84,123
142285,12,9,2,6,12,15,16,18,31,21,28,49
142407,12,9,2,0,1,0,0,1,0,0,1,1
142443,12,9,2,5,7,15,48,12,63,20,55,75
142461,12,9,2,2,5,5,7,7,12,7,12,19
142522,12,9,2,16,63,587,2178,79,2765,603,2241,2844
142559,12,9,2,3,9,25,52,12,77,28,61,89
142832,12,9,2,0,0,1,0,0,1,1,0,1
143118,12,9,2,2,8,6,15,10,21,8,23,31
143215,12,9,2,9,20,54,123,29,177,63,143,206
143279,12,9,2,1,5,34,51,6,85,35,56,91
143288,12,9,2,1,5,0,0,6,0,1,5,6
143358,12,9,2,1,1,3,4,2,7,4,5,9
143376,12,9,2,1,1,0,2,2,2,1,3,4
143613,12,9,2,2,5,4,17,7,21,6,22,28
144157,12,9,2,21,40,36,82,61,118,57,122,179
144166,12,9,2,15,46,42,115,61,157,57,161,218
144175,12,9,2,14,17,22,64,31,86,36,81,117
144184,12,9,2,12,35,113,250,47,363,125,285,410
144193,12,9,2,9,14,50,158,23,208,59,172,231
144209,12,9,2,3,7,21,60,10,81,24,67,91
144218,12,9,2,14,20,71,229,34,300,85,249,334
144351,12,9,2,4,2,2,6,6,8,6,8,14
144564,12,9,2,3,11,17,16,14,33,20,27,47
144740,12,9,2,3,12,24,45,15,69,27,57,84
144865,12,9,2,15,20,245,571,35,816,260,591,851
144883,12,9,2,1,4,0,0,5,0,1,4,5
144892,12,9,2,4,12,11,48,16,59,15,60,75
144944,12,9,2,5,5,110,216,10,326,115,221,336
144962,12,9,2,1,9,1,3,10,4,2,12,14
144971,12,9,2,0,0,0,3,0,3,0,3,3
145099,12,9,2,1,3,0,0,4,0,1,3,4
145336,12,9,2,12,20,29,75,32,104,41,95,136
145372,12,9,2,0,0,0,3,0,3,0,3,3
145521,12,9,2,1,2,6,14,3,20,7,16,23
145600,12,9,2,6,7,14,32,13,46,20,39,59
145619,12,9,2,0,1,2,6,1,8,2,7,9
145637,12,9,2,2,3,3,16,5,19,5,19,24
145682,12,9,2,7,2,36,65,9,101,43,67,110
145691,12,9,2,1,1,1,2,2,3,2,3,5
145707,12,9,2,1,2,6,10,3,16,7,12,19
145813,12,9,2,5,11,5,19,16,24,10,30,40
145831,12,9,2,1,2,13,14,3,27,14,16,30
146205,12,9,2,5,9,30,41,14,71,35,50,85
146278,12,9,2,0,4,12,20,4,32,12,24,36
146296,12,9,2,3,9,81,147,12,228,84,156,240
146339,12,9,2,2,11,1,7,13,8,3,18,21
146348,12,9,2,2,3,15,28,5,43,17,31,48
146366,12,9,2,1,7,7,15,8,22,8,22,30
146418,12,9,2,2,2,12,27,4,39,14,29,43
146427,12,9,2,0,0,0,1,0,1,0,1,1
146472,12,9,2,9,21,164,363,30,527,173,384,557
146481,12,9,2,1,0,0,1,1,1,1,1,2
146506,12,9,2,7,7,18,29,14,47,25,36,61
146533,12,9,2,0,2,0,0,2,0,0,2,2
146603,12,9,2,2,6,14,33,8,47,16,39,55
146612,12,9,2,4,3,12,11,7,23,16,14,30
146685,12,9,2,11,10,17,84,21,101,28,94,122
146700,12,9,2,5,3,0,0,8,0,5,3,8
146719,12,9,2,5,8,10,22,13,32,15,30,45
147004,12,9,2,1,6,42,144,7,186,43,150,193
147013,12,9,2,3,3,5,7,6,12,8,10,18
147129,12,9,2,0,3,0,8,3,8,0,11,11
147244,12,9,2,1,2,1,2,3,3,2,4,6
147369,12,9,2,5,12,23,23,17,46,28,35,63
147378,12,9,2,3,5,58,99,8,157,61,104,165
147411,12,9,2,1,2,16,35,3,51,17,37,54
147536,12,9,2,4,50,10,120,54,130,14,170,184
147660,12,9,2,0,0,0,1,0,1,0,1,1
147679,12,9,2,1,1,0,3,2,3,1,4,5
147776,12,9,2,8,10,35,41,18,76,43,51,94
147800,12,9,2,1,7,92,232,8,324,93,239,332
147828,12,9,2,0,1,2,5,1,7,2,6,8
147916,12,9,2,5,2,43,73,7,116,48,75,123
148007,12,9,2,3,7,41,54,10,95,44,61,105
148131,12,9,2,2,1,1,6,3,7,3,7,10
148256,12,9,2,2,3,4,19,5,23,6,22,28
148292,12,9,2,1,8,16,38,9,54,17,46,63
148380,12,9,2,9,2,54,82,11,136,63,84,147
148487,12,9,2,2,11,5,20,13,25,7,31,38
148511,12,9,2,0,0,0,7,0,7,0,7,7
148575,12,9,2,1,1,0,3,2,3,1,4,5
148627,12,9,2,0,3,1,3,3,4,1,6,7
148654,12,9,2,2,9,19,24,11,43,21,33,54
148672,12,9,2,2,7,8,8,9,16,10,15,25
148821,12,9,2,3,4,24,25,7,49,27,29,56
148876,12,9,2,5,36,4,25,41,29,9,61,70
148937,12,9,2,1,0,22,26,1,48,23,26,49
148991,12,9,2,2,4,5,12,6,17,7,16,23
149222,12,9,2,16,21,55,36,37,91,71,57,128
149231,12,9,2,3,8,8,31,11,39,11,39,50
149310,12,9,2,2,2,0,0,4,0,2,2,4
149365,12,9,2,8,37,13,89,45,102,21,126,147
149532,12,9,2,3,10,112,205,13,317,115,215,330
149727,12,9,2,0,5,71,140,5,211,71,145,216
149772,12,9,2,4,12,23,25,16,48,27,37,64
149842,12,9,2,5,12,116,275,17,391,121,287,408
150136,12,9,2,3,5,6,33,8,39,9,38,47
150163,12,9,2,1,1,1,0,2,1,2,1,3
150172,12,9,2,0,0,7,2,0,9,7,2,9
150534,12,9,2,0,2,5,3,2,8,5,5,10
150604,12,9,2,0,0,4,5,0,9,4,5,9
150668,12,9,2,0,0,0,3,0,3,0,3,3
150677,12,9,2,4,4,1,0,8,1,5,4,9
150765,12,9,2,0,1,0,0,1,0,0,1,1
150941,12,9,2,4,3,1,6,7,7,5,9,14
150987,12,9,2,95,175,550,976,270,1526,645,1151,1796
151111,12,9,2,6,30,36,70,36,106,42,100,142
151263,12,9,2,1,3,4,21,4,25,5,24,29
151306,12,9,2,4,4,6,21,8,27,10,25,35
151324,12,9,2,5,14,28,60,19,88,33,74,107
151333,12,9,2,3,6,5,7,9,12,8,13,21
151342,12,9,2,3,7,13,31,10,44,16,38,54
151351,12,9,2,0,1,13,14,1,27,13,15,28
151360,12,9,2,1,4,12,35,5,47,13,39,52
151379,12,9,2,1,2,12,26,3,38,13,28,41
151388,12,9,2,3,8,29,43,11,72,32,51,83
151661,12,9,2,2,1,0,0,3,0,2,1,3
151777,12,9,2,0,0,0,1,0,1,0,1,1
151962,12,9,2,6,3,5,7,9,12,11,10,21
152336,12,9,2,2,4,2,5,6,7,4,9,13
152600,12,9,2,0,1,1,2,1,3,1,3,4
152637,12,9,2,13,10,28,38,23,66,41,48,89
152992,12,9,2,0,3,0,3,3,3,0,6,6
153001,12,9,2,2,16,1,4,18,5,3,20,23
153083,12,9,2,0,1,0,0,1,0,0,1,1
153108,12,9,2,0,0,3,0,0,3,3,0,3
153126,12,9,2,0,4,1,3,4,4,1,7,8
153144,12,9,2,0,0,1,1,0,2,1,1,2
153214,12,9,2,12,25,97,120,37,217,109,145,254
153241,12,9,2,0,1,0,0,1,0,0,1,1
153250,12,9,2,0,0,0,1,0,1,0,1,1
153269,12,9,2,0,0,1,3,0,4,1,3,4
153302,12,9,2,0,0,0,1,0,1,0,1,1
153311,12,9,2,7,13,14,52,20,66,21,65,86
153366,12,9,2,0,0,0,1,0,1,0,1,1
153445,12,9,2,6,9,7,15,15,22,13,24,37
153472,12,9,2,4,11,3,13,15,16,7,24,31
153524,12,9,2,8,11,15,21,19,36,23,32,55
153533,12,9,2,3,3,1,5,6,6,4,8,12
153621,12,9,2,0,2,1,2,2,3,1,4,5
153630,12,9,2,7,4,4,25,11,29,11,29,40
153658,12,9,2,2,12,31,43,14,74,33,55,88
153737,12,9,2,11,16,40,67,27,107,51,83,134
153825,12,9,2,0,0,2,7,0,9,2,7,9
153834,12,9,2,0,0,0,2,0,2,0,2,2
154004,12,9,2,1,1,0,3,2,3,1,4,5
154013,12,9,2,2,4,4,13,6,17,6,17,23
154110,12,9,2,2,1,6,33,3,39,8,34,42
154235,12,9,2,4,2,3,5,6,8,7,7,14
154262,12,9,2,0,0,0,4,0,4,0,4,4
154350,12,9,2,0,2,1,5,2,6,1,7,8
154396,12,9,2,2,3,1,9,5,10,3,12,15
154493,12,9,2,12,30,37,60,42,97,49,90,139
154572,12,9,2,6,9,10,27,15,37,16,36,52
154697,12,9,2,4,8,35,41,12,76,39,49,88
154712,12,9,2,0,0,0,1,0,1,0,1,1
154800,12,9,2,7,8,26,68,15,94,33,76,109
154907,12,9,2,0,2,1,6,2,7,1,8,9
154925,12,9,2,0,3,17,24,3,41,17,27,44
154934,12,9,2,4,4,4,27,8,31,8,31,39
154952,12,9,2,11,6,8,25,17,33,19,31,50
154998,12,9,2,0,1,2,10,1,12,2,11,13
155025,12,9,2,2,5,4,9,7,13,6,14,20
155052,12,9,2,1,0,0,3,1,3,1,3,4
155089,12,9,2,2,2,4,10,4,14,6,12,18
155098,12,9,2,1,1,3,5,2,8,4,6,10
155104,12,9,2,0,3,7,21,3,28,7,24,31
155140,12,9,2,0,4,0,2,4,2,0,6,6
155177,12,9,2,0,1,0,2,1,2,0,3,3
155195,12,9,2,6,7,25,79,13,104,31,86,117
155210,12,9,2,12,21,108,213,33,321,120,234,354
155292,12,9,2,8,10,39,60,18,99,47,70,117
155317,12,9,2,2,6,22,36,8,58,24,42,66
155399,12,9,2,7,12,10,25,19,35,17,37,54
155414,12,9,2,1,1,0,1,2,1,1,2,3
155423,12,9,2,3,2,1,5,5,6,4,7,11
155487,12,9,2,3,1,0,3,4,3,3,4,7
155511,12,9,2,2,0,0,0,2,0,2,0,2
155566,12,9,2,1,2,2,14,3,16,3,16,19
155618,12,9,2,1,1,8,8,2,16,9,9,18
155715,12,9,2,1,0,2,25,1,27,3,25,28
155812,12,9,2,8,1,2,3,9,5,10,4,14
155858,12,9,2,1,1,10,20,2,30,11,21,32
155900,12,9,2,1,0,5,7,1,12,6,7,13
155973,12,9,2,1,0,0,0,1,0,1,0,1
156082,12,9,2,11,14,12,31,25,43,23,45,68
156107,12,9,2,11,14,23,25,25,48,34,39,73
156125,12,9,2,4,23,31,60,27,91,35,83,118
156213,12,9,2,3,1,10,17,4,27,13,18,31
156231,12,9,2,11,12,11,24,23,35,22,36,58
156286,12,9,2,0,1,4,1,1,5,4,2,6
156295,12,9,2,0,0,3,1,0,4,3,1,4
156338,12,9,2,4,9,7,20,13,27,11,29,40
156356,12,9,2,0,1,0,1,1,1,0,2,2
156392,12,9,2,21,20,44,83,41,127,65,103,168
156426,12,9,2,0,2,0,2,2,2,0,4,4
156541,12,9,2,17,47,17,27,64,44,34,74,108
156620,12,9,2,23,34,55,46,57,101,78,80,158
156648,12,9,2,15,17,62,75,32,137,77,92,169
156745,12,9,2,0,0,1,0,0,1,1,0,1
156790,12,9,2,1,14,77,18,15,95,78,32,110
156842,12,9,2,0,1,0,0,1,0,0,1,1
156851,12,9,2,1,3,5,16,4,21,6,19,25
156860,12,9,2,5,6,16,16,11,32,21,22,43
156921,12,9,2,8,16,111,111,24,222,119,127,246
157030,12,9,2,0,0,1,2,0,3,1,2,3
157058,12,9,2,2,0,1,1,2,2,3,1,4
157076,12,9,2,4,1,1,0,5,1,5,1,6
157085,12,9,2,3,13,30,57,16,87,33,70,103
157216,12,9,2,0,9,1,2,9,3,1,11,12
157289,12,9,2,17,19,39,85,36,124,56,104,160
157304,12,9,2,8,11,140,42,19,182,148,53,201
157331,12,9,2,5,8,11,32,13,43,16,40,56
157386,12,9,2,2,6,12,17,8,29,14,23,37
157401,12,9,2,3,9,12,20,12,32,15,29,44
157438,12,9,2,3,4,29,38,7,67,32,42,74
157447,12,9,2,5,17,29,82,22,111,34,99,133
157483,12,9,2,8,17,113,63,25,176,121,80,201
157535,12,9,2,0,2,0,1,2,1,0,3,3
157553,12,9,2,4,9,9,19,13,28,13,28,41
157711,12,9,2,14,19,31,50,33,81,45,69,114
157739,12,9,2,9,9,25,25,18,50,34,34,68
157757,12,9,2,0,4,2,16,4,18,2,20,22
157951,12,9,2,6,7,17,34,13,51,23,41,64
158662,12,9,2,25,63,115,297,88,412,140,360,500
158802,12,9,2,1,4,1,2,5,3,2,6,8
158884,12,9,2,3,6,11,39,9,50,14,45,59
159197,12,9,2,2,0,0,0,2,0,2,0,2
159382,12,9,2,11,22,30,61,33,91,41,83,124
159391,12,9,2,14,19,10,16,33,26,24,35,59
159407,12,9,2,0,4,6,23,4,29,6,27,33
159647,12,9,2,0,4,5,5,4,10,5,9,14
159656,12,9,2,7,7,4,16,14,20,11,23,34
159717,12,9,2,0,11,7,24,11,31,7,35,42
159939,12,9,2,4,6,13,20,10,33,17,26,43
159966,12,9,2,7,8,8,15,15,23,15,23,38
159993,12,9,2,2,2,13,33,4,46,15,35,50
160010,12,9,2,3,0,11,7,3,18,14,7,21
160472,12,9,2,0,1,0,0,1,0,0,1,1
160579,12,9,2,5,14,6,16,19,22,11,30,41
160612,12,9,2,1,5,7,31,6,38,8,36,44
160621,12,9,2,5,9,10,20,14,30,15,29,44
160630,12,9,2,8,35,7,28,43,35,15,63,78
160649,12,9,2,13,30,5,27,43,32,18,57,75
160658,12,9,2,6,16,22,50,22,72,28,66,94
160667,12,9,2,12,18,4,15,30,19,16,33,49
160755,12,9,2,2,4,8,48,6,56,10,52,62
160904,12,9,2,0,0,0,1,0,1,0,1,1
161077,12,9,2,5,4,16,42,9,58,21,46,67
161138,12,9,2,5,7,27,22,12,49,32,29,61
161192,12,9,2,3,5,11,43,8,54,14,48,62
161208,12,9,2,5,0,0,0,5,0,5,0,5
161217,12,9,2,9,42,61,147,51,208,70,189,259
161226,12,9,2,0,5,0,11,5,11,0,16,16
161235,12,9,2,1,3,4,33,4,37,5,36,41
161253,12,9,2,2,5,34,37,7,71,36,42,78
161341,12,9,2,7,12,11,36,19,47,18,48,66
161457,12,9,2,0,3,4,14,3,18,4,17,21
161484,12,9,2,0,5,9,10,5,19,9,15,24
161493,12,9,2,0,2,0,0,2,0,0,2,2
161509,12,9,2,0,1,0,1,1,1,0,2,2
161545,12,9,2,4,13,44,75,17,119,48,88,136
161554,12,9,2,3,10,29,40,13,69,32,50,82
161572,12,9,2,14,39,0,0,53,0,14,39,53
161581,12,9,2,1,1,8,21,2,29,9,22,31
161688,12,9,2,2,8,14,55,10,69,16,63,79
161767,12,9,2,6,9,96,276,15,372,102,285,387
161864,12,9,2,8,12,37,135,20,172,45,147,192
161873,12,9,2,6,11,22,50,17,72,28,61,89
162104,12,9,2,1,0,6,20,1,26,7,20,27
162122,12,9,2,2,17,17,82,19,99,19,99,118
162168,12,9,2,1,0,4,29,1,33,5,29,34
162210,12,9,2,1,7,1,11,8,12,2,18,20
162283,12,9,2,6,24,14,41,30,55,20,65,85
162584,12,9,2,1,1,2,14,2,16,3,15,18
162654,12,9,2,0,0,0,1,0,1,0,1,1
162690,12,9,2,9,3,21,39,12,60,30,42,72
162706,12,9,2,2,6,20,67,8,87,22,73,95
163028,12,9,2,15,3,13,1,18,14,28,4,32
163204,12,9,2,139,164,705,1161,303,1866,844,1325,2169
163259,12,9,2,3,3,4,10,6,14,7,13,20
163268,12,9,2,4,8,8,35,12,43,12,43,55
163286,12,9,2,6,4,15,12,10,27,21,16,37
163295,12,9,2,0,0,2,7,0,9,2,7,9
163338,12,9,2,5,4,8,11,9,19,13,15,28
163453,12,9,2,8,19,9,22,27,31,17,41,58
163462,12,9,2,2,0,4,4,2,8,6,4,10
163578,12,9,2,0,4,1,16,4,17,1,20,21
163851,12,9,2,4,12,2,11,16,13,6,23,29
163912,12,9,2,1,0,1,0,1,1,2,0,2
163976,12,9,2,1,0,0,0,1,0,1,0,1
164076,12,9,2,4,4,16,19,8,35,20,23,43
164216,12,9,2,0,1,1,1,1,2,1,2,3
164270,12,9,2,0,1,2,0,1,2,2,1,3
164313,12,9,2,1,0,5,48,1,53,6,48,54
164465,12,9,2,0,1,0,0,1,0,0,1,1
164492,12,9,2,3,2,15,3,5,18,18,5,23
164599,12,9,2,0,0,0,2,0,2,0,2,2
164632,12,9,2,0,24,0,66,24,66,0,90,90
164775,12,9,2,0,2,7,36,2,43,7,38,45
164872,12,9,2,2,2,8,13,4,21,10,15,25
164988,12,9,2,1,1,17,21,2,38,18,22,40
165015,12,9,2,0,0,1,1,0,2,1,1,2
165024,12,9,2,5,7,6,34,12,40,11,41,52
165033,12,9,2,4,13,27,100,17,127,31,113,144
165112,12,9,2,5,18,58,120,23,178,63,138,201
165167,12,9,2,0,3,11,79,3,90,11,82,93
165194,12,9,2,1,2,15,63,3,78,16,65,81
165264,12,9,2,0,6,4,45,6,49,4,51,55
165334,12,9,2,0,1,0,0,1,0,0,1,1
165556,12,9,2,0,4,0,0,4,0,0,4,4
165671,12,9,2,0,0,1,3,0,4,1,3,4
165820,12,9,2,5,9,40,38,14,78,45,47,92
165866,12,9,2,6,5,4,27,11,31,10,32,42
165981,12,9,2,1,1,8,29,2,37,9,30,39
166018,12,9,2,0,1,0,0,1,0,0,1,1
166027,12,9,2,10,9,88,94,19,182,98,103,201
166133,12,9,2,4,10,12,53,14,65,16,63,79
166391,12,9,2,0,2,0,4,2,4,0,6,6
166513,12,9,2,4,8,67,65,12,132,71,73,144
166629,12,9,2,5,10,43,78,15,121,48,88,136
166647,12,9,2,2,3,18,72,5,90,20,75,95
166674,12,9,2,0,0,8,5,0,13,8,5,13
166683,12,9,2,0,0,0,1,0,1,0,1,1
166717,12,9,2,1,4,1,3,5,4,2,7,9
166823,12,9,2,3,2,28,84,5,112,31,86,117
166850,12,9,2,1,3,3,7,4,10,4,10,14
166887,12,9,2,5,8,27,91,13,118,32,99,131
166939,12,9,2,0,1,0,3,1,3,0,4,4
166957,12,9,2,1,5,18,56,6,74,19,61,80
167288,12,9,2,2,1,4,10,3,14,6,11,17
167312,12,9,2,8,13,30,97,21,127,38,110,148
167376,12,9,2,1,3,17,63,4,80,18,66,84
167394,12,9,2,2,8,3,8,10,11,5,16,21
167534,12,9,2,11,22,37,89,33,126,48,111,159
167598,12,9,2,0,3,3,12,3,15,3,15,18
167729,12,9,2,3,7,12,18,10,30,15,25,40
167783,12,9,2,0,6,0,21,6,21,0,27,27
167835,12,9,2,0,1,0,0,1,0,0,1,1
167871,12,9,2,1,4,1,0,5,1,2,4,6
167905,12,9,2,4,6,20,41,10,61,24,47,71
167987,12,9,2,4,5,14,38,9,52,18,43,61
168005,12,9,2,0,0,0,3,0,3,0,3,3
168148,12,9,2,1,1,8,3,2,11,9,4,13
168227,12,9,2,1,0,9,0,1,9,10,0,10
168254,12,9,2,1,0,0,0,1,0,1,0,1
168421,12,9,2,0,0,0,1,0,1,0,1,1
168430,12,9,2,1,3,7,25,4,32,8,28,36
168607,12,9,2,3,0,5,8,3,13,8,8,16
168740,12,9,2,2,1,9,5,3,14,11,6,17
168786,12,9,2,2,0,2,6,2,8,4,6,10
168847,12,9,2,2,16,19,61,18,80,21,77,98
168892,12,9,2,0,2,0,0,2,0,0,2,2
169248,12,9,2,3,16,21,55,19,76,24,71,95
169275,12,9,2,8,13,43,118,21,161,51,131,182
169284,12,9,2,0,1,0,0,1,0,0,1,1
169442,12,9,2,0,1,0,6,1,6,0,7,7
169521,12,9,2,5,17,48,104,22,152,53,121,174
169576,12,9,2,0,4,0,0,4,0,0,4,4
169655,12,9,2,13,0,0,0,13,0,13,0,13
169716,12,9,2,1,2,3,4,3,7,4,6,10
169798,12,9,2,8,12,32,97,20,129,40,109,149
169910,12,9,2,4,10,29,50,14,79,33,60,93
169992,12,9,2,2,6,2,11,8,13,4,17,21
170000,12,9,2,15,41,9,36,56,45,24,77,101
170055,12,9,2,2,6,77,117,8,194,79,123,202
170082,12,9,2,1,2,9,24,3,33,10,26,36
170240,12,9,2,14,15,105,117,29,222,119,132,251
170550,12,9,2,0,4,14,60,4,74,14,64,78
170587,12,9,2,2,2,12,22,4,34,14,24,38
170639,12,9,2,1,1,2,4,2,6,3,5,8
170657,12,9,2,7,10,65,102,17,167,72,112,184
170675,12,9,2,1,0,3,5,1,8,4,5,9
170790,12,9,2,15,25,207,250,40,457,222,275,497
170806,12,9,2,2,6,6,14,8,20,8,20,28
170976,12,9,2,0,4,2,3,4,5,2,7,9
171100,12,9,2,4,4,9,9,8,18,13,13,26
171137,12,9,2,3,4,10,22,7,32,13,26,39
171146,12,9,2,4,14,21,43,18,64,25,57,82
171155,12,9,2,2,4,6,25,6,31,8,29,37
171225,12,9,2,2,5,30,39,7,69,32,44,76
171304,12,9,2,1,5,29,43,6,72,30,48,78
171456,12,9,2,6,7,13,32,13,45,19,39,58
171483,12,9,2,2,3,17,29,5,46,19,32,51
171492,12,9,2,7,2,45,42,9,87,52,44,96
171571,12,9,2,5,17,16,37,22,53,21,54,75
172200,12,9,2,3,8,65,154,11,219,68,162,230
172291,12,9,2,2,12,17,30,14,47,19,42,61
172307,12,9,2,1,5,6,19,6,25,7,24,31
172334,12,9,2,0,7,2,15,7,17,2,22,24
172617,12,9,2,9,24,127,213,33,340,136,237,373
172644,12,9,2,3,13,42,89,16,131,45,102,147
172680,12,9,2,0,0,0,1,0,1,0,1,1
172699,12,9,2,5,1,11,22,6,33,16,23,39
173045,12,9,2,0,2,1,5,2,6,1,7,8
173142,12,9,2,0,1,0,1,1,1,0,2,2
173160,12,9,2,0,3,12,16,3,28,12,19,31
173258,12,9,2,0,0,0,1,0,1,0,1,1
173452,12,9,2,1,0,12,17,1,29,13,17,30
173665,12,9,2,0,0,0,1,0,1,0,1,1
174066,12,9,2,7,4,66,95,11,161,73,99,172
174075,12,9,2,1,4,15,13,5,28,16,17,33
174233,12,9,2,2,2,2,5,4,7,4,7,11
174251,12,9,2,0,0,1,1,0,2,1,1,2
174491,12,9,2,0,1,3,6,1,9,3,7,10
174507,12,9,2,0,1,1,7,1,8,1,8,9
174747,12,9,2,0,0,0,1,0,1,0,1,1
174792,12,9,2,0,0,2,0,0,2,2,0,2
174899,12,9,2,3,9,3,22,12,25,6,31,37
174914,12,9,2,1,1,9,12,2,21,10,13,23
175005,12,9,2,0,10,5,31,10,36,5,41,46
175014,12,9,2,5,32,13,38,37,51,18,70,88
175120,12,9,2,10,5,0,0,15,0,10,5,15
175227,12,9,2,5,1,2,1,6,3,7,2,9
175421,12,9,2,8,13,13,27,21,40,21,40,61
175430,12,9,2,1,1,0,2,2,2,1,3,4
175573,12,9,2,4,9,5,24,13,29,9,33,42
175616,12,9,2,3,8,3,14,11,17,6,22,28
175652,12,9,2,3,6,8,15,9,23,11,21,32
175786,12,9,2,21,45,16,67,66,83,37,112,149
175810,12,9,2,5,15,17,40,20,57,22,55,77
175829,12,9,2,4,4,7,15,8,22,11,19,30
175856,12,9,2,9,46,10,36,55,46,19,82,101
175883,12,9,2,4,11,6,15,15,21,10,26,36
175935,12,9,2,9,10,7,41,19,48,16,51,67
176008,12,9,2,2,2,7,5,4,12,9,7,16
176017,12,9,2,1,13,12,17,14,29,13,30,43
176035,12,9,2,2,19,5,13,21,18,7,32,39
176044,12,9,2,3,17,4,3,20,7,7,20,27
176053,12,9,2,1,3,1,10,4,11,2,13,15
176080,12,9,2,7,16,25,32,23,57,32,48,80
176178,12,9,2,4,15,5,38,19,43,9,53,62
176239,12,9,2,4,28,5,14,32,19,9,42,51
176318,12,9,2,1,3,0,0,4,0,1,3,4
176372,12,9,2,9,27,23,52,36,75,32,79,111
176451,12,9,2,0,0,1,0,0,1,1,0,1
176479,12,9,2,3,34,3,13,37,16,6,47,53
176628,12,9,2,0,1,0,6,1,6,0,7,7
176947,12,9,2,1,3,0,0,4,0,1,3,4
176965,12,9,2,5,10,32,25,15,57,37,35,72
176983,12,9,2,2,0,0,0,2,0,2,0,2
177135,12,9,2,3,4,14,23,7,37,17,27,44
177250,12,9,2,4,6,9,10,10,19,13,16,29
177302,12,9,2,12,1,0,0,13,0,12,1,13
177418,12,9,2,1,3,1,4,4,5,2,7,9
177472,12,9,2,14,21,34,82,35,116,48,103,151
177676,12,9,2,5,5,13,27,10,40,18,32,50
177685,12,9,2,0,1,0,0,1,0,0,1,1
177940,12,9,2,1,3,1,4,4,5,2,7,9
177977,12,9,2,0,0,4,1,0,5,4,1,5
177986,12,9,2,0,0,2,3,0,5,2,3,5
177995,12,9,2,14,22,71,119,36,190,85,141,226
178059,12,9,2,3,10,27,77,13,104,30,87,117
178217,12,9,2,0,5,4,11,5,15,4,16,20
178341,12,9,2,6,8,13,26,14,39,19,34,53
178369,12,9,2,0,0,1,1,0,2,1,1,2
178387,12,9,2,2,4,5,11,6,16,7,15,22
178396,12,9,2,2,7,11,25,9,36,13,32,45
178402,12,9,2,3,9,13,19,12,32,16,28,44
178411,12,9,2,2,0,1,2,2,3,3,2,5
178420,12,9,2,11,14,23,38,25,61,34,52,86
178448,12,9,2,1,2,15,24,3,39,16,26,42
178615,12,9,2,0,0,13,45,0,58,13,45,58
178624,12,9,2,0,4,4,10,4,14,4,14,18
178679,12,9,2,4,1,3,3,5,6,7,4,11
178721,12,9,2,28,32,72,58,60,130,100,90,190
178891,12,9,2,5,1,13,0,6,13,18,1,19
178989,12,9,2,1,4,0,1,5,1,1,5,6
179043,12,9,2,2,1,3,14,3,17,5,15,20
179308,12,9,2,19,31,100,304,50,404,119,335,454
179326,12,9,2,0,4,5,9,4,14,5,13,18
179344,12,9,2,1,0,6,10,1,16,7,10,17
179539,12,9,2,2,5,8,19,7,27,10,24,34
179557,12,9,2,3,10,8,25,13,33,11,35,46
179566,12,9,2,11,27,18,28,38,46,29,55,84
179645,12,9,2,2,11,0,18,13,18,2,29,31
179715,12,9,2,2,3,2,7,5,9,4,10,14
179867,12,9,2,2,0,18,54,2,72,20,54,74
179894,12,9,2,6,5,11,24,11,35,17,29,46
179946,12,9,2,1,0,1,0,1,1,2,0,2
180081,12,9,2,1,1,0,0,2,0,1,1,2
180106,12,9,2,0,0,0,2,0,2,0,2,2
180151,12,9,2,3,0,3,1,3,4,6,1,7
180179,12,9,2,11,17,4,39,28,43,15,56,71
180197,12,9,2,4,2,13,31,6,44,17,33,50
180249,12,9,2,2,5,3,7,7,10,5,12,17
180258,12,9,2,1,12,3,9,13,12,4,21,25
180276,12,9,2,2,2,0,9,4,9,2,11,13
180416,12,9,2,1,2,2,2,3,4,3,4,7
180461,12,9,2,6,7,7,19,13,26,13,26,39
180522,12,9,2,3,3,9,9,6,18,12,12,24
180595,12,9,2,1,0,0,2,1,2,1,2,3
180647,12,9,2,6,21,10,20,27,30,16,41,57
180692,12,9,2,2,6,4,30,8,34,6,36,42
180814,12,9,2,168,238,135,244,406,379,303,482,785
180902,12,9,2,4,10,33,84,14,117,37,94,131
180948,12,9,2,0,12,7,16,12,23,7,28,35
181002,12,9,2,1,3,0,6,4,6,1,9,10
181020,12,9,2,2,8,3,4,10,7,5,12,17
181127,12,9,2,1,1,0,1,2,1,1,2,3
181215,12,9,2,3,6,8,6,9,14,11,12,23
181297,12,9,2,0,5,0,7,5,7,0,12,12
181303,12,9,2,15,24,120,143,39,263,135,167,302
181312,12,9,2,3,2,8,24,5,32,11,26,37
181330,12,9,2,2,0,0,2,2,2,2,2,4
181394,12,9,2,9,16,37,42,25,79,46,58,104
181428,12,9,2,0,2,0,5,2,5,0,7,7
181446,12,9,2,0,1,0,3,1,3,0,4,4
181464,12,9,2,2,1,8,6,3,14,10,7,17
181491,12,9,2,1,3,228,49,4,277,229,52,281
181604,12,9,2,0,0,1,1,0,2,1,1,2
181640,12,9,2,12,7,49,70,19,119,61,77,138
181738,12,9,2,0,0,2,14,0,16,2,14,16
181783,12,9,2,0,3,3,7,3,10,3,10,13
181817,12,9,2,2,2,7,11,4,18,9,13,22
182005,12,9,2,45,56,203,342,101,545,248,398,646
182281,12,9,2,24,50,40,70,74,110,64,120,184
182290,12,9,2,7,11,18,26,18,44,25,37,62
182306,12,9,2,8,10,42,67,18,109,50,77,127
182500,12,9,2,9,11,87,105,20,192,96,116,212
182564,12,9,2,5,8,64,53,13,117,69,61,130
182722,12,9,2,2,0,0,1,2,1,2,1,3
182980,12,9,2,4,5,1,0,9,1,5,5,10
183026,12,9,2,410,815,2414,5256,1225,7670,2824,6071,8895
183044,12,9,2,3,2,3,3,5,6,6,5,11
183062,12,9,2,1,1,3,3,2,6,4,4,8
183071,12,9,2,0,1,2,1,1,3,2,2,4
183080,12,9,2,0,1,0,5,1,5,0,6,6
183257,12,9,2,6,27,18,62,33,80,24,89,113
183488,12,9,2,2,11,0,3,13,3,2,14,16
183655,12,9,2,4,12,26,93,16,119,30,105,135
183743,12,9,2,14,27,38,105,41,143,52,132,184
183789,12,9,2,12,19,14,38,31,52,26,57,83
183822,12,9,2,2,3,1,4,5,5,3,7,10
183859,12,9,2,6,7,30,112,13,142,36,119,155
183910,12,9,2,0,2,0,10,2,10,0,12,12
183938,12,9,2,14,22,73,179,36,252,87,201,288
184056,12,9,2,2,3,0,0,5,0,2,3,5
184180,12,9,2,3,7,27,68,10,95,30,75,105
184205,12,9,2,4,6,16,47,10,63,20,53,73
184427,12,9,2,1,0,0,0,1,0,1,0,1
184481,12,9,2,12,38,42,107,50,149,54,145,199
184603,12,9,2,5,5,15,42,10,57,20,47,67
184612,12,9,2,0,6,0,2,6,2,0,8,8
184694,12,9,2,0,0,0,2,0,2,0,2,2
184773,12,9,2,0,4,2,3,4,5,2,7,9
184782,12,9,2,8,11,21,63,19,84,29,74,103
184791,12,9,2,3,8,2,35,11,37,5,43,48
184959,12,9,2,3,6,0,8,9,8,3,14,17
184995,12,9,2,15,38,28,80,53,108,43,118,161
185262,12,9,2,6,30,16,57,36,73,22,87,109
185396,12,9,2,5,1,1,1,6,2,6,2,8
185509,12,9,2,0,8,25,69,8,94,25,77,102
185536,12,9,2,2,10,26,67,12,93,28,77,105
185572,12,9,2,1,1,1,4,2,5,2,5,7
185590,12,9,2,2,19,14,28,21,42,16,47,63
185721,12,9,2,1,2,0,7,3,7,1,9,10
185828,12,9,2,7,1,8,2,8,10,15,3,18
185873,12,9,2,2,9,27,80,11,107,29,89,118
186016,12,9,2,1,1,1,3,2,4,2,4,6
186034,12,9,2,3,16,19,86,19,105,22,102,124
186131,12,9,2,0,0,1,1,0,2,1,1,2
186201,12,9,2,3,10,7,25,13,32,10,35,45
186283,12,9,2,0,2,5,14,2,19,5,16,21
186371,12,9,2,9,19,12,32,28,44,21,51,72
186380,12,9,2,8,10,12,53,18,65,20,63,83
186399,12,9,2,10,24,46,39,34,85,56,63,119
186405,12,9,2,1,0,0,0,1,0,1,0,1
186432,12,9,2,2,7,2,5,9,7,4,12,16
186469,12,9,2,2,1,6,25,3,31,8,26,34
186584,12,9,2,1,2,0,2,3,2,1,4,5
186618,12,9,2,0,3,7,14,3,21,7,17,24
186645,12,9,2,5,4,87,81,9,168,92,85,177
186876,12,9,2,3,20,3,5,23,8,6,25,31
187046,12,9,2,0,0,362,409,0,771,362,409,771
187134,12,9,2,1,2,0,5,3,5,1,7,8
187198,12,9,2,7,17,35,129,24,164,42,146,188
187444,12,9,2,2,21,12,65,23,77,14,86,100
187532,12,9,2,30,41,226,497,71,723,256,538,794
187620,12,9,2,13,13,35,53,26,88,48,66,114
187639,12,9,2,1,6,34,92,7,126,35,98,133
187648,12,9,2,7,14,45,55,21,100,52,69,121
187897,12,9,2,3,20,9,44,23,53,12,64,76
187958,12,9,2,4,5,8,35,9,43,12,40,52
187967,12,9,2,0,0,3,13,0,16,3,13,16
187976,12,9,2,1,0,11,13,1,24,12,13,25
187985,12,9,2,26,35,48,131,61,179,74,166,240
187994,12,9,2,1,3,13,25,4,38,14,28,42
188003,12,9,2,1,2,1,10,3,11,2,12,14
188021,12,9,2,1,4,5,19,5,24,6,23,29
188030,12,9,2,10,24,38,60,34,98,48,84,132
188049,12,9,2,2,1,10,24,3,34,12,25,37
188100,12,9,2,13,15,51,105,28,156,64,120,184
188137,12,9,2,9,11,71,184,20,255,80,195,275
188225,12,9,2,4,4,11,23,8,34,15,27,42
188261,12,9,2,3,0,47,7,3,54,50,7,57
188340,12,9,2,6,1,5,0,7,5,11,1,12
188429,12,9,2,2,7,5,12,9,17,7,19,26
188438,12,9,2,5,3,7,18,8,25,12,21,33
188517,12,9,2,0,3,2,3,3,5,2,6,8
188641,12,9,2,0,1,0,2,1,2,0,3,3
188854,12,9,2,1,1,0,0,2,0,1,1,2
189228,12,9,2,9,13,10,28,22,38,19,41,60
189282,12,9,2,2,1,0,1,3,1,2,2,4
189547,12,9,2,9,9,10,31,18,41,19,40,59
189565,12,9,2,1,5,1,3,6,4,2,8,10
189583,12,9,2,3,11,4,18,14,22,7,29,36
189592,12,9,2,2,8,0,6,10,6,2,14,16
189705,12,9,2,0,0,0,2,0,2,0,2,2
189839,12,9,2,1,4,24,15,5,39,25,19,44
190044,12,9,2,0,0,0,1,0,1,0,1,1
190053,12,9,2,2,1,1,6,3,7,3,7,10
190071,12,9,2,0,0,0,5,0,5,0,5,5
190169,12,9,2,3,2,11,20,5,31,14,22,36
190415,12,9,2,0,1,1,0,1,1,1,1,2
190442,12,9,2,0,2,20,12,2,32,20,14,34
190503,12,9,2,11,9,10,5,20,15,21,14,35
190761,12,9,2,2,0,1,4,2,5,3,4,7
190840,12,9,2,1,10,11,59,11,70,12,69,81
191083,12,9,2,24,22,26,31,46,57,50,53,103
191126,12,9,2,2,9,13,43,11,56,15,52,67
191199,12,9,2,10,14,17,50,24,67,27,64,91
191241,12,9,2,2,5,7,9,7,16,9,14,23
191302,12,9,2,2,3,4,16,5,20,6,19,25
191311,12,9,2,0,1,0,0,1,0,0,1,1
191339,12,9,2,2,10,13,28,12,41,15,38,53
191597,12,9,2,3,8,2,8,11,10,5,16,21
191612,12,9,2,3,15,10,12,18,22,13,27,40
191649,12,9,2,0,1,1,3,1,4,1,4,5
191676,12,9,2,1,7,0,2,8,2,1,9,10
191719,12,9,2,16,12,35,56,28,91,51,68,119
191940,12,9,2,0,3,0,0,3,0,0,3,3
191986,12,9,2,3,4,7,12,7,19,10,16,26
192022,12,9,2,10,9,8,10,19,18,18,19,37
192192,12,9,2,2,4,0,1,6,1,2,5,7
192271,12,9,2,0,1,0,0,1,0,0,1,1
192323,12,9,2,1,0,3,8,1,11,4,8,12
192448,12,9,2,5,15,8,21,20,29,13,36,49
192703,12,9,2,0,0,2,4,0,6,2,4,6
192749,12,9,2,0,1,2,2,1,4,2,3,5
192785,12,9,2,2,0,4,33,2,37,6,33,39
192819,12,9,2,1,3,9,7,4,16,10,10,20
193016,12,9,2,11,34,33,35,45,68,44,69,113
193283,12,9,2,11,16,11,18,27,29,22,34,56
193292,12,9,2,1,3,0,13,4,13,1,16,17
193326,12,9,2,28,37,51,111,65,162,79,148,227
193380,12,9,2,0,0,0,2,0,2,0,2,2
193399,12,9,2,1,7,0,3,8,3,1,10,11
193478,12,9,2,10,21,35,107,31,142,45,128,173
193584,12,9,2,0,1,1,1,1,2,1,2,3
193654,12,9,2,2,3,6,7,5,13,8,10,18
193858,12,9,2,0,1,0,0,1,0,0,1,1
193900,12,9,2,7,9,6,18,16,24,13,27,40
193946,12,9,2,5,13,6,18,18,24,11,31,42
193973,12,9,2,1,8,0,1,9,1,1,9,10
193991,12,9,2,0,1,0,0,1,0,0,1,1
194028,12,9,2,6,4,5,3,10,8,11,7,18
194091,12,9,2,4,3,5,8,7,13,9,11,20
194116,12,9,2,0,1,1,39,1,40,1,40,41
194222,12,9,2,3,11,9,38,14,47,12,49,61
194240,12,9,2,1,11,10,35,12,45,11,46,57
194310,12,9,2,4,4,14,14,8,28,18,18,36
194392,12,9,2,0,0,0,1,0,1,0,1,1
194578,12,9,2,0,0,2,0,0,2,2,0,2
195003,12,9,2,3,0,5,17,3,22,8,17,25
195058,12,9,2,5,8,12,66,13,78,17,74,91
195067,12,9,2,1,3,1,0,4,1,2,3,5
195128,12,9,2,1,0,1,2,1,3,2,2,4
195164,12,9,2,0,0,0,2,0,2,0,2,2
195234,12,9,2,1,3,0,2,4,2,1,5,6
195322,12,9,2,2,9,18,22,11,40,20,31,51
195474,12,9,2,0,0,3,4,0,7,3,4,7
195526,12,9,2,0,0,0,2,0,2,0,2,2
195544,12,9,2,2,10,8,34,12,42,10,44,54
195702,12,9,2,0,1,0,1,1,1,0,2,2
195720,12,9,2,0,0,1,3,0,4,1,3,4
195988,12,9,2,0,6,12,13,6,25,12,19,31
196006,12,9,2,7,12,2,15,19,17,9,27,36
196015,12,9,2,6,19,7,26,25,33,13,45,58
196024,12,9,2,1,1,8,20,2,28,9,21,30
196033,12,9,2,3,3,2,0,6,2,5,3,8
196042,12,9,2,6,7,13,40,13,53,19,47,66
196051,12,9,2,0,4,1,5,4,6,1,9,10
196060,12,9,2,5,3,8,9,8,17,13,12,25
196079,12,9,2,4,2,1,2,6,3,5,4,9
196088,12,9,2,0,5,11,20,5,31,11,25,36
196097,12,9,2,8,5,4,10,13,14,12,15,27
196103,12,9,2,1,2,1,1,3,2,2,3,5
196112,12,9,2,0,5,6,9,5,15,6,14,20
196121,12,9,2,2,4,2,18,6,20,4,22,26
196130,12,9,2,9,10,12,28,19,40,21,38,59
196149,12,9,2,1,2,0,2,3,2,1,4,5
196158,12,9,2,1,0,2,0,1,2,3,0,3
196167,12,9,2,1,1,0,0,2,0,1,1,2
196176,12,9,2,3,2,5,11,5,16,8,13,21
196185,12,9,2,0,1,1,1,1,2,1,2,3
196194,12,9,2,1,7,12,22,8,34,13,29,42
196200,12,9,2,3,2,1,3,5,4,4,5,9
196219,12,9,2,2,5,4,10,7,14,6,15,21
196246,12,9,2,3,4,14,26,7,40,17,30,47
196255,12,9,2,0,2,0,0,2,0,0,2,2
196264,12,9,2,58,187,150,452,245,602,208,639,847
196291,12,9,2,1,0,0,0,1,0,1,0,1
196307,12,9,2,0,2,2,1,2,3,2,3,5
196413,12,9,2,2,2,22,28,4,50,24,30,54
196565,12,9,2,6,6,12,27,12,39,18,33,51
196653,12,9,2,2,6,2,15,8,17,4,21,25
196699,12,9,2,3,4,10,25,7,35,13,29,42
197045,12,9,2,3,3,9,17,6,26,12,20,32
197285,12,9,2,3,18,1,3,21,4,4,21,25
197294,12,9,2,9,20,39,102,29,141,48,122,170
197337,12,9,2,0,2,0,0,2,0,0,2,2
197814,12,9,2,0,1,10,13,1,23,10,14,24
197850,12,9,2,1,6,10,35,7,45,11,41,52
197869,12,9,2,5,8,9,17,13,26,14,25,39
197887,12,9,2,14,18,43,95,32,138,57,113,170
197911,12,9,2,0,3,4,35,3,39,4,38,42
197966,12,9,2,0,7,7,37,7,44,7,44,51
197993,12,9,2,0,2,0,0,2,0,0,2,2
198066,12,9,2,0,2,0,1,2,1,0,3,3
198109,12,9,2,1,4,0,8,5,8,1,12,13
198118,12,9,2,3,11,10,31,14,41,13,42,55
198136,12,9,2,9,5,18,11,14,29,27,16,43
198154,12,9,2,46,24,643,383,70,1026,689,407,1096
198206,12,9,2,4,8,8,36,12,44,12,44,56
198260,12,9,2,27,53,89,223,80,312,116,276,392
198303,12,9,2,0,0,0,3,0,3,0,3,3
198330,12,9,2,7,18,12,30,25,42,19,48,67
198367,12,9,2,5,7,19,34,12,53,24,41,65
198455,12,9,2,5,3,47,109,8,156,52,112,164
198464,12,9,2,12,24,91,170,36,261,103,194,297
198507,12,9,2,2,19,8,31,21,39,10,50,60
198516,12,9,2,1,0,1,1,1,2,2,1,3
198534,12,9,2,59,78,104,191,137,295,163,269,432
198543,12,9,2,31,69,29,109,100,138,60,178,238
198552,12,9,2,13,17,42,164,30,206,55,181,236
198570,12,9,2,3,13,24,65,16,89,27,78,105
198598,12,9,2,0,4,1,9,4,10,1,13,14
198622,12,9,2,12,35,68,161,47,229,80,196,276
198668,12,9,2,4,7,1,34,11,35,5,41,46
198710,12,9,2,8,3,16,28,11,44,24,31,55
198756,12,9,2,3,17,1,3,20,4,4,20,24
198808,12,9,2,2,2,0,2,4,2,2,4,6
198817,12,9,2,0,3,19,29,3,48,19,32,51
198835,12,9,2,0,0,1,1,0,2,1,1,2
198862,12,9,2,7,6,0,1,13,1,7,7,14
198899,12,9,2,0,3,2,3,3,5,2,6,8
198905,12,9,2,0,4,3,7,4,10,3,11,14
198950,12,9,2,0,1,1,4,1,5,1,5,6
198969,12,9,2,1,2,1,11,3,12,2,13,15
198987,12,9,2,2,7,11,28,9,39,13,35,48
199087,12,9,2,3,2,11,35,5,46,14,37,51
199102,12,9,2,7,16,22,36,23,58,29,52,81
199111,12,9,2,2,6,11,22,8,33,13,28,41
199120,12,9,2,1,5,5,9,6,14,6,14,20
199139,12,9,2,8,14,20,52,22,72,28,66,94
199148,12,9,2,7,35,27,115,42,142,34,150,184
199157,12,9,2,11,27,11,63,38,74,22,90,112
199184,12,9,2,0,0,1,0,0,1,1,0,1
199193,12,9,2,7,3,19,22,10,41,26,25,51
199218,12,9,2,5,27,25,113,32,138,30,140,170
199272,12,9,2,0,2,1,21,2,22,1,23,24
199281,12,9,2,21,43,26,110,64,136,47,153,200
199324,12,9,2,0,0,6,24,0,30,6,24,30
199412,12,9,2,0,3,2,3,3,5,2,6,8
199494,12,9,2,5,1,41,85,6,126,46,86,132
199607,12,9,2,0,2,1,11,2,12,1,13,14
199625,12,9,2,1,2,2,22,3,24,3,24,27
199731,12,9,2,1,4,16,40,5,56,17,44,61
199740,12,9,2,5,2,8,50,7,58,13,52,65
199759,12,9,2,17,0,10,2,17,12,27,2,29
199768,12,9,2,4,2,9,20,6,29,13,22,35
199795,12,9,2,0,1,5,7,1,12,5,8,13
199856,12,9,2,21,30,120,332,51,452,141,362,503
199865,12,9,2,0,1,0,4,1,4,0,5,5
199883,12,9,2,0,2,0,0,2,0,0,2,2
199908,12,9,2,3,5,12,29,8,41,15,34,49
199926,12,9,2,3,1,3,12,4,15,6,13,19
199971,12,9,2,5,3,0,0,8,0,5,3,8
199999,12,9,2,3,13,7,36,16,43,10,49,59
200004,12,9,2,8,25,44,106,33,150,52,131,183
200013,12,9,2,0,3,2,5,3,7,2,8,10
200022,12,9,2,11,4,33,12,15,45,44,16,60
200059,12,9,2,0,5,3,3,5,6,3,8,11
200086,12,9,2,0,3,0,4,3,4,0,7,7
200192,12,9,2,2,2,22,11,4,33,24,13,37
200217,12,9,2,0,4,6,13,4,19,6,17,23
200280,12,9,2,9,8,39,37,17,76,48,45,93
200305,12,9,2,4,3,37,4,7,41,41,7,48
200314,12,9,2,0,2,22,9,2,31,22,11,33
200332,12,9,2,3,3,7,12,6,19,10,15,25
200527,12,9,2,8,7,1,4,15,5,9,11,20
200554,12,9,2,5,6,3,1,11,4,8,7,15
200572,12,9,2,1,1,11,21,2,32,12,22,34
200590,12,9,2,1,7,0,0,8,0,1,7,8
200800,12,9,2,5,4,27,41,9,68,32,45,77
200846,12,9,2,0,2,1,2,2,3,1,4,5
201177,12,9,2,0,0,0,4,0,4,0,4,4
201195,12,9,2,1,1,5,5,2,10,6,6,12
201283,12,9,2,0,2,2,10,2,12,2,12,14
201432,12,9,2,1,4,1,8,5,9,2,12,14
201441,12,9,2,3,3,43,23,6,66,46,26,72
201469,12,9,2,0,6,0,3,6,3,0,9,9
201548,12,9,2,0,3,4,2,3,6,4,5,9
201645,12,9,2,0,0,0,3,0,3,0,3,3
201654,12,9,2,0,1,2,3,1,5,2,4,6
201821,12,9,2,1,5,0,14,6,14,1,19,20
201885,12,9,2,7,21,44,132,28,176,51,153,204
201946,12,9,2,4,22,17,128,26,145,21,150,171
201955,12,9,2,0,2,14,36,2,50,14,38,52
201964,12,9,2,15,30,19,24,45,43,34,54,88
202046,12,9,2,1,0,1,1,1,2,2,1,3
202170,12,9,2,1,1,0,0,2,0,1,1,2
202222,12,9,2,8,21,113,248,29,361,121,269,390
202356,12,9,2,12,33,142,415,45,557,154,448,602
202453,12,9,2,1,0,0,0,1,0,1,0,1
202480,12,9,2,0,5,13,7,5,20,13,12,25
202523,12,9,2,0,0,0,2,0,2,0,2,2
202648,12,9,2,0,2,16,38,2,54,16,40,56
202763,12,9,2,0,0,2,1,0,3,2,1,3
203128,12,9,2,0,0,0,4,0,4,0,4,4
203155,12,9,2,4,4,5,8,8,13,9,12,21
203289,12,9,2,3,2,0,0,5,0,3,2,5
203368,12,9,2,0,0,0,1,0,1,0,1,1
203447,12,9,2,0,1,15,24,1,39,15,25,40
203456,12,9,2,0,0,4,10,0,14,4,10,14
203465,12,9,2,1,0,4,28,1,32,5,28,33
203474,12,9,2,3,0,12,17,3,29,15,17,32
203483,12,9,2,0,0,6,11,0,17,6,11,17
203492,12,9,2,1,1,7,15,2,22,8,16,24
203517,12,9,2,4,11,30,62,15,92,34,73,107
203526,12,9,2,0,1,7,18,1,25,7,19,26
203544,12,9,2,0,3,1,4,3,5,1,7,8
203580,12,9,2,0,0,0,2,0,2,0,2,2
203599,12,9,2,3,3,36,93,6,129,39,96,135
203678,12,9,2,4,4,6,21,8,27,10,25,35
203720,12,9,2,2,0,0,4,2,4,2,4,6
203748,12,9,2,8,11,58,133,19,191,66,144,210
203757,12,9,2,0,4,0,5,4,5,0,9,9
203775,12,9,2,2,0,2,10,2,12,4,10,14
203845,12,9,2,0,0,0,2,0,2,0,2,2
203881,12,9,2,8,1,52,20,9,72,60,21,81
203960,12,9,2,2,10,4,49,12,53,6,59,65
204006,12,9,2,1,1,4,10,2,14,5,11,16
204015,12,9,2,1,3,7,10,4,17,8,13,21
204024,12,9,2,0,0,5,2,0,7,5,2,7
204194,12,9,2,4,13,4,7,17,11,8,20,28
204200,12,9,2,0,2,1,4,2,5,1,6,7
204255,12,9,2,1,1,4,4,2,8,5,5,10
204422,12,9,2,0,3,7,18,3,25,7,21,28
204468,12,9,2,1,3,2,9,4,11,3,12,15
204617,12,9,2,1,1,3,5,2,8,4,6,10
204635,12,9,2,1,0,0,1,1,1,1,1,2
204671,12,9,2,1,0,1,3,1,4,2,3,5
204680,12,9,2,0,2,3,4,2,7,3,6,9
204699,12,9,2,0,0,0,3,0,3,0,3,3
204705,12,9,2,1,3,0,3,4,3,1,6,7
204796,12,9,2,8,6,50,76,14,126,58,82,140
204802,12,9,2,0,0,3,8,0,11,3,8,11
204820,12,9,2,0,3,3,9,3,12,3,12,15
204839,12,9,2,1,4,6,11,5,17,7,15,22
204848,12,9,2,0,1,9,11,1,20,9,12,21
204857,12,9,2,4,22,43,167,26,210,47,189,236
204866,12,9,2,1,1,4,9,2,13,5,10,15
204909,12,9,2,0,0,0,1,0,1,0,1,1
204936,12,9,2,0,0,1,4,0,5,1,4,5
204945,12,9,2,5,12,69,58,17,127,74,70,144
205443,12,9,2,1,7,1,30,8,31,2,37,39
205470,12,9,2,33,21,293,238,54,531,326,259,585
205841,12,9,2,7,19,42,121,26,163,49,140,189
205966,12,9,2,3,6,1,16,9,17,4,22,26
206011,12,9,2,0,2,43,14,2,57,43,16,59
206279,12,9,2,10,2,14,9,12,23,24,11,35
206349,12,9,2,0,4,0,9,4,9,0,13,13
206507,12,9,2,0,3,0,3,3,3,0,6,6
206525,12,9,2,1,0,0,0,1,0,1,0,1
206589,12,9,2,0,0,0,1,0,1,0,1,1
206604,12,9,2,7,7,15,32,14,47,22,39,61
206613,12,9,2,1,0,0,4,1,4,1,4,5
206622,12,9,2,1,6,5,9,7,14,6,15,21
206695,12,9,2,7,16,10,40,23,50,17,56,73
206862,12,9,2,0,1,0,0,1,0,0,1,1
206914,12,9,2,6,18,14,28,24,42,20,46,66
206923,12,9,2,3,5,7,19,8,26,10,24,34
206996,12,9,2,2,3,8,23,5,31,10,26,36
207041,12,9,2,5,15,3,24,20,27,8,39,47
207050,12,9,2,2,3,2,8,5,10,4,11,15
207069,12,9,2,1,2,3,14,3,17,4,16,20
207102,12,9,2,1,0,0,0,1,0,1,0,1
207209,12,9,2,2,0,4,1,2,5,6,1,7
207236,12,9,2,3,3,2,15,6,17,5,18,23
207263,12,9,2,9,18,20,58,27,78,29,76,105
207281,12,9,2,0,2,7,24,2,31,7,26,33
207290,12,9,2,1,7,4,13,8,17,5,20,25
207306,12,9,2,0,2,6,7,2,13,6,9,15
207324,12,9,2,1,14,0,5,15,5,1,19,20
207342,12,9,2,0,4,0,0,4,0,0,4,4
207351,12,9,2,3,8,3,17,11,20,6,25,31
207388,12,9,2,3,21,28,33,24,61,31,54,85
207500,12,9,2,10,10,31,24,20,55,41,34,75
207564,12,9,2,11,5,20,11,16,31,31,16,47
207582,12,9,2,16,26,22,64,42,86,38,90,128
207661,12,9,2,11,11,10,12,22,22,21,23,44
207670,12,9,2,11,14,26,78,25,104,37,92,129
207740,12,9,2,2,2,5,18,4,23,7,20,27
207847,12,9,2,6,23,22,36,29,58,28,59,87
207865,12,9,2,1,9,4,19,10,23,5,28,33
207935,12,9,2,19,21,83,166,40,249,102,187,289
207962,12,9,2,13,2,0,0,15,0,13,2,15
207971,12,9,2,1,2,0,3,3,3,1,5,6
208035,12,9,2,0,1,4,19,1,23,4,20,24
208275,12,9,2,0,6,10,16,6,26,10,22,32
208318,12,9,2,11,10,45,53,21,98,56,63,119
208390,12,9,2,17,15,68,84,32,152,85,99,184
208406,12,9,2,10,21,57,79,31,136,67,100,167
208415,12,9,2,1,1,19,15,2,34,20,16,36
208646,12,9,2,4,11,27,32,15,59,31,43,74
208822,12,9,2,4,10,6,14,14,20,10,24,34
209038,12,9,2,14,15,46,70,29,116,60,85,145
209074,12,9,2,12,12,22,29,24,51,34,41,75
209250,12,9,2,6,15,47,50,21,97,53,65,118
209490,12,9,2,1,5,0,1,6,1,1,6,7
209506,12,9,2,5,4,18,27,9,45,23,31,54
209542,12,9,2,16,31,100,149,47,249,116,180,296
209551,12,9,2,5,4,17,10,9,27,22,14,36
209603,12,9,2,1,1,1,0,2,1,2,1,3
209612,12,9,2,0,0,1,0,0,1,1,0,1
209746,12,9,2,52,57,171,299,109,470,223,356,579
209807,12,9,2,28,58,33,80,86,113,61,138,199
210234,12,9,2,4,5,7,21,9,28,11,26,37
210270,12,9,2,6,8,20,78,14,98,26,86,112
210429,12,9,2,5,4,1,15,9,16,6,19,25
210605,12,9,2,12,21,109,186,33,295,121,207,328
210739,12,9,2,1,1,8,20,2,28,9,21,30
210775,12,9,2,3,4,9,20,7,29,12,24,36
211088,12,9,2,0,1,2,7,1,9,2,8,10
211307,12,9,2,4,1,29,74,5,103,33,75,108
211316,12,9,2,0,2,0,2,2,2,0,4,4
211343,12,9,2,1,2,12,28,3,40,13,30,43
211352,12,9,2,0,1,1,1,1,2,1,2,3
211431,12,9,2,1,3,3,27,4,30,4,30,34
211440,12,9,2,0,0,2,1,0,3,2,1,3
211556,12,9,2,1,0,2,5,1,7,3,5,8
211583,12,9,2,3,16,4,16,19,20,7,32,39
211608,12,9,2,0,3,2,7,3,9,2,10,12
211927,12,9,2,5,9,44,157,14,201,49,166,215
212045,12,9,2,2,3,0,1,5,1,2,4,6
212054,12,9,2,2,5,11,48,7,59,13,53,66
212106,12,9,2,0,2,1,2,2,3,1,4,5
212115,12,9,2,1,4,1,11,5,12,2,15,17
212133,12,9,2,1,6,11,64,7,75,12,70,82
212197,12,9,2,0,0,3,11,0,14,3,11,14
212230,12,9,2,0,1,0,0,1,0,0,1,1
212276,12,9,2,0,0,0,1,0,1,0,1,1
212294,12,9,2,0,0,0,1,0,1,0,1,1
212300,12,9,2,0,1,0,0,1,0,0,1,1
212328,12,9,2,0,1,0,0,1,0,0,1,1
212337,12,9,2,0,1,0,0,1,0,0,1,1
212601,12,9,2,2,1,0,4,3,4,2,5,7
212674,12,9,2,0,0,0,1,0,1,0,1,1
212771,12,9,2,0,0,0,2,0,2,0,2,2
212805,12,9,2,0,0,0,1,0,1,0,1,1
212869,12,9,2,1,20,1,20,21,21,2,40,42
212878,12,9,2,16,13,66,176,29,242,82,189,271
212984,12,9,2,0,3,2,8,3,10,2,11,13
213011,12,9,2,1,1,9,39,2,48,10,40,50
213020,12,9,2,1,4,62,22,5,84,63,26,89
213181,12,9,2,0,2,0,1,2,1,0,3,3
213251,12,9,2,0,1,4,0,1,4,4,1,5
213321,12,9,2,0,0,2,5,0,7,2,5,7
213349,12,9,2,3,3,13,27,6,40,16,30,46
213367,12,9,2,0,4,2,12,4,14,2,16,18
213376,12,9,2,5,10,2,10,15,12,7,20,27
213385,12,9,2,0,0,0,2,0,2,0,2,2
213507,12,9,2,0,0,0,5,0,5,0,5,5
213525,12,9,2,1,5,26,86,6,112,27,91,118
213570,12,9,2,3,18,0,0,21,0,3,18,21
213589,12,9,2,5,0,1,0,5,1,6,0,6
213598,12,9,2,1,4,11,13,5,24,12,17,29
213659,12,9,2,6,9,20,60,15,80,26,69,95
213668,12,9,2,0,0,0,2,0,2,0,2,2
213774,12,9,2,0,2,1,3,2,4,1,5,6
213987,12,9,2,1,5,3,5,6,8,4,10,14
213996,12,9,2,1,0,2,5,1,7,3,5,8
214041,12,9,2,3,2,6,28,5,34,9,30,39
214111,12,9,2,1,10,48,132,11,180,49,142,191
214148,12,9,2,0,0,0,2,0,2,0,2,2
214157,12,9,2,0,1,2,6,1,8,2,7,9
214175,12,9,2,1,5,3,3,6,6,4,8,12
214272,12,9,2,0,1,12,9,1,21,12,10,22
214379,12,9,2,7,11,43,168,18,211,50,179,229
214591,12,9,2,0,0,2,2,0,4,2,2,4
214625,12,9,2,0,0,0,1,0,1,0,1,1
214634,12,9,2,0,0,1,3,0,4,1,3,4
214643,12,9,2,0,0,2,0,0,2,2,0,2
214652,12,9,2,0,0,0,2,0,2,0,2,2
214670,12,9,2,0,1,0,2,1,2,0,3,3
214689,12,9,2,1,3,1,1,4,2,2,4,6
214704,12,9,2,0,1,2,3,1,5,2,4,6
214713,12,9,2,1,3,2,2,4,4,3,5,8
214731,12,9,2,0,0,1,2,0,3,1,2,3
214740,12,9,2,0,1,1,0,1,1,1,1,2
214759,12,9,2,0,0,0,1,0,1,0,1,1
214768,12,9,2,0,0,1,0,0,1,1,0,1
214777,12,9,2,0,0,44,15,0,59,44,15,59
214786,12,9,2,0,0,0,1,0,1,0,1,1
214795,12,9,2,1,0,2,3,1,5,3,3,6
214801,12,9,2,0,0,1,3,0,4,1,3,4
214810,12,9,2,0,0,1,1,0,2,1,1,2
214829,12,9,2,0,0,3,2,0,5,3,2,5
214883,12,9,2,3,15,21,99,18,120,24,114,138
215053,12,9,2,0,0,2,0,0,2,2,0,2
215062,12,9,2,1,2,30,59,3,89,31,61,92
215105,12,9,2,1,0,0,0,1,0,1,0,1
215239,12,9,2,11,18,83,194,29,277,94,212,306
215266,12,9,2,0,0,0,2,0,2,0,2,2
215284,12,9,2,1,0,1,2,1,3,2,2,4
215293,12,9,2,2,4,5,17,6,22,7,21,28
215309,12,9,2,0,0,0,1,0,1,0,1,1
215381,12,9,2,4,0,0,0,4,0,4,0,4
215442,12,9,2,1,2,6,7,3,13,7,9,16
215585,12,9,2,4,4,20,68,8,88,24,72,96
215655,12,9,2,0,0,6,8,0,14,6,8,14
215743,12,9,2,0,0,3,15,0,18,3,15,18
215798,12,9,2,0,0,0,1,0,1,0,1,1
215929,12,9,2,0,1,9,2,1,11,9,3,12
216010,12,9,2,3,1,2,15,4,17,5,16,21
216038,12,9,2,2,2,4,14,4,18,6,16,22
216339,12,9,2,10,12,37,65,22,102,47,77,124
216357,12,9,2,0,0,0,1,0,1,0,1,1
216366,12,9,2,3,14,7,25,17,32,10,39,49
216524,12,9,2,0,0,0,1,0,1,0,1,1
216542,12,9,2,0,0,0,4,0,4,0,4,4
216597,12,9,2,2,4,19,19,6,38,21,23,44
216694,12,9,2,0,1,3,3,1,6,3,4,7
216746,12,9,2,1,0,0,0,1,0,1,0,1
216764,12,9,2,1,8,9,43,9,52,10,51,61
216825,12,9,2,2,11,14,51,13,65,16,62,78
216852,12,9,2,1,2,7,12,3,19,8,14,22
216931,12,9,2,0,0,0,3,0,3,0,3,3
217013,12,9,2,0,3,5,21,3,26,5,24,29
217059,12,9,2,0,5,0,5,5,5,0,10,10
217156,12,9,2,0,1,1,0,1,1,1,1,2
217235,12,9,2,2,5,3,1,7,4,5,6,11
217305,12,9,2,5,6,3,5,11,8,8,11,19
217323,12,9,2,24,0,0,0,24,0,24,0,24
217402,12,9,2,0,0,7,16,0,23,7,16,23
217420,12,9,2,6,18,15,25,24,40,21,43,64
217518,12,9,2,2,1,21,7,3,28,23,8,31
217536,12,9,2,0,2,1,4,2,5,1,6,7
217581,12,9,2,0,0,0,1,0,1,0,1,1
217633,12,9,2,1,4,5,7,5,12,6,11,17
217688,12,9,2,1,0,5,7,1,12,6,7,13
217712,12,9,2,3,7,16,47,10,63,19,54,73
217721,12,9,2,3,2,0,0,5,0,3,2,5
217749,12,9,2,1,4,6,15,5,21,7,19,26
217819,12,9,2,2,4,11,25,6,36,13,29,42
217864,12,9,2,1,3,10,3,4,13,11,6,17
217873,12,9,2,11,19,9,6,30,15,20,25,45
217882,12,9,2,2,3,5,8,5,13,7,11,18
217891,12,9,2,8,12,0,1,20,1,8,13,21
217907,12,9,2,3,3,0,2,6,2,3,5,8
217925,12,9,2,2,1,17,23,3,40,19,24,43
217934,12,9,2,0,9,7,38,9,45,7,47,54
217961,12,9,2,1,2,0,4,3,4,1,6,7
217989,12,9,2,1,2,4,5,3,9,5,7,12
218025,12,9,2,5,12,13,36,17,49,18,48,66
218061,12,9,2,2,2,5,16,4,21,7,18,25
218113,12,9,2,22,33,67,125,55,192,89,158,247
218140,12,9,2,25,32,25,146,57,171,50,178,228
218229,12,9,2,0,7,2,12,7,14,2,19,21
218335,12,9,2,0,2,0,1,2,1,0,3,3
218353,12,9,2,17,32,35,141,49,176,52,173,225
218399,12,9,2,4,4,1,0,8,1,5,4,9
218414,12,9,2,0,3,0,2,3,2,0,5,5
218441,12,9,2,4,6,4,4,10,8,8,10,18
218487,12,9,2,3,5,5,37,8,42,8,42,50
218520,12,9,2,19,28,38,121,47,159,57,149,206
218645,12,9,2,4,4,3,22,8,25,7,26,33
218654,12,9,2,2,7,2,11,9,13,4,18,22
218663,12,9,2,5,8,18,29,13,47,23,37,60
218672,12,9,2,0,2,3,9,2,12,3,11,14
218681,12,9,2,1,1,3,19,2,22,4,20,24
218690,12,9,2,0,1,2,7,1,9,2,8,10
218706,12,9,2,0,1,3,0,1,3,3,1,4
218724,12,9,2,10,6,10,12,16,22,20,18,38
218733,12,9,2,4,3,2,11,7,13,6,14,20
218742,12,9,2,2,8,14,15,10,29,16,23,39
218821,12,9,2,1,3,1,1,4,2,2,4,6
218830,12,9,2,13,20,29,91,33,120,42,111,153
218885,12,9,2,4,3,19,27,7,46,23,30,53
218919,12,9,2,3,5,0,1,8,1,3,6,9
218991,12,9,2,5,12,22,54,17,76,27,66,93
219082,12,9,2,1,0,14,5,1,19,15,5,20
219189,12,9,2,2,3,7,8,5,15,9,11,20
219198,12,9,2,1,0,5,3,1,8,6,3,9
219204,12,9,2,2,1,28,40,3,68,30,41,71
219259,12,9,2,3,2,1,11,5,12,4,13,17
219277,12,9,2,2,18,18,39,20,57,20,57,77
219347,12,9,2,1,0,1,2,1,3,2,2,4
219426,12,9,2,5,5,4,15,10,19,9,20,29
219471,12,9,2,2,1,6,13,3,19,8,14,22
219480,12,9,2,5,3,3,4,8,7,8,7,15
219602,12,9,2,13,17,16,26,30,42,29,43,72
219639,12,9,2,0,1,1,12,1,13,1,13,14
219806,12,9,2,0,2,1,2,2,3,1,4,5
219824,12,9,2,4,22,23,49,26,72,27,71,98
219833,12,9,2,0,6,1,4,6,5,1,10,11
219879,12,9,2,4,5,16,24,9,40,20,29,49
219888,12,9,2,2,11,19,44,13,63,21,55,76
219921,12,9,2,0,0,1,1,0,2,1,1,2
219994,12,9,2,15,7,3,0,22,3,18,7,25
220057,12,9,2,9,6,7,38,15,45,16,44,60
220075,12,9,2,12,18,25,55,30,80,37,73,110
220127,12,9,2,4,5,3,0,9,3,7,5,12
220215,12,9,2,0,0,3,1,0,4,3,1,4
220251,12,9,2,1,2,2,1,3,3,3,3,6
220279,12,9,2,3,2,0,0,5,0,3,2,5
220321,12,9,2,2,1,1,3,3,4,3,4,7
220394,12,9,2,5,1,1,0,6,1,6,1,7
220400,12,9,2,1,4,12,34,5,46,13,38,51
220473,12,9,2,2,1,2,4,3,6,4,5,9
220516,12,9,2,8,15,1,6,23,7,9,21,30
220598,12,9,2,8,2,0,0,10,0,8,2,10
220604,12,9,2,10,12,2,8,22,10,12,20,32
220701,12,9,2,0,2,1,1,2,2,1,3,4
220710,12,9,2,1,4,0,0,5,0,1,4,5
220862,12,9,2,6,34,50,153,40,203,56,187,243
220978,12,9,2,12,26,43,80,38,123,55,106,161
221050,12,9,2,13,6,2,1,19,3,15,7,22
221096,12,9,2,7,9,23,49,16,72,30,58,88
221148,12,9,2,11,0,0,0,11,0,11,0,11
221184,12,9,2,7,17,40,121,24,161,47,138,185
221333,12,9,2,0,2,3,0,2,3,3,2,5
221397,12,9,2,5,5,22,55,10,77,27,60,87
221430,12,9,2,4,2,3,0,6,3,7,2,9
221485,12,9,2,5,17,31,132,22,163,36,149,185
221494,12,9,2,8,3,0,2,11,2,8,5,13
221582,12,9,2,2,0,1,0,2,1,3,0,3
221607,12,9,2,0,3,2,0,3,2,2,3,5
221625,12,9,2,10,7,0,0,17,0,10,7,17
221643,12,9,2,8,11,33,79,19,112,41,90,131
221740,12,9,2,1,5,16,27,6,43,17,32,49
221759,12,9,2,7,5,12,17,12,29,19,22,41
221768,12,9,2,4,11,20,27,15,47,24,38,62
221838,12,9,2,2,11,9,40,13,49,11,51,62
221847,12,9,2,4,8,11,17,12,28,15,25,40
221908,12,9,2,9,12,56,52,21,108,65,64,129
222053,12,9,2,7,18,34,88,25,122,41,106,147
222062,12,9,2,8,10,11,39,18,50,19,49,68
222178,12,9,2,1,1,1,1,2,2,2,2,4
222576,12,9,2,19,30,27,65,49,92,46,95,141
222822,12,9,2,4,8,11,20,12,31,15,28,43
222831,12,9,2,2,8,7,9,10,16,9,17,26
222877,12,9,2,1,1,0,0,2,0,1,1,2
222992,12,9,2,35,40,245,490,75,735,280,530,810
223232,12,9,2,2,3,1,8,5,9,3,11,14
223320,12,9,2,4,8,3,20,12,23,7,28,35
223506,12,9,2,1,0,25,38,1,63,26,38,64
223816,12,9,2,2,11,103,145,13,248,105,156,261
223922,12,9,2,0,2,9,6,2,15,9,8,17
224147,12,9,2,5,3,11,26,8,37,16,29,45
224156,12,9,2,0,2,0,3,2,3,0,5,5
224323,12,9,2,0,0,0,1,0,1,0,1,1
224527,12,9,2,0,0,4,6,0,10,4,6,10
224554,12,9,2,53,60,47,59,113,106,100,119,219
224615,12,9,2,55,71,305,597,126,902,360,668,1028
224642,12,9,2,14,13,57,119,27,176,71,132,203
224891,12,9,2,3,3,2,4,6,6,5,7,12
224961,12,9,2,4,1,7,23,5,30,11,24,35
225247,12,9,2,0,2,1,2,2,3,1,4,5
225399,12,9,2,2,2,16,40,4,56,18,42,60
225414,12,9,2,9,11,26,76,20,102,35,87,122
225432,12,9,2,16,39,71,183,55,254,87,222,309
225511,12,9,2,10,15,23,37,25,60,33,52,85
225548,12,9,2,0,2,3,4,2,7,3,6,9
225885,12,9,2,5,10,2,6,15,8,7,16,23
226116,12,9,2,1,5,4,24,6,28,5,29,34
226134,12,9,2,4,1,14,32,5,46,18,33,51
226204,12,9,2,15,4,137,49,19,186,152,53,205
226277,12,9,2,22,0,0,0,22,0,22,0,22
226383,12,9,2,1,0,1,6,1,7,2,6,8
226408,12,9,2,7,4,12,39,11,51,19,43,62
226471,12,9,2,3,7,3,7,10,10,6,14,20
226578,12,9,2,6,10,24,84,16,108,30,94,124
226587,12,9,2,4,3,2,3,7,5,6,6,12
226675,12,9,2,1,0,0,0,1,0,1,0,1
227146,12,9,2,3,11,9,30,14,39,12,41,53
227182,12,9,2,53,88,214,598,141,812,267,686,953
227216,12,9,2,8,23,47,86,31,133,55,109,164
227331,12,9,2,3,8,3,8,11,11,6,16,22
227368,12,9,2,5,24,18,41,29,59,23,65,88
227377,12,9,2,4,6,10,17,10,27,14,23,37
227386,12,9,2,5,7,5,23,12,28,10,30,40
227401,12,9,2,10,16,6,28,26,34,16,44,60
227526,12,9,2,2,8,2,11,10,13,4,19,23
227757,12,9,2,0,0,1,0,0,1,1,0,1
227845,12,9,2,0,2,1,2,2,3,1,4,5
227863,12,9,2,9,22,91,20,31,111,100,42,142
227881,12,9,2,8,24,20,83,32,103,28,107,135
227979,12,9,2,11,28,68,201,39,269,79,229,308
228042,12,9,2,2,7,0,4,9,4,2,11,13
228149,12,9,2,2,0,3,4,2,7,5,4,9
228158,12,9,2,12,27,21,45,39,66,33,72,105
228246,12,9,2,0,0,0,2,0,2,0,2,2
228343,12,9,2,0,0,0,2,0,2,0,2,2
228431,12,9,2,6,19,12,29,25,41,18,48,66
228459,12,9,2,4,21,23,47,25,70,27,68,95
228501,12,9,2,1,3,5,12,4,17,6,15,21
228529,12,9,2,2,14,37,68,16,105,39,82,121
228547,12,9,2,26,31,184,432,57,616,210,463,673
228644,12,9,2,1,2,4,2,3,6,5,4,9
228653,12,9,2,1,3,1,4,4,5,2,7,9
228699,12,9,2,4,10,9,33,14,42,13,43,56
228705,12,9,2,3,8,2,14,11,16,5,22,27
228723,12,9,2,6,5,1,7,11,8,7,12,19
228769,12,9,2,19,47,116,462,66,578,135,509,644
228778,12,9,2,3,2,9,16,5,25,12,18,30
228787,12,9,2,1,1,10,23,2,33,11,24,35
228796,12,9,2,11,16,32,50,27,82,43,66,109
228802,12,9,2,4,22,20,48,26,68,24,70,94
228875,12,9,2,1,5,3,5,6,8,4,10,14
229018,12,9,2,13,26,25,37,39,62,38,63,101
229027,12,9,2,14,32,43,62,46,105,57,94,151
229063,12,9,2,7,18,10,17,25,27,17,35,52
229115,12,9,2,16,18,19,50,34,69,35,68,103
229179,12,9,2,1,34,8,68,35,76,9,102,111
229267,12,9,2,0,0,0,3,0,3,0,3,3
229337,12,9,2,2,10,0,9,12,9,2,19,21
229355,12,9,2,9,13,18,63,22,81,27,76,103
229504,12,9,2,5,0,9,16,5,25,14,16,30
229780,12,9,2,20,38,59,62,58,121,79,100,179
229799,12,9,2,4,11,10,46,15,56,14,57,71
229814,12,9,2,4,14,28,36,18,64,32,50,82
229841,12,9,2,0,1,6,34,1,40,6,35,41
229887,12,9,2,7,13,1,5,20,6,8,18,26
230038,12,9,2,2,14,5,58,16,63,7,72,79
230047,12,9,2,0,3,4,1,3,5,4,4,8
230162,12,9,2,13,4,27,7,17,34,40,11,51
230171,12,9,2,3,13,19,46,16,65,22,59,81
230214,12,9,2,0,0,2,0,0,2,2,0,2
230597,12,9,2,2,3,12,16,5,28,14,19,33
230603,12,9,2,7,22,53,259,29,312,60,281,341
230676,12,9,2,4,8,6,7,12,13,10,15,25
230728,12,9,2,11,26,30,85,37,115,41,111,152
230746,12,9,2,14,20,90,206,34,296,104,226,330
230764,12,9,2,6,14,57,79,20,136,63,93,156
230782,12,9,2,14,41,73,123,55,196,87,164,251
230807,12,9,2,0,1,0,1,1,1,0,2,2
230816,12,9,2,0,0,9,2,0,11,9,2,11
230834,12,9,2,0,2,7,9,2,16,7,11,18
230852,12,9,2,17,18,52,48,35,100,69,66,135
230861,12,9,2,2,7,51,205,9,256,53,212,265
230913,12,9,2,2,9,7,22,11,29,9,31,40
231059,12,9,2,0,0,1,1,0,2,1,1,2
231095,12,9,2,0,1,1,0,1,1,1,1,2
231165,12,9,2,3,11,11,21,14,32,14,32,46
231174,12,9,2,0,3,11,45,3,56,11,48,59
231280,12,9,2,0,1,0,0,1,0,0,1,1
231411,12,9,2,11,6,0,0,17,0,11,6,17
231420,12,9,2,4,10,2,9,14,11,6,19,25
231536,12,9,2,1,6,13,27,7,40,14,33,47
231624,12,9,2,0,2,0,0,2,0,0,2,2
231697,12,9,2,1,1,14,42,2,56,15,43,58
231712,12,9,2,0,1,0,1,1,1,0,2,2
231785,12,9,2,9,23,7,23,32,30,16,46,62
231873,12,9,2,1,3,1,9,4,10,2,12,14
231882,12,9,2,5,7,13,20,12,33,18,27,45
232043,12,9,2,1,1,1,3,2,4,2,4,6
232052,12,9,2,0,3,2,3,3,5,2,6,8
232089,12,9,2,0,0,0,1,0,1,0,1,1
232186,12,9,2,8,21,58,101,29,159,66,122,188
232195,12,9,2,5,13,28,83,18,111,33,96,129
232414,12,9,2,5,18,64,134,23,198,69,152,221
232450,12,9,2,6,10,46,98,16,144,52,108,160
232557,12,9,2,418,624,787,1155,1042,1942,1205,1779,2984
232566,12,9,2,0,1,0,1,1,1,0,2,2
232575,12,9,2,1,4,11,55,5,66,12,59,71
232609,12,9,2,0,1,1,0,1,1,1,1,2
232706,12,9,2,0,3,2,5,3,7,2,8,10
232788,12,9,2,1,3,14,25,4,39,15,28,43
232867,12,9,2,1,6,16,25,7,41,17,31,48
232946,12,9,2,32,55,351,564,87,915,383,619,1002
232982,12,9,2,15,28,65,126,43,191,80,154,234
233019,12,9,2,5,7,7,12,12,19,12,19,31
233037,12,9,2,2,7,8,23,9,31,10,30,40
233116,12,9,2,7,1,35,69,8,104,42,70,112
233277,12,9,2,1,2,5,12,3,17,6,14,20
233286,12,9,2,0,2,0,0,2,0,0,2,2
233310,12,9,2,3,3,6,39,6,45,9,42,51
233338,12,9,2,0,1,0,2,1,2,0,3,3
233374,12,9,2,0,0,5,14,0,19,5,14,19
233426,12,9,2,0,0,1,1,0,2,1,1,2
233541,12,9,2,1,1,1,3,2,4,2,4,6
233611,12,9,2,0,0,1,2,0,3,1,2,3
233639,12,9,2,4,8,24,47,12,71,28,55,83
233648,12,9,2,3,9,6,31,12,37,9,40,49
233718,12,9,2,0,0,0,1,0,1,0,1,1
233754,12,9,2,6,16,43,87,22,130,49,103,152
233772,12,9,2,27,33,117,305,60,422,144,338,482
233903,12,9,2,5,7,10,19,12,29,15,26,41
233921,12,9,2,3,1,4,1,4,5,7,2,9
233949,12,9,2,6,8,49,66,14,115,55,74,129
234030,12,9,2,3,9,20,42,12,62,23,51,74
234076,12,9,2,31,3,31,42,34,73,62,45,107
234119,12,9,2,0,2,0,1,2,1,0,3,3
234155,12,9,2,3,12,8,20,15,28,11,32,43
234377,12,9,2,1,4,29,22,5,51,30,26,56
234669,12,9,2,22,36,43,126,58,169,65,162,227
234696,12,9,2,16,18,12,10,34,22,28,28,56
234711,12,9,2,6,4,20,21,10,41,26,25,51
234827,12,9,2,4,29,16,45,33,61,20,74,94
234845,12,9,2,14,22,24,58,36,82,38,80,118
234924,12,9,2,0,1,0,0,1,0,0,1,1
234933,12,9,2,20,28,40,74,48,114,60,102,162
234951,12,9,2,35,34,39,99,69,138,74,133,207
234979,12,9,2,10,18,26,37,28,63,36,55,91
235024,12,9,2,0,0,0,1,0,1,0,1,1
235097,12,9,2,8,12,6,17,20,23,14,29,43
235103,12,9,2,28,47,74,116,75,190,102,163,265
235149,12,9,2,17,18,41,91,35,132,58,109,167
235237,12,9,2,19,30,152,260,49,412,171,290,461
235316,12,9,2,0,0,1,2,0,3,1,2,3
235334,12,9,2,12,15,23,25,27,48,35,40,75
235343,12,9,2,16,25,28,45,41,73,44,70,114
235431,12,9,2,6,22,21,101,28,122,27,123,150
235547,12,9,2,0,1,1,4,1,5,1,5,6
235671,12,9,2,28,64,58,58,92,116,86,122,208
235699,12,9,2,11,24,18,58,35,76,29,82,111
235750,12,9,2,13,17,13,47,30,60,26,64,90
236072,12,9,2,16,25,55,164,41,219,71,189,260
236188,12,9,2,30,46,41,61,76,102,71,107,178
236258,12,9,2,8,10,20,53,18,73,28,63,91
236328,12,9,2,0,0,1,2,0,3,1,2,3
236382,12,9,2,20,18,69,24,38,93,89,42,131
236452,12,9,2,6,0,1,2,6,3,7,2,9
236504,12,9,2,12,2,66,29,14,95,78,31,109
236513,12,9,2,20,37,14,26,57,40,34,63,97
236577,12,9,2,0,1,1,0,1,1,1,1,2
236595,12,9,2,1,2,0,0,3,0,1,2,3
236610,12,9,2,14,12,30,47,26,77,44,59,103
236638,12,9,2,17,21,31,60,38,91,48,81,129
236656,12,9,2,19,28,14,43,47,57,33,71,104
236692,12,9,2,36,47,36,79,83,115,72,126,198
236708,12,9,2,10,30,12,40,40,52,22,70,92
236753,12,9,2,23,52,18,62,75,80,41,114,155
236887,12,9,2,22,28,61,19,50,80,83,47,130
236896,12,9,2,1,1,2,2,2,4,3,3,6
236939,12,9,2,13,24,28,69,37,97,41,93,134
236975,12,9,2,8,17,7,30,25,37,15,47,62
237011,12,9,2,4,6,5,9,10,14,9,15,24
237039,12,9,2,15,8,9,34,23,43,24,42,66
237057,12,9,2,0,0,0,2,0,2,0,2,2
237066,12,9,2,1,0,0,1,1,1,1,1,2
237109,12,9,2,5,14,3,24,19,27,8,38,46
237118,12,9,2,0,0,0,1,0,1,0,1,1
237312,12,9,2,29,19,18,3,48,21,47,22,69
237321,12,9,2,0,2,0,0,2,0,0,2,2
237330,12,9,2,2,7,5,3,9,8,7,10,17
237358,12,9,2,1,2,0,1,3,1,1,3,4
237367,12,9,2,3,10,5,13,13,18,8,23,31
237385,12,9,2,6,5,25,2,11,27,31,7,38
237525,12,9,2,3,12,16,24,15,40,19,36,55
237686,12,9,2,7,4,13,26,11,39,20,30,50
237701,12,9,2,2,1,0,0,3,0,2,1,3
237792,12,9,2,1,9,19,16,10,35,20,25,45
237817,12,9,2,0,6,3,10,6,13,3,16,19
237899,12,9,2,2,10,3,6,12,9,5,16,21
237950,12,9,2,2,1,1,5,3,6,3,6,9
237969,12,9,2,0,0,0,1,0,1,0,1,1
238014,12,9,2,4,11,3,10,15,13,7,21,28
238032,12,9,2,2,4,13,30,6,43,15,34,49
238175,12,9,2,0,1,0,0,1,0,0,1,1
238193,12,9,2,2,8,0,10,10,10,2,18,20
238263,12,9,2,18,8,100,167,26,267,118,175,293
238397,12,9,2,9,12,27,39,21,66,36,51,87
238430,12,9,2,1,4,3,6,5,9,4,10,14
238458,12,9,2,1,0,2,1,1,3,3,1,4
238722,12,9,2,13,11,137,94,24,231,150,105,255
238759,12,9,2,9,5,78,126,14,204,87,131,218
239008,12,9,2,3,1,27,44,4,71,30,45,75
239071,12,9,2,2,1,2,8,3,10,4,9,13
239105,12,9,2,0,0,8,5,0,13,8,5,13
239248,12,9,2,22,34,137,242,56,379,159,276,435
239309,12,9,2,0,1,0,0,1,0,0,1,1
239318,12,9,2,0,0,1,0,0,1,1,0,1
239372,12,9,2,7,13,16,52,20,68,23,65,88
239442,12,9,2,1,3,6,25,4,31,7,28,35
239488,12,9,2,12,26,72,135,38,207,84,161,245
239512,12,9,2,0,0,0,1,0,1,0,1,1
239716,12,9,2,0,1,0,0,1,0,0,1,1
239877,12,9,2,0,0,0,1,0,1,0,1,1
240107,12,9,2,3,8,2,20,11,22,5,28,33
240170,12,9,2,5,10,28,49,15,77,33,59,92
240189,12,9,2,2,15,13,23,17,36,15,38,53
240198,12,9,2,6,9,26,56,15,82,32,65,97
240268,12,9,2,1,1,2,4,2,6,3,5,8
240277,12,9,2,5,10,23,46,15,69,28,56,84
240329,12,9,2,0,2,3,1,2,4,3,3,6
240365,12,9,2,1,11,12,17,12,29,13,28,41
240374,12,9,2,8,5,8,17,13,25,16,22,38
240417,12,9,2,1,3,29,21,4,50,30,24,54
240426,12,9,2,3,9,3,17,12,20,6,26,32
240444,12,9,2,5,4,32,31,9,63,37,35,72
240453,12,9,2,13,22,34,69,35,103,47,91,138
240462,12,9,2,1,3,16,7,4,23,17,10,27
240471,12,9,2,1,2,2,7,3,9,3,9,12
240480,12,9,2,2,5,6,14,7,20,8,19,27
240505,12,9,2,6,13,25,36,19,61,31,49,80
240514,12,9,2,2,9,17,34,11,51,19,43,62
240596,12,9,2,3,3,4,13,6,17,7,16,23
240620,12,9,2,11,14,14,37,25,51,25,51,76
240657,12,9,2,2,5,7,10,7,17,9,15,24
240666,12,9,2,3,5,46,32,8,78,49,37,86
240727,12,9,2,8,11,21,30,19,51,29,41,70
240745,12,9,2,9,0,14,19,9,33,23,19,42
240790,12,9,2,2,1,1,4,3,5,3,5,8
241182,12,9,2,2,8,0,0,10,0,2,8,10
241191,12,9,2,6,5,3,1,11,4,9,6,15
241225,12,9,2,0,1,3,4,1,7,3,5,8
241331,12,9,2,1,1,1,2,2,3,2,3,5
241377,12,9,2,3,18,3,1,21,4,6,19,25
241386,12,9,2,2,6,0,0,8,0,2,6,8
241395,12,9,2,0,0,0,2,0,2,0,2,2
241410,12,9,2,2,4,10,5,6,15,12,9,21
241720,12,9,2,8,11,9,4,19,13,17,15,32
241739,12,9,2,7,24,23,47,31,70,30,71,101
241766,12,9,2,0,0,2,0,0,2,2,0,2
241836,12,9,2,10,16,18,38,26,56,28,54,82
241951,12,9,2,2,1,1,0,3,1,3,1,4
242112,12,9,2,6,3,0,0,9,0,6,3,9
242130,12,9,2,2,3,0,1,5,1,2,4,6
242149,12,9,2,2,12,5,4,14,9,7,16,23
242617,12,9,2,4,2,2,1,6,3,6,3,9
242626,12,9,2,7,6,3,4,13,7,10,10,20
242635,12,9,2,1,14,2,13,15,15,3,27,30
242644,12,9,2,3,10,0,4,13,4,3,14,17
242653,12,9,2,7,22,15,22,29,37,22,44,66
242662,12,9,2,5,25,7,13,30,20,12,38,50
242680,12,9,2,2,7,4,6,9,10,6,13,19
242699,12,9,2,14,37,3,9,51,12,17,46,63
242705,12,9,2,5,9,2,2,14,4,7,11,18
243106,12,9,2,0,0,2,1,0,3,2,1,3
243142,12,9,2,3,4,0,0,7,0,3,4,7
243179,12,9,2,0,3,1,0,3,1,1,3,4
243188,12,9,2,0,1,4,1,1,5,4,2,6
243203,12,9,2,0,2,0,0,2,0,0,2,2
243212,12,9,2,0,0,1,6,0,7,1,6,7
243221,12,9,2,5,6,10,19,11,29,15,25,40
243346,12,9,2,8,18,13,18,26,31,21,36,57
243443,12,9,2,4,12,13,26,16,39,17,38,55
243577,12,9,2,1,1,18,6,2,24,19,7,26
243586,12,9,2,1,2,0,1,3,1,1,3,4
243601,12,9,2,13,17,14,22,30,36,27,39,66
243638,12,9,2,3,3,4,9,6,13,7,12,19
243647,12,9,2,2,0,0,4,2,4,2,4,6
243744,12,9,2,0,1,0,0,1,0,0,1,1
243780,12,9,2,2,2,17,31,4,48,19,33,52
243832,12,9,2,17,35,16,45,52,61,33,80,113
243841,12,9,2,4,14,2,4,18,6,6,18,24
244437,12,9,2,4,21,58,171,25,229,62,192,254
244446,12,9,2,10,10,26,69,20,95,36,79,115
245281,12,9,2,3,1,0,0,4,0,3,1,4
245625,12,9,2,2,2,14,16,4,30,16,18,34
246813,12,9,2,7,5,22,59,12,81,29,64,93
246895,12,9,2,4,7,1,2,11,3,5,9,14
247603,12,9,2,7,12,12,22,19,34,19,34,53
247834,12,9,2,34,51,127,319,85,446,161,370,531
247940,12,9,2,7,15,39,24,22,63,46,39,85
248925,12,9,2,4,3,7,1,7,8,11,4,15
248934,12,9,2,158,192,2,0,350,2,160,192,352
249238,12,9,2,0,0,0,1,0,1,0,1,1
251260,12,9,2,1,9,11,31,10,42,12,40,52
260813,12,9,2,1,1,0,0,2,0,1,1,2
260929,12,9,2,0,1,0,0,1,0,0,1,1
262031,12,9,2,3,3,22,42,6,64,25,45,70
262086,12,9,2,37,62,100,251,99,351,137,313,450
262129,12,9,2,0,1,0,0,1,0,0,1,1
262341,12,9,2,3,0,0,0,3,0,3,0,3
363165,12,9,2,7,5,3,2,12,5,10,7,17
363633,12,9,2,0,2,30,19,2,49,30,21,51
363907,12,9,2,6,1,4,0,7,4,10,1,11
363916,12,9,2,0,0,1,2,0,3,1,2,3
364016,12,9,2,0,7,67,190,7,257,67,197,264
364025,12,9,2,5,5,68,132,10,200,73,137,210
364636,12,9,2,0,2,0,2,2,2,0,4,4
365198,12,9,2,0,2,2,2,2,4,2,4,6
365480,12,9,2,1,1,1,3,2,4,2,4,6
366003,12,9,2,3,4,8,7,7,15,11,11,22
366252,12,9,2,3,1,18,20,4,38,21,21,42
366395,12,9,2,9,26,40,119,35,159,49,145,194
366401,12,9,2,2,7,68,168,9,236,70,175,245
366465,12,9,2,4,2,8,21,6,29,12,23,35
366711,12,9,2,15,20,6,17,35,23,21,37,58
367334,12,9,2,11,5,3,0,16,3,14,5,19
367459,12,9,2,4,4,23,52,8,75,27,56,83
368230,12,9,2,0,1,0,1,1,1,0,2,2
368911,12,9,2,0,6,7,19,6,26,7,25,32
372356,12,9,2,0,1,0,0,1,0,0,1,1
374574,12,9,2,0,1,0,3,1,3,0,4,4
375106,12,9,2,6,1,2,0,7,2,8,1,9
375407,12,9,2,0,2,2,0,2,2,2,2,4
375416,12,9,2,1,0,0,0,1,0,1,0,1
375726,12,9,2,2,11,2,1,13,3,4,12,16
375984,12,9,2,0,2,0,1,2,1,0,3,3
376288,12,9,2,4,8,0,0,12,0,4,8,12
376385,12,9,2,6,4,0,0,10,0,6,4,10
376446,12,9,2,0,0,0,1,0,1,0,1,1
377218,12,9,2,1,0,0,0,1,0,1,0,1
377643,12,9,2,1,1,0,0,2,0,1,1,2
377722,12,9,2,1,7,0,0,8,0,1,7,8
379621,12,9,2,0,0,0,1,0,1,0,1,1
380359,12,9,2,1,12,1,32,13,33,2,44,46
382258,12,9,2,0,1,0,7,1,7,0,8,8
383190,12,9,2,10,8,15,35,18,50,25,43,68
383765,12,9,2,0,1,0,0,1,0,0,1,1
383996,12,9,2,3,0,9,21,3,30,12,21,33
384333,12,9,2,2,7,40,68,9,108,42,75,117
384342,12,9,2,1,7,25,57,8,82,26,64,90
395362,12,9,2,1,5,11,31,6,42,12,36,48
399212,12,9,2,7,9,144,103,16,247,151,112,263
400187,12,9,2,7,21,2,14,28,16,9,35,44
401764,12,9,2,0,0,0,1,0,1,0,1,1
403469,12,9,2,1,1,121,63,2,184,122,64,186
403478,12,9,2,0,2,2,4,2,6,2,6,8
403487,12,9,2,0,0,5,31,0,36,5,31,36
404426,12,9,2,5,1,14,38,6,52,19,39,58
404684,12,9,2,0,2,0,0,2,0,0,2,2
405872,12,9,2,1,3,9,32,4,41,10,35,45
407461,12,9,2,0,1,0,0,1,0,0,1,1
407735,12,9,2,0,1,0,0,1,0,0,1,1
407832,12,9,2,0,1,0,3,1,3,0,4,4
408066,12,9,2,0,1,0,0,1,0,0,1,1
408844,12,9,2,15,40,13,23,55,36,28,63,91
409591,12,9,2,0,0,1,0,0,1,1,0,1
409698,12,9,2,5,19,6,16,24,22,11,35,46
412544,12,9,2,0,1,0,0,1,0,0,1,1
413617,12,9,2,0,4,3,20,4,23,3,24,27
414878,12,9,2,4,2,5,2,6,7,9,4,13
414911,12,9,2,2,8,3,8,10,11,5,16,21
415039,12,9,2,0,0,0,1,0,1,0,1,1
416801,12,9,2,1,5,1,1,6,2,2,6,8
417716,12,9,2,1,2,0,0,3,0,1,2,3
417734,12,9,2,1,1,0,1,2,1,1,2,3
417840,12,9,2,1,9,0,0,10,0,1,9,10
417910,12,9,2,1,9,0,0,10,0,1,9,10
418029,12,9,2,1,2,0,0,3,0,1,2,3
418065,12,9,2,0,7,0,4,7,4,0,11,11
418083,12,9,2,1,8,0,0,9,0,1,8,9
418533,12,9,2,0,2,0,0,2,0,0,2,2
419031,12,9,2,0,1,0,0,1,0,0,1,1
420042,12,9,2,2,1,0,0,3,0,2,1,3
420130,12,9,2,1,12,0,0,13,0,1,12,13
420343,12,9,2,5,0,6,0,5,6,11,0,11
420431,12,9,2,9,7,14,40,16,54,23,47,70
420440,12,9,2,1,4,5,21,5,26,6,25,31
420538,12,9,2,3,7,4,21,10,25,7,28,35
420556,12,9,2,0,1,0,6,1,6,0,7,7
421717,12,9,2,1,0,0,0,1,0,1,0,1
423652,12,9,2,1,2,6,10,3,16,7,12,19
426314,12,9,2,19,3,152,32,22,184,171,35,206
428055,12,9,2,0,5,0,0,5,0,0,5,5
430403,12,9,2,1,5,0,0,6,0,1,5,6
430564,12,9,2,0,2,1,2,2,3,1,4,5
431275,12,9,2,0,0,0,1,0,1,0,1,1
433101,12,9,2,1,5,1,6,6,7,2,11,13
433387,12,9,2,2509,6041,0,0,8550,0,2509,6041,8550
433420,12,9,2,3,0,0,0,3,0,3,0,3
433660,12,9,2,2,3,1,2,5,3,3,5,8
434061,12,9,2,16,20,10,52,36,62,26,72,98
434159,12,9,2,14,3,0,0,17,0,14,3,17
434584,12,9,2,0,0,2,4,0,6,2,4,6
434672,12,9,2,21,31,156,392,52,548,177,423,600
436553,12,9,2,0,4,0,0,4,0,0,4,4
436818,12,9,2,0,1,0,1,1,1,0,2,2
436827,12,9,2,0,2,0,1,2,1,0,3,3
436836,12,9,2,0,1,0,3,1,3,0,4,4
437103,12,9,2,21,38,69,147,59,216,90,185,275
438586,12,9,2,21,53,7,11,74,18,28,64,92
438708,12,9,2,1,2,2,12,3,14,3,14,17
439190,12,9,2,0,1,7,4,1,11,7,5,12
439367,12,9,2,4,23,0,0,27,0,4,23,27
440101,12,9,2,0,1,1,0,1,1,1,1,2
440271,12,9,2,1,0,0,0,1,0,1,0,1
440828,12,9,2,1,5,2,5,6,7,3,10,13
441371,12,9,2,14,343,0,0,357,0,14,343,357
441690,12,9,2,7,6,12,14,13,26,19,20,39
441760,12,9,2,13,12,12,30,25,42,25,42,67
441900,12,9,2,6,10,24,103,16,127,30,113,143
441937,12,9,2,4,19,8,27,23,35,12,46,58
442073,12,9,2,0,7,0,2,7,2,0,9,9
442240,12,9,2,0,1,0,0,1,0,0,1,1
442329,12,9,2,10,1,0,0,11,0,10,1,11
442356,12,9,2,3,9,5,40,12,45,8,49,57
442523,12,9,2,0,0,1,0,0,1,1,0,1
442930,12,9,2,0,3,0,0,3,0,0,3,3
443049,12,9,2,8,5,13,9,13,22,21,14,35
443058,12,9,2,1,0,3,4,1,7,4,4,8
443100,12,9,2,1,2,0,0,3,0,1,2,3
443331,12,9,2,2,14,1,3,16,4,3,17,20
443641,12,9,2,0,2,0,0,2,0,0,2,2
444219,12,9,2,9,9,139,186,18,325,148,195,343
444291,12,9,2,0,2,0,0,2,0,0,2,2
444307,12,9,2,0,2,0,0,2,0,0,2,2
444468,12,9,2,0,1,0,0,1,0,0,1,1
444486,12,9,2,0,4,0,0,4,0,0,4,4
444556,12,9,2,2,2,0,0,4,0,2,2,4
444565,12,9,2,2,3,3,7,5,10,5,10,15
444583,12,9,2,2,10,0,0,12,0,2,10,12
444787,12,9,2,8,62,5,31,70,36,13,93,106
445027,12,9,2,361,679,32,102,1040,134,393,781,1174
445133,12,9,2,4,5,2,2,9,4,6,7,13
445188,12,9,2,2,2,0,0,4,0,2,2,4
445212,12,9,2,1,0,0,0,1,0,1,0,1
445267,12,9,2,8,19,15,31,27,46,23,50,73
445708,12,9,2,2,0,1,0,2,1,3,0,3
445911,12,9,2,2,1,1,3,3,4,3,4,7
445948,12,9,2,15,66,0,0,81,0,15,66,81
446206,12,9,2,0,1,0,0,1,0,0,1,1
446233,12,9,2,0,0,0,2,0,2,0,2,2
446288,12,9,2,0,1,0,1,1,1,0,2,2
446774,12,9,2,10,7,245,564,17,809,255,571,826
447582,12,9,2,4,10,2,7,14,9,6,17,23
447689,12,9,2,3,18,14,47,21,61,17,65,82
447759,12,9,2,1,3,0,4,4,4,1,7,8
447999,12,9,2,0,6,0,0,6,0,0,6,6
448026,12,9,2,0,1,0,0,1,0,0,1,1
448196,12,9,2,1,0,0,0,1,0,1,0,1
448220,12,9,2,0,3,0,0,3,0,0,3,3
448248,12,9,2,1,2,17,24,3,41,18,26,44
448594,12,9,2,5,11,16,16,16,32,21,27,48
448673,12,9,2,6,34,14,71,40,85,20,105,125
448798,12,9,2,0,2,0,0,2,0,0,2,2
449320,12,9,2,6,0,1,0,6,1,7,0,7
449357,12,9,2,0,4,0,0,4,0,0,4,4
449384,12,9,2,0,0,9,3,0,12,9,3,12
449472,12,9,2,0,1,0,0,1,0,0,1,1
449889,12,9,2,9,14,0,0,23,0,9,14,23
449959,12,9,2,1,1,0,1,2,1,1,2,3
449968,12,9,2,1,1,0,0,2,0,1,1,2
449977,12,9,2,0,1,0,1,1,1,0,2,2
449986,12,9,2,0,1,0,1,1,1,0,2,2
449995,12,9,2,0,1,0,1,1,1,0,2,2
450571,12,9,2,0,4,1,10,4,11,1,14,15
450614,12,9,2,0,2,0,1,2,1,0,3,3
450641,12,9,2,1,3,0,1,4,1,1,4,5
450720,12,9,2,0,0,0,1,0,1,0,1,1
450933,12,9,2,412,244,554,268,656,822,966,512,1478
451121,12,9,2,0,0,1,2,0,3,1,2,3
451565,12,9,2,0,1,1,0,1,1,1,1,2
451583,12,9,2,4,0,1,6,4,7,5,6,11
451714,12,9,2,0,2,0,1,2,1,0,3,3
451750,12,9,2,1,6,1,16,7,17,2,22,24
451857,12,9,2,0,1,0,0,1,0,0,1,1
451918,12,9,2,0,1,0,0,1,0,0,1,1
453297,12,9,2,0,0,0,5,0,5,0,5,5
454227,12,9,2,28,124,102,997,152,1099,130,1121,1251
454236,12,9,2,0,1,0,11,1,11,0,12,12
454245,12,9,2,0,0,2,2,0,4,2,2,4
454698,12,9,2,2,1,0,0,3,0,2,1,3
454768,12,9,2,0,2,0,2,2,2,0,4,4
454777,12,9,2,0,2,0,0,2,0,0,2,2
454810,12,9,2,251,720,0,0,971,0,251,720,971
454926,12,9,2,0,1,0,0,1,0,0,1,1
454944,12,9,2,0,2,0,0,2,0,0,2,2
455026,12,9,2,0,0,1,0,0,1,1,0,1
455080,12,9,2,0,1,0,0,1,0,0,1,1
455114,12,9,2,13,12,20,64,25,84,33,76,109
455196,12,9,2,24,216,0,0,240,0,24,216,240
455284,12,9,2,0,1,0,0,1,0,0,1,1
455512,12,9,2,3,8,14,69,11,83,17,77,94
455831,12,9,2,2,11,0,0,13,0,2,11,13
455868,12,9,2,1,3,0,0,4,0,1,3,4
455901,12,9,2,0,1,0,0,1,0,0,1,1
456029,12,9,2,1,2,0,1,3,1,1,3,4
456481,12,9,2,0,0,1,1,0,2,1,1,2
457129,12,9,2,0,1,4,14,1,18,4,15,19
457253,12,9,2,0,1,0,2,1,2,0,3,3
457299,12,9,2,1,28,0,3,29,3,1,31,32
457323,12,9,2,0,3,0,0,3,0,0,3,3
457527,12,9,2,0,2,0,12,2,12,0,14,14
457633,12,9,2,0,0,0,1,0,1,0,1,1
457855,12,9,2,0,1,0,0,1,0,0,1,1
458140,12,9,2,7,0,0,0,7,0,7,0,7
458210,12,9,2,5,11,4,15,16,19,9,26,35
458229,12,9,2,4,16,1,2,20,3,5,18,23
458830,12,9,2,0,1,0,1,1,1,0,2,2
458858,12,9,2,0,3,0,1,3,1,0,4,4
458867,12,9,2,1,0,0,3,1,3,1,3,4
459170,12,9,2,2,0,0,2,2,2,2,2,4
459198,12,9,2,0,1,0,1,1,1,0,2,2
459286,12,9,2,0,2,0,1,2,1,0,3,3
459392,12,9,2,0,0,0,1,0,1,0,1,1
459523,12,9,2,4,6,0,0,10,0,4,6,10
459578,12,9,2,0,0,0,1,0,1,0,1,1
459949,12,9,2,10,16,47,64,26,111,57,80,137
460349,12,9,2,2,9,41,64,11,105,43,73,116
460394,12,9,2,3,13,94,92,16,186,97,105,202
460464,12,9,2,15,3,90,101,18,191,105,104,209
460677,12,9,2,1,9,0,4,10,4,1,13,14
460862,12,9,2,0,1,0,1,1,1,0,2,2
460871,12,9,2,0,6,2,12,6,14,2,18,20
461272,12,9,2,0,0,0,1,0,1,0,1,1
461379,12,9,2,0,0,0,2,0,2,0,2,2
461591,12,9,2,0,3,0,0,3,0,0,3,3
461643,12,9,2,0,1,0,0,1,0,0,1,1
461652,12,9,2,0,3,0,0,3,0,0,3,3
461704,12,9,2,0,2,0,1,2,1,0,3,3
461759,12,9,2,7,4,2,6,11,8,9,10,19
462008,12,9,2,1,2,0,2,3,2,1,4,5
462071,12,9,2,1,2,0,0,3,0,1,2,3
463056,12,9,2,2,2,0,2,4,2,2,4,6
466921,12,9,2,0,0,1,4,0,5,1,4,5
466930,12,9,2,2,4,7,32,6,39,9,36,45
467872,12,9,2,0,0,0,1,0,1,0,1,1
468893,12,9,2,0,0,0,1,0,1,0,1,1
470047,12,9,2,0,1,0,0,1,0,0,1,1
474863,12,9,2,7,21,14,81,28,95,21,102,123
474915,12,9,2,0,3,0,1,3,1,0,4,4
474924,12,9,2,0,0,0,2,0,2,0,2,2
475200,12,9,2,3,2,6,10,5,16,9,12,21
475431,12,9,2,0,4,0,0,4,0,0,4,4
475486,12,9,2,0,0,0,3,0,3,0,3,3
475547,12,9,2,0,1,0,0,1,0,0,1,1
475556,12,9,2,0,3,0,1,3,1,0,4,4
475723,12,9,2,9,1,9,7,10,16,18,8,26
475732,12,9,2,1,18,3,47,19,50,4,65,69
475741,12,9,2,0,4,0,2,4,2,0,6,6
475839,12,9,2,29,7,16,9,36,25,45,16,61
476063,12,9,2,19,1,0,0,20,0,19,1,20
476841,12,9,2,0,1,0,0,1,0,0,1,1
476975,12,9,2,31,27,152,215,58,367,183,242,425
477039,12,9,2,2,13,3,14,15,17,5,27,32
478616,12,9,2,1,0,0,0,1,0,1,0,1
478953,12,9,2,0,1,0,0,1,0,0,1,1
479956,12,9,2,13,12,122,132,25,254,135,144,279
479983,12,9,2,0,2,0,0,2,0,0,2,2
480028,12,9,2,11,5,0,0,16,0,11,5,16
480091,12,9,2,41,300,25,215,341,240,66,515,581
480569,12,9,2,8,16,15,20,24,35,23,36,59
480657,12,9,2,0,8,3,7,8,10,3,15,18
481191,12,9,2,1,3,0,0,4,0,1,3,4
481225,12,9,2,2,0,0,0,2,0,2,0,2
481526,12,9,2,0,3,0,0,3,0,0,3,3
481739,12,9,2,0,1,0,0,1,0,0,1,1
481845,12,9,2,0,0,0,1,0,1,0,1,1
482149,12,9,2,8,3,1,19,11,20,9,22,31
482158,12,9,2,8,20,22,78,28,100,30,98,128
482167,12,9,2,0,1,0,3,1,3,0,4,4
482176,12,9,2,0,1,0,1,1,1,0,2,2
482413,12,9,2,4,7,12,14,11,26,16,21,37
482422,12,9,2,1,0,0,0,1,0,1,0,1
482431,12,9,2,22,13,30,16,35,46,52,29,81
482459,12,9,2,2,6,8,4,8,12,10,10,20
482468,12,9,2,5,6,10,16,11,26,15,22,37
482477,12,9,2,192,285,331,809,477,1140,523,1094,1617
482547,12,9,2,0,0,0,1,0,1,0,1,1
482556,12,9,2,0,0,1,0,0,1,1,0,1
482565,12,9,2,1,0,0,0,1,0,1,0,1
482574,12,9,2,2,0,5,5,2,10,7,5,12
482635,12,9,2,0,1,2,0,1,2,2,1,3
482653,12,9,2,0,0,1,0,0,1,1,0,1
482680,12,9,2,3,9,19,35,12,54,22,44,66
482699,12,9,2,0,4,2,9,4,11,2,13,15
482705,12,9,2,1,6,32,49,7,81,33,55,88
482936,12,9,2,1,0,0,1,1,1,1,1,2
483036,12,9,2,6,5,26,53,11,79,32,58,90
483045,12,9,2,35,36,105,156,71,261,140,192,332
483054,12,9,2,0,2,0,0,2,0,0,2,2
483124,12,9,2,104,179,405,555,283,960,509,734,1243
483328,12,9,2,0,1,0,0,1,0,0,1,1
483337,12,9,2,0,1,0,1,1,1,0,2,2
483595,12,9,2,19,80,20,78,99,98,39,158,197
483823,12,9,2,14,6,0,0,20,0,14,6,20
484011,12,9,2,0,1,0,0,1,0,0,1,1
484093,12,9,2,0,0,0,1,0,1,0,1,1
484473,12,9,2,3,14,34,74,17,108,37,88,125
484613,12,9,2,1490,3839,0,0,5329,0,1490,3839,5329
484631,12,9,2,23,18,0,0,41,0,23,18,41
484710,12,9,2,3,3,0,0,6,0,3,3,6
484756,12,9,2,4,5,0,0,9,0,4,5,9
484905,12,9,2,4,12,17,41,16,58,21,53,74
485014,12,9,2,0,1,0,0,1,0,0,1,1
485032,12,9,2,0,2,0,0,2,0,0,2,2
485111,12,9,2,8,19,13,74,27,87,21,93,114
485272,12,9,2,2,2,0,4,4,4,2,6,8
485397,12,9,2,0,1,0,1,1,1,0,2,2
485458,12,9,2,3,8,19,42,11,61,22,50,72
485476,12,9,2,0,1,0,0,1,0,0,1,1
485494,12,9,2,6,0,0,0,6,0,6,0,6
485768,12,9,2,4,5,0,0,9,0,4,5,9
486123,12,9,2,2,1,0,0,3,0,2,1,3
486567,12,9,2,0,3,0,0,3,0,0,3,3
486691,12,9,2,0,0,0,1,0,1,0,1,1
486798,12,9,2,15,3,0,0,18,0,15,3,18
486840,12,9,2,14,30,50,71,44,121,64,101,165
486938,12,9,2,0,1,1,8,1,9,1,9,10
486947,12,9,2,0,7,1,2,7,3,1,9,10
486956,12,9,2,4,10,4,16,14,20,8,26,34
487010,12,9,2,2,1,1,0,3,1,3,1,4
487162,12,9,2,3,21,19,63,24,82,22,84,106
487348,12,9,2,0,2,0,0,2,0,0,2,2
487524,12,9,2,1,2,5,16,3,21,6,18,24
487676,12,9,2,0,1,0,0,1,0,0,1,1
487861,12,9,2,3,1,1,4,4,5,4,5,9
487995,12,9,2,1,3,0,5,4,5,1,8,9
488031,12,9,2,6,1,0,0,7,0,6,1,7
488077,12,9,2,199,8,81,2,207,83,280,10,290
488271,12,9,2,1,0,0,0,1,0,1,0,1
488305,12,9,2,2,0,2,2,2,4,4,2,6
488332,12,9,2,1,5,0,0,6,0,1,5,6
488989,12,9,2,0,1,0,0,1,0,0,1,1
488998,12,9,2,1,1,0,0,2,0,1,1,2
489201,12,9,2,0,3,18,74,3,92,18,77,95
489344,12,9,2,0,2,1,2,2,3,1,4,5
489353,12,9,2,0,2,0,3,2,3,0,5,5
489779,12,9,2,98,237,559,1037,335,1596,657,1274,1931
490230,12,9,2,7,12,0,0,19,0,7,12,19
490258,12,9,2,1,1,0,0,2,0,1,1,2
490300,12,9,2,0,0,0,1,0,1,0,1,1
490425,12,9,2,0,2,0,0,2,0,0,2,2
490805,12,9,2,1,15,12,51,16,63,13,66,79
491136,12,9,2,0,0,0,1,0,1,0,1,1
491534,12,9,2,0,0,1,1,0,2,1,1,2
491598,12,9,2,0,1,0,0,1,0,0,1,1
491941,12,9,2,1,2,0,0,3,0,1,2,3
491978,12,9,2,0,0,2,0,0,2,2,0,2
492476,12,9,2,0,7,2,18,7,20,2,25,27
492759,12,9,2,0,5,1,7,5,8,1,12,13
492801,12,9,2,3,5,1,10,8,11,4,15,19
492962,12,9,2,23,53,62,94,76,156,85,147,232
493831,12,9,2,0,1,0,0,1,0,0,1,1
494278,12,9,2,1,10,3,15,11,18,4,25,29
494287,12,9,2,6,8,3,13,14,16,9,21,30
494898,12,9,2,1,3,0,0,4,0,1,3,4
494959,12,9,2,0,0,0,2,0,2,0,2,2
495077,12,9,2,0,1,0,0,1,0,0,1,1
495101,12,9,2,0,3,0,0,3,0,0,3,3
495271,12,9,2,0,1,2,3,1,5,2,4,6
495369,12,9,2,0,0,0,1,0,1,0,1,1
495411,12,9,2,0,1,0,0,1,0,0,1,1
495518,12,9,2,0,1,0,1,1,1,0,2,2
496618,12,9,2,0,6,0,0,6,0,0,6,6
496636,12,9,2,9,26,0,0,35,0,9,26,35
496733,12,9,2,0,1,0,0,1,0,0,1,1
497000,12,9,2,2,3,0,0,5,0,2,3,5
497037,12,9,2,2,29,7,28,31,35,9,57,66
497046,12,9,2,0,6,15,53,6,68,15,59,74
497107,12,9,2,0,0,4,4,0,8,4,4,8
497301,12,9,2,0,2,0,2,2,2,0,4,4
497480,12,9,2,6,78,1,5,84,6,7,83,90
498562,12,9,2,4,4,12,24,8,36,16,28,44
498571,12,9,2,7,16,24,58,23,82,31,74,105
100663,12,9,5,22,39,101,174,61,275,123,213,336
100706,12,9,5,4,8,34,70,12,104,38,78,116
100751,12,9,5,21,63,91,210,84,301,112,273,385
100812,12,9,5,0,6,22,32,6,54,22,38,60
100830,12,9,5,1,4,12,37,5,49,13,41,54
100858,12,9,5,18,24,100,100,42,200,118,124,242
101189,12,9,5,19,38,10,16,57,26,29,54,83
101453,12,9,5,2,1,11,4,3,15,13,5,18
101480,12,9,5,2,16,29,61,18,90,31,77,108
101587,12,9,5,35,194,9,22,229,31,44,216,260
101709,12,9,5,3,3,1,16,6,17,4,19,23
101912,12,9,5,5,1,2,3,6,5,7,4,11
102049,12,9,5,9,39,1,30,48,31,10,69,79
102094,12,9,5,33,140,29,89,173,118,62,229,291
102234,12,9,5,0,0,8,8,0,16,8,8,16
102368,12,9,5,12,70,65,148,82,213,77,218,295
102377,12,9,5,3,2,1,1,5,2,4,3,7
102395,12,9,5,4,0,14,8,4,22,18,8,26
102553,12,9,5,3,5,9,33,8,42,12,38,50
102614,12,9,5,5,8,19,53,13,72,24,61,85
102632,12,9,5,1,0,5,22,1,27,6,22,28
104151,12,9,5,50,70,69,114,120,183,119,184,303
104179,12,9,5,32,45,101,174,77,275,133,219,352
104717,12,9,5,0,0,1203,4056,0,5259,1203,4056,5259
105297,12,9,5,1,0,0,0,1,0,1,0,1
105330,12,9,5,18,40,77,164,58,241,95,204,299
106245,12,9,5,16,26,16,30,42,46,32,56,88
106263,12,9,5,3,9,7,21,12,28,10,30,40
106397,12,9,5,7,21,45,124,28,169,52,145,197
106412,12,9,5,3,2,3,11,5,14,6,13,19
106458,12,9,5,2,4,80,305,6,385,82,309,391
106467,12,9,5,2,4,16,45,6,61,18,49,67
107141,12,9,5,1,1,5,26,2,31,6,27,33
107512,12,9,5,0,1,0,0,1,0,0,1,1
107983,12,9,5,0,3,20,45,3,65,20,48,68
108092,12,9,5,0,0,0,2,0,2,0,2,2
108232,12,9,5,12,13,35,93,25,128,47,106,153
109785,12,9,5,15,38,43,119,53,162,58,157,215
110097,12,9,5,56,26,117,81,82,198,173,107,280
110316,12,9,5,47,140,23,150,187,173,70,290,360
110361,12,9,5,34,101,17,38,135,55,51,139,190
110398,12,9,5,0,2,0,2,2,2,0,4,4
110413,12,9,5,11,24,4,11,35,15,15,35,50
110422,12,9,5,1,9,7,4,10,11,8,13,21
110486,12,9,5,8,25,9,18,33,27,17,43,60
110495,12,9,5,2,16,1,12,18,13,3,28,31
110510,12,9,5,17,50,31,48,67,79,48,98,146
110529,12,9,5,10,20,16,39,30,55,26,59,85
110538,12,9,5,6,13,11,17,19,28,17,30,47
110547,12,9,5,13,56,24,48,69,72,37,104,141
110556,12,9,5,12,20,15,27,32,42,27,47,74
110565,12,9,5,8,34,49,99,42,148,57,133,190
110574,12,9,5,29,58,18,47,87,65,47,105,152
110583,12,9,5,18,27,28,62,45,90,46,89,135
110592,12,9,5,23,34,28,50,57,78,51,84,135
110608,12,9,5,24,46,55,117,70,172,79,163,242
110617,12,9,5,9,34,18,51,43,69,27,85,112
110635,12,9,5,17,20,56,25,37,81,73,45,118
110644,12,9,5,24,52,16,20,76,36,40,72,112
110653,12,9,5,19,33,3,5,52,8,22,38,60
110662,12,9,5,34,68,13,8,102,21,47,76,123
110671,12,9,5,9,8,16,9,17,25,25,17,42
110680,12,9,5,15,13,9,8,28,17,24,21,45
110699,12,9,5,7,43,0,0,50,0,7,43,50
110705,12,9,5,9,10,2,2,19,4,11,12,23
110714,12,9,5,10,16,2,2,26,4,12,18,30
111948,12,9,5,3,7,6,11,10,17,9,18,27
112075,12,9,5,57,171,29,41,228,70,86,212,298
112084,12,9,5,0,0,1,1,0,2,1,1,2
112251,12,9,5,46,74,27,42,120,69,73,116,189
113582,12,9,5,0,1,0,0,1,0,0,1,1
113698,12,9,5,6,25,4,22,31,26,10,47,57
113704,12,9,5,1,0,2,2,1,4,3,2,5
114123,12,9,5,0,2,0,0,2,0,0,2,2
114549,12,9,5,45,148,17,58,193,75,62,206,268
114734,12,9,5,2,3,9,10,5,19,11,13,24
114813,12,9,5,3,18,14,40,21,54,17,58,75
115083,12,9,5,66,29,53,64,95,117,119,93,212
115755,12,9,5,6,18,4,10,24,14,10,28,38
116846,12,9,5,1,5,2,6,6,8,3,11,14
117104,12,9,5,18,11,3,2,29,5,21,13,34
117672,12,9,5,177,153,4,3,330,7,181,156,337
117946,12,9,5,9,48,18,32,57,50,27,80,107
119058,12,9,5,3,6,6,6,9,12,9,12,21
120166,12,9,5,1,0,0,0,1,0,1,0,1
120184,12,9,5,0,4,4,20,4,24,4,24,28
120403,12,9,5,0,1,0,0,1,0,0,1,1
120865,12,9,5,0,0,1,2,0,3,1,2,3
120883,12,9,5,4,10,25,33,14,58,29,43,72
121150,12,9,5,34,69,127,266,103,393,161,335,496
121309,12,9,5,2,9,22,37,11,59,24,46,70
121628,12,9,5,0,1,0,0,1,0,0,1,1
122296,12,9,5,8,12,2,16,20,18,10,28,38
122409,12,9,5,25,53,33,65,78,98,58,118,176
122436,12,9,5,9,11,76,70,20,146,85,81,166
122597,12,9,5,30,58,31,53,88,84,61,111,172
122612,12,9,5,16,47,44,101,63,145,60,148,208
122728,12,9,5,5,14,9,12,19,21,14,26,40
122755,12,9,5,27,85,84,268,112,352,111,353,464
122931,12,9,5,18,28,39,53,46,92,57,81,138
123457,12,9,5,1,5,6,16,6,22,7,21,28
123572,12,9,5,5,18,10,18,23,28,15,36,51
123916,12,9,5,1,5,3,12,6,15,4,17,21
123952,12,9,5,1,1,0,0,2,0,1,1,2
123961,12,9,5,162,283,117,158,445,275,279,441,720
124283,12,9,5,13,15,8,13,28,21,21,28,49
124487,12,9,5,1,0,11,9,1,20,12,9,21
125231,12,9,5,501,1712,989,3629,2213,4618,1490,5341,6831
125763,12,9,5,0,1,0,1,1,1,0,2,2
125897,12,9,5,3,1,0,1,4,1,3,2,5
126012,12,9,5,5,11,0,0,16,0,5,11,16
126182,12,9,5,14,53,16,39,67,55,30,92,122
126562,12,9,5,23,25,108,266,48,374,131,291,422
126580,12,9,5,9,21,57,70,30,127,66,91,157
126614,12,9,5,15,9,115,50,24,165,130,59,189
126775,12,9,5,9,0,21,6,9,27,30,6,36
126818,12,9,5,11,12,155,174,23,329,166,186,352
126827,12,9,5,134,215,47,63,349,110,181,278,459
127185,12,9,5,0,3,2,9,3,11,2,12,14
127556,12,9,5,1,1,3,3,2,6,4,4,8
127565,12,9,5,3,29,9,17,32,26,12,46,58
127653,12,9,5,5,18,9,25,23,34,14,43,57
127741,12,9,5,2,17,26,115,19,141,28,132,160
127918,12,9,5,17,79,29,63,96,92,46,142,188
128106,12,9,5,11,26,59,218,37,277,70,244,314
128498,12,9,5,0,11,2,15,11,17,2,26,28
128744,12,9,5,9,14,34,93,23,127,43,107,150
128771,12,9,5,7,9,43,106,16,149,50,115,165
128780,12,9,5,0,0,4,20,0,24,4,20,24
129020,12,9,5,16,31,64,113,47,177,80,144,224
129154,12,9,5,0,5,2,14,5,16,2,19,21
129215,12,9,5,0,0,2,8,0,10,2,8,10
129242,12,9,5,2,18,13,60,20,73,15,78,93
129428,12,9,5,0,0,8,4,0,12,8,4,12
129491,12,9,5,7,3,5,11,10,16,12,14,26
129525,12,9,5,9,13,17,64,22,81,26,77,103
129941,12,9,5,6,9,32,45,15,77,38,54,92
130183,12,9,5,31,262,38,113,293,151,69,375,444
130226,12,9,5,1,8,15,70,9,85,16,78,94
130253,12,9,5,4,14,30,141,18,171,34,155,189
130314,12,9,5,9,22,7,34,31,41,16,56,72
130590,12,9,5,0,0,1,1,0,2,1,1,2
130697,12,9,5,0,0,2,7,0,9,2,7,9
130776,12,9,5,2,4,16,57,6,73,18,61,79
130794,12,9,5,15,29,17,17,44,34,32,46,78
130934,12,9,5,27,42,8,30,69,38,35,72,107
130943,12,9,5,21,23,45,75,44,120,66,98,164
130989,12,9,5,0,4,7,8,4,15,7,12,19
131113,12,9,5,9,35,113,344,44,457,122,379,501
131399,12,9,5,6,13,16,14,19,30,22,27,49
131450,12,9,5,5,4,6,13,9,19,11,17,28
131469,12,9,5,57,37,173,326,94,499,230,363,593
131496,12,9,5,29,21,115,97,50,212,144,118,262
131520,12,9,5,39,39,21,47,78,68,60,86,146
132471,12,9,5,28,85,55,119,113,174,83,204,287
132842,12,9,5,5,17,5,15,22,20,10,32,42
132903,12,9,5,29,46,122,284,75,406,151,330,481
133553,12,9,5,9,2,11,3,11,14,20,5,25
133650,12,9,5,9,17,11,19,26,30,20,36,56
133872,12,9,5,3,8,3,14,11,17,6,22,28
133881,12,9,5,14,10,60,114,24,174,74,124,198
134097,12,9,5,23,57,140,264,80,404,163,321,484
134130,12,9,5,33,59,172,352,92,524,205,411,616
135610,12,9,5,0,4,7,6,4,13,7,10,17
135726,12,9,5,46,38,14,35,84,49,60,73,133
136172,12,9,5,2,11,31,103,13,134,33,114,147
136330,12,9,5,9,20,17,19,29,36,26,39,65
136701,12,9,5,15,0,0,0,15,0,15,0,15
136950,12,9,5,4,2,12,6,6,18,16,8,24
137351,12,9,5,51,70,115,257,121,372,166,327,493
137546,12,9,5,8,7,7,11,15,18,15,18,33
137564,12,9,5,29,31,55,89,60,144,84,120,204
138275,12,9,5,0,0,3,2,0,5,3,2,5
138309,12,9,5,2,18,3,11,20,14,5,29,34
138354,12,9,5,8,30,82,191,38,273,90,221,311
138600,12,9,5,0,1,0,2,1,2,0,3,3
138716,12,9,5,3,21,2,22,24,24,5,43,48
138929,12,9,5,2,1,1,3,3,4,3,4,7
138947,12,9,5,5,21,12,27,26,39,17,48,65
139144,12,9,5,2,2,1,4,4,5,3,6,9
139199,12,9,5,6,40,9,46,46,55,15,86,101
139311,12,9,5,4,12,7,30,16,37,11,42,53
139366,12,9,5,6,10,42,83,16,125,48,93,141
139393,12,9,5,1,1,0,1,2,1,1,2,3
139658,12,9,5,18,44,32,81,62,113,50,125,175
139719,12,9,5,1,5,4,11,6,15,5,16,21
139755,12,9,5,25,9,539,94,34,633,564,103,667
139764,12,9,5,1,14,14,14,15,28,15,28,43
139861,12,9,5,2,15,13,50,17,63,15,65,80
139931,12,9,5,4,22,41,131,26,172,45,153,198
139940,12,9,5,65,119,52,175,184,227,117,294,411
139959,12,9,5,37,47,71,155,84,226,108,202,310
140146,12,9,5,14,18,22,16,32,38,36,34,70
140234,12,9,5,0,1,0,0,1,0,0,1,1
140252,12,9,5,4,12,0,16,16,16,4,28,32
140447,12,9,5,15,38,24,92,53,116,39,130,169
140562,12,9,5,4,12,3,5,16,8,7,17,24
140818,12,9,5,2,5,14,60,7,74,16,65,81
140951,12,9,5,10,24,17,32,34,49,27,56,83
140960,12,9,5,0,2,3,7,2,10,3,9,12
140988,12,9,5,0,4,3,9,4,12,3,13,16
141264,12,9,5,8,34,64,176,42,240,72,210,282
141334,12,9,5,4,29,68,268,33,336,72,297,369
141565,12,9,5,0,8,6,7,8,13,6,15,21
141574,12,9,5,17,28,69,156,45,225,86,184,270
141644,12,9,5,8,8,16,15,16,31,24,23,47
142115,12,9,5,19,29,76,165,48,241,95,194,289
142276,12,9,5,9,26,37,84,35,121,46,110,156
142285,12,9,5,13,21,42,40,34,82,55,61,116
142461,12,9,5,4,13,20,40,17,60,24,53,77
142832,12,9,5,10,25,16,61,35,77,26,86,112
143118,12,9,5,6,28,24,78,34,102,30,106,136
143358,12,9,5,3,6,17,86,9,103,20,92,112
143853,12,9,5,0,2,0,0,2,0,0,2,2
144050,12,9,5,17,11,21,18,28,39,38,29,67
144351,12,9,5,2,6,144,390,8,534,146,396,542
144740,12,9,5,40,50,74,94,90,168,114,144,258
144892,12,9,5,6,2,34,48,8,82,40,50,90
144962,12,9,5,2,4,15,12,6,27,17,16,33
145336,12,9,5,11,27,28,111,38,139,39,138,177
145372,12,9,5,0,1,3,2,1,5,3,3,6
145558,12,9,5,0,3,0,3,3,3,0,6,6
145600,12,9,5,27,50,74,203,77,277,101,253,354
145619,12,9,5,6,9,15,53,15,68,21,62,83
145637,12,9,5,95,85,280,257,180,537,375,342,717
145813,12,9,5,2,8,28,85,10,113,30,93,123
145886,12,9,5,5,17,0,2,22,2,5,19,24
146339,12,9,5,0,15,2,3,15,5,2,18,20
146481,12,9,5,0,0,0,1,0,1,0,1,1
146490,12,9,5,0,0,19,55,0,74,19,55,74
146612,12,9,5,2,10,19,69,12,88,21,79,100
146719,12,9,5,27,82,45,145,109,190,72,227,299
147013,12,9,5,1,5,9,42,6,51,10,47,57
147129,12,9,5,0,2,1,1,2,2,1,3,4
147244,12,9,5,2,5,0,2,7,2,2,7,9
147369,12,9,5,20,4,59,42,24,101,79,46,125
147536,12,9,5,28,157,43,266,185,309,71,423,494
147590,12,9,5,3,17,2,3,20,5,5,20,25
147660,12,9,5,2,5,0,3,7,3,2,8,10
147679,12,9,5,2,6,49,63,8,112,51,69,120
147776,12,9,5,5,15,35,76,20,111,40,91,131
147828,12,9,5,0,3,16,42,3,58,16,45,61
148131,12,9,5,0,0,3,3,0,6,3,3,6
148487,12,9,5,1,8,10,44,9,54,11,52,63
148511,12,9,5,4,13,5,41,17,46,9,54,63
148575,12,9,5,0,0,0,11,0,11,0,11,11
148627,12,9,5,0,4,4,30,4,34,4,34,38
148654,12,9,5,9,8,56,56,17,112,65,64,129
149222,12,9,5,27,23,63,57,50,120,90,80,170
149231,12,9,5,6,10,24,71,16,95,30,81,111
149772,12,9,5,7,7,32,69,14,101,39,76,115
149781,12,9,5,1,4,29,42,5,71,30,46,76
150136,12,9,5,4,10,52,158,14,210,56,168,224
150163,12,9,5,2,2,30,45,4,75,32,47,79
150172,12,9,5,2,0,5,3,2,8,7,3,10
150215,12,9,5,4,25,3,13,29,16,7,38,45
150534,12,9,5,0,1,0,0,1,0,0,1,1
150668,12,9,5,0,2,1,6,2,7,1,8,9
150677,12,9,5,4,5,27,17,9,44,31,22,53
150941,12,9,5,1,1,2,4,2,6,3,5,8
151111,12,9,5,24,27,59,165,51,224,83,192,275
151263,12,9,5,2,3,10,43,5,53,12,46,58
151290,12,9,5,26,13,54,35,39,89,80,48,128
151306,12,9,5,6,8,43,84,14,127,49,92,141
151324,12,9,5,8,12,28,86,20,114,36,98,134
151333,12,9,5,0,3,4,11,3,15,4,14,18
151342,12,9,5,0,5,6,39,5,45,6,44,50
151351,12,9,5,35,21,87,116,56,203,122,137,259
151360,12,9,5,3,7,8,23,10,31,11,30,41
151379,12,9,5,0,2,13,24,2,37,13,26,39
151388,12,9,5,0,1,10,25,1,35,10,26,36
151777,12,9,5,1,0,0,3,1,3,1,3,4
152080,12,9,5,25,27,27,30,52,57,52,57,109
152336,12,9,5,0,5,8,20,5,28,8,25,33
152390,12,9,5,0,0,0,2,0,2,0,2,2
152451,12,9,5,4,0,22,10,4,32,26,10,36
152567,12,9,5,1,5,1,3,6,4,2,8,10
152600,12,9,5,1,3,3,12,4,15,4,15,19
152798,12,9,5,0,3,0,10,3,10,0,13,13
152992,12,9,5,0,0,1,9,0,10,1,9,10
153001,12,9,5,0,0,7,34,0,41,7,34,41
153126,12,9,5,0,0,1,5,0,6,1,5,6
153162,12,9,5,0,1,0,0,1,0,0,1,1
153250,12,9,5,0,0,5,10,0,15,5,10,15
153269,12,9,5,0,4,24,63,4,87,24,67,91
153366,12,9,5,2,16,4,22,18,26,6,38,44
153621,12,9,5,2,2,0,0,4,0,2,2,4
153658,12,9,5,10,27,58,86,37,144,68,113,181
153825,12,9,5,1,3,1,0,4,1,2,3,5
154004,12,9,5,0,4,13,93,4,106,13,97,110
154013,12,9,5,3,3,3,5,6,8,6,8,14
154174,12,9,5,2,0,0,0,2,0,2,0,2
154235,12,9,5,2,3,7,13,5,20,9,16,25
154493,12,9,5,7,26,3,10,33,13,10,36,46
154527,12,9,5,1,2,0,0,3,0,1,2,3
154712,12,9,5,0,0,0,1,0,1,0,1,1
155025,12,9,5,7,26,29,129,33,158,36,155,191
155089,12,9,5,3,12,8,40,15,48,11,52,63
155317,12,9,5,36,58,48,94,94,142,84,152,236
155399,12,9,5,17,18,93,169,35,262,110,187,297
155414,12,9,5,0,0,1,2,0,3,1,2,3
155511,12,9,5,0,0,1,1,0,2,1,1,2
155812,12,9,5,2,3,6,19,5,25,8,22,30
155900,12,9,5,1,0,4,7,1,11,5,7,12
155973,12,9,5,0,0,2,5,0,7,2,5,7
156082,12,9,5,5,9,5,34,14,39,10,43,53
156125,12,9,5,5,13,52,144,18,196,57,157,214
156213,12,9,5,1,0,6,9,1,15,7,9,16
156286,12,9,5,1,1,13,27,2,40,14,28,42
156356,12,9,5,0,2,0,0,2,0,0,2,2
156541,12,9,5,48,95,276,321,143,597,324,416,740
156620,12,9,5,3,16,56,114,19,170,59,130,189
156745,12,9,5,0,0,5,11,0,16,5,11,16
157058,12,9,5,0,2,2,5,2,7,2,7,9
157085,12,9,5,41,87,41,138,128,179,82,225,307
157216,12,9,5,11,10,11,24,21,35,22,34,56
157289,12,9,5,30,31,47,89,61,136,77,120,197
157386,12,9,5,3,5,19,25,8,44,22,30,52
157401,12,9,5,3,8,35,79,11,114,38,87,125
157447,12,9,5,8,36,99,297,44,396,107,333,440
157535,12,9,5,2,7,1,0,9,1,3,7,10
157757,12,9,5,13,36,5,17,49,22,18,53,71
157951,12,9,5,1,4,29,63,5,92,30,67,97
159391,12,9,5,21,43,54,94,64,148,75,137,212
159647,12,9,5,7,7,12,19,14,31,19,26,45
159656,12,9,5,1,7,14,41,8,55,15,48,63
159717,12,9,5,2,2,4,22,4,26,6,24,30
159939,12,9,5,7,10,31,31,17,62,38,41,79
159966,12,9,5,1,6,2,10,7,12,3,16,19
159993,12,9,5,8,22,15,73,30,88,23,95,118
160612,12,9,5,2,8,11,48,10,59,13,56,69
160621,12,9,5,15,27,14,45,42,59,29,72,101
160630,12,9,5,2,10,8,12,12,20,10,22,32
160658,12,9,5,1,7,33,56,8,89,34,63,97
160755,12,9,5,8,51,39,106,59,145,47,157,204
160904,12,9,5,5,8,2,3,13,5,7,11,18
161217,12,9,5,0,0,3,3,0,6,3,3,6
161226,12,9,5,0,3,10,27,3,37,10,30,40
161235,12,9,5,0,2,0,0,2,0,0,2,2
161253,12,9,5,9,20,45,143,29,188,54,163,217
161299,12,9,5,0,0,1,0,0,1,1,0,1
161341,12,9,5,0,0,2,2,0,4,2,2,4
161457,12,9,5,14,52,16,49,66,65,30,101,131
161509,12,9,5,2,3,0,0,5,0,2,3,5
161554,12,9,5,9,17,33,123,26,156,42,140,182
161572,12,9,5,0,4,2,17,4,19,2,21,23
161873,12,9,5,11,13,32,67,24,99,43,80,123
162210,12,9,5,0,0,5,11,0,16,5,11,16
162283,12,9,5,5,9,21,41,14,62,26,50,76
162584,12,9,5,1,6,12,46,7,58,13,52,65
162654,12,9,5,0,1,10,55,1,65,10,56,66
163204,12,9,5,4,3,442,535,7,977,446,538,984
163259,12,9,5,12,58,52,156,70,208,64,214,278
163268,12,9,5,12,20,52,76,32,128,64,96,160
163286,12,9,5,40,65,71,87,105,158,111,152,263
163295,12,9,5,1,2,8,20,3,28,9,22,31
163338,12,9,5,3,4,12,32,7,44,15,36,51
163453,12,9,5,59,85,14,25,144,39,73,110,183
163462,12,9,5,3,2,3,16,5,19,6,18,24
163578,12,9,5,7,10,25,129,17,154,32,139,171
163851,12,9,5,3,23,5,20,26,25,8,43,51
163976,12,9,5,4,2,2,2,6,4,6,4,10
164076,12,9,5,3,5,23,123,8,146,26,128,154
164085,12,9,5,2,4,13,113,6,126,15,117,132
164270,12,9,5,6,27,10,50,33,60,16,77,93
164492,12,9,5,5,2,20,5,7,25,25,7,32
164632,12,9,5,2,13,14,104,15,118,16,117,133
164739,12,9,5,0,4,6,16,4,22,6,20,26
164872,12,9,5,3,9,1,2,12,3,4,11,15
164915,12,9,5,1,13,8,20,14,28,9,33,42
164988,12,9,5,27,43,138,187,70,325,165,230,395
165015,12,9,5,11,12,10,9,23,19,21,21,42
165024,12,9,5,2,10,21,56,12,77,23,66,89
165167,12,9,5,16,31,29,109,47,138,45,140,185
165334,12,9,5,2,0,4,5,2,9,6,5,11
165662,12,9,5,3,19,3,17,22,20,6,36,42
165671,12,9,5,0,0,1,7,0,8,1,7,8
165820,12,9,5,7,26,84,280,33,364,91,306,397
165866,12,9,5,2,1,32,132,3,164,34,133,167
165936,12,9,5,1,9,13,35,10,48,14,44,58
165945,12,9,5,11,10,178,102,21,280,189,112,301
166027,12,9,5,38,57,549,553,95,1102,587,610,1197
166391,12,9,5,1,0,4,12,1,16,5,12,17
166513,12,9,5,21,19,133,145,40,278,154,164,318
166629,12,9,5,11,20,153,249,31,402,164,269,433
166674,12,9,5,0,7,2,0,7,2,2,7,9
166683,12,9,5,24,9,5,0,33,5,29,9,38
166708,12,9,5,1,5,2,18,6,20,3,23,26
166717,12,9,5,5,13,10,13,18,23,15,26,41
166850,12,9,5,6,35,12,32,41,44,18,67,85
166939,12,9,5,0,1,2,40,1,42,2,41,43
167288,12,9,5,0,1,0,1,1,1,0,2,2
167358,12,9,5,6,15,19,16,21,35,25,31,56
167394,12,9,5,0,2,2,28,2,30,2,30,32
167598,12,9,5,2,16,25,157,18,182,27,173,200
167729,12,9,5,3,18,20,61,21,81,23,79,102
167783,12,9,5,15,60,22,166,75,188,37,226,263
167835,12,9,5,0,7,1,3,7,4,1,10,11
167987,12,9,5,5,7,40,71,12,111,45,78,123
168005,12,9,5,3,4,6,23,7,29,9,27,36
168148,12,9,5,12,22,21,29,34,50,33,51,84
168227,12,9,5,1,0,5,0,1,5,6,0,6
168254,12,9,5,6,5,23,14,11,37,29,19,48
168421,12,9,5,3,0,52,19,3,71,55,19,74
168430,12,9,5,0,4,11,68,4,79,11,72,83
168591,12,9,5,1,5,0,0,6,0,1,5,6
168740,12,9,5,24,11,148,97,35,245,172,108,280
168786,12,9,5,1,1,1,4,2,5,2,5,7
168847,12,9,5,0,1,20,33,1,53,20,34,54
169099,12,9,5,6,4,10,9,10,19,16,13,29
169248,12,9,5,8,16,66,122,24,188,74,138,212
169424,12,9,5,2,2,0,0,4,0,2,2,4
169716,12,9,5,5,3,15,31,8,46,20,34,54
169798,12,9,5,3,15,42,95,18,137,45,110,155
169910,12,9,5,2,3,17,44,5,61,19,47,66
170000,12,9,5,3,8,4,5,11,9,7,13,20
170082,12,9,5,3,8,26,75,11,101,29,83,112
170675,12,9,5,0,0,18,7,0,25,18,7,25
170806,12,9,5,1,6,9,30,7,39,10,36,46
170976,12,9,5,32,39,45,33,71,78,77,72,149
171100,12,9,5,20,37,65,102,57,167,85,139,224
171137,12,9,5,2,2,23,22,4,45,25,24,49
171146,12,9,5,2,17,25,74,19,99,27,91,118
171456,12,9,5,1,2,7,18,3,25,8,20,28
171492,12,9,5,0,1,10,12,1,22,10,13,23
171571,12,9,5,13,30,40,73,43,113,53,103,156
172334,12,9,5,21,136,4,27,157,31,25,163,188
172644,12,9,5,26,61,49,145,87,194,75,206,281
172699,12,9,5,13,39,33,72,52,105,46,111,157
173045,12,9,5,6,13,7,16,19,23,13,29,42
173142,12,9,5,3,0,0,0,3,0,3,0,3
173160,12,9,5,4,15,34,65,19,99,38,80,118
173300,12,9,5,0,0,2,3,0,5,2,3,5
173452,12,9,5,0,0,4,10,0,14,4,10,14
173665,12,9,5,0,0,26,82,0,108,26,82,108
173683,12,9,5,7,8,14,13,15,27,21,21,42
173896,12,9,5,23,57,12,5,80,17,35,62,97
174066,12,9,5,20,29,132,173,49,305,152,202,354
174127,12,9,5,3,0,1,10,3,11,4,10,14
174233,12,9,5,3,6,7,11,9,18,10,17,27
174491,12,9,5,1,0,9,5,1,14,10,5,15
174507,12,9,5,2,4,2,3,6,5,4,7,11
174747,12,9,5,0,0,0,1,0,1,0,1,1
174792,12,9,5,5,3,13,10,8,23,18,13,31
174899,12,9,5,8,41,19,59,49,78,27,100,127
174914,12,9,5,14,20,49,86,34,135,63,106,169
175005,12,9,5,0,7,6,66,7,72,6,73,79
175014,12,9,5,5,22,6,18,27,24,11,40,51
175421,12,9,5,2,6,96,213,8,309,98,219,317
175430,12,9,5,0,4,0,0,4,0,0,4,4
175616,12,9,5,3,7,16,28,10,44,19,35,54
175856,12,9,5,16,58,43,142,74,185,59,200,259
176017,12,9,5,7,26,26,81,33,107,33,107,140
176035,12,9,5,1,6,4,10,7,14,5,16,21
176044,12,9,5,0,6,3,16,6,19,3,22,25
176053,12,9,5,5,31,11,42,36,53,16,73,89
176080,12,9,5,13,20,114,97,33,211,127,117,244
176372,12,9,5,10,29,66,168,39,234,76,197,273
176451,12,9,5,7,2,19,12,9,31,26,14,40
176479,12,9,5,12,70,26,120,82,146,38,190,228
176600,12,9,5,10,3,4,10,13,14,14,13,27
176628,12,9,5,1,14,2,11,15,13,3,25,28
176965,12,9,5,1,5,34,68,6,102,35,73,108
177038,12,9,5,0,0,1,0,0,1,1,0,1
177126,12,9,5,4,3,28,24,7,52,32,27,59
177144,12,9,5,1,2,1,0,3,1,2,2,4
177214,12,9,5,0,0,3,14,0,17,3,14,17
177418,12,9,5,0,3,0,10,3,10,0,13,13
177940,12,9,5,2,0,0,0,2,0,2,0,2
177986,12,9,5,1,8,10,27,9,37,11,35,46
178059,12,9,5,5,20,64,289,25,353,69,309,378
178341,12,9,5,0,0,1,4,0,5,1,4,5
178387,12,9,5,0,0,2,7,0,9,2,7,9
178396,12,9,5,18,39,75,151,57,226,93,190,283
178402,12,9,5,11,9,44,77,20,121,55,86,141
178411,12,9,5,5,1,28,9,6,37,33,10,43
178420,12,9,5,9,25,66,132,34,198,75,157,232
178615,12,9,5,0,2,2,3,2,5,2,5,7
178624,12,9,5,8,20,37,103,28,140,45,123,168
178679,12,9,5,0,0,7,5,0,12,7,5,12
178721,12,9,5,3,4,39,70,7,109,42,74,116
178989,12,9,5,0,0,0,6,0,6,0,6,6
179043,12,9,5,2,7,7,21,9,28,9,28,37
179326,12,9,5,0,0,3,10,0,13,3,10,13
179557,12,9,5,5,2,7,24,7,31,12,26,38
179566,12,9,5,9,14,72,102,23,174,81,116,197
179812,12,9,5,0,0,0,1,0,1,0,1,1
179867,12,9,5,25,16,34,43,41,77,59,59,118
179894,12,9,5,34,33,152,220,67,372,186,253,439
180106,12,9,5,1,3,0,0,4,0,1,3,4
180179,12,9,5,1,11,8,15,12,23,9,26,35
180258,12,9,5,4,12,6,43,16,49,10,55,65
180416,12,9,5,0,0,9,3,0,12,9,3,12
180461,12,9,5,2,8,22,73,10,95,24,81,105
180522,12,9,5,0,2,0,2,2,2,0,4,4
180595,12,9,5,0,2,0,0,2,0,0,2,2
180647,12,9,5,1,6,0,1,7,1,1,7,8
180814,12,9,5,68,123,43,46,191,89,111,169,280
180948,12,9,5,0,4,7,25,4,32,7,29,36
181002,12,9,5,7,14,62,95,21,157,69,109,178
181020,12,9,5,8,12,5,37,20,42,13,49,62
181127,12,9,5,0,0,1,0,0,1,1,0,1
181215,12,9,5,1,4,26,71,5,97,27,75,102
181297,12,9,5,3,21,1,4,24,5,4,25,29
181330,12,9,5,0,0,2,14,0,16,2,14,16
181394,12,9,5,10,13,40,86,23,126,50,99,149
181428,12,9,5,7,17,12,24,24,36,19,41,60
181446,12,9,5,0,2,1,10,2,11,1,12,13
181464,12,9,5,12,9,47,88,21,135,59,97,156
181604,12,9,5,3,1,2,5,4,7,5,6,11
181783,12,9,5,6,3,16,47,9,63,22,50,72
182281,12,9,5,33,77,61,135,110,196,94,212,306
182290,12,9,5,11,27,55,107,38,162,66,134,200
182670,12,9,5,22,8,1,2,30,3,23,10,33
182829,12,9,5,8,4,24,10,12,34,32,14,46
182980,12,9,5,9,18,3,7,27,10,12,25,37
183026,12,9,5,160,291,569,1332,451,1901,729,1623,2352
183044,12,9,5,14,20,28,66,34,94,42,86,128
183062,12,9,5,0,0,4,4,0,8,4,4,8
183071,12,9,5,0,0,0,1,0,1,0,1,1
183080,12,9,5,0,4,8,42,4,50,8,46,54
183257,12,9,5,1,2,6,19,3,25,7,21,28
183789,12,9,5,0,3,1,2,3,3,1,5,6
183910,12,9,5,1,1,10,25,2,35,11,26,37
184603,12,9,5,6,13,49,183,19,232,55,196,251
184612,12,9,5,2,3,1,31,5,32,3,34,37
184694,12,9,5,2,5,5,17,7,22,7,22,29
184773,12,9,5,1,3,4,41,4,45,5,44,49
184782,12,9,5,4,6,42,133,10,175,46,139,185
185262,12,9,5,3,9,27,123,12,150,30,132,162
185572,12,9,5,1,11,11,54,12,65,12,65,77
185590,12,9,5,8,26,60,145,34,205,68,171,239
185758,12,9,5,1,6,23,33,7,56,24,39,63
185828,12,9,5,3,1,33,9,4,42,36,10,46
186131,12,9,5,2,1,0,0,3,0,2,1,3
186201,12,9,5,1,14,5,22,15,27,6,36,42
186283,12,9,5,0,4,17,42,4,59,17,46,63
186371,12,9,5,8,9,19,70,17,89,27,79,106
186380,12,9,5,34,49,94,301,83,395,128,350,478
186399,12,9,5,13,19,46,60,32,106,59,79,138
186432,12,9,5,4,6,23,49,10,72,27,55,82
186584,12,9,5,7,15,145,180,22,325,152,195,347
186618,12,9,5,0,6,9,34,6,43,9,40,49
186867,12,9,5,4,1,67,29,5,96,71,30,101
186876,12,9,5,1,3,11,46,4,57,12,49,61
187046,12,9,5,1,3,61,106,4,167,62,109,171
187134,12,9,5,2,2,9,32,4,41,11,34,45
187444,12,9,5,3,17,30,152,20,182,33,169,202
187648,12,9,5,3,17,31,67,20,98,34,84,118
187897,12,9,5,14,37,17,46,51,63,31,83,114
187967,12,9,5,2,0,11,23,2,34,13,23,36
187985,12,9,5,23,42,73,152,65,225,96,194,290
188030,12,9,5,16,23,58,80,39,138,74,103,177
188207,12,9,5,1,15,1,6,16,7,2,21,23
188429,12,9,5,4,18,28,90,22,118,32,108,140
188641,12,9,5,3,4,5,18,7,23,8,22,30
189705,12,9,5,0,2,5,21,2,26,5,23,28
190044,12,9,5,1,2,22,26,3,48,23,28,51
190415,12,9,5,22,18,27,29,40,56,49,47,96
190424,12,9,5,4,4,0,2,8,2,4,6,10
190503,12,9,5,9,13,0,0,22,0,9,13,22
190761,12,9,5,0,6,1,12,6,13,1,18,19
191126,12,9,5,0,4,0,3,4,3,0,7,7
191205,12,9,5,2,0,2,1,2,3,4,1,5
191241,12,9,5,25,56,58,173,81,231,83,229,312
191649,12,9,5,7,23,25,78,30,103,32,101,133
191676,12,9,5,0,1,0,0,1,0,0,1,1
192192,12,9,5,1,0,3,10,1,13,4,10,14
192271,12,9,5,0,2,0,1,2,1,0,3,3
192323,12,9,5,0,2,5,21,2,26,5,23,28
192448,12,9,5,10,41,26,128,51,154,36,169,205
192703,12,9,5,2,8,3,2,10,5,5,10,15
192712,12,9,5,0,3,0,0,3,0,0,3,3
192749,12,9,5,11,25,12,38,36,50,23,63,86
192785,12,9,5,0,3,0,0,3,0,0,3,3
192819,12,9,5,0,1,15,28,1,43,15,29,44
193016,12,9,5,5,22,20,106,27,126,25,128,153
193292,12,9,5,0,2,15,99,2,114,15,101,116
193399,12,9,5,3,10,3,14,13,17,6,24,30
193584,12,9,5,0,7,0,10,7,10,0,17,17
193654,12,9,5,13,16,7,17,29,24,20,33,53
193830,12,9,5,1,5,5,9,6,14,6,14,20
193900,12,9,5,50,75,125,154,125,279,175,229,404
193973,12,9,5,9,11,14,15,20,29,23,26,49
194091,12,9,5,6,3,17,16,9,33,23,19,42
194116,12,9,5,0,3,0,0,3,0,0,3,3
194310,12,9,5,5,14,77,114,19,191,82,128,210
194392,12,9,5,0,0,3,1,0,4,3,1,4
194578,12,9,5,0,7,1,6,7,7,1,13,14
194824,12,9,5,1,2,1,0,3,1,2,2,4
195003,12,9,5,8,8,18,9,16,27,26,17,43
195128,12,9,5,1,7,13,44,8,57,14,51,65
195155,12,9,5,1,0,57,11,1,68,58,11,69
195164,12,9,5,0,0,18,16,0,34,18,16,34
195234,12,9,5,1,6,10,50,7,60,11,56,67
195243,12,9,5,1,0,0,2,1,2,1,2,3
195474,12,9,5,1,0,1,0,1,1,2,0,2
195544,12,9,5,1,8,6,49,9,55,7,57,64
195720,12,9,5,11,23,3,20,34,23,14,43,57
196024,12,9,5,0,1,4,17,1,21,4,18,22
196042,12,9,5,0,0,0,1,0,1,0,1,1
196060,12,9,5,10,17,51,105,27,156,61,122,183
196079,12,9,5,4,13,39,54,17,93,43,67,110
196088,12,9,5,21,50,59,153,71,212,80,203,283
196097,12,9,5,15,45,40,134,60,174,55,179,234
196103,12,9,5,0,1,4,1,1,5,4,2,6
196112,12,9,5,1,3,13,42,4,55,14,45,59
196121,12,9,5,4,5,10,26,9,36,14,31,45
196130,12,9,5,4,9,18,31,13,49,22,40,62
196149,12,9,5,0,0,3,13,0,16,3,13,16
196158,12,9,5,0,1,3,5,1,8,3,6,9
196176,12,9,5,4,4,7,13,8,20,11,17,28
196185,12,9,5,0,1,0,2,1,2,0,3,3
196194,12,9,5,1,3,14,27,4,41,15,30,45
196200,12,9,5,2,2,2,4,4,6,4,6,10
196219,12,9,5,0,3,1,1,3,2,1,4,5
196246,12,9,5,1,5,5,3,6,8,6,8,14
196255,12,9,5,2,24,9,24,26,33,11,48,59
196264,12,9,5,4,10,52,194,14,246,56,204,260
196291,12,9,5,1,0,3,1,1,4,4,1,5
196307,12,9,5,1,8,1,10,9,11,2,18,20
196413,12,9,5,38,42,72,117,80,189,110,159,269
196468,12,9,5,15,62,27,77,77,104,42,139,181
196884,12,9,5,6,11,5,9,17,14,11,20,31
197045,12,9,5,2,6,18,60,8,78,20,66,86
197708,12,9,5,17,51,29,55,68,84,46,106,152
197869,12,9,5,7,7,24,77,14,101,31,84,115
197911,12,9,5,1,0,0,5,1,5,1,5,6
198109,12,9,5,0,5,0,2,5,2,0,7,7
198136,12,9,5,11,22,13,41,33,54,24,63,87
198303,12,9,5,1,0,1,0,1,1,2,0,2
198464,12,9,5,16,40,75,213,56,288,91,253,344
198507,12,9,5,0,1,0,9,1,9,0,10,10
198516,12,9,5,3,5,0,1,8,1,3,6,9
198543,12,9,5,9,27,38,56,36,94,47,83,130
198598,12,9,5,0,2,0,4,2,4,0,6,6
198756,12,9,5,0,6,0,0,6,0,0,6,6
198835,12,9,5,10,11,11,31,21,42,21,42,63
198899,12,9,5,0,1,1,0,1,1,1,1,2
198950,12,9,5,0,4,0,7,4,7,0,11,11
198969,12,9,5,0,2,2,3,2,5,2,5,7
199102,12,9,5,10,16,27,36,26,63,37,52,89
199120,12,9,5,30,50,53,82,80,135,83,132,215
199139,12,9,5,22,38,78,201,60,279,100,239,339
199148,12,9,5,15,30,66,169,45,235,81,199,280
199157,12,9,5,8,43,19,56,51,75,27,99,126
199184,12,9,5,3,3,0,0,6,0,3,3,6
199193,12,9,5,34,42,106,140,76,246,140,182,322
199218,12,9,5,19,60,58,145,79,203,77,205,282
199281,12,9,5,4,23,36,134,27,170,40,157,197
199412,12,9,5,4,15,6,30,19,36,10,45,55
199607,12,9,5,0,0,2,13,0,15,2,13,15
199759,12,9,5,80,21,85,43,101,128,165,64,229
199865,12,9,5,1,8,0,1,9,1,1,9,10
199971,12,9,5,4,4,0,0,8,0,4,4,8
199999,12,9,5,0,13,2,23,13,25,2,36,38
200004,12,9,5,2,16,46,65,18,111,48,81,129
200013,12,9,5,1,0,0,1,1,1,1,1,2
200059,12,9,5,0,0,1,1,0,2,1,1,2
200217,12,9,5,5,10,12,43,15,55,17,53,70
200280,12,9,5,11,10,77,107,21,184,88,117,205
200332,12,9,5,2,3,24,28,5,52,26,31,57
200572,12,9,5,0,0,2,9,0,11,2,9,11
200697,12,9,5,3,1,26,6,4,32,29,7,36
200800,12,9,5,3,14,26,40,17,66,29,54,83
201061,12,9,5,0,1,0,0,1,0,0,1,1
201195,12,9,5,3,13,5,15,16,20,8,28,36
201441,12,9,5,11,26,51,96,37,147,62,122,184
201548,12,9,5,3,8,7,12,11,19,10,20,30
201645,12,9,5,33,71,26,51,104,77,59,122,181
201654,12,9,5,1,2,7,11,3,18,8,13,21
201885,12,9,5,17,22,79,264,39,343,96,286,382
201964,12,9,5,17,19,9,5,36,14,26,24,50
202170,12,9,5,0,1,0,0,1,0,0,1,1
202480,12,9,5,29,65,29,35,94,64,58,100,158
202763,12,9,5,3,13,4,13,16,17,7,26,33
203067,12,9,5,6,10,1,9,16,10,7,19,26
203085,12,9,5,0,2,2,5,2,7,2,7,9
203368,12,9,5,2,7,8,12,9,20,10,19,29
203517,12,9,5,18,51,70,194,69,264,88,245,333
203580,12,9,5,0,0,3,5,0,8,3,5,8
203757,12,9,5,5,6,0,1,11,1,5,7,12
203775,12,9,5,1,1,8,10,2,18,9,11,20
203960,12,9,5,0,1,0,15,1,15,0,16,16
204006,12,9,5,0,0,0,2,0,2,0,2,2
204024,12,9,5,0,6,18,95,6,113,18,101,119
204194,12,9,5,1,6,5,23,7,28,6,29,35
204200,12,9,5,0,0,4,55,0,59,4,55,59
204468,12,9,5,0,0,1,8,0,9,1,8,9
204477,12,9,5,0,1,0,2,1,2,0,3,3
204617,12,9,5,1,3,4,19,4,23,5,22,27
204635,12,9,5,2,0,0,0,2,0,2,0,2
204796,12,9,5,33,66,83,191,99,274,116,257,373
204857,12,9,5,15,18,74,166,33,240,89,184,273
204936,12,9,5,1,1,5,19,2,24,6,20,26
205443,12,9,5,1,0,6,12,1,18,7,12,19
206279,12,9,5,22,26,11,14,48,25,33,40,73
206349,12,9,5,0,6,2,32,6,34,2,38,40
206507,12,9,5,1,1,1,1,2,2,2,2,4
206525,12,9,5,0,0,0,1,0,1,0,1,1
206604,12,9,5,2,5,35,42,7,77,37,47,84
206622,12,9,5,4,11,26,61,15,87,30,72,102
206695,12,9,5,7,21,30,90,28,120,37,111,148
206862,12,9,5,18,41,16,20,59,36,34,61,95
206914,12,9,5,1,7,3,14,8,17,4,21,25
207041,12,9,5,4,15,14,34,19,48,18,49,67
207209,12,9,5,4,7,2,4,11,6,6,11,17
207263,12,9,5,10,17,22,88,27,110,32,105,137
207306,12,9,5,1,3,0,9,4,9,1,12,13
207315,12,9,5,7,12,35,25,19,60,42,37,79
207324,12,9,5,1,0,7,9,1,16,8,9,17
207342,12,9,5,0,5,3,24,5,27,3,29,32
207388,12,9,5,13,16,96,88,29,184,109,104,213
207500,12,9,5,43,95,119,201,138,320,162,296,458
207582,12,9,5,37,57,24,14,94,38,61,71,132
207661,12,9,5,2,2,0,3,4,3,2,5,7
207847,12,9,5,19,46,78,155,65,233,97,201,298
207865,12,9,5,0,15,7,43,15,50,7,58,65
207971,12,9,5,5,3,8,11,8,19,13,14,27
208646,12,9,5,3,3,4,11,6,15,7,14,21
208822,12,9,5,10,35,65,104,45,169,75,139,214
209490,12,9,5,2,4,6,17,6,23,8,21,29
209506,12,9,5,2,1,4,7,3,11,6,8,14
209542,12,9,5,5,17,59,90,22,149,64,107,171
209551,12,9,5,22,17,9,22,39,31,31,39,70
209603,12,9,5,0,11,0,0,11,0,0,11,11
209612,12,9,5,6,25,9,22,31,31,15,47,62
209807,12,9,5,29,36,57,164,65,221,86,200,286
209825,12,9,5,0,3,8,22,3,30,8,25,33
209922,12,9,5,0,0,2,1,0,3,2,1,3
210401,12,9,5,11,5,0,4,16,4,11,9,20
210429,12,9,5,5,9,3,13,14,16,8,22,30
210739,12,9,5,7,12,13,26,19,39,20,38,58
210775,12,9,5,8,10,7,30,18,37,15,40,55
211088,12,9,5,0,0,11,48,0,59,11,48,59
211130,12,9,5,7,19,12,7,26,19,19,26,45
211352,12,9,5,0,3,13,32,3,45,13,35,48
211431,12,9,5,1,11,4,50,12,54,5,61,66
211440,12,9,5,9,12,22,12,21,34,31,24,55
211556,12,9,5,4,16,3,27,20,30,7,43,50
211583,12,9,5,0,0,3,19,0,22,3,19,22
212054,12,9,5,7,15,131,233,22,364,138,248,386
212106,12,9,5,28,55,3,17,83,20,31,72,103
212115,12,9,5,2,1,14,48,3,62,16,49,65
212133,12,9,5,49,61,185,231,110,416,234,292,526
212197,12,9,5,1,2,8,15,3,23,9,17,26
212601,12,9,5,4,1,12,26,5,38,16,27,43
212674,12,9,5,0,1,54,59,1,113,54,60,114
212771,12,9,5,2,11,6,25,13,31,8,36,44
212984,12,9,5,2,5,16,35,7,51,18,40,58
213011,12,9,5,0,4,13,73,4,86,13,77,90
213020,12,9,5,5,3,47,96,8,143,52,99,151
213251,12,9,5,0,0,1,0,0,1,1,0,1
213321,12,9,5,0,1,2,19,1,21,2,20,22
213349,12,9,5,0,2,10,49,2,59,10,51,61
213367,12,9,5,1,3,16,46,4,62,17,49,66
213446,12,9,5,7,11,6,8,18,14,13,19,32
213507,12,9,5,0,3,10,12,3,22,10,15,25
213598,12,9,5,4,12,0,3,16,3,4,15,19
213987,12,9,5,2,1,7,5,3,12,9,6,15
213996,12,9,5,2,5,10,24,7,34,12,29,41
214041,12,9,5,5,5,16,45,10,61,21,50,71
214148,12,9,5,0,2,0,0,2,0,0,2,2
214157,12,9,5,2,1,12,32,3,44,14,33,47
214175,12,9,5,2,1,0,0,3,0,2,1,3
214272,12,9,5,2,1,8,37,3,45,10,38,48
214564,12,9,5,4,2,2,5,6,7,6,7,13
214591,12,9,5,0,0,0,1,0,1,0,1,1
214607,12,9,5,1,0,6,4,1,10,7,4,11
214643,12,9,5,0,0,1,2,0,3,1,2,3
214704,12,9,5,0,0,0,1,0,1,0,1,1
214713,12,9,5,2,3,8,20,5,28,10,23,33
214777,12,9,5,14,19,13,25,33,38,27,44,71
214829,12,9,5,0,0,2,0,0,2,2,0,2
214883,12,9,5,0,2,3,13,2,16,3,15,18
215062,12,9,5,45,71,63,95,116,158,108,166,274
215105,12,9,5,1,1,2,7,2,9,3,8,11
215123,12,9,5,7,22,0,2,29,2,7,24,31
215293,12,9,5,21,39,26,97,60,123,47,136,183
215424,12,9,5,35,31,6,8,66,14,41,39,80
215442,12,9,5,4,7,20,61,11,81,24,68,92
215655,12,9,5,10,3,24,29,13,53,34,32,66
215743,12,9,5,0,0,9,19,0,28,9,19,28
215798,12,9,5,1,0,1,2,1,3,2,2,4
215929,12,9,5,3,4,26,31,7,57,29,35,64
216010,12,9,5,4,2,12,15,6,27,16,17,33
216038,12,9,5,2,4,9,45,6,54,11,49,60
216339,12,9,5,40,61,57,119,101,176,97,180,277
216366,12,9,5,3,9,36,83,12,119,39,92,131
216542,12,9,5,0,0,6,4,0,10,6,4,10
216597,12,9,5,11,34,52,76,45,128,63,110,173
216694,12,9,5,2,8,4,16,10,20,6,24,30
216764,12,9,5,8,19,41,91,27,132,49,110,159
216852,12,9,5,13,30,18,100,43,118,31,130,161
216931,12,9,5,8,31,60,298,39,358,68,329,397
217013,12,9,5,0,4,3,40,4,43,3,44,47
217059,12,9,5,1,2,3,7,3,10,4,9,13
217156,12,9,5,13,10,3,6,23,9,16,16,32
217165,12,9,5,0,0,8,5,0,13,8,5,13
217235,12,9,5,7,2,1,10,9,11,8,12,20
217305,12,9,5,1,3,0,3,4,3,1,6,7
217402,12,9,5,4,1,9,20,5,29,13,21,34
217420,12,9,5,3,7,23,76,10,99,26,83,109
217493,12,9,5,0,2,0,0,2,0,0,2,2
217518,12,9,5,1,0,7,1,1,8,8,1,9
217536,12,9,5,0,1,39,58,1,97,39,59,98
217633,12,9,5,38,30,25,9,68,34,63,39,102
217688,12,9,5,2,4,14,37,6,51,16,41,57
217721,12,9,5,4,2,0,0,6,0,4,2,6
217749,12,9,5,0,2,32,30,2,62,32,32,64
217819,12,9,5,1,3,15,121,4,136,16,124,140
217864,12,9,5,2,2,52,38,4,90,54,40,94
217873,12,9,5,0,6,1,4,6,5,1,10,11
217882,12,9,5,10,12,75,148,22,223,85,160,245
217907,12,9,5,2,2,1,4,4,5,3,6,9
217925,12,9,5,11,11,134,130,22,264,145,141,286
217934,12,9,5,5,13,3,18,18,21,8,31,39
217961,12,9,5,0,8,7,48,8,55,7,56,63
218061,12,9,5,1,2,5,22,3,27,6,24,30
218229,12,9,5,0,3,10,41,3,51,10,44,54
218335,12,9,5,7,18,5,15,25,20,12,33,45
218441,12,9,5,9,6,5,5,15,10,14,11,25
218539,12,9,5,0,1,0,0,1,0,0,1,1
218645,12,9,5,2,8,20,57,10,77,22,65,87
218654,12,9,5,1,0,2,10,1,12,3,10,13
218663,12,9,5,21,48,73,182,69,255,94,230,324
218724,12,9,5,0,1,14,30,1,44,14,31,45
218733,12,9,5,6,8,9,21,14,30,15,29,44
218742,12,9,5,0,3,5,30,3,35,5,33,38
218751,12,9,5,1,0,0,0,1,0,1,0,1
218919,12,9,5,0,10,0,0,10,0,0,10,10
219082,12,9,5,3,0,23,14,3,37,26,14,40
219198,12,9,5,0,1,1,1,1,2,1,2,3
219204,12,9,5,8,11,19,9,19,28,27,20,47
219259,12,9,5,0,1,14,49,1,63,14,50,64
219277,12,9,5,0,0,2,4,0,6,2,4,6
219347,12,9,5,3,0,9,2,3,11,12,2,14
219471,12,9,5,7,8,39,97,15,136,46,105,151
219602,12,9,5,5,10,20,35,15,55,25,45,70
219639,12,9,5,0,2,1,3,2,4,1,5,6
219806,12,9,5,1,2,15,84,3,99,16,86,102
219833,12,9,5,1,1,5,8,2,13,6,9,15
220075,12,9,5,4,24,31,94,28,125,35,118,153
220215,12,9,5,2,4,13,44,6,57,15,48,63
220473,12,9,5,11,10,20,15,21,35,31,25,56
220516,12,9,5,1,9,1,6,10,7,2,15,17
220701,12,9,5,0,1,1,1,1,2,1,2,3
220792,12,9,5,1,2,0,0,3,0,1,2,3
220862,12,9,5,13,24,63,179,37,242,76,203,279
220978,12,9,5,7,8,56,138,15,194,63,146,209
221519,12,9,5,3,4,5,1,7,6,8,5,13
221740,12,9,5,0,8,33,41,8,74,33,49,82
221759,12,9,5,27,30,46,99,57,145,73,129,202
221768,12,9,5,2,15,11,32,17,43,13,47,60
221838,12,9,5,7,17,44,110,24,154,51,127,178
221847,12,9,5,2,9,19,48,11,67,21,57,78
221999,12,9,5,35,55,53,86,90,139,88,141,229
222178,12,9,5,2,3,73,185,5,258,75,188,263
222831,12,9,5,10,23,15,41,33,56,25,64,89
223232,12,9,5,43,72,54,127,115,181,97,199,296
224147,12,9,5,1,2,56,128,3,184,57,130,187
224323,12,9,5,6,4,24,36,10,60,30,40,70
224527,12,9,5,0,0,2,3,0,5,2,3,5
224554,12,9,5,16,45,102,200,61,302,118,245,363
225247,12,9,5,5,2,7,4,7,11,12,6,18
225399,12,9,5,4,11,39,120,15,159,43,131,174
225414,12,9,5,6,27,30,49,33,79,36,76,112
225432,12,9,5,3,4,40,52,7,92,43,56,99
225511,12,9,5,37,54,71,77,91,148,108,131,239
225548,12,9,5,2,0,0,3,2,3,2,3,5
226383,12,9,5,0,4,3,20,4,23,3,24,27
226471,12,9,5,1,2,5,17,3,22,6,19,25
226587,12,9,5,0,1,0,0,1,0,0,1,1
227216,12,9,5,22,33,75,158,55,233,97,191,288
227331,12,9,5,25,72,2,16,97,18,27,88,115
227368,12,9,5,13,14,72,176,27,248,85,190,275
227526,12,9,5,5,13,9,31,18,40,14,44,58
227757,12,9,5,21,16,19,12,37,31,40,28,68
227845,12,9,5,3,4,22,44,7,66,25,48,73
227863,12,9,5,6,19,65,83,25,148,71,102,173
227881,12,9,5,5,12,66,148,17,214,71,160,231
228042,12,9,5,2,4,0,3,6,3,2,7,9
228149,12,9,5,7,8,15,23,15,38,22,31,53
228194,12,9,5,1,2,3,3,3,6,4,5,9
228246,12,9,5,22,29,71,117,51,188,93,146,239
228431,12,9,5,4,12,19,44,16,63,23,56,79
228459,12,9,5,19,35,45,110,54,155,64,145,209
228501,12,9,5,3,3,12,25,6,37,15,28,43
228529,12,9,5,12,18,43,100,30,143,55,118,173
228635,12,9,5,0,3,1,2,3,3,1,5,6
228644,12,9,5,3,7,6,16,10,22,9,23,32
228653,12,9,5,3,5,16,56,8,72,19,61,80
228705,12,9,5,3,6,17,21,9,38,20,27,47
228723,12,9,5,75,43,201,181,118,382,276,224,500
228769,12,9,5,28,76,129,496,104,625,157,572,729
228778,12,9,5,27,36,12,13,63,25,39,49,88
228787,12,9,5,18,16,85,84,34,169,103,100,203
228796,12,9,5,14,15,57,108,29,165,71,123,194
228802,12,9,5,12,20,48,130,32,178,60,150,210
228875,12,9,5,18,25,3,5,43,8,21,30,51
228909,12,9,5,1,9,2,7,10,9,3,16,19
229018,12,9,5,10,7,26,64,17,90,36,71,107
229027,12,9,5,26,25,85,101,51,186,111,126,237
229063,12,9,5,10,20,21,44,30,65,31,64,95
229115,12,9,5,29,36,80,205,65,285,109,241,350
229179,12,9,5,4,32,25,284,36,309,29,316,345
229267,12,9,5,1,0,1,0,1,1,2,0,2
229337,12,9,5,9,23,30,77,32,107,39,100,139
229780,12,9,5,27,23,40,42,50,82,67,65,132
229814,12,9,5,2,14,70,85,16,155,72,99,171
230038,12,9,5,11,22,16,47,33,63,27,69,96
230171,12,9,5,0,0,1,2,0,3,1,2,3
230603,12,9,5,10,13,51,97,23,148,61,110,171
230728,12,9,5,7,40,28,79,47,107,35,119,154
230764,12,9,5,36,74,33,64,110,97,69,138,207
230782,12,9,5,6,17,21,34,23,55,27,51,78
230807,12,9,5,0,3,1,4,3,5,1,7,8
230816,12,9,5,2,18,0,0,20,0,2,18,20
230834,12,9,5,0,1,29,107,1,136,29,108,137
230852,12,9,5,1,1,40,35,2,75,41,36,77
230913,12,9,5,0,2,10,23,2,33,10,25,35
230959,12,9,5,0,0,0,24,0,24,0,24,24
231059,12,9,5,0,0,3,14,0,17,3,14,17
231174,12,9,5,2,10,8,28,12,36,10,38,48
231420,12,9,5,0,0,7,24,0,31,7,24,31
231581,12,9,5,0,2,0,2,2,2,0,4,4
231624,12,9,5,13,16,35,73,29,108,48,89,137
232025,12,9,5,1,1,0,0,2,0,1,1,2
232043,12,9,5,8,7,4,64,15,68,12,71,83
232089,12,9,5,0,0,0,1,0,1,0,1,1
232186,12,9,5,72,69,230,412,141,642,302,481,783
232308,12,9,5,0,0,6,16,0,22,6,16,22
232557,12,9,5,1668,2229,2056,3001,3897,5057,3724,5230,8954
232566,12,9,5,7,7,32,88,14,120,39,95,134
232609,12,9,5,18,17,10,25,35,35,28,42,70
232706,12,9,5,13,6,57,113,19,170,70,119,189
232982,12,9,5,19,40,138,233,59,371,157,273,430
233277,12,9,5,0,10,16,157,10,173,16,167,183
233374,12,9,5,2,0,9,28,2,37,11,28,39
233541,12,9,5,4,10,36,135,14,171,40,145,185
233921,12,9,5,19,33,107,87,52,194,126,120,246
234030,12,9,5,19,50,40,140,69,180,59,190,249
234076,12,9,5,36,27,85,176,63,261,121,203,324
234155,12,9,5,3,15,6,16,18,22,9,31,40
234207,12,9,5,1,0,0,0,1,0,1,0,1
234827,12,9,5,4,4,7,20,8,27,11,24,35
235097,12,9,5,44,109,39,71,153,110,83,180,263
235316,12,9,5,29,66,29,58,95,87,58,124,182
235547,12,9,5,6,21,1,6,27,7,7,27,34
236328,12,9,5,1,0,1,0,1,1,2,0,2
236452,12,9,5,1,1,15,19,2,34,16,20,36
236577,12,9,5,4,9,5,28,13,33,9,37,46
236595,12,9,5,10,32,18,51,42,69,28,83,111
236896,12,9,5,1,4,0,1,5,1,1,5,6
236939,12,9,5,23,24,61,69,47,130,84,93,177
237011,12,9,5,11,18,9,16,29,25,20,34,54
237066,12,9,5,4,2,4,13,6,17,8,15,23
237312,12,9,5,31,15,19,13,46,32,50,28,78
237330,12,9,5,1,5,1,15,6,16,2,20,22
237367,12,9,5,1,1,5,8,2,13,6,9,15
237385,12,9,5,0,0,0,2,0,2,0,2,2
237525,12,9,5,16,27,33,80,43,113,49,107,156
237792,12,9,5,4,18,7,46,22,53,11,64,75
237899,12,9,5,2,3,1,11,5,12,3,14,17
237969,12,9,5,0,2,0,2,2,2,0,4,4
238032,12,9,5,14,17,51,55,31,106,65,72,137
238193,12,9,5,5,30,6,27,35,33,11,57,68
238263,12,9,5,0,0,0,3,0,3,0,3,3
238430,12,9,5,2,5,9,67,7,76,11,72,83
238458,12,9,5,0,4,0,7,4,7,0,11,11
239071,12,9,5,1,0,14,21,1,35,15,21,36
239105,12,9,5,5,9,10,33,14,43,15,42,57
239169,12,9,5,1,0,2,4,1,6,3,4,7
239318,12,9,5,0,1,3,0,1,3,3,1,4
239716,12,9,5,0,0,3,6,0,9,3,6,9
240107,12,9,5,13,45,15,62,58,77,28,107,135
240189,12,9,5,10,9,28,48,19,76,38,57,95
240268,12,9,5,2,0,26,14,2,40,28,14,42
240277,12,9,5,2,1,16,14,3,30,18,15,33
240329,12,9,5,0,3,14,19,3,33,14,22,36
240338,12,9,5,0,0,0,3,0,3,0,3,3
240365,12,9,5,1,2,20,34,3,54,21,36,57
240374,12,9,5,0,3,14,15,3,29,14,18,32
240417,12,9,5,0,5,28,63,5,91,28,68,96
240426,12,9,5,0,2,9,20,2,29,9,22,31
240444,12,9,5,33,40,27,47,73,74,60,87,147
240453,12,9,5,14,35,30,65,49,95,44,100,144
240462,12,9,5,0,1,28,7,1,35,28,8,36
240471,12,9,5,1,1,3,11,2,14,4,12,16
240480,12,9,5,1,2,11,33,3,44,12,35,47
240727,12,9,5,6,14,38,73,20,111,44,87,131
241191,12,9,5,0,4,1,0,4,1,1,4,5
241225,12,9,5,5,6,4,8,11,12,9,14,23
241331,12,9,5,9,34,0,5,43,5,9,39,48
241377,12,9,5,2,5,9,24,7,33,11,29,40
241386,12,9,5,0,1,0,1,1,1,0,2,2
241395,12,9,5,1,8,8,13,9,21,9,21,30
241410,12,9,5,26,30,20,51,56,71,46,81,127
241739,12,9,5,26,55,16,32,81,48,42,87,129
241766,12,9,5,1,0,0,0,1,0,1,0,1
241836,12,9,5,0,1,0,1,1,1,0,2,2
242617,12,9,5,17,11,12,31,28,43,29,42,71
242626,12,9,5,1,7,0,1,8,1,1,8,9
242635,12,9,5,3,12,1,3,15,4,4,15,19
242644,12,9,5,1,1,1,0,2,1,2,1,3
242653,12,9,5,3,2,49,70,5,119,52,72,124
242662,12,9,5,12,17,14,35,29,49,26,52,78
242680,12,9,5,1,2,1,1,3,2,2,3,5
242699,12,9,5,4,4,5,1,8,6,9,5,14
242705,12,9,5,0,0,0,1,0,1,0,1,1
242723,12,9,5,6,2,4,13,8,17,10,15,25
243203,12,9,5,8,23,3,5,31,8,11,28,39
243221,12,9,5,47,65,32,34,112,66,79,99,178
243346,12,9,5,10,51,4,15,61,19,14,66,80
243443,12,9,5,0,0,5,15,0,20,5,15,20
243577,12,9,5,10,2,10,5,12,15,20,7,27
243586,12,9,5,2,0,0,5,2,5,2,5,7
243601,12,9,5,54,124,32,58,178,90,86,182,268
243744,12,9,5,10,14,41,15,24,56,51,29,80
243780,12,9,5,13,12,150,117,25,267,163,129,292
243832,12,9,5,6,6,4,2,12,6,10,8,18
246789,12,9,5,6,3,12,4,9,16,18,7,25
248934,12,9,5,15,16,0,0,31,0,15,16,31
262086,12,9,5,31,117,75,227,148,302,106,344,450
363907,12,9,5,2,4,3,14,6,17,5,18,23
363916,12,9,5,0,2,1,3,2,4,1,5,6
366003,12,9,5,2,7,11,7,9,18,13,14,27
366711,12,9,5,7,18,6,12,25,18,13,30,43
367954,12,9,5,12,62,11,54,74,65,23,116,139
385415,12,9,5,0,0,3,2,0,5,3,2,5
408844,12,9,5,1,9,3,15,10,18,4,24,28
409254,12,9,5,0,1,1,33,1,34,1,34,35
409698,12,9,5,9,8,7,19,17,26,16,27,43
414878,12,9,5,1,0,5,3,1,8,6,3,9
414966,12,9,5,1,5,14,20,6,34,15,25,40
420042,12,9,5,0,1,0,0,1,0,0,1,1
420246,12,9,5,5,27,2,1,32,3,7,28,35
423643,12,9,5,1,2,0,3,3,3,1,5,6
426314,12,9,5,97,26,78,21,123,99,175,47,222
433387,12,9,5,1417,3926,0,0,5343,0,1417,3926,5343
433660,12,9,5,6,12,1,3,18,4,7,15,22
435000,12,9,5,1,0,2,7,1,9,3,7,10
438586,12,9,5,2,5,3,3,7,6,5,8,13
440031,12,9,5,1,0,2,1,1,3,3,1,4
440828,12,9,5,0,5,0,7,5,7,0,12,12
441131,12,9,5,1,8,1,10,9,11,2,18,20
441690,12,9,5,0,0,2,2,0,4,2,2,4
441900,12,9,5,0,0,0,7,0,7,0,7,7
441937,12,9,5,0,2,0,9,2,9,0,11,11
442356,12,9,5,0,0,1,15,0,16,1,15,16
443049,12,9,5,16,15,18,12,31,30,34,27,61
443058,12,9,5,11,20,11,22,31,33,22,42,64
445027,12,9,5,351,449,18,57,800,75,369,506,875
445133,12,9,5,1,1,1,1,2,2,2,2,4
445188,12,9,5,8,5,0,0,13,0,8,5,13
445267,12,9,5,1,12,4,19,13,23,5,31,36
447698,12,9,5,0,11,2,11,11,13,2,22,24
448673,12,9,5,1,7,0,1,8,1,1,8,9
449481,12,9,5,2,7,0,0,9,0,2,7,9
449889,12,9,5,298,1048,0,0,1346,0,298,1048,1346
449922,12,9,5,1,1,0,0,2,0,1,1,2
450571,12,9,5,0,1,0,2,1,2,0,3,3
450933,12,9,5,459,302,0,0,761,0,459,302,761
451079,12,9,5,3,9,0,0,12,0,3,9,12
451510,12,9,5,2,3,1,1,5,2,3,4,7
454227,12,9,5,9,70,136,1783,79,1919,145,1853,1998
455406,12,9,5,0,1,0,0,1,0,0,1,1
456481,12,9,5,0,2,2,3,2,5,2,5,7
458210,12,9,5,13,71,5,31,84,36,18,102,120
459736,12,9,5,0,6,6,9,6,15,6,15,21
459949,12,9,5,2,9,14,32,11,46,16,41,57
460349,12,9,5,0,4,21,35,4,56,21,39,60
461643,12,9,5,1,2,0,0,3,0,1,2,3
461883,12,9,5,0,1,0,0,1,0,0,1,1
474863,12,9,5,7,12,3,5,19,8,10,17,27
476975,12,9,5,6,4,125,179,10,304,131,183,314
477039,12,9,5,6,35,0,11,41,11,6,46,52
479956,12,9,5,9,7,191,159,16,350,200,166,366
480569,12,9,5,0,0,19,26,0,45,19,26,45
480657,12,9,5,0,2,0,2,2,2,0,4,4
482149,12,9,5,10,35,20,66,45,86,30,101,131
482158,12,9,5,8,8,14,8,16,22,22,16,38
482413,12,9,5,0,3,5,7,3,12,5,10,15
482422,12,9,5,0,0,2,2,0,4,2,2,4
482431,12,9,5,0,0,6,4,0,10,6,4,10
482459,12,9,5,0,0,0,1,0,1,0,1,1
482468,12,9,5,0,1,2,2,1,4,2,3,5
482477,12,9,5,21,20,162,220,41,382,183,240,423
482574,12,9,5,0,0,1,1,0,2,1,1,2
482635,12,9,5,0,0,1,1,0,2,1,1,2
482653,12,9,5,0,0,1,1,0,2,1,1,2
482680,12,9,5,2,4,12,33,6,45,14,37,51
482705,12,9,5,10,22,107,194,32,301,117,216,333
483036,12,9,5,5,10,16,22,15,38,21,32,53
483124,12,9,5,67,119,328,502,186,830,395,621,1016
483595,12,9,5,74,197,27,60,271,87,101,257,358
484613,12,9,5,916,2636,0,0,3552,0,916,2636,3552
484631,12,9,5,12,13,0,0,25,0,12,13,25
484905,12,9,5,4,0,13,14,4,27,17,14,31
485768,12,9,5,9,19,0,0,28,0,9,19,28
486840,12,9,5,17,30,119,180,47,299,136,210,346
487010,12,9,5,0,7,3,21,7,24,3,28,31
487524,12,9,5,1,4,9,23,5,32,10,27,37
487995,12,9,5,0,6,4,15,6,19,4,21,25
488031,12,9,5,16,18,0,0,34,0,16,18,34
489335,12,9,5,0,2,11,2,2,13,11,4,15
489779,12,9,5,169,381,220,655,550,875,389,1036,1425
489858,12,9,5,2,0,0,0,2,0,2,0,2
490230,12,9,5,2,1,0,0,3,0,2,1,3
490753,12,9,5,4,11,0,0,15,0,4,11,15
490805,12,9,5,3,1,12,34,4,46,15,35,50
491808,12,9,5,9,28,2,9,37,11,11,37,48
492209,12,9,5,2,10,0,1,12,1,2,11,13
492689,12,9,5,0,1,0,0,1,0,0,1,1
493673,12,9,5,0,3,0,0,3,0,0,3,3
494010,12,9,5,1,1,0,1,2,1,1,2,3
494551,12,9,5,0,0,0,7,0,7,0,7,7
496043,12,9,5,0,1,0,0,1,0,0,1,1
497107,12,9,5,0,0,7,18,0,25,7,18,25
497480,12,9,5,0,0,7,6,0,13,7,6,13
498562,12,9,5,1,7,7,19,8,26,8,26,34
498571,12,9,5,4,27,63,122,31,185,67,149,216
100663,13,10,1,0,2,6,11,2,17,6,13,19
100706,13,10,1,0,0,8,7,0,15,8,7,15
100751,13,10,1,2,2,7,15,4,22,9,17,26
100760,13,10,1,0,0,2,1,0,3,2,1,3
100812,13,10,1,0,0,3,9,0,12,3,9,12
100830,13,10,1,1,0,0,1,1,1,1,1,2
100858,13,10,1,3,2,5,6,5,11,8,8,16
101143,13,10,1,0,0,2,5,0,7,2,5,7
101161,13,10,1,3,4,7,3,7,10,10,7,17
101189,13,10,1,0,0,3,3,0,6,3,3,6
101240,13,10,1,0,1,7,4,1,11,7,5,12
101286,13,10,1,1,0,0,4,1,4,1,4,5
101295,13,10,1,0,1,3,1,1,4,3,2,5
101435,13,10,1,0,0,0,1,0,1,0,1,1
101453,13,10,1,0,0,1,0,0,1,1,0,1
101462,13,10,1,0,0,2,0,0,2,2,0,2
101480,13,10,1,0,0,5,2,0,7,5,2,7
101505,13,10,1,2,2,6,0,4,6,8,2,10
101514,13,10,1,1,0,6,19,1,25,7,19,26
101569,13,10,1,2,0,3,4,2,7,5,4,9
101587,13,10,1,1,6,1,2,7,3,2,8,10
101709,13,10,1,0,0,1,0,0,1,1,0,1
101736,13,10,1,0,0,3,2,0,5,3,2,5
101897,13,10,1,0,0,1,1,0,2,1,1,2
101912,13,10,1,0,2,1,1,2,2,1,3,4
102030,13,10,1,1,1,3,2,2,5,4,3,7
102049,13,10,1,1,0,0,2,1,2,1,2,3
102067,13,10,1,1,0,2,5,1,7,3,5,8
102076,13,10,1,1,0,2,1,1,3,3,1,4
102094,13,10,1,2,2,4,4,4,8,6,6,12
102234,13,10,1,0,0,10,3,0,13,10,3,13
102313,13,10,1,3,1,0,6,4,6,3,7,10
102368,13,10,1,0,8,8,21,8,29,8,29,37
102377,13,10,1,0,0,0,1,0,1,0,1,1
102395,13,10,1,0,0,2,0,0,2,2,0,2
102429,13,10,1,0,0,0,3,0,3,0,3,3
102553,13,10,1,0,1,63,54,1,117,63,55,118
102614,13,10,1,0,3,23,53,3,76,23,56,79
102632,13,10,1,0,0,7,21,0,28,7,21,28
104151,13,10,1,7,6,12,22,13,34,19,28,47
104160,13,10,1,2,0,6,8,2,14,8,8,16
104179,13,10,1,8,2,20,26,10,46,28,28,56
104346,13,10,1,0,0,12,31,0,43,12,31,43
104425,13,10,1,1,0,13,34,1,47,14,34,48
104577,13,10,1,4,0,337,683,4,1020,341,683,1024
104586,13,10,1,0,0,0,1,0,1,0,1,1
104708,13,10,1,3,1,75,69,4,144,78,70,148
104717,13,10,1,0,0,194,403,0,597,194,403,597
105145,13,10,1,0,0,3,5,0,8,3,5,8
105154,13,10,1,0,1,71,79,1,150,71,80,151
105206,13,10,1,2,3,3,13,5,16,5,16,21
105297,13,10,1,0,2,1,3,2,4,1,5,6
105330,13,10,1,4,4,7,22,8,29,11,26,37
105349,13,10,1,0,0,10,21,0,31,10,21,31
105428,13,10,1,0,1,49,67,1,116,49,68,117
105525,13,10,1,4,2,68,66,6,134,72,68,140
105659,13,10,1,1,0,0,0,1,0,1,0,1
105668,13,10,1,1,3,15,36,4,51,16,39,55
105747,13,10,1,0,0,72,104,0,176,72,104,176
105792,13,10,1,0,1,15,8,1,23,15,9,24
106148,13,10,1,6,2,234,442,8,676,240,444,684
106245,13,10,1,4,7,17,14,11,31,21,21,42
106263,13,10,1,0,0,1,3,0,4,1,3,4
106397,13,10,1,3,1,20,25,4,45,23,26,49
106412,13,10,1,3,2,0,7,5,7,3,9,12
106449,13,10,1,0,0,4,9,0,13,4,9,13
106458,13,10,1,0,0,17,25,0,42,17,25,42
106467,13,10,1,1,3,11,9,4,20,12,12,24
106625,13,10,1,0,0,3,0,0,3,3,0,3
107141,13,10,1,0,0,0,1,0,1,0,1,1
107318,13,10,1,0,0,0,2,0,2,0,2,2
107521,13,10,1,0,1,0,0,1,0,0,1,1
107585,13,10,1,0,0,0,2,0,2,0,2,2
107600,13,10,1,0,0,0,1,0,1,0,1,1
107619,13,10,1,3,0,0,0,3,0,3,0,3
107664,13,10,1,3,2,9,15,5,24,12,17,29
107725,13,10,1,0,1,0,1,1,1,0,2,2
107743,13,10,1,0,0,0,1,0,1,0,1,1
107974,13,10,1,0,1,0,4,1,4,0,5,5
107983,13,10,1,0,0,5,24,0,29,5,24,29
107992,13,10,1,0,0,1,0,0,1,1,0,1
108092,13,10,1,0,1,2,4,1,6,2,5,7
108232,13,10,1,2,1,4,25,3,29,6,26,32
108667,13,10,1,1,1,23,47,2,70,24,48,72
108807,13,10,1,1,0,37,29,1,66,38,29,67
108852,13,10,1,0,1,0,0,1,0,0,1,1
109208,13,10,1,4,8,85,93,12,178,89,101,190
109350,13,10,1,3,1,27,23,4,50,30,24,54
109785,13,10,1,1,2,5,13,3,18,6,15,21
109819,13,10,1,0,3,25,15,3,40,25,18,43
109907,13,10,1,2,6,5,4,8,9,7,10,17
109934,13,10,1,0,1,0,0,1,0,0,1,1
110097,13,10,1,8,4,18,11,12,29,26,15,41
110246,13,10,1,1,2,7,11,3,18,8,13,21
110316,13,10,1,9,23,2,10,32,12,11,33,44
110334,13,10,1,1,2,144,178,3,322,145,180,325
110361,13,10,1,3,2,0,4,5,4,3,6,9
110398,13,10,1,0,1,0,0,1,0,0,1,1
110413,13,10,1,1,6,1,2,7,3,2,8,10
110422,13,10,1,1,0,1,1,1,2,2,1,3
110486,13,10,1,2,2,5,7,4,12,7,9,16
110495,13,10,1,0,2,3,3,2,6,3,5,8
110510,13,10,1,5,14,12,16,19,28,17,30,47
110529,13,10,1,2,3,3,6,5,9,5,9,14
110538,13,10,1,0,4,2,1,4,3,2,5,7
110547,13,10,1,6,6,3,19,12,22,9,25,34
110556,13,10,1,1,4,11,7,5,18,12,11,23
110565,13,10,1,1,0,4,5,1,9,5,5,10
110574,13,10,1,8,7,3,12,15,15,11,19,30
110583,13,10,1,5,2,9,14,7,23,14,16,30
110592,13,10,1,7,2,11,9,9,20,18,11,29
110608,13,10,1,5,9,11,18,14,29,16,27,43
110617,13,10,1,1,4,6,9,5,15,7,13,20
110635,13,10,1,2,4,1,5,6,6,3,9,12
110644,13,10,1,0,2,3,1,2,4,3,3,6
110653,13,10,1,1,3,0,0,4,0,1,3,4
110662,13,10,1,1,5,1,0,6,1,2,5,7
110671,13,10,1,0,4,0,3,4,3,0,7,7
110680,13,10,1,1,4,2,0,5,2,3,4,7
110699,13,10,1,2,1,0,0,3,0,2,1,3
110705,13,10,1,2,2,0,0,4,0,2,2,4
110714,13,10,1,2,1,1,0,3,1,3,1,4
111434,13,10,1,1,2,22,50,3,72,23,52,75
111461,13,10,1,3,1,41,36,4,77,44,37,81
111887,13,10,1,11,7,43,37,18,80,54,44,98
111896,13,10,1,1,2,17,17,3,34,18,19,37
111920,13,10,1,1,4,47,43,5,90,48,47,95
111939,13,10,1,5,4,26,21,9,47,31,25,56
111948,13,10,1,0,0,1,1,0,2,1,1,2
112075,13,10,1,2,7,1,2,9,3,3,9,12
112172,13,10,1,1,1,11,14,2,25,12,15,27
112251,13,10,1,14,9,4,4,23,8,18,13,31
112367,13,10,1,0,2,0,0,2,0,0,2,2
112385,13,10,1,10,7,87,30,17,117,97,37,134
112561,13,10,1,1,3,18,21,4,39,19,24,43
112686,13,10,1,6,3,3,7,9,10,9,10,19
112826,13,10,1,1,0,12,31,1,43,13,31,44
113096,13,10,1,0,3,33,58,3,91,33,61,94
113111,13,10,1,1,1,6,11,2,17,7,12,19
113193,13,10,1,0,0,45,31,0,76,45,31,76
113236,13,10,1,2,2,24,19,4,43,26,21,47
113333,13,10,1,3,4,84,77,7,161,87,81,168
113573,13,10,1,3,1,15,20,4,35,18,21,39
113634,13,10,1,2,3,54,58,5,112,56,61,117
113698,13,10,1,0,4,0,3,4,3,0,7,7
113856,13,10,1,1,2,106,90,3,196,107,92,199
113980,13,10,1,3,5,49,67,8,116,52,72,124
114123,13,10,1,1,2,0,0,3,0,1,2,3
114266,13,10,1,13,14,29,43,27,72,42,57,99
114354,13,10,1,0,0,0,1,0,1,0,1,1
114433,13,10,1,0,0,20,8,0,28,20,8,28
114549,13,10,1,8,23,4,8,31,12,12,31,43
114716,13,10,1,2,3,41,30,5,71,43,33,76
114734,13,10,1,0,1,1,3,1,4,1,4,5
114789,13,10,1,2,2,33,30,4,63,35,32,67
114813,13,10,1,0,0,5,6,0,11,5,6,11
114859,13,10,1,2,1,38,41,3,79,40,42,82
114938,13,10,1,1,0,13,58,1,71,14,58,72
115001,13,10,1,57,92,73,82,149,155,130,174,304
115083,13,10,1,4,0,5,7,4,12,9,7,16
115126,13,10,1,4,4,20,16,8,36,24,20,44
115393,13,10,1,1,0,15,15,1,30,16,15,31
115755,13,10,1,0,3,3,0,3,3,3,3,6
115861,13,10,1,2,4,7,6,6,13,9,10,19
116439,13,10,1,2,2,13,36,4,49,15,38,53
116846,13,10,1,0,0,1,0,0,1,1,0,1
117052,13,10,1,0,0,3,0,0,3,3,0,3
117104,13,10,1,2,2,0,0,4,0,2,2,4
117195,13,10,1,0,0,37,26,0,63,37,26,63
117247,13,10,1,16,16,97,137,32,234,113,153,266
117274,13,10,1,0,0,19,6,0,25,19,6,25
117645,13,10,1,11,15,65,66,26,131,76,81,157
117690,13,10,1,1,0,7,17,1,24,8,17,25
117706,13,10,1,13,13,55,70,26,125,68,83,151
117715,13,10,1,0,1,3,25,1,28,3,26,29
117724,13,10,1,7,4,36,24,11,60,43,28,71
117733,13,10,1,16,25,99,112,41,211,115,137,252
117788,13,10,1,29,46,96,110,75,206,125,156,281
117867,13,10,1,4,1,28,41,5,69,32,42,74
117894,13,10,1,1,0,7,21,1,28,8,21,29
117946,13,10,1,3,2,3,1,5,4,6,3,9
118347,13,10,1,0,2,87,153,2,240,87,155,242
118684,13,10,1,0,1,34,64,1,98,34,65,99
118718,13,10,1,0,1,29,11,1,40,29,12,41
118772,13,10,1,3,3,31,48,6,79,34,51,85
118930,13,10,1,3,4,24,36,7,60,27,40,67
118976,13,10,1,7,9,22,21,16,43,29,30,59
119058,13,10,1,0,1,0,0,1,0,0,1,1
119067,13,10,1,0,0,66,124,0,190,66,124,190
119137,13,10,1,1,0,26,14,1,40,27,14,41
119164,13,10,1,4,4,18,33,8,51,22,37,59
119216,13,10,1,2,6,23,33,8,56,25,39,64
119331,13,10,1,0,0,29,38,0,67,29,38,67
120184,13,10,1,0,1,2,1,1,3,2,2,4
120290,13,10,1,2,2,19,29,4,48,21,31,52
120342,13,10,1,2,1,51,57,3,108,53,58,111
120421,13,10,1,1,1,15,12,2,27,16,13,29
120865,13,10,1,0,0,1,1,0,2,1,1,2
120883,13,10,1,1,2,3,0,3,3,4,2,6
120953,13,10,1,2,1,46,4,3,50,48,5,53
120971,13,10,1,0,1,78,34,1,112,78,35,113
121044,13,10,1,4,3,54,72,7,126,58,75,133
121150,13,10,1,2,3,17,12,5,29,19,15,34
121309,13,10,1,0,0,2,2,0,4,2,2,4
121363,13,10,1,0,1,1,3,1,4,1,4,5
121619,13,10,1,6,9,107,48,15,155,113,57,170
121707,13,10,1,1,1,16,13,2,29,17,14,31
121886,13,10,1,1,3,38,15,4,53,39,18,57
121901,13,10,1,3,2,20,19,5,39,23,21,44
122180,13,10,1,5,6,45,91,11,136,50,97,147
122205,13,10,1,2,2,76,121,4,197,78,123,201
122296,13,10,1,3,0,0,2,3,2,3,2,5
122339,13,10,1,2,1,37,33,3,70,39,34,73
122375,13,10,1,1,1,41,64,2,105,42,65,107
122384,13,10,1,0,3,38,24,3,62,38,27,65
122409,13,10,1,3,3,4,13,6,17,7,16,23
122436,13,10,1,0,0,1,6,0,7,1,6,7
122597,13,10,1,5,3,12,3,8,15,17,6,23
122658,13,10,1,8,5,9,15,13,24,17,20,37
122728,13,10,1,1,1,3,4,2,7,4,5,9
122746,13,10,1,2,1,23,35,3,58,25,36,61
122755,13,10,1,5,4,6,22,9,28,11,26,37
122791,13,10,1,1,0,59,57,1,116,60,57,117
122889,13,10,1,5,3,43,63,8,106,48,66,114
122931,13,10,1,1,2,7,5,3,12,8,7,15
122977,13,10,1,8,8,57,89,16,146,65,97,162
123013,13,10,1,0,1,83,130,1,213,83,131,214
123165,13,10,1,0,0,0,2,0,2,0,2,2
123217,13,10,1,1,1,9,15,2,24,10,16,26
123341,13,10,1,1,1,39,40,2,79,40,41,81
123457,13,10,1,0,0,5,2,0,7,5,2,7
123484,13,10,1,1,1,13,14,2,27,14,15,29
123509,13,10,1,3,0,46,39,3,85,49,39,88
123563,13,10,1,5,5,38,34,10,72,43,39,82
123572,13,10,1,0,2,2,2,2,4,2,4,6
123800,13,10,1,0,3,44,27,3,71,44,30,74
123916,13,10,1,0,0,0,2,0,2,0,2,2
123961,13,10,1,14,17,8,18,31,26,22,35,57
124113,13,10,1,0,1,35,4,1,39,35,5,40
124283,13,10,1,3,3,2,5,6,7,5,8,13
124487,13,10,1,0,0,4,8,0,12,4,8,12
125028,13,10,1,0,2,21,29,2,50,21,31,52
125231,13,10,1,50,95,125,288,145,413,175,383,558
125462,13,10,1,0,0,0,2,0,2,0,2,2
125471,13,10,1,3,1,40,57,4,97,43,58,101
125499,13,10,1,0,0,35,55,0,90,35,55,90
125897,13,10,1,0,0,1,0,0,1,1,0,1
126119,13,10,1,0,0,1,5,0,6,1,5,6
126182,13,10,1,0,1,4,1,1,5,4,2,6
126207,13,10,1,0,0,14,20,0,34,14,20,34
126289,13,10,1,0,0,7,29,0,36,7,29,36
126562,13,10,1,2,2,17,25,4,42,19,27,46
126580,13,10,1,1,0,5,6,1,11,6,6,12
126614,13,10,1,0,0,12,6,0,18,12,6,18
126711,13,10,1,1,0,17,27,1,44,18,27,45
126748,13,10,1,0,2,3,1,2,4,3,3,6
126775,13,10,1,0,0,1,1,0,2,1,1,2
126818,13,10,1,3,0,21,21,3,42,24,21,45
126827,13,10,1,56,81,48,51,137,99,104,132,236
126863,13,10,1,0,0,4,6,0,10,4,6,10
126915,13,10,1,0,0,1,1,0,2,1,1,2
126942,13,10,1,0,0,7,9,0,16,7,9,16
126951,13,10,1,2,0,0,0,2,0,2,0,2
127185,13,10,1,0,0,2,4,0,6,2,4,6
127200,13,10,1,3,2,14,24,5,38,17,26,43
127389,13,10,1,0,0,0,1,0,1,0,1,1
127556,13,10,1,0,0,19,8,0,27,19,8,27
127565,13,10,1,0,0,9,12,0,21,9,12,21
127617,13,10,1,0,0,3,2,0,5,3,2,5
127653,13,10,1,2,0,0,1,2,1,2,1,3
127714,13,10,1,0,0,12,15,0,27,12,15,27
127732,13,10,1,0,0,1,10,0,11,1,10,11
127741,13,10,1,1,0,7,7,1,14,8,7,15
127778,13,10,1,0,0,12,26,0,38,12,26,38
127820,13,10,1,1,2,10,13,3,23,11,15,26
127884,13,10,1,5,0,8,5,5,13,13,5,18
127909,13,10,1,1,0,19,7,1,26,20,7,27
127918,13,10,1,2,3,3,11,5,14,5,14,19
128106,13,10,1,2,0,12,14,2,26,14,14,28
128258,13,10,1,0,1,2,0,1,2,2,1,3
128498,13,10,1,0,2,0,0,2,0,0,2,2
128577,13,10,1,0,0,7,6,0,13,7,6,13
128744,13,10,1,0,4,3,6,4,9,3,10,13
128771,13,10,1,1,0,45,27,1,72,46,27,73
128780,13,10,1,0,1,5,4,1,9,5,5,10
129020,13,10,1,2,3,8,14,5,22,10,17,27
129154,13,10,1,0,0,0,4,0,4,0,4,4
129215,13,10,1,0,0,6,11,0,17,6,11,17
129242,13,10,1,1,4,4,3,5,7,5,7,12
129367,13,10,1,2,0,7,9,2,16,9,9,18
129491,13,10,1,1,1,1,2,2,3,2,3,5
129525,13,10,1,2,1,3,5,3,8,5,6,11
129543,13,10,1,0,1,16,21,1,37,16,22,38
129695,13,10,1,1,0,16,13,1,29,17,13,30
129729,13,10,1,0,0,10,3,0,13,10,3,13
129756,13,10,1,0,0,5,12,0,17,5,12,17
129808,13,10,1,0,1,11,9,1,20,11,10,21
129941,13,10,1,0,1,2,2,1,4,2,3,5
130004,13,10,1,0,0,6,20,0,26,6,20,26
130040,13,10,1,0,0,5,25,0,30,5,25,30
130183,13,10,1,30,64,48,99,94,147,78,163,241
130217,13,10,1,0,0,3,3,0,6,3,3,6
130226,13,10,1,1,0,5,8,1,13,6,8,14
130253,13,10,1,0,0,4,2,0,6,4,2,6
130314,13,10,1,0,1,1,4,1,5,1,5,6
130396,13,10,1,0,0,8,18,0,26,8,18,26
130590,13,10,1,0,0,0,1,0,1,0,1,1
130606,13,10,1,1,0,11,21,1,32,12,21,33
130697,13,10,1,0,0,2,0,0,2,2,0,2
130776,13,10,1,1,1,19,25,2,44,20,26,46
130794,13,10,1,3,0,3,1,3,4,6,1,7
130934,13,10,1,1,1,2,5,2,7,3,6,9
130943,13,10,1,4,2,29,47,6,76,33,49,82
130989,13,10,1,0,1,1,1,1,2,1,2,3
131113,13,10,1,1,0,15,30,1,45,16,30,46
131399,13,10,1,3,0,25,33,3,58,28,33,61
131450,13,10,1,0,1,1,1,1,2,1,2,3
131469,13,10,1,1,2,21,18,3,39,22,20,42
131496,13,10,1,2,0,63,54,2,117,65,54,119
131520,13,10,1,2,4,4,12,6,16,6,16,22
132471,13,10,1,3,3,3,13,6,16,6,16,22
132693,13,10,1,1,3,21,15,4,36,22,18,40
132709,13,10,1,3,1,15,37,4,52,18,38,56
132842,13,10,1,1,0,0,0,1,0,1,0,1
132851,13,10,1,0,1,4,5,1,9,4,6,10
132903,13,10,1,2,3,20,20,5,40,22,23,45
133386,13,10,1,1,4,12,18,5,30,13,22,35
133492,13,10,1,0,0,1,0,0,1,1,0,1
133508,13,10,1,0,0,3,6,0,9,3,6,9
133553,13,10,1,3,0,3,1,3,4,6,1,7
133650,13,10,1,0,1,2,0,1,2,2,1,3
133702,13,10,1,4,5,11,28,9,39,15,33,48
133711,13,10,1,0,0,0,1,0,1,0,1,1
133872,13,10,1,0,0,2,2,0,4,2,2,4
133881,13,10,1,1,0,7,3,1,10,8,3,11
133960,13,10,1,2,0,3,0,2,3,5,0,5
134097,13,10,1,1,2,10,14,3,24,11,16,27
134130,13,10,1,2,1,19,17,3,36,21,18,39
134343,13,10,1,0,1,23,90,1,113,23,91,114
134495,13,10,1,2,1,6,11,3,17,8,12,20
134608,13,10,1,0,2,13,9,2,22,13,11,24
135160,13,10,1,0,1,1,2,1,3,1,3,4
135188,13,10,1,0,0,1,6,0,7,1,6,7
135391,13,10,1,0,0,5,11,0,16,5,11,16
135610,13,10,1,1,0,0,1,1,1,1,1,2
135717,13,10,1,6,5,32,36,11,68,38,41,79
135726,13,10,1,3,3,4,4,6,8,7,7,14
136145,13,10,1,0,1,1,3,1,4,1,4,5
136172,13,10,1,0,1,4,11,1,15,4,12,16
136233,13,10,1,0,0,6,5,0,11,6,5,11
136330,13,10,1,0,2,3,4,2,7,3,6,9
136358,13,10,1,3,3,20,22,6,42,23,25,48
136400,13,10,1,1,0,4,7,1,11,5,7,12
136473,13,10,1,0,1,6,17,1,23,6,18,24
136516,13,10,1,0,1,2,5,1,7,2,6,8
136659,13,10,1,1,0,0,0,1,0,1,0,1
136701,13,10,1,0,1,0,1,1,1,0,2,2
136950,13,10,1,0,0,2,1,0,3,2,1,3
137078,13,10,1,4,3,71,110,7,181,75,113,188
137096,13,10,1,1,1,5,12,2,17,6,13,19
137209,13,10,1,1,1,16,36,2,52,17,37,54
137281,13,10,1,0,0,2,4,0,6,2,4,6
137351,13,10,1,3,3,22,16,6,38,25,19,44
137546,13,10,1,0,0,2,1,0,3,2,1,3
137564,13,10,1,3,0,9,8,3,17,12,8,20
137759,13,10,1,2,1,4,7,3,11,6,8,14
138187,13,10,1,0,1,18,34,1,52,18,35,53
138275,13,10,1,0,1,0,5,1,5,0,6,6
138309,13,10,1,1,3,3,7,4,10,4,10,14
138354,13,10,1,0,2,18,10,2,28,18,12,30
138558,13,10,1,0,0,0,4,0,4,0,4,4
138600,13,10,1,0,0,0,2,0,2,0,2,2
138682,13,10,1,0,5,5,5,5,10,5,10,15
138716,13,10,1,0,1,3,12,1,15,3,13,16
138840,13,10,1,6,2,8,7,8,15,14,9,23
138947,13,10,1,1,1,1,1,2,2,2,2,4
138956,13,10,1,2,4,3,8,6,11,5,12,17
139199,13,10,1,0,0,0,4,0,4,0,4,4
139205,13,10,1,0,0,2,0,0,2,2,0,2
139250,13,10,1,0,0,5,19,0,24,5,19,24
139278,13,10,1,2,0,3,5,2,8,5,5,10
139311,13,10,1,4,8,20,48,12,68,24,56,80
139357,13,10,1,2,2,5,8,4,13,7,10,17
139366,13,10,1,2,1,12,11,3,23,14,12,26
139384,13,10,1,0,1,1,2,1,3,1,3,4
139463,13,10,1,0,1,5,0,1,5,5,1,6
139621,13,10,1,0,0,1,0,0,1,1,0,1
139658,13,10,1,3,3,3,7,6,10,6,10,16
139700,13,10,1,0,1,1,3,1,4,1,4,5
139719,13,10,1,0,0,3,3,0,6,3,3,6
139755,13,10,1,4,0,44,14,4,58,48,14,62
139764,13,10,1,0,1,0,2,1,2,0,3,3
139861,13,10,1,0,1,6,7,1,13,6,8,14
139931,13,10,1,4,4,25,32,8,57,29,36,65
139940,13,10,1,12,10,64,96,22,160,76,106,182
139959,13,10,1,2,5,32,43,7,75,34,48,82
139986,13,10,1,2,2,1,12,4,13,3,14,17
140012,13,10,1,4,0,11,10,4,21,15,10,25
140146,13,10,1,2,2,3,12,4,15,5,14,19
140243,13,10,1,0,0,2,4,0,6,2,4,6
140252,13,10,1,0,1,0,0,1,0,0,1,1
140331,13,10,1,3,3,11,5,6,16,14,8,22
140447,13,10,1,2,4,3,8,6,11,5,12,17
140562,13,10,1,0,1,0,1,1,1,0,2,2
140678,13,10,1,0,0,4,4,0,8,4,4,8
140696,13,10,1,1,0,0,0,1,0,1,0,1
140942,13,10,1,1,0,5,5,1,10,6,5,11
140951,13,10,1,2,1,3,5,3,8,5,6,11
140960,13,10,1,2,3,3,4,5,7,5,7,12
140988,13,10,1,1,0,0,0,1,0,1,0,1
141006,13,10,1,1,1,1,3,2,4,2,4,6
141060,13,10,1,0,0,2,3,0,5,2,3,5
141255,13,10,1,1,0,2,4,1,6,3,4,7
141264,13,10,1,1,4,7,16,5,23,8,20,28
141334,13,10,1,1,3,17,18,4,35,18,21,39
141565,13,10,1,1,1,2,8,2,10,3,9,12
141574,13,10,1,5,3,23,31,8,54,28,34,62
141644,13,10,1,0,0,2,1,0,3,2,1,3
141680,13,10,1,1,0,3,4,1,7,4,4,8
141796,13,10,1,0,1,4,10,1,14,4,11,15
141802,13,10,1,0,0,8,10,0,18,8,10,18
141811,13,10,1,0,0,11,7,0,18,11,7,18
141839,13,10,1,0,0,8,19,0,27,8,19,27
141981,13,10,1,0,1,2,4,1,6,2,5,7
141990,13,10,1,0,4,12,30,4,42,12,34,46
142115,13,10,1,2,0,21,26,2,47,23,26,49
142179,13,10,1,0,0,0,1,0,1,0,1,1
142276,13,10,1,3,3,22,27,6,49,25,30,55
142285,13,10,1,3,2,17,10,5,27,20,12,32
142443,13,10,1,1,0,14,60,1,74,15,60,75
142461,13,10,1,0,0,0,5,0,5,0,5,5
142522,13,10,1,1,3,94,289,4,383,95,292,387
142559,13,10,1,0,1,9,13,1,22,9,14,23
142832,13,10,1,0,2,0,1,2,1,0,3,3
143118,13,10,1,0,3,2,6,3,8,2,9,11
143215,13,10,1,4,2,25,22,6,47,29,24,53
143279,13,10,1,0,0,4,16,0,20,4,16,20
143358,13,10,1,0,0,11,12,0,23,11,12,23
143613,13,10,1,0,0,3,2,0,5,3,2,5
144050,13,10,1,1,0,8,5,1,13,9,5,14
144157,13,10,1,3,8,8,13,11,21,11,21,32
144166,13,10,1,1,5,10,12,6,22,11,17,28
144175,13,10,1,3,10,8,10,13,18,11,20,31
144184,13,10,1,6,8,35,66,14,101,41,74,115
144193,13,10,1,0,2,8,17,2,25,8,19,27
144209,13,10,1,0,0,10,17,0,27,10,17,27
144218,13,10,1,0,2,18,42,2,60,18,44,62
144351,13,10,1,0,1,14,34,1,48,14,35,49
144564,13,10,1,0,0,5,5,0,10,5,5,10
144740,13,10,1,2,4,11,17,6,28,13,21,34
144865,13,10,1,3,4,100,179,7,279,103,183,286
144892,13,10,1,1,3,7,6,4,13,8,9,17
144944,13,10,1,1,0,36,39,1,75,37,39,76
144962,13,10,1,6,13,1,3,19,4,7,16,23
145336,13,10,1,3,3,13,16,6,29,16,19,35
145372,13,10,1,0,0,1,3,0,4,1,3,4
145521,13,10,1,0,0,2,2,0,4,2,2,4
145600,13,10,1,4,2,10,14,6,24,14,16,30
145619,13,10,1,0,0,4,1,0,5,4,1,5
145637,13,10,1,1,2,10,5,3,15,11,7,18
145682,13,10,1,1,0,15,17,1,32,16,17,33
145707,13,10,1,1,1,8,8,2,16,9,9,18
145813,13,10,1,0,0,2,9,0,11,2,9,11
145831,13,10,1,0,0,0,2,0,2,0,2,2
145886,13,10,1,0,6,0,0,6,0,0,6,6
146205,13,10,1,0,0,20,16,0,36,20,16,36
146278,13,10,1,0,0,1,1,0,2,1,1,2
146296,13,10,1,0,0,29,29,0,58,29,29,58
146339,13,10,1,1,0,1,1,1,2,2,1,3
146348,13,10,1,0,0,6,11,0,17,6,11,17
146366,13,10,1,0,0,1,0,0,1,1,0,1
146418,13,10,1,0,0,2,9,0,11,2,9,11
146472,13,10,1,1,2,51,96,3,147,52,98,150
146481,13,10,1,0,0,0,2,0,2,0,2,2
146490,13,10,1,0,0,1,1,0,2,1,1,2
146506,13,10,1,0,0,1,6,0,7,1,6,7
146533,13,10,1,0,0,0,1,0,1,0,1,1
146603,13,10,1,1,0,9,12,1,21,10,12,22
146612,13,10,1,1,0,2,6,1,8,3,6,9
146685,13,10,1,0,2,10,26,2,36,10,28,38
146719,13,10,1,8,8,12,20,16,32,20,28,48
147004,13,10,1,0,1,35,61,1,96,35,62,97
147013,13,10,1,0,0,1,1,0,2,1,1,2
147129,13,10,1,0,0,0,1,0,1,0,1,1
147369,13,10,1,1,2,13,12,3,25,14,14,28
147378,13,10,1,0,0,16,28,0,44,16,28,44
147411,13,10,1,0,0,6,7,0,13,6,7,13
147536,13,10,1,4,5,1,29,9,30,5,34,39
147590,13,10,1,0,0,1,0,0,1,1,0,1
147660,13,10,1,0,0,1,1,0,2,1,1,2
147679,13,10,1,0,1,9,5,1,14,9,6,15
147776,13,10,1,3,2,17,24,5,41,20,26,46
147800,13,10,1,2,2,53,91,4,144,55,93,148
147828,13,10,1,1,0,0,3,1,3,1,3,4
147916,13,10,1,1,1,16,39,2,55,17,40,57
148007,13,10,1,0,1,20,23,1,43,20,24,44
148131,13,10,1,0,0,1,5,0,6,1,5,6
148256,13,10,1,0,1,1,3,1,4,1,4,5
148292,13,10,1,0,0,2,1,0,3,2,1,3
148380,13,10,1,2,0,14,17,2,31,16,17,33
148487,13,10,1,0,0,1,3,0,4,1,3,4
148511,13,10,1,0,0,0,1,0,1,0,1,1
148627,13,10,1,0,1,0,1,1,1,0,2,2
148654,13,10,1,0,0,6,11,0,17,6,11,17
148672,13,10,1,0,0,5,3,0,8,5,3,8
148821,13,10,1,0,1,1,2,1,3,1,3,4
148876,13,10,1,0,0,0,3,0,3,0,3,3
148937,13,10,1,0,0,2,0,0,2,2,0,2
148991,13,10,1,0,0,2,2,0,4,2,2,4
149222,13,10,1,4,4,12,9,8,21,16,13,29
149231,13,10,1,2,1,1,4,3,5,3,5,8
149365,13,10,1,2,2,24,30,4,54,26,32,58
149532,13,10,1,0,2,57,42,2,99,57,44,101
149727,13,10,1,0,1,20,18,1,38,20,19,39
149772,13,10,1,1,1,10,12,2,22,11,13,24
149781,13,10,1,0,0,4,2,0,6,4,2,6
149842,13,10,1,0,4,23,28,4,51,23,32,55
150136,13,10,1,0,0,5,11,0,16,5,11,16
150163,13,10,1,0,0,2,3,0,5,2,3,5
150172,13,10,1,0,2,0,1,2,1,0,3,3
150215,13,10,1,3,2,2,2,5,4,5,4,9
150534,13,10,1,0,0,0,2,0,2,0,2,2
150604,13,10,1,0,0,4,5,0,9,4,5,9
150677,13,10,1,0,1,6,2,1,8,6,3,9
150941,13,10,1,1,0,0,1,1,1,1,1,2
150987,13,10,1,6,13,86,120,19,206,92,133,225
151111,13,10,1,1,1,10,23,2,33,11,24,35
151263,13,10,1,0,0,7,17,0,24,7,17,24
151290,13,10,1,0,0,3,1,0,4,3,1,4
151306,13,10,1,1,0,3,4,1,7,4,4,8
151324,13,10,1,1,2,8,5,3,13,9,7,16
151333,13,10,1,0,0,0,1,0,1,0,1,1
151342,13,10,1,0,0,6,5,0,11,6,5,11
151351,13,10,1,3,1,8,12,4,20,11,13,24
151360,13,10,1,0,0,3,8,0,11,3,8,11
151379,13,10,1,0,0,2,5,0,7,2,5,7
151388,13,10,1,0,1,5,5,1,10,5,6,11
151661,13,10,1,1,0,0,0,1,0,1,0,1
152080,13,10,1,1,0,0,2,1,2,1,2,3
152336,13,10,1,0,0,0,1,0,1,0,1,1
152451,13,10,1,0,0,5,2,0,7,5,2,7
152600,13,10,1,0,0,0,1,0,1,0,1,1
152637,13,10,1,0,1,7,3,1,10,7,4,11
153162,13,10,1,1,0,0,0,1,0,1,0,1
153214,13,10,1,3,1,10,16,4,26,13,17,30
153250,13,10,1,0,0,1,2,0,3,1,2,3
153269,13,10,1,0,1,2,0,1,2,2,1,3
153302,13,10,1,0,0,0,2,0,2,0,2,2
153311,13,10,1,0,0,1,3,0,4,1,3,4
153366,13,10,1,1,3,1,3,4,4,2,6,8
153445,13,10,1,0,0,0,2,0,2,0,2,2
153472,13,10,1,1,0,1,3,1,4,2,3,5
153524,13,10,1,0,0,2,0,0,2,2,0,2
153621,13,10,1,0,0,1,0,0,1,1,0,1
153630,13,10,1,0,0,1,0,0,1,1,0,1
153658,13,10,1,0,2,8,17,2,25,8,19,27
153737,13,10,1,1,1,1,8,2,9,2,9,11
153825,13,10,1,0,0,0,1,0,1,0,1,1
154004,13,10,1,0,0,0,3,0,3,0,3,3
154110,13,10,1,0,0,0,1,0,1,0,1,1
154235,13,10,1,0,0,1,0,0,1,1,0,1
154262,13,10,1,0,0,0,1,0,1,0,1,1
154493,13,10,1,0,0,2,5,0,7,2,5,7
154697,13,10,1,1,0,4,25,1,29,5,25,30
154712,13,10,1,0,0,1,0,0,1,1,0,1
154800,13,10,1,0,0,4,8,0,12,4,8,12
154907,13,10,1,0,0,1,2,0,3,1,2,3
154925,13,10,1,0,1,39,110,1,149,39,111,150
154934,13,10,1,0,0,5,23,0,28,5,23,28
154952,13,10,1,0,0,1,1,0,2,1,1,2
154998,13,10,1,0,0,2,7,0,9,2,7,9
155025,13,10,1,0,1,7,8,1,15,7,9,16
155089,13,10,1,0,0,1,8,0,9,1,8,9
155098,13,10,1,0,0,2,1,0,3,2,1,3
155104,13,10,1,0,0,4,1,0,5,4,1,5
155140,13,10,1,0,1,0,0,1,0,0,1,1
155195,13,10,1,0,0,4,4,0,8,4,4,8
155210,13,10,1,0,1,105,97,1,202,105,98,203
155292,13,10,1,1,3,35,53,4,88,36,56,92
155317,13,10,1,3,3,25,23,6,48,28,26,54
155399,13,10,1,2,1,7,8,3,15,9,9,18
155566,13,10,1,0,0,8,41,0,49,8,41,49
155618,13,10,1,0,0,4,2,0,6,4,2,6
155715,13,10,1,0,0,3,7,0,10,3,7,10
155812,13,10,1,0,0,3,1,0,4,3,1,4
155858,13,10,1,0,0,7,24,0,31,7,24,31
156082,13,10,1,0,0,3,4,0,7,3,4,7
156107,13,10,1,2,0,10,3,2,13,12,3,15
156125,13,10,1,6,2,11,21,8,32,17,23,40
156213,13,10,1,0,0,1,4,0,5,1,4,5
156231,13,10,1,0,0,1,4,0,5,1,4,5
156295,13,10,1,0,0,1,1,0,2,1,1,2
156338,13,10,1,3,0,3,1,3,4,6,1,7
156356,13,10,1,1,0,1,2,1,3,2,2,4
156392,13,10,1,1,0,14,7,1,21,15,7,22
156541,13,10,1,4,4,25,16,8,41,29,20,49
156620,13,10,1,3,1,7,27,4,34,10,28,38
156648,13,10,1,0,2,25,8,2,33,25,10,35
156745,13,10,1,0,0,0,1,0,1,0,1,1
156790,13,10,1,0,2,38,11,2,49,38,13,51
156851,13,10,1,0,0,3,1,0,4,3,1,4
156860,13,10,1,2,1,1,0,3,1,3,1,4
156921,13,10,1,2,1,17,13,3,30,19,14,33
157030,13,10,1,0,0,1,1,0,2,1,1,2
157058,13,10,1,1,0,2,0,1,2,3,0,3
157076,13,10,1,0,0,4,2,0,6,4,2,6
157085,13,10,1,6,8,46,28,14,74,52,36,88
157216,13,10,1,0,0,2,4,0,6,2,4,6
157289,13,10,1,6,3,63,54,9,117,69,57,126
157304,13,10,1,1,1,14,3,2,17,15,4,19
157331,13,10,1,2,0,3,4,2,7,5,4,9
157386,13,10,1,3,2,15,8,5,23,18,10,28
157401,13,10,1,0,2,11,9,2,20,11,11,22
157438,13,10,1,0,0,4,1,0,5,4,1,5
157447,13,10,1,2,7,27,27,9,54,29,34,63
157483,13,10,1,1,0,16,10,1,26,17,10,27
157553,13,10,1,1,1,1,4,2,5,2,5,7
157711,13,10,1,2,2,9,10,4,19,11,12,23
157739,13,10,1,1,1,5,3,2,8,6,4,10
157757,13,10,1,4,0,1,4,4,5,5,4,9
157951,13,10,1,0,0,14,16,0,30,14,16,30
158662,13,10,1,10,8,32,39,18,71,42,47,89
158802,13,10,1,0,0,1,0,0,1,1,0,1
158884,13,10,1,0,0,2,8,0,10,2,8,10
159382,13,10,1,0,1,2,5,1,7,2,6,8
159391,13,10,1,5,4,10,9,9,19,15,13,28
159407,13,10,1,0,0,0,2,0,2,0,2,2
159647,13,10,1,1,1,5,2,2,7,6,3,9
159656,13,10,1,0,0,3,5,0,8,3,5,8
159717,13,10,1,0,0,2,4,0,6,2,4,6
159939,13,10,1,2,3,28,19,5,47,30,22,52
159966,13,10,1,0,0,0,1,0,1,0,1,1
159993,13,10,1,2,4,5,6,6,11,7,10,17
160010,13,10,1,0,1,1,1,1,2,1,2,3
160579,13,10,1,5,2,0,1,7,1,5,3,8
160612,13,10,1,0,2,7,12,2,19,7,14,21
160621,13,10,1,0,4,3,7,4,10,3,11,14
160630,13,10,1,2,4,1,5,6,6,3,9,12
160649,13,10,1,9,5,0,1,14,1,9,6,15
160658,13,10,1,3,0,9,10,3,19,12,10,22
160667,13,10,1,2,1,4,1,3,5,6,2,8
160755,13,10,1,0,0,10,18,0,28,10,18,28
160904,13,10,1,1,0,1,1,1,2,2,1,3
161077,13,10,1,0,0,1,3,0,4,1,3,4
161138,13,10,1,0,0,0,2,0,2,0,2,2
161192,13,10,1,0,0,1,1,0,2,1,1,2
161208,13,10,1,2,0,0,0,2,0,2,0,2
161217,13,10,1,0,0,26,27,0,53,26,27,53
161226,13,10,1,0,1,0,1,1,1,0,2,2
161235,13,10,1,0,0,0,5,0,5,0,5,5
161253,13,10,1,1,2,18,27,3,45,19,29,48
161299,13,10,1,0,0,0,1,0,1,0,1,1
161341,13,10,1,0,0,1,6,0,7,1,6,7
161457,13,10,1,1,2,2,1,3,3,3,3,6
161484,13,10,1,0,0,0,1,0,1,0,1,1
161545,13,10,1,0,0,7,5,0,12,7,5,12
161554,13,10,1,0,6,23,25,6,48,23,31,54
161572,13,10,1,1,1,0,1,2,1,1,2,3
161581,13,10,1,0,0,1,1,0,2,1,1,2
161688,13,10,1,0,1,2,3,1,5,2,4,6
161767,13,10,1,0,1,73,115,1,188,73,116,189
161864,13,10,1,0,0,9,20,0,29,9,20,29
161873,13,10,1,1,2,5,16,3,21,6,18,24
162104,13,10,1,0,1,3,3,1,6,3,4,7
162122,13,10,1,0,0,4,6,0,10,4,6,10
162168,13,10,1,0,0,0,1,0,1,0,1,1
162210,13,10,1,0,1,0,2,1,2,0,3,3
162283,13,10,1,0,4,4,12,4,16,4,16,20
162584,13,10,1,0,0,1,1,0,2,1,1,2
162654,13,10,1,0,0,0,4,0,4,0,4,4
162690,13,10,1,0,0,2,4,0,6,2,4,6
162706,13,10,1,0,0,5,14,0,19,5,14,19
163204,13,10,1,6,2,104,142,8,246,110,144,254
163259,13,10,1,3,1,5,17,4,22,8,18,26
163268,13,10,1,3,2,20,25,5,45,23,27,50
163286,13,10,1,5,3,54,44,8,98,59,47,106
163295,13,10,1,0,1,0,3,1,3,0,4,4
163338,13,10,1,0,0,4,2,0,6,4,2,6
163453,13,10,1,9,20,6,4,29,10,15,24,39
163578,13,10,1,1,2,2,8,3,10,3,10,13
163851,13,10,1,1,0,3,3,1,6,4,3,7
163912,13,10,1,0,0,1,1,0,2,1,1,2
163976,13,10,1,2,0,4,0,2,4,6,0,6
164076,13,10,1,0,2,9,18,2,27,9,20,29
164085,13,10,1,0,0,5,9,0,14,5,9,14
164216,13,10,1,0,0,0,1,0,1,0,1,1
164270,13,10,1,0,0,0,1,0,1,0,1,1
164313,13,10,1,0,0,2,0,0,2,2,0,2
164492,13,10,1,0,0,0,2,0,2,0,2,2
164632,13,10,1,1,1,2,4,2,6,3,5,8
164775,13,10,1,0,0,3,6,0,9,3,6,9
164872,13,10,1,0,0,1,2,0,3,1,2,3
164915,13,10,1,1,0,3,9,1,12,4,9,13
164988,13,10,1,3,8,49,37,11,86,52,45,97
165015,13,10,1,1,0,1,0,1,1,2,0,2
165024,13,10,1,1,1,5,7,2,12,6,8,14
165033,13,10,1,0,0,3,5,0,8,3,5,8
165112,13,10,1,0,0,4,5,0,9,4,5,9
165167,13,10,1,3,3,4,6,6,10,7,9,16
165194,13,10,1,0,1,5,7,1,12,5,8,13
165264,13,10,1,0,0,0,4,0,4,0,4,4
165334,13,10,1,0,0,2,1,0,3,2,1,3
165662,13,10,1,0,0,0,1,0,1,0,1,1
165820,13,10,1,2,0,4,7,2,11,6,7,13
165866,13,10,1,1,0,3,8,1,11,4,8,12
165936,13,10,1,0,0,2,0,0,2,2,0,2
165945,13,10,1,0,0,32,17,0,49,32,17,49
165981,13,10,1,0,0,7,14,0,21,7,14,21
166027,13,10,1,3,1,71,73,4,144,74,74,148
166133,13,10,1,0,2,12,8,2,20,12,10,22
166391,13,10,1,0,0,1,1,0,2,1,1,2
166513,13,10,1,2,0,11,12,2,23,13,12,25
166629,13,10,1,3,0,16,25,3,41,19,25,44
166647,13,10,1,0,0,4,3,0,7,4,3,7
166674,13,10,1,0,2,3,1,2,4,3,3,6
166683,13,10,1,2,0,0,0,2,0,2,0,2
166717,13,10,1,0,0,2,2,0,4,2,2,4
166823,13,10,1,0,0,4,6,0,10,4,6,10
166850,13,10,1,1,3,4,7,4,11,5,10,15
166887,13,10,1,0,0,14,12,0,26,14,12,26
166911,13,10,1,0,0,0,1,0,1,0,1,1
166957,13,10,1,0,2,2,5,2,7,2,7,9
167288,13,10,1,0,0,1,1,0,2,1,1,2
167312,13,10,1,1,0,2,2,1,4,3,2,5
167358,13,10,1,2,2,0,1,4,1,2,3,5
167376,13,10,1,1,0,1,8,1,9,2,8,10
167534,13,10,1,0,0,2,1,0,3,2,1,3
167598,13,10,1,0,0,2,10,0,12,2,10,12
167729,13,10,1,0,1,6,8,1,14,6,9,15
167783,13,10,1,0,4,2,5,4,7,2,9,11
167835,13,10,1,0,0,1,0,0,1,1,0,1
167905,13,10,1,0,0,11,8,0,19,11,8,19
167987,13,10,1,3,1,3,16,4,19,6,17,23
168005,13,10,1,0,0,0,2,0,2,0,2,2
168148,13,10,1,1,0,1,1,1,2,2,1,3
168227,13,10,1,0,1,0,0,1,0,0,1,1
168254,13,10,1,0,0,0,1,0,1,0,1,1
168421,13,10,1,0,0,3,3,0,6,3,3,6
168430,13,10,1,1,0,27,34,1,61,28,34,62
168591,13,10,1,1,0,0,0,1,0,1,0,1
168607,13,10,1,0,0,1,2,0,3,1,2,3
168740,13,10,1,0,0,19,13,0,32,19,13,32
168786,13,10,1,0,0,2,1,0,3,2,1,3
168847,13,10,1,1,0,7,6,1,13,8,6,14
169099,13,10,1,3,3,0,0,6,0,3,3,6
169248,13,10,1,1,2,6,8,3,14,7,10,17
169275,13,10,1,0,0,9,7,0,16,9,7,16
169521,13,10,1,0,1,7,9,1,16,7,10,17
169655,13,10,1,1,0,0,0,1,0,1,0,1
169716,13,10,1,0,0,1,2,0,3,1,2,3
169798,13,10,1,0,2,10,10,2,20,10,12,22
169910,13,10,1,1,0,4,3,1,7,5,3,8
170000,13,10,1,3,9,1,4,12,5,4,13,17
170055,13,10,1,0,0,4,9,0,13,4,9,13
170082,13,10,1,1,1,3,3,2,6,4,4,8
170240,13,10,1,0,0,8,5,0,13,8,5,13
170286,13,10,1,1,0,0,0,1,0,1,0,1
170550,13,10,1,0,0,10,11,0,21,10,11,21
170587,13,10,1,0,0,7,14,0,21,7,14,21
170639,13,10,1,0,0,1,0,0,1,1,0,1
170657,13,10,1,0,1,8,9,1,17,8,10,18
170675,13,10,1,0,0,1,0,0,1,1,0,1
170790,13,10,1,0,1,11,19,1,30,11,20,31
170806,13,10,1,0,2,1,3,2,4,1,5,6
170976,13,10,1,1,0,7,6,1,13,8,6,14
171100,13,10,1,2,1,4,2,3,6,6,3,9
171137,13,10,1,0,0,7,2,0,9,7,2,9
171146,13,10,1,1,0,3,10,1,13,4,10,14
171155,13,10,1,0,0,2,1,0,3,2,1,3
171225,13,10,1,0,0,3,3,0,6,3,3,6
171304,13,10,1,0,0,6,10,0,16,6,10,16
171456,13,10,1,0,0,38,155,0,193,38,155,193
171483,13,10,1,0,1,8,3,1,11,8,4,12
171492,13,10,1,0,0,1,3,0,4,1,3,4
171571,13,10,1,0,1,9,10,1,19,9,11,20
172200,13,10,1,0,0,8,16,0,24,8,16,24
172291,13,10,1,0,0,2,3,0,5,2,3,5
172307,13,10,1,0,1,1,2,1,3,1,3,4
172334,13,10,1,0,2,0,0,2,0,0,2,2
172617,13,10,1,6,4,63,54,10,117,69,58,127
172644,13,10,1,6,6,34,43,12,77,40,49,89
172699,13,10,1,1,5,3,6,6,9,4,11,15
173045,13,10,1,0,1,0,0,1,0,0,1,1
173142,13,10,1,1,0,0,0,1,0,1,0,1
173160,13,10,1,0,0,3,5,0,8,3,5,8
173300,13,10,1,0,1,0,0,1,0,0,1,1
173452,13,10,1,0,0,5,1,0,6,5,1,6
173665,13,10,1,0,0,2,3,0,5,2,3,5
173683,13,10,1,1,2,0,2,3,2,1,4,5
173896,13,10,1,6,2,0,1,8,1,6,3,9
174066,13,10,1,8,5,233,185,13,418,241,190,431
174075,13,10,1,0,0,2,3,0,5,2,3,5
174127,13,10,1,1,0,0,0,1,0,1,0,1
174233,13,10,1,1,1,4,8,2,12,5,9,14
174251,13,10,1,0,0,0,2,0,2,0,2,2
174491,13,10,1,1,0,0,3,1,3,1,3,4
174747,13,10,1,0,0,0,1,0,1,0,1,1
174792,13,10,1,0,0,5,3,0,8,5,3,8
174899,13,10,1,1,0,2,5,1,7,3,5,8
174914,13,10,1,0,0,2,5,0,7,2,5,7
175005,13,10,1,0,0,0,9,0,9,0,9,9
175014,13,10,1,0,1,0,0,1,0,0,1,1
175120,13,10,1,1,2,0,0,3,0,1,2,3
175421,13,10,1,0,2,7,15,2,22,7,17,24
175573,13,10,1,1,0,2,5,1,7,3,5,8
175616,13,10,1,0,1,6,46,1,52,6,47,53
175786,13,10,1,1,5,2,13,6,15,3,18,21
175810,13,10,1,0,0,1,2,0,3,1,2,3
175829,13,10,1,1,0,1,3,1,4,2,3,5
175856,13,10,1,1,6,8,20,7,28,9,26,35
175883,13,10,1,0,1,3,3,1,6,3,4,7
175935,13,10,1,0,0,1,3,0,4,1,3,4
175980,13,10,1,0,0,1,0,0,1,1,0,1
176008,13,10,1,0,0,1,1,0,2,1,1,2
176017,13,10,1,1,2,10,16,3,26,11,18,29
176035,13,10,1,0,2,2,5,2,7,2,7,9
176044,13,10,1,0,0,1,1,0,2,1,1,2
176053,13,10,1,0,4,1,1,4,2,1,5,6
176080,13,10,1,1,1,16,8,2,24,17,9,26
176178,13,10,1,1,0,19,27,1,46,20,27,47
176239,13,10,1,1,0,1,1,1,2,2,1,3
176372,13,10,1,1,3,13,12,4,25,14,15,29
176451,13,10,1,1,0,6,3,1,9,7,3,10
176479,13,10,1,0,6,1,11,6,12,1,17,18
176600,13,10,1,2,1,0,2,3,2,2,3,5
176965,13,10,1,0,0,5,7,0,12,5,7,12
177126,13,10,1,0,2,5,9,2,14,5,11,16
177135,13,10,1,0,0,1,3,0,4,1,3,4
177214,13,10,1,0,0,0,1,0,1,0,1,1
177250,13,10,1,0,0,1,1,0,2,1,1,2
177302,13,10,1,4,0,0,0,4,0,4,0,4
177418,13,10,1,0,1,1,0,1,1,1,1,2
177472,13,10,1,0,1,2,2,1,4,2,3,5
177676,13,10,1,1,1,3,4,2,7,4,5,9
177940,13,10,1,0,0,0,1,0,1,0,1,1
177986,13,10,1,0,0,3,3,0,6,3,3,6
177995,13,10,1,1,1,32,35,2,67,33,36,69
178059,13,10,1,1,1,9,17,2,26,10,18,28
178217,13,10,1,0,1,1,0,1,1,1,1,2
178341,13,10,1,0,1,0,0,1,0,0,1,1
178369,13,10,1,0,0,0,5,0,5,0,5,5
178387,13,10,1,1,0,1,3,1,4,2,3,5
178396,13,10,1,5,3,8,15,8,23,13,18,31
178402,13,10,1,3,3,6,17,6,23,9,20,29
178411,13,10,1,0,0,3,2,0,5,3,2,5
178420,13,10,1,3,3,13,15,6,28,16,18,34
178448,13,10,1,0,0,1,1,0,2,1,1,2
178615,13,10,1,0,0,3,4,0,7,3,4,7
178624,13,10,1,0,1,3,3,1,6,3,4,7
178679,13,10,1,0,0,3,1,0,4,3,1,4
178721,13,10,1,4,3,7,6,7,13,11,9,20
178891,13,10,1,0,0,1,0,0,1,1,0,1
179043,13,10,1,0,0,0,1,0,1,0,1,1
179308,13,10,1,3,3,31,39,6,70,34,42,76
179326,13,10,1,1,0,0,1,1,1,1,1,2
179344,13,10,1,0,0,2,3,0,5,2,3,5
179539,13,10,1,0,0,0,1,0,1,0,1,1
179557,13,10,1,0,0,9,3,0,12,9,3,12
179566,13,10,1,1,2,17,12,3,29,18,14,32
179645,13,10,1,0,0,2,0,0,2,2,0,2
179867,13,10,1,0,3,7,13,3,20,7,16,23
179894,13,10,1,0,0,13,21,0,34,13,21,34
180106,13,10,1,0,0,0,1,0,1,0,1,1
180151,13,10,1,0,0,0,2,0,2,0,2,2
180179,13,10,1,1,1,0,7,2,7,1,8,9
180197,13,10,1,2,1,10,47,3,57,12,48,60
180258,13,10,1,0,1,1,2,1,3,1,3,4
180276,13,10,1,0,0,0,2,0,2,0,2,2
180416,13,10,1,0,0,2,1,0,3,2,1,3
180461,13,10,1,3,1,9,12,4,21,12,13,25
180522,13,10,1,0,0,1,1,0,2,1,1,2
180647,13,10,1,1,2,1,15,3,16,2,17,19
180692,13,10,1,0,0,0,1,0,1,0,1,1
180814,13,10,1,14,11,23,10,25,33,37,21,58
180902,13,10,1,0,0,19,17,0,36,19,17,36
180948,13,10,1,0,0,4,3,0,7,4,3,7
181002,13,10,1,0,1,5,8,1,13,5,9,14
181020,13,10,1,1,0,0,2,1,2,1,2,3
181215,13,10,1,0,0,4,7,0,11,4,7,11
181297,13,10,1,0,1,0,0,1,0,0,1,1
181303,13,10,1,1,0,14,15,1,29,15,15,30
181312,13,10,1,0,1,7,9,1,16,7,10,17
181330,13,10,1,0,1,0,0,1,0,0,1,1
181394,13,10,1,2,3,12,15,5,27,14,18,32
181428,13,10,1,0,0,0,2,0,2,0,2,2
181446,13,10,1,0,0,0,1,0,1,0,1,1
181464,13,10,1,4,2,11,9,6,20,15,11,26
181491,13,10,1,0,0,15,3,0,18,15,3,18
181604,13,10,1,0,0,0,1,0,1,0,1,1
181640,13,10,1,0,0,3,3,0,6,3,3,6
181738,13,10,1,0,0,1,2,0,3,1,2,3
181783,13,10,1,0,2,0,0,2,0,0,2,2
181817,13,10,1,0,0,3,6,0,9,3,6,9
182005,13,10,1,10,5,45,48,15,93,55,53,108
182281,13,10,1,7,8,25,20,15,45,32,28,60
182290,13,10,1,0,1,16,15,1,31,16,16,32
182306,13,10,1,0,1,3,8,1,11,3,9,12
182500,13,10,1,1,0,15,19,1,34,16,19,35
182564,13,10,1,1,0,18,13,1,31,19,13,32
182670,13,10,1,1,0,1,0,1,1,2,0,2
182829,13,10,1,3,0,2,1,3,3,5,1,6
183026,13,10,1,30,43,272,319,73,591,302,362,664
183044,13,10,1,0,1,11,10,1,21,11,11,22
183062,13,10,1,0,0,4,1,0,5,4,1,5
183071,13,10,1,0,0,0,1,0,1,0,1,1
183080,13,10,1,0,0,1,1,0,2,1,1,2
183257,13,10,1,0,0,0,2,0,2,0,2,2
183655,13,10,1,0,0,6,10,0,16,6,10,16
183743,13,10,1,4,2,23,27,6,50,27,29,56
183789,13,10,1,0,1,0,1,1,1,0,2,2
183822,13,10,1,0,0,1,0,0,1,1,0,1
183859,13,10,1,1,2,24,24,3,48,25,26,51
183910,13,10,1,0,0,2,7,0,9,2,7,9
183938,13,10,1,2,2,50,109,4,159,52,111,163
184180,13,10,1,1,1,19,18,2,37,20,19,39
184205,13,10,1,0,0,6,3,0,9,6,3,9
184481,13,10,1,0,0,11,21,0,32,11,21,32
184603,13,10,1,0,3,5,23,3,28,5,26,31
184612,13,10,1,0,0,1,3,0,4,1,3,4
184694,13,10,1,0,1,1,3,1,4,1,4,5
184773,13,10,1,0,2,2,6,2,8,2,8,10
184782,13,10,1,0,2,14,12,2,26,14,14,28
184791,13,10,1,1,1,5,4,2,9,6,5,11
184995,13,10,1,0,2,5,3,2,8,5,5,10
185262,13,10,1,1,2,4,15,3,19,5,17,22
185509,13,10,1,0,2,14,29,2,43,14,31,45
185536,13,10,1,0,0,5,11,0,16,5,11,16
185572,13,10,1,0,3,2,10,3,12,2,13,15
185590,13,10,1,3,1,28,31,4,59,31,32,63
185758,13,10,1,1,0,8,7,1,15,9,7,16
185828,13,10,1,1,0,3,0,1,3,4,0,4
185873,13,10,1,1,1,10,9,2,19,11,10,21
186034,13,10,1,0,1,5,4,1,9,5,5,10
186201,13,10,1,0,0,8,12,0,20,8,12,20
186283,13,10,1,0,0,8,4,0,12,8,4,12
186371,13,10,1,1,1,4,4,2,8,5,5,10
186380,13,10,1,0,2,13,24,2,37,13,26,39
186399,13,10,1,4,6,6,4,10,10,10,10,20
186432,13,10,1,0,0,0,2,0,2,0,2,2
186469,13,10,1,0,1,5,2,1,7,5,3,8
186584,13,10,1,0,1,22,23,1,45,22,24,46
186618,13,10,1,0,0,0,1,0,1,0,1,1
186645,13,10,1,0,0,14,21,0,35,14,21,35
186867,13,10,1,1,0,4,1,1,5,5,1,6
186876,13,10,1,0,3,2,5,3,7,2,8,10
187046,13,10,1,0,1,28,23,1,51,28,24,52
187134,13,10,1,0,0,1,0,0,1,1,0,1
187198,13,10,1,0,0,6,10,0,16,6,10,16
187444,13,10,1,0,0,11,17,0,28,11,17,28
187532,13,10,1,7,0,61,95,7,156,68,95,163
187620,13,10,1,1,1,7,12,2,19,8,13,21
187639,13,10,1,0,1,41,98,1,139,41,99,140
187648,13,10,1,1,3,15,28,4,43,16,31,47
187897,13,10,1,8,2,16,25,10,41,24,27,51
187958,13,10,1,0,0,3,6,0,9,3,6,9
187967,13,10,1,0,0,13,28,0,41,13,28,41
187976,13,10,1,0,0,3,2,0,5,3,2,5
187985,13,10,1,2,6,32,33,8,65,34,39,73
187994,13,10,1,0,0,6,3,0,9,6,3,9
188003,13,10,1,0,0,2,1,0,3,2,1,3
188021,13,10,1,0,0,0,1,0,1,0,1,1
188030,13,10,1,2,3,28,25,5,53,30,28,58
188049,13,10,1,0,0,3,4,0,7,3,4,7
188100,13,10,1,3,3,54,182,6,236,57,185,242
188137,13,10,1,2,1,118,158,3,276,120,159,279
188207,13,10,1,0,2,0,0,2,0,0,2,2
188225,13,10,1,0,0,3,10,0,13,3,10,13
188261,13,10,1,1,0,7,4,1,11,8,4,12
188429,13,10,1,0,0,1,2,0,3,1,2,3
188438,13,10,1,0,0,1,3,0,4,1,3,4
188641,13,10,1,0,0,0,1,0,1,0,1,1
189228,13,10,1,1,1,1,2,2,3,2,3,5
189547,13,10,1,0,0,3,6,0,9,3,6,9
189565,13,10,1,1,0,0,0,1,0,1,0,1
189583,13,10,1,0,1,0,0,1,0,0,1,1
189592,13,10,1,0,1,0,0,1,0,0,1,1
189705,13,10,1,0,1,6,2,1,8,6,3,9
189839,13,10,1,0,0,6,0,0,6,6,0,6
190044,13,10,1,1,0,0,1,1,1,1,1,2
190053,13,10,1,1,0,1,0,1,1,2,0,2
190169,13,10,1,0,0,2,2,0,4,2,2,4
190415,13,10,1,1,2,2,0,3,2,3,2,5
190424,13,10,1,1,0,0,1,1,1,1,1,2
190442,13,10,1,0,0,1,2,0,3,1,2,3
190503,13,10,1,1,0,0,0,1,0,1,0,1
190761,13,10,1,0,1,0,0,1,0,0,1,1
190840,13,10,1,1,1,2,2,2,4,3,3,6
191083,13,10,1,2,1,4,5,3,9,6,6,12
191126,13,10,1,0,2,2,15,2,17,2,17,19
191199,13,10,1,0,0,3,0,0,3,3,0,3
191205,13,10,1,0,1,0,0,1,0,0,1,1
191241,13,10,1,4,7,12,10,11,22,16,17,33
191302,13,10,1,0,0,1,1,0,2,1,1,2
191339,13,10,1,0,0,2,2,0,4,2,2,4
191597,13,10,1,0,0,0,1,0,1,0,1,1
191612,13,10,1,0,0,1,1,0,2,1,1,2
191649,13,10,1,0,0,1,9,0,10,1,9,10
191676,13,10,1,0,0,2,0,0,2,2,0,2
191719,13,10,1,5,0,6,1,5,7,11,1,12
191986,13,10,1,0,0,0,1,0,1,0,1,1
192022,13,10,1,0,0,1,2,0,3,1,2,3
192192,13,10,1,0,0,0,1,0,1,0,1,1
192323,13,10,1,0,0,1,3,0,4,1,3,4
192448,13,10,1,1,2,2,7,3,9,3,9,12
192703,13,10,1,0,1,1,0,1,1,1,1,2
192749,13,10,1,0,1,1,3,1,4,1,4,5
192785,13,10,1,0,0,0,1,0,1,0,1,1
192819,13,10,1,0,0,1,0,0,1,1,0,1
193016,13,10,1,0,2,7,8,2,15,7,10,17
193283,13,10,1,0,0,0,2,0,2,0,2,2
193292,13,10,1,0,0,0,5,0,5,0,5,5
193326,13,10,1,1,2,1,3,3,4,2,5,7
193399,13,10,1,1,0,0,3,1,3,1,3,4
193478,13,10,1,1,0,3,9,1,12,4,9,13
193584,13,10,1,0,1,1,1,1,2,1,2,3
193654,13,10,1,2,2,0,2,4,2,2,4,6
193830,13,10,1,0,0,1,3,0,4,1,3,4
193900,13,10,1,3,3,10,15,6,25,13,18,31
193946,13,10,1,1,2,1,2,3,3,2,4,6
193973,13,10,1,1,0,0,0,1,0,1,0,1
194028,13,10,1,0,0,2,0,0,2,2,0,2
194091,13,10,1,0,1,1,0,1,1,1,1,2
194116,13,10,1,0,0,0,2,0,2,0,2,2
194222,13,10,1,0,0,5,8,0,13,5,8,13
194240,13,10,1,1,0,2,1,1,3,3,1,4
194310,13,10,1,0,0,6,13,0,19,6,13,19
194392,13,10,1,0,0,0,1,0,1,0,1,1
194578,13,10,1,0,2,0,0,2,0,0,2,2
194824,13,10,1,0,1,0,0,1,0,0,1,1
195003,13,10,1,2,0,1,3,2,4,3,3,6
195058,13,10,1,0,0,2,2,0,4,2,2,4
195067,13,10,1,0,1,0,0,1,0,0,1,1
195128,13,10,1,0,0,0,1,0,1,0,1,1
195155,13,10,1,0,0,9,6,0,15,9,6,15
195234,13,10,1,1,0,2,2,1,4,3,2,5
195243,13,10,1,0,0,1,0,0,1,1,0,1
195322,13,10,1,0,1,5,10,1,15,5,11,16
195474,13,10,1,0,0,0,1,0,1,0,1,1
195544,13,10,1,0,0,2,2,0,4,2,2,4
195720,13,10,1,0,4,1,3,4,4,1,7,8
195988,13,10,1,1,0,1,1,1,2,2,1,3
196006,13,10,1,0,0,0,1,0,1,0,1,1
196015,13,10,1,0,0,2,2,0,4,2,2,4
196042,13,10,1,0,1,2,0,1,2,2,1,3
196051,13,10,1,0,1,0,0,1,0,0,1,1
196060,13,10,1,1,1,17,6,2,23,18,7,25
196079,13,10,1,0,1,6,4,1,10,6,5,11
196088,13,10,1,1,3,7,6,4,13,8,9,17
196097,13,10,1,3,1,6,6,4,12,9,7,16
196112,13,10,1,0,0,2,0,0,2,2,0,2
196121,13,10,1,0,0,4,1,0,5,4,1,5
196130,13,10,1,0,1,4,8,1,12,4,9,13
196158,13,10,1,0,0,1,1,0,2,1,1,2
196176,13,10,1,1,0,1,2,1,3,2,2,4
196185,13,10,1,0,0,1,1,0,2,1,1,2
196194,13,10,1,0,0,2,5,0,7,2,5,7
196219,13,10,1,0,2,2,0,2,2,2,2,4
196246,13,10,1,0,0,0,2,0,2,0,2,2
196255,13,10,1,0,1,0,1,1,1,0,2,2
196264,13,10,1,5,10,14,43,15,57,19,53,72
196291,13,10,1,0,0,3,0,0,3,3,0,3
196413,13,10,1,2,2,7,10,4,17,9,12,21
196468,13,10,1,1,9,0,6,10,6,1,15,16
196565,13,10,1,0,0,2,7,0,9,2,7,9
196699,13,10,1,0,0,2,5,0,7,2,5,7
196884,13,10,1,2,4,5,2,6,7,7,6,13
197045,13,10,1,0,0,2,2,0,4,2,2,4
197294,13,10,1,2,0,3,9,2,12,5,9,14
197708,13,10,1,1,7,7,6,8,13,8,13,21
197814,13,10,1,0,0,1,7,0,8,1,7,8
197850,13,10,1,0,3,1,3,3,4,1,6,7
197869,13,10,1,0,0,2,1,0,3,2,1,3
197887,13,10,1,0,1,7,6,1,13,7,7,14
197966,13,10,1,0,0,3,1,0,4,3,1,4
198118,13,10,1,1,0,6,5,1,11,7,5,12
198136,13,10,1,2,4,3,4,6,7,5,8,13
198154,13,10,1,5,1,87,89,6,176,92,90,182
198206,13,10,1,0,0,1,4,0,5,1,4,5
198260,13,10,1,4,1,10,26,5,36,14,27,41
198330,13,10,1,0,1,1,4,1,5,1,5,6
198367,13,10,1,0,0,4,4,0,8,4,4,8
198455,13,10,1,0,0,8,5,0,13,8,5,13
198464,13,10,1,1,3,5,19,4,24,6,22,28
198507,13,10,1,2,2,1,1,4,2,3,3,6
198516,13,10,1,0,0,0,2,0,2,0,2,2
198534,13,10,1,8,4,8,12,12,20,16,16,32
198543,13,10,1,3,8,5,12,11,17,8,20,28
198552,13,10,1,2,2,6,14,4,20,8,16,24
198570,13,10,1,0,1,5,8,1,13,5,9,14
198598,13,10,1,0,0,1,0,0,1,1,0,1
198622,13,10,1,1,3,6,8,4,14,7,11,18
198668,13,10,1,0,1,0,4,1,4,0,5,5
198710,13,10,1,0,0,0,4,0,4,0,4,4
198756,13,10,1,1,1,0,0,2,0,1,1,2
198808,13,10,1,0,0,1,0,0,1,1,0,1
198817,13,10,1,1,1,1,1,2,2,2,2,4
198835,13,10,1,2,1,7,7,3,14,9,8,17
198862,13,10,1,0,2,1,0,2,1,1,2,3
198905,13,10,1,0,0,2,1,0,3,2,1,3
198950,13,10,1,0,0,0,1,0,1,0,1,1
198969,13,10,1,0,0,1,3,0,4,1,3,4
198987,13,10,1,1,0,2,3,1,5,3,3,6
199087,13,10,1,0,0,0,3,0,3,0,3,3
199102,13,10,1,0,0,6,5,0,11,6,5,11
199111,13,10,1,0,0,5,18,0,23,5,18,23
199120,13,10,1,3,1,6,9,4,15,9,10,19
199139,13,10,1,0,1,6,13,1,19,6,14,20
199148,13,10,1,2,7,6,15,9,21,8,22,30
199157,13,10,1,2,2,2,7,4,9,4,9,13
199184,13,10,1,0,0,1,0,0,1,1,0,1
199193,13,10,1,4,1,13,6,5,19,17,7,24
199218,13,10,1,0,4,5,9,4,14,5,13,18
199272,13,10,1,0,0,1,0,0,1,1,0,1
199281,13,10,1,1,2,0,9,3,9,1,11,12
199324,13,10,1,0,0,6,3,0,9,6,3,9
199412,13,10,1,1,1,1,0,2,1,2,1,3
199494,13,10,1,0,0,4,6,0,10,4,6,10
199607,13,10,1,0,0,1,1,0,2,1,1,2
199625,13,10,1,0,1,0,2,1,2,0,3,3
199731,13,10,1,0,2,3,5,2,8,3,7,10
199740,13,10,1,0,0,1,5,0,6,1,5,6
199759,13,10,1,13,0,8,9,13,17,21,9,30
199768,13,10,1,0,0,0,2,0,2,0,2,2
199795,13,10,1,0,0,0,1,0,1,0,1,1
199856,13,10,1,1,1,13,11,2,24,14,12,26
199865,13,10,1,1,0,0,0,1,0,1,0,1
199883,13,10,1,0,1,0,0,1,0,0,1,1
199908,13,10,1,1,0,0,5,1,5,1,5,6
199926,13,10,1,0,0,0,1,0,1,0,1,1
199971,13,10,1,2,2,0,0,4,0,2,2,4
200004,13,10,1,0,0,1,3,0,4,1,3,4
200013,13,10,1,0,0,1,1,0,2,1,1,2
200022,13,10,1,0,0,4,2,0,6,4,2,6
200059,13,10,1,0,0,1,1,0,2,1,1,2
200086,13,10,1,0,0,0,1,0,1,0,1,1
200192,13,10,1,0,0,10,0,0,10,10,0,10
200217,13,10,1,0,1,0,1,1,1,0,2,2
200280,13,10,1,2,0,10,3,2,13,12,3,15
200305,13,10,1,0,0,15,0,0,15,15,0,15
200314,13,10,1,0,0,5,0,0,5,5,0,5
200332,13,10,1,0,0,2,3,0,5,2,3,5
200572,13,10,1,0,0,1,1,0,2,1,1,2
200697,13,10,1,0,0,2,0,0,2,2,0,2
200800,13,10,1,0,1,7,20,1,27,7,21,28
200846,13,10,1,1,0,0,1,1,1,1,1,2
201283,13,10,1,1,0,0,0,1,0,1,0,1
201441,13,10,1,0,0,3,4,0,7,3,4,7
201548,13,10,1,1,1,0,0,2,0,1,1,2
201645,13,10,1,2,1,18,17,3,35,20,18,38
201885,13,10,1,4,1,13,16,5,29,17,17,34
201946,13,10,1,0,0,1,3,0,4,1,3,4
201964,13,10,1,8,9,5,5,17,10,13,14,27
202222,13,10,1,1,0,7,11,1,18,8,11,19
202356,13,10,1,2,3,72,115,5,187,74,118,192
202480,13,10,1,2,3,7,10,5,17,9,13,22
202523,13,10,1,0,0,1,1,0,2,1,1,2
202648,13,10,1,0,1,3,4,1,7,3,5,8
202763,13,10,1,0,1,2,0,1,2,2,1,3
203067,13,10,1,4,4,1,3,8,4,5,7,12
203128,13,10,1,0,0,0,1,0,1,0,1,1
203289,13,10,1,1,1,0,0,2,0,1,1,2
203368,13,10,1,0,0,1,5,0,6,1,5,6
203447,13,10,1,0,0,0,1,0,1,0,1,1
203456,13,10,1,0,0,0,1,0,1,0,1,1
203465,13,10,1,0,0,3,1,0,4,3,1,4
203474,13,10,1,0,0,0,1,0,1,0,1,1
203492,13,10,1,0,0,0,1,0,1,0,1,1
203517,13,10,1,1,2,10,14,3,24,11,16,27
203544,13,10,1,0,0,0,1,0,1,0,1,1
203580,13,10,1,0,1,2,0,1,2,2,1,3
203599,13,10,1,0,0,4,8,0,12,4,8,12
203678,13,10,1,0,0,1,2,0,3,1,2,3
203748,13,10,1,2,2,6,11,4,17,8,13,21
203757,13,10,1,0,0,2,1,0,3,2,1,3
203775,13,10,1,0,0,2,1,0,3,2,1,3
203881,13,10,1,1,0,8,1,1,9,9,1,10
203960,13,10,1,0,0,0,1,0,1,0,1,1
204015,13,10,1,0,0,1,0,0,1,1,0,1
204024,13,10,1,0,1,10,5,1,15,10,6,16
204194,13,10,1,0,2,0,0,2,0,0,2,2
204200,13,10,1,0,1,0,5,1,5,0,6,6
204255,13,10,1,0,0,0,2,0,2,0,2,2
204422,13,10,1,0,0,1,0,0,1,1,0,1
204468,13,10,1,0,0,0,2,0,2,0,2,2
204477,13,10,1,0,0,1,0,0,1,1,0,1
204617,13,10,1,0,0,0,2,0,2,0,2,2
204635,13,10,1,1,1,0,0,2,0,1,1,2
204680,13,10,1,0,0,1,0,0,1,1,0,1
204699,13,10,1,0,0,0,1,0,1,0,1,1
204705,13,10,1,0,0,1,1,0,2,1,1,2
204796,13,10,1,3,3,16,12,6,28,19,15,34
204848,13,10,1,0,0,1,0,0,1,1,0,1
204857,13,10,1,2,2,10,6,4,16,12,8,20
204936,13,10,1,0,0,0,1,0,1,0,1,1
204945,13,10,1,0,1,8,0,1,8,8,1,9
205443,13,10,1,0,0,8,6,0,14,8,6,14
205470,13,10,1,1,2,35,11,3,46,36,13,49
205841,13,10,1,1,0,8,5,1,13,9,5,14
206011,13,10,1,0,0,1,1,0,2,1,1,2
206279,13,10,1,2,4,4,4,6,8,6,8,14
206349,13,10,1,0,0,0,3,0,3,0,3,3
206507,13,10,1,1,0,0,0,1,0,1,0,1
206525,13,10,1,1,0,1,2,1,3,2,2,4
206604,13,10,1,1,0,3,0,1,3,4,0,4
206613,13,10,1,0,0,1,0,0,1,1,0,1
206622,13,10,1,0,1,7,5,1,12,7,6,13
206695,13,10,1,1,1,6,9,2,15,7,10,17
206862,13,10,1,1,2,1,2,3,3,2,4,6
206914,13,10,1,1,3,3,10,4,13,4,13,17
206996,13,10,1,1,1,0,0,2,0,1,1,2
207041,13,10,1,1,0,1,1,1,2,2,1,3
207050,13,10,1,0,0,3,9,0,12,3,9,12
207069,13,10,1,0,0,1,0,0,1,1,0,1
207209,13,10,1,1,0,2,2,1,4,3,2,5
207236,13,10,1,0,1,0,3,1,3,0,4,4
207263,13,10,1,0,1,7,12,1,19,7,13,20
207281,13,10,1,0,0,1,4,0,5,1,4,5
207290,13,10,1,0,1,2,2,1,4,2,3,5
207306,13,10,1,0,1,1,0,1,1,1,1,2
207315,13,10,1,2,0,1,1,2,2,3,1,4
207324,13,10,1,0,0,2,3,0,5,2,3,5
207342,13,10,1,0,1,0,1,1,1,0,2,2
207351,13,10,1,0,1,4,2,1,6,4,3,7
207388,13,10,1,3,2,7,5,5,12,10,7,17
207500,13,10,1,1,1,17,15,2,32,18,16,34
207564,13,10,1,0,0,2,0,0,2,2,0,2
207582,13,10,1,4,15,3,10,19,13,7,25,32
207661,13,10,1,0,0,2,1,0,3,2,1,3
207670,13,10,1,0,0,3,6,0,9,3,6,9
207740,13,10,1,0,0,0,3,0,3,0,3,3
207847,13,10,1,0,3,3,4,3,7,3,7,10
207865,13,10,1,0,0,1,2,0,3,1,2,3
207935,13,10,1,0,2,24,25,2,49,24,27,51
207971,13,10,1,0,0,3,1,0,4,3,1,4
208275,13,10,1,0,1,2,0,1,2,2,1,3
208318,13,10,1,0,1,8,6,1,14,8,7,15
208390,13,10,1,3,2,12,15,5,27,15,17,32
208406,13,10,1,5,0,16,6,5,22,21,6,27
208415,13,10,1,0,0,1,8,0,9,1,8,9
208646,13,10,1,0,2,2,8,2,10,2,10,12
208822,13,10,1,0,1,7,18,1,25,7,19,26
209038,13,10,1,1,1,16,9,2,25,17,10,27
209074,13,10,1,0,1,4,3,1,7,4,4,8
209250,13,10,1,1,1,4,10,2,14,5,11,16
209490,13,10,1,0,0,1,0,0,1,1,0,1
209506,13,10,1,0,1,4,1,1,5,4,2,6
209542,13,10,1,2,3,31,30,5,61,33,33,66
209551,13,10,1,3,1,4,3,4,7,7,4,11
209603,13,10,1,1,0,0,2,1,2,1,2,3
209612,13,10,1,3,5,0,0,8,0,3,5,8
209746,13,10,1,10,4,60,95,14,155,70,99,169
209807,13,10,1,3,5,27,25,8,52,30,30,60
209922,13,10,1,0,0,1,0,0,1,1,0,1
210234,13,10,1,1,0,1,5,1,6,2,5,7
210270,13,10,1,0,2,3,6,2,9,3,8,11
210401,13,10,1,0,0,2,1,0,3,2,1,3
210429,13,10,1,2,2,3,4,4,7,5,6,11
210605,13,10,1,0,0,31,32,0,63,31,32,63
210739,13,10,1,0,0,1,1,0,2,1,1,2
210775,13,10,1,0,2,2,4,2,6,2,6,8
211088,13,10,1,0,0,2,5,0,7,2,5,7
211130,13,10,1,2,4,1,4,6,5,3,8,11
211307,13,10,1,0,2,22,18,2,40,22,20,42
211343,13,10,1,0,0,4,5,0,9,4,5,9
211352,13,10,1,0,0,1,2,0,3,1,2,3
211431,13,10,1,0,0,1,7,0,8,1,7,8
211440,13,10,1,2,0,0,0,2,0,2,0,2
211556,13,10,1,0,0,1,0,0,1,1,0,1
211583,13,10,1,0,1,0,1,1,1,0,2,2
211608,13,10,1,0,1,2,0,1,2,2,1,3
211927,13,10,1,0,1,12,8,1,20,12,9,21
212054,13,10,1,0,2,6,18,2,24,6,20,26
212106,13,10,1,1,2,2,2,3,4,3,4,7
212115,13,10,1,1,1,8,6,2,14,9,7,16
212133,13,10,1,7,8,11,17,15,28,18,25,43
212197,13,10,1,0,0,1,0,0,1,1,0,1
212601,13,10,1,1,0,0,2,1,2,1,2,3
212674,13,10,1,0,0,7,2,0,9,7,2,9
212771,13,10,1,3,2,2,7,5,9,5,9,14
212869,13,10,1,0,3,0,2,3,2,0,5,5
212878,13,10,1,3,0,12,13,3,25,15,13,28
212984,13,10,1,0,0,1,2,0,3,1,2,3
213011,13,10,1,0,0,0,5,0,5,0,5,5
213020,13,10,1,0,0,9,11,0,20,9,11,20
213321,13,10,1,0,1,1,1,1,2,1,2,3
213349,13,10,1,1,0,7,13,1,20,8,13,21
213367,13,10,1,0,0,1,2,0,3,1,2,3
213376,13,10,1,0,1,0,1,1,1,0,2,2
213446,13,10,1,1,3,0,2,4,2,1,5,6
213507,13,10,1,0,0,6,3,0,9,6,3,9
213525,13,10,1,1,1,6,11,2,17,7,12,19
213570,13,10,1,1,1,0,0,2,0,1,1,2
213598,13,10,1,1,1,1,3,2,4,2,4,6
213659,13,10,1,0,0,5,7,0,12,5,7,12
213996,13,10,1,0,0,1,3,0,4,1,3,4
214041,13,10,1,0,0,1,2,0,3,1,2,3
214111,13,10,1,0,0,24,24,0,48,24,24,48
214157,13,10,1,0,0,1,8,0,9,1,8,9
214272,13,10,1,0,0,1,2,0,3,1,2,3
214379,13,10,1,1,3,21,21,4,42,22,24,46
214652,13,10,1,0,0,1,0,0,1,1,0,1
214689,13,10,1,0,0,2,0,0,2,2,0,2
214704,13,10,1,0,0,2,0,0,2,2,0,2
214713,13,10,1,0,0,4,2,0,6,4,2,6
214731,13,10,1,0,0,2,1,0,3,2,1,3
214777,13,10,1,1,0,4,2,1,6,5,2,7
214786,13,10,1,0,0,0,1,0,1,0,1,1
214795,13,10,1,0,0,1,0,0,1,1,0,1
214810,13,10,1,0,0,1,0,0,1,1,0,1
214883,13,10,1,0,0,2,6,0,8,2,6,8
215062,13,10,1,5,4,38,24,9,62,43,28,71
215123,13,10,1,1,0,0,0,1,0,1,0,1
215239,13,10,1,1,3,15,26,4,41,16,29,45
215293,13,10,1,2,2,4,10,4,14,6,12,18
215424,13,10,1,6,8,1,0,14,1,7,8,15
215442,13,10,1,0,0,3,3,0,6,3,3,6
215585,13,10,1,0,0,1,3,0,4,1,3,4
215743,13,10,1,0,1,1,0,1,1,1,1,2
215798,13,10,1,1,0,2,0,1,2,3,0,3
215929,13,10,1,0,0,1,5,0,6,1,5,6
216010,13,10,1,0,1,4,0,1,4,4,1,5
216038,13,10,1,1,0,3,7,1,10,4,7,11
216339,13,10,1,4,5,12,16,9,28,16,21,37
216357,13,10,1,0,0,1,4,0,5,1,4,5
216366,13,10,1,2,1,1,11,3,12,3,12,15
216542,13,10,1,0,0,3,1,0,4,3,1,4
216579,13,10,1,0,1,0,0,1,0,0,1,1
216597,13,10,1,2,1,9,2,3,11,11,3,14
216694,13,10,1,1,0,0,2,1,2,1,2,3
216764,13,10,1,4,0,31,25,4,56,35,25,60
216825,13,10,1,1,1,4,0,2,4,5,1,6
216852,13,10,1,2,1,2,7,3,9,4,8,12
216931,13,10,1,0,4,1,8,4,9,1,12,13
217013,13,10,1,0,1,0,1,1,1,0,2,2
217059,13,10,1,0,0,1,0,0,1,1,0,1
217165,13,10,1,0,0,1,3,0,4,1,3,4
217235,13,10,1,0,0,1,0,0,1,1,0,1
217323,13,10,1,3,0,0,0,3,0,3,0,3
217402,13,10,1,1,0,5,4,1,9,6,4,10
217420,13,10,1,2,0,3,8,2,11,5,8,13
217518,13,10,1,0,0,1,3,0,4,1,3,4
217536,13,10,1,1,0,2,7,1,9,3,7,10
217633,13,10,1,9,1,2,2,10,4,11,3,14
217688,13,10,1,0,0,1,2,0,3,1,2,3
217712,13,10,1,0,2,3,7,2,10,3,9,12
217749,13,10,1,0,0,4,7,0,11,4,7,11
217819,13,10,1,2,2,29,33,4,62,31,35,66
217864,13,10,1,0,0,14,4,0,18,14,4,18
217873,13,10,1,0,0,1,0,0,1,1,0,1
217882,13,10,1,5,1,6,8,6,14,11,9,20
217891,13,10,1,0,3,0,1,3,1,0,4,4
217925,13,10,1,1,1,19,14,2,33,20,15,35
217961,13,10,1,2,1,0,0,3,0,2,1,3
217989,13,10,1,0,1,0,0,1,0,0,1,1
218025,13,10,1,1,1,2,11,2,13,3,12,15
218061,13,10,1,0,1,10,24,1,34,10,25,35
218113,13,10,1,2,3,12,19,5,31,14,22,36
218140,13,10,1,2,7,6,10,9,16,8,17,25
218229,13,10,1,0,1,4,6,1,10,4,7,11
218335,13,10,1,2,0,0,1,2,1,2,1,3
218353,13,10,1,1,0,6,9,1,15,7,9,16
218399,13,10,1,1,1,0,0,2,0,1,1,2
218441,13,10,1,0,1,1,1,1,2,1,2,3
218487,13,10,1,1,0,1,7,1,8,2,7,9
218520,13,10,1,2,0,7,10,2,17,9,10,19
218645,13,10,1,1,2,2,7,3,9,3,9,12
218654,13,10,1,0,1,5,3,1,8,5,4,9
218663,13,10,1,5,4,45,37,9,82,50,41,91
218672,13,10,1,0,0,6,39,0,45,6,39,45
218681,13,10,1,0,0,8,34,0,42,8,34,42
218690,13,10,1,0,0,2,2,0,4,2,2,4
218706,13,10,1,0,0,1,1,0,2,1,1,2
218724,13,10,1,1,0,14,11,1,25,15,11,26
218733,13,10,1,1,1,2,6,2,8,3,7,10
218742,13,10,1,1,2,2,8,3,10,3,10,13
218821,13,10,1,1,1,1,0,2,1,2,1,3
218830,13,10,1,1,0,7,6,1,13,8,6,14
218885,13,10,1,0,0,4,4,0,8,4,4,8
218991,13,10,1,0,2,2,3,2,5,2,5,7
219082,13,10,1,0,0,3,2,0,5,3,2,5
219189,13,10,1,0,0,3,0,0,3,3,0,3
219204,13,10,1,2,4,6,6,6,12,8,10,18
219259,13,10,1,0,1,2,1,1,3,2,2,4
219277,13,10,1,1,2,3,9,3,12,4,11,15
219347,13,10,1,0,0,1,0,0,1,1,0,1
219426,13,10,1,1,1,0,0,2,0,1,1,2
219471,13,10,1,2,1,5,4,3,9,7,5,12
219480,13,10,1,1,0,0,0,1,0,1,0,1
219602,13,10,1,0,3,7,10,3,17,7,13,20
219806,13,10,1,0,0,0,2,0,2,0,2,2
219824,13,10,1,1,0,7,5,1,12,8,5,13
219833,13,10,1,0,0,1,2,0,3,1,2,3
219888,13,10,1,0,0,1,9,0,10,1,9,10
219994,13,10,1,2,0,0,0,2,0,2,0,2
220057,13,10,1,0,1,0,1,1,1,0,2,2
220075,13,10,1,2,3,12,9,5,21,14,12,26
220127,13,10,1,0,0,0,1,0,1,0,1,1
220215,13,10,1,0,0,2,2,0,4,2,2,4
220279,13,10,1,1,0,1,0,1,1,2,0,2
220321,13,10,1,0,0,1,0,0,1,1,0,1
220394,13,10,1,1,0,0,0,1,0,1,0,1
220400,13,10,1,0,1,3,1,1,4,3,2,5
220473,13,10,1,1,2,2,1,3,3,3,3,6
220516,13,10,1,0,3,0,1,3,1,0,4,4
220604,13,10,1,0,2,1,0,2,1,1,2,3
220792,13,10,1,2,0,0,0,2,0,2,0,2
220862,13,10,1,1,5,15,24,6,39,16,29,45
220978,13,10,1,3,4,19,16,7,35,22,20,42
221050,13,10,1,2,0,1,0,2,1,3,0,3
221096,13,10,1,0,1,1,5,1,6,1,6,7
221184,13,10,1,0,0,6,8,0,14,6,8,14
221333,13,10,1,0,0,1,0,0,1,1,0,1
221397,13,10,1,1,0,2,3,1,5,3,3,6
221430,13,10,1,1,0,1,2,1,3,2,2,4
221485,13,10,1,1,0,7,7,1,14,8,7,15
221519,13,10,1,0,2,1,0,2,1,1,2,3
221582,13,10,1,0,0,2,1,0,3,2,1,3
221607,13,10,1,1,0,2,0,1,2,3,0,3
221643,13,10,1,1,1,7,7,2,14,8,8,16
221740,13,10,1,0,2,9,12,2,21,9,14,23
221759,13,10,1,2,2,25,11,4,36,27,13,40
221768,13,10,1,0,1,4,6,1,10,4,7,11
221838,13,10,1,1,2,13,14,3,27,14,16,30
221847,13,10,1,1,1,5,2,2,7,6,3,9
221908,13,10,1,1,0,2,5,1,7,3,5,8
221999,13,10,1,1,3,4,1,4,5,5,4,9
222053,13,10,1,1,1,3,9,2,12,4,10,14
222062,13,10,1,0,0,3,4,0,7,3,4,7
222178,13,10,1,0,1,6,15,1,21,6,16,22
222576,13,10,1,3,1,5,8,4,13,8,9,17
222822,13,10,1,2,0,3,0,2,3,5,0,5
222831,13,10,1,1,0,4,3,1,7,5,3,8
222992,13,10,1,2,2,60,60,4,120,62,62,124
223232,13,10,1,3,3,7,6,6,13,10,9,19
223506,13,10,1,0,0,8,0,0,8,8,0,8
223816,13,10,1,2,1,8,11,3,19,10,12,22
224147,13,10,1,0,0,3,10,0,13,3,10,13
224323,13,10,1,0,0,1,1,0,2,1,1,2
224527,13,10,1,0,0,1,1,0,2,1,1,2
224554,13,10,1,2,5,19,23,7,42,21,28,49
224615,13,10,1,2,3,190,331,5,521,192,334,526
224642,13,10,1,4,1,7,11,5,18,11,12,23
224961,13,10,1,0,0,3,6,0,9,3,6,9
225247,13,10,1,0,1,1,0,1,1,1,1,2
225399,13,10,1,0,1,11,11,1,22,11,12,23
225414,13,10,1,2,1,7,11,3,18,9,12,21
225432,13,10,1,2,3,5,17,5,22,7,20,27
225548,13,10,1,0,1,4,1,1,5,4,2,6
225885,13,10,1,1,0,1,1,1,2,2,1,3
226116,13,10,1,1,0,1,2,1,3,2,2,4
226134,13,10,1,0,0,7,16,0,23,7,16,23
226204,13,10,1,2,0,30,54,2,84,32,54,86
226277,13,10,1,1,0,0,0,1,0,1,0,1
226383,13,10,1,1,0,2,2,1,4,3,2,5
226408,13,10,1,0,0,1,3,0,4,1,3,4
226471,13,10,1,0,0,1,4,0,5,1,4,5
226578,13,10,1,0,0,7,6,0,13,7,6,13
227146,13,10,1,0,2,0,2,2,2,0,4,4
227182,13,10,1,5,1,61,56,6,117,66,57,123
227216,13,10,1,2,2,17,17,4,34,19,19,38
227331,13,10,1,3,0,0,1,3,1,3,1,4
227368,13,10,1,1,0,19,12,1,31,20,12,32
227377,13,10,1,0,0,2,0,0,2,2,0,2
227386,13,10,1,0,1,0,0,1,0,0,1,1
227401,13,10,1,1,0,1,5,1,6,2,5,7
227526,13,10,1,1,0,3,7,1,10,4,7,11
227757,13,10,1,1,0,7,4,1,11,8,4,12
227845,13,10,1,0,0,1,3,0,4,1,3,4
227863,13,10,1,0,0,15,13,0,28,15,13,28
227881,13,10,1,1,0,7,4,1,11,8,4,12
227979,13,10,1,5,1,18,12,6,30,23,13,36
228042,13,10,1,0,1,0,0,1,0,0,1,1
228149,13,10,1,0,0,1,1,0,2,1,1,2
228158,13,10,1,1,0,6,2,1,8,7,2,9
228246,13,10,1,1,1,16,21,2,37,17,22,39
228431,13,10,1,1,1,6,5,2,11,7,6,13
228459,13,10,1,4,2,12,9,6,21,16,11,27
228501,13,10,1,0,1,2,4,1,6,2,5,7
228529,13,10,1,3,3,7,6,6,13,10,9,19
228547,13,10,1,6,1,68,85,7,153,74,86,160
228644,13,10,1,1,0,0,1,1,1,1,1,2
228653,13,10,1,4,7,1,2,11,3,5,9,14
228699,13,10,1,0,0,1,4,0,5,1,4,5
228705,13,10,1,2,0,4,2,2,6,6,2,8
228723,13,10,1,6,3,9,16,9,25,15,19,34
228769,13,10,1,7,4,22,31,11,53,29,35,64
228778,13,10,1,3,2,9,5,5,14,12,7,19
228787,13,10,1,3,3,14,18,6,32,17,21,38
228796,13,10,1,2,1,10,7,3,17,12,8,20
228802,13,10,1,1,0,3,4,1,7,4,4,8
228875,13,10,1,0,0,3,1,0,4,3,1,4
229018,13,10,1,1,3,4,4,4,8,5,7,12
229027,13,10,1,1,2,21,9,3,30,22,11,33
229063,13,10,1,4,3,4,6,7,10,8,9,17
229115,13,10,1,1,3,14,7,4,21,15,10,25
229179,13,10,1,3,2,3,17,5,20,6,19,25
229337,13,10,1,0,1,2,4,1,6,2,5,7
229355,13,10,1,0,0,10,13,0,23,10,13,23
229504,13,10,1,0,0,1,0,0,1,1,0,1
229780,13,10,1,4,1,8,7,5,15,12,8,20
229799,13,10,1,0,0,0,6,0,6,0,6,6
229814,13,10,1,2,1,5,4,3,9,7,5,12
229887,13,10,1,1,1,1,0,2,1,2,1,3
230038,13,10,1,0,0,4,6,0,10,4,6,10
230162,13,10,1,0,0,1,0,0,1,1,0,1
230171,13,10,1,2,2,12,12,4,24,14,14,28
230597,13,10,1,1,0,10,5,1,15,11,5,16
230603,13,10,1,2,0,18,15,2,33,20,15,35
230676,13,10,1,2,0,1,3,2,4,3,3,6
230728,13,10,1,1,1,12,15,2,27,13,16,29
230746,13,10,1,2,0,87,73,2,160,89,73,162
230764,13,10,1,4,3,86,81,7,167,90,84,174
230782,13,10,1,1,1,24,26,2,50,25,27,52
230816,13,10,1,0,5,2,0,5,2,2,5,7
230834,13,10,1,0,0,0,15,0,15,0,15,15
230852,13,10,1,0,1,4,5,1,9,4,6,10
230861,13,10,1,0,0,7,7,0,14,7,7,14
230913,13,10,1,0,0,7,6,0,13,7,6,13
230959,13,10,1,0,0,0,1,0,1,0,1,1
231165,13,10,1,0,0,1,0,0,1,1,0,1
231174,13,10,1,0,0,19,17,0,36,19,17,36
231420,13,10,1,0,1,3,3,1,6,3,4,7
231536,13,10,1,0,0,6,0,0,6,6,0,6
231624,13,10,1,1,0,4,3,1,7,5,3,8
231697,13,10,1,0,0,2,8,0,10,2,8,10
231712,13,10,1,0,0,1,1,0,2,1,1,2
231785,13,10,1,0,1,0,0,1,0,0,1,1
231882,13,10,1,1,1,3,2,2,5,4,3,7
232025,13,10,1,0,0,1,0,0,1,1,0,1
232043,13,10,1,0,0,1,1,0,2,1,1,2
232052,13,10,1,0,0,2,0,0,2,2,0,2
232186,13,10,1,7,10,37,36,17,73,44,46,90
232195,13,10,1,0,0,5,8,0,13,5,8,13
232308,13,10,1,0,0,1,2,0,3,1,2,3
232414,13,10,1,0,1,7,16,1,23,7,17,24
232450,13,10,1,0,0,7,8,0,15,7,8,15
232557,13,10,1,234,278,378,426,512,804,612,704,1316
232566,13,10,1,0,0,1,1,0,2,1,1,2
232575,13,10,1,0,1,2,6,1,8,2,7,9
232609,13,10,1,2,2,3,3,4,6,5,5,10
232706,13,10,1,1,0,5,18,1,23,6,18,24
232788,13,10,1,0,1,1,1,1,2,1,2,3
232867,13,10,1,1,0,3,3,1,6,4,3,7
232946,13,10,1,3,4,115,153,7,268,118,157,275
232982,13,10,1,1,2,15,19,3,34,16,21,37
233019,13,10,1,0,0,0,1,0,1,0,1,1
233037,13,10,1,1,0,1,3,1,4,2,3,5
233116,13,10,1,1,2,5,9,3,14,6,11,17
233277,13,10,1,0,1,2,6,1,8,2,7,9
233310,13,10,1,0,0,2,3,0,5,2,3,5
233338,13,10,1,0,0,1,3,0,4,1,3,4
233374,13,10,1,0,0,1,0,0,1,1,0,1
233426,13,10,1,0,0,2,0,0,2,2,0,2
233541,13,10,1,2,0,4,3,2,7,6,3,9
233639,13,10,1,0,0,5,14,0,19,5,14,19
233648,13,10,1,0,3,3,2,3,5,3,5,8
233754,13,10,1,2,0,6,5,2,11,8,5,13
233772,13,10,1,3,3,25,54,6,79,28,57,85
233903,13,10,1,0,0,4,1,0,5,4,1,5
233921,13,10,1,1,0,13,3,1,16,14,3,17
233949,13,10,1,0,0,6,9,0,15,6,9,15
234030,13,10,1,2,1,10,14,3,24,12,15,27
234076,13,10,1,4,0,24,21,4,45,28,21,49
234155,13,10,1,0,2,1,2,2,3,1,4,5
234377,13,10,1,0,0,7,1,0,8,7,1,8
234669,13,10,1,1,3,14,8,4,22,15,11,26
234696,13,10,1,3,0,2,2,3,4,5,2,7
234711,13,10,1,0,1,2,0,1,2,2,1,3
234827,13,10,1,0,2,3,2,2,5,3,4,7
234845,13,10,1,1,2,35,65,3,100,36,67,103
234933,13,10,1,2,0,18,26,2,44,20,26,46
234951,13,10,1,4,1,9,19,5,28,13,20,33
234979,13,10,1,3,0,60,43,3,103,63,43,106
235024,13,10,1,0,0,0,1,0,1,0,1,1
235097,13,10,1,2,3,4,5,5,9,6,8,14
235103,13,10,1,6,4,18,20,10,38,24,24,48
235149,13,10,1,2,3,12,13,5,25,14,16,30
235237,13,10,1,0,2,14,44,2,58,14,46,60
235316,13,10,1,0,3,1,4,3,5,1,7,8
235334,13,10,1,1,1,3,5,2,8,4,6,10
235343,13,10,1,1,1,18,29,2,47,19,30,49
235431,13,10,1,0,0,3,8,0,11,3,8,11
235547,13,10,1,0,1,0,2,1,2,0,3,3
235671,13,10,1,2,12,7,12,14,19,9,24,33
235699,13,10,1,1,2,5,40,3,45,6,42,48
235750,13,10,1,1,2,4,10,3,14,5,12,17
236072,13,10,1,2,2,16,33,4,49,18,35,53
236188,13,10,1,1,3,11,17,4,28,12,20,32
236258,13,10,1,2,2,29,44,4,73,31,46,77
236382,13,10,1,3,2,4,1,5,5,7,3,10
236452,13,10,1,0,0,1,0,0,1,1,0,1
236504,13,10,1,1,1,2,5,2,7,3,6,9
236513,13,10,1,0,0,7,2,0,9,7,2,9
236577,13,10,1,0,0,7,2,0,9,7,2,9
236595,13,10,1,0,0,1,2,0,3,1,2,3
236610,13,10,1,1,1,7,5,2,12,8,6,14
236638,13,10,1,1,3,5,5,4,10,6,8,14
236656,13,10,1,5,1,2,4,6,6,7,5,12
236692,13,10,1,5,3,68,241,8,309,73,244,317
236708,13,10,1,2,2,7,13,4,20,9,15,24
236753,13,10,1,1,3,5,11,4,16,6,14,20
236887,13,10,1,2,1,19,4,3,23,21,5,26
236896,13,10,1,0,2,1,0,2,1,1,2,3
236939,13,10,1,1,2,6,9,3,15,7,11,18
236975,13,10,1,0,0,2,5,0,7,2,5,7
237011,13,10,1,1,0,11,8,1,19,12,8,20
237039,13,10,1,0,0,7,9,0,16,7,9,16
237066,13,10,1,0,0,1,1,0,2,1,1,2
237109,13,10,1,0,0,6,5,0,11,6,5,11
237312,13,10,1,3,0,2,2,3,4,5,2,7
237330,13,10,1,0,1,0,2,1,2,0,3,3
237367,13,10,1,0,0,0,1,0,1,0,1,1
237385,13,10,1,0,0,3,1,0,4,3,1,4
237525,13,10,1,1,0,9,15,1,24,10,15,25
237686,13,10,1,0,0,0,2,0,2,0,2,2
237792,13,10,1,0,2,1,4,2,5,1,6,7
237817,13,10,1,0,1,0,1,1,1,0,2,2
237899,13,10,1,0,1,1,8,1,9,1,9,10
237950,13,10,1,0,0,0,1,0,1,0,1,1
237969,13,10,1,0,0,1,1,0,2,1,1,2
238014,13,10,1,0,0,0,2,0,2,0,2,2
238032,13,10,1,4,1,2,8,5,10,6,9,15
238193,13,10,1,0,4,0,2,4,2,0,6,6
238263,13,10,1,0,0,5,7,0,12,5,7,12
238397,13,10,1,0,0,2,0,0,2,2,0,2
238458,13,10,1,0,0,1,1,0,2,1,1,2
238722,13,10,1,3,1,13,5,4,18,16,6,22
238759,13,10,1,0,0,4,8,0,12,4,8,12
239008,13,10,1,0,0,3,1,0,4,3,1,4
239071,13,10,1,0,0,3,4,0,7,3,4,7
239105,13,10,1,0,0,0,3,0,3,0,3,3
239169,13,10,1,0,0,1,1,0,2,1,1,2
239248,13,10,1,5,1,16,21,6,37,21,22,43
239309,13,10,1,0,0,0,1,0,1,0,1,1
239372,13,10,1,1,1,1,0,2,1,2,1,3
239442,13,10,1,0,0,1,2,0,3,1,2,3
239488,13,10,1,2,0,10,6,2,16,12,6,18
239716,13,10,1,0,0,0,3,0,3,0,3,3
240107,13,10,1,0,1,1,1,1,2,1,2,3
240170,13,10,1,0,0,5,3,0,8,5,3,8
240189,13,10,1,0,0,3,4,0,7,3,4,7
240198,13,10,1,1,0,0,0,1,0,1,0,1
240268,13,10,1,0,0,0,1,0,1,0,1,1
240277,13,10,1,0,0,3,1,0,4,3,1,4
240329,13,10,1,0,0,1,1,0,2,1,1,2
240365,13,10,1,1,1,4,1,2,5,5,2,7
240374,13,10,1,1,0,4,2,1,6,5,2,7
240417,13,10,1,0,0,3,5,0,8,3,5,8
240426,13,10,1,1,2,2,5,3,7,3,7,10
240444,13,10,1,1,2,13,7,3,20,14,9,23
240453,13,10,1,4,4,11,10,8,21,15,14,29
240462,13,10,1,0,1,2,2,1,4,2,3,5
240471,13,10,1,0,0,1,1,0,2,1,1,2
240480,13,10,1,0,0,2,3,0,5,2,3,5
240505,13,10,1,0,1,21,11,1,32,21,12,33
240514,13,10,1,0,0,12,11,0,23,12,11,23
240620,13,10,1,1,0,7,6,1,13,8,6,14
240657,13,10,1,1,0,7,2,1,9,8,2,10
240666,13,10,1,0,0,14,12,0,26,14,12,26
240727,13,10,1,0,0,12,24,0,36,12,24,36
240745,13,10,1,0,0,2,2,0,4,2,2,4
240790,13,10,1,0,1,0,3,1,3,0,4,4
241191,13,10,1,1,0,0,1,1,1,1,1,2
241225,13,10,1,2,1,5,1,3,6,7,2,9
241377,13,10,1,0,1,0,3,1,3,0,4,4
241386,13,10,1,0,0,1,0,0,1,1,0,1
241395,13,10,1,0,1,1,0,1,1,1,1,2
241410,13,10,1,2,0,3,5,2,8,5,5,10
241720,13,10,1,0,1,0,0,1,0,0,1,1
241739,13,10,1,1,2,2,5,3,7,3,7,10
241766,13,10,1,0,1,1,0,1,1,1,1,2
241836,13,10,1,1,1,0,1,2,1,1,2,3
241951,13,10,1,0,0,0,1,0,1,0,1,1
242112,13,10,1,1,0,0,0,1,0,1,0,1
242130,13,10,1,0,0,1,0,0,1,1,0,1
242149,13,10,1,1,1,0,0,2,0,1,1,2
242617,13,10,1,2,1,1,0,3,1,3,1,4
242635,13,10,1,1,0,0,1,1,1,1,1,2
242644,13,10,1,1,0,0,0,1,0,1,0,1
242653,13,10,1,2,0,11,9,2,20,13,9,22
242662,13,10,1,0,1,2,0,1,2,2,1,3
242680,13,10,1,0,1,1,0,1,1,1,1,2
242705,13,10,1,0,0,1,0,0,1,1,0,1
242723,13,10,1,1,0,0,0,1,0,1,0,1
243142,13,10,1,0,0,1,1,0,2,1,1,2
243179,13,10,1,0,1,0,0,1,0,0,1,1
243203,13,10,1,1,1,0,0,2,0,1,1,2
243221,13,10,1,5,7,8,7,12,15,13,14,27
243346,13,10,1,2,1,1,1,3,2,3,2,5
243443,13,10,1,0,1,2,2,1,4,2,3,5
243577,13,10,1,1,0,3,0,1,3,4,0,4
243601,13,10,1,2,4,4,5,6,9,6,9,15
243744,13,10,1,3,3,3,4,6,7,6,7,13
243780,13,10,1,1,0,17,8,1,25,18,8,26
243832,13,10,1,0,1,2,0,1,2,2,1,3
243841,13,10,1,1,1,0,1,2,1,1,2,3
244437,13,10,1,1,0,29,43,1,72,30,43,73
244446,13,10,1,1,1,7,8,2,15,8,9,17
245625,13,10,1,1,0,6,2,1,8,7,2,9
246789,13,10,1,4,3,13,5,7,18,17,8,25
246813,13,10,1,1,0,5,6,1,11,6,6,12
246895,13,10,1,1,0,0,0,1,0,1,0,1
247603,13,10,1,1,2,9,6,3,15,10,8,18
247834,13,10,1,1,2,29,31,3,60,30,33,63
247940,13,10,1,0,0,12,6,0,18,12,6,18
248925,13,10,1,1,1,0,0,2,0,1,1,2
248934,13,10,1,8,4,0,0,12,0,8,4,12
251260,13,10,1,1,0,1,2,1,3,2,2,4
262031,13,10,1,1,0,7,13,1,20,8,13,21
262086,13,10,1,2,7,7,17,9,24,9,24,33
262129,13,10,1,0,0,1,0,0,1,1,0,1
363165,13,10,1,2,0,0,0,2,0,2,0,2
363633,13,10,1,0,0,17,21,0,38,17,21,38
363907,13,10,1,1,0,0,0,1,0,1,0,1
364016,13,10,1,0,0,60,93,0,153,60,93,153
364025,13,10,1,1,0,41,42,1,83,42,42,84
365480,13,10,1,0,0,0,1,0,1,0,1,1
366003,13,10,1,1,0,3,4,1,7,4,4,8
366252,13,10,1,0,0,0,1,0,1,0,1,1
366395,13,10,1,2,0,4,6,2,10,6,6,12
366401,13,10,1,0,3,15,24,3,39,15,27,42
366465,13,10,1,0,0,1,2,0,3,1,2,3
366711,13,10,1,1,2,1,6,3,7,2,8,10
367334,13,10,1,1,0,0,0,1,0,1,0,1
367459,13,10,1,1,2,9,11,3,20,10,13,23
367954,13,10,1,0,1,3,1,1,4,3,2,5
368911,13,10,1,0,1,2,0,1,2,2,1,3
374574,13,10,1,0,0,0,1,0,1,0,1,1
375407,13,10,1,0,1,0,0,1,0,0,1,1
376288,13,10,1,1,1,0,0,2,0,1,1,2
377643,13,10,1,1,0,0,0,1,0,1,0,1
380359,13,10,1,0,4,1,8,4,9,1,12,13
383190,13,10,1,3,0,4,19,3,23,7,19,26
383996,13,10,1,0,0,1,2,0,3,1,2,3
384333,13,10,1,0,3,7,10,3,17,7,13,20
384342,13,10,1,0,1,11,8,1,19,11,9,20
385415,13,10,1,0,0,0,2,0,2,0,2,2
395362,13,10,1,0,0,1,7,0,8,1,7,8
399212,13,10,1,0,0,17,12,0,29,17,12,29
401764,13,10,1,0,0,0,1,0,1,0,1,1
403469,13,10,1,0,0,41,11,0,52,41,11,52
403478,13,10,1,0,0,2,0,0,2,2,0,2
403487,13,10,1,0,0,2,8,0,10,2,8,10
404426,13,10,1,0,0,2,6,0,8,2,6,8
405872,13,10,1,0,0,5,3,0,8,5,3,8
407832,13,10,1,0,0,1,0,0,1,1,0,1
408844,13,10,1,3,2,0,0,5,0,3,2,5
409254,13,10,1,0,0,0,5,0,5,0,5,5
409591,13,10,1,1,0,0,0,1,0,1,0,1
409698,13,10,1,0,1,0,0,1,0,0,1,1
413617,13,10,1,0,0,1,1,0,2,1,1,2
414878,13,10,1,0,0,1,0,0,1,1,0,1
414966,13,10,1,0,0,7,7,0,14,7,7,14
416801,13,10,1,0,0,0,1,0,1,0,1,1
420246,13,10,1,0,1,0,1,1,1,0,2,2
420431,13,10,1,1,0,2,3,1,5,3,3,6
420440,13,10,1,0,0,0,3,0,3,0,3,3
420538,13,10,1,0,1,3,2,1,5,3,3,6
420556,13,10,1,0,0,1,0,0,1,1,0,1
423643,13,10,1,0,0,0,1,0,1,0,1,1
426314,13,10,1,1,2,8,1,3,9,9,3,12
430564,13,10,1,0,0,0,2,0,2,0,2,2
433387,13,10,1,119,196,0,0,315,0,119,196,315
434061,13,10,1,1,0,1,1,1,2,2,1,3
434584,13,10,1,0,0,0,1,0,1,0,1,1
434672,13,10,1,8,3,25,39,11,64,33,42,75
436553,13,10,1,0,2,0,0,2,0,0,2,2
436818,13,10,1,0,0,1,0,0,1,1,0,1
436827,13,10,1,1,0,2,6,1,8,3,6,9
436836,13,10,1,0,2,1,1,2,2,1,3,4
437103,13,10,1,2,5,9,11,7,20,11,16,27
438586,13,10,1,3,2,1,5,5,6,4,7,11
438708,13,10,1,0,0,0,2,0,2,0,2,2
439190,13,10,1,0,0,0,2,0,2,0,2,2
439367,13,10,1,1,0,0,0,1,0,1,0,1
440828,13,10,1,0,1,1,0,1,1,1,1,2
441131,13,10,1,0,0,0,1,0,1,0,1,1
441371,13,10,1,2,30,0,0,32,0,2,30,32
441690,13,10,1,1,1,1,0,2,1,2,1,3
441760,13,10,1,0,1,3,1,1,4,3,2,5
441900,13,10,1,0,0,3,4,0,7,3,4,7
441937,13,10,1,1,2,1,5,3,6,2,7,9
442329,13,10,1,1,0,0,0,1,0,1,0,1
442930,13,10,1,0,1,0,0,1,0,0,1,1
443049,13,10,1,4,1,5,4,5,9,9,5,14
443058,13,10,1,2,3,11,3,5,14,13,6,19
443100,13,10,1,1,0,0,0,1,0,1,0,1
444219,13,10,1,0,5,15,32,5,47,15,37,52
444565,13,10,1,0,0,1,0,0,1,1,0,1
444583,13,10,1,2,0,0,0,2,0,2,0,2
444787,13,10,1,0,0,1,0,0,1,1,0,1
445027,13,10,1,73,125,6,15,198,21,79,140,219
445948,13,10,1,1,4,0,0,5,0,1,4,5
446233,13,10,1,1,0,0,0,1,0,1,0,1
446774,13,10,1,0,0,39,86,0,125,39,86,125
447582,13,10,1,0,1,0,0,1,0,0,1,1
447689,13,10,1,2,1,4,6,3,10,6,7,13
447698,13,10,1,0,2,0,1,2,1,0,3,3
447759,13,10,1,0,0,1,0,0,1,1,0,1
447999,13,10,1,2,0,0,0,2,0,2,0,2
448248,13,10,1,1,0,2,0,1,2,3,0,3
448594,13,10,1,0,1,0,1,1,1,0,2,2
448673,13,10,1,0,1,0,2,1,2,0,3,3
449481,13,10,1,0,1,0,0,1,0,0,1,1
449889,13,10,1,19,33,0,0,52,0,19,33,52
450641,13,10,1,0,1,0,0,1,0,0,1,1
450933,13,10,1,38,33,14,5,71,19,52,38,90
451079,13,10,1,1,0,0,0,1,0,1,0,1
451583,13,10,1,1,0,1,0,1,1,2,0,2
454227,13,10,1,1,3,8,82,4,90,9,85,94
454810,13,10,1,6,45,0,0,51,0,6,45,51
454926,13,10,1,0,1,0,0,1,0,0,1,1
455080,13,10,1,0,1,0,0,1,0,0,1,1
455114,13,10,1,0,0,5,4,0,9,5,4,9
455196,13,10,1,0,5,0,0,5,0,0,5,5
455512,13,10,1,1,1,11,8,2,19,12,9,21
455831,13,10,1,0,2,0,0,2,0,0,2,2
458210,13,10,1,0,2,1,2,2,3,1,4,5
458229,13,10,1,0,0,1,0,0,1,1,0,1
459523,13,10,1,0,1,0,0,1,0,0,1,1
459736,13,10,1,0,2,0,1,2,1,0,3,3
459949,13,10,1,1,0,0,3,1,3,1,3,4
460349,13,10,1,0,0,2,4,0,6,2,4,6
460394,13,10,1,1,2,10,6,3,16,11,8,19
460464,13,10,1,2,0,14,6,2,20,16,6,22
460677,13,10,1,0,0,0,1,0,1,0,1,1
461759,13,10,1,0,4,1,5,4,6,1,9,10
463056,13,10,1,0,0,1,2,0,3,1,2,3
466930,13,10,1,0,0,1,0,0,1,1,0,1
474863,13,10,1,3,3,1,1,6,2,4,4,8
475200,13,10,1,0,0,0,1,0,1,0,1,1
475723,13,10,1,0,0,1,0,0,1,1,0,1
475839,13,10,1,2,1,2,2,3,4,4,3,7
476179,13,10,1,0,0,0,1,0,1,0,1,1
476975,13,10,1,0,0,14,8,0,22,14,8,22
477039,13,10,1,1,0,1,2,1,3,2,2,4
479956,13,10,1,0,0,24,8,0,32,24,8,32
480028,13,10,1,3,0,0,0,3,0,3,0,3
480091,13,10,1,3,13,2,12,16,14,5,25,30
480569,13,10,1,0,0,1,0,0,1,1,0,1
480921,13,10,1,1,1,0,0,2,0,1,1,2
481191,13,10,1,0,1,0,0,1,0,0,1,1
482149,13,10,1,2,0,8,10,2,18,10,10,20
482158,13,10,1,1,4,14,12,5,26,15,16,31
482413,13,10,1,0,1,1,1,1,2,1,2,3
482431,13,10,1,0,0,1,2,0,3,1,2,3
482459,13,10,1,0,0,1,1,0,2,1,1,2
482477,13,10,1,4,10,26,33,14,59,30,43,73
482574,13,10,1,0,0,0,1,0,1,0,1,1
482653,13,10,1,0,0,0,2,0,2,0,2,2
482680,13,10,1,0,2,14,14,2,28,14,16,30
482705,13,10,1,1,4,11,15,5,26,12,19,31
483036,13,10,1,0,1,2,2,1,4,2,3,5
483045,13,10,1,1,1,18,17,2,35,19,18,37
483124,13,10,1,14,16,97,66,30,163,111,82,193
483595,13,10,1,4,4,6,10,8,16,10,14,24
483823,13,10,1,0,2,0,0,2,0,0,2,2
484109,13,10,1,0,1,0,0,1,0,0,1,1
484473,13,10,1,0,1,6,3,1,9,6,4,10
484613,13,10,1,173,321,0,0,494,0,173,321,494
484631,13,10,1,1,1,0,0,2,0,1,1,2
484905,13,10,1,0,0,0,8,0,8,0,8,8
485111,13,10,1,0,2,0,1,2,1,0,3,3
485458,13,10,1,0,0,3,7,0,10,3,7,10
486798,13,10,1,3,0,0,0,3,0,3,0,3
486840,13,10,1,4,3,44,45,7,89,48,48,96
487010,13,10,1,0,0,0,1,0,1,0,1,1
487162,13,10,1,2,0,4,3,2,7,6,3,9
487524,13,10,1,0,0,1,1,0,2,1,1,2
487995,13,10,1,2,1,2,1,3,3,4,2,6
488031,13,10,1,1,3,0,0,4,0,1,3,4
488077,13,10,1,9,0,1,0,9,1,10,0,10
488305,13,10,1,0,0,1,0,0,1,1,0,1
489201,13,10,1,0,0,4,6,0,10,4,6,10
489335,13,10,1,0,0,4,0,0,4,4,0,4
489779,13,10,1,9,18,25,86,27,111,34,104,138
490230,13,10,1,2,1,0,0,3,0,2,1,3
490753,13,10,1,1,10,0,0,11,0,1,10,11
490805,13,10,1,0,0,1,3,0,4,1,3,4
491808,13,10,1,1,5,0,3,6,3,1,8,9
492209,13,10,1,2,2,0,1,4,1,2,3,5
492476,13,10,1,0,0,1,0,0,1,1,0,1
492801,13,10,1,0,1,0,0,1,0,0,1,1
492962,13,10,1,0,1,3,3,1,6,3,4,7
493831,13,10,1,1,0,0,0,1,0,1,0,1
494278,13,10,1,0,0,0,1,0,1,0,1,1
495101,13,10,1,0,2,0,0,2,0,0,2,2
495271,13,10,1,0,0,0,2,0,2,0,2,2
496618,13,10,1,0,1,0,0,1,0,0,1,1
496636,13,10,1,0,1,0,0,1,0,0,1,1
497037,13,10,1,1,3,0,0,4,0,1,3,4
497046,13,10,1,0,0,2,5,0,7,2,5,7
497107,13,10,1,0,0,3,3,0,6,3,3,6
497480,13,10,1,0,13,0,3,13,3,0,16,16
498562,13,10,1,0,1,3,3,1,6,3,4,7
498571,13,10,1,2,3,17,13,5,30,19,16,35
100663,13,10,2,0,1,1,3,1,4,1,4,5
100706,13,10,2,0,0,3,2,0,5,3,2,5
100751,13,10,2,1,1,1,6,2,7,2,7,9
100760,13,10,2,0,0,2,1,0,3,2,1,3
100812,13,10,2,0,0,2,7,0,9,2,7,9
100830,13,10,2,0,0,0,1,0,1,0,1,1
100858,13,10,2,0,1,0,1,1,1,0,2,2
101143,13,10,2,0,0,2,5,0,7,2,5,7
101161,13,10,2,3,4,7,3,7,10,10,7,17
101189,13,10,2,0,0,1,1,0,2,1,1,2
101240,13,10,2,0,1,7,4,1,11,7,5,12
101286,13,10,2,1,0,0,4,1,4,1,4,5
101295,13,10,2,0,1,3,1,1,4,3,2,5
101435,13,10,2,0,0,0,1,0,1,0,1,1
101462,13,10,2,0,0,2,0,0,2,2,0,2
101480,13,10,2,0,0,4,2,0,6,4,2,6
101505,13,10,2,2,2,6,0,4,6,8,2,10
101514,13,10,2,1,0,6,19,1,25,7,19,26
101569,13,10,2,2,0,3,4,2,7,5,4,9
101587,13,10,2,0,2,1,0,2,1,1,2,3
101709,13,10,2,0,0,1,0,0,1,1,0,1
101736,13,10,2,0,0,3,2,0,5,3,2,5
101897,13,10,2,0,0,1,1,0,2,1,1,2
101912,13,10,2,0,2,1,0,2,1,1,2,3
102030,13,10,2,1,1,3,2,2,5,4,3,7
102067,13,10,2,1,0,2,5,1,7,3,5,8
102076,13,10,2,1,0,2,1,1,3,3,1,4
102094,13,10,2,0,0,3,3,0,6,3,3,6
102313,13,10,2,3,1,0,6,4,6,3,7,10
102368,13,10,2,0,6,7,17,6,24,7,23,30
102429,13,10,2,0,0,0,3,0,3,0,3,3
102553,13,10,2,0,1,62,54,1,116,62,55,117
102614,13,10,2,0,1,21,42,1,63,21,43,64
102632,13,10,2,0,0,5,19,0,24,5,19,24
104151,13,10,2,5,2,4,2,7,6,9,4,13
104160,13,10,2,2,0,6,8,2,14,8,8,16
104179,13,10,2,2,1,9,8,3,17,11,9,20
104346,13,10,2,0,0,12,31,0,43,12,31,43
104425,13,10,2,1,0,13,34,1,47,14,34,48
104577,13,10,2,4,0,337,683,4,1020,341,683,1024
104586,13,10,2,0,0,0,1,0,1,0,1,1
104708,13,10,2,3,1,75,69,4,144,78,70,148
104717,13,10,2,0,0,44,97,0,141,44,97,141
105145,13,10,2,0,0,3,5,0,8,3,5,8
105154,13,10,2,0,1,71,79,1,150,71,80,151
105206,13,10,2,2,3,3,13,5,16,5,16,21
105297,13,10,2,0,2,1,3,2,4,1,5,6
105330,13,10,2,0,1,3,13,1,16,3,14,17
105349,13,10,2,0,0,10,21,0,31,10,21,31
105428,13,10,2,0,1,49,67,1,116,49,68,117
105525,13,10,2,4,2,68,66,6,134,72,68,140
105659,13,10,2,1,0,0,0,1,0,1,0,1
105668,13,10,2,1,3,15,36,4,51,16,39,55
105747,13,10,2,0,0,72,104,0,176,72,104,176
105792,13,10,2,0,1,15,8,1,23,15,9,24
106148,13,10,2,6,2,234,442,8,676,240,444,684
106245,13,10,2,2,3,17,14,5,31,19,17,36
106397,13,10,2,1,0,12,14,1,26,13,14,27
106412,13,10,2,2,2,0,4,4,4,2,6,8
106449,13,10,2,0,0,4,9,0,13,4,9,13
106458,13,10,2,0,0,8,11,0,19,8,11,19
106467,13,10,2,1,3,7,7,4,14,8,10,18
106625,13,10,2,0,0,3,0,0,3,3,0,3
107141,13,10,2,0,0,0,1,0,1,0,1,1
107318,13,10,2,0,0,0,2,0,2,0,2,2
107521,13,10,2,0,1,0,0,1,0,0,1,1
107585,13,10,2,0,0,0,2,0,2,0,2,2
107600,13,10,2,0,0,0,1,0,1,0,1,1
107619,13,10,2,3,0,0,0,3,0,3,0,3
107664,13,10,2,3,2,9,15,5,24,12,17,29
107725,13,10,2,0,1,0,1,1,1,0,2,2
107743,13,10,2,0,0,0,1,0,1,0,1,1
107974,13,10,2,0,1,0,4,1,4,0,5,5
107983,13,10,2,0,0,1,23,0,24,1,23,24
107992,13,10,2,0,0,1,0,0,1,1,0,1
108092,13,10,2,0,1,2,4,1,6,2,5,7
108232,13,10,2,0,0,2,7,0,9,2,7,9
108667,13,10,2,1,1,23,47,2,70,24,48,72
108807,13,10,2,1,0,37,29,1,66,38,29,67
108852,13,10,2,0,1,0,0,1,0,0,1,1
109208,13,10,2,4,8,85,93,12,178,89,101,190
109350,13,10,2,3,1,27,23,4,50,30,24,54
109785,13,10,2,0,1,3,0,1,3,3,1,4
109819,13,10,2,0,3,25,15,3,40,25,18,43
109907,13,10,2,2,6,5,4,8,9,7,10,17
109934,13,10,2,0,1,0,0,1,0,0,1,1
110097,13,10,2,0,0,2,2,0,4,2,2,4
110246,13,10,2,1,2,7,11,3,18,8,13,21
110334,13,10,2,1,2,144,178,3,322,145,180,325
110413,13,10,2,0,2,0,0,2,0,0,2,2
110422,13,10,2,1,0,0,1,1,1,1,1,2
110486,13,10,2,1,2,3,6,3,9,4,8,12
110495,13,10,2,0,2,2,3,2,5,2,5,7
110510,13,10,2,4,8,4,6,12,10,8,14,22
110529,13,10,2,1,2,1,2,3,3,2,4,6
110538,13,10,2,0,3,1,1,3,2,1,4,5
110547,13,10,2,2,3,2,11,5,13,4,14,18
110556,13,10,2,1,2,5,4,3,9,6,6,12
110565,13,10,2,1,0,2,3,1,5,3,3,6
110574,13,10,2,4,2,0,6,6,6,4,8,12
110583,13,10,2,2,0,5,9,2,14,7,9,16
110592,13,10,2,4,1,5,8,5,13,9,9,18
110608,13,10,2,3,5,2,10,8,12,5,15,20
110617,13,10,2,1,2,5,5,3,10,6,7,13
110635,13,10,2,1,4,0,2,5,2,1,6,7
110644,13,10,2,0,1,1,1,1,2,1,2,3
110653,13,10,2,0,3,0,0,3,0,0,3,3
110662,13,10,2,1,1,0,0,2,0,1,1,2
110671,13,10,2,0,1,0,0,1,0,0,1,1
110680,13,10,2,0,2,0,0,2,0,0,2,2
110705,13,10,2,1,0,0,0,1,0,1,0,1
110714,13,10,2,0,1,0,0,1,0,0,1,1
111434,13,10,2,1,2,22,50,3,72,23,52,75
111461,13,10,2,3,1,41,36,4,77,44,37,81
111887,13,10,2,11,7,43,37,18,80,54,44,98
111896,13,10,2,1,2,17,17,3,34,18,19,37
111920,13,10,2,1,4,47,43,5,90,48,47,95
111939,13,10,2,5,4,26,21,9,47,31,25,56
111948,13,10,2,0,0,1,0,0,1,1,0,1
112075,13,10,2,0,1,0,0,1,0,0,1,1
112172,13,10,2,1,1,11,14,2,25,12,15,27
112367,13,10,2,0,2,0,0,2,0,0,2,2
112385,13,10,2,10,7,87,30,17,117,97,37,134
112561,13,10,2,1,3,18,21,4,39,19,24,43
112686,13,10,2,6,3,3,7,9,10,9,10,19
112826,13,10,2,1,0,12,31,1,43,13,31,44
113096,13,10,2,0,3,33,58,3,91,33,61,94
113111,13,10,2,1,1,6,11,2,17,7,12,19
113193,13,10,2,0,0,45,31,0,76,45,31,76
113236,13,10,2,2,2,24,19,4,43,26,21,47
113333,13,10,2,3,4,84,77,7,161,87,81,168
113573,13,10,2,3,1,15,20,4,35,18,21,39
113634,13,10,2,2,3,54,58,5,112,56,61,117
113698,13,10,2,0,1,0,1,1,1,0,2,2
113856,13,10,2,1,2,106,90,3,196,107,92,199
113980,13,10,2,3,5,49,67,8,116,52,72,124
114266,13,10,2,13,14,29,43,27,72,42,57,99
114354,13,10,2,0,0,0,1,0,1,0,1,1
114433,13,10,2,0,0,20,8,0,28,20,8,28
114716,13,10,2,2,3,41,30,5,71,43,33,76
114789,13,10,2,2,2,33,30,4,63,35,32,67
114813,13,10,2,0,0,0,1,0,1,0,1,1
114859,13,10,2,2,1,38,41,3,79,40,42,82
114938,13,10,2,1,0,13,58,1,71,14,58,72
115001,13,10,2,57,92,73,82,149,155,130,174,304
115126,13,10,2,4,4,20,16,8,36,24,20,44
115393,13,10,2,1,0,15,15,1,30,16,15,31
115755,13,10,2,0,3,3,0,3,3,3,3,6
115861,13,10,2,2,4,7,6,6,13,9,10,19
116439,13,10,2,2,2,13,36,4,49,15,38,53
117052,13,10,2,0,0,3,0,0,3,3,0,3
117195,13,10,2,0,0,37,26,0,63,37,26,63
117247,13,10,2,16,16,97,137,32,234,113,153,266
117274,13,10,2,0,0,19,6,0,25,19,6,25
117645,13,10,2,11,15,65,66,26,131,76,81,157
117690,13,10,2,1,0,7,17,1,24,8,17,25
117706,13,10,2,13,13,55,70,26,125,68,83,151
117715,13,10,2,0,1,3,25,1,28,3,26,29
117724,13,10,2,7,4,36,24,11,60,43,28,71
117733,13,10,2,16,25,99,112,41,211,115,137,252
117788,13,10,2,29,46,96,110,75,206,125,156,281
117867,13,10,2,4,1,28,41,5,69,32,42,74
117894,13,10,2,1,0,7,21,1,28,8,21,29
118347,13,10,2,0,2,87,153,2,240,87,155,242
118684,13,10,2,0,1,34,64,1,98,34,65,99
118718,13,10,2,0,1,29,11,1,40,29,12,41
118772,13,10,2,3,3,31,48,6,79,34,51,85
118930,13,10,2,3,4,24,36,7,60,27,40,67
118976,13,10,2,7,9,22,21,16,43,29,30,59
119067,13,10,2,0,0,66,124,0,190,66,124,190
119137,13,10,2,1,0,26,14,1,40,27,14,41
119164,13,10,2,4,4,18,33,8,51,22,37,59
119216,13,10,2,2,6,23,33,8,56,25,39,64
119331,13,10,2,0,0,29,38,0,67,29,38,67
120290,13,10,2,2,2,19,29,4,48,21,31,52
120342,13,10,2,2,1,51,57,3,108,53,58,111
120421,13,10,2,1,1,15,12,2,27,16,13,29
120865,13,10,2,0,0,1,0,0,1,1,0,1
120883,13,10,2,0,2,1,0,2,1,1,2,3
120953,13,10,2,2,1,46,4,3,50,48,5,53
120971,13,10,2,0,1,78,34,1,112,78,35,113
121044,13,10,2,4,3,54,72,7,126,58,75,133
121309,13,10,2,0,0,2,0,0,2,2,0,2
121363,13,10,2,0,1,1,3,1,4,1,4,5
121619,13,10,2,6,9,107,48,15,155,113,57,170
121707,13,10,2,1,1,16,13,2,29,17,14,31
121886,13,10,2,1,3,38,15,4,53,39,18,57
121901,13,10,2,3,2,20,19,5,39,23,21,44
122180,13,10,2,5,6,45,91,11,136,50,97,147
122205,13,10,2,2,2,76,121,4,197,78,123,201
122296,13,10,2,1,0,0,1,1,1,1,1,2
122339,13,10,2,2,1,37,33,3,70,39,34,73
122375,13,10,2,1,1,41,64,2,105,42,65,107
122384,13,10,2,0,3,38,24,3,62,38,27,65
122409,13,10,2,1,2,0,7,3,7,1,9,10
122436,13,10,2,0,0,1,0,0,1,1,0,1
122597,13,10,2,3,2,5,1,5,6,8,3,11
122658,13,10,2,8,5,9,15,13,24,17,20,37
122728,13,10,2,0,0,2,4,0,6,2,4,6
122746,13,10,2,2,1,23,35,3,58,25,36,61
122755,13,10,2,3,1,2,4,4,6,5,5,10
122791,13,10,2,1,0,59,57,1,116,60,57,117
122889,13,10,2,5,3,43,63,8,106,48,66,114
122977,13,10,2,8,8,57,89,16,146,65,97,162
123013,13,10,2,0,1,83,130,1,213,83,131,214
123165,13,10,2,0,0,0,2,0,2,0,2,2
123217,13,10,2,1,1,9,15,2,24,10,16,26
123341,13,10,2,1,1,39,40,2,79,40,41,81
123457,13,10,2,0,0,4,1,0,5,4,1,5
123484,13,10,2,1,1,13,14,2,27,14,15,29
123509,13,10,2,3,0,46,39,3,85,49,39,88
123563,13,10,2,5,5,38,34,10,72,43,39,82
123572,13,10,2,0,1,1,1,1,2,1,2,3
123800,13,10,2,0,3,44,27,3,71,44,30,74
124113,13,10,2,0,1,35,4,1,39,35,5,40
124487,13,10,2,0,0,3,5,0,8,3,5,8
125028,13,10,2,0,2,21,29,2,50,21,31,52
125231,13,10,2,1,4,4,16,5,20,5,20,25
125462,13,10,2,0,0,0,2,0,2,0,2,2
125471,13,10,2,3,1,40,57,4,97,43,58,101
125499,13,10,2,0,0,35,55,0,90,35,55,90
126119,13,10,2,0,0,1,5,0,6,1,5,6
126182,13,10,2,0,0,2,0,0,2,2,0,2
126207,13,10,2,0,0,14,20,0,34,14,20,34
126289,13,10,2,0,0,7,29,0,36,7,29,36
126562,13,10,2,0,0,6,13,0,19,6,13,19
126580,13,10,2,0,0,0,3,0,3,0,3,3
126614,13,10,2,0,0,2,3,0,5,2,3,5
126711,13,10,2,1,0,17,27,1,44,18,27,45
126748,13,10,2,0,2,3,1,2,4,3,3,6
126818,13,10,2,1,0,3,9,1,12,4,9,13
126827,13,10,2,40,61,39,46,101,85,79,107,186
126863,13,10,2,0,0,4,6,0,10,4,6,10
126915,13,10,2,0,0,1,1,0,2,1,1,2
126942,13,10,2,0,0,7,9,0,16,7,9,16
126951,13,10,2,2,0,0,0,2,0,2,0,2
127185,13,10,2,0,0,2,4,0,6,2,4,6
127200,13,10,2,3,2,14,24,5,38,17,26,43
127389,13,10,2,0,0,0,1,0,1,0,1,1
127556,13,10,2,0,0,19,8,0,27,19,8,27
127565,13,10,2,0,0,8,11,0,19,8,11,19
127617,13,10,2,0,0,3,2,0,5,3,2,5
127714,13,10,2,0,0,12,15,0,27,12,15,27
127732,13,10,2,0,0,1,10,0,11,1,10,11
127741,13,10,2,1,0,2,3,1,5,3,3,6
127778,13,10,2,0,0,12,26,0,38,12,26,38
127820,13,10,2,1,2,10,13,3,23,11,15,26
127884,13,10,2,5,0,8,5,5,13,13,5,18
127909,13,10,2,1,0,19,7,1,26,20,7,27
127918,13,10,2,1,1,2,5,2,7,3,6,9
128106,13,10,2,1,0,9,7,1,16,10,7,17
128258,13,10,2,0,1,2,0,1,2,2,1,3
128577,13,10,2,0,0,7,6,0,13,7,6,13
128744,13,10,2,0,1,0,1,1,1,0,2,2
128771,13,10,2,0,0,16,9,0,25,16,9,25
128780,13,10,2,0,1,5,4,1,9,5,5,10
129020,13,10,2,0,0,6,6,0,12,6,6,12
129154,13,10,2,0,0,0,3,0,3,0,3,3
129215,13,10,2,0,0,6,10,0,16,6,10,16
129242,13,10,2,0,0,1,1,0,2,1,1,2
129367,13,10,2,2,0,7,9,2,16,9,9,18
129525,13,10,2,1,0,3,3,1,6,4,3,7
129543,13,10,2,0,1,16,21,1,37,16,22,38
129695,13,10,2,1,0,16,13,1,29,17,13,30
129729,13,10,2,0,0,10,3,0,13,10,3,13
129756,13,10,2,0,0,5,12,0,17,5,12,17
129808,13,10,2,0,1,11,9,1,20,11,10,21
130004,13,10,2,0,0,6,20,0,26,6,20,26
130040,13,10,2,0,0,5,25,0,30,5,25,30
130183,13,10,2,28,51,35,82,79,117,63,133,196
130217,13,10,2,0,0,3,3,0,6,3,3,6
130314,13,10,2,0,0,0,2,0,2,0,2,2
130396,13,10,2,0,0,8,18,0,26,8,18,26
130606,13,10,2,1,0,11,21,1,32,12,21,33
130776,13,10,2,1,0,5,2,1,7,6,2,8
130794,13,10,2,0,0,1,0,0,1,1,0,1
130934,13,10,2,0,0,1,2,0,3,1,2,3
130943,13,10,2,1,2,19,25,3,44,20,27,47
130989,13,10,2,0,1,0,0,1,0,0,1,1
131113,13,10,2,1,0,6,12,1,18,7,12,19
131399,13,10,2,1,0,22,31,1,53,23,31,54
131469,13,10,2,0,0,1,2,0,3,1,2,3
131496,13,10,2,0,0,53,46,0,99,53,46,99
131520,13,10,2,0,0,1,2,0,3,1,2,3
132693,13,10,2,1,3,21,15,4,36,22,18,40
132709,13,10,2,3,1,15,37,4,52,18,38,56
132851,13,10,2,0,1,4,5,1,9,4,6,10
132903,13,10,2,1,1,13,8,2,21,14,9,23
133386,13,10,2,1,4,12,18,5,30,13,22,35
133492,13,10,2,0,0,1,0,0,1,1,0,1
133508,13,10,2,0,0,3,6,0,9,3,6,9
133553,13,10,2,1,0,0,0,1,0,1,0,1
133650,13,10,2,0,0,2,0,0,2,2,0,2
133702,13,10,2,4,5,11,28,9,39,15,33,48
133872,13,10,2,0,0,2,1,0,3,2,1,3
133960,13,10,2,2,0,3,0,2,3,5,0,5
134130,13,10,2,0,0,1,2,0,3,1,2,3
134343,13,10,2,0,1,23,90,1,113,23,91,114
134495,13,10,2,2,1,6,11,3,17,8,12,20
134608,13,10,2,0,2,13,9,2,22,13,11,24
135160,13,10,2,0,1,1,2,1,3,1,3,4
135188,13,10,2,0,0,1,6,0,7,1,6,7
135391,13,10,2,0,0,5,11,0,16,5,11,16
135717,13,10,2,6,5,32,36,11,68,38,41,79
135726,13,10,2,0,0,1,3,0,4,1,3,4
136145,13,10,2,0,1,1,3,1,4,1,4,5
136172,13,10,2,0,0,2,3,0,5,2,3,5
136233,13,10,2,0,0,6,5,0,11,6,5,11
136330,13,10,2,0,0,1,1,0,2,1,1,2
136358,13,10,2,3,3,20,22,6,42,23,25,48
136400,13,10,2,1,0,4,7,1,11,5,7,12
136473,13,10,2,0,1,6,17,1,23,6,18,24
136516,13,10,2,0,1,2,5,1,7,2,6,8
136659,13,10,2,1,0,0,0,1,0,1,0,1
137078,13,10,2,4,3,71,110,7,181,75,113,188
137096,13,10,2,1,1,5,12,2,17,6,13,19
137209,13,10,2,1,1,16,36,2,52,17,37,54
137281,13,10,2,0,0,2,4,0,6,2,4,6
137351,13,10,2,0,0,8,5,0,13,8,5,13
137564,13,10,2,2,0,4,4,2,8,6,4,10
137759,13,10,2,2,1,4,7,3,11,6,8,14
138187,13,10,2,0,1,18,34,1,52,18,35,53
138275,13,10,2,0,0,0,1,0,1,0,1,1
138309,13,10,2,0,3,3,7,3,10,3,10,13
138354,13,10,2,0,2,3,3,2,6,3,5,8
138558,13,10,2,0,0,0,4,0,4,0,4,4
138600,13,10,2,0,0,0,2,0,2,0,2,2
138682,13,10,2,0,5,5,5,5,10,5,10,15
138716,13,10,2,0,1,3,9,1,12,3,10,13
138840,13,10,2,6,2,8,7,8,15,14,9,23
138956,13,10,2,2,4,3,8,6,11,5,12,17
139199,13,10,2,0,0,0,3,0,3,0,3,3
139205,13,10,2,0,0,2,0,0,2,2,0,2
139250,13,10,2,0,0,5,19,0,24,5,19,24
139278,13,10,2,2,0,3,5,2,8,5,5,10
139311,13,10,2,1,3,14,37,4,51,15,40,55
139357,13,10,2,2,2,5,8,4,13,7,10,17
139366,13,10,2,2,1,7,7,3,14,9,8,17
139384,13,10,2,0,1,1,2,1,3,1,3,4
139463,13,10,2,0,1,5,0,1,5,5,1,6
139621,13,10,2,0,0,1,0,0,1,1,0,1
139700,13,10,2,0,1,1,3,1,4,1,4,5
139719,13,10,2,0,0,2,2,0,4,2,2,4
139755,13,10,2,0,0,10,3,0,13,10,3,13
139764,13,10,2,0,1,0,2,1,2,0,3,3
139861,13,10,2,0,0,3,2,0,5,3,2,5
139931,13,10,2,1,1,18,22,2,40,19,23,42
139940,13,10,2,4,1,42,66,5,108,46,67,113
139959,13,10,2,1,1,13,20,2,33,14,21,35
139986,13,10,2,2,2,1,12,4,13,3,14,17
140012,13,10,2,4,0,11,10,4,21,15,10,25
140243,13,10,2,0,0,2,4,0,6,2,4,6
140331,13,10,2,3,3,11,5,6,16,14,8,22
140447,13,10,2,0,2,0,0,2,0,0,2,2
140678,13,10,2,0,0,4,4,0,8,4,4,8
140696,13,10,2,1,0,0,0,1,0,1,0,1
140942,13,10,2,1,0,5,5,1,10,6,5,11
140951,13,10,2,0,0,1,1,0,2,1,1,2
140960,13,10,2,1,1,3,4,2,7,4,5,9
140988,13,10,2,1,0,0,0,1,0,1,0,1
141006,13,10,2,1,1,1,3,2,4,2,4,6
141060,13,10,2,0,0,2,3,0,5,2,3,5
141255,13,10,2,1,0,2,4,1,6,3,4,7
141264,13,10,2,1,0,4,10,1,14,5,10,15
141334,13,10,2,1,2,11,11,3,22,12,13,25
141565,13,10,2,1,1,2,5,2,7,3,6,9
141574,13,10,2,2,1,6,15,3,21,8,16,24
141644,13,10,2,0,0,1,0,0,1,1,0,1
141680,13,10,2,1,0,3,4,1,7,4,4,8
141796,13,10,2,0,1,4,10,1,14,4,11,15
141802,13,10,2,0,0,8,10,0,18,8,10,18
141811,13,10,2,0,0,11,7,0,18,11,7,18
141839,13,10,2,0,0,8,19,0,27,8,19,27
141981,13,10,2,0,1,2,4,1,6,2,5,7
141990,13,10,2,0,4,12,30,4,42,12,34,46
142115,13,10,2,0,0,11,18,0,29,11,18,29
142179,13,10,2,0,0,0,1,0,1,0,1,1
142276,13,10,2,2,1,16,18,3,34,18,19,37
142285,13,10,2,0,0,8,6,0,14,8,6,14
142443,13,10,2,1,0,14,60,1,74,15,60,75
142461,13,10,2,0,0,0,3,0,3,0,3,3
142522,13,10,2,1,3,94,289,4,383,95,292,387
142559,13,10,2,0,1,9,13,1,22,9,14,23
143118,13,10,2,0,2,0,0,2,0,0,2,2
143215,13,10,2,4,2,25,22,6,47,29,24,53
143279,13,10,2,0,0,4,16,0,20,4,16,20
143358,13,10,2,0,0,5,5,0,10,5,5,10
143613,13,10,2,0,0,3,2,0,5,3,2,5
144157,13,10,2,3,8,8,13,11,21,11,21,32
144166,13,10,2,1,5,10,12,6,22,11,17,28
144175,13,10,2,3,10,8,10,13,18,11,20,31
144184,13,10,2,6,8,35,66,14,101,41,74,115
144193,13,10,2,0,2,8,17,2,25,8,19,27
144209,13,10,2,0,0,10,17,0,27,10,17,27
144218,13,10,2,0,2,18,42,2,60,18,44,62
144351,13,10,2,0,0,1,1,0,2,1,1,2
144564,13,10,2,0,0,5,5,0,10,5,5,10
144740,13,10,2,0,1,3,6,1,9,3,7,10
144865,13,10,2,3,4,100,179,7,279,103,183,286
144892,13,10,2,0,3,2,0,3,2,2,3,5
144944,13,10,2,1,0,36,39,1,75,37,39,76
144962,13,10,2,6,13,1,3,19,4,7,16,23
145336,13,10,2,1,2,8,4,3,12,9,6,15
145372,13,10,2,0,0,1,3,0,4,1,3,4
145521,13,10,2,0,0,2,2,0,4,2,2,4
145600,13,10,2,2,0,0,1,2,1,2,1,3
145619,13,10,2,0,0,0,1,0,1,0,1,1
145637,13,10,2,0,0,2,0,0,2,2,0,2
145682,13,10,2,1,0,15,17,1,32,16,17,33
145707,13,10,2,1,1,8,8,2,16,9,9,18
145813,13,10,2,0,0,1,1,0,2,1,1,2
145831,13,10,2,0,0,0,2,0,2,0,2,2
146205,13,10,2,0,0,20,16,0,36,20,16,36
146278,13,10,2,0,0,1,1,0,2,1,1,2
146296,13,10,2,0,0,29,29,0,58,29,29,58
146339,13,10,2,1,0,0,0,1,0,1,0,1
146348,13,10,2,0,0,6,11,0,17,6,11,17
146366,13,10,2,0,0,1,0,0,1,1,0,1
146418,13,10,2,0,0,2,9,0,11,2,9,11
146472,13,10,2,1,2,51,96,3,147,52,98,150
146506,13,10,2,0,0,1,6,0,7,1,6,7
146533,13,10,2,0,0,0,1,0,1,0,1,1
146603,13,10,2,1,0,9,12,1,21,10,12,22
146612,13,10,2,1,0,0,2,1,2,1,2,3
146685,13,10,2,0,2,10,26,2,36,10,28,38
146719,13,10,2,1,2,1,1,3,2,2,3,5
147004,13,10,2,0,1,35,61,1,96,35,62,97
147013,13,10,2,0,0,0,1,0,1,0,1,1
147129,13,10,2,0,0,0,1,0,1,0,1,1
147369,13,10,2,0,2,2,5,2,7,2,7,9
147378,13,10,2,0,0,16,28,0,44,16,28,44
147411,13,10,2,0,0,6,7,0,13,6,7,13
147536,13,10,2,0,0,0,10,0,10,0,10,10
147590,13,10,2,0,0,1,0,0,1,1,0,1
147660,13,10,2,0,0,1,1,0,2,1,1,2
147679,13,10,2,0,0,1,0,0,1,1,0,1
147776,13,10,2,2,2,9,9,4,18,11,11,22
147800,13,10,2,2,2,53,91,4,144,55,93,148
147828,13,10,2,1,0,0,0,1,0,1,0,1
147916,13,10,2,1,1,16,39,2,55,17,40,57
148007,13,10,2,0,1,20,23,1,43,20,24,44
148131,13,10,2,0,0,0,5,0,5,0,5,5
148256,13,10,2,0,1,1,3,1,4,1,4,5
148292,13,10,2,0,0,2,1,0,3,2,1,3
148380,13,10,2,2,0,14,17,2,31,16,17,33
148487,13,10,2,0,0,0,2,0,2,0,2,2
148627,13,10,2,0,0,0,1,0,1,0,1,1
148654,13,10,2,0,0,1,4,0,5,1,4,5
148672,13,10,2,0,0,5,3,0,8,5,3,8
148821,13,10,2,0,1,1,2,1,3,1,3,4
148876,13,10,2,0,0,0,3,0,3,0,3,3
148937,13,10,2,0,0,2,0,0,2,2,0,2
148991,13,10,2,0,0,2,2,0,4,2,2,4
149222,13,10,2,4,1,4,5,5,9,8,6,14
149231,13,10,2,0,1,1,2,1,3,1,3,4
149365,13,10,2,2,2,24,30,4,54,26,32,58
149532,13,10,2,0,2,57,42,2,99,57,44,101
149727,13,10,2,0,1,20,18,1,38,20,19,39
149772,13,10,2,0,1,1,4,1,5,1,5,6
149781,13,10,2,0,0,1,0,0,1,1,0,1
149842,13,10,2,0,4,23,28,4,51,23,32,55
150136,13,10,2,0,0,2,0,0,2,2,0,2
150172,13,10,2,0,0,0,1,0,1,0,1,1
150534,13,10,2,0,0,0,2,0,2,0,2,2
150604,13,10,2,0,0,4,5,0,9,4,5,9
150677,13,10,2,0,1,0,1,1,1,0,2,2
150941,13,10,2,1,0,0,1,1,1,1,1,2
150987,13,10,2,6,13,86,120,19,206,92,133,225
151111,13,10,2,0,0,3,17,0,20,3,17,20
151263,13,10,2,0,0,5,12,0,17,5,12,17
151306,13,10,2,0,0,1,1,0,2,1,1,2
151324,13,10,2,0,2,3,2,2,5,3,4,7
151333,13,10,2,0,0,0,1,0,1,0,1,1
151342,13,10,2,0,0,4,4,0,8,4,4,8
151351,13,10,2,0,0,2,4,0,6,2,4,6
151360,13,10,2,0,0,3,5,0,8,3,5,8
151379,13,10,2,0,0,0,4,0,4,0,4,4
151388,13,10,2,0,1,5,5,1,10,5,6,11
151661,13,10,2,1,0,0,0,1,0,1,0,1
152637,13,10,2,0,1,7,3,1,10,7,4,11
153214,13,10,2,3,1,10,16,4,26,13,17,30
153250,13,10,2,0,0,0,2,0,2,0,2,2
153269,13,10,2,0,1,0,0,1,0,0,1,1
153302,13,10,2,0,0,0,2,0,2,0,2,2
153311,13,10,2,0,0,1,3,0,4,1,3,4
153366,13,10,2,0,1,0,1,1,1,0,2,2
153445,13,10,2,0,0,0,2,0,2,0,2,2
153472,13,10,2,1,0,1,3,1,4,2,3,5
153524,13,10,2,0,0,2,0,0,2,2,0,2
153621,13,10,2,0,0,1,0,0,1,1,0,1
153630,13,10,2,0,0,1,0,0,1,1,0,1
153658,13,10,2,0,0,5,10,0,15,5,10,15
153737,13,10,2,1,1,1,8,2,9,2,9,11
154110,13,10,2,0,0,0,1,0,1,0,1,1
154235,13,10,2,0,0,1,0,0,1,1,0,1
154262,13,10,2,0,0,0,1,0,1,0,1,1
154493,13,10,2,0,0,1,3,0,4,1,3,4
154697,13,10,2,1,0,4,25,1,29,5,25,30
154712,13,10,2,0,0,1,0,0,1,1,0,1
154800,13,10,2,0,0,4,8,0,12,4,8,12
154907,13,10,2,0,0,1,2,0,3,1,2,3
154925,13,10,2,0,1,39,110,1,149,39,111,150
154934,13,10,2,0,0,5,23,0,28,5,23,28
154952,13,10,2,0,0,1,1,0,2,1,1,2
154998,13,10,2,0,0,2,7,0,9,2,7,9
155025,13,10,2,0,1,2,3,1,5,2,4,6
155089,13,10,2,0,0,0,5,0,5,0,5,5
155098,13,10,2,0,0,2,1,0,3,2,1,3
155104,13,10,2,0,0,4,1,0,5,4,1,5
155140,13,10,2,0,1,0,0,1,0,0,1,1
155195,13,10,2,0,0,4,4,0,8,4,4,8
155210,13,10,2,0,1,105,97,1,202,105,98,203
155292,13,10,2,1,3,35,53,4,88,36,56,92
155317,13,10,2,1,0,23,16,1,39,24,16,40
155399,13,10,2,0,0,1,1,0,2,1,1,2
155566,13,10,2,0,0,8,41,0,49,8,41,49
155618,13,10,2,0,0,4,2,0,6,4,2,6
155715,13,10,2,0,0,3,7,0,10,3,7,10
155812,13,10,2,0,0,3,0,0,3,3,0,3
155858,13,10,2,0,0,7,24,0,31,7,24,31
156082,13,10,2,0,0,3,2,0,5,3,2,5
156107,13,10,2,2,0,10,3,2,13,12,3,15
156125,13,10,2,3,0,9,7,3,16,12,7,19
156213,13,10,2,0,0,1,3,0,4,1,3,4
156231,13,10,2,0,0,1,4,0,5,1,4,5
156295,13,10,2,0,0,1,1,0,2,1,1,2
156338,13,10,2,3,0,3,1,3,4,6,1,7
156356,13,10,2,1,0,0,0,1,0,1,0,1
156392,13,10,2,1,0,14,7,1,21,15,7,22
156541,13,10,2,1,2,2,4,3,6,3,6,9
156620,13,10,2,2,1,4,12,3,16,6,13,19
156648,13,10,2,0,2,25,8,2,33,25,10,35
156790,13,10,2,0,2,38,11,2,49,38,13,51
156851,13,10,2,0,0,3,1,0,4,3,1,4
156860,13,10,2,2,1,1,0,3,1,3,1,4
156921,13,10,2,2,1,17,13,3,30,19,14,33
157030,13,10,2,0,0,1,1,0,2,1,1,2
157058,13,10,2,1,0,1,0,1,1,2,0,2
157076,13,10,2,0,0,4,2,0,6,4,2,6
157085,13,10,2,3,1,33,17,4,50,36,18,54
157216,13,10,2,0,0,1,1,0,2,1,1,2
157289,13,10,2,3,0,56,42,3,98,59,42,101
157304,13,10,2,1,1,14,3,2,17,15,4,19
157331,13,10,2,2,0,3,4,2,7,5,4,9
157386,13,10,2,1,2,13,4,3,17,14,6,20
157401,13,10,2,0,1,2,7,1,9,2,8,10
157438,13,10,2,0,0,4,1,0,5,4,1,5
157447,13,10,2,1,3,19,12,4,31,20,15,35
157483,13,10,2,1,0,16,10,1,26,17,10,27
157553,13,10,2,1,1,1,4,2,5,2,5,7
157711,13,10,2,2,2,9,10,4,19,11,12,23
157739,13,10,2,1,1,5,3,2,8,6,4,10
157757,13,10,2,0,0,0,1,0,1,0,1,1
157951,13,10,2,0,0,9,7,0,16,9,7,16
158662,13,10,2,10,8,32,39,18,71,42,47,89
158802,13,10,2,0,0,1,0,0,1,1,0,1
158884,13,10,2,0,0,2,8,0,10,2,8,10
159382,13,10,2,0,1,2,5,1,7,2,6,8
159391,13,10,2,4,2,1,2,6,3,5,4,9
159407,13,10,2,0,0,0,2,0,2,0,2,2
159647,13,10,2,0,0,2,1,0,3,2,1,3
159656,13,10,2,0,0,1,1,0,2,1,1,2
159717,13,10,2,0,0,2,3,0,5,2,3,5
159939,13,10,2,2,1,14,9,3,23,16,10,26
159993,13,10,2,0,0,4,4,0,8,4,4,8
160010,13,10,2,0,1,1,1,1,2,1,2,3
160579,13,10,2,5,2,0,1,7,1,5,3,8
160612,13,10,2,0,0,6,9,0,15,6,9,15
160621,13,10,2,0,0,1,1,0,2,1,1,2
160630,13,10,2,2,3,1,1,5,2,3,4,7
160649,13,10,2,9,5,0,1,14,1,9,6,15
160658,13,10,2,1,0,8,6,1,14,9,6,15
160667,13,10,2,2,1,4,1,3,5,6,2,8
160755,13,10,2,0,0,2,11,0,13,2,11,13
161077,13,10,2,0,0,1,3,0,4,1,3,4
161138,13,10,2,0,0,0,2,0,2,0,2,2
161192,13,10,2,0,0,1,1,0,2,1,1,2
161208,13,10,2,2,0,0,0,2,0,2,0,2
161217,13,10,2,0,0,24,26,0,50,24,26,50
161226,13,10,2,0,1,0,1,1,1,0,2,2
161235,13,10,2,0,0,0,5,0,5,0,5,5
161253,13,10,2,0,0,12,17,0,29,12,17,29
161299,13,10,2,0,0,0,1,0,1,0,1,1
161341,13,10,2,0,0,1,6,0,7,1,6,7
161457,13,10,2,0,0,0,1,0,1,0,1,1
161484,13,10,2,0,0,0,1,0,1,0,1,1
161545,13,10,2,0,0,7,5,0,12,7,5,12
161554,13,10,2,0,1,19,23,1,42,19,24,43
161572,13,10,2,0,1,0,0,1,0,0,1,1
161581,13,10,2,0,0,1,1,0,2,1,1,2
161688,13,10,2,0,1,2,3,1,5,2,4,6
161767,13,10,2,0,1,73,115,1,188,73,116,189
161864,13,10,2,0,0,9,20,0,29,9,20,29
161873,13,10,2,1,1,1,2,2,3,2,3,5
162104,13,10,2,0,1,3,3,1,6,3,4,7
162122,13,10,2,0,0,4,6,0,10,4,6,10
162168,13,10,2,0,0,0,1,0,1,0,1,1
162210,13,10,2,0,0,0,1,0,1,0,1,1
162283,13,10,2,0,2,2,7,2,9,2,9,11
162584,13,10,2,0,0,0,1,0,1,0,1,1
162690,13,10,2,0,0,2,4,0,6,2,4,6
162706,13,10,2,0,0,5,14,0,19,5,14,19
163204,13,10,2,6,2,67,106,8,173,73,108,181
163268,13,10,2,2,2,12,13,4,25,14,15,29
163286,13,10,2,0,0,11,9,0,20,11,9,20
163295,13,10,2,0,0,0,2,0,2,0,2,2
163338,13,10,2,0,0,3,0,0,3,3,0,3
163453,13,10,2,2,2,2,2,4,4,4,4,8
163578,13,10,2,0,0,0,1,0,1,0,1,1
163851,13,10,2,0,0,1,1,0,2,1,1,2
163912,13,10,2,0,0,1,1,0,2,1,1,2
164076,13,10,2,0,0,6,12,0,18,6,12,18
164216,13,10,2,0,0,0,1,0,1,0,1,1
164270,13,10,2,0,0,0,1,0,1,0,1,1
164313,13,10,2,0,0,2,0,0,2,2,0,2
164492,13,10,2,0,0,0,1,0,1,0,1,1
164632,13,10,2,0,1,0,1,1,1,0,2,2
164775,13,10,2,0,0,3,6,0,9,3,6,9
164872,13,10,2,0,0,0,1,0,1,0,1,1
164988,13,10,2,2,2,40,30,4,70,42,32,74
165024,13,10,2,1,0,4,4,1,8,5,4,9
165033,13,10,2,0,0,3,5,0,8,3,5,8
165112,13,10,2,0,0,4,5,0,9,4,5,9
165167,13,10,2,0,0,1,3,0,4,1,3,4
165194,13,10,2,0,1,5,7,1,12,5,8,13
165264,13,10,2,0,0,0,4,0,4,0,4,4
165334,13,10,2,0,0,1,0,0,1,1,0,1
165820,13,10,2,2,0,2,2,2,4,4,2,6
165866,13,10,2,1,0,2,1,1,3,3,1,4
165981,13,10,2,0,0,7,14,0,21,7,14,21
166027,13,10,2,0,0,18,13,0,31,18,13,31
166133,13,10,2,0,2,12,8,2,20,12,10,22
166391,13,10,2,0,0,1,1,0,2,1,1,2
166513,13,10,2,0,0,3,9,0,12,3,9,12
166629,13,10,2,0,0,7,10,0,17,7,10,17
166647,13,10,2,0,0,4,3,0,7,4,3,7
166674,13,10,2,0,0,3,1,0,4,3,1,4
166717,13,10,2,0,0,0,1,0,1,0,1,1
166823,13,10,2,0,0,4,6,0,10,4,6,10
166850,13,10,2,0,0,1,3,0,4,1,3,4
166887,13,10,2,0,0,14,12,0,26,14,12,26
166911,13,10,2,0,0,0,1,0,1,0,1,1
166957,13,10,2,0,2,2,5,2,7,2,7,9
167288,13,10,2,0,0,1,1,0,2,1,1,2
167312,13,10,2,1,0,2,2,1,4,3,2,5
167376,13,10,2,1,0,1,8,1,9,2,8,10
167534,13,10,2,0,0,2,1,0,3,2,1,3
167729,13,10,2,0,0,0,1,0,1,0,1,1
167905,13,10,2,0,0,11,8,0,19,11,8,19
167987,13,10,2,3,0,1,9,3,10,4,9,13
168227,13,10,2,0,1,0,0,1,0,0,1,1
168430,13,10,2,1,0,21,23,1,44,22,23,45
168607,13,10,2,0,0,1,2,0,3,1,2,3
168740,13,10,2,0,0,1,1,0,2,1,1,2
168786,13,10,2,0,0,2,1,0,3,2,1,3
168847,13,10,2,0,0,2,4,0,6,2,4,6
169248,13,10,2,0,0,3,4,0,7,3,4,7
169275,13,10,2,0,0,9,7,0,16,9,7,16
169521,13,10,2,0,1,7,9,1,16,7,10,17
169655,13,10,2,1,0,0,0,1,0,1,0,1
169798,13,10,2,0,2,6,5,2,11,6,7,13
169910,13,10,2,1,0,3,3,1,6,4,3,7
170000,13,10,2,1,9,1,4,10,5,2,13,15
170055,13,10,2,0,0,4,9,0,13,4,9,13
170082,13,10,2,1,1,2,1,2,3,3,2,5
170240,13,10,2,0,0,8,5,0,13,8,5,13
170286,13,10,2,1,0,0,0,1,0,1,0,1
170550,13,10,2,0,0,10,11,0,21,10,11,21
170587,13,10,2,0,0,7,14,0,21,7,14,21
170639,13,10,2,0,0,1,0,0,1,1,0,1
170657,13,10,2,0,1,8,9,1,17,8,10,18
170675,13,10,2,0,0,1,0,0,1,1,0,1
170790,13,10,2,0,1,11,19,1,30,11,20,31
170806,13,10,2,0,0,1,1,0,2,1,1,2
170976,13,10,2,0,0,1,3,0,4,1,3,4
171100,13,10,2,0,0,0,1,0,1,0,1,1
171137,13,10,2,0,0,5,2,0,7,5,2,7
171146,13,10,2,0,0,1,4,0,5,1,4,5
171155,13,10,2,0,0,2,1,0,3,2,1,3
171225,13,10,2,0,0,3,3,0,6,3,3,6
171304,13,10,2,0,0,6,10,0,16,6,10,16
171456,13,10,2,0,0,29,134,0,163,29,134,163
171483,13,10,2,0,1,8,3,1,11,8,4,12
171492,13,10,2,0,0,0,3,0,3,0,3,3
171571,13,10,2,0,0,6,5,0,11,6,5,11
172200,13,10,2,0,0,8,16,0,24,8,16,24
172291,13,10,2,0,0,2,3,0,5,2,3,5
172307,13,10,2,0,1,1,2,1,3,1,3,4
172617,13,10,2,6,4,63,54,10,117,69,58,127
172644,13,10,2,1,0,16,21,1,37,17,21,38
172699,13,10,2,0,0,1,0,0,1,1,0,1
173300,13,10,2,0,1,0,0,1,0,0,1,1
173452,13,10,2,0,0,5,1,0,6,5,1,6
173665,13,10,2,0,0,1,1,0,2,1,1,2
174066,13,10,2,4,4,196,153,8,349,200,157,357
174075,13,10,2,0,0,2,3,0,5,2,3,5
174127,13,10,2,1,0,0,0,1,0,1,0,1
174233,13,10,2,0,0,4,4,0,8,4,4,8
174251,13,10,2,0,0,0,2,0,2,0,2,2
174491,13,10,2,0,0,0,1,0,1,0,1,1
174747,13,10,2,0,0,0,1,0,1,0,1,1
174899,13,10,2,1,0,0,1,1,1,1,1,2
174914,13,10,2,0,0,0,1,0,1,0,1,1
175005,13,10,2,0,0,0,1,0,1,0,1,1
175120,13,10,2,1,2,0,0,3,0,1,2,3
175421,13,10,2,0,0,1,1,0,2,1,1,2
175573,13,10,2,1,0,2,5,1,7,3,5,8
175616,13,10,2,0,1,6,42,1,48,6,43,49
175786,13,10,2,1,5,2,13,6,15,3,18,21
175810,13,10,2,0,0,1,2,0,3,1,2,3
175829,13,10,2,1,0,1,3,1,4,2,3,5
175856,13,10,2,1,2,3,4,3,7,4,6,10
175883,13,10,2,0,1,3,3,1,6,3,4,7
175935,13,10,2,0,0,1,3,0,4,1,3,4
175980,13,10,2,0,0,1,0,0,1,1,0,1
176008,13,10,2,0,0,1,1,0,2,1,1,2
176017,13,10,2,1,1,7,12,2,19,8,13,21
176035,13,10,2,0,1,1,4,1,5,1,5,6
176053,13,10,2,0,1,1,1,1,2,1,2,3
176080,13,10,2,0,0,4,3,0,7,4,3,7
176178,13,10,2,1,0,19,27,1,46,20,27,47
176239,13,10,2,1,0,1,1,1,2,2,1,3
176372,13,10,2,0,1,6,4,1,10,6,5,11
176451,13,10,2,0,0,0,1,0,1,0,1,1
176479,13,10,2,0,0,0,1,0,1,0,1,1
176965,13,10,2,0,0,3,4,0,7,3,4,7
177135,13,10,2,0,0,1,3,0,4,1,3,4
177250,13,10,2,0,0,1,1,0,2,1,1,2
177302,13,10,2,4,0,0,0,4,0,4,0,4
177418,13,10,2,0,1,0,0,1,0,0,1,1
177472,13,10,2,0,1,2,2,1,4,2,3,5
177676,13,10,2,1,1,3,4,2,7,4,5,9
177940,13,10,2,0,0,0,1,0,1,0,1,1
177986,13,10,2,0,0,0,1,0,1,0,1,1
177995,13,10,2,1,1,32,35,2,67,33,36,69
178059,13,10,2,0,1,4,3,1,7,4,4,8
178217,13,10,2,0,1,1,0,1,1,1,1,2
178341,13,10,2,0,1,0,0,1,0,0,1,1
178387,13,10,2,1,0,1,3,1,4,2,3,5
178396,13,10,2,0,0,2,5,0,7,2,5,7
178402,13,10,2,1,2,3,3,3,6,4,5,9
178411,13,10,2,0,0,1,1,0,2,1,1,2
178420,13,10,2,2,1,5,4,3,9,7,5,12
178448,13,10,2,0,0,1,1,0,2,1,1,2
178615,13,10,2,0,0,3,3,0,6,3,3,6
178624,13,10,2,0,1,0,2,1,2,0,3,3
178679,13,10,2,0,0,2,0,0,2,2,0,2
178721,13,10,2,4,3,7,4,7,11,11,7,18
178891,13,10,2,0,0,1,0,0,1,1,0,1
179043,13,10,2,0,0,0,1,0,1,0,1,1
179308,13,10,2,3,3,31,39,6,70,34,42,76
179326,13,10,2,1,0,0,0,1,0,1,0,1
179344,13,10,2,0,0,2,3,0,5,2,3,5
179539,13,10,2,0,0,0,1,0,1,0,1,1
179557,13,10,2,0,0,6,3,0,9,6,3,9
179566,13,10,2,0,1,3,3,1,6,3,4,7
179645,13,10,2,0,0,2,0,0,2,2,0,2
179867,13,10,2,0,0,4,8,0,12,4,8,12
179894,13,10,2,0,0,3,1,0,4,3,1,4
180106,13,10,2,0,0,0,1,0,1,0,1,1
180151,13,10,2,0,0,0,2,0,2,0,2,2
180179,13,10,2,1,1,0,6,2,6,1,7,8
180197,13,10,2,2,1,10,47,3,57,12,48,60
180258,13,10,2,0,1,1,0,1,1,1,1,2
180276,13,10,2,0,0,0,2,0,2,0,2,2
180416,13,10,2,0,0,1,1,0,2,1,1,2
180461,13,10,2,1,0,2,5,1,7,3,5,8
180522,13,10,2,0,0,1,0,0,1,1,0,1
180647,13,10,2,1,2,1,15,3,16,2,17,19
180692,13,10,2,0,0,0,1,0,1,0,1,1
180814,13,10,2,11,7,22,7,18,29,33,14,47
180902,13,10,2,0,0,19,17,0,36,19,17,36
180948,13,10,2,0,0,3,2,0,5,3,2,5
181002,13,10,2,0,0,1,0,0,1,1,0,1
181020,13,10,2,0,0,0,1,0,1,0,1,1
181215,13,10,2,0,0,0,1,0,1,0,1,1
181303,13,10,2,1,0,14,15,1,29,15,15,30
181312,13,10,2,0,1,7,9,1,16,7,10,17
181330,13,10,2,0,1,0,0,1,0,0,1,1
181394,13,10,2,1,0,6,8,1,14,7,8,15
181446,13,10,2,0,0,0,1,0,1,0,1,1
181464,13,10,2,0,0,1,0,0,1,1,0,1
181491,13,10,2,0,0,15,3,0,18,15,3,18
181640,13,10,2,0,0,3,3,0,6,3,3,6
181738,13,10,2,0,0,1,2,0,3,1,2,3
181783,13,10,2,0,2,0,0,2,0,0,2,2
181817,13,10,2,0,0,3,6,0,9,3,6,9
182005,13,10,2,10,5,45,48,15,93,55,53,108
182281,13,10,2,3,3,12,10,6,22,15,13,28
182290,13,10,2,0,0,2,2,0,4,2,2,4
182306,13,10,2,0,1,3,8,1,11,3,9,12
182500,13,10,2,1,0,15,19,1,34,16,19,35
182564,13,10,2,1,0,18,13,1,31,19,13,32
183026,13,10,2,20,29,217,242,49,459,237,271,508
183044,13,10,2,0,0,1,0,0,1,1,0,1
183062,13,10,2,0,0,3,1,0,4,3,1,4
183071,13,10,2,0,0,0,1,0,1,0,1,1
183080,13,10,2,0,0,1,0,0,1,1,0,1
183257,13,10,2,0,0,0,1,0,1,0,1,1
183655,13,10,2,0,0,6,10,0,16,6,10,16
183743,13,10,2,4,2,23,27,6,50,27,29,56
183789,13,10,2,0,1,0,1,1,1,0,2,2
183822,13,10,2,0,0,1,0,0,1,1,0,1
183859,13,10,2,1,2,24,24,3,48,25,26,51
183910,13,10,2,0,0,0,2,0,2,0,2,2
183938,13,10,2,2,2,50,109,4,159,52,111,163
184180,13,10,2,1,1,19,18,2,37,20,19,39
184205,13,10,2,0,0,6,3,0,9,6,3,9
184481,13,10,2,0,0,11,21,0,32,11,21,32
184603,13,10,2,0,1,0,2,1,2,0,3,3
184612,13,10,2,0,0,0,1,0,1,0,1,1
184694,13,10,2,0,0,1,3,0,4,1,3,4
184773,13,10,2,0,1,0,1,1,1,0,2,2
184782,13,10,2,0,1,12,9,1,21,12,10,22
184791,13,10,2,1,1,5,4,2,9,6,5,11
184995,13,10,2,0,2,5,3,2,8,5,5,10
185262,13,10,2,1,2,1,2,3,3,2,4,6
185509,13,10,2,0,2,14,29,2,43,14,31,45
185536,13,10,2,0,0,5,11,0,16,5,11,16
185572,13,10,2,0,0,0,1,0,1,0,1,1
185590,13,10,2,2,1,4,15,3,19,6,16,22
185828,13,10,2,1,0,0,0,1,0,1,0,1
185873,13,10,2,1,1,10,9,2,19,11,10,21
186034,13,10,2,0,1,5,4,1,9,5,5,10
186201,13,10,2,0,0,7,11,0,18,7,11,18
186283,13,10,2,0,0,4,2,0,6,4,2,6
186371,13,10,2,0,1,2,3,1,5,2,4,6
186380,13,10,2,0,1,2,4,1,6,2,5,7
186399,13,10,2,3,3,5,3,6,8,8,6,14
186469,13,10,2,0,1,5,2,1,7,5,3,8
186584,13,10,2,0,0,8,7,0,15,8,7,15
186645,13,10,2,0,0,14,21,0,35,14,21,35
186876,13,10,2,0,3,2,3,3,5,2,6,8
187046,13,10,2,0,0,22,17,0,39,22,17,39
187134,13,10,2,0,0,1,0,0,1,1,0,1
187198,13,10,2,0,0,6,10,0,16,6,10,16
187444,13,10,2,0,0,2,3,0,5,2,3,5
187532,13,10,2,7,0,61,95,7,156,68,95,163
187620,13,10,2,1,1,7,12,2,19,8,13,21
187639,13,10,2,0,1,41,98,1,139,41,99,140
187648,13,10,2,0,2,14,24,2,38,14,26,40
187897,13,10,2,0,0,10,17,0,27,10,17,27
187958,13,10,2,0,0,3,6,0,9,3,6,9
187967,13,10,2,0,0,6,16,0,22,6,16,22
187976,13,10,2,0,0,3,2,0,5,3,2,5
187985,13,10,2,1,3,20,17,4,37,21,20,41
187994,13,10,2,0,0,6,3,0,9,6,3,9
188003,13,10,2,0,0,2,1,0,3,2,1,3
188021,13,10,2,0,0,0,1,0,1,0,1,1
188030,13,10,2,1,0,19,15,1,34,20,15,35
188049,13,10,2,0,0,3,4,0,7,3,4,7
188100,13,10,2,3,3,54,182,6,236,57,185,242
188137,13,10,2,2,1,118,158,3,276,120,159,279
188225,13,10,2,0,0,3,10,0,13,3,10,13
188261,13,10,2,1,0,7,4,1,11,8,4,12
188438,13,10,2,0,0,1,3,0,4,1,3,4
189228,13,10,2,1,1,1,2,2,3,2,3,5
189547,13,10,2,0,0,3,6,0,9,3,6,9
189565,13,10,2,1,0,0,0,1,0,1,0,1
189583,13,10,2,0,1,0,0,1,0,0,1,1
189592,13,10,2,0,1,0,0,1,0,0,1,1
189705,13,10,2,0,0,6,1,0,7,6,1,7
189839,13,10,2,0,0,6,0,0,6,6,0,6
190053,13,10,2,1,0,1,0,1,1,2,0,2
190169,13,10,2,0,0,2,2,0,4,2,2,4
190442,13,10,2,0,0,1,2,0,3,1,2,3
190503,13,10,2,1,0,0,0,1,0,1,0,1
190761,13,10,2,0,1,0,0,1,0,0,1,1
190840,13,10,2,1,1,2,2,2,4,3,3,6
191083,13,10,2,2,1,4,5,3,9,6,6,12
191126,13,10,2,0,0,2,15,0,17,2,15,17
191199,13,10,2,0,0,3,0,0,3,3,0,3
191241,13,10,2,0,0,1,1,0,2,1,1,2
191302,13,10,2,0,0,1,1,0,2,1,1,2
191339,13,10,2,0,0,2,2,0,4,2,2,4
191597,13,10,2,0,0,0,1,0,1,0,1,1
191612,13,10,2,0,0,1,1,0,2,1,1,2
191649,13,10,2,0,0,0,1,0,1,0,1,1
191676,13,10,2,0,0,1,0,0,1,1,0,1
191719,13,10,2,5,0,6,1,5,7,11,1,12
191986,13,10,2,0,0,0,1,0,1,0,1,1
192022,13,10,2,0,0,1,2,0,3,1,2,3
192192,13,10,2,0,0,0,1,0,1,0,1,1
192323,13,10,2,0,0,1,1,0,2,1,1,2
192448,13,10,2,0,1,0,0,1,0,0,1,1
192785,13,10,2,0,0,0,1,0,1,0,1,1
192819,13,10,2,0,0,1,0,0,1,1,0,1
193016,13,10,2,0,1,4,4,1,8,4,5,9
193283,13,10,2,0,0,0,2,0,2,0,2,2
193292,13,10,2,0,0,0,1,0,1,0,1,1
193326,13,10,2,1,2,1,3,3,4,2,5,7
193399,13,10,2,0,0,0,3,0,3,0,3,3
193478,13,10,2,1,0,3,9,1,12,4,9,13
193584,13,10,2,0,1,0,1,1,1,0,2,2
193900,13,10,2,0,1,1,1,1,2,1,2,3
193946,13,10,2,1,2,1,2,3,3,2,4,6
194028,13,10,2,0,0,2,0,0,2,2,0,2
194091,13,10,2,0,1,1,0,1,1,1,1,2
194116,13,10,2,0,0,0,2,0,2,0,2,2
194222,13,10,2,0,0,5,8,0,13,5,8,13
194240,13,10,2,1,0,2,1,1,3,3,1,4
194310,13,10,2,0,0,2,1,0,3,2,1,3
194392,13,10,2,0,0,0,1,0,1,0,1,1
194824,13,10,2,0,1,0,0,1,0,0,1,1
195003,13,10,2,0,0,0,2,0,2,0,2,2
195058,13,10,2,0,0,2,2,0,4,2,2,4
195067,13,10,2,0,1,0,0,1,0,0,1,1
195234,13,10,2,1,0,2,1,1,3,3,1,4
195322,13,10,2,0,1,5,10,1,15,5,11,16
195474,13,10,2,0,0,0,1,0,1,0,1,1
195544,13,10,2,0,0,1,1,0,2,1,1,2
195720,13,10,2,0,0,0,1,0,1,0,1,1
195988,13,10,2,1,0,1,1,1,2,2,1,3
196006,13,10,2,0,0,0,1,0,1,0,1,1
196015,13,10,2,0,0,2,2,0,4,2,2,4
196042,13,10,2,0,1,2,0,1,2,2,1,3
196051,13,10,2,0,1,0,0,1,0,0,1,1
196060,13,10,2,0,0,3,1,0,4,3,1,4
196079,13,10,2,0,0,1,1,0,2,1,1,2
196088,13,10,2,0,0,2,1,0,3,2,1,3
196121,13,10,2,0,0,2,1,0,3,2,1,3
196130,13,10,2,0,1,4,6,1,10,4,7,11
196158,13,10,2,0,0,1,1,0,2,1,1,2
196176,13,10,2,0,0,1,0,0,1,1,0,1
196185,13,10,2,0,0,1,0,0,1,1,0,1
196194,13,10,2,0,0,1,4,0,5,1,4,5
196219,13,10,2,0,1,2,0,1,2,2,1,3
196246,13,10,2,0,0,0,1,0,1,0,1,1
196264,13,10,2,5,9,9,38,14,47,14,47,61
196413,13,10,2,0,0,0,2,0,2,0,2,2
196565,13,10,2,0,0,2,7,0,9,2,7,9
196699,13,10,2,0,0,2,5,0,7,2,5,7
197045,13,10,2,0,0,1,0,0,1,1,0,1
197294,13,10,2,2,0,3,9,2,12,5,9,14
197814,13,10,2,0,0,1,7,0,8,1,7,8
197850,13,10,2,0,3,1,3,3,4,1,6,7
197869,13,10,2,0,0,1,0,0,1,1,0,1
197887,13,10,2,0,1,7,6,1,13,7,7,14
197966,13,10,2,0,0,3,1,0,4,3,1,4
198118,13,10,2,1,0,6,5,1,11,7,5,12
198136,13,10,2,1,0,0,1,1,1,1,1,2
198154,13,10,2,5,1,87,89,6,176,92,90,182
198206,13,10,2,0,0,1,4,0,5,1,4,5
198260,13,10,2,4,1,10,26,5,36,14,27,41
198330,13,10,2,0,1,1,4,1,5,1,5,6
198367,13,10,2,0,0,4,4,0,8,4,4,8
198455,13,10,2,0,0,8,5,0,13,8,5,13
198464,13,10,2,0,2,4,10,2,14,4,12,16
198507,13,10,2,2,1,1,1,3,2,3,2,5
198516,13,10,2,0,0,0,2,0,2,0,2,2
198534,13,10,2,8,4,8,12,12,20,16,16,32
198543,13,10,2,3,7,2,6,10,8,5,13,18
198552,13,10,2,2,2,6,14,4,20,8,16,24
198570,13,10,2,0,1,5,8,1,13,5,9,14
198622,13,10,2,1,3,6,8,4,14,7,11,18
198668,13,10,2,0,1,0,4,1,4,0,5,5
198710,13,10,2,0,0,0,4,0,4,0,4,4
198756,13,10,2,1,1,0,0,2,0,1,1,2
198808,13,10,2,0,0,1,0,0,1,1,0,1
198817,13,10,2,1,1,1,1,2,2,2,2,4
198835,13,10,2,0,0,0,1,0,1,0,1,1
198862,13,10,2,0,2,1,0,2,1,1,2,3
198905,13,10,2,0,0,2,1,0,3,2,1,3
198950,13,10,2,0,0,0,1,0,1,0,1,1
198969,13,10,2,0,0,1,2,0,3,1,2,3
198987,13,10,2,1,0,2,3,1,5,3,3,6
199087,13,10,2,0,0,0,3,0,3,0,3,3
199102,13,10,2,0,0,1,3,0,4,1,3,4
199111,13,10,2,0,0,5,18,0,23,5,18,23
199120,13,10,2,0,0,0,3,0,3,0,3,3
199139,13,10,2,0,0,2,0,0,2,2,0,2
199148,13,10,2,0,4,2,6,4,8,2,10,12
199157,13,10,2,1,1,0,4,2,4,1,5,6
199184,13,10,2,0,0,1,0,0,1,1,0,1
199193,13,10,2,0,0,4,4,0,8,4,4,8
199218,13,10,2,0,2,2,4,2,6,2,6,8
199272,13,10,2,0,0,1,0,0,1,1,0,1
199281,13,10,2,1,2,0,6,3,6,1,8,9
199324,13,10,2,0,0,6,3,0,9,6,3,9
199494,13,10,2,0,0,4,6,0,10,4,6,10
199607,13,10,2,0,0,0,1,0,1,0,1,1
199625,13,10,2,0,1,0,2,1,2,0,3,3
199731,13,10,2,0,2,3,5,2,8,3,7,10
199740,13,10,2,0,0,1,5,0,6,1,5,6
199759,13,10,2,2,0,1,0,2,1,3,0,3
199768,13,10,2,0,0,0,2,0,2,0,2,2
199795,13,10,2,0,0,0,1,0,1,0,1,1
199856,13,10,2,1,1,13,11,2,24,14,12,26
199883,13,10,2,0,1,0,0,1,0,0,1,1
199908,13,10,2,1,0,0,5,1,5,1,5,6
199926,13,10,2,0,0,0,1,0,1,0,1,1
199971,13,10,2,0,1,0,0,1,0,0,1,1
200004,13,10,2,0,0,1,2,0,3,1,2,3
200013,13,10,2,0,0,1,1,0,2,1,1,2
200022,13,10,2,0,0,4,2,0,6,4,2,6
200059,13,10,2,0,0,1,1,0,2,1,1,2
200086,13,10,2,0,0,0,1,0,1,0,1,1
200192,13,10,2,0,0,10,0,0,10,10,0,10
200217,13,10,2,0,0,0,1,0,1,0,1,1
200280,13,10,2,0,0,2,1,0,3,2,1,3
200305,13,10,2,0,0,15,0,0,15,15,0,15
200314,13,10,2,0,0,5,0,0,5,5,0,5
200332,13,10,2,0,0,1,1,0,2,1,1,2
200572,13,10,2,0,0,1,1,0,2,1,1,2
200800,13,10,2,0,0,6,16,0,22,6,16,22
200846,13,10,2,1,0,0,1,1,1,1,1,2
201283,13,10,2,1,0,0,0,1,0,1,0,1
201441,13,10,2,0,0,1,1,0,2,1,1,2
201645,13,10,2,0,0,15,11,0,26,15,11,26
201885,13,10,2,2,1,5,6,3,11,7,7,14
201946,13,10,2,0,0,1,3,0,4,1,3,4
201964,13,10,2,4,2,4,4,6,8,8,6,14
202222,13,10,2,1,0,7,11,1,18,8,11,19
202356,13,10,2,2,3,72,115,5,187,74,118,192
202480,13,10,2,0,0,5,10,0,15,5,10,15
202523,13,10,2,0,0,1,1,0,2,1,1,2
202648,13,10,2,0,1,3,4,1,7,3,5,8
202763,13,10,2,0,1,0,0,1,0,0,1,1
203128,13,10,2,0,0,0,1,0,1,0,1,1
203289,13,10,2,1,1,0,0,2,0,1,1,2
203447,13,10,2,0,0,0,1,0,1,0,1,1
203456,13,10,2,0,0,0,1,0,1,0,1,1
203465,13,10,2,0,0,3,1,0,4,3,1,4
203474,13,10,2,0,0,0,1,0,1,0,1,1
203492,13,10,2,0,0,0,1,0,1,0,1,1
203517,13,10,2,0,1,6,6,1,12,6,7,13
203544,13,10,2,0,0,0,1,0,1,0,1,1
203580,13,10,2,0,1,2,0,1,2,2,1,3
203599,13,10,2,0,0,4,8,0,12,4,8,12
203678,13,10,2,0,0,1,2,0,3,1,2,3
203748,13,10,2,2,2,6,11,4,17,8,13,21
203757,13,10,2,0,0,2,1,0,3,2,1,3
203775,13,10,2,0,0,1,0,0,1,1,0,1
203881,13,10,2,1,0,8,1,1,9,9,1,10
203960,13,10,2,0,0,0,1,0,1,0,1,1
204015,13,10,2,0,0,1,0,0,1,1,0,1
204024,13,10,2,0,0,4,1,0,5,4,1,5
204194,13,10,2,0,1,0,0,1,0,0,1,1
204200,13,10,2,0,1,0,3,1,3,0,4,4
204255,13,10,2,0,0,0,2,0,2,0,2,2
204422,13,10,2,0,0,1,0,0,1,1,0,1
204468,13,10,2,0,0,0,2,0,2,0,2,2
204680,13,10,2,0,0,1,0,0,1,1,0,1
204699,13,10,2,0,0,0,1,0,1,0,1,1
204705,13,10,2,0,0,1,1,0,2,1,1,2
204796,13,10,2,1,1,9,3,2,12,10,4,14
204848,13,10,2,0,0,1,0,0,1,1,0,1
204857,13,10,2,0,0,0,1,0,1,0,1,1
204936,13,10,2,0,0,0,1,0,1,0,1,1
204945,13,10,2,0,1,8,0,1,8,8,1,9
205443,13,10,2,0,0,6,5,0,11,6,5,11
205470,13,10,2,1,2,35,11,3,46,36,13,49
205841,13,10,2,1,0,8,5,1,13,9,5,14
206011,13,10,2,0,0,1,1,0,2,1,1,2
206279,13,10,2,0,0,1,0,0,1,1,0,1
206507,13,10,2,1,0,0,0,1,0,1,0,1
206525,13,10,2,1,0,1,2,1,3,2,2,4
206604,13,10,2,0,0,1,0,0,1,1,0,1
206613,13,10,2,0,0,1,0,0,1,1,0,1
206622,13,10,2,0,0,2,4,0,6,2,4,6
206695,13,10,2,1,1,4,5,2,9,5,6,11
206914,13,10,2,1,3,3,10,4,13,4,13,17
206996,13,10,2,1,1,0,0,2,0,1,1,2
207041,13,10,2,1,0,1,1,1,2,2,1,3
207050,13,10,2,0,0,3,9,0,12,3,9,12
207069,13,10,2,0,0,1,0,0,1,1,0,1
207209,13,10,2,0,0,2,1,0,3,2,1,3
207236,13,10,2,0,1,0,3,1,3,0,4,4
207263,13,10,2,0,1,5,8,1,13,5,9,14
207281,13,10,2,0,0,1,4,0,5,1,4,5
207290,13,10,2,0,1,2,2,1,4,2,3,5
207306,13,10,2,0,0,1,0,0,1,1,0,1
207351,13,10,2,0,1,4,2,1,6,4,3,7
207388,13,10,2,1,2,2,3,3,5,3,5,8
207500,13,10,2,0,0,5,3,0,8,5,3,8
207564,13,10,2,0,0,2,0,0,2,2,0,2
207582,13,10,2,0,4,3,6,4,9,3,10,13
207661,13,10,2,0,0,2,1,0,3,2,1,3
207670,13,10,2,0,0,3,6,0,9,3,6,9
207740,13,10,2,0,0,0,3,0,3,0,3,3
207847,13,10,2,0,3,1,3,3,4,1,6,7
207865,13,10,2,0,0,1,1,0,2,1,1,2
207935,13,10,2,0,2,24,25,2,49,24,27,51
207971,13,10,2,0,0,1,1,0,2,1,1,2
208275,13,10,2,0,1,2,0,1,2,2,1,3
208318,13,10,2,0,1,8,6,1,14,8,7,15
208390,13,10,2,3,2,12,15,5,27,15,17,32
208406,13,10,2,5,0,16,6,5,22,21,6,27
208415,13,10,2,0,0,1,8,0,9,1,8,9
208646,13,10,2,0,2,1,4,2,5,1,6,7
208822,13,10,2,0,0,1,1,0,2,1,1,2
209038,13,10,2,1,1,16,9,2,25,17,10,27
209074,13,10,2,0,1,4,3,1,7,4,4,8
209250,13,10,2,1,1,4,10,2,14,5,11,16
209506,13,10,2,0,1,4,0,1,4,4,1,5
209542,13,10,2,2,1,8,8,3,16,10,9,19
209551,13,10,2,0,0,3,2,0,5,3,2,5
209746,13,10,2,10,4,60,95,14,155,70,99,169
209807,13,10,2,1,1,15,11,2,26,16,12,28
210234,13,10,2,1,0,1,5,1,6,2,5,7
210270,13,10,2,0,2,3,6,2,9,3,8,11
210401,13,10,2,0,0,2,1,0,3,2,1,3
210429,13,10,2,0,1,2,3,1,5,2,4,6
210605,13,10,2,0,0,31,32,0,63,31,32,63
210739,13,10,2,0,0,0,1,0,1,0,1,1
210775,13,10,2,0,0,2,3,0,5,2,3,5
211088,13,10,2,0,0,1,2,0,3,1,2,3
211307,13,10,2,0,2,22,18,2,40,22,20,42
211343,13,10,2,0,0,4,5,0,9,4,5,9
211431,13,10,2,0,0,0,1,0,1,0,1,1
211583,13,10,2,0,0,0,1,0,1,0,1,1
211608,13,10,2,0,1,2,0,1,2,2,1,3
211927,13,10,2,0,1,12,8,1,20,12,9,21
212054,13,10,2,0,2,1,4,2,5,1,6,7
212106,13,10,2,0,0,1,0,0,1,1,0,1
212115,13,10,2,1,1,7,6,2,13,8,7,15
212133,13,10,2,0,0,0,6,0,6,0,6,6
212601,13,10,2,1,0,0,0,1,0,1,0,1
212869,13,10,2,0,3,0,2,3,2,0,5,5
212878,13,10,2,3,0,12,13,3,25,15,13,28
213011,13,10,2,0,0,0,3,0,3,0,3,3
213020,13,10,2,0,0,4,3,0,7,4,3,7
213321,13,10,2,0,0,0,1,0,1,0,1,1
213349,13,10,2,0,0,6,10,0,16,6,10,16
213376,13,10,2,0,1,0,1,1,1,0,2,2
213507,13,10,2,0,0,5,3,0,8,5,3,8
213525,13,10,2,1,1,6,11,2,17,7,12,19
213570,13,10,2,1,1,0,0,2,0,1,1,2
213598,13,10,2,0,0,1,3,0,4,1,3,4
213659,13,10,2,0,0,5,7,0,12,5,7,12
214041,13,10,2,0,0,1,1,0,2,1,1,2
214111,13,10,2,0,0,24,24,0,48,24,24,48
214379,13,10,2,1,3,21,21,4,42,22,24,46
214652,13,10,2,0,0,1,0,0,1,1,0,1
214689,13,10,2,0,0,2,0,0,2,2,0,2
214704,13,10,2,0,0,2,0,0,2,2,0,2
214731,13,10,2,0,0,2,1,0,3,2,1,3
214777,13,10,2,0,0,1,1,0,2,1,1,2
214786,13,10,2,0,0,0,1,0,1,0,1,1
214795,13,10,2,0,0,1,0,0,1,1,0,1
214810,13,10,2,0,0,1,0,0,1,1,0,1
214883,13,10,2,0,0,0,5,0,5,0,5,5
215062,13,10,2,0,0,33,18,0,51,33,18,51
215239,13,10,2,1,3,15,26,4,41,16,29,45
215293,13,10,2,0,1,2,4,1,6,2,5,7
215585,13,10,2,0,0,1,3,0,4,1,3,4
215743,13,10,2,0,0,1,0,0,1,1,0,1
215798,13,10,2,1,0,1,0,1,1,2,0,2
215929,13,10,2,0,0,0,1,0,1,0,1,1
216010,13,10,2,0,1,3,0,1,3,3,1,4
216038,13,10,2,1,0,1,6,1,7,2,6,8
216339,13,10,2,0,1,5,5,1,10,5,6,11
216357,13,10,2,0,0,1,4,0,5,1,4,5
216542,13,10,2,0,0,1,0,0,1,1,0,1
216579,13,10,2,0,1,0,0,1,0,0,1,1
216597,13,10,2,0,0,2,1,0,3,2,1,3
216764,13,10,2,4,0,24,14,4,38,28,14,42
216825,13,10,2,1,1,4,0,2,4,5,1,6
216852,13,10,2,0,0,2,2,0,4,2,2,4
217013,13,10,2,0,1,0,1,1,1,0,2,2
217059,13,10,2,0,0,1,0,0,1,1,0,1
217235,13,10,2,0,0,1,0,0,1,1,0,1
217323,13,10,2,3,0,0,0,3,0,3,0,3
217402,13,10,2,0,0,5,2,0,7,5,2,7
217420,13,10,2,2,0,2,0,2,2,4,0,4
217518,13,10,2,0,0,1,3,0,4,1,3,4
217712,13,10,2,0,2,3,7,2,10,3,9,12
217749,13,10,2,0,0,0,1,0,1,0,1,1
217819,13,10,2,2,2,26,27,4,53,28,29,57
217864,13,10,2,0,0,2,2,0,4,2,2,4
217873,13,10,2,0,0,1,0,0,1,1,0,1
217882,13,10,2,1,1,2,2,2,4,3,3,6
217891,13,10,2,0,3,0,1,3,1,0,4,4
217925,13,10,2,0,0,2,2,0,4,2,2,4
217989,13,10,2,0,1,0,0,1,0,0,1,1
218025,13,10,2,1,1,2,11,2,13,3,12,15
218061,13,10,2,0,1,10,24,1,34,10,25,35
218113,13,10,2,2,3,12,19,5,31,14,22,36
218140,13,10,2,2,7,6,10,9,16,8,17,25
218229,13,10,2,0,1,3,6,1,9,3,7,10
218353,13,10,2,1,0,6,9,1,15,7,9,16
218399,13,10,2,1,1,0,0,2,0,1,1,2
218487,13,10,2,1,0,1,7,1,8,2,7,9
218520,13,10,2,2,0,7,10,2,17,9,10,19
218645,13,10,2,0,2,2,4,2,6,2,6,8
218654,13,10,2,0,1,5,3,1,8,5,4,9
218663,13,10,2,1,1,25,19,2,44,26,20,46
218672,13,10,2,0,0,6,39,0,45,6,39,45
218681,13,10,2,0,0,8,34,0,42,8,34,42
218690,13,10,2,0,0,2,2,0,4,2,2,4
218706,13,10,2,0,0,1,1,0,2,1,1,2
218724,13,10,2,1,0,10,8,1,18,11,8,19
218733,13,10,2,1,0,0,3,1,3,1,3,4
218742,13,10,2,1,1,2,7,2,9,3,8,11
218821,13,10,2,1,1,1,0,2,1,2,1,3
218830,13,10,2,1,0,7,6,1,13,8,6,14
218885,13,10,2,0,0,4,4,0,8,4,4,8
218991,13,10,2,0,2,2,3,2,5,2,5,7
219082,13,10,2,0,0,2,2,0,4,2,2,4
219189,13,10,2,0,0,3,0,0,3,3,0,3
219204,13,10,2,0,0,4,6,0,10,4,6,10
219259,13,10,2,0,1,1,0,1,1,1,1,2
219277,13,10,2,1,2,2,8,3,10,3,10,13
219426,13,10,2,1,1,0,0,2,0,1,1,2
219471,13,10,2,0,0,1,3,0,4,1,3,4
219480,13,10,2,1,0,0,0,1,0,1,0,1
219602,13,10,2,0,3,4,6,3,10,4,9,13
219824,13,10,2,1,0,7,5,1,12,8,5,13
219833,13,10,2,0,0,1,0,0,1,1,0,1
219888,13,10,2,0,0,1,9,0,10,1,9,10
219994,13,10,2,2,0,0,0,2,0,2,0,2
220057,13,10,2,0,1,0,1,1,1,0,2,2
220075,13,10,2,2,1,7,4,3,11,9,5,14
220127,13,10,2,0,0,0,1,0,1,0,1,1
220215,13,10,2,0,0,1,0,0,1,1,0,1
220279,13,10,2,1,0,1,0,1,1,2,0,2
220321,13,10,2,0,0,1,0,0,1,1,0,1
220394,13,10,2,1,0,0,0,1,0,1,0,1
220400,13,10,2,0,1,3,1,1,4,3,2,5
220473,13,10,2,0,0,0,1,0,1,0,1,1
220516,13,10,2,0,3,0,0,3,0,0,3,3
220604,13,10,2,0,2,1,0,2,1,1,2,3
220862,13,10,2,0,2,8,9,2,17,8,11,19
220978,13,10,2,3,3,11,5,6,16,14,8,22
221050,13,10,2,2,0,1,0,2,1,3,0,3
221096,13,10,2,0,1,1,5,1,6,1,6,7
221184,13,10,2,0,0,6,8,0,14,6,8,14
221333,13,10,2,0,0,1,0,0,1,1,0,1
221397,13,10,2,1,0,2,3,1,5,3,3,6
221430,13,10,2,1,0,1,2,1,3,2,2,4
221485,13,10,2,1,0,7,7,1,14,8,7,15
221582,13,10,2,0,0,2,1,0,3,2,1,3
221607,13,10,2,1,0,2,0,1,2,3,0,3
221643,13,10,2,1,1,7,7,2,14,8,8,16
221740,13,10,2,0,2,3,10,2,13,3,12,15
221759,13,10,2,1,0,8,6,1,14,9,6,15
221768,13,10,2,0,1,3,3,1,6,3,4,7
221838,13,10,2,0,1,4,4,1,8,4,5,9
221847,13,10,2,1,1,3,0,2,3,4,1,5
221908,13,10,2,1,0,2,5,1,7,3,5,8
222053,13,10,2,1,1,3,9,2,12,4,10,14
222062,13,10,2,0,0,3,4,0,7,3,4,7
222576,13,10,2,3,1,5,8,4,13,8,9,17
222822,13,10,2,2,0,3,0,2,3,5,0,5
222831,13,10,2,0,0,3,2,0,5,3,2,5
222992,13,10,2,2,2,60,60,4,120,62,62,124
223506,13,10,2,0,0,8,0,0,8,8,0,8
223816,13,10,2,2,1,8,11,3,19,10,12,22
224147,13,10,2,0,0,0,5,0,5,0,5,5
224527,13,10,2,0,0,1,1,0,2,1,1,2
224554,13,10,2,1,1,4,7,2,11,5,8,13
224615,13,10,2,2,3,190,331,5,521,192,334,526
224642,13,10,2,4,1,7,11,5,18,11,12,23
224961,13,10,2,0,0,3,6,0,9,3,6,9
225399,13,10,2,0,0,2,1,0,3,2,1,3
225414,13,10,2,2,1,0,1,3,1,2,2,4
225432,13,10,2,2,3,4,14,5,18,6,17,23
225548,13,10,2,0,0,2,0,0,2,2,0,2
225885,13,10,2,1,0,1,1,1,2,2,1,3
226116,13,10,2,1,0,1,2,1,3,2,2,4
226134,13,10,2,0,0,7,16,0,23,7,16,23
226204,13,10,2,2,0,30,54,2,84,32,54,86
226277,13,10,2,1,0,0,0,1,0,1,0,1
226383,13,10,2,1,0,1,2,1,3,2,2,4
226408,13,10,2,0,0,1,3,0,4,1,3,4
226471,13,10,2,0,0,1,2,0,3,1,2,3
226578,13,10,2,0,0,7,6,0,13,7,6,13
227146,13,10,2,0,2,0,2,2,2,0,4,4
227182,13,10,2,5,1,61,56,6,117,66,57,123
227216,13,10,2,0,1,9,5,1,14,9,6,15
227368,13,10,2,0,0,2,3,0,5,2,3,5
227377,13,10,2,0,0,2,0,0,2,2,0,2
227386,13,10,2,0,1,0,0,1,0,0,1,1
227401,13,10,2,1,0,1,5,1,6,2,5,7
227526,13,10,2,1,0,1,3,1,4,2,3,5
227863,13,10,2,0,0,1,1,0,2,1,1,2
227881,13,10,2,1,0,2,2,1,4,3,2,5
227979,13,10,2,5,1,18,12,6,30,23,13,36
228042,13,10,2,0,1,0,0,1,0,0,1,1
228158,13,10,2,1,0,6,2,1,8,7,2,9
228431,13,10,2,0,1,2,3,1,5,2,4,6
228459,13,10,2,1,0,3,3,1,6,4,3,7
228501,13,10,2,0,1,0,2,1,2,0,3,3
228529,13,10,2,1,2,1,3,3,4,2,5,7
228547,13,10,2,6,1,68,85,7,153,74,86,160
228644,13,10,2,1,0,0,0,1,0,1,0,1
228699,13,10,2,0,0,1,4,0,5,1,4,5
228705,13,10,2,0,0,0,1,0,1,0,1,1
228723,13,10,2,1,2,0,1,3,1,1,3,4
228769,13,10,2,5,1,8,14,6,22,13,15,28
228778,13,10,2,0,0,6,3,0,9,6,3,9
228787,13,10,2,0,1,1,2,1,3,1,3,4
228796,13,10,2,0,0,3,2,0,5,3,2,5
228802,13,10,2,1,0,0,0,1,0,1,0,1
228875,13,10,2,0,0,1,0,0,1,1,0,1
229018,13,10,2,1,2,0,3,3,3,1,5,6
229027,13,10,2,0,2,14,3,2,17,14,5,19
229063,13,10,2,1,1,0,1,2,1,1,2,3
229115,13,10,2,1,0,7,3,1,10,8,3,11
229179,13,10,2,0,2,1,8,2,9,1,10,11
229355,13,10,2,0,0,10,13,0,23,10,13,23
229504,13,10,2,0,0,1,0,0,1,1,0,1
229780,13,10,2,2,1,4,1,3,5,6,2,8
229799,13,10,2,0,0,0,6,0,6,0,6,6
229814,13,10,2,1,1,3,2,2,5,4,3,7
229887,13,10,2,1,1,1,0,2,1,2,1,3
230038,13,10,2,0,0,1,4,0,5,1,4,5
230162,13,10,2,0,0,1,0,0,1,1,0,1
230171,13,10,2,2,2,12,12,4,24,14,14,28
230597,13,10,2,1,0,10,5,1,15,11,5,16
230603,13,10,2,2,0,12,13,2,25,14,13,27
230676,13,10,2,2,0,1,3,2,4,3,3,6
230728,13,10,2,1,0,5,4,1,9,6,4,10
230746,13,10,2,2,0,87,73,2,160,89,73,162
230764,13,10,2,1,1,84,80,2,164,85,81,166
230782,13,10,2,1,1,24,24,2,48,25,25,50
230816,13,10,2,0,0,2,0,0,2,2,0,2
230834,13,10,2,0,0,0,4,0,4,0,4,4
230852,13,10,2,0,1,2,4,1,6,2,5,7
230861,13,10,2,0,0,7,7,0,14,7,7,14
230913,13,10,2,0,0,6,3,0,9,6,3,9
231165,13,10,2,0,0,1,0,0,1,1,0,1
231174,13,10,2,0,0,17,15,0,32,17,15,32
231420,13,10,2,0,1,2,3,1,5,2,4,6
231536,13,10,2,0,0,6,0,0,6,6,0,6
231624,13,10,2,0,0,2,2,0,4,2,2,4
231697,13,10,2,0,0,2,8,0,10,2,8,10
231712,13,10,2,0,0,1,1,0,2,1,1,2
231785,13,10,2,0,1,0,0,1,0,0,1,1
231882,13,10,2,1,1,3,2,2,5,4,3,7
232025,13,10,2,0,0,1,0,0,1,1,0,1
232052,13,10,2,0,0,2,0,0,2,2,0,2
232186,13,10,2,0,1,12,18,1,30,12,19,31
232195,13,10,2,0,0,5,8,0,13,5,8,13
232414,13,10,2,0,1,7,16,1,23,7,17,24
232450,13,10,2,0,0,7,8,0,15,7,8,15
232557,13,10,2,28,43,107,115,71,222,135,158,293
232575,13,10,2,0,1,2,6,1,8,2,7,9
232609,13,10,2,0,0,2,0,0,2,2,0,2
232706,13,10,2,1,0,0,0,1,0,1,0,1
232788,13,10,2,0,1,1,1,1,2,1,2,3
232867,13,10,2,1,0,3,3,1,6,4,3,7
232946,13,10,2,3,4,115,153,7,268,118,157,275
232982,13,10,2,1,2,0,9,3,9,1,11,12
233019,13,10,2,0,0,0,1,0,1,0,1,1
233037,13,10,2,1,0,1,3,1,4,2,3,5
233116,13,10,2,1,2,5,9,3,14,6,11,17
233277,13,10,2,0,1,0,1,1,1,0,2,2
233310,13,10,2,0,0,2,3,0,5,2,3,5
233338,13,10,2,0,0,1,3,0,4,1,3,4
233426,13,10,2,0,0,2,0,0,2,2,0,2
233639,13,10,2,0,0,5,14,0,19,5,14,19
233648,13,10,2,0,3,3,2,3,5,3,5,8
233754,13,10,2,2,0,6,5,2,11,8,5,13
233772,13,10,2,3,3,25,54,6,79,28,57,85
233903,13,10,2,0,0,4,1,0,5,4,1,5
233921,13,10,2,1,0,0,1,1,1,1,1,2
233949,13,10,2,0,0,6,9,0,15,6,9,15
234030,13,10,2,1,0,7,11,1,18,8,11,19
234076,13,10,2,0,0,16,14,0,30,16,14,30
234155,13,10,2,0,1,0,2,1,2,0,3,3
234377,13,10,2,0,0,7,1,0,8,7,1,8
234669,13,10,2,1,3,14,8,4,22,15,11,26
234696,13,10,2,3,0,2,2,3,4,5,2,7
234711,13,10,2,0,1,2,0,1,2,2,1,3
234827,13,10,2,0,2,3,2,2,5,3,4,7
234845,13,10,2,1,2,35,65,3,100,36,67,103
234933,13,10,2,2,0,18,26,2,44,20,26,46
234951,13,10,2,4,1,9,19,5,28,13,20,33
234979,13,10,2,3,0,60,43,3,103,63,43,106
235024,13,10,2,0,0,0,1,0,1,0,1,1
235097,13,10,2,0,1,0,0,1,0,0,1,1
235103,13,10,2,6,4,18,20,10,38,24,24,48
235149,13,10,2,2,3,12,13,5,25,14,16,30
235237,13,10,2,0,2,14,44,2,58,14,46,60
235316,13,10,2,0,0,0,1,0,1,0,1,1
235334,13,10,2,1,1,3,5,2,8,4,6,10
235343,13,10,2,1,1,18,29,2,47,19,30,49
235431,13,10,2,0,0,3,8,0,11,3,8,11
235547,13,10,2,0,0,0,1,0,1,0,1,1
235671,13,10,2,2,12,7,12,14,19,9,24,33
235699,13,10,2,1,2,5,40,3,45,6,42,48
235750,13,10,2,1,2,4,10,3,14,5,12,17
236072,13,10,2,2,2,16,33,4,49,18,35,53
236188,13,10,2,1,3,11,17,4,28,12,20,32
236258,13,10,2,2,2,29,44,4,73,31,46,77
236382,13,10,2,3,2,4,1,5,5,7,3,10
236504,13,10,2,1,1,2,5,2,7,3,6,9
236513,13,10,2,0,0,7,2,0,9,7,2,9
236577,13,10,2,0,0,3,0,0,3,3,0,3
236610,13,10,2,1,1,7,5,2,12,8,6,14
236638,13,10,2,1,3,5,5,4,10,6,8,14
236656,13,10,2,5,1,2,4,6,6,7,5,12
236692,13,10,2,5,3,68,241,8,309,73,244,317
236708,13,10,2,2,2,7,13,4,20,9,15,24
236753,13,10,2,1,3,5,11,4,16,6,14,20
236887,13,10,2,2,1,19,4,3,23,21,5,26
236896,13,10,2,0,1,1,0,1,1,1,1,2
236939,13,10,2,0,1,6,6,1,12,6,7,13
236975,13,10,2,0,0,2,5,0,7,2,5,7
237011,13,10,2,0,0,7,6,0,13,7,6,13
237039,13,10,2,0,0,7,9,0,16,7,9,16
237109,13,10,2,0,0,6,5,0,11,6,5,11
237312,13,10,2,2,0,0,0,2,0,2,0,2
237330,13,10,2,0,1,0,2,1,2,0,3,3
237367,13,10,2,0,0,0,1,0,1,0,1,1
237385,13,10,2,0,0,3,1,0,4,3,1,4
237525,13,10,2,0,0,6,8,0,14,6,8,14
237686,13,10,2,0,0,0,2,0,2,0,2,2
237792,13,10,2,0,0,1,3,0,4,1,3,4
237817,13,10,2,0,1,0,1,1,1,0,2,2
237899,13,10,2,0,1,1,6,1,7,1,7,8
237950,13,10,2,0,0,0,1,0,1,0,1,1
238014,13,10,2,0,0,0,2,0,2,0,2,2
238032,13,10,2,0,0,0,3,0,3,0,3,3
238193,13,10,2,0,0,0,1,0,1,0,1,1
238263,13,10,2,0,0,5,7,0,12,5,7,12
238397,13,10,2,0,0,2,0,0,2,2,0,2
238458,13,10,2,0,0,1,1,0,2,1,1,2
238722,13,10,2,3,1,13,5,4,18,16,6,22
238759,13,10,2,0,0,4,8,0,12,4,8,12
239008,13,10,2,0,0,3,1,0,4,3,1,4
239071,13,10,2,0,0,2,2,0,4,2,2,4
239105,13,10,2,0,0,0,1,0,1,0,1,1
239248,13,10,2,5,1,16,21,6,37,21,22,43
239309,13,10,2,0,0,0,1,0,1,0,1,1
239372,13,10,2,1,1,1,0,2,1,2,1,3
239442,13,10,2,0,0,1,2,0,3,1,2,3
239488,13,10,2,2,0,10,6,2,16,12,6,18
240107,13,10,2,0,1,0,1,1,1,0,2,2
240170,13,10,2,0,0,5,3,0,8,5,3,8
240189,13,10,2,0,0,2,1,0,3,2,1,3
240198,13,10,2,1,0,0,0,1,0,1,0,1
240268,13,10,2,0,0,0,1,0,1,0,1,1
240277,13,10,2,0,0,3,1,0,4,3,1,4
240365,13,10,2,1,0,2,1,1,3,3,1,4
240374,13,10,2,1,0,3,2,1,5,4,2,6
240417,13,10,2,0,0,1,1,0,2,1,1,2
240426,13,10,2,1,1,2,3,2,5,3,4,7
240444,13,10,2,0,0,12,5,0,17,12,5,17
240453,13,10,2,1,0,5,7,1,12,6,7,13
240462,13,10,2,0,1,1,2,1,3,1,3,4
240471,13,10,2,0,0,1,0,0,1,1,0,1
240480,13,10,2,0,0,2,3,0,5,2,3,5
240505,13,10,2,0,1,21,11,1,32,21,12,33
240514,13,10,2,0,0,12,11,0,23,12,11,23
240620,13,10,2,1,0,7,6,1,13,8,6,14
240657,13,10,2,1,0,7,2,1,9,8,2,10
240666,13,10,2,0,0,14,12,0,26,14,12,26
240727,13,10,2,0,0,8,18,0,26,8,18,26
240745,13,10,2,0,0,2,2,0,4,2,2,4
240790,13,10,2,0,1,0,3,1,3,0,4,4
241191,13,10,2,1,0,0,1,1,1,1,1,2
241225,13,10,2,1,1,1,0,2,1,2,1,3
241377,13,10,2,0,1,0,0,1,0,0,1,1
241386,13,10,2,0,0,1,0,0,1,1,0,1
241410,13,10,2,0,0,2,1,0,3,2,1,3
241720,13,10,2,0,1,0,0,1,0,0,1,1
241739,13,10,2,0,0,0,4,0,4,0,4,4
241766,13,10,2,0,1,1,0,1,1,1,1,2
241836,13,10,2,1,1,0,1,2,1,1,2,3
241951,13,10,2,0,0,0,1,0,1,0,1,1
242112,13,10,2,1,0,0,0,1,0,1,0,1
242130,13,10,2,0,0,1,0,0,1,1,0,1
242149,13,10,2,1,1,0,0,2,0,1,1,2
242617,13,10,2,1,0,0,0,1,0,1,0,1
242635,13,10,2,1,0,0,1,1,1,1,1,2
242644,13,10,2,1,0,0,0,1,0,1,0,1
242653,13,10,2,2,0,2,1,2,3,4,1,5
242680,13,10,2,0,0,1,0,0,1,1,0,1
242705,13,10,2,0,0,1,0,0,1,1,0,1
243142,13,10,2,0,0,1,1,0,2,1,1,2
243179,13,10,2,0,1,0,0,1,0,0,1,1
243221,13,10,2,0,0,3,5,0,8,3,5,8
243346,13,10,2,0,1,1,0,1,1,1,1,2
243443,13,10,2,0,1,1,1,1,2,1,2,3
243577,13,10,2,0,0,3,0,0,3,3,0,3
243601,13,10,2,0,1,0,2,1,2,0,3,3
243780,13,10,2,0,0,6,4,0,10,6,4,10
243832,13,10,2,0,1,2,0,1,2,2,1,3
243841,13,10,2,1,1,0,1,2,1,1,2,3
244437,13,10,2,1,0,29,43,1,72,30,43,73
244446,13,10,2,1,1,7,8,2,15,8,9,17
245625,13,10,2,1,0,6,2,1,8,7,2,9
246813,13,10,2,1,0,5,6,1,11,6,6,12
246895,13,10,2,1,0,0,0,1,0,1,0,1
247603,13,10,2,1,2,9,6,3,15,10,8,18
247834,13,10,2,1,2,29,31,3,60,30,33,63
247940,13,10,2,0,0,12,6,0,18,12,6,18
248925,13,10,2,1,1,0,0,2,0,1,1,2
248934,13,10,2,7,4,0,0,11,0,7,4,11
251260,13,10,2,1,0,1,2,1,3,2,2,4
262031,13,10,2,1,0,7,13,1,20,8,13,21
262086,13,10,2,2,2,2,6,4,8,4,8,12
262129,13,10,2,0,0,1,0,0,1,1,0,1
363165,13,10,2,2,0,0,0,2,0,2,0,2
363633,13,10,2,0,0,17,21,0,38,17,21,38
364016,13,10,2,0,0,60,93,0,153,60,93,153
364025,13,10,2,1,0,41,42,1,83,42,42,84
365480,13,10,2,0,0,0,1,0,1,0,1,1
366003,13,10,2,0,0,2,1,0,3,2,1,3
366252,13,10,2,0,0,0,1,0,1,0,1,1
366395,13,10,2,2,0,4,6,2,10,6,6,12
366401,13,10,2,0,3,15,24,3,39,15,27,42
366465,13,10,2,0,0,1,2,0,3,1,2,3
366711,13,10,2,1,2,0,4,3,4,1,6,7
367334,13,10,2,1,0,0,0,1,0,1,0,1
367459,13,10,2,1,2,9,11,3,20,10,13,23
368911,13,10,2,0,1,2,0,1,2,2,1,3
374574,13,10,2,0,0,0,1,0,1,0,1,1
375407,13,10,2,0,1,0,0,1,0,0,1,1
376288,13,10,2,1,1,0,0,2,0,1,1,2
377643,13,10,2,1,0,0,0,1,0,1,0,1
380359,13,10,2,0,4,1,8,4,9,1,12,13
383190,13,10,2,3,0,4,19,3,23,7,19,26
383996,13,10,2,0,0,1,2,0,3,1,2,3
384333,13,10,2,0,3,7,10,3,17,7,13,20
384342,13,10,2,0,1,11,8,1,19,11,9,20
395362,13,10,2,0,0,1,7,0,8,1,7,8
399212,13,10,2,0,0,17,12,0,29,17,12,29
401764,13,10,2,0,0,0,1,0,1,0,1,1
403469,13,10,2,0,0,41,11,0,52,41,11,52
403478,13,10,2,0,0,2,0,0,2,2,0,2
403487,13,10,2,0,0,2,8,0,10,2,8,10
404426,13,10,2,0,0,2,6,0,8,2,6,8
405872,13,10,2,0,0,5,3,0,8,5,3,8
407832,13,10,2,0,0,1,0,0,1,1,0,1
408844,13,10,2,3,2,0,0,5,0,3,2,5
409591,13,10,2,1,0,0,0,1,0,1,0,1
409698,13,10,2,0,1,0,0,1,0,0,1,1
413617,13,10,2,0,0,1,1,0,2,1,1,2
414878,13,10,2,0,0,1,0,0,1,1,0,1
416801,13,10,2,0,0,0,1,0,1,0,1,1
420431,13,10,2,1,0,2,3,1,5,3,3,6
420440,13,10,2,0,0,0,3,0,3,0,3,3
420538,13,10,2,0,1,3,2,1,5,3,3,6
420556,13,10,2,0,0,1,0,0,1,1,0,1
426314,13,10,2,0,0,6,1,0,7,6,1,7
430564,13,10,2,0,0,0,2,0,2,0,2,2
433387,13,10,2,64,96,0,0,160,0,64,96,160
434061,13,10,2,1,0,1,1,1,2,2,1,3
434584,13,10,2,0,0,0,1,0,1,0,1,1
434672,13,10,2,8,3,25,39,11,64,33,42,75
436553,13,10,2,0,2,0,0,2,0,0,2,2
436818,13,10,2,0,0,1,0,0,1,1,0,1
436827,13,10,2,1,0,2,6,1,8,3,6,9
436836,13,10,2,0,2,1,1,2,2,1,3,4
437103,13,10,2,2,5,9,11,7,20,11,16,27
438586,13,10,2,3,2,1,4,5,5,4,6,10
438708,13,10,2,0,0,0,2,0,2,0,2,2
439190,13,10,2,0,0,0,2,0,2,0,2,2
439367,13,10,2,1,0,0,0,1,0,1,0,1
441371,13,10,2,2,30,0,0,32,0,2,30,32
441690,13,10,2,1,1,1,0,2,1,2,1,3
441760,13,10,2,0,1,3,1,1,4,3,2,5
441900,13,10,2,0,0,3,4,0,7,3,4,7
441937,13,10,2,1,2,1,4,3,5,2,6,8
442329,13,10,2,1,0,0,0,1,0,1,0,1
442930,13,10,2,0,1,0,0,1,0,0,1,1
443049,13,10,2,1,0,1,1,1,2,2,1,3
443058,13,10,2,0,0,2,1,0,3,2,1,3
443100,13,10,2,1,0,0,0,1,0,1,0,1
444219,13,10,2,0,5,15,32,5,47,15,37,52
444565,13,10,2,0,0,1,0,0,1,1,0,1
444583,13,10,2,2,0,0,0,2,0,2,0,2
444787,13,10,2,0,0,1,0,0,1,1,0,1
445027,13,10,2,30,58,1,10,88,11,31,68,99
445948,13,10,2,1,4,0,0,5,0,1,4,5
446233,13,10,2,1,0,0,0,1,0,1,0,1
446774,13,10,2,0,0,39,86,0,125,39,86,125
447582,13,10,2,0,1,0,0,1,0,0,1,1
447689,13,10,2,2,1,4,6,3,10,6,7,13
447759,13,10,2,0,0,1,0,0,1,1,0,1
447999,13,10,2,2,0,0,0,2,0,2,0,2
448248,13,10,2,1,0,2,0,1,2,3,0,3
448594,13,10,2,0,1,0,1,1,1,0,2,2
448673,13,10,2,0,1,0,1,1,1,0,2,2
449889,13,10,2,0,1,0,0,1,0,0,1,1
450641,13,10,2,0,1,0,0,1,0,0,1,1
450933,13,10,2,6,12,14,5,18,19,20,17,37
451583,13,10,2,1,0,1,0,1,1,2,0,2
454227,13,10,2,1,1,0,20,2,20,1,21,22
454810,13,10,2,6,45,0,0,51,0,6,45,51
454926,13,10,2,0,1,0,0,1,0,0,1,1
455080,13,10,2,0,1,0,0,1,0,0,1,1
455114,13,10,2,0,0,5,4,0,9,5,4,9
455196,13,10,2,0,5,0,0,5,0,0,5,5
455512,13,10,2,1,1,11,8,2,19,12,9,21
455831,13,10,2,0,2,0,0,2,0,0,2,2
458229,13,10,2,0,0,1,0,0,1,1,0,1
459523,13,10,2,0,1,0,0,1,0,0,1,1
459949,13,10,2,1,0,0,1,1,1,1,1,2
460349,13,10,2,0,0,1,3,0,4,1,3,4
460394,13,10,2,1,2,10,6,3,16,11,8,19
460464,13,10,2,2,0,14,6,2,20,16,6,22
460677,13,10,2,0,0,0,1,0,1,0,1,1
461759,13,10,2,0,4,1,5,4,6,1,9,10
463056,13,10,2,0,0,1,2,0,3,1,2,3
466930,13,10,2,0,0,1,0,0,1,1,0,1
474863,13,10,2,1,1,0,0,2,0,1,1,2
475200,13,10,2,0,0,0,1,0,1,0,1,1
475723,13,10,2,0,0,1,0,0,1,1,0,1
475839,13,10,2,2,1,2,2,3,4,4,3,7
476179,13,10,2,0,0,0,1,0,1,0,1,1
476975,13,10,2,0,0,6,7,0,13,6,7,13
477039,13,10,2,1,0,0,1,1,1,1,1,2
479956,13,10,2,0,0,12,6,0,18,12,6,18
480028,13,10,2,3,0,0,0,3,0,3,0,3
480091,13,10,2,3,13,2,12,16,14,5,25,30
480921,13,10,2,1,1,0,0,2,0,1,1,2
481191,13,10,2,0,1,0,0,1,0,0,1,1
482149,13,10,2,0,0,7,2,0,9,7,2,9
482158,13,10,2,0,2,12,10,2,22,12,12,24
482413,13,10,2,0,1,0,0,1,0,0,1,1
482431,13,10,2,0,0,1,1,0,2,1,1,2
482459,13,10,2,0,0,1,1,0,2,1,1,2
482477,13,10,2,4,10,18,18,14,36,22,28,50
482574,13,10,2,0,0,0,1,0,1,0,1,1
482680,13,10,2,0,2,12,12,2,24,12,14,26
482705,13,10,2,0,1,1,0,1,1,1,1,2
483036,13,10,2,0,0,1,2,0,3,1,2,3
483045,13,10,2,1,1,18,17,2,35,19,18,37
483124,13,10,2,7,12,45,30,19,75,52,42,94
483595,13,10,2,4,2,4,4,6,8,8,6,14
483823,13,10,2,0,2,0,0,2,0,0,2,2
484109,13,10,2,0,1,0,0,1,0,0,1,1
484473,13,10,2,0,1,6,3,1,9,6,4,10
484613,13,10,2,76,140,0,0,216,0,76,140,216
484631,13,10,2,1,0,0,0,1,0,1,0,1
484905,13,10,2,0,0,0,7,0,7,0,7,7
485111,13,10,2,0,2,0,1,2,1,0,3,3
485458,13,10,2,0,0,3,7,0,10,3,7,10
486798,13,10,2,3,0,0,0,3,0,3,0,3
486840,13,10,2,1,1,34,36,2,70,35,37,72
487162,13,10,2,2,0,4,3,2,7,6,3,9
487524,13,10,2,0,0,1,1,0,2,1,1,2
487995,13,10,2,2,1,1,0,3,1,3,1,4
488077,13,10,2,9,0,1,0,9,1,10,0,10
488305,13,10,2,0,0,1,0,0,1,1,0,1
489201,13,10,2,0,0,4,6,0,10,4,6,10
489779,13,10,2,3,6,14,33,9,47,17,39,56
490230,13,10,2,2,1,0,0,3,0,2,1,3
490805,13,10,2,0,0,0,2,0,2,0,2,2
492476,13,10,2,0,0,1,0,0,1,1,0,1
492801,13,10,2,0,1,0,0,1,0,0,1,1
492962,13,10,2,0,1,3,3,1,6,3,4,7
493831,13,10,2,1,0,0,0,1,0,1,0,1
494278,13,10,2,0,0,0,1,0,1,0,1,1
495101,13,10,2,0,2,0,0,2,0,0,2,2
495271,13,10,2,0,0,0,2,0,2,0,2,2
496618,13,10,2,0,1,0,0,1,0,0,1,1
496636,13,10,2,0,1,0,0,1,0,0,1,1
497037,13,10,2,1,3,0,0,4,0,1,3,4
497046,13,10,2,0,0,2,5,0,7,2,5,7
497107,13,10,2,0,0,1,0,0,1,1,0,1
497480,13,10,2,0,13,0,1,13,1,0,14,14
498562,13,10,2,0,1,3,3,1,6,3,4,7
498571,13,10,2,0,0,9,6,0,15,9,6,15
100663,13,10,5,0,1,5,8,1,13,5,9,14
100706,13,10,5,0,0,5,5,0,10,5,5,10
100751,13,10,5,1,1,6,9,2,15,7,10,17
100812,13,10,5,0,0,1,2,0,3,1,2,3
100830,13,10,5,1,0,0,0,1,0,1,0,1
100858,13,10,5,3,1,5,5,4,10,8,6,14
101189,13,10,5,0,0,2,2,0,4,2,2,4
101453,13,10,5,0,0,1,0,0,1,1,0,1
101480,13,10,5,0,0,1,0,0,1,1,0,1
101587,13,10,5,1,4,0,2,5,2,1,6,7
101912,13,10,5,0,0,0,1,0,1,0,1,1
102049,13,10,5,1,0,0,2,1,2,1,2,3
102094,13,10,5,2,2,1,1,4,2,3,3,6
102234,13,10,5,0,0,10,3,0,13,10,3,13
102368,13,10,5,0,2,1,4,2,5,1,6,7
102377,13,10,5,0,0,0,1,0,1,0,1,1
102395,13,10,5,0,0,2,0,0,2,2,0,2
102553,13,10,5,0,0,1,0,0,1,1,0,1
102614,13,10,5,0,2,2,11,2,13,2,13,15
102632,13,10,5,0,0,2,2,0,4,2,2,4
104151,13,10,5,2,4,8,20,6,28,10,24,34
104179,13,10,5,6,1,11,18,7,29,17,19,36
104717,13,10,5,0,0,150,306,0,456,150,306,456
105330,13,10,5,4,3,4,9,7,13,8,12,20
106245,13,10,5,2,4,0,0,6,0,2,4,6
106263,13,10,5,0,0,1,3,0,4,1,3,4
106397,13,10,5,2,1,8,11,3,19,10,12,22
106412,13,10,5,1,0,0,3,1,3,1,3,4
106458,13,10,5,0,0,9,14,0,23,9,14,23
106467,13,10,5,0,0,4,2,0,6,4,2,6
107983,13,10,5,0,0,4,1,0,5,4,1,5
108232,13,10,5,2,1,2,18,3,20,4,19,23
109785,13,10,5,1,1,2,13,2,15,3,14,17
110097,13,10,5,8,4,16,9,12,25,24,13,37
110316,13,10,5,9,23,2,10,32,12,11,33,44
110361,13,10,5,3,2,0,4,5,4,3,6,9
110398,13,10,5,0,1,0,0,1,0,0,1,1
110413,13,10,5,1,4,1,2,5,3,2,6,8
110422,13,10,5,0,0,1,0,0,1,1,0,1
110486,13,10,5,1,0,2,1,1,3,3,1,4
110495,13,10,5,0,0,1,0,0,1,1,0,1
110510,13,10,5,1,6,8,10,7,18,9,16,25
110529,13,10,5,1,1,2,4,2,6,3,5,8
110538,13,10,5,0,1,1,0,1,1,1,1,2
110547,13,10,5,4,3,1,8,7,9,5,11,16
110556,13,10,5,0,2,6,3,2,9,6,5,11
110565,13,10,5,0,0,2,2,0,4,2,2,4
110574,13,10,5,4,5,3,6,9,9,7,11,18
110583,13,10,5,3,2,4,5,5,9,7,7,14
110592,13,10,5,3,1,6,1,4,7,9,2,11
110608,13,10,5,2,4,9,8,6,17,11,12,23
110617,13,10,5,0,2,1,4,2,5,1,6,7
110635,13,10,5,1,0,1,3,1,4,2,3,5
110644,13,10,5,0,1,2,0,1,2,2,1,3
110653,13,10,5,1,0,0,0,1,0,1,0,1
110662,13,10,5,0,4,1,0,4,1,1,4,5
110671,13,10,5,0,3,0,3,3,3,0,6,6
110680,13,10,5,1,2,2,0,3,2,3,2,5
110699,13,10,5,2,1,0,0,3,0,2,1,3
110705,13,10,5,1,2,0,0,3,0,1,2,3
110714,13,10,5,2,0,1,0,2,1,3,0,3
111948,13,10,5,0,0,0,1,0,1,0,1,1
112075,13,10,5,2,6,1,2,8,3,3,8,11
112251,13,10,5,14,9,4,4,23,8,18,13,31
113698,13,10,5,0,3,0,2,3,2,0,5,5
114123,13,10,5,1,2,0,0,3,0,1,2,3
114549,13,10,5,8,23,4,8,31,12,12,31,43
114734,13,10,5,0,1,1,3,1,4,1,4,5
114813,13,10,5,0,0,5,5,0,10,5,5,10
115083,13,10,5,4,0,5,7,4,12,9,7,16
116846,13,10,5,0,0,1,0,0,1,1,0,1
117104,13,10,5,2,2,0,0,4,0,2,2,4
117946,13,10,5,3,2,3,1,5,4,6,3,9
119058,13,10,5,0,1,0,0,1,0,0,1,1
120184,13,10,5,0,1,2,1,1,3,2,2,4
120865,13,10,5,0,0,0,1,0,1,0,1,1
120883,13,10,5,1,0,2,0,1,2,3,0,3
121150,13,10,5,2,3,17,12,5,29,19,15,34
121309,13,10,5,0,0,0,2,0,2,0,2,2
122296,13,10,5,2,0,0,1,2,1,2,1,3
122409,13,10,5,2,1,4,6,3,10,6,7,13
122436,13,10,5,0,0,0,6,0,6,0,6,6
122597,13,10,5,2,1,7,2,3,9,9,3,12
122728,13,10,5,1,1,1,0,2,1,2,1,3
122755,13,10,5,2,3,4,18,5,22,6,21,27
122931,13,10,5,1,2,7,5,3,12,8,7,15
123457,13,10,5,0,0,1,1,0,2,1,1,2
123572,13,10,5,0,1,1,1,1,2,1,2,3
123916,13,10,5,0,0,0,2,0,2,0,2,2
123961,13,10,5,14,17,8,18,31,26,22,35,57
124283,13,10,5,3,3,2,5,6,7,5,8,13
124487,13,10,5,0,0,1,3,0,4,1,3,4
125231,13,10,5,49,91,121,272,140,393,170,363,533
125897,13,10,5,0,0,1,0,0,1,1,0,1
126182,13,10,5,0,1,2,1,1,3,2,2,4
126562,13,10,5,2,2,11,12,4,23,13,14,27
126580,13,10,5,1,0,5,3,1,8,6,3,9
126614,13,10,5,0,0,10,3,0,13,10,3,13
126775,13,10,5,0,0,1,1,0,2,1,1,2
126818,13,10,5,2,0,18,12,2,30,20,12,32
126827,13,10,5,16,20,9,5,36,14,25,25,50
127565,13,10,5,0,0,1,1,0,2,1,1,2
127653,13,10,5,2,0,0,1,2,1,2,1,3
127741,13,10,5,0,0,5,4,0,9,5,4,9
127918,13,10,5,1,2,1,6,3,7,2,8,10
128106,13,10,5,1,0,3,7,1,10,4,7,11
128498,13,10,5,0,2,0,0,2,0,0,2,2
128744,13,10,5,0,3,3,5,3,8,3,8,11
128771,13,10,5,1,0,29,18,1,47,30,18,48
129020,13,10,5,2,3,2,8,5,10,4,11,15
129154,13,10,5,0,0,0,1,0,1,0,1,1
129215,13,10,5,0,0,0,1,0,1,0,1,1
129242,13,10,5,1,4,3,2,5,5,4,6,10
129491,13,10,5,1,1,1,2,2,3,2,3,5
129525,13,10,5,1,1,0,2,2,2,1,3,4
129941,13,10,5,0,1,2,2,1,4,2,3,5
130183,13,10,5,2,13,13,17,15,30,15,30,45
130226,13,10,5,1,0,5,8,1,13,6,8,14
130253,13,10,5,0,0,4,2,0,6,4,2,6
130314,13,10,5,0,1,1,2,1,3,1,3,4
130590,13,10,5,0,0,0,1,0,1,0,1,1
130697,13,10,5,0,0,2,0,0,2,2,0,2
130776,13,10,5,0,1,14,23,1,37,14,24,38
130794,13,10,5,3,0,2,1,3,3,5,1,6
130934,13,10,5,1,1,1,3,2,4,2,4,6
130943,13,10,5,3,0,10,22,3,32,13,22,35
130989,13,10,5,0,0,1,1,0,2,1,1,2
131113,13,10,5,0,0,9,18,0,27,9,18,27
131399,13,10,5,2,0,3,2,2,5,5,2,7
131450,13,10,5,0,1,1,1,1,2,1,2,3
131469,13,10,5,1,2,20,16,3,36,21,18,39
131496,13,10,5,2,0,10,8,2,18,12,8,20
131520,13,10,5,2,4,3,10,6,13,5,14,19
132471,13,10,5,3,3,3,13,6,16,6,16,22
132842,13,10,5,1,0,0,0,1,0,1,0,1
132903,13,10,5,1,2,7,12,3,19,8,14,22
133553,13,10,5,2,0,3,1,2,4,5,1,6
133650,13,10,5,0,1,0,0,1,0,0,1,1
133711,13,10,5,0,0,0,1,0,1,0,1,1
133872,13,10,5,0,0,0,1,0,1,0,1,1
133881,13,10,5,1,0,7,3,1,10,8,3,11
134097,13,10,5,1,2,10,14,3,24,11,16,27
134130,13,10,5,2,1,18,15,3,33,20,16,36
135610,13,10,5,1,0,0,1,1,1,1,1,2
135726,13,10,5,3,3,3,1,6,4,6,4,10
136172,13,10,5,0,1,2,8,1,10,2,9,11
136330,13,10,5,0,2,2,3,2,5,2,5,7
136701,13,10,5,0,1,0,1,1,1,0,2,2
136950,13,10,5,0,0,2,1,0,3,2,1,3
137351,13,10,5,3,3,14,11,6,25,17,14,31
137546,13,10,5,0,0,2,1,0,3,2,1,3
137564,13,10,5,1,0,5,4,1,9,6,4,10
138275,13,10,5,0,1,0,4,1,4,0,5,5
138309,13,10,5,1,0,0,0,1,0,1,0,1
138354,13,10,5,0,0,15,7,0,22,15,7,22
138716,13,10,5,0,0,0,3,0,3,0,3,3
138947,13,10,5,1,1,1,1,2,2,2,2,4
139199,13,10,5,0,0,0,1,0,1,0,1,1
139311,13,10,5,3,5,6,11,8,17,9,16,25
139366,13,10,5,0,0,5,4,0,9,5,4,9
139658,13,10,5,3,3,3,7,6,10,6,10,16
139719,13,10,5,0,0,1,1,0,2,1,1,2
139755,13,10,5,4,0,34,11,4,45,38,11,49
139861,13,10,5,0,1,3,5,1,8,3,6,9
139931,13,10,5,3,3,7,10,6,17,10,13,23
139940,13,10,5,8,9,22,30,17,52,30,39,69
139959,13,10,5,1,4,19,23,5,42,20,27,47
140146,13,10,5,2,2,3,12,4,15,5,14,19
140252,13,10,5,0,1,0,0,1,0,0,1,1
140447,13,10,5,2,2,3,8,4,11,5,10,15
140562,13,10,5,0,1,0,1,1,1,0,2,2
140951,13,10,5,2,1,2,4,3,6,4,5,9
140960,13,10,5,1,2,0,0,3,0,1,2,3
141264,13,10,5,0,4,3,6,4,9,3,10,13
141334,13,10,5,0,1,6,7,1,13,6,8,14
141565,13,10,5,0,0,0,3,0,3,0,3,3
141574,13,10,5,3,2,17,16,5,33,20,18,38
141644,13,10,5,0,0,1,1,0,2,1,1,2
142115,13,10,5,2,0,10,8,2,18,12,8,20
142276,13,10,5,1,2,6,9,3,15,7,11,18
142285,13,10,5,3,2,9,4,5,13,12,6,18
142461,13,10,5,0,0,0,2,0,2,0,2,2
142832,13,10,5,0,2,0,1,2,1,0,3,3
143118,13,10,5,0,1,2,6,1,8,2,7,9
143358,13,10,5,0,0,6,7,0,13,6,7,13
144050,13,10,5,1,0,8,5,1,13,9,5,14
144351,13,10,5,0,1,13,33,1,46,13,34,47
144740,13,10,5,2,3,8,11,5,19,10,14,24
144892,13,10,5,1,0,5,6,1,11,6,6,12
145336,13,10,5,2,1,5,12,3,17,7,13,20
145600,13,10,5,2,2,10,13,4,23,12,15,27
145619,13,10,5,0,0,4,0,0,4,4,0,4
145637,13,10,5,1,2,8,5,3,13,9,7,16
145813,13,10,5,0,0,1,8,0,9,1,8,9
145886,13,10,5,0,6,0,0,6,0,0,6,6
146339,13,10,5,0,0,1,1,0,2,1,1,2
146481,13,10,5,0,0,0,2,0,2,0,2,2
146490,13,10,5,0,0,1,1,0,2,1,1,2
146612,13,10,5,0,0,2,4,0,6,2,4,6
146719,13,10,5,7,6,11,19,13,30,18,25,43
147013,13,10,5,0,0,1,0,0,1,1,0,1
147369,13,10,5,1,0,11,7,1,18,12,7,19
147536,13,10,5,4,5,1,19,9,20,5,24,29
147679,13,10,5,0,1,8,5,1,13,8,6,14
147776,13,10,5,1,0,8,15,1,23,9,15,24
147828,13,10,5,0,0,0,3,0,3,0,3,3
148131,13,10,5,0,0,1,0,0,1,1,0,1
148487,13,10,5,0,0,1,1,0,2,1,1,2
148511,13,10,5,0,0,0,1,0,1,0,1,1
148627,13,10,5,0,1,0,0,1,0,0,1,1
148654,13,10,5,0,0,5,7,0,12,5,7,12
149222,13,10,5,0,3,8,4,3,12,8,7,15
149231,13,10,5,2,0,0,2,2,2,2,2,4
149772,13,10,5,1,0,9,8,1,17,10,8,18
149781,13,10,5,0,0,3,2,0,5,3,2,5
150136,13,10,5,0,0,3,11,0,14,3,11,14
150163,13,10,5,0,0,2,3,0,5,2,3,5
150172,13,10,5,0,2,0,0,2,0,0,2,2
150215,13,10,5,3,2,2,2,5,4,5,4,9
150677,13,10,5,0,0,6,1,0,7,6,1,7
151111,13,10,5,1,1,7,6,2,13,8,7,15
151263,13,10,5,0,0,2,5,0,7,2,5,7
151290,13,10,5,0,0,3,1,0,4,3,1,4
151306,13,10,5,1,0,2,3,1,5,3,3,6
151324,13,10,5,1,0,5,3,1,8,6,3,9
151342,13,10,5,0,0,2,1,0,3,2,1,3
151351,13,10,5,3,1,6,8,4,14,9,9,18
151360,13,10,5,0,0,0,3,0,3,0,3,3
151379,13,10,5,0,0,2,1,0,3,2,1,3
152080,13,10,5,1,0,0,2,1,2,1,2,3
152336,13,10,5,0,0,0,1,0,1,0,1,1
152451,13,10,5,0,0,5,2,0,7,5,2,7
152600,13,10,5,0,0,0,1,0,1,0,1,1
153162,13,10,5,1,0,0,0,1,0,1,0,1
153250,13,10,5,0,0,1,0,0,1,1,0,1
153269,13,10,5,0,0,2,0,0,2,2,0,2
153366,13,10,5,1,2,1,2,3,3,2,4,6
153658,13,10,5,0,2,3,7,2,10,3,9,12
153825,13,10,5,0,0,0,1,0,1,0,1,1
154004,13,10,5,0,0,0,3,0,3,0,3,3
154493,13,10,5,0,0,1,2,0,3,1,2,3
155025,13,10,5,0,0,5,5,0,10,5,5,10
155089,13,10,5,0,0,1,3,0,4,1,3,4
155317,13,10,5,2,3,2,7,5,9,4,10,14
155399,13,10,5,2,1,6,7,3,13,8,8,16
155812,13,10,5,0,0,0,1,0,1,0,1,1
156082,13,10,5,0,0,0,2,0,2,0,2,2
156125,13,10,5,3,2,2,14,5,16,5,16,21
156213,13,10,5,0,0,0,1,0,1,0,1,1
156356,13,10,5,0,0,1,2,0,3,1,2,3
156541,13,10,5,3,2,23,12,5,35,26,14,40
156620,13,10,5,1,0,3,15,1,18,4,15,19
156745,13,10,5,0,0,0,1,0,1,0,1,1
157058,13,10,5,0,0,1,0,0,1,1,0,1
157085,13,10,5,3,7,13,11,10,24,16,18,34
157216,13,10,5,0,0,1,3,0,4,1,3,4
157289,13,10,5,3,3,7,12,6,19,10,15,25
157386,13,10,5,2,0,2,4,2,6,4,4,8
157401,13,10,5,0,1,9,2,1,11,9,3,12
157447,13,10,5,1,4,8,15,5,23,9,19,28
157757,13,10,5,4,0,1,3,4,4,5,3,8
157951,13,10,5,0,0,5,9,0,14,5,9,14
159391,13,10,5,1,2,9,7,3,16,10,9,19
159647,13,10,5,1,1,3,1,2,4,4,2,6
159656,13,10,5,0,0,2,4,0,6,2,4,6
159717,13,10,5,0,0,0,1,0,1,0,1,1
159939,13,10,5,0,2,14,10,2,24,14,12,26
159966,13,10,5,0,0,0,1,0,1,0,1,1
159993,13,10,5,2,4,1,2,6,3,3,6,9
160612,13,10,5,0,2,1,3,2,4,1,5,6
160621,13,10,5,0,4,2,6,4,8,2,10,12
160630,13,10,5,0,1,0,4,1,4,0,5,5
160658,13,10,5,2,0,1,4,2,5,3,4,7
160755,13,10,5,0,0,8,7,0,15,8,7,15
160904,13,10,5,1,0,1,1,1,2,2,1,3
161217,13,10,5,0,0,2,1,0,3,2,1,3
161253,13,10,5,1,2,6,10,3,16,7,12,19
161457,13,10,5,1,2,2,0,3,2,3,2,5
161554,13,10,5,0,5,4,2,5,6,4,7,11
161572,13,10,5,1,0,0,1,1,1,1,1,2
161873,13,10,5,0,1,4,14,1,18,4,15,19
162210,13,10,5,0,1,0,1,1,1,0,2,2
162283,13,10,5,0,2,2,5,2,7,2,7,9
162584,13,10,5,0,0,1,0,0,1,1,0,1
162654,13,10,5,0,0,0,4,0,4,0,4,4
163204,13,10,5,0,0,37,36,0,73,37,36,73
163259,13,10,5,3,1,5,17,4,22,8,18,26
163268,13,10,5,1,0,8,12,1,20,9,12,21
163286,13,10,5,5,3,43,35,8,78,48,38,86
163295,13,10,5,0,1,0,1,1,1,0,2,2
163338,13,10,5,0,0,1,2,0,3,1,2,3
163453,13,10,5,7,18,4,2,25,6,11,20,31
163578,13,10,5,1,2,2,7,3,9,3,9,12
163851,13,10,5,1,0,2,2,1,4,3,2,5
163976,13,10,5,2,0,4,0,2,4,6,0,6
164076,13,10,5,0,2,3,6,2,9,3,8,11
164085,13,10,5,0,0,5,9,0,14,5,9,14
164492,13,10,5,0,0,0,1,0,1,0,1,1
164632,13,10,5,1,0,2,3,1,5,3,3,6
164872,13,10,5,0,0,1,1,0,2,1,1,2
164915,13,10,5,1,0,3,9,1,12,4,9,13
164988,13,10,5,1,6,9,7,7,16,10,13,23
165015,13,10,5,1,0,1,0,1,1,2,0,2
165024,13,10,5,0,1,1,3,1,4,1,4,5
165167,13,10,5,3,3,3,3,6,6,6,6,12
165334,13,10,5,0,0,1,1,0,2,1,1,2
165662,13,10,5,0,0,0,1,0,1,0,1,1
165820,13,10,5,0,0,2,5,0,7,2,5,7
165866,13,10,5,0,0,1,7,0,8,1,7,8
165936,13,10,5,0,0,2,0,0,2,2,0,2
165945,13,10,5,0,0,32,17,0,49,32,17,49
166027,13,10,5,3,1,53,60,4,113,56,61,117
166513,13,10,5,2,0,8,3,2,11,10,3,13
166629,13,10,5,3,0,9,15,3,24,12,15,27
166674,13,10,5,0,2,0,0,2,0,0,2,2
166683,13,10,5,2,0,0,0,2,0,2,0,2
166717,13,10,5,0,0,2,1,0,3,2,1,3
166850,13,10,5,1,3,3,4,4,7,4,7,11
167358,13,10,5,2,2,0,1,4,1,2,3,5
167598,13,10,5,0,0,2,10,0,12,2,10,12
167729,13,10,5,0,1,6,7,1,13,6,8,14
167783,13,10,5,0,4,2,5,4,7,2,9,11
167835,13,10,5,0,0,1,0,0,1,1,0,1
167987,13,10,5,0,1,2,7,1,9,2,8,10
168005,13,10,5,0,0,0,2,0,2,0,2,2
168148,13,10,5,1,0,1,1,1,2,2,1,3
168254,13,10,5,0,0,0,1,0,1,0,1,1
168421,13,10,5,0,0,3,3,0,6,3,3,6
168430,13,10,5,0,0,6,11,0,17,6,11,17
168591,13,10,5,1,0,0,0,1,0,1,0,1
168740,13,10,5,0,0,18,12,0,30,18,12,30
168847,13,10,5,1,0,5,2,1,7,6,2,8
169099,13,10,5,3,3,0,0,6,0,3,3,6
169248,13,10,5,1,2,3,4,3,7,4,6,10
169716,13,10,5,0,0,1,2,0,3,1,2,3
169798,13,10,5,0,0,4,5,0,9,4,5,9
169910,13,10,5,0,0,1,0,0,1,1,0,1
170000,13,10,5,2,0,0,0,2,0,2,0,2
170082,13,10,5,0,0,1,2,0,3,1,2,3
170806,13,10,5,0,2,0,2,2,2,0,4,4
170976,13,10,5,1,0,6,3,1,9,7,3,10
171100,13,10,5,2,1,4,1,3,5,6,2,8
171137,13,10,5,0,0,2,0,0,2,2,0,2
171146,13,10,5,1,0,2,6,1,8,3,6,9
171456,13,10,5,0,0,9,21,0,30,9,21,30
171492,13,10,5,0,0,1,0,0,1,1,0,1
171571,13,10,5,0,1,3,5,1,8,3,6,9
172334,13,10,5,0,2,0,0,2,0,0,2,2
172644,13,10,5,5,6,18,22,11,40,23,28,51
172699,13,10,5,1,5,2,6,6,8,3,11,14
173045,13,10,5,0,1,0,0,1,0,0,1,1
173142,13,10,5,1,0,0,0,1,0,1,0,1
173160,13,10,5,0,0,3,5,0,8,3,5,8
173665,13,10,5,0,0,1,2,0,3,1,2,3
173683,13,10,5,1,2,0,2,3,2,1,4,5
173896,13,10,5,6,2,0,1,8,1,6,3,9
174066,13,10,5,4,1,37,32,5,69,41,33,74
174233,13,10,5,1,1,0,4,2,4,1,5,6
174491,13,10,5,1,0,0,2,1,2,1,2,3
174792,13,10,5,0,0,5,3,0,8,5,3,8
174899,13,10,5,0,0,2,4,0,6,2,4,6
174914,13,10,5,0,0,2,4,0,6,2,4,6
175005,13,10,5,0,0,0,8,0,8,0,8,8
175014,13,10,5,0,1,0,0,1,0,0,1,1
175421,13,10,5,0,2,6,14,2,20,6,16,22
175616,13,10,5,0,0,0,4,0,4,0,4,4
175856,13,10,5,0,4,5,16,4,21,5,20,25
176017,13,10,5,0,1,3,4,1,7,3,5,8
176035,13,10,5,0,1,1,1,1,2,1,2,3
176044,13,10,5,0,0,1,1,0,2,1,1,2
176053,13,10,5,0,3,0,0,3,0,0,3,3
176080,13,10,5,1,1,12,5,2,17,13,6,19
176372,13,10,5,1,2,7,8,3,15,8,10,18
176451,13,10,5,1,0,6,2,1,8,7,2,9
176479,13,10,5,0,6,1,10,6,11,1,16,17
176600,13,10,5,2,1,0,2,3,2,2,3,5
176965,13,10,5,0,0,2,3,0,5,2,3,5
177126,13,10,5,0,2,5,9,2,14,5,11,16
177214,13,10,5,0,0,0,1,0,1,0,1,1
177418,13,10,5,0,0,1,0,0,1,1,0,1
177986,13,10,5,0,0,3,2,0,5,3,2,5
178059,13,10,5,1,0,5,14,1,19,6,14,20
178369,13,10,5,0,0,0,5,0,5,0,5,5
178396,13,10,5,5,3,6,10,8,16,11,13,24
178402,13,10,5,2,1,3,14,3,17,5,15,20
178411,13,10,5,0,0,2,1,0,3,2,1,3
178420,13,10,5,1,2,8,11,3,19,9,13,22
178615,13,10,5,0,0,0,1,0,1,0,1,1
178624,13,10,5,0,0,3,1,0,4,3,1,4
178679,13,10,5,0,0,1,1,0,2,1,1,2
178721,13,10,5,0,0,0,2,0,2,0,2,2
179326,13,10,5,0,0,0,1,0,1,0,1,1
179557,13,10,5,0,0,3,0,0,3,3,0,3
179566,13,10,5,1,1,14,9,2,23,15,10,25
179867,13,10,5,0,3,3,5,3,8,3,8,11
179894,13,10,5,0,0,10,20,0,30,10,20,30
180179,13,10,5,0,0,0,1,0,1,0,1,1
180258,13,10,5,0,0,0,2,0,2,0,2,2
180416,13,10,5,0,0,1,0,0,1,1,0,1
180461,13,10,5,2,1,7,7,3,14,9,8,17
180522,13,10,5,0,0,0,1,0,1,0,1,1
180814,13,10,5,3,4,1,3,7,4,4,7,11
180948,13,10,5,0,0,1,1,0,2,1,1,2
181002,13,10,5,0,1,4,8,1,12,4,9,13
181020,13,10,5,1,0,0,1,1,1,1,1,2
181215,13,10,5,0,0,4,6,0,10,4,6,10
181297,13,10,5,0,1,0,0,1,0,0,1,1
181394,13,10,5,1,3,6,7,4,13,7,10,17
181428,13,10,5,0,0,0,2,0,2,0,2,2
181464,13,10,5,4,2,10,9,6,19,14,11,25
181604,13,10,5,0,0,0,1,0,1,0,1,1
182281,13,10,5,4,5,13,10,9,23,17,15,32
182290,13,10,5,0,1,14,13,1,27,14,14,28
182670,13,10,5,1,0,1,0,1,1,2,0,2
182829,13,10,5,3,0,2,1,3,3,5,1,6
183026,13,10,5,10,14,55,77,24,132,65,91,156
183044,13,10,5,0,1,10,10,1,20,10,11,21
183062,13,10,5,0,0,1,0,0,1,1,0,1
183080,13,10,5,0,0,0,1,0,1,0,1,1
183257,13,10,5,0,0,0,1,0,1,0,1,1
183910,13,10,5,0,0,2,5,0,7,2,5,7
184603,13,10,5,0,2,5,21,2,26,5,23,28
184612,13,10,5,0,0,1,2,0,3,1,2,3
184694,13,10,5,0,1,0,0,1,0,0,1,1
184773,13,10,5,0,1,2,5,1,7,2,6,8
184782,13,10,5,0,1,2,3,1,5,2,4,6
185262,13,10,5,0,0,3,13,0,16,3,13,16
185572,13,10,5,0,3,2,9,3,11,2,12,14
185590,13,10,5,1,0,24,16,1,40,25,16,41
185758,13,10,5,1,0,8,7,1,15,9,7,16
185828,13,10,5,0,0,3,0,0,3,3,0,3
186201,13,10,5,0,0,1,1,0,2,1,1,2
186283,13,10,5,0,0,4,2,0,6,4,2,6
186371,13,10,5,1,0,2,1,1,3,3,1,4
186380,13,10,5,0,1,11,20,1,31,11,21,32
186399,13,10,5,1,3,1,1,4,2,2,4,6
186432,13,10,5,0,0,0,2,0,2,0,2,2
186584,13,10,5,0,1,14,16,1,30,14,17,31
186618,13,10,5,0,0,0,1,0,1,0,1,1
186867,13,10,5,1,0,4,1,1,5,5,1,6
186876,13,10,5,0,0,0,2,0,2,0,2,2
187046,13,10,5,0,1,6,6,1,12,6,7,13
187444,13,10,5,0,0,9,14,0,23,9,14,23
187648,13,10,5,1,1,1,4,2,5,2,5,7
187897,13,10,5,8,2,6,8,10,14,14,10,24
187967,13,10,5,0,0,7,12,0,19,7,12,19
187985,13,10,5,1,3,12,16,4,28,13,19,32
188030,13,10,5,1,3,9,10,4,19,10,13,23
188207,13,10,5,0,2,0,0,2,0,0,2,2
188429,13,10,5,0,0,1,2,0,3,1,2,3
188641,13,10,5,0,0,0,1,0,1,0,1,1
189705,13,10,5,0,1,0,1,1,1,0,2,2
190044,13,10,5,1,0,0,1,1,1,1,1,2
190415,13,10,5,1,2,2,0,3,2,3,2,5
190424,13,10,5,1,0,0,1,1,1,1,1,2
191126,13,10,5,0,2,0,0,2,0,0,2,2
191205,13,10,5,0,1,0,0,1,0,0,1,1
191241,13,10,5,4,7,11,9,11,20,15,16,31
191649,13,10,5,0,0,1,8,0,9,1,8,9
191676,13,10,5,0,0,1,0,0,1,1,0,1
192323,13,10,5,0,0,0,2,0,2,0,2,2
192448,13,10,5,1,1,2,7,2,9,3,8,11
192703,13,10,5,0,1,1,0,1,1,1,1,2
192749,13,10,5,0,1,1,3,1,4,1,4,5
193016,13,10,5,0,1,3,4,1,7,3,5,8
193292,13,10,5,0,0,0,4,0,4,0,4,4
193399,13,10,5,1,0,0,0,1,0,1,0,1
193584,13,10,5,0,0,1,0,0,1,1,0,1
193654,13,10,5,2,2,0,2,4,2,2,4,6
193830,13,10,5,0,0,1,3,0,4,1,3,4
193900,13,10,5,3,2,9,14,5,23,12,16,28
193973,13,10,5,1,0,0,0,1,0,1,0,1
194310,13,10,5,0,0,4,12,0,16,4,12,16
194578,13,10,5,0,2,0,0,2,0,0,2,2
195003,13,10,5,2,0,1,1,2,2,3,1,4
195128,13,10,5,0,0,0,1,0,1,0,1,1
195155,13,10,5,0,0,9,6,0,15,9,6,15
195234,13,10,5,0,0,0,1,0,1,0,1,1
195243,13,10,5,0,0,1,0,0,1,1,0,1
195544,13,10,5,0,0,1,1,0,2,1,1,2
195720,13,10,5,0,4,1,2,4,3,1,6,7
196060,13,10,5,1,1,14,5,2,19,15,6,21
196079,13,10,5,0,1,5,3,1,8,5,4,9
196088,13,10,5,1,3,5,5,4,10,6,8,14
196097,13,10,5,3,1,6,6,4,12,9,7,16
196112,13,10,5,0,0,2,0,0,2,2,0,2
196121,13,10,5,0,0,2,0,0,2,2,0,2
196130,13,10,5,0,0,0,2,0,2,0,2,2
196176,13,10,5,1,0,0,2,1,2,1,2,3
196185,13,10,5,0,0,0,1,0,1,0,1,1
196194,13,10,5,0,0,1,1,0,2,1,1,2
196219,13,10,5,0,1,0,0,1,0,0,1,1
196246,13,10,5,0,0,0,1,0,1,0,1,1
196255,13,10,5,0,1,0,1,1,1,0,2,2
196264,13,10,5,0,1,5,5,1,10,5,6,11
196291,13,10,5,0,0,3,0,0,3,3,0,3
196413,13,10,5,2,2,7,8,4,15,9,10,19
196468,13,10,5,1,9,0,6,10,6,1,15,16
196884,13,10,5,2,4,5,2,6,7,7,6,13
197045,13,10,5,0,0,1,2,0,3,1,2,3
197708,13,10,5,1,7,7,6,8,13,8,13,21
197869,13,10,5,0,0,1,1,0,2,1,1,2
198136,13,10,5,1,4,3,3,5,6,4,7,11
198464,13,10,5,1,1,1,9,2,10,2,10,12
198507,13,10,5,0,1,0,0,1,0,0,1,1
198543,13,10,5,0,1,3,6,1,9,3,7,10
198598,13,10,5,0,0,1,0,0,1,1,0,1
198835,13,10,5,2,1,7,6,3,13,9,7,16
198969,13,10,5,0,0,0,1,0,1,0,1,1
199102,13,10,5,0,0,5,2,0,7,5,2,7
199120,13,10,5,3,1,6,6,4,12,9,7,16
199139,13,10,5,0,1,4,13,1,17,4,14,18
199148,13,10,5,2,3,4,9,5,13,6,12,18
199157,13,10,5,1,1,2,3,2,5,3,4,7
199193,13,10,5,4,1,9,2,5,11,13,3,16
199218,13,10,5,0,2,3,5,2,8,3,7,10
199281,13,10,5,0,0,0,3,0,3,0,3,3
199412,13,10,5,1,1,1,0,2,1,2,1,3
199607,13,10,5,0,0,1,0,0,1,1,0,1
199759,13,10,5,11,0,7,9,11,16,18,9,27
199865,13,10,5,1,0,0,0,1,0,1,0,1
199971,13,10,5,2,1,0,0,3,0,2,1,3
200004,13,10,5,0,0,0,1,0,1,0,1,1
200217,13,10,5,0,1,0,0,1,0,0,1,1
200280,13,10,5,2,0,8,2,2,10,10,2,12
200332,13,10,5,0,0,1,2,0,3,1,2,3
200697,13,10,5,0,0,2,0,0,2,2,0,2
200800,13,10,5,0,1,1,4,1,5,1,5,6
201441,13,10,5,0,0,2,3,0,5,2,3,5
201548,13,10,5,1,1,0,0,2,0,1,1,2
201645,13,10,5,2,1,3,6,3,9,5,7,12
201885,13,10,5,2,0,8,10,2,18,10,10,20
201964,13,10,5,4,7,1,1,11,2,5,8,13
202480,13,10,5,2,3,2,0,5,2,4,3,7
202763,13,10,5,0,0,2,0,0,2,2,0,2
203067,13,10,5,4,4,1,3,8,4,5,7,12
203368,13,10,5,0,0,1,5,0,6,1,5,6
203517,13,10,5,1,1,4,8,2,12,5,9,14
203775,13,10,5,0,0,1,1,0,2,1,1,2
204024,13,10,5,0,1,6,4,1,10,6,5,11
204194,13,10,5,0,1,0,0,1,0,0,1,1
204200,13,10,5,0,0,0,2,0,2,0,2,2
204477,13,10,5,0,0,1,0,0,1,1,0,1
204617,13,10,5,0,0,0,2,0,2,0,2,2
204635,13,10,5,1,1,0,0,2,0,1,1,2
204796,13,10,5,2,2,7,9,4,16,9,11,20
204857,13,10,5,2,2,10,5,4,15,12,7,19
205443,13,10,5,0,0,2,1,0,3,2,1,3
206279,13,10,5,2,4,3,4,6,7,5,8,13
206349,13,10,5,0,0,0,3,0,3,0,3,3
206604,13,10,5,1,0,2,0,1,2,3,0,3
206622,13,10,5,0,1,5,1,1,6,5,2,7
206695,13,10,5,0,0,2,4,0,6,2,4,6
206862,13,10,5,1,2,1,2,3,3,2,4,6
207209,13,10,5,1,0,0,1,1,1,1,1,2
207263,13,10,5,0,0,2,4,0,6,2,4,6
207306,13,10,5,0,1,0,0,1,0,0,1,1
207315,13,10,5,2,0,1,1,2,2,3,1,4
207324,13,10,5,0,0,2,3,0,5,2,3,5
207342,13,10,5,0,1,0,1,1,1,0,2,2
207388,13,10,5,2,0,5,2,2,7,7,2,9
207500,13,10,5,1,1,12,12,2,24,13,13,26
207582,13,10,5,4,11,0,4,15,4,4,15,19
207847,13,10,5,0,0,2,1,0,3,2,1,3
207865,13,10,5,0,0,0,1,0,1,0,1,1
207971,13,10,5,0,0,2,0,0,2,2,0,2
208646,13,10,5,0,0,1,4,0,5,1,4,5
208822,13,10,5,0,1,6,17,1,23,6,18,24
209490,13,10,5,0,0,1,0,0,1,1,0,1
209506,13,10,5,0,0,0,1,0,1,0,1,1
209542,13,10,5,0,2,23,22,2,45,23,24,47
209551,13,10,5,3,1,1,1,4,2,4,2,6
209603,13,10,5,1,0,0,2,1,2,1,2,3
209612,13,10,5,3,5,0,0,8,0,3,5,8
209807,13,10,5,2,4,12,14,6,26,14,18,32
209922,13,10,5,0,0,1,0,0,1,1,0,1
210429,13,10,5,2,1,1,1,3,2,3,2,5
210739,13,10,5,0,0,1,0,0,1,1,0,1
210775,13,10,5,0,2,0,1,2,1,0,3,3
211088,13,10,5,0,0,1,3,0,4,1,3,4
211130,13,10,5,2,4,1,4,6,5,3,8,11
211352,13,10,5,0,0,1,2,0,3,1,2,3
211431,13,10,5,0,0,1,6,0,7,1,6,7
211440,13,10,5,2,0,0,0,2,0,2,0,2
211556,13,10,5,0,0,1,0,0,1,1,0,1
211583,13,10,5,0,1,0,0,1,0,0,1,1
212054,13,10,5,0,0,5,14,0,19,5,14,19
212106,13,10,5,1,2,1,2,3,3,2,4,6
212115,13,10,5,0,0,1,0,0,1,1,0,1
212133,13,10,5,7,8,11,11,15,22,18,19,37
212197,13,10,5,0,0,1,0,0,1,1,0,1
212601,13,10,5,0,0,0,2,0,2,0,2,2
212674,13,10,5,0,0,7,2,0,9,7,2,9
212771,13,10,5,3,2,2,7,5,9,5,9,14
212984,13,10,5,0,0,1,2,0,3,1,2,3
213011,13,10,5,0,0,0,2,0,2,0,2,2
213020,13,10,5,0,0,5,8,0,13,5,8,13
213321,13,10,5,0,1,1,0,1,1,1,1,2
213349,13,10,5,1,0,1,3,1,4,2,3,5
213367,13,10,5,0,0,1,2,0,3,1,2,3
213446,13,10,5,1,3,0,2,4,2,1,5,6
213507,13,10,5,0,0,1,0,0,1,1,0,1
213598,13,10,5,1,1,0,0,2,0,1,1,2
213996,13,10,5,0,0,1,3,0,4,1,3,4
214041,13,10,5,0,0,0,1,0,1,0,1,1
214157,13,10,5,0,0,1,8,0,9,1,8,9
214272,13,10,5,0,0,1,2,0,3,1,2,3
214713,13,10,5,0,0,4,2,0,6,4,2,6
214777,13,10,5,1,0,3,1,1,4,4,1,5
214883,13,10,5,0,0,2,1,0,3,2,1,3
215062,13,10,5,5,4,5,6,9,11,10,10,20
215123,13,10,5,1,0,0,0,1,0,1,0,1
215293,13,10,5,2,1,2,6,3,8,4,7,11
215424,13,10,5,6,8,1,0,14,1,7,8,15
215442,13,10,5,0,0,3,3,0,6,3,3,6
215743,13,10,5,0,1,0,0,1,0,0,1,1
215798,13,10,5,0,0,1,0,0,1,1,0,1
215929,13,10,5,0,0,1,4,0,5,1,4,5
216010,13,10,5,0,0,1,0,0,1,1,0,1
216038,13,10,5,0,0,2,1,0,3,2,1,3
216339,13,10,5,4,4,7,11,8,18,11,15,26
216366,13,10,5,2,1,1,11,3,12,3,12,15
216542,13,10,5,0,0,2,1,0,3,2,1,3
216597,13,10,5,2,1,7,1,3,8,9,2,11
216694,13,10,5,1,0,0,2,1,2,1,2,3
216764,13,10,5,0,0,7,11,0,18,7,11,18
216852,13,10,5,2,1,0,5,3,5,2,6,8
216931,13,10,5,0,4,1,8,4,9,1,12,13
217165,13,10,5,0,0,1,3,0,4,1,3,4
217402,13,10,5,1,0,0,2,1,2,1,2,3
217420,13,10,5,0,0,1,8,0,9,1,8,9
217536,13,10,5,1,0,2,7,1,9,3,7,10
217633,13,10,5,9,1,2,2,10,4,11,3,14
217688,13,10,5,0,0,1,2,0,3,1,2,3
217749,13,10,5,0,0,4,6,0,10,4,6,10
217819,13,10,5,0,0,3,6,0,9,3,6,9
217864,13,10,5,0,0,12,2,0,14,12,2,14
217882,13,10,5,4,0,4,6,4,10,8,6,14
217925,13,10,5,1,1,17,12,2,29,18,13,31
217961,13,10,5,2,1,0,0,3,0,2,1,3
218229,13,10,5,0,0,1,0,0,1,1,0,1
218335,13,10,5,2,0,0,1,2,1,2,1,3
218441,13,10,5,0,1,1,1,1,2,1,2,3
218645,13,10,5,1,0,0,3,1,3,1,3,4
218663,13,10,5,4,3,20,18,7,38,24,21,45
218724,13,10,5,0,0,4,3,0,7,4,3,7
218733,13,10,5,0,1,2,3,1,5,2,4,6
218742,13,10,5,0,1,0,1,1,1,0,2,2
219082,13,10,5,0,0,1,0,0,1,1,0,1
219204,13,10,5,2,4,2,0,6,2,4,4,8
219259,13,10,5,0,0,1,1,0,2,1,1,2
219277,13,10,5,0,0,1,1,0,2,1,1,2
219347,13,10,5,0,0,1,0,0,1,1,0,1
219471,13,10,5,2,1,4,1,3,5,6,2,8
219602,13,10,5,0,0,3,4,0,7,3,4,7
219806,13,10,5,0,0,0,2,0,2,0,2,2
219833,13,10,5,0,0,0,2,0,2,0,2,2
220075,13,10,5,0,2,5,5,2,10,5,7,12
220215,13,10,5,0,0,1,2,0,3,1,2,3
220473,13,10,5,1,2,2,0,3,2,3,2,5
220516,13,10,5,0,0,0,1,0,1,0,1,1
220792,13,10,5,2,0,0,0,2,0,2,0,2
220862,13,10,5,1,3,7,15,4,22,8,18,26
220978,13,10,5,0,1,8,11,1,19,8,12,20
221519,13,10,5,0,2,1,0,2,1,1,2,3
221740,13,10,5,0,0,6,2,0,8,6,2,8
221759,13,10,5,1,2,17,5,3,22,18,7,25
221768,13,10,5,0,0,1,3,0,4,1,3,4
221838,13,10,5,1,1,9,10,2,19,10,11,21
221847,13,10,5,0,0,2,2,0,4,2,2,4
221999,13,10,5,1,3,4,1,4,5,5,4,9
222178,13,10,5,0,1,6,15,1,21,6,16,22
222831,13,10,5,1,0,1,1,1,2,2,1,3
223232,13,10,5,3,3,7,6,6,13,10,9,19
224147,13,10,5,0,0,3,5,0,8,3,5,8
224323,13,10,5,0,0,1,1,0,2,1,1,2
224554,13,10,5,1,4,15,16,5,31,16,20,36
225247,13,10,5,0,1,1,0,1,1,1,1,2
225399,13,10,5,0,1,9,10,1,19,9,11,20
225414,13,10,5,0,0,7,10,0,17,7,10,17
225432,13,10,5,0,0,1,3,0,4,1,3,4
225548,13,10,5,0,1,2,1,1,3,2,2,4
226383,13,10,5,0,0,1,0,0,1,1,0,1
226471,13,10,5,0,0,0,2,0,2,0,2,2
227216,13,10,5,2,1,8,12,3,20,10,13,23
227331,13,10,5,3,0,0,1,3,1,3,1,4
227368,13,10,5,1,0,17,9,1,26,18,9,27
227526,13,10,5,0,0,2,4,0,6,2,4,6
227757,13,10,5,1,0,7,4,1,11,8,4,12
227845,13,10,5,0,0,1,3,0,4,1,3,4
227863,13,10,5,0,0,14,12,0,26,14,12,26
227881,13,10,5,0,0,5,2,0,7,5,2,7
228149,13,10,5,0,0,1,1,0,2,1,1,2
228246,13,10,5,1,1,16,21,2,37,17,22,39
228431,13,10,5,1,0,4,2,1,6,5,2,7
228459,13,10,5,3,2,9,6,5,15,12,8,20
228501,13,10,5,0,0,2,2,0,4,2,2,4
228529,13,10,5,2,1,6,3,3,9,8,4,12
228644,13,10,5,0,0,0,1,0,1,0,1,1
228653,13,10,5,4,7,1,2,11,3,5,9,14
228705,13,10,5,2,0,4,1,2,5,6,1,7
228723,13,10,5,5,1,9,15,6,24,14,16,30
228769,13,10,5,2,3,14,17,5,31,16,20,36
228778,13,10,5,3,2,3,2,5,5,6,4,10
228787,13,10,5,3,2,13,16,5,29,16,18,34
228796,13,10,5,2,1,7,5,3,12,9,6,15
228802,13,10,5,0,0,3,4,0,7,3,4,7
228875,13,10,5,0,0,2,1,0,3,2,1,3
229018,13,10,5,0,1,4,1,1,5,4,2,6
229027,13,10,5,1,0,7,6,1,13,8,6,14
229063,13,10,5,3,2,4,5,5,9,7,7,14
229115,13,10,5,0,3,7,4,3,11,7,7,14
229179,13,10,5,3,0,2,9,3,11,5,9,14
229337,13,10,5,0,1,2,4,1,6,2,5,7
229780,13,10,5,2,0,4,6,2,10,6,6,12
229814,13,10,5,1,0,2,2,1,4,3,2,5
230038,13,10,5,0,0,3,2,0,5,3,2,5
230603,13,10,5,0,0,6,2,0,8,6,2,8
230728,13,10,5,0,1,7,11,1,18,7,12,19
230764,13,10,5,3,2,2,1,5,3,5,3,8
230782,13,10,5,0,0,0,2,0,2,0,2,2
230816,13,10,5,0,5,0,0,5,0,0,5,5
230834,13,10,5,0,0,0,11,0,11,0,11,11
230852,13,10,5,0,0,2,1,0,3,2,1,3
230913,13,10,5,0,0,1,3,0,4,1,3,4
230959,13,10,5,0,0,0,1,0,1,0,1,1
231174,13,10,5,0,0,2,2,0,4,2,2,4
231420,13,10,5,0,0,1,0,0,1,1,0,1
231624,13,10,5,1,0,2,1,1,3,3,1,4
232043,13,10,5,0,0,1,1,0,2,1,1,2
232186,13,10,5,7,9,25,18,16,43,32,27,59
232308,13,10,5,0,0,1,2,0,3,1,2,3
232557,13,10,5,206,235,271,311,441,582,477,546,1023
232566,13,10,5,0,0,1,1,0,2,1,1,2
232609,13,10,5,2,2,1,3,4,4,3,5,8
232706,13,10,5,0,0,5,18,0,23,5,18,23
232982,13,10,5,0,0,15,10,0,25,15,10,25
233277,13,10,5,0,0,2,5,0,7,2,5,7
233374,13,10,5,0,0,1,0,0,1,1,0,1
233541,13,10,5,2,0,4,3,2,7,6,3,9
233921,13,10,5,0,0,13,2,0,15,13,2,15
234030,13,10,5,1,1,3,3,2,6,4,4,8
234076,13,10,5,4,0,8,7,4,15,12,7,19
234155,13,10,5,0,1,1,0,1,1,1,1,2
235097,13,10,5,2,2,4,5,4,9,6,7,13
235316,13,10,5,0,3,1,3,3,4,1,6,7
235547,13,10,5,0,1,0,1,1,1,0,2,2
236452,13,10,5,0,0,1,0,0,1,1,0,1
236577,13,10,5,0,0,4,2,0,6,4,2,6
236595,13,10,5,0,0,1,2,0,3,1,2,3
236896,13,10,5,0,1,0,0,1,0,0,1,1
236939,13,10,5,1,1,0,3,2,3,1,4,5
237011,13,10,5,1,0,4,2,1,6,5,2,7
237066,13,10,5,0,0,1,1,0,2,1,1,2
237312,13,10,5,1,0,2,2,1,4,3,2,5
237525,13,10,5,1,0,3,7,1,10,4,7,11
237792,13,10,5,0,2,0,1,2,1,0,3,3
237899,13,10,5,0,0,0,2,0,2,0,2,2
237969,13,10,5,0,0,1,1,0,2,1,1,2
238032,13,10,5,4,1,2,5,5,7,6,6,12
238193,13,10,5,0,4,0,1,4,1,0,5,5
239071,13,10,5,0,0,1,2,0,3,1,2,3
239105,13,10,5,0,0,0,2,0,2,0,2,2
239169,13,10,5,0,0,1,1,0,2,1,1,2
239716,13,10,5,0,0,0,3,0,3,0,3,3
240107,13,10,5,0,0,1,0,0,1,1,0,1
240189,13,10,5,0,0,1,3,0,4,1,3,4
240329,13,10,5,0,0,1,1,0,2,1,1,2
240365,13,10,5,0,1,2,0,1,2,2,1,3
240374,13,10,5,0,0,1,0,0,1,1,0,1
240417,13,10,5,0,0,2,4,0,6,2,4,6
240426,13,10,5,0,1,0,2,1,2,0,3,3
240444,13,10,5,1,2,1,2,3,3,2,4,6
240453,13,10,5,3,4,6,3,7,9,9,7,16
240462,13,10,5,0,0,1,0,0,1,1,0,1
240471,13,10,5,0,0,0,1,0,1,0,1,1
240727,13,10,5,0,0,4,6,0,10,4,6,10
241225,13,10,5,1,0,4,1,1,5,5,1,6
241377,13,10,5,0,0,0,3,0,3,0,3,3
241395,13,10,5,0,1,1,0,1,1,1,1,2
241410,13,10,5,2,0,1,4,2,5,3,4,7
241739,13,10,5,1,2,2,1,3,3,3,3,6
242617,13,10,5,1,1,1,0,2,1,2,1,3
242653,13,10,5,0,0,9,8,0,17,9,8,17
242662,13,10,5,0,1,2,0,1,2,2,1,3
242680,13,10,5,0,1,0,0,1,0,0,1,1
242723,13,10,5,1,0,0,0,1,0,1,0,1
243203,13,10,5,1,1,0,0,2,0,1,1,2
243221,13,10,5,5,7,5,2,12,7,10,9,19
243346,13,10,5,2,0,0,1,2,1,2,1,3
243443,13,10,5,0,0,1,1,0,2,1,1,2
243577,13,10,5,1,0,0,0,1,0,1,0,1
243601,13,10,5,2,3,4,3,5,7,6,6,12
243744,13,10,5,3,3,3,4,6,7,6,7,13
243780,13,10,5,1,0,11,4,1,15,12,4,16
246789,13,10,5,4,3,13,5,7,18,17,8,25
248934,13,10,5,1,0,0,0,1,0,1,0,1
262086,13,10,5,0,5,5,11,5,16,5,16,21
363907,13,10,5,1,0,0,0,1,0,1,0,1
366003,13,10,5,1,0,1,3,1,4,2,3,5
366711,13,10,5,0,0,1,2,0,3,1,2,3
367954,13,10,5,0,1,3,1,1,4,3,2,5
385415,13,10,5,0,0,0,2,0,2,0,2,2
409254,13,10,5,0,0,0,5,0,5,0,5,5
414966,13,10,5,0,0,7,7,0,14,7,7,14
420246,13,10,5,0,1,0,1,1,1,0,2,2
423643,13,10,5,0,0,0,1,0,1,0,1,1
426314,13,10,5,1,2,2,0,3,2,3,2,5
433387,13,10,5,55,100,0,0,155,0,55,100,155
438586,13,10,5,0,0,0,1,0,1,0,1,1
440828,13,10,5,0,1,1,0,1,1,1,1,2
441131,13,10,5,0,0,0,1,0,1,0,1,1
441937,13,10,5,0,0,0,1,0,1,0,1,1
443049,13,10,5,3,1,4,3,4,7,7,4,11
443058,13,10,5,2,3,9,2,5,11,11,5,16
445027,13,10,5,43,67,5,5,110,10,48,72,120
447698,13,10,5,0,2,0,1,2,1,0,3,3
448673,13,10,5,0,0,0,1,0,1,0,1,1
449481,13,10,5,0,1,0,0,1,0,0,1,1
449889,13,10,5,19,32,0,0,51,0,19,32,51
450933,13,10,5,32,21,0,0,53,0,32,21,53
451079,13,10,5,1,0,0,0,1,0,1,0,1
454227,13,10,5,0,2,8,62,2,70,8,64,72
458210,13,10,5,0,2,1,2,2,3,1,4,5
459736,13,10,5,0,2,0,1,2,1,0,3,3
459949,13,10,5,0,0,0,2,0,2,0,2,2
460349,13,10,5,0,0,1,1,0,2,1,1,2
474863,13,10,5,2,2,1,1,4,2,3,3,6
476975,13,10,5,0,0,8,1,0,9,8,1,9
477039,13,10,5,0,0,1,1,0,2,1,1,2
479956,13,10,5,0,0,12,2,0,14,12,2,14
480569,13,10,5,0,0,1,0,0,1,1,0,1
482149,13,10,5,2,0,1,8,2,9,3,8,11
482158,13,10,5,1,2,2,2,3,4,3,4,7
482413,13,10,5,0,0,1,1,0,2,1,1,2
482431,13,10,5,0,0,0,1,0,1,0,1,1
482477,13,10,5,0,0,8,15,0,23,8,15,23
482653,13,10,5,0,0,0,2,0,2,0,2,2
482680,13,10,5,0,0,2,2,0,4,2,2,4
482705,13,10,5,1,3,10,15,4,25,11,18,29
483036,13,10,5,0,1,1,0,1,1,1,1,2
483124,13,10,5,7,4,52,36,11,88,59,40,99
483595,13,10,5,0,2,2,6,2,8,2,8,10
484613,13,10,5,97,181,0,0,278,0,97,181,278
484631,13,10,5,0,1,0,0,1,0,0,1,1
484905,13,10,5,0,0,0,1,0,1,0,1,1
486840,13,10,5,3,2,10,9,5,19,13,11,24
487010,13,10,5,0,0,0,1,0,1,0,1,1
487995,13,10,5,0,0,1,1,0,2,1,1,2
488031,13,10,5,1,3,0,0,4,0,1,3,4
489335,13,10,5,0,0,4,0,0,4,4,0,4
489779,13,10,5,6,12,11,53,18,64,17,65,82
490753,13,10,5,1,10,0,0,11,0,1,10,11
490805,13,10,5,0,0,1,1,0,2,1,1,2
491808,13,10,5,1,5,0,3,6,3,1,8,9
492209,13,10,5,2,2,0,1,4,1,2,3,5
497107,13,10,5,0,0,2,3,0,5,2,3,5
497480,13,10,5,0,0,0,2,0,2,0,2,2
498571,13,10,5,2,3,8,7,5,15,10,10,20
100830,14,11,1,1,0,1,2,1,3,2,2,4
101189,14,11,1,0,0,2,0,0,2,2,0,2
101480,14,11,1,1,0,0,0,1,0,1,0,1
101587,14,11,1,19,79,6,24,98,30,25,103,128
101602,14,11,1,290,469,588,582,759,1170,878,1051,1929
102234,14,11,1,1,0,0,0,1,0,1,0,1
102377,14,11,1,106,6,1,0,112,1,107,6,113
102614,14,11,1,0,0,3,3,0,6,3,3,6
102632,14,11,1,0,0,1,0,0,1,1,0,1
104151,14,11,1,1,0,2,2,1,4,3,2,5
104160,14,11,1,1,1,16,16,2,32,17,17,34
104346,14,11,1,1,0,1,0,1,1,2,0,2
104708,14,11,1,0,4,0,3,4,3,0,7,7
105145,14,11,1,0,1,0,4,1,4,0,5,5
105154,14,11,1,0,3,0,2,3,2,0,5,5
105428,14,11,1,0,0,0,4,0,4,0,4,4
105525,14,11,1,0,0,13,13,0,26,13,13,26
105668,14,11,1,0,1,0,1,1,1,0,2,2
105747,14,11,1,0,1,0,4,1,4,0,5,5
105792,14,11,1,0,0,0,1,0,1,0,1,1
106263,14,11,1,0,8,0,5,8,5,0,13,13
107080,14,11,1,0,0,0,1,0,1,0,1,1
107141,14,11,1,0,0,0,1,0,1,0,1,1
108232,14,11,1,23,46,26,54,69,80,49,100,149
108807,14,11,1,0,0,0,4,0,4,0,4,4
108852,14,11,1,0,1,0,0,1,0,0,1,1
109785,14,11,1,21,60,45,143,81,188,66,203,269
109819,14,11,1,0,0,2,1,0,3,2,1,3
110097,14,11,1,0,0,0,1,0,1,0,1,1
110316,14,11,1,1,1,0,2,2,2,1,3,4
110334,14,11,1,0,0,1,0,0,1,1,0,1
111434,14,11,1,0,0,1,1,0,2,1,1,2
111461,14,11,1,0,0,1,1,0,2,1,1,2
111887,14,11,1,0,0,8,0,0,8,8,0,8
112075,14,11,1,1,0,0,0,1,0,1,0,1
112251,14,11,1,0,0,0,1,0,1,0,1,1
112385,14,11,1,0,0,2,0,0,2,2,0,2
112686,14,11,1,0,0,0,1,0,1,0,1,1
112826,14,11,1,0,0,0,1,0,1,0,1,1
113193,14,11,1,0,0,2,1,0,3,2,1,3
113236,14,11,1,0,0,1,0,0,1,1,0,1
113698,14,11,1,1,0,0,0,1,0,1,0,1
113856,14,11,1,0,0,2,2,0,4,2,2,4
113980,14,11,1,0,0,1,1,0,2,1,1,2
114266,14,11,1,0,0,0,1,0,1,0,1,1
114433,14,11,1,0,0,0,1,0,1,0,1,1
114716,14,11,1,0,0,1,0,0,1,1,0,1
114813,14,11,1,1,4,3,7,5,10,4,11,15
114859,14,11,1,1,0,2,0,1,2,3,0,3
115083,14,11,1,80,39,0,7,119,7,80,46,126
116846,14,11,1,1,0,0,0,1,0,1,0,1
117104,14,11,1,0,0,1,0,0,1,1,0,1
117195,14,11,1,0,0,1,1,0,2,1,1,2
117247,14,11,1,0,0,0,1,0,1,0,1,1
117274,14,11,1,0,0,3,2,0,5,3,2,5
117645,14,11,1,0,0,1,1,0,2,1,1,2
117724,14,11,1,0,0,2,1,0,3,2,1,3
117733,14,11,1,1,0,2,1,1,3,3,1,4
117788,14,11,1,0,0,0,1,0,1,0,1,1
117867,14,11,1,0,0,1,1,0,2,1,1,2
118684,14,11,1,0,0,0,1,0,1,0,1,1
118718,14,11,1,0,0,3,5,0,8,3,5,8
118772,14,11,1,0,0,0,1,0,1,0,1,1
119058,14,11,1,0,0,0,1,0,1,0,1,1
119137,14,11,1,0,0,0,1,0,1,0,1,1
119164,14,11,1,0,0,1,0,0,1,1,0,1
119331,14,11,1,0,0,1,0,0,1,1,0,1
120184,14,11,1,0,0,1,4,0,5,1,4,5
120290,14,11,1,0,0,0,1,0,1,0,1,1
120421,14,11,1,0,1,0,0,1,0,0,1,1
120953,14,11,1,0,0,3,0,0,3,3,0,3
120971,14,11,1,0,0,1,1,0,2,1,1,2
121619,14,11,1,0,0,4,3,0,7,4,3,7
121707,14,11,1,0,0,4,4,0,8,4,4,8
121886,14,11,1,0,0,1,0,0,1,1,0,1
122375,14,11,1,1,0,0,0,1,0,1,0,1
122746,14,11,1,0,0,2,0,0,2,2,0,2
122791,14,11,1,0,0,1,0,0,1,1,0,1
122889,14,11,1,0,1,0,1,1,1,0,2,2
123341,14,11,1,1,0,4,1,1,5,5,1,6
123457,14,11,1,4,3,0,0,7,0,4,3,7
123509,14,11,1,0,0,1,1,0,2,1,1,2
123563,14,11,1,1,0,0,0,1,0,1,0,1
123800,14,11,1,0,0,2,0,0,2,2,0,2
123952,14,11,1,1,0,0,0,1,0,1,0,1
124113,14,11,1,0,0,5,1,0,6,5,1,6
125028,14,11,1,0,1,2,0,1,2,2,1,3
125231,14,11,1,7,5,2,1,12,3,9,6,15
125462,14,11,1,0,0,1,1,0,2,1,1,2
125471,14,11,1,0,0,0,1,0,1,0,1,1
125499,14,11,1,0,0,1,0,0,1,1,0,1
125763,14,11,1,0,0,1,0,0,1,1,0,1
126119,14,11,1,0,0,0,1,0,1,0,1,1
127653,14,11,1,0,0,2,3,0,5,2,3,5
127884,14,11,1,2,3,0,0,5,0,2,3,5
127918,14,11,1,0,0,0,1,0,1,0,1,1
128780,14,11,1,0,0,0,2,0,2,0,2,2
129756,14,11,1,0,0,0,1,0,1,0,1,1
130004,14,11,1,0,0,0,7,0,7,0,7,7
130183,14,11,1,0,1,0,0,1,0,0,1,1
130226,14,11,1,0,0,2,1,0,3,2,1,3
130314,14,11,1,0,0,0,1,0,1,0,1,1
130590,14,11,1,1,0,3,0,1,3,4,0,4
130624,14,11,1,14,8,0,0,22,0,14,8,22
130697,14,11,1,0,0,23,10,0,33,23,10,33
130776,14,11,1,0,0,1,0,0,1,1,0,1
130794,14,11,1,0,0,0,1,0,1,0,1,1
131113,14,11,1,3,0,3,4,3,7,6,4,10
131399,14,11,1,0,0,3,2,0,5,3,2,5
131469,14,11,1,0,0,23,84,0,107,23,84,107
131496,14,11,1,1,1,7,3,2,10,8,4,12
131520,14,11,1,0,0,2,4,0,6,2,4,6
132471,14,11,1,0,1,1,0,1,1,1,1,2
133021,14,11,1,0,0,0,1,0,1,0,1,1
133386,14,11,1,0,0,0,1,0,1,0,1,1
133492,14,11,1,0,0,2,0,0,2,2,0,2
133711,14,11,1,0,1,0,0,1,0,0,1,1
133881,14,11,1,0,0,2,0,0,2,2,0,2
135407,14,11,1,1,0,0,0,1,0,1,0,1
136233,14,11,1,0,0,1,0,0,1,1,0,1
136330,14,11,1,0,0,4,5,0,9,4,5,9
137209,14,11,1,0,0,1,0,0,1,1,0,1
137351,14,11,1,0,5,0,4,5,4,0,9,9
137546,14,11,1,0,0,1,0,0,1,1,0,1
137564,14,11,1,92,3,0,2,95,2,92,5,97
137591,14,11,1,1,0,0,0,1,0,1,0,1
138187,14,11,1,15,7,9,14,22,23,24,21,45
138354,14,11,1,33,65,173,502,98,675,206,567,773
138761,14,11,1,0,0,0,3,0,3,0,3,3
138938,14,11,1,0,10,3,6,10,9,3,16,19
139205,14,11,1,0,0,1,1,0,2,1,1,2
139506,14,11,1,0,2,0,0,2,0,0,2,2
140562,14,11,1,0,0,0,1,0,1,0,1,1
140696,14,11,1,6,12,0,0,18,0,6,12,18
140720,14,11,1,1,2,0,0,3,0,1,2,3
140988,14,11,1,0,0,3,1,0,4,3,1,4
141060,14,11,1,0,0,0,1,0,1,0,1,1
142461,14,11,1,5,6,1,0,11,1,6,6,12
142832,14,11,1,2,4,1,12,6,13,3,16,19
144157,14,11,1,0,0,0,1,0,1,0,1,1
144166,14,11,1,0,0,0,3,0,3,0,3,3
144193,14,11,1,2,0,0,0,2,0,2,0,2
144209,14,11,1,0,0,3,2,0,5,3,2,5
144218,14,11,1,0,0,2,1,0,3,2,1,3
144564,14,11,1,0,0,1,0,0,1,1,0,1
144740,14,11,1,0,0,1,0,0,1,1,0,1
144944,14,11,1,0,0,2,0,0,2,2,0,2
144962,14,11,1,0,0,3,10,0,13,3,10,13
145372,14,11,1,0,0,6,12,0,18,6,12,18
145558,14,11,1,0,0,0,1,0,1,0,1,1
145682,14,11,1,0,0,0,1,0,1,0,1,1
145886,14,11,1,1,0,1,0,1,1,2,0,2
146205,14,11,1,0,3,9,4,3,13,9,7,16
146278,14,11,1,0,0,1,1,0,2,1,1,2
146296,14,11,1,1,0,4,3,1,7,5,3,8
146481,14,11,1,0,0,0,1,0,1,0,1,1
146603,14,11,1,0,0,0,1,0,1,0,1,1
146685,14,11,1,0,1,0,8,1,8,0,9,9
147004,14,11,1,0,0,1,0,0,1,1,0,1
147129,14,11,1,0,3,0,0,3,0,0,3,3
147369,14,11,1,1,0,4,3,1,7,5,3,8
147411,14,11,1,3,0,28,22,3,50,31,22,53
147536,14,11,1,2,1,0,6,3,6,2,7,9
147679,14,11,1,0,0,4,0,0,4,4,0,4
147776,14,11,1,2,3,8,8,5,16,10,11,21
147800,14,11,1,2,0,3,11,2,14,5,11,16
147828,14,11,1,0,0,0,2,0,2,0,2,2
148131,14,11,1,0,0,1,0,0,1,1,0,1
148292,14,11,1,0,0,0,1,0,1,0,1,1
148627,14,11,1,0,0,0,1,0,1,0,1,1
148876,14,11,1,0,0,1,0,0,1,1,0,1
148937,14,11,1,0,0,2,0,0,2,2,0,2
148991,14,11,1,0,0,0,1,0,1,0,1,1
149532,14,11,1,7,4,16,13,11,29,23,17,40
149842,14,11,1,0,0,2,1,0,3,2,1,3
150163,14,11,1,0,0,0,1,0,1,0,1,1
150534,14,11,1,1,0,0,0,1,0,1,0,1
150604,14,11,1,0,0,0,1,0,1,0,1,1
150677,14,11,1,0,1,0,0,1,0,0,1,1
150941,14,11,1,0,0,7,0,0,7,7,0,7
150987,14,11,1,1,1,6,11,2,17,7,12,19
151324,14,11,1,0,0,1,2,0,3,1,2,3
151777,14,11,1,1,0,1,0,1,1,2,0,2
152567,14,11,1,0,0,2,2,0,4,2,2,4
152600,14,11,1,0,0,4,4,0,8,4,4,8
152637,14,11,1,11,0,2,1,11,3,13,1,14
152992,14,11,1,0,0,0,1,0,1,0,1,1
153001,14,11,1,0,0,1,0,0,1,1,0,1
153108,14,11,1,1,0,0,0,1,0,1,0,1
153126,14,11,1,0,0,0,1,0,1,0,1,1
153162,14,11,1,1,1,0,0,2,0,1,1,2
153250,14,11,1,1,2,1,1,3,2,2,3,5
153302,14,11,1,0,0,1,0,0,1,1,0,1
153311,14,11,1,0,0,1,2,0,3,1,2,3
153366,14,11,1,0,0,0,1,0,1,0,1,1
153384,14,11,1,1,1,27,20,2,47,28,21,49
153533,14,11,1,0,0,5,10,0,15,5,10,15
153621,14,11,1,3,2,2,2,5,4,5,4,9
153825,14,11,1,0,20,0,0,20,0,0,20,20
154004,14,11,1,0,0,1,1,0,2,1,1,2
154013,14,11,1,5,10,2,2,15,4,7,12,19
154235,14,11,1,1,3,3,3,4,6,4,6,10
154697,14,11,1,0,0,1,0,0,1,1,0,1
154749,14,11,1,0,0,0,2,0,2,0,2,2
154907,14,11,1,3,4,7,12,7,19,10,16,26
154925,14,11,1,0,0,3,7,0,10,3,7,10
154934,14,11,1,1,0,0,0,1,0,1,0,1
155025,14,11,1,0,0,3,1,0,4,3,1,4
155052,14,11,1,0,0,6,6,0,12,6,6,12
155317,14,11,1,0,0,1,0,0,1,1,0,1
155511,14,11,1,0,0,0,1,0,1,0,1,1
155973,14,11,1,0,0,0,2,0,2,0,2,2
156356,14,11,1,3,4,1,0,7,1,4,4,8
156392,14,11,1,0,0,1,1,0,2,1,1,2
157076,14,11,1,1,0,0,0,1,0,1,0,1
157304,14,11,1,0,0,3,0,0,3,3,0,3
157678,14,11,1,0,1,0,0,1,0,0,1,1
159382,14,11,1,0,5,0,0,5,0,0,5,5
159656,14,11,1,0,0,1,1,0,2,1,1,2
159993,14,11,1,0,0,0,2,0,2,0,2,2
160630,14,11,1,0,0,0,38,0,38,0,38,38
160755,14,11,1,0,1,0,0,1,0,0,1,1
161077,14,11,1,0,0,1,3,0,4,1,3,4
161208,14,11,1,1,0,0,0,1,0,1,0,1
161299,14,11,1,0,0,2,0,0,2,2,0,2
161341,14,11,1,3,0,0,0,3,0,3,0,3
161457,14,11,1,0,0,1,1,0,2,1,1,2
161484,14,11,1,0,0,1,0,0,1,1,0,1
161545,14,11,1,0,0,2,1,0,3,2,1,3
161572,14,11,1,3,90,0,13,93,13,3,103,106
161581,14,11,1,0,0,1,0,0,1,1,0,1
161873,14,11,1,0,1,3,3,1,6,3,4,7
162210,14,11,1,0,0,1,0,0,1,1,0,1
162654,14,11,1,0,0,0,5,0,5,0,5,5
162706,14,11,1,0,1,1,0,1,1,1,1,2
163204,14,11,1,0,0,17,19,0,36,17,19,36
163259,14,11,1,0,0,1,4,0,5,1,4,5
163453,14,11,1,0,100,0,0,100,0,0,100,100
163578,14,11,1,0,0,0,2,0,2,0,2,2
164085,14,11,1,0,0,0,8,0,8,0,8,8
164632,14,11,1,0,1,0,11,1,11,0,12,12
164872,14,11,1,0,0,2,3,0,5,2,3,5
164988,14,11,1,0,0,0,1,0,1,0,1,1
165033,14,11,1,6,14,33,63,20,96,39,77,116
165112,14,11,1,2,0,0,9,2,9,2,9,11
165167,14,11,1,0,0,4,5,0,9,4,5,9
165194,14,11,1,0,0,1,0,0,1,1,0,1
165334,14,11,1,13,43,3,2,56,5,16,45,61
165671,14,11,1,0,0,1,2,0,3,1,2,3
165820,14,11,1,0,0,1,2,0,3,1,2,3
165936,14,11,1,0,1,1,2,1,3,1,3,4
165945,14,11,1,4,3,45,20,7,65,49,23,72
165981,14,11,1,0,0,0,1,0,1,0,1,1
166027,14,11,1,0,0,1,0,0,1,1,0,1
166391,14,11,1,0,0,4,9,0,13,4,9,13
166647,14,11,1,1,0,3,4,1,7,4,4,8
166674,14,11,1,31,135,9,9,166,18,40,144,184
166850,14,11,1,1,0,1,4,1,5,2,4,6
166911,14,11,1,0,0,1,0,0,1,1,0,1
167312,14,11,1,0,0,1,0,0,1,1,0,1
167394,14,11,1,1,0,3,5,1,8,4,5,9
167598,14,11,1,0,1,1,10,1,11,1,11,12
167729,14,11,1,0,0,3,4,0,7,3,4,7
167783,14,11,1,0,0,0,2,0,2,0,2,2
167905,14,11,1,2,8,7,22,10,29,9,30,39
168227,14,11,1,0,0,0,4,0,4,0,4,4
168430,14,11,1,1,0,31,27,1,58,32,27,59
168546,14,11,1,1,0,0,0,1,0,1,0,1
168740,14,11,1,0,3,1,1,3,2,1,4,5
169424,14,11,1,1,0,0,0,1,0,1,0,1
169442,14,11,1,2,4,0,0,6,0,2,4,6
169503,14,11,1,0,20,0,0,20,0,0,20,20
169655,14,11,1,0,1,0,0,1,0,0,1,1
169798,14,11,1,0,0,0,1,0,1,0,1,1
169992,14,11,1,0,0,1,0,0,1,1,0,1
170082,14,11,1,2,0,0,2,2,2,2,2,4
170240,14,11,1,0,0,0,1,0,1,0,1,1
170587,14,11,1,0,3,0,0,3,0,0,3,3
170806,14,11,1,0,0,1,1,0,2,1,1,2
171492,14,11,1,1,0,0,0,1,0,1,0,1
172307,14,11,1,0,0,3,0,0,3,3,0,3
172644,14,11,1,0,2,1,1,2,2,1,3,4
173045,14,11,1,2,2,0,0,4,0,2,2,4
173160,14,11,1,2,0,1,0,2,1,3,0,3
173258,14,11,1,19,15,0,1,34,1,19,16,35
173300,14,11,1,0,0,0,2,0,2,0,2,2
173647,14,11,1,3,0,0,0,3,0,3,0,3
173683,14,11,1,0,0,1,3,0,4,1,3,4
174066,14,11,1,0,1,1,0,1,1,1,1,2
174075,14,11,1,0,0,0,1,0,1,0,1,1
174233,14,11,1,1,0,0,2,1,2,1,2,3
175935,14,11,1,1,0,0,0,1,0,1,0,1
176318,14,11,1,41,71,10,1,112,11,51,72,123
176451,14,11,1,3,2,12,9,5,21,15,11,26
176600,14,11,1,0,0,0,1,0,1,0,1,1
176965,14,11,1,7,19,6,7,26,13,13,26,39
177038,14,11,1,37,5,0,1,42,1,37,6,43
177135,14,11,1,4,0,8,13,4,21,12,13,25
177144,14,11,1,4,5,0,0,9,0,4,5,9
177676,14,11,1,0,0,1,1,0,2,1,1,2
177940,14,11,1,0,1,4,6,1,10,4,7,11
177977,14,11,1,0,0,1,2,0,3,1,2,3
178059,14,11,1,0,0,0,1,0,1,0,1,1
178369,14,11,1,0,0,0,1,0,1,0,1,1
178448,14,11,1,1,0,1,3,1,4,2,3,5
178624,14,11,1,0,0,2,2,0,4,2,2,4
178721,14,11,1,0,0,2,1,0,3,2,1,3
179326,14,11,1,2,0,6,1,2,7,8,1,9
179344,14,11,1,0,5,0,0,5,0,0,5,5
179894,14,11,1,0,0,23,31,0,54,23,31,54
179946,14,11,1,2,2,0,0,4,0,2,2,4
180151,14,11,1,0,0,1,0,0,1,1,0,1
180902,14,11,1,0,0,0,3,0,3,0,3,3
181491,14,11,1,0,0,2,0,0,2,2,0,2
181640,14,11,1,0,0,1,2,0,3,1,2,3
182005,14,11,1,0,0,0,1,0,1,0,1,1
182704,14,11,1,0,1,0,0,1,0,0,1,1
182892,14,11,1,0,20,0,12,20,12,0,32,32
182980,14,11,1,4,2,0,2,6,2,4,4,8
183026,14,11,1,7,7,6,5,14,11,13,12,25
183257,14,11,1,3,1,3,12,4,15,6,13,19
183743,14,11,1,1,0,24,36,1,60,25,36,61
183789,14,11,1,0,0,2,4,0,6,2,4,6
183859,14,11,1,17,10,16,14,27,30,33,24,57
183910,14,11,1,0,0,0,1,0,1,0,1,1
184180,14,11,1,3,2,4,4,5,8,7,6,13
184603,14,11,1,1,2,37,45,3,82,38,47,85
184694,14,11,1,0,0,2,0,0,2,2,0,2
184791,14,11,1,0,1,2,6,1,8,2,7,9
184995,14,11,1,1,0,2,1,1,3,3,1,4
185262,14,11,1,0,0,1,1,0,2,1,1,2
185509,14,11,1,0,0,2,0,0,2,2,0,2
185536,14,11,1,0,0,4,6,0,10,4,6,10
185758,14,11,1,0,0,0,1,0,1,0,1,1
185873,14,11,1,5,6,6,5,11,11,11,11,22
186034,14,11,1,1,0,2,3,1,5,3,3,6
186432,14,11,1,0,0,2,0,0,2,2,0,2
186469,14,11,1,0,0,0,1,0,1,0,1,1
186618,14,11,1,0,0,0,3,0,3,0,3,3
186645,14,11,1,2,3,3,2,5,5,5,5,10
186867,14,11,1,0,0,1,0,0,1,1,0,1
187046,14,11,1,0,0,0,2,0,2,0,2,2
187648,14,11,1,0,0,13,15,0,28,13,15,28
187897,14,11,1,2,3,0,0,5,0,2,3,5
187958,14,11,1,0,0,4,8,0,12,4,8,12
187976,14,11,1,0,0,6,22,0,28,6,22,28
187985,14,11,1,28,21,172,244,49,416,200,265,465
188021,14,11,1,0,0,0,1,0,1,0,1,1
188049,14,11,1,0,0,11,21,0,32,11,21,32
188225,14,11,1,0,0,8,24,0,32,8,24,32
188261,14,11,1,0,1,0,0,1,0,0,1,1
189228,14,11,1,1,0,0,1,1,1,1,1,2
190372,14,11,1,3,6,2,0,9,2,5,6,11
190442,14,11,1,0,0,2,0,0,2,2,0,2
190761,14,11,1,2,1,4,10,3,14,6,11,17
191199,14,11,1,0,0,2,0,0,2,2,0,2
191533,14,11,1,1,6,0,1,7,1,1,7,8
191612,14,11,1,0,0,0,1,0,1,0,1,1
191649,14,11,1,0,41,1,0,41,1,1,41,42
191719,14,11,1,1,0,0,0,1,0,1,0,1
192271,14,11,1,1,4,0,0,5,0,1,4,5
192448,14,11,1,0,0,0,3,0,3,0,3,3
192703,14,11,1,0,0,0,6,0,6,0,6,6
192749,14,11,1,0,1,1,1,1,2,1,2,3
193016,14,11,1,0,0,1,0,0,1,1,0,1
193292,14,11,1,0,0,12,17,0,29,12,17,29
193478,14,11,1,3,0,0,0,3,0,3,0,3
193830,14,11,1,0,0,0,3,0,3,0,3,3
193858,14,11,1,0,1,0,0,1,0,0,1,1
194116,14,11,1,0,0,0,6,0,6,0,6,6
194222,14,11,1,0,0,2,0,0,2,2,0,2
194310,14,11,1,0,0,0,1,0,1,0,1,1
194392,14,11,1,0,1,0,0,1,0,0,1,1
194824,14,11,1,0,0,0,1,0,1,0,1,1
195128,14,11,1,0,1,0,0,1,0,0,1,1
195243,14,11,1,0,0,13,0,0,13,13,0,13
195988,14,11,1,0,0,1,0,0,1,1,0,1
196079,14,11,1,0,270,0,6,270,6,0,276,276
196653,14,11,1,0,3,3,7,3,10,3,10,13
196699,14,11,1,0,1,5,0,1,5,5,1,6
196884,14,11,1,0,0,0,1,0,1,0,1,1
197285,14,11,1,0,1,0,0,1,0,0,1,1
197708,14,11,1,2,0,0,1,2,1,2,1,3
197966,14,11,1,0,2,0,0,2,0,0,2,2
197993,14,11,1,0,1,0,0,1,0,0,1,1
198303,14,11,1,0,2,0,0,2,0,0,2,2
198455,14,11,1,0,0,0,1,0,1,0,1,1
198516,14,11,1,1,0,2,0,1,2,3,0,3
198756,14,11,1,0,0,0,1,0,1,0,1,1
198835,14,11,1,0,11,0,1,11,1,0,12,12
198862,14,11,1,14,1,1,0,15,1,15,1,16
198969,14,11,1,0,1,0,0,1,0,0,1,1
198987,14,11,1,7,10,4,1,17,5,11,11,22
199494,14,11,1,0,10,0,0,10,0,0,10,10
199759,14,11,1,2,0,0,0,2,0,2,0,2
199865,14,11,1,1,0,0,0,1,0,1,0,1
199971,14,11,1,0,1,0,0,1,0,0,1,1
200192,14,11,1,1,0,0,0,1,0,1,0,1
200217,14,11,1,0,0,1,1,0,2,1,1,2
200554,14,11,1,0,0,0,2,0,2,0,2,2
200590,14,11,1,0,1,0,0,1,0,0,1,1
200697,14,11,1,3,0,0,0,3,0,3,0,3
201195,14,11,1,0,1,0,0,1,0,0,1,1
202046,14,11,1,1,0,0,0,1,0,1,0,1
202170,14,11,1,2,1,0,0,3,0,2,1,3
202523,14,11,1,29,57,0,0,86,0,29,57,86
202763,14,11,1,0,0,1,2,0,3,1,2,3
203067,14,11,1,0,1,0,1,1,1,0,2,2
203155,14,11,1,0,0,1,0,0,1,1,0,1
203368,14,11,1,0,0,1,0,0,1,1,0,1
203447,14,11,1,0,0,0,2,0,2,0,2,2
203456,14,11,1,0,0,1,0,0,1,1,0,1
203474,14,11,1,0,0,0,2,0,2,0,2,2
203483,14,11,1,0,0,2,1,0,3,2,1,3
203492,14,11,1,0,0,1,1,0,2,1,1,2
203526,14,11,1,0,0,2,0,0,2,2,0,2
203775,14,11,1,0,0,0,1,0,1,0,1,1
203881,14,11,1,0,0,0,2,0,2,0,2,2
204255,14,11,1,0,0,28,1,0,29,28,1,29
204468,14,11,1,6,9,0,0,15,0,6,9,15
204857,14,11,1,0,0,25,36,0,61,25,36,61
204936,14,11,1,0,0,1,4,0,5,1,4,5
205443,14,11,1,0,2,5,0,2,5,5,2,7
206279,14,11,1,0,0,0,13,0,13,0,13,13
206862,14,11,1,13,11,17,1,24,18,30,12,42
206996,14,11,1,0,0,0,3,0,3,0,3,3
207209,14,11,1,0,4,0,0,4,0,0,4,4
207324,14,11,1,61,102,0,0,163,0,61,102,163
208318,14,11,1,0,1,1,3,1,4,1,4,5
209250,14,11,1,1,0,83,5,1,88,84,5,89
210234,14,11,1,0,0,0,1,0,1,0,1,1
210605,14,11,1,1,0,2,1,1,3,3,1,4
210739,14,11,1,2,2,1,1,4,2,3,3,6
211088,14,11,1,85,0,0,1,85,1,85,1,86
211343,14,11,1,0,0,1,4,0,5,1,4,5
211352,14,11,1,0,2,0,23,2,23,0,25,25
211440,14,11,1,0,0,0,1,0,1,0,1,1
211608,14,11,1,0,0,0,3,0,3,0,3,3
212133,14,11,1,1,1,9,8,2,17,10,9,19
212771,14,11,1,0,0,0,1,0,1,0,1,1
212805,14,11,1,0,0,5,1,0,6,5,1,6
213011,14,11,1,1,0,0,1,1,1,1,1,2
213251,14,11,1,1,1,0,0,2,0,1,1,2
213321,14,11,1,0,0,0,4,0,4,0,4,4
213507,14,11,1,0,0,0,1,0,1,0,1,1
213659,14,11,1,0,0,2,2,0,4,2,2,4
213774,14,11,1,0,0,1,2,0,3,1,2,3
213987,14,11,1,0,0,0,10,0,10,0,10,10
214379,14,11,1,0,0,140,104,0,244,140,104,244
214777,14,11,1,0,1,1,0,1,1,1,1,2
214795,14,11,1,1,0,0,0,1,0,1,0,1
214883,14,11,1,0,0,0,1,0,1,0,1,1
215123,14,11,1,0,10,0,0,10,0,0,10,10
215239,14,11,1,0,0,17,40,0,57,17,40,57
215293,14,11,1,0,0,13,5,0,18,13,5,18
215585,14,11,1,0,0,0,1,0,1,0,1,1
215655,14,11,1,1,0,0,5,1,5,1,5,6
215743,14,11,1,0,0,10,4,0,14,10,4,14
216357,14,11,1,0,0,1,2,0,3,1,2,3
216764,14,11,1,0,0,0,1,0,1,0,1,1
216931,14,11,1,0,0,0,1,0,1,0,1,1
217165,14,11,1,0,0,1,1,0,2,1,1,2
217518,14,11,1,0,0,1,1,0,2,1,1,2
217536,14,11,1,0,1,0,0,1,0,0,1,1
217873,14,11,1,0,0,1,0,0,1,1,0,1
217907,14,11,1,0,0,42,66,0,108,42,66,108
217925,14,11,1,0,1,2,3,1,5,2,4,6
217934,14,11,1,0,0,0,3,0,3,0,3,3
217961,14,11,1,0,11,0,0,11,0,0,11,11
218441,14,11,1,2,2,1,1,4,2,3,3,6
218539,14,11,1,6,21,0,0,27,0,6,21,27
218919,14,11,1,5,3,1,0,8,1,6,3,9
219037,14,11,1,0,1,0,1,1,1,0,2,2
219189,14,11,1,0,0,2,0,0,2,2,0,2
219198,14,11,1,0,0,1,0,0,1,1,0,1
219204,14,11,1,0,2,0,0,2,0,0,2,2
219426,14,11,1,1,0,1,0,1,1,2,0,2
220163,14,11,1,0,1,0,1,1,1,0,2,2
220215,14,11,1,0,0,0,1,0,1,0,1,1
221430,14,11,1,0,0,0,1,0,1,0,1,1
221643,14,11,1,0,0,0,100,0,100,0,100,100
221847,14,11,1,1,0,0,0,1,0,1,0,1
222062,14,11,1,0,0,2,0,0,2,2,0,2
223320,14,11,1,2,0,0,0,2,0,2,0,2
225043,14,11,1,10,1,0,0,11,0,10,1,11
225885,14,11,1,1,1,2,0,2,2,3,1,4
227216,14,11,1,370,402,0,0,772,0,370,402,772
227386,14,11,1,0,0,1,0,0,1,1,0,1
228459,14,11,1,6,0,0,0,6,0,6,0,6
228653,14,11,1,0,0,23,80,0,103,23,80,103
228802,14,11,1,0,0,1,4,0,5,1,4,5
230603,14,11,1,0,0,0,2,0,2,0,2,2
230728,14,11,1,0,2,0,0,2,0,0,2,2
230782,14,11,1,0,0,4,3,0,7,4,3,7
230852,14,11,1,0,0,1,0,0,1,1,0,1
231059,14,11,1,0,0,0,4,0,4,0,4,4
231095,14,11,1,0,0,0,1,0,1,0,1,1
231174,14,11,1,0,0,0,1,0,1,0,1,1
232186,14,11,1,0,1,6,0,1,6,6,1,7
232557,14,11,1,41,53,350,382,94,732,391,435,826
233338,14,11,1,7,10,4,19,17,23,11,29,40
233426,14,11,1,0,0,0,2,0,2,0,2,2
233541,14,11,1,0,1,1,7,1,8,1,8,9
233611,14,11,1,40,0,0,0,40,0,40,0,40
233718,14,11,1,0,0,0,3,0,3,0,3,3
234076,14,11,1,1,0,1,0,1,1,2,0,2
234845,14,11,1,0,0,5,2,0,7,5,2,7
235097,14,11,1,2,7,2,3,9,5,4,10,14
235149,14,11,1,0,0,0,1,0,1,0,1,1
235334,14,11,1,1,0,3,0,1,3,4,0,4
235431,14,11,1,1,1,0,0,2,0,1,1,2
235547,14,11,1,1,2,0,0,3,0,1,2,3
235671,14,11,1,7,1,1,6,8,7,8,7,15
235699,14,11,1,0,0,0,1,0,1,0,1,1
236072,14,11,1,0,0,9,3,0,12,9,3,12
236258,14,11,1,1,2,2,1,3,3,3,3,6
236382,14,11,1,0,0,3,0,0,3,3,0,3
236452,14,11,1,8,0,7,3,8,10,15,3,18
236504,14,11,1,1,0,53,4,1,57,54,4,58
236595,14,11,1,0,0,11,15,0,26,11,15,26
236610,14,11,1,0,0,2,2,0,4,2,2,4
236638,14,11,1,0,0,3,3,0,6,3,3,6
236692,14,11,1,0,0,24,1,0,25,24,1,25
236708,14,11,1,0,0,2,0,0,2,2,0,2
236887,14,11,1,0,0,1,0,0,1,1,0,1
236896,14,11,1,0,0,0,1,0,1,0,1,1
236975,14,11,1,0,2,1,0,2,1,1,2,3
237039,14,11,1,0,0,3,1,0,4,3,1,4
237057,14,11,1,0,0,0,1,0,1,0,1,1
237312,14,11,1,0,1,0,0,1,0,0,1,1
237525,14,11,1,0,0,0,1,0,1,0,1,1
237686,14,11,1,2,3,19,30,5,49,21,33,54
237701,14,11,1,0,17,0,0,17,0,0,17,17
237817,14,11,1,0,1,0,0,1,0,0,1,1
238193,14,11,1,0,0,0,5,0,5,0,5,5
238430,14,11,1,0,0,0,1,0,1,0,1,1
238458,14,11,1,0,0,2,2,0,4,2,2,4
238722,14,11,1,0,0,167,114,0,281,167,114,281
239008,14,11,1,0,0,2,2,0,4,2,2,4
239248,14,11,1,0,0,8,7,0,15,8,7,15
239442,14,11,1,1,2,12,33,3,45,13,35,48
239488,14,11,1,0,1,1,1,1,2,1,2,3
240198,14,11,1,0,0,0,1,0,1,0,1,1
240365,14,11,1,2,1,1,1,3,2,3,2,5
240426,14,11,1,0,0,2,1,0,3,2,1,3
240514,14,11,1,0,0,0,1,0,1,0,1,1
240596,14,11,1,0,0,2,1,0,3,2,1,3
240666,14,11,1,0,0,2,1,0,3,2,1,3
241331,14,11,1,0,0,0,1,0,1,0,1,1
241377,14,11,1,0,4,2,9,4,11,2,13,15
241386,14,11,1,1,0,0,3,1,3,1,3,4
241766,14,11,1,0,0,13,5,0,18,13,5,18
242705,14,11,1,0,0,1,0,0,1,1,0,1
243142,14,11,1,2,5,0,0,7,0,2,5,7
243212,14,11,1,2,3,1,3,5,4,3,6,9
243221,14,11,1,446,760,130,176,1206,306,576,936,1512
243346,14,11,1,1,1,2,1,2,3,3,2,5
243443,14,11,1,1,1,6,2,2,8,7,3,10
243577,14,11,1,0,0,2,1,0,3,2,1,3
243601,14,11,1,3,4,1,1,7,2,4,5,9
243841,14,11,1,1,0,0,0,1,0,1,0,1
245625,14,11,1,1,2,4,1,3,5,5,3,8
247603,14,11,1,0,0,2,0,0,2,2,0,2
248925,14,11,1,19,0,0,0,19,0,19,0,19
262031,14,11,1,0,0,0,1,0,1,0,1,1
363165,14,11,1,0,1,14,0,1,14,14,1,15
363907,14,11,1,0,0,1,1,0,2,1,1,2
363916,14,11,1,0,0,0,3,0,3,0,3,3
364016,14,11,1,0,1,0,3,1,3,0,4,4
364025,14,11,1,0,4,0,4,4,4,0,8,8
365480,14,11,1,1,0,0,0,1,0,1,0,1
366003,14,11,1,0,1,0,0,1,0,0,1,1
366252,14,11,1,12,9,4,1,21,5,16,10,26
366623,14,11,1,0,1,0,0,1,0,0,1,1
375106,14,11,1,1,0,1,0,1,1,2,0,2
375726,14,11,1,3,28,8,1,31,9,11,29,40
377643,14,11,1,0,6,0,0,6,0,0,6,6
384333,14,11,1,0,2,0,1,2,1,0,3,3
385415,14,11,1,0,0,2,1,0,3,2,1,3
395362,14,11,1,0,0,1,0,0,1,1,0,1
399911,14,11,1,1,0,0,0,1,0,1,0,1
404426,14,11,1,0,0,1,0,0,1,1,0,1
409254,14,11,1,0,0,0,4,0,4,0,4,4
414911,14,11,1,0,8,2,0,8,2,2,8,10
419031,14,11,1,0,11,0,0,11,0,0,11,11
420246,14,11,1,1,0,0,0,1,0,1,0,1
420440,14,11,1,0,0,3,4,0,7,3,4,7
420556,14,11,1,0,1,11,10,1,21,11,11,22
423652,14,11,1,1,0,0,0,1,0,1,0,1
430971,14,11,1,0,1,0,0,1,0,0,1,1
433040,14,11,1,0,1,0,0,1,0,0,1,1
433387,14,11,1,11,14,0,0,25,0,11,14,25
434584,14,11,1,1,0,1,0,1,1,2,0,2
437103,14,11,1,0,0,0,3,0,3,0,3,3
441690,14,11,1,0,2,0,1,2,1,0,3,3
443049,14,11,1,0,1,2,0,1,2,2,1,3
444468,14,11,1,0,4,0,1,4,1,0,5,5
445027,14,11,1,46,106,0,0,152,0,46,106,152
445267,14,11,1,0,0,1,0,0,1,1,0,1
449889,14,11,1,12,26,0,0,38,0,12,26,38
449922,14,11,1,0,2,0,0,2,0,0,2,2
451583,14,11,1,0,0,6,0,0,6,6,0,6
455512,14,11,1,0,0,0,4,0,4,0,4,4
457475,14,11,1,0,1,0,0,1,0,0,1,1
457527,14,11,1,0,0,1,0,0,1,1,0,1
460464,14,11,1,0,1,3,0,1,3,3,1,4
461379,14,11,1,0,0,0,1,0,1,0,1,1
461652,14,11,1,0,1,0,0,1,0,0,1,1
475653,14,11,1,0,1,0,0,1,0,0,1,1
475839,14,11,1,0,0,1,2,0,3,1,2,3
479956,14,11,1,0,0,2,2,0,4,2,2,4
480569,14,11,1,0,1,1,0,1,1,1,1,2
481191,14,11,1,1,3,0,0,4,0,1,3,4
482167,14,11,1,0,0,1,0,0,1,1,0,1
483124,14,11,1,0,0,1,1,0,2,1,1,2
483595,14,11,1,0,1,0,2,1,2,0,3,3
485111,14,11,1,0,0,1,1,0,2,1,1,2
485494,14,11,1,1,2,0,0,3,0,1,2,3
485768,14,11,1,1,0,0,0,1,0,1,0,1
487524,14,11,1,0,0,0,1,0,1,0,1,1
487861,14,11,1,0,10,0,0,10,0,0,10,10
489335,14,11,1,0,0,4,3,0,7,4,3,7
490258,14,11,1,0,1,0,0,1,0,0,1,1
490416,14,11,1,1,0,0,0,1,0,1,0,1
490805,14,11,1,0,0,0,3,0,3,0,3,3
491598,14,11,1,0,1,0,0,1,0,0,1,1
492962,14,11,1,0,0,1,1,0,2,1,1,2
493804,14,11,1,4,2,0,0,6,0,4,2,6
493831,14,11,1,2,0,0,0,2,0,2,0,2
496043,14,11,1,24,36,0,0,60,0,24,36,60
498562,14,11,1,0,0,1,0,0,1,1,0,1
100830,14,11,2,1,0,1,2,1,3,2,2,4
101480,14,11,2,1,0,0,0,1,0,1,0,1
101587,14,11,2,0,0,5,4,0,9,5,4,9
101602,14,11,2,290,469,588,582,759,1170,878,1051,1929
102377,14,11,2,102,0,1,0,102,1,103,0,103
102614,14,11,2,0,0,3,3,0,6,3,3,6
102632,14,11,2,0,0,1,0,0,1,1,0,1
104151,14,11,2,1,0,2,2,1,4,3,2,5
104160,14,11,2,1,1,16,16,2,32,17,17,34
104346,14,11,2,1,0,1,0,1,1,2,0,2
104708,14,11,2,0,4,0,3,4,3,0,7,7
105145,14,11,2,0,1,0,4,1,4,0,5,5
105154,14,11,2,0,3,0,2,3,2,0,5,5
105428,14,11,2,0,0,0,4,0,4,0,4,4
105525,14,11,2,0,0,13,13,0,26,13,13,26
105668,14,11,2,0,1,0,1,1,1,0,2,2
105747,14,11,2,0,1,0,4,1,4,0,5,5
105792,14,11,2,0,0,0,1,0,1,0,1,1
106263,14,11,2,0,0,0,1,0,1,0,1,1
107080,14,11,2,0,0,0,1,0,1,0,1,1
107141,14,11,2,0,0,0,1,0,1,0,1,1
108232,14,11,2,14,26,21,29,40,50,35,55,90
108807,14,11,2,0,0,0,4,0,4,0,4,4
108852,14,11,2,0,1,0,0,1,0,0,1,1
109785,14,11,2,15,11,7,5,26,12,22,16,38
109819,14,11,2,0,0,2,1,0,3,2,1,3
110097,14,11,2,0,0,0,1,0,1,0,1,1
110316,14,11,2,0,0,0,1,0,1,0,1,1
110334,14,11,2,0,0,1,0,0,1,1,0,1
111434,14,11,2,0,0,1,1,0,2,1,1,2
111461,14,11,2,0,0,1,1,0,2,1,1,2
111887,14,11,2,0,0,8,0,0,8,8,0,8
112385,14,11,2,0,0,2,0,0,2,2,0,2
112686,14,11,2,0,0,0,1,0,1,0,1,1
112826,14,11,2,0,0,0,1,0,1,0,1,1
113193,14,11,2,0,0,2,1,0,3,2,1,3
113236,14,11,2,0,0,1,0,0,1,1,0,1
113856,14,11,2,0,0,2,2,0,4,2,2,4
113980,14,11,2,0,0,1,1,0,2,1,1,2
114266,14,11,2,0,0,0,1,0,1,0,1,1
114433,14,11,2,0,0,0,1,0,1,0,1,1
114716,14,11,2,0,0,1,0,0,1,1,0,1
114813,14,11,2,1,1,1,2,2,3,2,3,5
114859,14,11,2,1,0,2,0,1,2,3,0,3
115083,14,11,2,0,1,0,0,1,0,0,1,1
117104,14,11,2,0,0,1,0,0,1,1,0,1
117195,14,11,2,0,0,1,1,0,2,1,1,2
117247,14,11,2,0,0,0,1,0,1,0,1,1
117274,14,11,2,0,0,3,2,0,5,3,2,5
117645,14,11,2,0,0,1,1,0,2,1,1,2
117724,14,11,2,0,0,2,1,0,3,2,1,3
117733,14,11,2,1,0,2,1,1,3,3,1,4
117788,14,11,2,0,0,0,1,0,1,0,1,1
117867,14,11,2,0,0,1,1,0,2,1,1,2
118684,14,11,2,0,0,0,1,0,1,0,1,1
118718,14,11,2,0,0,3,5,0,8,3,5,8
118772,14,11,2,0,0,0,1,0,1,0,1,1
119137,14,11,2,0,0,0,1,0,1,0,1,1
119164,14,11,2,0,0,1,0,0,1,1,0,1
119331,14,11,2,0,0,1,0,0,1,1,0,1
120290,14,11,2,0,0,0,1,0,1,0,1,1
120421,14,11,2,0,1,0,0,1,0,0,1,1
120953,14,11,2,0,0,3,0,0,3,3,0,3
120971,14,11,2,0,0,1,1,0,2,1,1,2
121619,14,11,2,0,0,4,3,0,7,4,3,7
121707,14,11,2,0,0,4,4,0,8,4,4,8
121886,14,11,2,0,0,1,0,0,1,1,0,1
122375,14,11,2,1,0,0,0,1,0,1,0,1
122746,14,11,2,0,0,2,0,0,2,2,0,2
122791,14,11,2,0,0,1,0,0,1,1,0,1
122889,14,11,2,0,1,0,1,1,1,0,2,2
123341,14,11,2,1,0,4,1,1,5,5,1,6
123457,14,11,2,3,2,0,0,5,0,3,2,5
123509,14,11,2,0,0,1,1,0,2,1,1,2
123563,14,11,2,1,0,0,0,1,0,1,0,1
123800,14,11,2,0,0,2,0,0,2,2,0,2
124113,14,11,2,0,0,5,1,0,6,5,1,6
125028,14,11,2,0,1,2,0,1,2,2,1,3
125231,14,11,2,0,4,0,0,4,0,0,4,4
125462,14,11,2,0,0,1,1,0,2,1,1,2
125471,14,11,2,0,0,0,1,0,1,0,1,1
125499,14,11,2,0,0,1,0,0,1,1,0,1
126119,14,11,2,0,0,0,1,0,1,0,1,1
127653,14,11,2,0,0,2,3,0,5,2,3,5
127884,14,11,2,2,3,0,0,5,0,2,3,5
128780,14,11,2,0,0,0,1,0,1,0,1,1
129756,14,11,2,0,0,0,1,0,1,0,1,1
130004,14,11,2,0,0,0,7,0,7,0,7,7
130226,14,11,2,0,0,2,0,0,2,2,0,2
130314,14,11,2,0,0,0,1,0,1,0,1,1
130590,14,11,2,1,0,3,0,1,3,4,0,4
130624,14,11,2,14,8,0,0,22,0,14,8,22
130697,14,11,2,0,0,23,10,0,33,23,10,33
130776,14,11,2,0,0,1,0,0,1,1,0,1
131113,14,11,2,3,0,1,4,3,5,4,4,8
131399,14,11,2,0,0,3,2,0,5,3,2,5
131469,14,11,2,0,0,23,83,0,106,23,83,106
131496,14,11,2,0,1,5,2,1,7,5,3,8
131520,14,11,2,0,0,2,3,0,5,2,3,5
133021,14,11,2,0,0,0,1,0,1,0,1,1
133386,14,11,2,0,0,0,1,0,1,0,1,1
133492,14,11,2,0,0,2,0,0,2,2,0,2
133711,14,11,2,0,1,0,0,1,0,0,1,1
133881,14,11,2,0,0,1,0,0,1,1,0,1
135407,14,11,2,1,0,0,0,1,0,1,0,1
136233,14,11,2,0,0,1,0,0,1,1,0,1
136330,14,11,2,0,0,4,5,0,9,4,5,9
137209,14,11,2,0,0,1,0,0,1,1,0,1
137351,14,11,2,0,0,0,3,0,3,0,3,3
137564,14,11,2,92,0,0,2,92,2,92,2,94
137591,14,11,2,1,0,0,0,1,0,1,0,1
138187,14,11,2,15,7,9,14,22,23,24,21,45
138354,14,11,2,33,65,104,283,98,387,137,348,485
138761,14,11,2,0,0,0,3,0,3,0,3,3
138938,14,11,2,0,10,3,6,10,9,3,16,19
139205,14,11,2,0,0,1,1,0,2,1,1,2
139506,14,11,2,0,2,0,0,2,0,0,2,2
140696,14,11,2,6,12,0,0,18,0,6,12,18
140720,14,11,2,1,2,0,0,3,0,1,2,3
140988,14,11,2,0,0,3,1,0,4,3,1,4
141060,14,11,2,0,0,0,1,0,1,0,1,1
142461,14,11,2,5,6,1,0,11,1,6,6,12
144157,14,11,2,0,0,0,1,0,1,0,1,1
144166,14,11,2,0,0,0,3,0,3,0,3,3
144193,14,11,2,2,0,0,0,2,0,2,0,2
144209,14,11,2,0,0,3,2,0,5,3,2,5
144218,14,11,2,0,0,2,1,0,3,2,1,3
144564,14,11,2,0,0,1,0,0,1,1,0,1
144740,14,11,2,0,0,1,0,0,1,1,0,1
144944,14,11,2,0,0,2,0,0,2,2,0,2
144962,14,11,2,0,0,3,9,0,12,3,9,12
145372,14,11,2,0,0,6,8,0,14,6,8,14
145682,14,11,2,0,0,0,1,0,1,0,1,1
146205,14,11,2,0,3,9,4,3,13,9,7,16
146278,14,11,2,0,0,1,1,0,2,1,1,2
146296,14,11,2,1,0,4,3,1,7,5,3,8
146603,14,11,2,0,0,0,1,0,1,0,1,1
146685,14,11,2,0,1,0,8,1,8,0,9,9
147004,14,11,2,0,0,1,0,0,1,1,0,1
147129,14,11,2,0,3,0,0,3,0,0,3,3
147369,14,11,2,0,0,0,1,0,1,0,1,1
147411,14,11,2,3,0,28,22,3,50,31,22,53
147536,14,11,2,1,1,0,5,2,5,1,6,7
147776,14,11,2,2,3,7,4,5,11,9,7,16
147800,14,11,2,2,0,3,11,2,14,5,11,16
147828,14,11,2,0,0,0,1,0,1,0,1,1
148292,14,11,2,0,0,0,1,0,1,0,1,1
148876,14,11,2,0,0,1,0,0,1,1,0,1
148937,14,11,2,0,0,2,0,0,2,2,0,2
148991,14,11,2,0,0,0,1,0,1,0,1,1
149532,14,11,2,7,4,16,13,11,29,23,17,40
149842,14,11,2,0,0,2,1,0,3,2,1,3
150534,14,11,2,1,0,0,0,1,0,1,0,1
150604,14,11,2,0,0,0,1,0,1,0,1,1
150677,14,11,2,0,1,0,0,1,0,0,1,1
150987,14,11,2,1,1,6,11,2,17,7,12,19
151777,14,11,2,0,0,1,0,0,1,1,0,1
152567,14,11,2,0,0,2,2,0,4,2,2,4
152637,14,11,2,11,0,2,1,11,3,13,1,14
152992,14,11,2,0,0,0,1,0,1,0,1,1
153108,14,11,2,1,0,0,0,1,0,1,0,1
153126,14,11,2,0,0,0,1,0,1,0,1,1
153162,14,11,2,0,1,0,0,1,0,0,1,1
153250,14,11,2,0,0,1,1,0,2,1,1,2
153302,14,11,2,0,0,1,0,0,1,1,0,1
153311,14,11,2,0,0,1,2,0,3,1,2,3
153366,14,11,2,0,0,0,1,0,1,0,1,1
153384,14,11,2,1,1,27,20,2,47,28,21,49
153533,14,11,2,0,0,5,10,0,15,5,10,15
153621,14,11,2,3,2,2,2,5,4,5,4,9
153825,14,11,2,0,20,0,0,20,0,0,20,20
154013,14,11,2,4,7,0,2,11,2,4,9,13
154235,14,11,2,1,3,3,3,4,6,4,6,10
154697,14,11,2,0,0,1,0,0,1,1,0,1
154749,14,11,2,0,0,0,2,0,2,0,2,2
154907,14,11,2,3,4,7,12,7,19,10,16,26
154925,14,11,2,0,0,3,7,0,10,3,7,10
154934,14,11,2,1,0,0,0,1,0,1,0,1
155052,14,11,2,0,0,6,6,0,12,6,6,12
155511,14,11,2,0,0,0,1,0,1,0,1,1
156356,14,11,2,3,4,1,0,7,1,4,4,8
156392,14,11,2,0,0,1,1,0,2,1,1,2
157076,14,11,2,1,0,0,0,1,0,1,0,1
157304,14,11,2,0,0,3,0,0,3,3,0,3
157678,14,11,2,0,1,0,0,1,0,0,1,1
159382,14,11,2,0,5,0,0,5,0,0,5,5
159656,14,11,2,0,0,1,0,0,1,1,0,1
159993,14,11,2,0,0,0,2,0,2,0,2,2
160630,14,11,2,0,0,0,38,0,38,0,38,38
160755,14,11,2,0,1,0,0,1,0,0,1,1
161077,14,11,2,0,0,1,3,0,4,1,3,4
161208,14,11,2,1,0,0,0,1,0,1,0,1
161299,14,11,2,0,0,2,0,0,2,2,0,2
161341,14,11,2,3,0,0,0,3,0,3,0,3
161457,14,11,2,0,0,1,1,0,2,1,1,2
161484,14,11,2,0,0,1,0,0,1,1,0,1
161545,14,11,2,0,0,2,1,0,3,2,1,3
161572,14,11,2,3,80,0,0,83,0,3,80,83
161581,14,11,2,0,0,1,0,0,1,1,0,1
161873,14,11,2,0,0,1,0,0,1,1,0,1
162210,14,11,2,0,0,1,0,0,1,1,0,1
162706,14,11,2,0,1,1,0,1,1,1,1,2
163204,14,11,2,0,0,12,13,0,25,12,13,25
164632,14,11,2,0,0,0,6,0,6,0,6,6
164872,14,11,2,0,0,2,3,0,5,2,3,5
164988,14,11,2,0,0,0,1,0,1,0,1,1
165033,14,11,2,6,14,33,63,20,96,39,77,116
165112,14,11,2,2,0,0,9,2,9,2,9,11
165167,14,11,2,0,0,3,1,0,4,3,1,4
165194,14,11,2,0,0,1,0,0,1,1,0,1
165334,14,11,2,13,41,1,1,54,2,14,42,56
165671,14,11,2,0,0,1,0,0,1,1,0,1
165820,14,11,2,0,0,0,1,0,1,0,1,1
165981,14,11,2,0,0,0,1,0,1,0,1,1
166391,14,11,2,0,0,3,7,0,10,3,7,10
166647,14,11,2,1,0,3,4,1,7,4,4,8
166674,14,11,2,31,135,9,9,166,18,40,144,184
166850,14,11,2,0,0,1,4,0,5,1,4,5
166911,14,11,2,0,0,1,0,0,1,1,0,1
167312,14,11,2,0,0,1,0,0,1,1,0,1
167394,14,11,2,1,0,2,3,1,5,3,3,6
167598,14,11,2,0,0,1,7,0,8,1,7,8
167729,14,11,2,0,0,1,3,0,4,1,3,4
167905,14,11,2,2,8,7,22,10,29,9,30,39
168227,14,11,2,0,0,0,2,0,2,0,2,2
168430,14,11,2,0,0,30,26,0,56,30,26,56
168546,14,11,2,1,0,0,0,1,0,1,0,1
168740,14,11,2,0,3,1,1,3,2,1,4,5
169442,14,11,2,2,4,0,0,6,0,2,4,6
169503,14,11,2,0,20,0,0,20,0,0,20,20
169655,14,11,2,0,1,0,0,1,0,0,1,1
169798,14,11,2,0,0,0,1,0,1,0,1,1
169992,14,11,2,0,0,1,0,0,1,1,0,1
170082,14,11,2,1,0,0,1,1,1,1,1,2
170240,14,11,2,0,0,0,1,0,1,0,1,1
170587,14,11,2,0,3,0,0,3,0,0,3,3
171492,14,11,2,1,0,0,0,1,0,1,0,1
172307,14,11,2,0,0,3,0,0,3,3,0,3
172644,14,11,2,0,2,1,1,2,2,1,3,4
173045,14,11,2,2,2,0,0,4,0,2,2,4
173258,14,11,2,19,15,0,1,34,1,19,16,35
173300,14,11,2,0,0,0,1,0,1,0,1,1
173647,14,11,2,3,0,0,0,3,0,3,0,3
174066,14,11,2,0,0,1,0,0,1,1,0,1
174075,14,11,2,0,0,0,1,0,1,0,1,1
174233,14,11,2,1,0,0,2,1,2,1,2,3
175935,14,11,2,1,0,0,0,1,0,1,0,1
176318,14,11,2,41,71,10,1,112,11,51,72,123
176451,14,11,2,2,1,7,4,3,11,9,5,14
176965,14,11,2,6,16,5,5,22,10,11,21,32
177038,14,11,2,1,0,0,1,1,1,1,1,2
177135,14,11,2,4,0,8,13,4,21,12,13,25
177144,14,11,2,4,5,0,0,9,0,4,5,9
177676,14,11,2,0,0,1,1,0,2,1,1,2
177940,14,11,2,0,0,0,1,0,1,0,1,1
177977,14,11,2,0,0,1,2,0,3,1,2,3
178448,14,11,2,1,0,1,3,1,4,2,3,5
178624,14,11,2,0,0,2,0,0,2,2,0,2
178721,14,11,2,0,0,2,1,0,3,2,1,3
179326,14,11,2,2,0,4,1,2,5,6,1,7
179344,14,11,2,0,5,0,0,5,0,0,5,5
179894,14,11,2,0,0,0,2,0,2,0,2,2
179946,14,11,2,2,2,0,0,4,0,2,2,4
180151,14,11,2,0,0,1,0,0,1,1,0,1
180902,14,11,2,0,0,0,3,0,3,0,3,3
181491,14,11,2,0,0,2,0,0,2,2,0,2
181640,14,11,2,0,0,1,2,0,3,1,2,3
182005,14,11,2,0,0,0,1,0,1,0,1,1
182704,14,11,2,0,1,0,0,1,0,0,1,1
182892,14,11,2,0,20,0,12,20,12,0,32,32
182980,14,11,2,0,0,0,1,0,1,0,1,1
183026,14,11,2,7,7,5,2,14,7,12,9,21
183257,14,11,2,3,0,2,9,3,11,5,9,14
183743,14,11,2,1,0,24,36,1,60,25,36,61
183789,14,11,2,0,0,2,4,0,6,2,4,6
183859,14,11,2,17,10,16,14,27,30,33,24,57
184180,14,11,2,3,2,4,4,5,8,7,6,13
184603,14,11,2,1,1,36,39,2,75,37,40,77
184694,14,11,2,0,0,2,0,0,2,2,0,2
184791,14,11,2,0,1,2,6,1,8,2,7,9
184995,14,11,2,1,0,2,1,1,3,3,1,4
185262,14,11,2,0,0,1,1,0,2,1,1,2
185509,14,11,2,0,0,2,0,0,2,2,0,2
185536,14,11,2,0,0,4,6,0,10,4,6,10
185873,14,11,2,5,6,6,5,11,11,11,11,22
186034,14,11,2,1,0,2,3,1,5,3,3,6
186432,14,11,2,0,0,2,0,0,2,2,0,2
186469,14,11,2,0,0,0,1,0,1,0,1,1
186618,14,11,2,0,0,0,3,0,3,0,3,3
186645,14,11,2,2,3,3,2,5,5,5,5,10
187046,14,11,2,0,0,0,2,0,2,0,2,2
187648,14,11,2,0,0,13,15,0,28,13,15,28
187897,14,11,2,2,3,0,0,5,0,2,3,5
187958,14,11,2,0,0,4,8,0,12,4,8,12
187976,14,11,2,0,0,6,22,0,28,6,22,28
187985,14,11,2,28,21,172,244,49,416,200,265,465
188021,14,11,2,0,0,0,1,0,1,0,1,1
188049,14,11,2,0,0,11,21,0,32,11,21,32
188225,14,11,2,0,0,8,24,0,32,8,24,32
188261,14,11,2,0,1,0,0,1,0,0,1,1
189228,14,11,2,1,0,0,1,1,1,1,1,2
190372,14,11,2,3,6,1,0,9,1,4,6,10
190442,14,11,2,0,0,2,0,0,2,2,0,2
190761,14,11,2,1,0,1,10,1,11,2,10,12
191199,14,11,2,0,0,2,0,0,2,2,0,2
191533,14,11,2,1,6,0,1,7,1,1,7,8
191612,14,11,2,0,0,0,1,0,1,0,1,1
191649,14,11,2,0,0,1,0,0,1,1,0,1
191719,14,11,2,1,0,0,0,1,0,1,0,1
192271,14,11,2,1,4,0,0,5,0,1,4,5
192448,14,11,2,0,0,0,2,0,2,0,2,2
192703,14,11,2,0,0,0,6,0,6,0,6,6
192749,14,11,2,0,1,1,0,1,1,1,1,2
193016,14,11,2,0,0,1,0,0,1,1,0,1
193292,14,11,2,0,0,12,17,0,29,12,17,29
193478,14,11,2,3,0,0,0,3,0,3,0,3
193858,14,11,2,0,1,0,0,1,0,0,1,1
194116,14,11,2,0,0,0,6,0,6,0,6,6
194222,14,11,2,0,0,2,0,0,2,2,0,2
194310,14,11,2,0,0,0,1,0,1,0,1,1
194392,14,11,2,0,1,0,0,1,0,0,1,1
194824,14,11,2,0,0,0,1,0,1,0,1,1
195243,14,11,2,0,0,13,0,0,13,13,0,13
195988,14,11,2,0,0,1,0,0,1,1,0,1
196079,14,11,2,0,270,0,0,270,0,0,270,270
196653,14,11,2,0,3,3,7,3,10,3,10,13
196699,14,11,2,0,1,5,0,1,5,5,1,6
197285,14,11,2,0,1,0,0,1,0,0,1,1
197966,14,11,2,0,2,0,0,2,0,0,2,2
197993,14,11,2,0,1,0,0,1,0,0,1,1
198303,14,11,2,0,2,0,0,2,0,0,2,2
198455,14,11,2,0,0,0,1,0,1,0,1,1
198516,14,11,2,0,0,2,0,0,2,2,0,2
198756,14,11,2,0,0,0,1,0,1,0,1,1
198835,14,11,2,0,0,0,1,0,1,0,1,1
198862,14,11,2,14,1,1,0,15,1,15,1,16
198987,14,11,2,7,10,4,1,17,5,11,11,22
199494,14,11,2,0,10,0,0,10,0,0,10,10
199759,14,11,2,2,0,0,0,2,0,2,0,2
199865,14,11,2,1,0,0,0,1,0,1,0,1
200192,14,11,2,1,0,0,0,1,0,1,0,1
200217,14,11,2,0,0,1,1,0,2,1,1,2
200554,14,11,2,0,0,0,2,0,2,0,2,2
200590,14,11,2,0,1,0,0,1,0,0,1,1
202046,14,11,2,1,0,0,0,1,0,1,0,1
202170,14,11,2,2,0,0,0,2,0,2,0,2
202523,14,11,2,29,57,0,0,86,0,29,57,86
202763,14,11,2,0,0,1,2,0,3,1,2,3
203155,14,11,2,0,0,1,0,0,1,1,0,1
203447,14,11,2,0,0,0,2,0,2,0,2,2
203456,14,11,2,0,0,1,0,0,1,1,0,1
203474,14,11,2,0,0,0,2,0,2,0,2,2
203483,14,11,2,0,0,2,1,0,3,2,1,3
203492,14,11,2,0,0,1,1,0,2,1,1,2
203526,14,11,2,0,0,2,0,0,2,2,0,2
203775,14,11,2,0,0,0,1,0,1,0,1,1
203881,14,11,2,0,0,0,2,0,2,0,2,2
204255,14,11,2,0,0,28,1,0,29,28,1,29
204468,14,11,2,6,9,0,0,15,0,6,9,15
204857,14,11,2,0,0,25,36,0,61,25,36,61
204936,14,11,2,0,0,0,1,0,1,0,1,1
205443,14,11,2,0,2,5,0,2,5,5,2,7
206279,14,11,2,0,0,0,13,0,13,0,13,13
206862,14,11,2,2,1,0,1,3,1,2,2,4
206996,14,11,2,0,0,0,3,0,3,0,3,3
207209,14,11,2,0,4,0,0,4,0,0,4,4
207324,14,11,2,61,102,0,0,163,0,61,102,163
208318,14,11,2,0,1,1,3,1,4,1,4,5
209250,14,11,2,1,0,83,5,1,88,84,5,89
210234,14,11,2,0,0,0,1,0,1,0,1,1
210605,14,11,2,1,0,2,1,1,3,3,1,4
210739,14,11,2,2,1,1,0,3,1,3,1,4
211088,14,11,2,85,0,0,1,85,1,85,1,86
211343,14,11,2,0,0,1,4,0,5,1,4,5
211352,14,11,2,0,1,0,0,1,0,0,1,1
211608,14,11,2,0,0,0,3,0,3,0,3,3
212133,14,11,2,0,0,2,1,0,3,2,1,3
212805,14,11,2,0,0,1,0,0,1,1,0,1
213251,14,11,2,1,1,0,0,2,0,1,1,2
213659,14,11,2,0,0,2,2,0,4,2,2,4
213774,14,11,2,0,0,1,2,0,3,1,2,3
213987,14,11,2,0,0,0,10,0,10,0,10,10
214379,14,11,2,0,0,140,104,0,244,140,104,244
214777,14,11,2,0,1,1,0,1,1,1,1,2
214795,14,11,2,1,0,0,0,1,0,1,0,1
215239,14,11,2,0,0,17,40,0,57,17,40,57
215293,14,11,2,0,0,7,4,0,11,7,4,11
215585,14,11,2,0,0,0,1,0,1,0,1,1
215655,14,11,2,0,0,0,2,0,2,0,2,2
215743,14,11,2,0,0,10,4,0,14,10,4,14
216357,14,11,2,0,0,1,2,0,3,1,2,3
216764,14,11,2,0,0,0,1,0,1,0,1,1
217518,14,11,2,0,0,1,1,0,2,1,1,2
217536,14,11,2,0,1,0,0,1,0,0,1,1
217873,14,11,2,0,0,1,0,0,1,1,0,1
217907,14,11,2,0,0,42,66,0,108,42,66,108
217925,14,11,2,0,0,1,1,0,2,1,1,2
217961,14,11,2,0,11,0,0,11,0,0,11,11
218441,14,11,2,2,0,0,1,2,1,2,1,3
218539,14,11,2,4,13,0,0,17,0,4,13,17
218919,14,11,2,5,3,1,0,8,1,6,3,9
219037,14,11,2,0,1,0,1,1,1,0,2,2
219189,14,11,2,0,0,2,0,0,2,2,0,2
219198,14,11,2,0,0,1,0,0,1,1,0,1
219426,14,11,2,1,0,1,0,1,1,2,0,2
220163,14,11,2,0,1,0,1,1,1,0,2,2
220215,14,11,2,0,0,0,1,0,1,0,1,1
221430,14,11,2,0,0,0,1,0,1,0,1,1
221643,14,11,2,0,0,0,100,0,100,0,100,100
221847,14,11,2,1,0,0,0,1,0,1,0,1
222062,14,11,2,0,0,2,0,0,2,2,0,2
223320,14,11,2,2,0,0,0,2,0,2,0,2
225043,14,11,2,10,1,0,0,11,0,10,1,11
225885,14,11,2,1,1,2,0,2,2,3,1,4
227386,14,11,2,0,0,1,0,0,1,1,0,1
228459,14,11,2,6,0,0,0,6,0,6,0,6
228653,14,11,2,0,0,5,8,0,13,5,8,13
230603,14,11,2,0,0,0,2,0,2,0,2,2
230782,14,11,2,0,0,4,3,0,7,4,3,7
230852,14,11,2,0,0,1,0,0,1,1,0,1
231095,14,11,2,0,0,0,1,0,1,0,1,1
232186,14,11,2,0,0,1,0,0,1,1,0,1
232557,14,11,2,24,22,259,193,46,452,283,215,498
233338,14,11,2,7,10,4,19,17,23,11,29,40
233426,14,11,2,0,0,0,2,0,2,0,2,2
233541,14,11,2,0,1,1,5,1,6,1,6,7
233611,14,11,2,40,0,0,0,40,0,40,0,40
233718,14,11,2,0,0,0,3,0,3,0,3,3
234076,14,11,2,1,0,1,0,1,1,2,0,2
234845,14,11,2,0,0,5,2,0,7,5,2,7
235097,14,11,2,0,3,1,0,3,1,1,3,4
235149,14,11,2,0,0,0,1,0,1,0,1,1
235334,14,11,2,1,0,3,0,1,3,4,0,4
235431,14,11,2,1,1,0,0,2,0,1,1,2
235547,14,11,2,0,1,0,0,1,0,0,1,1
235671,14,11,2,7,1,1,6,8,7,8,7,15
235699,14,11,2,0,0,0,1,0,1,0,1,1
236072,14,11,2,0,0,9,3,0,12,9,3,12
236258,14,11,2,1,2,2,1,3,3,3,3,6
236382,14,11,2,0,0,3,0,0,3,3,0,3
236452,14,11,2,8,0,7,3,8,10,15,3,18
236504,14,11,2,1,0,53,4,1,57,54,4,58
236595,14,11,2,0,0,6,6,0,12,6,6,12
236610,14,11,2,0,0,2,2,0,4,2,2,4
236638,14,11,2,0,0,3,3,0,6,3,3,6
236692,14,11,2,0,0,24,1,0,25,24,1,25
236708,14,11,2,0,0,2,0,0,2,2,0,2
236887,14,11,2,0,0,1,0,0,1,1,0,1
236896,14,11,2,0,0,0,1,0,1,0,1,1
236975,14,11,2,0,2,1,0,2,1,1,2,3
237039,14,11,2,0,0,3,1,0,4,3,1,4
237057,14,11,2,0,0,0,1,0,1,0,1,1
237312,14,11,2,0,1,0,0,1,0,0,1,1
237525,14,11,2,0,0,0,1,0,1,0,1,1
237686,14,11,2,2,3,19,30,5,49,21,33,54
237701,14,11,2,0,17,0,0,17,0,0,17,17
237817,14,11,2,0,1,0,0,1,0,0,1,1
238193,14,11,2,0,0,0,5,0,5,0,5,5
238430,14,11,2,0,0,0,1,0,1,0,1,1
238458,14,11,2,0,0,0,1,0,1,0,1,1
238722,14,11,2,0,0,167,114,0,281,167,114,281
239008,14,11,2,0,0,2,2,0,4,2,2,4
239248,14,11,2,0,0,8,7,0,15,8,7,15
239442,14,11,2,1,2,12,33,3,45,13,35,48
239488,14,11,2,0,1,1,1,1,2,1,2,3
240198,14,11,2,0,0,0,1,0,1,0,1,1
240365,14,11,2,2,1,1,1,3,2,3,2,5
240426,14,11,2,0,0,2,1,0,3,2,1,3
240514,14,11,2,0,0,0,1,0,1,0,1,1
240596,14,11,2,0,0,2,1,0,3,2,1,3
240666,14,11,2,0,0,2,1,0,3,2,1,3
241377,14,11,2,0,0,2,7,0,9,2,7,9
241386,14,11,2,0,0,0,2,0,2,0,2,2
241766,14,11,2,0,0,13,5,0,18,13,5,18
242705,14,11,2,0,0,1,0,0,1,1,0,1
243142,14,11,2,2,5,0,0,7,0,2,5,7
243212,14,11,2,2,3,1,3,5,4,3,6,9
243221,14,11,2,394,724,96,122,1118,218,490,846,1336
243346,14,11,2,1,1,2,1,2,3,3,2,5
243443,14,11,2,1,0,2,0,1,2,3,0,3
243601,14,11,2,2,3,1,1,5,2,3,4,7
243841,14,11,2,1,0,0,0,1,0,1,0,1
245625,14,11,2,1,2,4,1,3,5,5,3,8
247603,14,11,2,0,0,2,0,0,2,2,0,2
248925,14,11,2,19,0,0,0,19,0,19,0,19
262031,14,11,2,0,0,0,1,0,1,0,1,1
363165,14,11,2,0,1,14,0,1,14,14,1,15
363907,14,11,2,0,0,1,1,0,2,1,1,2
363916,14,11,2,0,0,0,2,0,2,0,2,2
364016,14,11,2,0,1,0,3,1,3,0,4,4
364025,14,11,2,0,4,0,4,4,4,0,8,8
365480,14,11,2,1,0,0,0,1,0,1,0,1
366252,14,11,2,12,7,4,1,19,5,16,8,24
366623,14,11,2,0,1,0,0,1,0,0,1,1
375106,14,11,2,1,0,1,0,1,1,2,0,2
375726,14,11,2,3,28,8,1,31,9,11,29,40
377643,14,11,2,0,6,0,0,6,0,0,6,6
384333,14,11,2,0,2,0,1,2,1,0,3,3
395362,14,11,2,0,0,1,0,0,1,1,0,1
399911,14,11,2,1,0,0,0,1,0,1,0,1
404426,14,11,2,0,0,1,0,0,1,1,0,1
414911,14,11,2,0,8,2,0,8,2,2,8,10
419031,14,11,2,0,11,0,0,11,0,0,11,11
420440,14,11,2,0,0,3,4,0,7,3,4,7
420556,14,11,2,0,1,11,10,1,21,11,11,22
423652,14,11,2,1,0,0,0,1,0,1,0,1
430971,14,11,2,0,1,0,0,1,0,0,1,1
433040,14,11,2,0,1,0,0,1,0,0,1,1
433387,14,11,2,7,10,0,0,17,0,7,10,17
434584,14,11,2,1,0,1,0,1,1,2,0,2
437103,14,11,2,0,0,0,3,0,3,0,3,3
441690,14,11,2,0,2,0,1,2,1,0,3,3
444468,14,11,2,0,4,0,1,4,1,0,5,5
445027,14,11,2,1,3,0,0,4,0,1,3,4
451583,14,11,2,0,0,6,0,0,6,6,0,6
455512,14,11,2,0,0,0,4,0,4,0,4,4
457475,14,11,2,0,1,0,0,1,0,0,1,1
457527,14,11,2,0,0,1,0,0,1,1,0,1
460464,14,11,2,0,1,3,0,1,3,3,1,4
461379,14,11,2,0,0,0,1,0,1,0,1,1
461652,14,11,2,0,1,0,0,1,0,0,1,1
475653,14,11,2,0,1,0,0,1,0,0,1,1
475839,14,11,2,0,0,1,2,0,3,1,2,3
479956,14,11,2,0,0,2,0,0,2,2,0,2
480569,14,11,2,0,1,0,0,1,0,0,1,1
481191,14,11,2,1,3,0,0,4,0,1,3,4
482167,14,11,2,0,0,1,0,0,1,1,0,1
483124,14,11,2,0,0,0,1,0,1,0,1,1
483595,14,11,2,0,1,0,2,1,2,0,3,3
485111,14,11,2,0,0,1,1,0,2,1,1,2
485494,14,11,2,1,2,0,0,3,0,1,2,3
485768,14,11,2,1,0,0,0,1,0,1,0,1
487861,14,11,2,0,10,0,0,10,0,0,10,10
490258,14,11,2,0,1,0,0,1,0,0,1,1
490416,14,11,2,1,0,0,0,1,0,1,0,1
490805,14,11,2,0,0,0,3,0,3,0,3,3
491598,14,11,2,0,1,0,0,1,0,0,1,1
492962,14,11,2,0,0,1,1,0,2,1,1,2
493804,14,11,2,4,2,0,0,6,0,4,2,6
493831,14,11,2,2,0,0,0,2,0,2,0,2
498562,14,11,2,0,0,1,0,0,1,1,0,1
101189,14,11,5,0,0,2,0,0,2,2,0,2
101587,14,11,5,19,79,1,20,98,21,20,99,119
102234,14,11,5,1,0,0,0,1,0,1,0,1
102377,14,11,5,4,6,0,0,10,0,4,6,10
106263,14,11,5,0,8,0,4,8,4,0,12,12
108232,14,11,5,9,20,5,25,29,30,14,45,59
109785,14,11,5,6,49,38,138,55,176,44,187,231
110316,14,11,5,1,1,0,1,2,1,1,2,3
112075,14,11,5,1,0,0,0,1,0,1,0,1
112251,14,11,5,0,0,0,1,0,1,0,1,1
113698,14,11,5,1,0,0,0,1,0,1,0,1
114813,14,11,5,0,3,2,5,3,7,2,8,10
115083,14,11,5,80,38,0,7,118,7,80,45,125
116846,14,11,5,1,0,0,0,1,0,1,0,1
119058,14,11,5,0,0,0,1,0,1,0,1,1
120184,14,11,5,0,0,1,4,0,5,1,4,5
123457,14,11,5,1,1,0,0,2,0,1,1,2
123952,14,11,5,1,0,0,0,1,0,1,0,1
125231,14,11,5,7,1,2,1,8,3,9,2,11
125763,14,11,5,0,0,1,0,0,1,1,0,1
127918,14,11,5,0,0,0,1,0,1,0,1,1
128780,14,11,5,0,0,0,1,0,1,0,1,1
130183,14,11,5,0,1,0,0,1,0,0,1,1
130226,14,11,5,0,0,0,1,0,1,0,1,1
130794,14,11,5,0,0,0,1,0,1,0,1,1
131113,14,11,5,0,0,2,0,0,2,2,0,2
131469,14,11,5,0,0,0,1,0,1,0,1,1
131496,14,11,5,1,0,2,1,1,3,3,1,4
131520,14,11,5,0,0,0,1,0,1,0,1,1
132471,14,11,5,0,1,1,0,1,1,1,1,2
133881,14,11,5,0,0,1,0,0,1,1,0,1
137351,14,11,5,0,5,0,1,5,1,0,6,6
137546,14,11,5,0,0,1,0,0,1,1,0,1
137564,14,11,5,0,3,0,0,3,0,0,3,3
138354,14,11,5,0,0,69,219,0,288,69,219,288
140562,14,11,5,0,0,0,1,0,1,0,1,1
142832,14,11,5,2,4,1,12,6,13,3,16,19
144962,14,11,5,0,0,0,1,0,1,0,1,1
145372,14,11,5,0,0,0,4,0,4,0,4,4
145558,14,11,5,0,0,0,1,0,1,0,1,1
145886,14,11,5,1,0,1,0,1,1,2,0,2
146481,14,11,5,0,0,0,1,0,1,0,1,1
147369,14,11,5,1,0,4,2,1,6,5,2,7
147536,14,11,5,1,0,0,1,1,1,1,1,2
147679,14,11,5,0,0,4,0,0,4,4,0,4
147776,14,11,5,0,0,1,4,0,5,1,4,5
147828,14,11,5,0,0,0,1,0,1,0,1,1
148131,14,11,5,0,0,1,0,0,1,1,0,1
148627,14,11,5,0,0,0,1,0,1,0,1,1
150163,14,11,5,0,0,0,1,0,1,0,1,1
150941,14,11,5,0,0,7,0,0,7,7,0,7
151324,14,11,5,0,0,1,2,0,3,1,2,3
151777,14,11,5,1,0,0,0,1,0,1,0,1
152600,14,11,5,0,0,4,4,0,8,4,4,8
153001,14,11,5,0,0,1,0,0,1,1,0,1
153162,14,11,5,1,0,0,0,1,0,1,0,1
153250,14,11,5,1,2,0,0,3,0,1,2,3
154004,14,11,5,0,0,1,1,0,2,1,1,2
154013,14,11,5,1,3,2,0,4,2,3,3,6
155025,14,11,5,0,0,3,1,0,4,3,1,4
155317,14,11,5,0,0,1,0,0,1,1,0,1
155973,14,11,5,0,0,0,2,0,2,0,2,2
159656,14,11,5,0,0,0,1,0,1,0,1,1
161572,14,11,5,0,10,0,13,10,13,0,23,23
161873,14,11,5,0,1,2,3,1,5,2,4,6
162654,14,11,5,0,0,0,5,0,5,0,5,5
163204,14,11,5,0,0,5,6,0,11,5,6,11
163259,14,11,5,0,0,1,4,0,5,1,4,5
163453,14,11,5,0,100,0,0,100,0,0,100,100
163578,14,11,5,0,0,0,2,0,2,0,2,2
164085,14,11,5,0,0,0,8,0,8,0,8,8
164632,14,11,5,0,1,0,5,1,5,0,6,6
165167,14,11,5,0,0,1,4,0,5,1,4,5
165334,14,11,5,0,2,2,1,2,3,2,3,5
165671,14,11,5,0,0,0,2,0,2,0,2,2
165820,14,11,5,0,0,1,1,0,2,1,1,2
165936,14,11,5,0,1,1,2,1,3,1,3,4
165945,14,11,5,4,3,45,20,7,65,49,23,72
166027,14,11,5,0,0,1,0,0,1,1,0,1
166391,14,11,5,0,0,1,2,0,3,1,2,3
166850,14,11,5,1,0,0,0,1,0,1,0,1
167394,14,11,5,0,0,1,2,0,3,1,2,3
167598,14,11,5,0,1,0,3,1,3,0,4,4
167729,14,11,5,0,0,2,1,0,3,2,1,3
167783,14,11,5,0,0,0,2,0,2,0,2,2
168227,14,11,5,0,0,0,2,0,2,0,2,2
168430,14,11,5,1,0,1,1,1,2,2,1,3
169424,14,11,5,1,0,0,0,1,0,1,0,1
170082,14,11,5,1,0,0,1,1,1,1,1,2
170806,14,11,5,0,0,1,1,0,2,1,1,2
173160,14,11,5,2,0,1,0,2,1,3,0,3
173300,14,11,5,0,0,0,1,0,1,0,1,1
173683,14,11,5,0,0,1,3,0,4,1,3,4
174066,14,11,5,0,1,0,0,1,0,0,1,1
176451,14,11,5,1,1,5,5,2,10,6,6,12
176600,14,11,5,0,0,0,1,0,1,0,1,1
176965,14,11,5,1,3,1,2,4,3,2,5,7
177038,14,11,5,36,5,0,0,41,0,36,5,41
177940,14,11,5,0,1,4,5,1,9,4,6,10
178059,14,11,5,0,0,0,1,0,1,0,1,1
178369,14,11,5,0,0,0,1,0,1,0,1,1
178624,14,11,5,0,0,0,2,0,2,0,2,2
179326,14,11,5,0,0,2,0,0,2,2,0,2
179894,14,11,5,0,0,23,29,0,52,23,29,52
182980,14,11,5,4,2,0,1,6,1,4,3,7
183026,14,11,5,0,0,1,3,0,4,1,3,4
183257,14,11,5,0,1,1,3,1,4,1,4,5
183910,14,11,5,0,0,0,1,0,1,0,1,1
184603,14,11,5,0,1,1,6,1,7,1,7,8
185758,14,11,5,0,0,0,1,0,1,0,1,1
186867,14,11,5,0,0,1,0,0,1,1,0,1
190372,14,11,5,0,0,1,0,0,1,1,0,1
190761,14,11,5,1,1,3,0,2,3,4,1,5
191649,14,11,5,0,41,0,0,41,0,0,41,41
192448,14,11,5,0,0,0,1,0,1,0,1,1
192749,14,11,5,0,0,0,1,0,1,0,1,1
193830,14,11,5,0,0,0,3,0,3,0,3,3
195128,14,11,5,0,1,0,0,1,0,0,1,1
196079,14,11,5,0,0,0,6,0,6,0,6,6
196884,14,11,5,0,0,0,1,0,1,0,1,1
197708,14,11,5,2,0,0,1,2,1,2,1,3
198516,14,11,5,1,0,0,0,1,0,1,0,1
198835,14,11,5,0,11,0,0,11,0,0,11,11
198969,14,11,5,0,1,0,0,1,0,0,1,1
199971,14,11,5,0,1,0,0,1,0,0,1,1
200697,14,11,5,3,0,0,0,3,0,3,0,3
201195,14,11,5,0,1,0,0,1,0,0,1,1
202170,14,11,5,0,1,0,0,1,0,0,1,1
203067,14,11,5,0,1,0,1,1,1,0,2,2
203368,14,11,5,0,0,1,0,0,1,1,0,1
204936,14,11,5,0,0,1,3,0,4,1,3,4
206862,14,11,5,11,10,17,0,21,17,28,10,38
210739,14,11,5,0,1,0,1,1,1,0,2,2
211352,14,11,5,0,1,0,23,1,23,0,24,24
211440,14,11,5,0,0,0,1,0,1,0,1,1
212133,14,11,5,1,1,7,7,2,14,8,8,16
212771,14,11,5,0,0,0,1,0,1,0,1,1
212805,14,11,5,0,0,4,1,0,5,4,1,5
213011,14,11,5,1,0,0,1,1,1,1,1,2
213321,14,11,5,0,0,0,4,0,4,0,4,4
213507,14,11,5,0,0,0,1,0,1,0,1,1
214883,14,11,5,0,0,0,1,0,1,0,1,1
215123,14,11,5,0,10,0,0,10,0,0,10,10
215293,14,11,5,0,0,6,1,0,7,6,1,7
215655,14,11,5,1,0,0,3,1,3,1,3,4
216931,14,11,5,0,0,0,1,0,1,0,1,1
217165,14,11,5,0,0,1,1,0,2,1,1,2
217925,14,11,5,0,1,1,2,1,3,1,3,4
217934,14,11,5,0,0,0,3,0,3,0,3,3
218441,14,11,5,0,2,1,0,2,1,1,2,3
218539,14,11,5,2,8,0,0,10,0,2,8,10
219204,14,11,5,0,2,0,0,2,0,0,2,2
227216,14,11,5,370,402,0,0,772,0,370,402,772
228653,14,11,5,0,0,18,72,0,90,18,72,90
228802,14,11,5,0,0,1,4,0,5,1,4,5
230728,14,11,5,0,2,0,0,2,0,0,2,2
231059,14,11,5,0,0,0,4,0,4,0,4,4
231174,14,11,5,0,0,0,1,0,1,0,1,1
232186,14,11,5,0,1,5,0,1,5,5,1,6
232557,14,11,5,17,31,91,189,48,280,108,220,328
233541,14,11,5,0,0,0,2,0,2,0,2,2
235097,14,11,5,2,4,1,3,6,4,3,7,10
235547,14,11,5,1,1,0,0,2,0,1,1,2
236595,14,11,5,0,0,5,9,0,14,5,9,14
238458,14,11,5,0,0,2,1,0,3,2,1,3
241331,14,11,5,0,0,0,1,0,1,0,1,1
241377,14,11,5,0,4,0,2,4,2,0,6,6
241386,14,11,5,1,0,0,1,1,1,1,1,2
243221,14,11,5,52,36,34,54,88,88,86,90,176
243443,14,11,5,0,1,4,2,1,6,4,3,7
243577,14,11,5,0,0,2,1,0,3,2,1,3
243601,14,11,5,1,1,0,0,2,0,1,1,2
363916,14,11,5,0,0,0,1,0,1,0,1,1
366003,14,11,5,0,1,0,0,1,0,0,1,1
366252,14,11,5,0,2,0,0,2,0,0,2,2
385415,14,11,5,0,0,2,1,0,3,2,1,3
409254,14,11,5,0,0,0,4,0,4,0,4,4
420246,14,11,5,1,0,0,0,1,0,1,0,1
433387,14,11,5,4,4,0,0,8,0,4,4,8
443049,14,11,5,0,1,2,0,1,2,2,1,3
445027,14,11,5,45,103,0,0,148,0,45,103,148
445267,14,11,5,0,0,1,0,0,1,1,0,1
449889,14,11,5,12,26,0,0,38,0,12,26,38
449922,14,11,5,0,2,0,0,2,0,0,2,2
479956,14,11,5,0,0,0,2,0,2,0,2,2
480569,14,11,5,0,0,1,0,0,1,1,0,1
483124,14,11,5,0,0,1,0,0,1,1,0,1
487524,14,11,5,0,0,0,1,0,1,0,1,1
489335,14,11,5,0,0,4,3,0,7,4,3,7
496043,14,11,5,24,36,0,0,60,0,24,36,60
